F1 for AiM
Racer,Max Verstappen
Vehicle,Red Bull Racing
Track,Autodromo Enzo e Dino Ferrari
Championship,Season 2024
Car_data
Date,RPM,Speed,nGear,Throttle,Brake,DRS,Source,Time,SessionTime
2024-05-19 13:03:16.675,10088,0,1,15,True,1,car,0 days 00:00:00.081000,0 days 00:55:36.689000
2024-05-19 13:03:16.875,10059,0,1,15,True,1,car,0 days 00:00:00.281000,0 days 00:55:36.889000
2024-05-19 13:03:17.275,7539,6,1,16,False,1,car,0 days 00:00:00.681000,0 days 00:55:37.289000
2024-05-19 13:03:17.675,4739,20,1,20,False,1,car,0 days 00:00:01.081000,0 days 00:55:37.689000
2024-05-19 13:03:18.115,4639,38,1,36,False,1,car,0 days 00:00:01.521000,0 days 00:55:38.129000
2024-05-19 13:03:18.515,7054,53,1,43,False,1,car,0 days 00:00:01.921000,0 days 00:55:38.529000
2024-05-19 13:03:18.955,8392,68,1,62,False,1,car,0 days 00:00:02.361000,0 days 00:55:38.969000
2024-05-19 13:03:19.195,9322,81,1,70,False,1,car,0 days 00:00:02.601000,0 days 00:55:39.209000
2024-05-19 13:03:19.395,10722,90,1,78,False,1,car,0 days 00:00:02.801000,0 days 00:55:39.409000
2024-05-19 13:03:19.756,10413,103,2,88,False,1,car,0 days 00:00:03.162000,0 days 00:55:39.770000
2024-05-19 13:03:19.996,10971,116,2,91,False,1,car,0 days 00:00:03.402000,0 days 00:55:40.010000
2024-05-19 13:03:20.356,10215,126,2,100,False,1,car,0 days 00:00:03.762000,0 days 00:55:40.370000
2024-05-19 13:03:21.236,10378,172,4,100,False,1,car,0 days 00:00:04.642000,0 days 00:55:41.250000
2024-05-19 13:03:21.516,11215,184,4,100,False,1,car,0 days 00:00:04.922000,0 days 00:55:41.530000
2024-05-19 13:03:21.836,11432,194,4,100,False,1,car,0 days 00:00:05.242000,0 days 00:55:41.850000
2024-05-19 13:03:21.996,10452,200,4,100,False,1,car,0 days 00:00:05.402000,0 days 00:55:42.010000
2024-05-19 13:03:22.315,10399,205,5,100,False,1,car,0 days 00:00:05.721000,0 days 00:55:42.329000
2024-05-19 13:03:22.515,10399,205,5,100,False,1,car,0 days 00:00:05.921000,0 days 00:55:42.529000
2024-05-19 13:03:22.715,10399,211,5,100,False,1,car,0 days 00:00:06.121000,0 days 00:55:42.729000
2024-05-19 13:03:23.155,11187,216,5,100,False,1,car,0 days 00:00:06.561000,0 days 00:55:43.169000
2024-05-19 13:03:23.355,11187,216,5,100,False,1,car,0 days 00:00:06.761000,0 days 00:55:43.369000
2024-05-19 13:03:23.555,11187,228,5,100,False,1,car,0 days 00:00:06.961000,0 days 00:55:43.569000
2024-05-19 13:03:23.715,11491,228,5,100,False,1,car,0 days 00:00:07.121000,0 days 00:55:43.729000
2024-05-19 13:03:23.915,10885,240,5,100,False,1,car,0 days 00:00:07.321000,0 days 00:55:43.929000
2024-05-19 13:03:24.115,11027,243,6,100,False,1,car,0 days 00:00:07.521000,0 days 00:55:44.129000
2024-05-19 13:03:24.395,11274,251,6,100,False,1,car,0 days 00:00:07.801000,0 days 00:55:44.409000
2024-05-19 13:03:24.675,11407,254,6,100,False,1,car,0 days 00:00:08.081000,0 days 00:55:44.689000
2024-05-19 13:03:24.875,11545,257,6,100,False,1,car,0 days 00:00:08.281000,0 days 00:55:44.889000
2024-05-19 13:03:25.075,11398,261,6,100,False,1,car,0 days 00:00:08.481000,0 days 00:55:45.089000
2024-05-19 13:03:25.355,10587,263,7,100,False,1,car,0 days 00:00:08.761000,0 days 00:55:45.369000
2024-05-19 13:03:25.555,10682,267,7,100,False,1,car,0 days 00:00:08.961000,0 days 00:55:45.569000
2024-05-19 13:03:26.035,10853,273,7,100,False,1,car,0 days 00:00:09.441000,0 days 00:55:46.049000
2024-05-19 13:03:26.196,10879,275,7,100,False,1,car,0 days 00:00:09.602000,0 days 00:55:46.210000
2024-05-19 13:03:26.436,11044,277,7,100,False,1,car,0 days 00:00:09.842000,0 days 00:55:46.450000
2024-05-19 13:03:26.636,11047,279,7,100,False,1,car,0 days 00:00:10.042000,0 days 00:55:46.650000
2024-05-19 13:03:26.916,11161,282,7,100,False,1,car,0 days 00:00:10.322000,0 days 00:55:46.930000
2024-05-19 13:03:27.156,11169,284,7,100,False,1,car,0 days 00:00:10.562000,0 days 00:55:47.170000
2024-05-19 13:03:27.436,11383,286,7,100,False,1,car,0 days 00:00:10.842000,0 days 00:55:47.450000
2024-05-19 13:03:27.676,11386,287,7,100,False,1,car,0 days 00:00:11.082000,0 days 00:55:47.690000
2024-05-19 13:03:27.836,11386,289,7,100,False,1,car,0 days 00:00:11.242000,0 days 00:55:47.850000
2024-05-19 13:03:27.996,11451,290,7,100,False,1,car,0 days 00:00:11.402000,0 days 00:55:48.010000
2024-05-19 13:03:28.196,11226,290,7,100,False,1,car,0 days 00:00:11.602000,0 days 00:55:48.210000
2024-05-19 13:03:28.396,11532,288,7,0,True,1,car,0 days 00:00:11.802000,0 days 00:55:48.410000
2024-05-19 13:03:28.636,10132,261,7,0,True,1,car,0 days 00:00:12.042000,0 days 00:55:48.650000
2024-05-19 13:03:28.876,9890,241,7,0,True,1,car,0 days 00:00:12.282000,0 days 00:55:48.890000
2024-05-19 13:03:29.235,10640,205,7,0,True,1,car,0 days 00:00:12.641000,0 days 00:55:49.249000
2024-05-19 13:03:29.435,10416,189,5,0,True,1,car,0 days 00:00:12.841000,0 days 00:55:49.449000
2024-05-19 13:03:29.715,9878,168,4,0,True,1,car,0 days 00:00:13.121000,0 days 00:55:49.729000
2024-05-19 13:03:29.995,9064,157,4,0,True,1,car,0 days 00:00:13.401000,0 days 00:55:50.009000
2024-05-19 13:03:30.235,8958,152,4,3,True,1,car,0 days 00:00:13.641000,0 days 00:55:50.249000
2024-05-19 13:03:30.555,8843,149,4,31,False,1,car,0 days 00:00:13.961000,0 days 00:55:50.569000
2024-05-19 13:03:30.915,9007,145,4,60,False,1,car,0 days 00:00:14.321000,0 days 00:55:50.929000
2024-05-19 13:03:31.235,9463,153,4,91,False,1,car,0 days 00:00:14.641000,0 days 00:55:51.249000
2024-05-19 13:03:31.475,9777,161,4,35,False,1,car,0 days 00:00:14.881000,0 days 00:55:51.489000
2024-05-19 13:03:31.835,10014,160,4,61,False,1,car,0 days 00:00:15.241000,0 days 00:55:51.849000
2024-05-19 13:03:32.155,10368,166,4,81,False,1,car,0 days 00:00:15.561000,0 days 00:55:52.169000
2024-05-19 13:03:32.555,11276,178,4,100,False,1,car,0 days 00:00:15.961000,0 days 00:55:52.569000
2024-05-19 13:03:32.756,11486,184,4,100,False,1,car,0 days 00:00:16.162000,0 days 00:55:52.770000
2024-05-19 13:03:32.956,11341,190,4,100,False,1,car,0 days 00:00:16.362000,0 days 00:55:52.970000
2024-05-19 13:03:33.316,10353,199,5,100,False,1,car,0 days 00:00:16.722000,0 days 00:55:53.330000
2024-05-19 13:03:33.596,10946,211,5,100,False,1,car,0 days 00:00:17.002000,0 days 00:55:53.610000
2024-05-19 13:03:33.796,11162,216,5,100,False,1,car,0 days 00:00:17.202000,0 days 00:55:53.810000
2024-05-19 13:03:34.036,11235,217,5,100,False,1,car,0 days 00:00:17.442000,0 days 00:55:54.050000
2024-05-19 13:03:34.436,11293,226,5,100,False,1,car,0 days 00:00:17.842000,0 days 00:55:54.450000
2024-05-19 13:03:34.716,10591,230,5,100,False,1,car,0 days 00:00:18.122000,0 days 00:55:54.730000
2024-05-19 13:03:34.996,10729,237,6,100,False,1,car,0 days 00:00:18.402000,0 days 00:55:55.010000
2024-05-19 13:03:35.196,10876,241,6,100,False,1,car,0 days 00:00:18.602000,0 days 00:55:55.210000
2024-05-19 13:03:35.636,11242,248,6,100,False,1,car,0 days 00:00:19.042000,0 days 00:55:55.650000
2024-05-19 13:03:35.875,11340,248,6,100,False,1,car,0 days 00:00:19.281000,0 days 00:55:55.889000
2024-05-19 13:03:36.075,11464,255,6,100,False,1,car,0 days 00:00:19.481000,0 days 00:55:56.089000
2024-05-19 13:03:36.235,11515,257,6,100,False,1,car,0 days 00:00:19.641000,0 days 00:55:56.249000
2024-05-19 13:03:36.515,10297,262,6,100,False,1,car,0 days 00:00:19.921000,0 days 00:55:56.529000
2024-05-19 13:03:36.715,10563,265,7,100,False,1,car,0 days 00:00:20.121000,0 days 00:55:56.729000
2024-05-19 13:03:37.115,10715,270,7,100,False,1,car,0 days 00:00:20.521000,0 days 00:55:57.129000
2024-05-19 13:03:37.475,10946,273,7,100,False,1,car,0 days 00:00:20.881000,0 days 00:55:57.489000
2024-05-19 13:03:37.675,10976,275,7,100,False,1,car,0 days 00:00:21.081000,0 days 00:55:57.689000
2024-05-19 13:03:37.875,11032,278,7,100,False,1,car,0 days 00:00:21.281000,0 days 00:55:57.889000
2024-05-19 13:03:38.355,11252,282,7,100,False,1,car,0 days 00:00:21.761000,0 days 00:55:58.369000
2024-05-19 13:03:38.595,11224,285,7,100,False,1,car,0 days 00:00:22.001000,0 days 00:55:58.609000
2024-05-19 13:03:38.795,11323,286,7,89,False,1,car,0 days 00:00:22.201000,0 days 00:55:58.809000
2024-05-19 13:03:38.995,10894,284,7,0,False,1,car,0 days 00:00:22.401000,0 days 00:55:59.009000
2024-05-19 13:03:39.195,10784,276,7,0,True,1,car,0 days 00:00:22.601000,0 days 00:55:59.209000
2024-05-19 13:03:39.556,9663,255,7,0,True,1,car,0 days 00:00:22.962000,0 days 00:55:59.570000
2024-05-19 13:03:39.716,9493,243,7,0,True,1,car,0 days 00:00:23.122000,0 days 00:55:59.730000
2024-05-19 13:03:39.956,9633,234,7,0,True,1,car,0 days 00:00:23.362000,0 days 00:55:59.970000
2024-05-19 13:03:40.356,10579,222,6,0,True,1,car,0 days 00:00:23.762000,0 days 00:56:00.370000
2024-05-19 13:03:40.716,10336,213,5,0,True,1,car,0 days 00:00:24.122000,0 days 00:56:00.730000
2024-05-19 13:03:40.956,9729,197,5,0,True,1,car,0 days 00:00:24.362000,0 days 00:56:00.970000
2024-05-19 13:03:41.196,9063,187,5,0,True,1,car,0 days 00:00:24.602000,0 days 00:56:01.210000
2024-05-19 13:03:41.476,9033,176,5,0,True,1,car,0 days 00:00:24.882000,0 days 00:56:01.490000
2024-05-19 13:03:41.636,10062,170,5,0,True,1,car,0 days 00:00:25.042000,0 days 00:56:01.650000
2024-05-19 13:03:41.956,9846,163,4,35,False,1,car,0 days 00:00:25.362000,0 days 00:56:01.970000
2024-05-19 13:03:42.156,9940,161,4,52,False,1,car,0 days 00:00:25.562000,0 days 00:56:02.170000
2024-05-19 13:03:42.316,10008,163,4,55,False,1,car,0 days 00:00:25.722000,0 days 00:56:02.330000
2024-05-19 13:03:42.595,10287,166,4,78,False,1,car,0 days 00:00:26.001000,0 days 00:56:02.609000
2024-05-19 13:03:42.915,10746,170,4,100,False,1,car,0 days 00:00:26.321000,0 days 00:56:02.929000
2024-05-19 13:03:43.155,11176,176,4,100,False,1,car,0 days 00:00:26.561000,0 days 00:56:03.169000
2024-05-19 13:03:43.395,11519,186,4,100,False,1,car,0 days 00:00:26.801000,0 days 00:56:03.409000
2024-05-19 13:03:43.635,12222,195,4,100,False,1,car,0 days 00:00:27.041000,0 days 00:56:03.649000
2024-05-19 13:03:43.995,10678,203,5,100,False,1,car,0 days 00:00:27.401000,0 days 00:56:04.009000
2024-05-19 13:03:44.275,11053,212,5,100,False,1,car,0 days 00:00:27.681000,0 days 00:56:04.289000
2024-05-19 13:03:44.555,11322,220,5,100,False,1,car,0 days 00:00:27.961000,0 days 00:56:04.569000
2024-05-19 13:03:44.715,11468,224,5,100,False,1,car,0 days 00:00:28.121000,0 days 00:56:04.729000
2024-05-19 13:03:45.075,11685,229,5,100,False,1,car,0 days 00:00:28.481000,0 days 00:56:05.089000
2024-05-19 13:03:45.275,11538,231,5,0,False,1,car,0 days 00:00:28.681000,0 days 00:56:05.289000
2024-05-19 13:03:45.635,10661,214,5,0,True,1,car,0 days 00:00:29.041000,0 days 00:56:05.649000
2024-05-19 13:03:45.795,10335,196,5,0,True,1,car,0 days 00:00:29.201000,0 days 00:56:05.809000
2024-05-19 13:03:46.036,10132,179,5,0,True,1,car,0 days 00:00:29.442000,0 days 00:56:06.050000
2024-05-19 13:03:46.316,10115,157,5,0,True,1,car,0 days 00:00:29.722000,0 days 00:56:06.330000
2024-05-19 13:03:46.556,10045,145,3,0,True,1,car,0 days 00:00:29.962000,0 days 00:56:06.570000
2024-05-19 13:03:46.756,9716,136,3,0,True,1,car,0 days 00:00:30.162000,0 days 00:56:06.770000
2024-05-19 13:03:47.076,8513,125,3,0,True,1,car,0 days 00:00:30.482000,0 days 00:56:07.090000
2024-05-19 13:03:47.236,8225,118,3,0,True,1,car,0 days 00:00:30.642000,0 days 00:56:07.250000
2024-05-19 13:03:47.516,7817,111,3,0,True,1,car,0 days 00:00:30.922000,0 days 00:56:07.530000
2024-05-19 13:03:47.756,7333,107,3,0,False,1,car,0 days 00:00:31.162000,0 days 00:56:07.770000
2024-05-19 13:03:48.036,7232,102,3,3,False,1,car,0 days 00:00:31.442000,0 days 00:56:08.050000
2024-05-19 13:03:48.236,7498,99,3,25,False,1,car,0 days 00:00:31.642000,0 days 00:56:08.250000
2024-05-19 13:03:48.516,7545,101,3,32,False,1,car,0 days 00:00:31.922000,0 days 00:56:08.530000
2024-05-19 13:03:48.756,7912,103,3,45,False,1,car,0 days 00:00:32.162000,0 days 00:56:08.770000
2024-05-19 13:03:49.076,8353,108,3,60,False,1,car,0 days 00:00:32.482000,0 days 00:56:09.090000
2024-05-19 13:03:49.315,8835,115,3,68,False,1,car,0 days 00:00:32.721000,0 days 00:56:09.329000
2024-05-19 13:03:49.515,9213,121,3,76,False,1,car,0 days 00:00:32.921000,0 days 00:56:09.529000
2024-05-19 13:03:49.835,9867,132,3,89,False,1,car,0 days 00:00:33.241000,0 days 00:56:09.849000
2024-05-19 13:03:50.075,10982,141,3,100,False,1,car,0 days 00:00:33.481000,0 days 00:56:10.089000
2024-05-19 13:03:50.275,11366,150,3,100,False,1,car,0 days 00:00:33.681000,0 days 00:56:10.289000
2024-05-19 13:03:50.515,10503,162,3,100,False,1,car,0 days 00:00:33.921000,0 days 00:56:10.529000
2024-05-19 13:03:50.755,10819,170,4,100,False,1,car,0 days 00:00:34.161000,0 days 00:56:10.769000
2024-05-19 13:03:51.155,11469,184,4,100,False,1,car,0 days 00:00:34.561000,0 days 00:56:11.169000
2024-05-19 13:03:51.435,11746,194,4,100,False,1,car,0 days 00:00:34.841000,0 days 00:56:11.449000
2024-05-19 13:03:51.755,10666,203,5,100,False,1,car,0 days 00:00:35.161000,0 days 00:56:11.769000
2024-05-19 13:03:51.955,10939,209,5,100,False,1,car,0 days 00:00:35.361000,0 days 00:56:11.969000
2024-05-19 13:03:52.235,11157,214,5,100,False,1,car,0 days 00:00:35.641000,0 days 00:56:12.249000
2024-05-19 13:03:52.435,11429,222,5,100,False,1,car,0 days 00:00:35.841000,0 days 00:56:12.449000
2024-05-19 13:03:52.756,11815,228,5,100,False,1,car,0 days 00:00:36.162000,0 days 00:56:12.770000
2024-05-19 13:03:53.076,10578,235,6,100,False,1,car,0 days 00:00:36.482000,0 days 00:56:13.090000
2024-05-19 13:03:53.276,10846,238,6,100,False,1,car,0 days 00:00:36.682000,0 days 00:56:13.290000
2024-05-19 13:03:53.436,10888,242,6,100,False,1,car,0 days 00:00:36.842000,0 days 00:56:13.450000
2024-05-19 13:03:53.636,11027,246,6,100,False,1,car,0 days 00:00:37.042000,0 days 00:56:13.650000
2024-05-19 13:03:54.076,11303,251,6,100,False,1,car,0 days 00:00:37.482000,0 days 00:56:14.090000
2024-05-19 13:03:54.396,11497,256,6,100,False,1,car,0 days 00:00:37.802000,0 days 00:56:14.410000
2024-05-19 13:03:54.596,11475,258,6,100,False,1,car,0 days 00:00:38.002000,0 days 00:56:14.610000
2024-05-19 13:03:54.956,11310,260,6,100,False,1,car,0 days 00:00:38.362000,0 days 00:56:14.970000
2024-05-19 13:03:55.316,10395,262,7,100,False,1,car,0 days 00:00:38.722000,0 days 00:56:15.330000
2024-05-19 13:03:55.556,10465,263,7,100,False,1,car,0 days 00:00:38.962000,0 days 00:56:15.570000
2024-05-19 13:03:55.716,10453,264,7,100,False,1,car,0 days 00:00:39.122000,0 days 00:56:15.730000
2024-05-19 13:03:55.995,10514,264,7,100,False,1,car,0 days 00:00:39.401000,0 days 00:56:16.009000
2024-05-19 13:03:56.155,10562,264,7,100,False,1,car,0 days 00:00:39.561000,0 days 00:56:16.169000
2024-05-19 13:03:56.515,10608,267,7,100,False,1,car,0 days 00:00:39.921000,0 days 00:56:16.529000
2024-05-19 13:03:56.755,10686,268,7,100,False,1,car,0 days 00:00:40.161000,0 days 00:56:16.769000
2024-05-19 13:03:56.995,10678,269,7,62,False,1,car,0 days 00:00:40.401000,0 days 00:56:17.009000
2024-05-19 13:03:57.235,10324,266,7,0,True,1,car,0 days 00:00:40.641000,0 days 00:56:17.249000
2024-05-19 13:03:57.395,9901,254,7,0,True,1,car,0 days 00:00:40.801000,0 days 00:56:17.409000
2024-05-19 13:03:57.835,9821,225,7,0,True,1,car,0 days 00:00:41.241000,0 days 00:56:17.849000
2024-05-19 13:03:57.995,10241,216,6,0,True,1,car,0 days 00:00:41.401000,0 days 00:56:18.009000
2024-05-19 13:03:58.155,10490,212,6,0,True,1,car,0 days 00:00:41.561000,0 days 00:56:18.169000
2024-05-19 13:03:58.395,10242,204,5,1,True,1,car,0 days 00:00:41.801000,0 days 00:56:18.409000
2024-05-19 13:03:58.755,10238,198,5,72,False,1,car,0 days 00:00:42.161000,0 days 00:56:18.769000
2024-05-19 13:03:59.036,10287,199,5,76,False,1,car,0 days 00:00:42.442000,0 days 00:56:19.050000
2024-05-19 13:03:59.196,10506,201,5,89,False,1,car,0 days 00:00:42.602000,0 days 00:56:19.210000
2024-05-19 13:03:59.356,10622,203,5,97,False,1,car,0 days 00:00:42.762000,0 days 00:56:19.370000
2024-05-19 13:03:59.596,10900,209,5,100,False,1,car,0 days 00:00:43.002000,0 days 00:56:19.610000
2024-05-19 13:03:59.996,11278,219,5,100,False,1,car,0 days 00:00:43.402000,0 days 00:56:20.010000
2024-05-19 13:04:00.276,11673,224,5,100,False,1,car,0 days 00:00:43.682000,0 days 00:56:20.290000
2024-05-19 13:04:00.436,10973,227,5,100,False,1,car,0 days 00:00:43.842000,0 days 00:56:20.450000
2024-05-19 13:04:00.916,10753,238,6,100,False,1,car,0 days 00:00:44.322000,0 days 00:56:20.930000
2024-05-19 13:04:01.316,11058,245,6,100,False,1,car,0 days 00:00:44.722000,0 days 00:56:21.330000
2024-05-19 13:04:01.476,11153,247,6,100,False,1,car,0 days 00:00:44.882000,0 days 00:56:21.490000
2024-05-19 13:04:01.956,11397,255,6,100,False,1,car,0 days 00:00:45.362000,0 days 00:56:21.970000
2024-05-19 13:04:02.156,11484,255,6,100,False,1,car,0 days 00:00:45.562000,0 days 00:56:22.170000
2024-05-19 13:04:02.516,10830,263,6,100,False,1,car,0 days 00:00:45.922000,0 days 00:56:22.530000
2024-05-19 13:04:02.675,10387,265,7,100,False,1,car,0 days 00:00:46.081000,0 days 00:56:22.689000
2024-05-19 13:04:02.955,10627,267,7,100,False,1,car,0 days 00:00:46.361000,0 days 00:56:22.969000
2024-05-19 13:04:03.235,10753,270,7,100,False,1,car,0 days 00:00:46.641000,0 days 00:56:23.249000
2024-05-19 13:04:03.475,10769,271,7,100,False,1,car,0 days 00:00:46.881000,0 days 00:56:23.489000
2024-05-19 13:04:03.795,10769,270,7,0,True,1,car,0 days 00:00:47.201000,0 days 00:56:23.809000
2024-05-19 13:04:04.195,9873,255,7,0,True,1,car,0 days 00:00:47.601000,0 days 00:56:24.209000
2024-05-19 13:04:04.435,9812,249,7,0,True,1,car,0 days 00:00:47.841000,0 days 00:56:24.449000
2024-05-19 13:04:04.755,9345,242,7,0,False,1,car,0 days 00:00:48.161000,0 days 00:56:24.769000
2024-05-19 13:04:04.995,8872,232,7,0,True,1,car,0 days 00:00:48.401000,0 days 00:56:25.009000
2024-05-19 13:04:05.195,8848,223,7,0,True,1,car,0 days 00:00:48.601000,0 days 00:56:25.209000
2024-05-19 13:04:05.395,9028,209,7,0,True,1,car,0 days 00:00:48.801000,0 days 00:56:25.409000
2024-05-19 13:04:05.595,9344,190,6,0,True,1,car,0 days 00:00:49.001000,0 days 00:56:25.609000
2024-05-19 13:04:05.836,9802,175,6,0,True,1,car,0 days 00:00:49.242000,0 days 00:56:25.850000
2024-05-19 13:04:05.996,9213,161,5,0,True,1,car,0 days 00:00:49.402000,0 days 00:56:26.010000
2024-05-19 13:04:06.396,8429,142,4,0,True,1,car,0 days 00:00:49.802000,0 days 00:56:26.410000
2024-05-19 13:04:06.636,7874,137,4,0,True,1,car,0 days 00:00:50.042000,0 days 00:56:26.650000
2024-05-19 13:04:07.036,7808,128,4,20,False,1,car,0 days 00:00:50.442000,0 days 00:56:27.050000
2024-05-19 13:04:07.276,8089,127,4,46,False,1,car,0 days 00:00:50.682000,0 days 00:56:27.290000
2024-05-19 13:04:07.676,8781,133,4,88,False,1,car,0 days 00:00:51.082000,0 days 00:56:27.690000
2024-05-19 13:04:08.036,9186,144,4,100,False,1,car,0 days 00:00:51.442000,0 days 00:56:28.050000
2024-05-19 13:04:08.316,9718,156,4,100,False,1,car,0 days 00:00:51.722000,0 days 00:56:28.330000
2024-05-19 13:04:08.516,10160,164,4,100,False,1,car,0 days 00:00:51.922000,0 days 00:56:28.530000
2024-05-19 13:04:08.876,10701,169,4,100,False,1,car,0 days 00:00:52.282000,0 days 00:56:28.890000
2024-05-19 13:04:09.036,11124,180,4,100,False,1,car,0 days 00:00:52.442000,0 days 00:56:29.050000
2024-05-19 13:04:09.236,11499,186,4,100,False,1,car,0 days 00:00:52.642000,0 days 00:56:29.250000
2024-05-19 13:04:09.715,10748,196,4,100,False,1,car,0 days 00:00:53.121000,0 days 00:56:29.729000
2024-05-19 13:04:09.875,10576,204,5,100,False,1,car,0 days 00:00:53.281000,0 days 00:56:29.889000
2024-05-19 13:04:10.035,10932,209,5,100,False,1,car,0 days 00:00:53.441000,0 days 00:56:30.049000
2024-05-19 13:04:10.275,11263,214,5,100,False,1,car,0 days 00:00:53.681000,0 days 00:56:30.289000
2024-05-19 13:04:10.475,11447,220,5,100,False,1,car,0 days 00:00:53.881000,0 days 00:56:30.489000
2024-05-19 13:04:10.715,10254,226,5,100,False,1,car,0 days 00:00:54.121000,0 days 00:56:30.729000
2024-05-19 13:04:10.955,10360,230,6,100,False,1,car,0 days 00:00:54.361000,0 days 00:56:30.969000
2024-05-19 13:04:11.235,10635,234,6,100,False,1,car,0 days 00:00:54.641000,0 days 00:56:31.249000
2024-05-19 13:04:11.475,10739,240,6,100,False,1,car,0 days 00:00:54.881000,0 days 00:56:31.489000
2024-05-19 13:04:11.755,10923,245,6,100,False,1,car,0 days 00:00:55.161000,0 days 00:56:31.769000
2024-05-19 13:04:12.115,11137,248,6,100,False,1,car,0 days 00:00:55.521000,0 days 00:56:32.129000
2024-05-19 13:04:12.276,11220,249,6,100,False,1,car,0 days 00:00:55.682000,0 days 00:56:32.290000
2024-05-19 13:04:12.436,11172,251,6,100,False,1,car,0 days 00:00:55.842000,0 days 00:56:32.450000
2024-05-19 13:04:12.636,11207,252,6,100,False,1,car,0 days 00:00:56.042000,0 days 00:56:32.650000
2024-05-19 13:04:12.996,11288,253,6,100,False,1,car,0 days 00:00:56.402000,0 days 00:56:33.010000
2024-05-19 13:04:13.396,10880,249,6,0,False,1,car,0 days 00:00:56.802000,0 days 00:56:33.410000
2024-05-19 13:04:13.596,10610,246,6,0,False,1,car,0 days 00:00:57.002000,0 days 00:56:33.610000
2024-05-19 13:04:13.956,10466,239,6,0,True,1,car,0 days 00:00:57.362000,0 days 00:56:33.970000
2024-05-19 13:04:14.156,10224,237,6,0,True,1,car,0 days 00:00:57.562000,0 days 00:56:34.170000
2024-05-19 13:04:14.316,9413,224,6,0,True,1,car,0 days 00:00:57.722000,0 days 00:56:34.330000
2024-05-19 13:04:14.596,9406,189,6,0,True,1,car,0 days 00:00:58.002000,0 days 00:56:34.610000
2024-05-19 13:04:14.956,9527,166,5,0,True,1,car,0 days 00:00:58.362000,0 days 00:56:34.970000
2024-05-19 13:04:15.236,8576,148,4,0,True,1,car,0 days 00:00:58.642000,0 days 00:56:35.250000
2024-05-19 13:04:15.636,7599,131,4,0,True,1,car,0 days 00:00:59.042000,0 days 00:56:35.650000
2024-05-19 13:04:15.836,7336,125,4,0,True,1,car,0 days 00:00:59.242000,0 days 00:56:35.850000
2024-05-19 13:04:16.115,6998,118,4,0,False,1,car,0 days 00:00:59.521000,0 days 00:56:36.129000
2024-05-19 13:04:16.315,6825,117,4,0,False,1,car,0 days 00:00:59.721000,0 days 00:56:36.329000
2024-05-19 13:04:16.635,7917,111,4,0,True,1,car,0 days 00:01:00.041000,0 days 00:56:36.649000
2024-05-19 13:04:16.955,7391,108,3,0,False,1,car,0 days 00:01:00.361000,0 days 00:56:36.969000
2024-05-19 13:04:17.275,7811,102,3,30,False,1,car,0 days 00:01:00.681000,0 days 00:56:37.289000
2024-05-19 13:04:17.675,8157,105,3,48,False,1,car,0 days 00:01:01.081000,0 days 00:56:37.689000
2024-05-19 13:04:17.955,8403,111,3,68,False,1,car,0 days 00:01:01.361000,0 days 00:56:37.969000
2024-05-19 13:04:18.275,9560,122,3,86,False,1,car,0 days 00:01:01.681000,0 days 00:56:38.289000
2024-05-19 13:04:18.595,10600,139,3,100,False,1,car,0 days 00:01:02.001000,0 days 00:56:38.609000
2024-05-19 13:04:18.916,11449,153,3,100,False,1,car,0 days 00:01:02.322000,0 days 00:56:38.930000
2024-05-19 13:04:19.156,10406,162,3,100,False,1,car,0 days 00:01:02.562000,0 days 00:56:39.170000
2024-05-19 13:04:19.476,10946,174,4,100,False,1,car,0 days 00:01:02.882000,0 days 00:56:39.490000
2024-05-19 13:04:19.756,11442,186,4,100,False,1,car,0 days 00:01:03.162000,0 days 00:56:39.770000
2024-05-19 13:04:20.116,12131,199,4,100,False,1,car,0 days 00:01:03.522000,0 days 00:56:40.130000
2024-05-19 13:04:20.316,10871,205,4,100,False,1,car,0 days 00:01:03.722000,0 days 00:56:40.330000
2024-05-19 13:04:20.556,10991,207,5,100,False,1,car,0 days 00:01:03.962000,0 days 00:56:40.570000
2024-05-19 13:04:20.756,11143,216,5,100,False,1,car,0 days 00:01:04.162000,0 days 00:56:40.770000
2024-05-19 13:04:20.996,11365,223,5,100,False,1,car,0 days 00:01:04.402000,0 days 00:56:41.010000
2024-05-19 13:04:21.236,11681,228,5,100,False,1,car,0 days 00:01:04.642000,0 days 00:56:41.250000
2024-05-19 13:04:21.396,11869,233,5,100,False,1,car,0 days 00:01:04.802000,0 days 00:56:41.410000
2024-05-19 13:04:21.636,11869,236,5,100,False,1,car,0 days 00:01:05.042000,0 days 00:56:41.650000
2024-05-19 13:04:21.956,10976,242,6,100,False,1,car,0 days 00:01:05.362000,0 days 00:56:41.970000
2024-05-19 13:04:22.116,11090,246,6,100,False,1,car,0 days 00:01:05.522000,0 days 00:56:42.130000
2024-05-19 13:04:22.316,11178,249,6,100,False,1,car,0 days 00:01:05.722000,0 days 00:56:42.330000
2024-05-19 13:04:22.636,11410,252,6,100,False,1,car,0 days 00:01:06.042000,0 days 00:56:42.650000
2024-05-19 13:04:22.955,11606,259,6,100,False,1,car,0 days 00:01:06.361000,0 days 00:56:42.969000
2024-05-19 13:04:23.155,11535,260,6,100,False,1,car,0 days 00:01:06.561000,0 days 00:56:43.169000
2024-05-19 13:04:23.435,10272,265,6,100,False,1,car,0 days 00:01:06.841000,0 days 00:56:43.449000
2024-05-19 13:04:23.635,10675,266,7,100,False,1,car,0 days 00:01:07.041000,0 days 00:56:43.649000
2024-05-19 13:04:23.875,10750,269,7,100,False,1,car,0 days 00:01:07.281000,0 days 00:56:43.889000
2024-05-19 13:04:24.035,10866,272,7,100,False,1,car,0 days 00:01:07.441000,0 days 00:56:44.049000
2024-05-19 13:04:24.435,10945,276,7,100,False,1,car,0 days 00:01:07.841000,0 days 00:56:44.449000
2024-05-19 13:04:24.675,11013,278,7,100,False,1,car,0 days 00:01:08.081000,0 days 00:56:44.689000
2024-05-19 13:04:25.115,11099,282,7,100,False,1,car,0 days 00:01:08.521000,0 days 00:56:45.129000
2024-05-19 13:04:25.476,11099,282,7,100,False,1,car,0 days 00:01:08.882000,0 days 00:56:45.490000
2024-05-19 13:04:25.716,11209,284,7,100,False,1,car,0 days 00:01:09.122000,0 days 00:56:45.730000
2024-05-19 13:04:25.916,11238,284,7,100,False,1,car,0 days 00:01:09.322000,0 days 00:56:45.930000
2024-05-19 13:04:26.356,11124,282,7,100,False,1,car,0 days 00:01:09.762000,0 days 00:56:46.370000
2024-05-19 13:04:26.596,11121,281,7,100,False,1,car,0 days 00:01:10.002000,0 days 00:56:46.610000
2024-05-19 13:04:26.796,10710,281,7,0,False,1,car,0 days 00:01:10.202000,0 days 00:56:46.810000
2024-05-19 13:04:26.956,10792,279,7,0,False,1,car,0 days 00:01:10.362000,0 days 00:56:46.970000
2024-05-19 13:04:27.316,10278,265,7,0,False,1,car,0 days 00:01:10.722000,0 days 00:56:47.330000
2024-05-19 13:04:27.556,9349,247,7,0,True,1,car,0 days 00:01:10.962000,0 days 00:56:47.570000
2024-05-19 13:04:27.716,8808,227,7,0,True,1,car,0 days 00:01:11.122000,0 days 00:56:47.730000
2024-05-19 13:04:28.156,10063,189,7,0,True,1,car,0 days 00:01:11.562000,0 days 00:56:48.170000
2024-05-19 13:04:28.436,10694,167,7,0,True,1,car,0 days 00:01:11.842000,0 days 00:56:48.450000
2024-05-19 13:04:28.836,9812,142,5,0,True,1,car,0 days 00:01:12.242000,0 days 00:56:48.850000
2024-05-19 13:04:29.076,9103,132,3,0,True,1,car,0 days 00:01:12.482000,0 days 00:56:49.090000
2024-05-19 13:04:29.276,8710,127,3,0,True,1,car,0 days 00:01:12.682000,0 days 00:56:49.290000
2024-05-19 13:04:29.476,8430,122,3,0,True,1,car,0 days 00:01:12.882000,0 days 00:56:49.490000
2024-05-19 13:04:29.755,8395,118,3,23,False,1,car,0 days 00:01:13.161000,0 days 00:56:49.769000
2024-05-19 13:04:29.915,8556,114,3,23,False,1,car,0 days 00:01:13.321000,0 days 00:56:49.929000
2024-05-19 13:04:30.235,8851,118,3,54,False,1,car,0 days 00:01:13.641000,0 days 00:56:50.249000
2024-05-19 13:04:30.395,9399,120,3,65,False,1,car,0 days 00:01:13.801000,0 days 00:56:50.409000
2024-05-19 13:04:30.595,9765,125,3,77,False,1,car,0 days 00:01:14.001000,0 days 00:56:50.609000
2024-05-19 13:04:30.795,10239,135,3,87,False,1,car,0 days 00:01:14.201000,0 days 00:56:50.809000
2024-05-19 13:04:31.155,11442,149,3,100,False,1,car,0 days 00:01:14.561000,0 days 00:56:51.169000
2024-05-19 13:04:31.515,10443,165,3,100,False,1,car,0 days 00:01:14.921000,0 days 00:56:51.529000
2024-05-19 13:04:31.715,9855,166,4,0,True,1,car,0 days 00:01:15.121000,0 days 00:56:51.729000
2024-05-19 13:04:31.956,9303,160,4,0,True,1,car,0 days 00:01:15.362000,0 days 00:56:51.970000
2024-05-19 13:04:32.356,8753,152,4,0,True,1,car,0 days 00:01:15.762000,0 days 00:56:52.370000
2024-05-19 13:04:32.716,8458,143,4,2,True,1,car,0 days 00:01:16.122000,0 days 00:56:52.730000
2024-05-19 13:04:33.156,8829,142,4,67,False,1,car,0 days 00:01:16.562000,0 days 00:56:53.170000
2024-05-19 13:04:33.356,9221,146,4,73,False,1,car,0 days 00:01:16.762000,0 days 00:56:53.370000
2024-05-19 13:04:33.596,9450,151,4,78,False,1,car,0 days 00:01:17.002000,0 days 00:56:53.610000
2024-05-19 13:04:33.796,10056,157,4,94,False,1,car,0 days 00:01:17.202000,0 days 00:56:53.810000
2024-05-19 13:04:33.956,10393,160,4,100,False,1,car,0 days 00:01:17.362000,0 days 00:56:53.970000
2024-05-19 13:04:34.156,10046,168,4,100,False,1,car,0 days 00:01:17.562000,0 days 00:56:54.170000
2024-05-19 13:04:34.516,11467,184,4,100,False,1,car,0 days 00:01:17.922000,0 days 00:56:54.530000
2024-05-19 13:04:34.796,11322,192,4,100,False,1,car,0 days 00:01:18.202000,0 days 00:56:54.810000
2024-05-19 13:04:35.036,10312,199,4,100,False,1,car,0 days 00:01:18.442000,0 days 00:56:55.050000
2024-05-19 13:04:35.276,10687,205,5,100,False,1,car,0 days 00:01:18.682000,0 days 00:56:55.290000
2024-05-19 13:04:35.636,11186,216,5,100,False,1,car,0 days 00:01:19.042000,0 days 00:56:55.650000
2024-05-19 13:04:35.996,11559,226,5,100,False,1,car,0 days 00:01:19.402000,0 days 00:56:56.010000
2024-05-19 13:04:36.275,10633,230,5,100,False,1,car,0 days 00:01:19.681000,0 days 00:56:56.289000
2024-05-19 13:04:36.475,10710,232,6,100,False,1,car,0 days 00:01:19.881000,0 days 00:56:56.489000
2024-05-19 13:04:36.755,10899,240,6,100,False,1,car,0 days 00:01:20.161000,0 days 00:56:56.769000
2024-05-19 13:04:36.955,11015,244,6,100,False,1,car,0 days 00:01:20.361000,0 days 00:56:56.969000
2024-05-19 13:04:37.315,11310,251,6,100,False,1,car,0 days 00:01:20.721000,0 days 00:56:57.329000
2024-05-19 13:04:37.515,11407,251,6,100,False,1,car,0 days 00:01:20.921000,0 days 00:56:57.529000
2024-05-19 13:04:37.875,11608,259,6,100,False,1,car,0 days 00:01:21.281000,0 days 00:56:57.889000
2024-05-19 13:04:38.195,10488,264,6,100,False,1,car,0 days 00:01:21.601000,0 days 00:56:58.209000
2024-05-19 13:04:38.355,10624,265,7,100,False,1,car,0 days 00:01:21.761000,0 days 00:56:58.369000
2024-05-19 13:04:38.796,10789,272,7,100,False,1,car,0 days 00:01:22.202000,0 days 00:56:58.810000
2024-05-19 13:04:39.116,10989,275,7,100,False,1,car,0 days 00:01:22.522000,0 days 00:56:59.130000
2024-05-19 13:04:39.556,11071,279,7,100,False,1,car,0 days 00:01:22.962000,0 days 00:56:59.570000
2024-05-19 13:04:39.996,11274,285,7,100,False,1,car,0 days 00:01:23.402000,0 days 00:57:00.010000
2024-05-19 13:04:40.316,11324,287,7,100,False,1,car,0 days 00:01:23.722000,0 days 00:57:00.330000
2024-05-19 13:04:40.516,11418,289,7,100,False,1,car,0 days 00:01:23.922000,0 days 00:57:00.530000
2024-05-19 13:04:40.756,11483,290,7,100,False,1,car,0 days 00:01:24.162000,0 days 00:57:00.770000
2024-05-19 13:04:41.076,11555,292,7,100,False,1,car,0 days 00:01:24.482000,0 days 00:57:01.090000
2024-05-19 13:04:41.436,10402,295,7,100,False,1,car,0 days 00:01:24.842000,0 days 00:57:01.450000
2024-05-19 13:04:41.836,10680,298,8,100,False,1,car,0 days 00:01:25.242000,0 days 00:57:01.850000
2024-05-19 13:04:41.996,10693,299,8,100,False,1,car,0 days 00:01:25.402000,0 days 00:57:02.010000
2024-05-19 13:04:42.156,10725,300,8,100,False,1,car,0 days 00:01:25.562000,0 days 00:57:02.170000
2024-05-19 13:04:42.476,10791,301,8,100,False,1,car,0 days 00:01:25.882000,0 days 00:57:02.490000
2024-05-19 13:04:42.676,10762,303,8,100,False,1,car,0 days 00:01:26.082000,0 days 00:57:02.690000
2024-05-19 13:04:42.876,10792,303,8,100,False,1,car,0 days 00:01:26.282000,0 days 00:57:02.890000
2024-05-19 13:04:43.155,10869,305,8,100,False,1,car,0 days 00:01:26.561000,0 days 00:57:03.169000
2024-05-19 13:04:43.315,10852,305,8,100,False,1,car,0 days 00:01:26.721000,0 days 00:57:03.329000
2024-05-19 13:04:43.555,10876,306,8,100,False,1,car,0 days 00:01:26.961000,0 days 00:57:03.569000
2024-05-19 13:04:43.715,10844,307,8,100,False,1,car,0 days 00:01:27.121000,0 days 00:57:03.729000
2024-05-19 13:04:43.995,10876,306,8,100,False,1,car,0 days 00:01:27.401000,0 days 00:57:04.009000
2024-05-19 13:04:44.275,10876,306,8,100,False,1,car,0 days 00:01:27.681000,0 days 00:57:04.289000
2024-05-19 13:04:44.515,10876,307,8,100,False,1,car,0 days 00:01:27.921000,0 days 00:57:04.529000
2024-05-19 13:04:44.675,10920,307,8,100,False,1,car,0 days 00:01:28.081000,0 days 00:57:04.689000
2024-05-19 13:04:44.995,10920,307,8,100,False,1,car,0 days 00:01:28.401000,0 days 00:57:05.009000
2024-05-19 13:04:45.236,10977,308,8,100,False,1,car,0 days 00:01:28.642000,0 days 00:57:05.250000
2024-05-19 13:04:45.436,10965,308,8,100,False,1,car,0 days 00:01:28.842000,0 days 00:57:05.450000
2024-05-19 13:04:45.796,10906,308,8,100,False,1,car,0 days 00:01:29.202000,0 days 00:57:05.810000
2024-05-19 13:04:46.036,10906,307,8,100,False,1,car,0 days 00:01:29.442000,0 days 00:57:06.050000
2024-05-19 13:04:46.196,10889,306,8,100,False,1,car,0 days 00:01:29.602000,0 days 00:57:06.210000
2024-05-19 13:04:46.476,10869,305,8,100,False,1,car,0 days 00:01:29.882000,0 days 00:57:06.490000
2024-05-19 13:04:46.796,10817,305,8,100,False,1,car,0 days 00:01:30.202000,0 days 00:57:06.810000
2024-05-19 13:04:47.036,10815,303,8,100,False,1,car,0 days 00:01:30.442000,0 days 00:57:07.050000
2024-05-19 13:04:47.276,10818,303,8,100,False,1,car,0 days 00:01:30.682000,0 days 00:57:07.290000
2024-05-19 13:04:47.596,10817,302,8,100,False,1,car,0 days 00:01:31.002000,0 days 00:57:07.610000
2024-05-19 13:04:47.796,10724,301,8,100,False,1,car,0 days 00:01:31.202000,0 days 00:57:07.810000
2024-05-19 13:04:48.196,10625,299,8,100,False,1,car,0 days 00:01:31.602000,0 days 00:57:08.210000
2024-05-19 13:04:48.476,10585,299,8,100,False,1,car,0 days 00:01:31.882000,0 days 00:57:08.490000
2024-05-19 13:04:48.636,10585,297,8,100,False,1,car,0 days 00:01:32.042000,0 days 00:57:08.650000
2024-05-19 13:04:48.836,10610,296,8,76,False,1,car,0 days 00:01:32.242000,0 days 00:57:08.850000
2024-05-19 13:04:49.156,10035,289,8,0,True,1,car,0 days 00:01:32.562000,0 days 00:57:09.170000
2024-05-19 13:04:49.396,9460,274,8,0,True,1,car,0 days 00:01:32.802000,0 days 00:57:09.410000
2024-05-19 13:04:49.875,9669,229,8,0,True,1,car,0 days 00:01:33.281000,0 days 00:57:09.889000
2024-05-19 13:04:50.115,10243,203,8,0,True,1,car,0 days 00:01:33.521000,0 days 00:57:10.129000
2024-05-19 13:04:50.435,10041,184,6,0,True,1,car,0 days 00:01:33.841000,0 days 00:57:10.449000
2024-05-19 13:04:50.715,10021,171,4,0,True,1,car,0 days 00:01:34.121000,0 days 00:57:10.729000
2024-05-19 13:04:51.035,9514,162,4,0,True,1,car,0 days 00:01:34.441000,0 days 00:57:11.049000
2024-05-19 13:04:51.235,9307,158,4,20,False,1,car,0 days 00:01:34.641000,0 days 00:57:11.249000
2024-05-19 13:04:51.395,9537,155,4,55,False,1,car,0 days 00:01:34.801000,0 days 00:57:11.409000
2024-05-19 13:04:51.595,9654,157,4,67,False,1,car,0 days 00:01:35.001000,0 days 00:57:11.609000
2024-05-19 13:04:51.916,9825,164,4,74,False,1,car,0 days 00:01:35.322000,0 days 00:57:11.930000
2024-05-19 13:04:52.156,10308,173,4,53,False,0,car,0 days 00:01:35.562000,0 days 00:57:12.170000
2024-05-19 13:04:52.556,10518,174,4,63,False,0,car,0 days 00:01:35.962000,0 days 00:57:12.570000
2024-05-19 13:04:52.876,10912,175,4,86,False,0,car,0 days 00:01:36.282000,0 days 00:57:12.890000
2024-05-19 13:04:53.156,11407,182,4,100,False,0,car,0 days 00:01:36.562000,0 days 00:57:13.170000
2024-05-19 13:04:53.356,10567,188,4,100,False,0,car,0 days 00:01:36.762000,0 days 00:57:13.370000
2024-05-19 13:04:53.596,10247,195,5,100,False,0,car,0 days 00:01:37.002000,0 days 00:57:13.610000
2024-05-19 13:04:53.996,10780,204,5,100,False,0,car,0 days 00:01:37.402000,0 days 00:57:14.010000
2024-05-19 13:04:54.236,11067,213,5,100,False,0,car,0 days 00:01:37.642000,0 days 00:57:14.250000
2024-05-19 13:04:54.596,11450,221,5,100,False,0,car,0 days 00:01:38.002000,0 days 00:57:14.610000
2024-05-19 13:04:54.756,11590,221,5,100,False,0,car,0 days 00:01:38.162000,0 days 00:57:14.770000
2024-05-19 13:04:54.916,11641,226,5,100,False,0,car,0 days 00:01:38.322000,0 days 00:57:14.930000
2024-05-19 13:04:55.076,11547,228,5,100,False,0,car,0 days 00:01:38.482000,0 days 00:57:15.090000
2024-05-19 13:04:55.356,10652,232,6,100,False,0,car,0 days 00:01:38.762000,0 days 00:57:15.370000
2024-05-19 13:04:55.676,10821,237,6,100,False,0,car,0 days 00:01:39.082000,0 days 00:57:15.690000
2024-05-19 13:04:55.956,10970,243,6,100,False,0,car,0 days 00:01:39.362000,0 days 00:57:15.970000
2024-05-19 13:04:56.116,11033,246,6,100,False,0,car,0 days 00:01:39.522000,0 days 00:57:16.130000
2024-05-19 13:04:56.436,11316,251,6,100,False,0,car,0 days 00:01:39.842000,0 days 00:57:16.450000
2024-05-19 13:04:56.795,11522,258,6,100,False,0,car,0 days 00:01:40.201000,0 days 00:57:16.809000
2024-05-19 13:04:57.115,11679,262,6,100,False,0,car,0 days 00:01:40.521000,0 days 00:57:17.129000
2024-05-19 13:04:57.395,10499,264,7,100,False,0,car,0 days 00:01:40.801000,0 days 00:57:17.409000
2024-05-19 13:04:57.555,10668,264,7,100,False,0,car,0 days 00:01:40.961000,0 days 00:57:17.569000
2024-05-19 13:04:57.795,10742,270,7,100,False,0,car,0 days 00:01:41.201000,0 days 00:57:17.809000
2024-05-19 13:04:57.955,10837,270,7,100,False,0,car,0 days 00:01:41.361000,0 days 00:57:17.969000
2024-05-19 13:04:58.316,10930,276,7,100,False,0,car,0 days 00:01:41.722000,0 days 00:57:18.330000
2024-05-19 13:04:58.556,11081,277,7,100,False,0,car,0 days 00:01:41.962000,0 days 00:57:18.570000
2024-05-19 13:04:58.836,11025,280,7,100,False,0,car,0 days 00:01:42.242000,0 days 00:57:18.850000
2024-05-19 13:04:59.036,11053,280,7,100,False,0,car,0 days 00:01:42.442000,0 days 00:57:19.050000
2024-05-19 13:04:59.316,11089,280,7,100,False,0,car,0 days 00:01:42.722000,0 days 00:57:19.330000
2024-05-19 13:04:59.516,11030,280,7,100,False,0,car,0 days 00:01:42.922000,0 days 00:57:19.530000
2024-05-19 13:04:59.676,11073,280,7,100,False,0,car,0 days 00:01:43.082000,0 days 00:57:19.690000
2024-05-19 13:04:59.876,10746,280,7,1,False,0,car,0 days 00:01:43.282000,0 days 00:57:19.890000
2024-05-19 13:05:00.036,10569,276,7,0,False,0,car,0 days 00:01:43.442000,0 days 00:57:20.050000
2024-05-19 13:05:00.356,9986,262,7,0,True,0,car,0 days 00:01:43.762000,0 days 00:57:20.370000
2024-05-19 13:05:00.516,9986,251,7,0,True,0,car,0 days 00:01:43.922000,0 days 00:57:20.530000
2024-05-19 13:05:00.876,10362,235,6,0,True,0,car,0 days 00:01:44.282000,0 days 00:57:20.890000
2024-05-19 13:05:01.116,9715,227,6,0,True,0,car,0 days 00:01:44.522000,0 days 00:57:21.130000
2024-05-19 13:05:01.396,9408,216,6,0,True,0,car,0 days 00:01:44.802000,0 days 00:57:21.410000
2024-05-19 13:05:01.636,9791,198,6,0,True,0,car,0 days 00:01:45.042000,0 days 00:57:21.650000
2024-05-19 13:05:01.916,9284,181,5,0,True,0,car,0 days 00:01:45.322000,0 days 00:57:21.930000
2024-05-19 13:05:02.076,10032,177,5,0,True,0,car,0 days 00:01:45.482000,0 days 00:57:22.090000
2024-05-19 13:05:02.316,10047,171,4,10,False,0,car,0 days 00:01:45.722000,0 days 00:57:22.330000
2024-05-19 13:05:02.596,10012,167,4,47,False,0,car,0 days 00:01:46.002000,0 days 00:57:22.610000
2024-05-19 13:05:02.796,10174,166,4,55,False,0,car,0 days 00:01:46.202000,0 days 00:57:22.810000
2024-05-19 13:05:02.956,10349,167,4,75,False,0,car,0 days 00:01:46.362000,0 days 00:57:22.970000
2024-05-19 13:05:03.275,10979,171,4,98,False,0,car,0 days 00:01:46.681000,0 days 00:57:23.289000
2024-05-19 13:05:03.435,11267,177,4,100,False,0,car,0 days 00:01:46.841000,0 days 00:57:23.449000
2024-05-19 13:05:03.715,11528,184,4,100,False,0,car,0 days 00:01:47.121000,0 days 00:57:23.729000
2024-05-19 13:05:03.995,10258,193,5,100,False,0,car,0 days 00:01:47.401000,0 days 00:57:24.009000
2024-05-19 13:05:04.235,10300,198,5,100,False,0,car,0 days 00:01:47.641000,0 days 00:57:24.249000
2024-05-19 13:05:04.435,10647,205,5,100,False,0,car,0 days 00:01:47.841000,0 days 00:57:24.449000
2024-05-19 13:05:04.675,11036,208,5,100,False,0,car,0 days 00:01:48.081000,0 days 00:57:24.689000
2024-05-19 13:05:04.876,11294,216,5,100,False,0,car,0 days 00:01:48.282000,0 days 00:57:24.890000
2024-05-19 13:05:05.076,11466,221,5,100,False,0,car,0 days 00:01:48.482000,0 days 00:57:25.090000
2024-05-19 13:05:05.356,11898,227,5,100,False,0,car,0 days 00:01:48.762000,0 days 00:57:25.370000
2024-05-19 13:05:05.556,11758,228,5,100,False,0,car,0 days 00:01:48.962000,0 days 00:57:25.570000
2024-05-19 13:05:05.916,11577,229,5,0,False,0,car,0 days 00:01:49.322000,0 days 00:57:25.930000
2024-05-19 13:05:06.236,10486,212,5,0,True,0,car,0 days 00:01:49.642000,0 days 00:57:26.250000
2024-05-19 13:05:06.556,9110,183,5,0,True,0,car,0 days 00:01:49.962000,0 days 00:57:26.570000
2024-05-19 13:05:06.756,9876,168,5,0,True,0,car,0 days 00:01:50.162000,0 days 00:57:26.770000
2024-05-19 13:05:07.116,9941,143,4,0,True,0,car,0 days 00:01:50.522000,0 days 00:57:27.130000
2024-05-19 13:05:07.596,8418,122,3,0,True,0,car,0 days 00:01:51.002000,0 days 00:57:27.610000
2024-05-19 13:05:07.836,8004,115,3,0,True,0,car,0 days 00:01:51.242000,0 days 00:57:27.850000
2024-05-19 13:05:08.116,7722,109,3,0,True,0,car,0 days 00:01:51.522000,0 days 00:57:28.130000
2024-05-19 13:05:08.356,7198,106,3,0,False,0,car,0 days 00:01:51.762000,0 days 00:57:28.370000
2024-05-19 13:05:08.556,7080,102,3,1,False,0,car,0 days 00:01:51.962000,0 days 00:57:28.570000
2024-05-19 13:05:08.836,7186,97,3,21,False,0,car,0 days 00:01:52.242000,0 days 00:57:28.850000
2024-05-19 13:05:09.196,7551,100,3,35,False,0,car,0 days 00:01:52.602000,0 days 00:57:29.210000
2024-05-19 13:05:09.476,7820,103,3,42,False,0,car,0 days 00:01:52.882000,0 days 00:57:29.490000
2024-05-19 13:05:09.756,8244,108,3,54,False,0,car,0 days 00:01:53.162000,0 days 00:57:29.770000
2024-05-19 13:05:09.915,8676,112,3,61,False,0,car,0 days 00:01:53.321000,0 days 00:57:29.929000
2024-05-19 13:05:10.235,9295,120,3,72,False,0,car,0 days 00:01:53.641000,0 days 00:57:30.249000
2024-05-19 13:05:10.555,10470,132,3,100,False,0,car,0 days 00:01:53.961000,0 days 00:57:30.569000
2024-05-19 13:05:10.755,11051,142,3,100,False,0,car,0 days 00:01:54.161000,0 days 00:57:30.769000
2024-05-19 13:05:11.115,10825,159,3,100,False,0,car,0 days 00:01:54.521000,0 days 00:57:31.129000
2024-05-19 13:05:11.556,10921,174,4,100,False,0,car,0 days 00:01:54.962000,0 days 00:57:31.570000
2024-05-19 13:05:11.796,11447,185,4,100,False,0,car,0 days 00:01:55.202000,0 days 00:57:31.810000
2024-05-19 13:05:12.156,11712,195,4,100,False,0,car,0 days 00:01:55.562000,0 days 00:57:32.170000
2024-05-19 13:05:12.596,10818,209,5,100,False,0,car,0 days 00:01:56.002000,0 days 00:57:32.610000
2024-05-19 13:05:12.956,11306,217,5,100,False,0,car,0 days 00:01:56.362000,0 days 00:57:32.970000
2024-05-19 13:05:13.196,11478,222,5,100,False,0,car,0 days 00:01:56.602000,0 days 00:57:33.210000
2024-05-19 13:05:13.396,11230,228,5,100,False,0,car,0 days 00:01:56.802000,0 days 00:57:33.410000
2024-05-19 13:05:13.556,10545,230,5,100,False,0,car,0 days 00:01:56.962000,0 days 00:57:33.570000
2024-05-19 13:05:13.796,10712,237,6,100,False,0,car,0 days 00:01:57.202000,0 days 00:57:33.810000
2024-05-19 13:05:14.036,10851,240,6,100,False,0,car,0 days 00:01:57.442000,0 days 00:57:34.050000
2024-05-19 13:05:14.236,10945,244,6,100,False,0,car,0 days 00:01:57.642000,0 days 00:57:34.250000
2024-05-19 13:05:14.596,11173,250,6,100,False,0,car,0 days 00:01:58.002000,0 days 00:57:34.610000
2024-05-19 13:05:14.956,11480,254,6,100,False,0,car,0 days 00:01:58.362000,0 days 00:57:34.970000
2024-05-19 13:05:15.196,11559,258,6,100,False,0,car,0 days 00:01:58.602000,0 days 00:57:35.210000
2024-05-19 13:05:15.356,11618,259,6,100,False,0,car,0 days 00:01:58.762000,0 days 00:57:35.370000
2024-05-19 13:05:15.636,10358,261,6,100,False,0,car,0 days 00:01:59.042000,0 days 00:57:35.650000
2024-05-19 13:05:15.876,10468,262,7,100,False,0,car,0 days 00:01:59.282000,0 days 00:57:35.890000
2024-05-19 13:05:16.076,10508,263,7,100,False,0,car,0 days 00:01:59.482000,0 days 00:57:36.090000
2024-05-19 13:05:16.236,10474,264,7,100,False,0,car,0 days 00:01:59.642000,0 days 00:57:36.250000
2024-05-19 13:05:16.436,10548,264,7,100,False,0,car,0 days 00:01:59.842000,0 days 00:57:36.450000
2024-05-19 13:05:16.715,10499,264,7,100,False,0,car,0 days 00:02:00.121000,0 days 00:57:36.729000
2024-05-19 13:05:17.035,10517,265,7,100,False,0,car,0 days 00:02:00.441000,0 days 00:57:37.049000
2024-05-19 13:05:17.195,10547,265,7,100,False,0,car,0 days 00:02:00.601000,0 days 00:57:37.209000
2024-05-19 13:05:17.515,10584,266,7,100,False,0,car,0 days 00:02:00.921000,0 days 00:57:37.529000
2024-05-19 13:05:17.715,10521,266,7,100,False,0,car,0 days 00:02:01.121000,0 days 00:57:37.729000
2024-05-19 13:05:18.076,9895,259,7,0,True,0,car,0 days 00:02:01.482000,0 days 00:57:38.090000
2024-05-19 13:05:18.236,9526,251,7,0,True,0,car,0 days 00:02:01.642000,0 days 00:57:38.250000
2024-05-19 13:05:18.556,9845,224,7,0,True,0,car,0 days 00:02:01.962000,0 days 00:57:38.570000
2024-05-19 13:05:18.796,10533,210,6,0,True,0,car,0 days 00:02:02.202000,0 days 00:57:38.810000
2024-05-19 13:05:19.076,10261,206,5,10,True,0,car,0 days 00:02:02.482000,0 days 00:57:39.090000
2024-05-19 13:05:19.356,10185,204,5,61,False,0,car,0 days 00:02:02.762000,0 days 00:57:39.370000
2024-05-19 13:05:19.796,10671,201,5,86,False,0,car,0 days 00:02:03.202000,0 days 00:57:39.810000
2024-05-19 13:05:20.116,10919,207,5,100,False,0,car,0 days 00:02:03.522000,0 days 00:57:40.130000
2024-05-19 13:05:20.396,11127,214,5,100,False,0,car,0 days 00:02:03.802000,0 days 00:57:40.410000
2024-05-19 13:05:20.556,11382,217,5,100,False,0,car,0 days 00:02:03.962000,0 days 00:57:40.570000
2024-05-19 13:05:20.756,11527,221,5,100,False,0,car,0 days 00:02:04.162000,0 days 00:57:40.770000
2024-05-19 13:05:20.956,10295,225,6,100,False,0,car,0 days 00:02:04.362000,0 days 00:57:40.970000
2024-05-19 13:05:21.156,10488,229,6,100,False,0,car,0 days 00:02:04.562000,0 days 00:57:41.170000
2024-05-19 13:05:21.396,10624,235,6,100,False,0,car,0 days 00:02:04.802000,0 days 00:57:41.410000
2024-05-19 13:05:21.596,10817,239,6,100,False,0,car,0 days 00:02:05.002000,0 days 00:57:41.610000
2024-05-19 13:05:21.756,10856,240,6,100,False,0,car,0 days 00:02:05.162000,0 days 00:57:41.770000
2024-05-19 13:05:22.036,11124,246,6,100,False,0,car,0 days 00:02:05.442000,0 days 00:57:42.050000
2024-05-19 13:05:22.396,11391,254,6,100,False,0,car,0 days 00:02:05.802000,0 days 00:57:42.410000
2024-05-19 13:05:22.756,11617,258,6,100,False,0,car,0 days 00:02:06.162000,0 days 00:57:42.770000
2024-05-19 13:05:22.996,10566,263,6,100,False,0,car,0 days 00:02:06.402000,0 days 00:57:43.010000
2024-05-19 13:05:23.276,10603,264,7,100,False,0,car,0 days 00:02:06.682000,0 days 00:57:43.290000
2024-05-19 13:05:23.635,10470,268,7,100,False,0,car,0 days 00:02:07.041000,0 days 00:57:43.649000
2024-05-19 13:05:23.835,10710,269,7,100,False,0,car,0 days 00:02:07.241000,0 days 00:57:43.849000
2024-05-19 13:05:23.995,10670,270,7,100,False,0,car,0 days 00:02:07.401000,0 days 00:57:44.009000
2024-05-19 13:05:24.275,10749,270,7,100,False,0,car,0 days 00:02:07.681000,0 days 00:57:44.289000
2024-05-19 13:05:24.435,10732,272,7,74,False,0,car,0 days 00:02:07.841000,0 days 00:57:44.449000
2024-05-19 13:05:24.636,10569,269,7,0,False,0,car,0 days 00:02:08.042000,0 days 00:57:44.650000
2024-05-19 13:05:24.876,10394,264,7,0,False,0,car,0 days 00:02:08.282000,0 days 00:57:44.890000
2024-05-19 13:05:25.196,9767,254,7,0,False,0,car,0 days 00:02:08.602000,0 days 00:57:45.210000
2024-05-19 13:05:25.556,9367,251,7,0,True,0,car,0 days 00:02:08.962000,0 days 00:57:45.570000
2024-05-19 13:05:25.716,9480,237,7,0,True,0,car,0 days 00:02:09.122000,0 days 00:57:45.730000
2024-05-19 13:05:25.876,9470,229,7,0,True,0,car,0 days 00:02:09.282000,0 days 00:57:45.890000
2024-05-19 13:05:26.076,9931,209,7,0,True,0,car,0 days 00:02:09.482000,0 days 00:57:46.090000
2024-05-19 13:05:26.356,10208,182,5,0,True,0,car,0 days 00:02:09.762000,0 days 00:57:46.370000
2024-05-19 13:05:26.516,10146,166,5,0,True,0,car,0 days 00:02:09.922000,0 days 00:57:46.530000
2024-05-19 13:05:26.996,8321,143,4,0,True,0,car,0 days 00:02:10.402000,0 days 00:57:47.010000
2024-05-19 13:05:27.196,8157,140,4,0,True,0,car,0 days 00:02:10.602000,0 days 00:57:47.210000
2024-05-19 13:05:27.356,8092,137,4,6,False,0,car,0 days 00:02:10.762000,0 days 00:57:47.370000
2024-05-19 13:05:27.516,7882,131,4,19,False,0,car,0 days 00:02:10.922000,0 days 00:57:47.530000
2024-05-19 13:05:27.756,7990,130,4,37,False,0,car,0 days 00:02:11.162000,0 days 00:57:47.770000
2024-05-19 13:05:27.996,8243,131,4,62,False,0,car,0 days 00:02:11.402000,0 days 00:57:48.010000
2024-05-19 13:05:28.236,8570,136,4,73,False,0,car,0 days 00:02:11.642000,0 days 00:57:48.250000
2024-05-19 13:05:28.596,9091,148,4,100,False,0,car,0 days 00:02:12.002000,0 days 00:57:48.610000
2024-05-19 13:05:28.836,9533,157,4,100,False,0,car,0 days 00:02:12.242000,0 days 00:57:48.850000
2024-05-19 13:05:29.116,10445,166,4,100,False,0,car,0 days 00:02:12.522000,0 days 00:57:49.130000
2024-05-19 13:05:29.316,11203,172,4,100,False,0,car,0 days 00:02:12.722000,0 days 00:57:49.330000
2024-05-19 13:05:29.516,11296,180,4,100,False,0,car,0 days 00:02:12.922000,0 days 00:57:49.530000
2024-05-19 13:05:29.716,11419,186,4,100,False,0,car,0 days 00:02:13.122000,0 days 00:57:49.730000
2024-05-19 13:05:30.075,11562,195,4,100,False,0,car,0 days 00:02:13.481000,0 days 00:57:50.089000
2024-05-19 13:05:30.275,10722,200,5,100,False,0,car,0 days 00:02:13.681000,0 days 00:57:50.289000
2024-05-19 13:05:30.635,10888,211,5,100,False,0,car,0 days 00:02:14.041000,0 days 00:57:50.649000
2024-05-19 13:05:30.795,10888,216,5,100,False,0,car,0 days 00:02:14.201000,0 days 00:57:50.809000
2024-05-19 13:05:30.995,11308,221,5,100,False,0,car,0 days 00:02:14.401000,0 days 00:57:51.009000
2024-05-19 13:05:31.196,11607,226,5,100,False,0,car,0 days 00:02:14.602000,0 days 00:57:51.210000
2024-05-19 13:05:31.476,10473,230,5,100,False,0,car,0 days 00:02:14.882000,0 days 00:57:51.490000
2024-05-19 13:05:31.756,10697,234,6,100,False,0,car,0 days 00:02:15.162000,0 days 00:57:51.770000
2024-05-19 13:05:31.956,10799,240,6,100,False,0,car,0 days 00:02:15.362000,0 days 00:57:51.970000
2024-05-19 13:05:32.196,11030,245,6,100,False,0,car,0 days 00:02:15.602000,0 days 00:57:52.210000
2024-05-19 13:05:32.396,11177,248,6,100,False,0,car,0 days 00:02:15.802000,0 days 00:57:52.410000
2024-05-19 13:05:32.596,11200,250,6,100,False,0,car,0 days 00:02:16.002000,0 days 00:57:52.610000
2024-05-19 13:05:32.836,11200,252,6,100,False,0,car,0 days 00:02:16.242000,0 days 00:57:52.850000
2024-05-19 13:05:33.116,11366,254,6,100,False,0,car,0 days 00:02:16.522000,0 days 00:57:53.130000
2024-05-19 13:05:33.436,11369,255,6,100,False,0,car,0 days 00:02:16.842000,0 days 00:57:53.450000
2024-05-19 13:05:33.716,11417,255,6,100,False,0,car,0 days 00:02:17.122000,0 days 00:57:53.730000
2024-05-19 13:05:33.956,11445,256,6,96,False,0,car,0 days 00:02:17.362000,0 days 00:57:53.970000
2024-05-19 13:05:34.156,11233,256,6,0,False,0,car,0 days 00:02:17.562000,0 days 00:57:54.170000
2024-05-19 13:05:34.516,10945,245,6,0,True,0,car,0 days 00:02:17.922000,0 days 00:57:54.530000
2024-05-19 13:05:34.756,10454,237,6,0,True,0,car,0 days 00:02:18.162000,0 days 00:57:54.770000
2024-05-19 13:05:35.036,9534,196,6,0,True,0,car,0 days 00:02:18.442000,0 days 00:57:55.050000
2024-05-19 13:05:35.356,10137,169,5,0,True,0,car,0 days 00:02:18.762000,0 days 00:57:55.370000
2024-05-19 13:05:35.556,9123,158,4,0,True,0,car,0 days 00:02:18.962000,0 days 00:57:55.570000
2024-05-19 13:05:35.836,8316,143,4,0,True,0,car,0 days 00:02:19.242000,0 days 00:57:55.850000
2024-05-19 13:05:36.036,7943,135,4,0,True,0,car,0 days 00:02:19.442000,0 days 00:57:56.050000
2024-05-19 13:05:36.356,7344,126,4,0,True,0,car,0 days 00:02:19.762000,0 days 00:57:56.370000
2024-05-19 13:05:36.716,6744,119,4,0,False,0,car,0 days 00:02:20.122000,0 days 00:57:56.730000
2024-05-19 13:05:36.915,6957,114,4,0,False,0,car,0 days 00:02:20.321000,0 days 00:57:56.929000
2024-05-19 13:05:37.195,7740,110,3,0,True,0,car,0 days 00:02:20.601000,0 days 00:57:57.209000
2024-05-19 13:05:37.435,7434,107,3,0,True,0,car,0 days 00:02:20.841000,0 days 00:57:57.449000
2024-05-19 13:05:37.635,7562,102,3,1,False,0,car,0 days 00:02:21.041000,0 days 00:57:57.649000
2024-05-19 13:05:37.836,7419,101,3,13,False,0,car,0 days 00:02:21.242000,0 days 00:57:57.850000
2024-05-19 13:05:38.196,8036,106,3,51,False,0,car,0 days 00:02:21.602000,0 days 00:57:58.210000
2024-05-19 13:05:38.436,8199,109,3,61,False,0,car,0 days 00:02:21.842000,0 days 00:57:58.450000
2024-05-19 13:05:38.636,9097,118,3,71,False,0,car,0 days 00:02:22.042000,0 days 00:57:58.650000
2024-05-19 13:05:38.876,9774,125,3,98,False,0,car,0 days 00:02:22.282000,0 days 00:57:58.890000
2024-05-19 13:05:39.116,10731,135,3,100,False,0,car,0 days 00:02:22.522000,0 days 00:57:59.130000
2024-05-19 13:05:39.276,11217,135,3,100,False,0,car,0 days 00:02:22.682000,0 days 00:57:59.290000
2024-05-19 13:05:39.556,11853,158,3,100,False,0,car,0 days 00:02:22.962000,0 days 00:57:59.570000
2024-05-19 13:05:39.716,10733,167,3,100,False,0,car,0 days 00:02:23.122000,0 days 00:57:59.730000
2024-05-19 13:05:39.956,10824,175,4,100,False,0,car,0 days 00:02:23.362000,0 days 00:57:59.970000
2024-05-19 13:05:40.156,11139,182,4,100,False,0,car,0 days 00:02:23.562000,0 days 00:58:00.170000
2024-05-19 13:05:40.356,11441,189,4,100,False,0,car,0 days 00:02:23.762000,0 days 00:58:00.370000
2024-05-19 13:05:40.636,11999,196,4,100,False,0,car,0 days 00:02:24.042000,0 days 00:58:00.650000
2024-05-19 13:05:40.876,10568,204,5,100,False,0,car,0 days 00:02:24.282000,0 days 00:58:00.890000
2024-05-19 13:05:41.276,10904,210,5,100,False,0,car,0 days 00:02:24.682000,0 days 00:58:01.290000
2024-05-19 13:05:41.436,11127,215,5,100,False,0,car,0 days 00:02:24.842000,0 days 00:58:01.450000
2024-05-19 13:05:41.916,11747,227,5,100,False,0,car,0 days 00:02:25.322000,0 days 00:58:01.930000
2024-05-19 13:05:42.116,10670,236,6,100,False,0,car,0 days 00:02:25.522000,0 days 00:58:02.130000
2024-05-19 13:05:42.276,10810,237,6,100,False,0,car,0 days 00:02:25.682000,0 days 00:58:02.290000
2024-05-19 13:05:42.436,10906,242,6,100,False,0,car,0 days 00:02:25.842000,0 days 00:58:02.450000
2024-05-19 13:05:42.716,11104,247,6,100,False,0,car,0 days 00:02:26.122000,0 days 00:58:02.730000
2024-05-19 13:05:42.996,11349,252,6,100,False,0,car,0 days 00:02:26.402000,0 days 00:58:03.010000
2024-05-19 13:05:43.236,11417,255,6,100,False,0,car,0 days 00:02:26.642000,0 days 00:58:03.250000
2024-05-19 13:05:43.436,11578,258,6,100,False,0,car,0 days 00:02:26.842000,0 days 00:58:03.450000
2024-05-19 13:05:43.595,11676,258,6,100,False,0,car,0 days 00:02:27.001000,0 days 00:58:03.609000
2024-05-19 13:05:43.915,10599,264,6,100,False,0,car,0 days 00:02:27.321000,0 days 00:58:03.929000
2024-05-19 13:05:44.075,10630,265,7,100,False,0,car,0 days 00:02:27.481000,0 days 00:58:04.089000
2024-05-19 13:05:44.235,10650,267,7,100,False,0,car,0 days 00:02:27.641000,0 days 00:58:04.249000
2024-05-19 13:05:44.396,10737,270,7,100,False,0,car,0 days 00:02:27.802000,0 days 00:58:04.410000
2024-05-19 13:05:44.716,10865,273,7,100,False,0,car,0 days 00:02:28.122000,0 days 00:58:04.730000
2024-05-19 13:05:45.156,11016,278,7,100,False,0,car,0 days 00:02:28.562000,0 days 00:58:05.170000
2024-05-19 13:05:45.436,11126,280,7,100,False,0,car,0 days 00:02:28.842000,0 days 00:58:05.450000
2024-05-19 13:05:45.636,11126,280,7,100,False,0,car,0 days 00:02:29.042000,0 days 00:58:05.650000
2024-05-19 13:05:45.876,11223,283,7,100,False,0,car,0 days 00:02:29.282000,0 days 00:58:05.890000
2024-05-19 13:05:46.116,11223,284,7,100,False,0,car,0 days 00:02:29.522000,0 days 00:58:06.130000
2024-05-19 13:05:46.396,11223,285,7,100,False,0,car,0 days 00:02:29.802000,0 days 00:58:06.410000
2024-05-19 13:05:46.716,11149,283,7,100,False,0,car,0 days 00:02:30.122000,0 days 00:58:06.730000
2024-05-19 13:05:46.876,11157,283,7,100,False,0,car,0 days 00:02:30.282000,0 days 00:58:06.890000
2024-05-19 13:05:47.076,11133,282,7,100,False,0,car,0 days 00:02:30.482000,0 days 00:58:07.090000
2024-05-19 13:05:47.436,10725,282,7,27,False,0,car,0 days 00:02:30.842000,0 days 00:58:07.450000
2024-05-19 13:05:47.716,10535,271,7,0,False,0,car,0 days 00:02:31.122000,0 days 00:58:07.730000
2024-05-19 13:05:47.876,9929,265,7,0,True,0,car,0 days 00:02:31.282000,0 days 00:58:07.890000
2024-05-19 13:05:48.236,9798,235,7,0,True,0,car,0 days 00:02:31.642000,0 days 00:58:08.250000
2024-05-19 13:05:48.436,9763,200,7,0,True,0,car,0 days 00:02:31.842000,0 days 00:58:08.450000
2024-05-19 13:05:48.596,9673,181,7,0,True,0,car,0 days 00:02:32.002000,0 days 00:58:08.610000
2024-05-19 13:05:48.956,10588,159,4,0,True,0,car,0 days 00:02:32.362000,0 days 00:58:08.970000
2024-05-19 13:05:49.116,10170,152,4,0,True,0,car,0 days 00:02:32.522000,0 days 00:58:09.130000
2024-05-19 13:05:49.356,9351,136,3,0,True,0,car,0 days 00:02:32.762000,0 days 00:58:09.370000
2024-05-19 13:05:49.596,8807,126,3,0,True,0,car,0 days 00:02:33.002000,0 days 00:58:09.610000
2024-05-19 13:05:49.796,8454,121,3,0,True,0,car,0 days 00:02:33.202000,0 days 00:58:09.810000
2024-05-19 13:05:49.996,8249,119,3,0,False,0,car,0 days 00:02:33.402000,0 days 00:58:10.010000
2024-05-19 13:05:50.236,8507,115,3,6,False,0,car,0 days 00:02:33.642000,0 days 00:58:10.250000
2024-05-19 13:05:50.515,8667,117,3,30,False,0,car,0 days 00:02:33.921000,0 days 00:58:10.529000
2024-05-19 13:05:50.715,9087,120,3,50,False,0,car,0 days 00:02:34.121000,0 days 00:58:10.729000
2024-05-19 13:05:50.916,9355,124,3,59,False,0,car,0 days 00:02:34.322000,0 days 00:58:10.930000
2024-05-19 13:05:51.076,9911,126,3,69,False,0,car,0 days 00:02:34.482000,0 days 00:58:11.090000
2024-05-19 13:05:51.236,10056,132,3,76,False,0,car,0 days 00:02:34.642000,0 days 00:58:11.250000
2024-05-19 13:05:51.396,10445,139,3,84,False,0,car,0 days 00:02:34.802000,0 days 00:58:11.410000
2024-05-19 13:05:51.716,11083,152,3,100,False,0,car,0 days 00:02:35.122000,0 days 00:58:11.730000
2024-05-19 13:05:52.156,10038,167,4,1,True,0,car,0 days 00:02:35.562000,0 days 00:58:12.170000
2024-05-19 13:05:52.596,9112,158,4,0,True,0,car,0 days 00:02:36.002000,0 days 00:58:12.610000
2024-05-19 13:05:52.916,8987,155,4,0,True,0,car,0 days 00:02:36.322000,0 days 00:58:12.930000
2024-05-19 13:05:53.076,8769,151,4,0,True,0,car,0 days 00:02:36.482000,0 days 00:58:13.090000
2024-05-19 13:05:53.356,8525,151,4,0,True,0,car,0 days 00:02:36.762000,0 days 00:58:13.370000
2024-05-19 13:05:53.596,8416,151,4,23,False,0,car,0 days 00:02:37.002000,0 days 00:58:13.610000
2024-05-19 13:05:53.876,8927,142,4,60,False,0,car,0 days 00:02:37.282000,0 days 00:58:13.890000
2024-05-19 13:05:54.036,8942,144,4,61,False,0,car,0 days 00:02:37.442000,0 days 00:58:14.050000
2024-05-19 13:05:54.196,9225,148,4,64,False,0,car,0 days 00:02:37.602000,0 days 00:58:14.210000
2024-05-19 13:05:54.516,9888,158,4,91,False,0,car,0 days 00:02:37.922000,0 days 00:58:14.530000
2024-05-19 13:05:54.916,11268,173,4,100,False,0,car,0 days 00:02:38.322000,0 days 00:58:14.930000
2024-05-19 13:05:55.156,11268,177,4,100,False,0,car,0 days 00:02:38.562000,0 days 00:58:15.170000
2024-05-19 13:05:55.476,11704,191,4,100,False,0,car,0 days 00:02:38.882000,0 days 00:58:15.490000
2024-05-19 13:05:55.636,10584,197,4,100,False,0,car,0 days 00:02:39.042000,0 days 00:58:15.650000
2024-05-19 13:05:55.996,10786,208,5,100,False,0,car,0 days 00:02:39.402000,0 days 00:58:16.010000
2024-05-19 13:05:56.236,11064,214,5,100,False,0,car,0 days 00:02:39.642000,0 days 00:58:16.250000
2024-05-19 13:05:56.396,11346,219,5,100,False,0,car,0 days 00:02:39.802000,0 days 00:58:16.410000
2024-05-19 13:05:56.596,11561,219,5,100,False,0,car,0 days 00:02:40.002000,0 days 00:58:16.610000
2024-05-19 13:05:56.916,11288,231,5,100,False,0,car,0 days 00:02:40.322000,0 days 00:58:16.930000
2024-05-19 13:05:57.315,10800,239,6,100,False,0,car,0 days 00:02:40.721000,0 days 00:58:17.329000
2024-05-19 13:05:57.556,11062,243,6,100,False,0,car,0 days 00:02:40.962000,0 days 00:58:17.570000
2024-05-19 13:05:57.796,11062,249,6,100,False,0,car,0 days 00:02:41.202000,0 days 00:58:17.810000
2024-05-19 13:05:57.996,11345,252,6,100,False,0,car,0 days 00:02:41.402000,0 days 00:58:18.010000
2024-05-19 13:05:58.156,11345,254,6,100,False,0,car,0 days 00:02:41.562000,0 days 00:58:18.170000
2024-05-19 13:05:58.356,11478,257,6,100,False,0,car,0 days 00:02:41.762000,0 days 00:58:18.370000
2024-05-19 13:05:58.556,11641,260,6,100,False,0,car,0 days 00:02:41.962000,0 days 00:58:18.570000
2024-05-19 13:05:58.716,11221,263,6,100,False,0,car,0 days 00:02:42.122000,0 days 00:58:18.730000
2024-05-19 13:05:58.996,10628,267,7,100,False,0,car,0 days 00:02:42.402000,0 days 00:58:19.010000
2024-05-19 13:05:59.436,10827,272,7,100,False,0,car,0 days 00:02:42.842000,0 days 00:58:19.450000
2024-05-19 13:05:59.756,11033,275,7,100,False,0,car,0 days 00:02:43.162000,0 days 00:58:19.770000
2024-05-19 13:05:59.956,11037,277,7,100,False,0,car,0 days 00:02:43.362000,0 days 00:58:19.970000
2024-05-19 13:06:00.116,11155,278,7,100,False,0,car,0 days 00:02:43.522000,0 days 00:58:20.130000
2024-05-19 13:06:00.356,11179,281,7,100,False,0,car,0 days 00:02:43.762000,0 days 00:58:20.370000
2024-05-19 13:06:00.516,11216,283,7,100,False,0,car,0 days 00:02:43.922000,0 days 00:58:20.530000
2024-05-19 13:06:00.876,11393,286,7,100,False,0,car,0 days 00:02:44.282000,0 days 00:58:20.890000
2024-05-19 13:06:01.076,11393,287,7,100,False,0,car,0 days 00:02:44.482000,0 days 00:58:21.090000
2024-05-19 13:06:01.276,11519,289,7,100,False,0,car,0 days 00:02:44.682000,0 days 00:58:21.290000
2024-05-19 13:06:01.596,11506,291,7,100,False,0,car,0 days 00:02:45.002000,0 days 00:58:21.610000
2024-05-19 13:06:01.956,11620,293,7,100,False,0,car,0 days 00:02:45.362000,0 days 00:58:21.970000
2024-05-19 13:06:02.196,10371,295,8,100,False,0,car,0 days 00:02:45.602000,0 days 00:58:22.210000
2024-05-19 13:06:02.476,10602,296,8,100,False,0,car,0 days 00:02:45.882000,0 days 00:58:22.490000
2024-05-19 13:06:02.636,10634,298,8,100,False,0,car,0 days 00:02:46.042000,0 days 00:58:22.650000
2024-05-19 13:06:02.876,10702,299,8,100,False,0,car,0 days 00:02:46.282000,0 days 00:58:22.890000
2024-05-19 13:06:03.076,10706,300,8,100,False,0,car,0 days 00:02:46.482000,0 days 00:58:23.090000
2024-05-19 13:06:03.316,10773,301,8,100,False,0,car,0 days 00:02:46.722000,0 days 00:58:23.330000
2024-05-19 13:06:03.676,10812,303,8,100,False,0,car,0 days 00:02:47.082000,0 days 00:58:23.690000
2024-05-19 13:06:04.116,10864,305,8,100,False,0,car,0 days 00:02:47.522000,0 days 00:58:24.130000
2024-05-19 13:06:04.316,10922,306,8,100,False,0,car,0 days 00:02:47.722000,0 days 00:58:24.330000
2024-05-19 13:06:04.556,10921,306,8,100,False,0,car,0 days 00:02:47.962000,0 days 00:58:24.570000
2024-05-19 13:06:04.876,10930,307,8,100,False,0,car,0 days 00:02:48.282000,0 days 00:58:24.890000
2024-05-19 13:06:05.356,10963,308,8,100,False,0,car,0 days 00:02:48.762000,0 days 00:58:25.370000
2024-05-19 13:06:05.556,10998,309,8,100,False,0,car,0 days 00:02:48.962000,0 days 00:58:25.570000
2024-05-19 13:06:05.876,10895,310,8,100,False,0,car,0 days 00:02:49.282000,0 days 00:58:25.890000
2024-05-19 13:06:06.036,10970,310,8,100,False,0,car,0 days 00:02:49.442000,0 days 00:58:26.050000
2024-05-19 13:06:06.276,10983,309,8,100,False,0,car,0 days 00:02:49.682000,0 days 00:58:26.290000
2024-05-19 13:06:06.676,10954,308,8,100,False,0,car,0 days 00:02:50.082000,0 days 00:58:26.690000
2024-05-19 13:06:06.836,10895,307,8,100,False,0,car,0 days 00:02:50.242000,0 days 00:58:26.850000
2024-05-19 13:06:06.996,10918,307,8,100,False,0,car,0 days 00:02:50.402000,0 days 00:58:27.010000
2024-05-19 13:06:07.236,10883,307,8,100,False,0,car,0 days 00:02:50.642000,0 days 00:58:27.250000
2024-05-19 13:06:07.556,10883,306,8,100,False,0,car,0 days 00:02:50.962000,0 days 00:58:27.570000
2024-05-19 13:06:07.996,10804,304,8,100,False,0,car,0 days 00:02:51.402000,0 days 00:58:28.010000
2024-05-19 13:06:08.156,10693,305,8,100,False,0,car,0 days 00:02:51.562000,0 days 00:58:28.170000
2024-05-19 13:06:08.316,10726,303,8,100,False,0,car,0 days 00:02:51.722000,0 days 00:58:28.330000
2024-05-19 13:06:08.516,10728,302,8,100,False,0,car,0 days 00:02:51.922000,0 days 00:58:28.530000
2024-05-19 13:06:08.796,10705,300,8,100,False,0,car,0 days 00:02:52.202000,0 days 00:58:28.810000
2024-05-19 13:06:09.236,10579,298,8,100,False,0,car,0 days 00:02:52.642000,0 days 00:58:29.250000
2024-05-19 13:06:09.436,10501,298,8,100,False,0,car,0 days 00:02:52.842000,0 days 00:58:29.450000
2024-05-19 13:06:09.836,9991,290,8,0,True,0,car,0 days 00:02:53.242000,0 days 00:58:29.850000
2024-05-19 13:06:10.076,9497,278,8,0,True,0,car,0 days 00:02:53.482000,0 days 00:58:30.090000
2024-05-19 13:06:10.236,8890,256,8,0,True,0,car,0 days 00:02:53.642000,0 days 00:58:30.250000
2024-05-19 13:06:10.475,9290,232,8,0,True,0,car,0 days 00:02:53.881000,0 days 00:58:30.489000
2024-05-19 13:06:10.716,9611,201,8,0,True,0,car,0 days 00:02:54.122000,0 days 00:58:30.730000
2024-05-19 13:06:11.076,10348,180,6,0,True,0,car,0 days 00:02:54.482000,0 days 00:58:31.090000
2024-05-19 13:06:11.276,10051,171,4,0,True,0,car,0 days 00:02:54.682000,0 days 00:58:31.290000
2024-05-19 13:06:11.436,9516,163,4,0,True,0,car,0 days 00:02:54.842000,0 days 00:58:31.450000
2024-05-19 13:06:11.636,9234,159,4,0,True,0,car,0 days 00:02:55.042000,0 days 00:58:31.650000
2024-05-19 13:06:11.796,9143,157,4,5,False,0,car,0 days 00:02:55.202000,0 days 00:58:31.810000
2024-05-19 13:06:11.956,9230,152,4,30,False,0,car,0 days 00:02:55.362000,0 days 00:58:31.970000
2024-05-19 13:06:12.276,9655,154,4,67,False,0,car,0 days 00:02:55.682000,0 days 00:58:32.290000
2024-05-19 13:06:12.516,9890,160,4,80,False,0,car,0 days 00:02:55.922000,0 days 00:58:32.530000
2024-05-19 13:06:12.716,10310,160,4,91,False,0,car,0 days 00:02:56.122000,0 days 00:58:32.730000
2024-05-19 13:06:13.116,10231,169,4,45,False,0,car,0 days 00:02:56.522000,0 days 00:58:33.130000
2024-05-19 13:06:13.356,10167,171,4,71,False,0,car,0 days 00:02:56.762000,0 days 00:58:33.370000
2024-05-19 13:06:13.596,10838,174,4,76,False,0,car,0 days 00:02:57.002000,0 days 00:58:33.610000
2024-05-19 13:06:13.876,11286,180,4,100,False,0,car,0 days 00:02:57.282000,0 days 00:58:33.890000
2024-05-19 13:06:14.156,11556,189,4,100,False,0,car,0 days 00:02:57.562000,0 days 00:58:34.170000
2024-05-19 13:06:14.316,10436,195,4,100,False,0,car,0 days 00:02:57.722000,0 days 00:58:34.330000
2024-05-19 13:06:14.596,10411,203,5,100,False,0,car,0 days 00:02:58.002000,0 days 00:58:34.610000
2024-05-19 13:06:14.956,11016,212,5,100,False,0,car,0 days 00:02:58.362000,0 days 00:58:34.970000
2024-05-19 13:06:15.156,11254,217,5,100,False,0,car,0 days 00:02:58.562000,0 days 00:58:35.170000
2024-05-19 13:06:15.316,11476,220,5,100,False,0,car,0 days 00:02:58.722000,0 days 00:58:35.330000
2024-05-19 13:06:15.556,11646,223,5,100,False,0,car,0 days 00:02:58.962000,0 days 00:58:35.570000
2024-05-19 13:06:15.956,10553,230,5,100,False,0,car,0 days 00:02:59.362000,0 days 00:58:35.970000
2024-05-19 13:06:16.436,10758,239,6,100,False,0,car,0 days 00:02:59.842000,0 days 00:58:36.450000
2024-05-19 13:06:16.596,10883,239,6,100,False,0,car,0 days 00:03:00.002000,0 days 00:58:36.610000
2024-05-19 13:06:16.756,10883,245,6,100,False,0,car,0 days 00:03:00.162000,0 days 00:58:36.770000
2024-05-19 13:06:17.036,11200,249,6,100,False,0,car,0 days 00:03:00.442000,0 days 00:58:37.050000
2024-05-19 13:06:17.436,11481,256,6,100,False,0,car,0 days 00:03:00.842000,0 days 00:58:37.450000
2024-05-19 13:06:17.876,10490,262,7,100,False,0,car,0 days 00:03:01.282000,0 days 00:58:37.890000
2024-05-19 13:06:18.036,10472,264,7,100,False,0,car,0 days 00:03:01.442000,0 days 00:58:38.050000
2024-05-19 13:06:18.236,10595,266,7,100,False,0,car,0 days 00:03:01.642000,0 days 00:58:38.250000
2024-05-19 13:06:18.476,10749,269,7,100,False,0,car,0 days 00:03:01.882000,0 days 00:58:38.490000
2024-05-19 13:06:18.876,10929,273,7,100,False,0,car,0 days 00:03:02.282000,0 days 00:58:38.890000
2024-05-19 13:06:19.316,10946,279,7,100,False,0,car,0 days 00:03:02.722000,0 days 00:58:39.330000
2024-05-19 13:06:19.476,11114,279,7,100,False,0,car,0 days 00:03:02.882000,0 days 00:58:39.490000
2024-05-19 13:06:19.716,10966,279,7,100,False,0,car,0 days 00:03:03.122000,0 days 00:58:39.730000
2024-05-19 13:06:19.996,11040,279,7,100,False,0,car,0 days 00:03:03.402000,0 days 00:58:40.010000
2024-05-19 13:06:20.196,11049,279,7,100,False,0,car,0 days 00:03:03.602000,0 days 00:58:40.210000
2024-05-19 13:06:20.476,10907,278,7,89,False,0,car,0 days 00:03:03.882000,0 days 00:58:40.490000
2024-05-19 13:06:20.716,10535,273,7,0,True,0,car,0 days 00:03:04.122000,0 days 00:58:40.730000
2024-05-19 13:06:21.076,9863,258,7,0,True,0,car,0 days 00:03:04.482000,0 days 00:58:41.090000
2024-05-19 13:06:21.236,9780,246,7,0,True,0,car,0 days 00:03:04.642000,0 days 00:58:41.250000
2024-05-19 13:06:21.596,9991,230,6,0,True,0,car,0 days 00:03:05.002000,0 days 00:58:41.610000
2024-05-19 13:06:22.036,10559,219,6,0,True,0,car,0 days 00:03:05.442000,0 days 00:58:42.050000
2024-05-19 13:06:22.196,9987,197,5,0,True,0,car,0 days 00:03:05.602000,0 days 00:58:42.210000
2024-05-19 13:06:22.356,9558,192,5,0,True,0,car,0 days 00:03:05.762000,0 days 00:58:42.370000
2024-05-19 13:06:22.596,10058,176,5,0,True,0,car,0 days 00:03:06.002000,0 days 00:58:42.610000
2024-05-19 13:06:22.796,10112,171,4,0,True,0,car,0 days 00:03:06.202000,0 days 00:58:42.810000
2024-05-19 13:06:23.036,9841,169,4,3,False,0,car,0 days 00:03:06.442000,0 days 00:58:43.050000
2024-05-19 13:06:23.436,9699,160,4,23,False,0,car,0 days 00:03:06.842000,0 days 00:58:43.450000
2024-05-19 13:06:23.716,9936,161,4,62,False,0,car,0 days 00:03:07.122000,0 days 00:58:43.730000
2024-05-19 13:06:24.036,10586,169,4,92,False,0,car,0 days 00:03:07.442000,0 days 00:58:44.050000
2024-05-19 13:06:24.276,10964,175,4,100,False,0,car,0 days 00:03:07.682000,0 days 00:58:44.290000
2024-05-19 13:06:24.476,11516,181,4,100,False,0,car,0 days 00:03:07.882000,0 days 00:58:44.490000
2024-05-19 13:06:24.756,11597,189,4,100,False,0,car,0 days 00:03:08.162000,0 days 00:58:44.770000
2024-05-19 13:06:24.996,10434,199,5,100,False,0,car,0 days 00:03:08.402000,0 days 00:58:45.010000
2024-05-19 13:06:25.236,10658,205,5,100,False,0,car,0 days 00:03:08.642000,0 days 00:58:45.250000
2024-05-19 13:06:25.476,11047,210,5,100,False,0,car,0 days 00:03:08.882000,0 days 00:58:45.490000
2024-05-19 13:06:25.916,11183,222,5,100,False,0,car,0 days 00:03:09.322000,0 days 00:58:45.930000
2024-05-19 13:06:26.196,11450,225,5,100,False,0,car,0 days 00:03:09.602000,0 days 00:58:46.210000
2024-05-19 13:06:26.516,11147,226,5,87,False,0,car,0 days 00:03:09.922000,0 days 00:58:46.530000
2024-05-19 13:06:26.716,11100,222,5,0,True,0,car,0 days 00:03:10.122000,0 days 00:58:46.730000
2024-05-19 13:06:26.916,10444,210,5,0,True,0,car,0 days 00:03:10.322000,0 days 00:58:46.930000
2024-05-19 13:06:27.196,10139,183,5,0,True,0,car,0 days 00:03:10.602000,0 days 00:58:47.210000
2024-05-19 13:06:27.556,9839,160,5,0,True,0,car,0 days 00:03:10.962000,0 days 00:58:47.570000
2024-05-19 13:06:27.716,10286,147,5,0,True,0,car,0 days 00:03:11.122000,0 days 00:58:47.730000
2024-05-19 13:06:27.876,9688,141,3,0,True,0,car,0 days 00:03:11.282000,0 days 00:58:47.890000
2024-05-19 13:06:28.156,8929,128,3,0,True,0,car,0 days 00:03:11.562000,0 days 00:58:48.170000
2024-05-19 13:06:28.356,8258,120,3,0,True,0,car,0 days 00:03:11.762000,0 days 00:58:48.370000
2024-05-19 13:06:28.756,7565,109,3,0,True,0,car,0 days 00:03:12.162000,0 days 00:58:48.770000
2024-05-19 13:06:29.156,7163,101,3,0,False,0,car,0 days 00:03:12.562000,0 days 00:58:49.170000
2024-05-19 13:06:29.316,7412,98,3,1,False,0,car,0 days 00:03:12.722000,0 days 00:58:49.330000
2024-05-19 13:06:29.596,7221,97,3,12,False,0,car,0 days 00:03:13.002000,0 days 00:58:49.610000
2024-05-19 13:06:29.876,7477,98,3,28,False,0,car,0 days 00:03:13.282000,0 days 00:58:49.890000
2024-05-19 13:06:30.116,7662,101,3,35,False,0,car,0 days 00:03:13.522000,0 days 00:58:50.130000
2024-05-19 13:06:30.437,8152,106,3,51,False,0,car,0 days 00:03:13.843000,0 days 00:58:50.451000
2024-05-19 13:06:30.597,8496,111,3,55,False,0,car,0 days 00:03:14.003000,0 days 00:58:50.611000
2024-05-19 13:06:30.836,8752,115,3,60,False,0,car,0 days 00:03:14.242000,0 days 00:58:50.850000
2024-05-19 13:06:31.156,9442,124,3,85,False,0,car,0 days 00:03:14.562000,0 days 00:58:51.170000
2024-05-19 13:06:31.356,10470,133,3,100,False,0,car,0 days 00:03:14.762000,0 days 00:58:51.370000
2024-05-19 13:06:31.636,11266,147,3,100,False,0,car,0 days 00:03:15.042000,0 days 00:58:51.650000
2024-05-19 13:06:31.836,11646,151,3,100,False,0,car,0 days 00:03:15.242000,0 days 00:58:51.850000
2024-05-19 13:06:32.036,10386,159,3,100,False,0,car,0 days 00:03:15.442000,0 days 00:58:52.050000
2024-05-19 13:06:32.356,10733,175,4,100,False,0,car,0 days 00:03:15.762000,0 days 00:58:52.370000
2024-05-19 13:06:32.556,11248,183,4,100,False,0,car,0 days 00:03:15.962000,0 days 00:58:52.570000
2024-05-19 13:06:32.756,11562,189,4,100,False,0,car,0 days 00:03:16.162000,0 days 00:58:52.770000
2024-05-19 13:06:33.076,12044,198,4,100,False,0,car,0 days 00:03:16.482000,0 days 00:58:53.090000
2024-05-19 13:06:33.276,11204,204,4,100,False,0,car,0 days 00:03:16.682000,0 days 00:58:53.290000
2024-05-19 13:06:33.476,10965,209,5,100,False,0,car,0 days 00:03:16.882000,0 days 00:58:53.490000
2024-05-19 13:06:33.916,11462,222,5,100,False,0,car,0 days 00:03:17.322000,0 days 00:58:53.930000
2024-05-19 13:06:34.316,11381,231,5,100,False,0,car,0 days 00:03:17.722000,0 days 00:58:54.330000
2024-05-19 13:06:34.516,10534,235,6,100,False,0,car,0 days 00:03:17.922000,0 days 00:58:54.530000
2024-05-19 13:06:34.836,10825,241,6,100,False,0,car,0 days 00:03:18.242000,0 days 00:58:54.850000
2024-05-19 13:06:34.996,11013,245,6,100,False,0,car,0 days 00:03:18.402000,0 days 00:58:55.010000
2024-05-19 13:06:35.356,11192,249,6,100,False,0,car,0 days 00:03:18.762000,0 days 00:58:55.370000
2024-05-19 13:06:35.716,11390,253,6,100,False,0,car,0 days 00:03:19.122000,0 days 00:58:55.730000
2024-05-19 13:06:35.956,11446,256,6,100,False,0,car,0 days 00:03:19.362000,0 days 00:58:55.970000
2024-05-19 13:06:36.196,10749,260,6,100,False,0,car,0 days 00:03:19.602000,0 days 00:58:56.210000
2024-05-19 13:06:36.396,10437,261,7,100,False,0,car,0 days 00:03:19.802000,0 days 00:58:56.410000
2024-05-19 13:06:36.756,10410,262,7,100,False,0,car,0 days 00:03:20.162000,0 days 00:58:56.770000
2024-05-19 13:06:36.957,10465,263,7,100,False,0,car,0 days 00:03:20.363000,0 days 00:58:56.971000
2024-05-19 13:06:37.197,10549,264,7,100,False,0,car,0 days 00:03:20.603000,0 days 00:58:57.211000
2024-05-19 13:06:37.556,10646,265,7,100,False,0,car,0 days 00:03:20.962000,0 days 00:58:57.570000
2024-05-19 13:06:37.836,10598,265,7,100,False,0,car,0 days 00:03:21.242000,0 days 00:58:57.850000
2024-05-19 13:06:38.076,10506,266,7,100,False,0,car,0 days 00:03:21.482000,0 days 00:58:58.090000
2024-05-19 13:06:38.396,10546,266,7,100,False,0,car,0 days 00:03:21.802000,0 days 00:58:58.410000
2024-05-19 13:06:38.676,10365,267,7,26,True,0,car,0 days 00:03:22.082000,0 days 00:58:58.690000
2024-05-19 13:06:38.956,9906,253,7,0,True,0,car,0 days 00:03:22.362000,0 days 00:58:58.970000
2024-05-19 13:06:39.236,9864,229,7,0,True,0,car,0 days 00:03:22.642000,0 days 00:58:59.250000
2024-05-19 13:06:39.476,10827,217,6,0,True,0,car,0 days 00:03:22.882000,0 days 00:58:59.490000
2024-05-19 13:06:39.756,10086,212,5,0,True,0,car,0 days 00:03:23.162000,0 days 00:58:59.770000
2024-05-19 13:06:39.956,9993,198,5,4,False,0,car,0 days 00:03:23.362000,0 days 00:58:59.970000
2024-05-19 13:06:40.156,9659,192,5,38,False,0,car,0 days 00:03:23.562000,0 days 00:59:00.170000
2024-05-19 13:06:40.396,10039,193,5,73,False,0,car,0 days 00:03:23.802000,0 days 00:59:00.410000
2024-05-19 13:06:40.636,10410,196,5,92,False,0,car,0 days 00:03:24.042000,0 days 00:59:00.650000
2024-05-19 13:06:40.916,10740,204,5,100,False,0,car,0 days 00:03:24.322000,0 days 00:59:00.930000
2024-05-19 13:06:41.196,11059,211,5,100,False,0,car,0 days 00:03:24.602000,0 days 00:59:01.210000
2024-05-19 13:06:41.436,11332,217,5,100,False,0,car,0 days 00:03:24.842000,0 days 00:59:01.450000
2024-05-19 13:06:41.596,11444,220,5,100,False,0,car,0 days 00:03:25.002000,0 days 00:59:01.610000
2024-05-19 13:06:41.956,10985,227,5,100,False,0,car,0 days 00:03:25.362000,0 days 00:59:01.970000
2024-05-19 13:06:42.236,10504,232,6,100,False,0,car,0 days 00:03:25.642000,0 days 00:59:02.250000
2024-05-19 13:06:42.516,10711,239,6,100,False,0,car,0 days 00:03:25.922000,0 days 00:59:02.530000
2024-05-19 13:06:42.876,10968,243,6,100,False,0,car,0 days 00:03:26.282000,0 days 00:59:02.890000
2024-05-19 13:06:43.116,11324,250,6,100,False,0,car,0 days 00:03:26.522000,0 days 00:59:03.130000
2024-05-19 13:06:43.316,11365,253,6,100,False,0,car,0 days 00:03:26.722000,0 days 00:59:03.330000
2024-05-19 13:06:43.557,11783,257,6,100,False,0,car,0 days 00:03:26.963000,0 days 00:59:03.571000
2024-05-19 13:06:43.877,11660,258,6,100,False,0,car,0 days 00:03:27.283000,0 days 00:59:03.891000
2024-05-19 13:06:44.156,11696,262,6,100,False,0,car,0 days 00:03:27.562000,0 days 00:59:04.170000
2024-05-19 13:06:44.356,11033,264,6,100,False,0,car,0 days 00:03:27.762000,0 days 00:59:04.370000
2024-05-19 13:06:44.556,10650,266,7,100,False,0,car,0 days 00:03:27.962000,0 days 00:59:04.570000
2024-05-19 13:06:44.716,10586,267,7,100,False,0,car,0 days 00:03:28.122000,0 days 00:59:04.730000
2024-05-19 13:06:45.036,10658,267,7,100,False,0,car,0 days 00:03:28.442000,0 days 00:59:05.050000
2024-05-19 13:06:45.396,10355,268,7,76,False,0,car,0 days 00:03:28.802000,0 days 00:59:05.410000
2024-05-19 13:06:45.716,10336,264,7,0,False,0,car,0 days 00:03:29.122000,0 days 00:59:05.730000
2024-05-19 13:06:45.916,10060,264,7,0,False,0,car,0 days 00:03:29.322000,0 days 00:59:05.930000
2024-05-19 13:06:46.076,9804,256,7,0,False,0,car,0 days 00:03:29.482000,0 days 00:59:06.090000
2024-05-19 13:06:46.356,9358,248,7,0,True,0,car,0 days 00:03:29.762000,0 days 00:59:06.370000
2024-05-19 13:06:46.556,9378,240,7,0,True,0,car,0 days 00:03:29.962000,0 days 00:59:06.570000
2024-05-19 13:06:46.876,9359,216,6,0,True,0,car,0 days 00:03:30.282000,0 days 00:59:06.890000
2024-05-19 13:06:47.116,9345,188,6,0,True,0,car,0 days 00:03:30.522000,0 days 00:59:07.130000
2024-05-19 13:06:47.436,9545,173,5,0,True,0,car,0 days 00:03:30.842000,0 days 00:59:07.450000
2024-05-19 13:06:47.596,9087,155,4,0,True,0,car,0 days 00:03:31.002000,0 days 00:59:07.610000
2024-05-19 13:06:47.756,8835,150,4,0,True,0,car,0 days 00:03:31.162000,0 days 00:59:07.770000
2024-05-19 13:06:48.116,8000,138,4,0,False,0,car,0 days 00:03:31.522000,0 days 00:59:08.130000
2024-05-19 13:06:48.316,7817,135,4,0,False,0,car,0 days 00:03:31.722000,0 days 00:59:08.330000
2024-05-19 13:06:48.516,7851,133,4,4,False,0,car,0 days 00:03:31.922000,0 days 00:59:08.530000
2024-05-19 13:06:48.796,7815,127,4,34,False,0,car,0 days 00:03:32.202000,0 days 00:59:08.810000
2024-05-19 13:06:49.036,8199,130,4,57,False,0,car,0 days 00:03:32.442000,0 days 00:59:09.050000
2024-05-19 13:06:49.196,8349,136,4,79,False,0,car,0 days 00:03:32.602000,0 days 00:59:09.210000
2024-05-19 13:06:49.436,9515,141,4,100,False,0,car,0 days 00:03:32.842000,0 days 00:59:09.450000
2024-05-19 13:06:49.596,9284,150,4,100,False,0,car,0 days 00:03:33.002000,0 days 00:59:09.610000
2024-05-19 13:06:49.916,10030,160,4,100,False,0,car,0 days 00:03:33.322000,0 days 00:59:09.930000
2024-05-19 13:06:50.197,10594,170,4,100,False,0,car,0 days 00:03:33.603000,0 days 00:59:10.211000
2024-05-19 13:06:50.437,10966,177,4,100,False,0,car,0 days 00:03:33.843000,0 days 00:59:10.451000
2024-05-19 13:06:50.637,11385,183,4,100,False,0,car,0 days 00:03:34.043000,0 days 00:59:10.651000
2024-05-19 13:06:50.836,11682,183,4,100,False,0,car,0 days 00:03:34.242000,0 days 00:59:10.850000
2024-05-19 13:06:51.036,11867,196,4,100,False,0,car,0 days 00:03:34.442000,0 days 00:59:11.050000
2024-05-19 13:06:51.316,10503,204,4,100,False,0,car,0 days 00:03:34.722000,0 days 00:59:11.330000
2024-05-19 13:06:51.516,10913,209,5,100,False,0,car,0 days 00:03:34.922000,0 days 00:59:11.530000
2024-05-19 13:06:51.676,11053,213,5,100,False,0,car,0 days 00:03:35.082000,0 days 00:59:11.690000
2024-05-19 13:06:51.876,11385,217,5,100,False,0,car,0 days 00:03:35.282000,0 days 00:59:11.890000
2024-05-19 13:06:52.116,11567,225,5,100,False,0,car,0 days 00:03:35.522000,0 days 00:59:12.130000
2024-05-19 13:06:52.396,11589,231,5,100,False,0,car,0 days 00:03:35.802000,0 days 00:59:12.410000
2024-05-19 13:06:52.716,10699,236,6,100,False,0,car,0 days 00:03:36.122000,0 days 00:59:12.730000
2024-05-19 13:06:53.036,10816,242,6,100,False,0,car,0 days 00:03:36.442000,0 days 00:59:13.050000
2024-05-19 13:06:53.436,11104,248,6,100,False,0,car,0 days 00:03:36.842000,0 days 00:59:13.450000
2024-05-19 13:06:53.676,11204,250,6,100,False,0,car,0 days 00:03:37.082000,0 days 00:59:13.690000
2024-05-19 13:06:54.036,11234,253,6,100,False,0,car,0 days 00:03:37.442000,0 days 00:59:14.050000
2024-05-19 13:06:54.276,11293,253,6,100,False,0,car,0 days 00:03:37.682000,0 days 00:59:14.290000
2024-05-19 13:06:54.476,11323,254,6,100,False,0,car,0 days 00:03:37.882000,0 days 00:59:14.490000
2024-05-19 13:06:54.636,11381,254,6,100,False,0,car,0 days 00:03:38.042000,0 days 00:59:14.650000
2024-05-19 13:06:54.836,11398,255,6,100,False,0,car,0 days 00:03:38.242000,0 days 00:59:14.850000
2024-05-19 13:06:55.076,11410,256,6,100,False,0,car,0 days 00:03:38.482000,0 days 00:59:15.090000
2024-05-19 13:06:55.316,11125,252,6,0,True,0,car,0 days 00:03:38.722000,0 days 00:59:15.330000
2024-05-19 13:06:55.756,10440,215,6,0,True,0,car,0 days 00:03:39.162000,0 days 00:59:15.770000
2024-05-19 13:06:55.916,10020,196,6,0,True,0,car,0 days 00:03:39.322000,0 days 00:59:15.930000
2024-05-19 13:06:56.196,9301,169,6,0,True,0,car,0 days 00:03:39.602000,0 days 00:59:16.210000
2024-05-19 13:06:56.516,8804,157,4,0,True,0,car,0 days 00:03:39.922000,0 days 00:59:16.530000
2024-05-19 13:06:56.677,8631,147,4,0,True,0,car,0 days 00:03:40.083000,0 days 00:59:16.691000
2024-05-19 13:06:56.877,7910,139,4,0,True,0,car,0 days 00:03:40.283000,0 days 00:59:16.891000
2024-05-19 13:06:57.037,7629,132,4,0,True,0,car,0 days 00:03:40.443000,0 days 00:59:17.051000
2024-05-19 13:06:57.317,7213,124,4,0,True,0,car,0 days 00:03:40.723000,0 days 00:59:17.331000
2024-05-19 13:06:57.556,6965,120,4,0,False,0,car,0 days 00:03:40.962000,0 days 00:59:17.570000
2024-05-19 13:06:57.876,7536,115,4,0,True,0,car,0 days 00:03:41.282000,0 days 00:59:17.890000
2024-05-19 13:06:58.196,7669,110,3,0,True,0,car,0 days 00:03:41.602000,0 days 00:59:18.210000
2024-05-19 13:06:58.356,7497,110,3,0,False,0,car,0 days 00:03:41.762000,0 days 00:59:18.370000
2024-05-19 13:06:58.836,7794,102,3,31,False,0,car,0 days 00:03:42.242000,0 days 00:59:18.850000
2024-05-19 13:06:59.116,8302,108,3,43,False,0,car,0 days 00:03:42.522000,0 days 00:59:19.130000
2024-05-19 13:06:59.356,8826,113,3,69,False,0,car,0 days 00:03:42.762000,0 days 00:59:19.370000
2024-05-19 13:06:59.676,9607,126,3,90,False,0,car,0 days 00:03:43.082000,0 days 00:59:19.690000
2024-05-19 13:06:59.836,10167,129,3,90,False,0,car,0 days 00:03:43.242000,0 days 00:59:19.850000
2024-05-19 13:07:00.036,11221,145,3,100,False,0,car,0 days 00:03:43.442000,0 days 00:59:20.050000
2024-05-19 13:07:00.436,10509,162,3,100,False,0,car,0 days 00:03:43.842000,0 days 00:59:20.450000
2024-05-19 13:07:00.836,11051,170,4,100,False,0,car,0 days 00:03:44.242000,0 days 00:59:20.850000
2024-05-19 13:07:01.236,11746,193,4,100,False,0,car,0 days 00:03:44.642000,0 days 00:59:21.250000
2024-05-19 13:07:01.396,11950,198,4,100,False,0,car,0 days 00:03:44.802000,0 days 00:59:21.410000
2024-05-19 13:07:01.556,11250,201,4,100,False,0,car,0 days 00:03:44.962000,0 days 00:59:21.570000
2024-05-19 13:07:01.716,10674,207,5,100,False,0,car,0 days 00:03:45.122000,0 days 00:59:21.730000
2024-05-19 13:07:02.036,10999,213,5,100,False,0,car,0 days 00:03:45.442000,0 days 00:59:22.050000
2024-05-19 13:07:02.396,11089,216,5,100,False,0,car,0 days 00:03:45.802000,0 days 00:59:22.410000
2024-05-19 13:07:02.676,11504,221,5,100,False,0,car,0 days 00:03:46.082000,0 days 00:59:22.690000
2024-05-19 13:07:02.916,11613,226,5,100,False,0,car,0 days 00:03:46.322000,0 days 00:59:22.930000
2024-05-19 13:07:03.237,10890,242,5,100,False,0,car,0 days 00:03:46.643000,0 days 00:59:23.251000
2024-05-19 13:07:03.477,11147,244,6,100,False,0,car,0 days 00:03:46.883000,0 days 00:59:23.491000
2024-05-19 13:07:03.637,11179,249,6,100,False,0,car,0 days 00:03:47.043000,0 days 00:59:23.651000
2024-05-19 13:07:03.797,11311,252,6,100,False,0,car,0 days 00:03:47.203000,0 days 00:59:23.811000
2024-05-19 13:07:04.117,11527,257,6,100,False,0,car,0 days 00:03:47.523000,0 days 00:59:24.131000
2024-05-19 13:07:04.356,11628,260,6,100,False,0,car,0 days 00:03:47.762000,0 days 00:59:24.370000
2024-05-19 13:07:04.556,10997,263,6,100,False,0,car,0 days 00:03:47.962000,0 days 00:59:24.570000
2024-05-19 13:07:04.716,10649,265,7,100,False,0,car,0 days 00:03:48.122000,0 days 00:59:24.730000
2024-05-19 13:07:04.956,10658,268,7,100,False,0,car,0 days 00:03:48.362000,0 days 00:59:24.970000
2024-05-19 13:07:05.116,10733,270,7,100,False,0,car,0 days 00:03:48.522000,0 days 00:59:25.130000
2024-05-19 13:07:05.276,10857,271,7,100,False,0,car,0 days 00:03:48.682000,0 days 00:59:25.290000
2024-05-19 13:07:05.476,10942,273,7,100,False,0,car,0 days 00:03:48.882000,0 days 00:59:25.490000
2024-05-19 13:07:05.636,10961,275,7,100,False,0,car,0 days 00:03:49.042000,0 days 00:59:25.650000
2024-05-19 13:07:05.996,11077,278,7,100,False,0,car,0 days 00:03:49.402000,0 days 00:59:26.010000
2024-05-19 13:07:06.316,11182,282,7,100,False,0,car,0 days 00:03:49.722000,0 days 00:59:26.330000
2024-05-19 13:07:06.476,11182,282,7,100,False,0,car,0 days 00:03:49.882000,0 days 00:59:26.490000
2024-05-19 13:07:06.796,11260,283,7,100,False,0,car,0 days 00:03:50.202000,0 days 00:59:26.810000
2024-05-19 13:07:06.996,11246,284,7,100,False,0,car,0 days 00:03:50.402000,0 days 00:59:27.010000
2024-05-19 13:07:07.196,11323,284,7,100,False,0,car,0 days 00:03:50.602000,0 days 00:59:27.210000
2024-05-19 13:07:07.476,11205,284,7,100,False,0,car,0 days 00:03:50.882000,0 days 00:59:27.490000
2024-05-19 13:07:07.876,11156,282,7,100,False,0,car,0 days 00:03:51.282000,0 days 00:59:27.890000
2024-05-19 13:07:08.036,11156,282,7,100,False,0,car,0 days 00:03:51.442000,0 days 00:59:28.050000
2024-05-19 13:07:08.236,10789,280,7,12,False,0,car,0 days 00:03:51.642000,0 days 00:59:28.250000
2024-05-19 13:07:08.476,10596,275,7,0,True,0,car,0 days 00:03:51.882000,0 days 00:59:28.490000
2024-05-19 13:07:08.836,10095,249,7,0,True,0,car,0 days 00:03:52.242000,0 days 00:59:28.850000
2024-05-19 13:07:09.076,9769,227,7,0,True,0,car,0 days 00:03:52.482000,0 days 00:59:29.090000
2024-05-19 13:07:09.236,9964,214,6,0,True,0,car,0 days 00:03:52.642000,0 days 00:59:29.250000
2024-05-19 13:07:09.516,10791,173,6,0,True,0,car,0 days 00:03:52.922000,0 days 00:59:29.530000
2024-05-19 13:07:09.917,10087,145,4,0,True,0,car,0 days 00:03:53.323000,0 days 00:59:29.931000
2024-05-19 13:07:10.117,9323,134,3,0,True,0,car,0 days 00:03:53.523000,0 days 00:59:30.131000
2024-05-19 13:07:10.517,8454,120,3,0,True,0,car,0 days 00:03:53.923000,0 days 00:59:30.531000
2024-05-19 13:07:10.797,8241,117,3,3,False,0,car,0 days 00:03:54.203000,0 days 00:59:30.811000
2024-05-19 13:07:10.996,8189,113,3,10,False,0,car,0 days 00:03:54.402000,0 days 00:59:31.010000
2024-05-19 13:07:11.316,8708,116,3,50,False,0,car,0 days 00:03:54.722000,0 days 00:59:31.330000
2024-05-19 13:07:11.596,9347,122,3,59,False,0,car,0 days 00:03:55.002000,0 days 00:59:31.610000
2024-05-19 13:07:11.876,9885,126,3,67,False,0,car,0 days 00:03:55.282000,0 days 00:59:31.890000
2024-05-19 13:07:12.156,10385,134,3,86,False,0,car,0 days 00:03:55.562000,0 days 00:59:32.170000
2024-05-19 13:07:12.476,10982,147,3,99,False,0,car,0 days 00:03:55.882000,0 days 00:59:32.490000
2024-05-19 13:07:12.716,9989,160,4,100,False,0,car,0 days 00:03:56.122000,0 days 00:59:32.730000
2024-05-19 13:07:12.876,10569,163,4,98,False,0,car,0 days 00:03:56.282000,0 days 00:59:32.890000
2024-05-19 13:07:13.196,9080,157,4,0,True,0,car,0 days 00:03:56.602000,0 days 00:59:33.210000
2024-05-19 13:07:13.596,8904,148,4,0,True,0,car,0 days 00:03:57.002000,0 days 00:59:33.610000
2024-05-19 13:07:13.876,8527,144,4,1,True,0,car,0 days 00:03:57.282000,0 days 00:59:33.890000
2024-05-19 13:07:14.116,8527,139,4,1,True,0,car,0 days 00:03:57.522000,0 days 00:59:34.130000
2024-05-19 13:07:14.316,8417,137,4,1,True,0,car,0 days 00:03:57.722000,0 days 00:59:34.330000
2024-05-19 13:07:14.516,8675,138,4,49,False,0,car,0 days 00:03:57.922000,0 days 00:59:34.530000
2024-05-19 13:07:14.716,8702,141,4,60,False,0,car,0 days 00:03:58.122000,0 days 00:59:34.730000
2024-05-19 13:07:15.036,9262,148,4,74,False,0,car,0 days 00:03:58.442000,0 days 00:59:35.050000
2024-05-19 13:07:15.236,9676,153,4,78,False,0,car,0 days 00:03:58.642000,0 days 00:59:35.250000
2024-05-19 13:07:15.436,9676,160,4,90,False,0,car,0 days 00:03:58.842000,0 days 00:59:35.450000
2024-05-19 13:07:15.836,11204,171,4,100,False,0,car,0 days 00:03:59.242000,0 days 00:59:35.850000
2024-05-19 13:07:16.076,11462,182,4,100,False,0,car,0 days 00:03:59.482000,0 days 00:59:36.090000
2024-05-19 13:07:16.236,11882,188,4,100,False,0,car,0 days 00:03:59.642000,0 days 00:59:36.250000
2024-05-19 13:07:16.397,11516,196,4,100,False,0,car,0 days 00:03:59.803000,0 days 00:59:36.411000
2024-05-19 13:07:16.677,10538,199,5,100,False,0,car,0 days 00:04:00.083000,0 days 00:59:36.691000
2024-05-19 13:07:16.877,10858,207,5,100,False,0,car,0 days 00:04:00.283000,0 days 00:59:36.891000
2024-05-19 13:07:17.077,11082,213,5,100,False,0,car,0 days 00:04:00.483000,0 days 00:59:37.091000
2024-05-19 13:07:17.277,11222,218,5,100,False,0,car,0 days 00:04:00.683000,0 days 00:59:37.291000
2024-05-19 13:07:17.597,11725,228,5,100,False,0,car,0 days 00:04:01.003000,0 days 00:59:37.611000
2024-05-19 13:07:17.756,11768,228,5,100,False,0,car,0 days 00:04:01.162000,0 days 00:59:37.770000
2024-05-19 13:07:17.996,10695,236,5,100,False,0,car,0 days 00:04:01.402000,0 days 00:59:38.010000
2024-05-19 13:07:18.316,10897,242,6,100,False,0,car,0 days 00:04:01.722000,0 days 00:59:38.330000
2024-05-19 13:07:18.476,10897,244,6,100,False,0,car,0 days 00:04:01.882000,0 days 00:59:38.490000
2024-05-19 13:07:18.756,11206,249,6,100,False,0,car,0 days 00:04:02.162000,0 days 00:59:38.770000
2024-05-19 13:07:19.076,11361,253,6,100,False,0,car,0 days 00:04:02.482000,0 days 00:59:39.090000
2024-05-19 13:07:20.196,10782,271,7,100,False,0,car,0 days 00:04:03.602000,0 days 00:59:40.210000
2024-05-19 13:07:20.396,10843,272,7,100,False,0,car,0 days 00:04:03.802000,0 days 00:59:40.410000
2024-05-19 13:07:20.676,10938,275,7,100,False,0,car,0 days 00:04:04.082000,0 days 00:59:40.690000
2024-05-19 13:07:20.956,11041,277,7,100,False,0,car,0 days 00:04:04.362000,0 days 00:59:40.970000
2024-05-19 13:07:21.116,11090,280,7,100,False,0,car,0 days 00:04:04.522000,0 days 00:59:41.130000
2024-05-19 13:07:21.276,11157,282,7,100,False,0,car,0 days 00:04:04.682000,0 days 00:59:41.290000
2024-05-19 13:07:21.476,11288,283,7,100,False,0,car,0 days 00:04:04.882000,0 days 00:59:41.490000
2024-05-19 13:07:21.636,11268,285,7,100,False,0,car,0 days 00:04:05.042000,0 days 00:59:41.650000
2024-05-19 13:07:21.996,11397,288,7,100,False,0,car,0 days 00:04:05.402000,0 days 00:59:42.010000
2024-05-19 13:07:22.236,11481,290,7,100,False,0,car,0 days 00:04:05.642000,0 days 00:59:42.250000
2024-05-19 13:07:22.676,11501,292,7,100,False,0,car,0 days 00:04:06.082000,0 days 00:59:42.690000
2024-05-19 13:07:22.916,11339,293,7,100,False,0,car,0 days 00:04:06.322000,0 days 00:59:42.930000
2024-05-19 13:07:23.117,10560,296,8,100,False,0,car,0 days 00:04:06.523000,0 days 00:59:43.131000
2024-05-19 13:07:23.357,10624,297,8,100,False,0,car,0 days 00:04:06.763000,0 days 00:59:43.371000
2024-05-19 13:07:23.597,10662,298,8,100,False,0,car,0 days 00:04:07.003000,0 days 00:59:43.611000
2024-05-19 13:07:23.877,10733,300,8,100,False,0,car,0 days 00:04:07.283000,0 days 00:59:43.891000
2024-05-19 13:07:24.077,10721,301,8,100,False,0,car,0 days 00:04:07.483000,0 days 00:59:44.091000
2024-05-19 13:07:24.317,10765,303,8,100,False,0,car,0 days 00:04:07.723000,0 days 00:59:44.331000
2024-05-19 13:07:24.476,10799,303,8,100,False,0,car,0 days 00:04:07.882000,0 days 00:59:44.490000
2024-05-19 13:07:24.796,10815,305,8,100,False,0,car,0 days 00:04:08.202000,0 days 00:59:44.810000
2024-05-19 13:07:25.076,10815,306,8,100,False,0,car,0 days 00:04:08.482000,0 days 00:59:45.090000
2024-05-19 13:07:25.276,10854,306,8,100,False,0,car,0 days 00:04:08.682000,0 days 00:59:45.290000
2024-05-19 13:07:25.516,10973,307,8,100,False,0,car,0 days 00:04:08.922000,0 days 00:59:45.530000
2024-05-19 13:07:25.836,10973,308,8,100,False,0,car,0 days 00:04:09.242000,0 days 00:59:45.850000
2024-05-19 13:07:26.036,10973,308,8,100,False,0,car,0 days 00:04:09.442000,0 days 00:59:46.050000
2024-05-19 13:07:26.356,10999,309,8,100,False,0,car,0 days 00:04:09.762000,0 days 00:59:46.370000
2024-05-19 13:07:26.516,10999,309,8,100,False,0,car,0 days 00:04:09.922000,0 days 00:59:46.530000
2024-05-19 13:07:26.756,11041,310,8,100,False,0,car,0 days 00:04:10.162000,0 days 00:59:46.770000
2024-05-19 13:07:26.956,10898,310,8,100,False,0,car,0 days 00:04:10.362000,0 days 00:59:46.970000
2024-05-19 13:07:27.156,10977,309,8,100,False,0,car,0 days 00:04:10.562000,0 days 00:59:47.170000
2024-05-19 13:07:27.596,10919,307,8,100,False,0,car,0 days 00:04:11.002000,0 days 00:59:47.610000
2024-05-19 13:07:27.756,10909,307,8,100,False,0,car,0 days 00:04:11.162000,0 days 00:59:47.770000
2024-05-19 13:07:27.996,10937,307,8,100,False,0,car,0 days 00:04:11.402000,0 days 00:59:48.010000
2024-05-19 13:07:28.396,10886,306,8,100,False,0,car,0 days 00:04:11.802000,0 days 00:59:48.410000
2024-05-19 13:07:28.636,10879,305,8,100,False,0,car,0 days 00:04:12.042000,0 days 00:59:48.650000
2024-05-19 13:07:28.836,10865,305,8,100,False,0,car,0 days 00:04:12.242000,0 days 00:59:48.850000
2024-05-19 13:07:29.076,10762,304,8,100,False,0,car,0 days 00:04:12.482000,0 days 00:59:49.090000
2024-05-19 13:07:29.236,10779,304,8,100,False,0,car,0 days 00:04:12.642000,0 days 00:59:49.250000
2024-05-19 13:07:29.476,10737,303,8,100,False,0,car,0 days 00:04:12.882000,0 days 00:59:49.490000
2024-05-19 13:07:29.917,10642,299,8,100,False,0,car,0 days 00:04:13.323000,0 days 00:59:49.931000
2024-05-19 13:07:30.197,10596,298,8,100,False,0,car,0 days 00:04:13.603000,0 days 00:59:50.211000
2024-05-19 13:07:30.437,10187,294,8,0,False,0,car,0 days 00:04:13.843000,0 days 00:59:50.451000
2024-05-19 13:07:30.717,9854,285,8,0,True,0,car,0 days 00:04:14.123000,0 days 00:59:50.731000
2024-05-19 13:07:31.037,8967,260,8,0,True,0,car,0 days 00:04:14.443000,0 days 00:59:51.051000
2024-05-19 13:07:31.356,9682,226,7,0,True,0,car,0 days 00:04:14.762000,0 days 00:59:51.370000
2024-05-19 13:07:31.716,9767,189,7,0,True,0,car,0 days 00:04:15.122000,0 days 00:59:51.730000
2024-05-19 13:07:32.116,9785,167,5,0,True,0,car,0 days 00:04:15.522000,0 days 00:59:52.130000
2024-05-19 13:07:32.316,9475,160,4,0,True,0,car,0 days 00:04:15.722000,0 days 00:59:52.330000
2024-05-19 13:07:32.476,9198,157,4,3,False,0,car,0 days 00:04:15.882000,0 days 00:59:52.490000
2024-05-19 13:07:32.756,9314,152,4,42,False,0,car,0 days 00:04:16.162000,0 days 00:59:52.770000
2024-05-19 13:07:33.156,9716,156,4,72,False,0,car,0 days 00:04:16.562000,0 days 00:59:53.170000
2024-05-19 13:07:33.396,10168,163,4,90,False,0,car,0 days 00:04:16.802000,0 days 00:59:53.410000
2024-05-19 13:07:33.716,10505,172,4,64,False,0,car,0 days 00:04:17.122000,0 days 00:59:53.730000
2024-05-19 13:07:33.996,10739,172,4,44,False,0,car,0 days 00:04:17.402000,0 days 00:59:54.010000
2024-05-19 13:07:34.196,10761,173,4,50,False,0,car,0 days 00:04:17.602000,0 days 00:59:54.210000
2024-05-19 13:07:35.316,10546,197,5,100,False,0,car,0 days 00:04:18.722000,0 days 00:59:55.330000
2024-05-19 13:07:35.476,10773,206,5,100,False,0,car,0 days 00:04:18.882000,0 days 00:59:55.490000
2024-05-19 13:07:35.676,10984,212,5,100,False,0,car,0 days 00:04:19.082000,0 days 00:59:55.690000
2024-05-19 13:07:35.916,11336,219,5,100,False,0,car,0 days 00:04:19.322000,0 days 00:59:55.930000
2024-05-19 13:07:36.157,10739,222,5,100,False,0,car,0 days 00:04:19.563000,0 days 00:59:56.171000
2024-05-19 13:07:36.437,10472,228,6,100,False,0,car,0 days 00:04:19.843000,0 days 00:59:56.451000
2024-05-19 13:07:36.757,10600,232,6,100,False,0,car,0 days 00:04:20.163000,0 days 00:59:56.771000
2024-05-19 13:07:36.997,10740,238,6,100,False,0,car,0 days 00:04:20.403000,0 days 00:59:57.011000
2024-05-19 13:07:37.357,10980,243,6,100,False,0,car,0 days 00:04:20.763000,0 days 00:59:57.371000
2024-05-19 13:07:37.517,11145,246,6,100,False,0,car,0 days 00:04:20.923000,0 days 00:59:57.531000
2024-05-19 13:07:37.916,11387,253,6,100,False,0,car,0 days 00:04:21.322000,0 days 00:59:57.930000
2024-05-19 13:07:38.356,11533,259,6,100,False,0,car,0 days 00:04:21.762000,0 days 00:59:58.370000
2024-05-19 13:07:38.556,11664,261,6,100,False,0,car,0 days 00:04:21.962000,0 days 00:59:58.570000
2024-05-19 13:07:38.796,10400,266,7,100,False,0,car,0 days 00:04:22.202000,0 days 00:59:58.810000
2024-05-19 13:07:38.956,10649,267,7,100,False,0,car,0 days 00:04:22.362000,0 days 00:59:58.970000
2024-05-19 13:07:39.236,10793,271,7,100,False,0,car,0 days 00:04:22.642000,0 days 00:59:59.250000
2024-05-19 13:07:39.516,10885,274,7,100,False,0,car,0 days 00:04:22.922000,0 days 00:59:59.530000
2024-05-19 13:07:39.796,10982,277,7,100,False,0,car,0 days 00:04:23.202000,0 days 00:59:59.810000
2024-05-19 13:07:39.996,11144,279,7,100,False,0,car,0 days 00:04:23.402000,0 days 01:00:00.010000
2024-05-19 13:07:40.236,11064,280,7,100,False,0,car,0 days 00:04:23.642000,0 days 01:00:00.250000
2024-05-19 13:07:40.396,11079,280,7,100,False,0,car,0 days 00:04:23.802000,0 days 01:00:00.410000
2024-05-19 13:07:40.636,11037,279,7,100,False,0,car,0 days 00:04:24.042000,0 days 01:00:00.650000
2024-05-19 13:07:41.036,11030,279,7,100,False,0,car,0 days 00:04:24.442000,0 days 01:00:01.050000
2024-05-19 13:07:41.436,10460,278,7,100,False,0,car,0 days 00:04:24.842000,0 days 01:00:01.450000
2024-05-19 13:07:41.676,10279,275,7,0,True,0,car,0 days 00:04:25.082000,0 days 01:00:01.690000
2024-05-19 13:07:41.836,10096,259,7,0,True,0,car,0 days 00:04:25.242000,0 days 01:00:01.850000
2024-05-19 13:07:42.276,10542,239,6,0,True,0,car,0 days 00:04:25.682000,0 days 01:00:02.290000
2024-05-19 13:07:42.556,10026,233,6,0,True,0,car,0 days 00:04:25.962000,0 days 01:00:02.570000
2024-05-19 13:07:42.837,10026,222,6,0,True,0,car,0 days 00:04:26.243000,0 days 01:00:02.851000
2024-05-19 13:07:43.077,10402,202,6,0,True,0,car,0 days 00:04:26.483000,0 days 01:00:03.091000
2024-05-19 13:07:43.317,10402,182,5,0,True,0,car,0 days 00:04:26.723000,0 days 01:00:03.331000
2024-05-19 13:07:43.517,9422,173,5,0,True,0,car,0 days 00:04:26.923000,0 days 01:00:03.531000
2024-05-19 13:07:43.717,9558,166,5,0,True,0,car,0 days 00:04:27.123000,0 days 01:00:03.731000
2024-05-19 13:07:44.157,9630,156,4,41,False,0,car,0 days 00:04:27.563000,0 days 01:00:04.171000
2024-05-19 13:07:44.317,9797,157,4,58,False,0,car,0 days 00:04:27.723000,0 days 01:00:04.331000
2024-05-19 13:07:44.477,9904,157,4,73,False,0,car,0 days 00:04:27.883000,0 days 01:00:04.491000
2024-05-19 13:07:44.716,10184,166,4,84,False,0,car,0 days 00:04:28.122000,0 days 01:00:04.730000
2024-05-19 13:07:44.956,10778,173,4,100,False,0,car,0 days 00:04:28.362000,0 days 01:00:04.970000
2024-05-19 13:07:45.356,11333,186,4,100,False,0,car,0 days 00:04:28.762000,0 days 01:00:05.370000
2024-05-19 13:07:45.556,11229,191,4,100,False,0,car,0 days 00:04:28.962000,0 days 01:00:05.570000
2024-05-19 13:07:45.716,10386,196,4,100,False,0,car,0 days 00:04:29.122000,0 days 01:00:05.730000
2024-05-19 13:07:45.956,10501,201,5,100,False,0,car,0 days 00:04:29.362000,0 days 01:00:05.970000
2024-05-19 13:07:46.396,11083,215,5,100,False,0,car,0 days 00:04:29.802000,0 days 01:00:06.410000
2024-05-19 13:07:46.676,11300,218,5,100,False,0,car,0 days 00:04:30.082000,0 days 01:00:06.690000
2024-05-19 13:07:46.876,11359,224,5,100,False,0,car,0 days 00:04:30.282000,0 days 01:00:06.890000
2024-05-19 13:07:47.156,11522,226,5,100,False,0,car,0 days 00:04:30.562000,0 days 01:00:07.170000
2024-05-19 13:07:47.436,11887,227,5,53,False,0,car,0 days 00:04:30.842000,0 days 01:00:07.450000
2024-05-19 13:07:47.676,11046,224,5,0,True,0,car,0 days 00:04:31.082000,0 days 01:00:07.690000
2024-05-19 13:07:47.956,10486,224,5,0,True,0,car,0 days 00:04:31.362000,0 days 01:00:07.970000
2024-05-19 13:07:48.196,10197,169,5,0,True,0,car,0 days 00:04:31.602000,0 days 01:00:08.210000
2024-05-19 13:07:48.476,10915,156,4,0,True,0,car,0 days 00:04:31.882000,0 days 01:00:08.490000
2024-05-19 13:07:48.836,9342,134,3,0,True,0,car,0 days 00:04:32.242000,0 days 01:00:08.850000
2024-05-19 13:07:49.236,8424,118,3,0,True,0,car,0 days 00:04:32.642000,0 days 01:00:09.250000
2024-05-19 13:07:49.397,8284,113,3,0,True,0,car,0 days 00:04:32.803000,0 days 01:00:09.411000
2024-05-19 13:07:49.597,7465,110,3,0,True,0,car,0 days 00:04:33.003000,0 days 01:00:09.611000
2024-05-19 13:07:49.757,7295,105,3,0,True,0,car,0 days 00:04:33.163000,0 days 01:00:09.771000
2024-05-19 13:07:50.077,6925,100,3,0,False,0,car,0 days 00:04:33.483000,0 days 01:00:10.091000
2024-05-19 13:07:50.557,7204,95,3,5,False,0,car,0 days 00:04:33.963000,0 days 01:00:10.571000
2024-05-19 13:07:50.877,7467,99,3,38,False,0,car,0 days 00:04:34.283000,0 days 01:00:10.891000
2024-05-19 13:07:51.157,7806,103,3,51,False,0,car,0 days 00:04:34.563000,0 days 01:00:11.171000
2024-05-19 13:07:51.556,8704,110,3,65,False,0,car,0 days 00:04:34.962000,0 days 01:00:11.570000
2024-05-19 13:07:51.916,9476,124,3,80,False,0,car,0 days 00:04:35.322000,0 days 01:00:11.930000
2024-05-19 13:07:52.196,10691,138,3,100,False,0,car,0 days 00:04:35.602000,0 days 01:00:12.210000
2024-05-19 13:07:52.396,11255,148,3,100,False,0,car,0 days 00:04:35.802000,0 days 01:00:12.410000
2024-05-19 13:07:52.596,11569,153,3,100,False,0,car,0 days 00:04:36.002000,0 days 01:00:12.610000
2024-05-19 13:07:52.956,10498,168,4,100,False,0,car,0 days 00:04:36.362000,0 days 01:00:12.970000
2024-05-19 13:07:53.156,10962,176,4,100,False,0,car,0 days 00:04:36.562000,0 days 01:00:13.170000
2024-05-19 13:07:53.436,11381,186,4,100,False,0,car,0 days 00:04:36.842000,0 days 01:00:13.450000
2024-05-19 13:07:53.596,11688,193,4,100,False,0,car,0 days 00:04:37.002000,0 days 01:00:13.610000
2024-05-19 13:07:53.796,11988,199,4,100,False,0,car,0 days 00:04:37.202000,0 days 01:00:13.810000
2024-05-19 13:07:54.116,10691,207,5,100,False,0,car,0 days 00:04:37.522000,0 days 01:00:14.130000
2024-05-19 13:07:54.356,10973,212,5,100,False,0,car,0 days 00:04:37.762000,0 days 01:00:14.370000
2024-05-19 13:07:54.596,11329,220,5,100,False,0,car,0 days 00:04:38.002000,0 days 01:00:14.610000
2024-05-19 13:07:55.036,11760,229,5,100,False,0,car,0 days 00:04:38.442000,0 days 01:00:15.050000
2024-05-19 13:07:55.756,10939,242,6,100,False,0,car,0 days 00:04:39.162000,0 days 01:00:15.770000
2024-05-19 13:07:55.917,11070,246,6,100,False,0,car,0 days 00:04:39.323000,0 days 01:00:15.931000
2024-05-19 13:07:56.077,11136,248,6,100,False,0,car,0 days 00:04:39.483000,0 days 01:00:16.091000
2024-05-19 13:07:56.277,11219,250,6,100,False,0,car,0 days 00:04:39.683000,0 days 01:00:16.291000
2024-05-19 13:07:56.597,11363,256,6,100,False,0,car,0 days 00:04:40.003000,0 days 01:00:16.611000
2024-05-19 13:07:56.757,11466,257,6,100,False,0,car,0 days 00:04:40.163000,0 days 01:00:16.771000
2024-05-19 13:07:57.037,11622,260,6,100,False,0,car,0 days 00:04:40.443000,0 days 01:00:17.051000
2024-05-19 13:07:57.237,11497,261,6,100,False,0,car,0 days 00:04:40.643000,0 days 01:00:17.251000
2024-05-19 13:07:57.397,10585,262,6,100,False,0,car,0 days 00:04:40.803000,0 days 01:00:17.411000
2024-05-19 13:07:57.637,10457,263,7,100,False,0,car,0 days 00:04:41.043000,0 days 01:00:17.651000
2024-05-19 13:07:57.997,10593,265,7,100,False,0,car,0 days 00:04:41.403000,0 days 01:00:18.011000
2024-05-19 13:07:58.276,10597,265,7,100,False,0,car,0 days 00:04:41.682000,0 days 01:00:18.290000
2024-05-19 13:07:58.436,10516,266,7,100,False,0,car,0 days 00:04:41.842000,0 days 01:00:18.450000
2024-05-19 13:07:58.636,10560,266,7,100,False,0,car,0 days 00:04:42.042000,0 days 01:00:18.650000
2024-05-19 13:07:58.916,10624,267,7,100,False,0,car,0 days 00:04:42.322000,0 days 01:00:18.930000
2024-05-19 13:07:59.236,10606,267,7,100,False,0,car,0 days 00:04:42.642000,0 days 01:00:19.250000
2024-05-19 13:07:59.476,10095,267,7,0,True,0,car,0 days 00:04:42.882000,0 days 01:00:19.490000
2024-05-19 13:07:59.636,10016,257,7,0,True,0,car,0 days 00:04:43.042000,0 days 01:00:19.650000
2024-05-19 13:07:59.916,10003,236,7,0,True,0,car,0 days 00:04:43.322000,0 days 01:00:19.930000
2024-05-19 13:08:00.076,10501,236,7,0,True,0,car,0 days 00:04:43.482000,0 days 01:00:20.090000
2024-05-19 13:08:00.236,10773,216,7,0,True,0,car,0 days 00:04:43.642000,0 days 01:00:20.250000
2024-05-19 13:08:00.476,10404,209,5,2,True,0,car,0 days 00:04:43.882000,0 days 01:00:20.490000
2024-05-19 13:08:00.676,10232,205,5,12,False,0,car,0 days 00:04:44.082000,0 days 01:00:20.690000
2024-05-19 13:08:00.876,10310,200,5,51,False,0,car,0 days 00:04:44.282000,0 days 01:00:20.890000
2024-05-19 13:08:01.116,10471,200,5,77,False,0,car,0 days 00:04:44.522000,0 days 01:00:21.130000
2024-05-19 13:08:01.356,10575,203,5,88,False,0,car,0 days 00:04:44.762000,0 days 01:00:21.370000
2024-05-19 13:08:01.516,10783,206,5,84,False,0,car,0 days 00:04:44.922000,0 days 01:00:21.530000
2024-05-19 13:08:01.716,10921,209,5,94,False,0,car,0 days 00:04:45.122000,0 days 01:00:21.730000
2024-05-19 13:08:01.996,11207,215,5,100,False,0,car,0 days 00:04:45.402000,0 days 01:00:22.010000
2024-05-19 13:08:02.156,11258,217,5,100,False,0,car,0 days 00:04:45.562000,0 days 01:00:22.170000
2024-05-19 13:08:02.316,11423,221,5,100,False,0,car,0 days 00:04:45.722000,0 days 01:00:22.330000
2024-05-19 13:08:02.597,11630,228,5,100,False,0,car,0 days 00:04:46.003000,0 days 01:00:22.611000
2024-05-19 13:08:02.957,10644,234,6,100,False,0,car,0 days 00:04:46.363000,0 days 01:00:22.971000
2024-05-19 13:08:03.277,10860,240,6,100,False,0,car,0 days 00:04:46.683000,0 days 01:00:23.291000
2024-05-19 13:08:03.597,11177,247,6,100,False,0,car,0 days 00:04:47.003000,0 days 01:00:23.611000
2024-05-19 13:08:03.757,11177,247,6,100,False,0,car,0 days 00:04:47.163000,0 days 01:00:23.771000
2024-05-19 13:08:03.997,11404,254,6,100,False,0,car,0 days 00:04:47.403000,0 days 01:00:24.011000
2024-05-19 13:08:04.197,11673,256,6,100,False,0,car,0 days 00:04:47.603000,0 days 01:00:24.211000
2024-05-19 13:08:04.477,10787,256,6,100,False,0,car,0 days 00:04:47.883000,0 days 01:00:24.491000
2024-05-19 13:08:04.757,10453,265,7,100,False,0,car,0 days 00:04:48.163000,0 days 01:00:24.771000
2024-05-19 13:08:04.916,10631,267,7,100,False,0,car,0 days 00:04:48.322000,0 days 01:00:24.930000
2024-05-19 13:08:05.156,10713,269,7,100,False,0,car,0 days 00:04:48.562000,0 days 01:00:25.170000
2024-05-19 13:08:05.476,10750,271,7,100,False,0,car,0 days 00:04:48.882000,0 days 01:00:25.490000
2024-05-19 13:08:05.756,10836,271,7,100,False,0,car,0 days 00:04:49.162000,0 days 01:00:25.770000
2024-05-19 13:08:06.076,10774,273,7,57,False,0,car,0 days 00:04:49.482000,0 days 01:00:26.090000
2024-05-19 13:08:06.276,10762,271,7,4,True,0,car,0 days 00:04:49.682000,0 days 01:00:26.290000
2024-05-19 13:08:06.476,10532,266,7,0,True,0,car,0 days 00:04:49.882000,0 days 01:00:26.490000
2024-05-19 13:08:06.676,10097,260,7,0,False,0,car,0 days 00:04:50.082000,0 days 01:00:26.690000
2024-05-19 13:08:07.116,9460,256,7,0,True,0,car,0 days 00:04:50.522000,0 days 01:00:27.130000
2024-05-19 13:08:07.436,9659,233,7,0,True,0,car,0 days 00:04:50.842000,0 days 01:00:27.450000
2024-05-19 13:08:07.716,9648,194,7,0,True,0,car,0 days 00:04:51.122000,0 days 01:00:27.730000
2024-05-19 13:08:07.996,10188,175,5,0,True,0,car,0 days 00:04:51.402000,0 days 01:00:28.010000
2024-05-19 13:08:08.316,8960,152,4,0,True,0,car,0 days 00:04:51.722000,0 days 01:00:28.330000
2024-05-19 13:08:08.716,7971,138,4,0,True,0,car,0 days 00:04:52.122000,0 days 01:00:28.730000
2024-05-19 13:08:08.916,7783,134,4,0,False,0,car,0 days 00:04:52.322000,0 days 01:00:28.930000
2024-05-19 13:08:09.077,8135,132,4,11,False,0,car,0 days 00:04:52.483000,0 days 01:00:29.091000
2024-05-19 13:08:09.237,7814,127,4,18,False,0,car,0 days 00:04:52.643000,0 days 01:00:29.251000
2024-05-19 13:08:09.517,8125,129,4,46,False,0,car,0 days 00:04:52.923000,0 days 01:00:29.531000
2024-05-19 13:08:09.717,8387,132,4,67,False,0,car,0 days 00:04:53.123000,0 days 01:00:29.731000
2024-05-19 13:08:09.957,8644,139,4,93,False,0,car,0 days 00:04:53.363000,0 days 01:00:29.971000
2024-05-19 13:08:10.197,9904,144,4,100,False,0,car,0 days 00:04:53.603000,0 days 01:00:30.211000
2024-05-19 13:08:10.597,10077,162,4,100,False,0,car,0 days 00:04:54.003000,0 days 01:00:30.611000
2024-05-19 13:08:10.757,10077,164,4,100,False,0,car,0 days 00:04:54.163000,0 days 01:00:30.771000
2024-05-19 13:08:11.197,11167,183,4,100,False,0,car,0 days 00:04:54.603000,0 days 01:00:31.211000
2024-05-19 13:08:11.357,11495,183,4,100,False,0,car,0 days 00:04:54.763000,0 days 01:00:31.371000
2024-05-19 13:08:11.596,11871,189,4,100,False,0,car,0 days 00:04:55.002000,0 days 01:00:31.610000
2024-05-19 13:08:11.836,10751,189,4,100,False,0,car,0 days 00:04:55.242000,0 days 01:00:31.850000
2024-05-19 13:08:12.196,11047,212,5,100,False,0,car,0 days 00:04:55.602000,0 days 01:00:32.210000
2024-05-19 13:08:12.476,11297,214,5,100,False,0,car,0 days 00:04:55.882000,0 days 01:00:32.490000
2024-05-19 13:08:12.876,11681,225,5,100,False,0,car,0 days 00:04:56.282000,0 days 01:00:32.890000
2024-05-19 13:08:13.036,11604,231,5,100,False,0,car,0 days 00:04:56.442000,0 days 01:00:33.050000
2024-05-19 13:08:13.196,11604,232,5,100,False,0,car,0 days 00:04:56.602000,0 days 01:00:33.210000
2024-05-19 13:08:13.476,10904,238,6,100,False,0,car,0 days 00:04:56.882000,0 days 01:00:33.490000
2024-05-19 13:08:13.676,10851,238,6,100,False,0,car,0 days 00:04:57.082000,0 days 01:00:33.690000
2024-05-19 13:08:13.996,10920,244,6,100,False,0,car,0 days 00:04:57.402000,0 days 01:00:34.010000
2024-05-19 13:08:14.196,11134,250,6,100,False,0,car,0 days 00:04:57.602000,0 days 01:00:34.210000
2024-05-19 13:08:14.476,11220,251,6,100,False,0,car,0 days 00:04:57.882000,0 days 01:00:34.490000
2024-05-19 13:08:14.716,11220,253,6,100,False,0,car,0 days 00:04:58.122000,0 days 01:00:34.730000
2024-05-19 13:08:15.036,11261,254,6,100,False,0,car,0 days 00:04:58.442000,0 days 01:00:35.050000
2024-05-19 13:08:15.316,11371,254,6,100,False,0,car,0 days 00:04:58.722000,0 days 01:00:35.330000
2024-05-19 13:08:15.597,11356,255,6,100,False,0,car,0 days 00:04:59.003000,0 days 01:00:35.611000
2024-05-19 13:08:15.837,11135,254,6,6,False,0,car,0 days 00:04:59.243000,0 days 01:00:35.851000
2024-05-19 13:08:16.157,10597,240,6,0,True,0,car,0 days 00:04:59.563000,0 days 01:00:36.171000
2024-05-19 13:08:16.557,8970,204,6,0,True,0,car,0 days 00:04:59.963000,0 days 01:00:36.571000
2024-05-19 13:08:16.717,9353,185,6,0,True,0,car,0 days 00:05:00.123000,0 days 01:00:36.731000
2024-05-19 13:08:16.997,9533,160,5,0,True,0,car,0 days 00:05:00.403000,0 days 01:00:37.011000
2024-05-19 13:08:17.317,8796,143,4,0,True,0,car,0 days 00:05:00.723000,0 days 01:00:37.331000
2024-05-19 13:08:17.597,7618,130,4,0,True,0,car,0 days 00:05:01.003000,0 days 01:00:37.611000
2024-05-19 13:08:17.757,7348,130,4,0,True,0,car,0 days 00:05:01.163000,0 days 01:00:37.771000
2024-05-19 13:08:18.236,6983,116,4,0,False,0,car,0 days 00:05:01.642000,0 days 01:00:38.250000
2024-05-19 13:08:18.476,7253,115,4,0,False,0,car,0 days 00:05:01.882000,0 days 01:00:38.490000
2024-05-19 13:08:18.756,7491,110,3,0,True,0,car,0 days 00:05:02.162000,0 days 01:00:38.770000
2024-05-19 13:08:19.036,7297,105,3,0,False,0,car,0 days 00:05:02.442000,0 days 01:00:39.050000
2024-05-19 13:08:19.196,7561,100,3,6,False,0,car,0 days 00:05:02.602000,0 days 01:00:39.210000
2024-05-19 13:08:19.396,7734,101,3,28,False,0,car,0 days 00:05:02.802000,0 days 01:00:39.410000
2024-05-19 13:08:19.876,8207,105,3,53,False,0,car,0 days 00:05:03.282000,0 days 01:00:39.890000
2024-05-19 13:08:20.116,8904,117,3,67,False,0,car,0 days 00:05:03.522000,0 days 01:00:40.130000
2024-05-19 13:08:20.396,9692,128,3,88,False,0,car,0 days 00:05:03.802000,0 days 01:00:40.410000
2024-05-19 13:08:20.676,10621,137,3,100,False,0,car,0 days 00:05:04.082000,0 days 01:00:40.690000
2024-05-19 13:08:20.836,11199,147,3,100,False,0,car,0 days 00:05:04.242000,0 days 01:00:40.850000
2024-05-19 13:08:20.996,11059,156,3,100,False,0,car,0 days 00:05:04.402000,0 days 01:00:41.010000
2024-05-19 13:08:21.276,10024,164,4,100,False,0,car,0 days 00:05:04.682000,0 days 01:00:41.290000
2024-05-19 13:08:21.476,10692,173,4,100,False,0,car,0 days 00:05:04.882000,0 days 01:00:41.490000
2024-05-19 13:08:21.636,11104,181,4,100,False,0,car,0 days 00:05:05.042000,0 days 01:00:41.650000
2024-05-19 13:08:21.796,11299,187,4,100,False,0,car,0 days 00:05:05.202000,0 days 01:00:41.810000
2024-05-19 13:08:21.996,11691,194,4,100,False,0,car,0 days 00:05:05.402000,0 days 01:00:42.010000
2024-05-19 13:08:22.197,11010,200,4,100,False,0,car,0 days 00:05:05.603000,0 days 01:00:42.211000
2024-05-19 13:08:22.557,10820,209,5,100,False,0,car,0 days 00:05:05.963000,0 days 01:00:42.571000
2024-05-19 13:08:22.717,11091,212,5,100,False,0,car,0 days 00:05:06.123000,0 days 01:00:42.731000
2024-05-19 13:08:22.877,11091,217,5,100,False,0,car,0 days 00:05:06.283000,0 days 01:00:42.891000
2024-05-19 13:08:23.117,11276,222,5,100,False,0,car,0 days 00:05:06.523000,0 days 01:00:43.131000
2024-05-19 13:08:23.397,11416,222,5,100,False,0,car,0 days 00:05:06.803000,0 days 01:00:43.411000
2024-05-19 13:08:23.557,11661,222,5,100,False,0,car,0 days 00:05:06.963000,0 days 01:00:43.571000
2024-05-19 13:08:23.717,10704,237,5,100,False,0,car,0 days 00:05:07.123000,0 days 01:00:43.731000
2024-05-19 13:08:23.877,10704,239,6,100,False,0,car,0 days 00:05:07.283000,0 days 01:00:43.891000
2024-05-19 13:08:24.037,10891,243,6,100,False,0,car,0 days 00:05:07.443000,0 days 01:00:44.051000
2024-05-19 13:08:24.397,11242,250,6,100,False,0,car,0 days 00:05:07.803000,0 days 01:00:44.411000
2024-05-19 13:08:24.637,11355,254,6,100,False,0,car,0 days 00:05:08.043000,0 days 01:00:44.651000
2024-05-19 13:08:24.877,11457,256,6,100,False,0,car,0 days 00:05:08.283000,0 days 01:00:44.891000
2024-05-19 13:08:25.116,11587,261,6,100,False,0,car,0 days 00:05:08.522000,0 days 01:00:45.130000
2024-05-19 13:08:25.436,10535,264,6,100,False,0,car,0 days 00:05:08.842000,0 days 01:00:45.450000
2024-05-19 13:08:25.796,10718,269,7,100,False,0,car,0 days 00:05:09.202000,0 days 01:00:45.810000
2024-05-19 13:08:25.996,10790,271,7,100,False,0,car,0 days 00:05:09.402000,0 days 01:00:46.010000
2024-05-19 13:08:26.156,10826,272,7,100,False,0,car,0 days 00:05:09.562000,0 days 01:00:46.170000
2024-05-19 13:08:26.356,10938,274,7,100,False,0,car,0 days 00:05:09.762000,0 days 01:00:46.370000
2024-05-19 13:08:26.716,11004,276,7,100,False,0,car,0 days 00:05:10.122000,0 days 01:00:46.730000
2024-05-19 13:08:27.716,11254,285,7,100,False,0,car,0 days 00:05:11.122000,0 days 01:00:47.730000
2024-05-19 13:08:28.036,11195,284,7,100,False,0,car,0 days 00:05:11.442000,0 days 01:00:48.050000
2024-05-19 13:08:28.236,11183,283,7,100,False,0,car,0 days 00:05:11.642000,0 days 01:00:48.250000
2024-05-19 13:08:28.436,11176,283,7,100,False,0,car,0 days 00:05:11.842000,0 days 01:00:48.450000
2024-05-19 13:08:28.757,11215,283,7,100,False,0,car,0 days 00:05:12.163000,0 days 01:00:48.771000
2024-05-19 13:08:29.077,11078,277,7,0,False,0,car,0 days 00:05:12.483000,0 days 01:00:49.091000
2024-05-19 13:08:29.317,10465,268,7,0,True,0,car,0 days 00:05:12.723000,0 days 01:00:49.331000
2024-05-19 13:08:29.637,9333,239,7,0,True,0,car,0 days 00:05:13.043000,0 days 01:00:49.651000
2024-05-19 13:08:30.037,9652,197,7,0,True,0,car,0 days 00:05:13.443000,0 days 01:00:50.051000
2024-05-19 13:08:30.517,10303,155,5,0,True,0,car,0 days 00:05:13.923000,0 days 01:00:50.531000
2024-05-19 13:08:30.717,10221,143,3,0,True,0,car,0 days 00:05:14.123000,0 days 01:00:50.731000
2024-05-19 13:08:31.117,8868,131,3,0,True,0,car,0 days 00:05:14.523000,0 days 01:00:51.131000
2024-05-19 13:08:31.277,8729,125,3,0,True,0,car,0 days 00:05:14.683000,0 days 01:00:51.291000
2024-05-19 13:08:31.477,8569,122,3,1,False,0,car,0 days 00:05:14.883000,0 days 01:00:51.491000
2024-05-19 13:08:31.836,8485,116,3,12,False,0,car,0 days 00:05:15.242000,0 days 01:00:51.850000
2024-05-19 13:08:32.116,8823,118,3,43,False,0,car,0 days 00:05:15.522000,0 days 01:00:52.130000
2024-05-19 13:08:32.516,9503,124,3,55,False,0,car,0 days 00:05:15.922000,0 days 01:00:52.530000
2024-05-19 13:08:32.916,10191,138,3,82,False,0,car,0 days 00:05:16.322000,0 days 01:00:52.930000
2024-05-19 13:08:33.316,10402,154,3,100,False,0,car,0 days 00:05:16.722000,0 days 01:00:53.330000
2024-05-19 13:08:33.476,9888,157,4,100,False,0,car,0 days 00:05:16.882000,0 days 01:00:53.490000
2024-05-19 13:08:33.636,10057,163,4,80,False,0,car,0 days 00:05:17.042000,0 days 01:00:53.650000
2024-05-19 13:08:33.956,9134,162,4,0,True,0,car,0 days 00:05:17.362000,0 days 01:00:53.970000
2024-05-19 13:08:34.196,8891,151,4,0,True,0,car,0 days 00:05:17.602000,0 days 01:00:54.210000
2024-05-19 13:08:34.476,8523,146,4,0,False,0,car,0 days 00:05:17.882000,0 days 01:00:54.490000
2024-05-19 13:08:34.716,8422,139,4,1,False,0,car,0 days 00:05:18.122000,0 days 01:00:54.730000
2024-05-19 13:08:34.996,8431,137,4,34,False,0,car,0 days 00:05:18.402000,0 days 01:00:55.010000
2024-05-19 13:08:35.196,8801,141,4,55,False,0,car,0 days 00:05:18.602000,0 days 01:00:55.210000
2024-05-19 13:08:35.397,8797,143,4,58,False,0,car,0 days 00:05:18.803000,0 days 01:00:55.411000
2024-05-19 13:08:35.837,9636,149,4,78,False,0,car,0 days 00:05:19.243000,0 days 01:00:55.851000
2024-05-19 13:08:36.197,10524,167,4,100,False,0,car,0 days 00:05:19.603000,0 days 01:00:56.211000
2024-05-19 13:08:36.357,10921,171,4,100,False,0,car,0 days 00:05:19.763000,0 days 01:00:56.371000
2024-05-19 13:08:36.557,11141,179,4,100,False,0,car,0 days 00:05:19.963000,0 days 01:00:56.571000
2024-05-19 13:08:36.877,11599,188,4,100,False,0,car,0 days 00:05:20.283000,0 days 01:00:56.891000
2024-05-19 13:08:37.237,10383,201,5,100,False,0,car,0 days 00:05:20.643000,0 days 01:00:57.251000
2024-05-19 13:08:37.477,10601,207,5,100,False,0,car,0 days 00:05:20.883000,0 days 01:00:57.491000
2024-05-19 13:08:37.797,11173,218,5,100,False,0,car,0 days 00:05:21.203000,0 days 01:00:57.811000
2024-05-19 13:08:37.997,11397,222,5,100,False,0,car,0 days 00:05:21.403000,0 days 01:00:58.011000
2024-05-19 13:08:38.197,11555,227,5,100,False,0,car,0 days 00:05:21.603000,0 days 01:00:58.211000
2024-05-19 13:08:38.436,11317,231,5,100,False,0,car,0 days 00:05:21.842000,0 days 01:00:58.450000
2024-05-19 13:08:38.596,10636,235,5,100,False,0,car,0 days 00:05:22.002000,0 days 01:00:58.610000
2024-05-19 13:08:38.956,10866,241,6,100,False,0,car,0 days 00:05:22.362000,0 days 01:00:58.970000
2024-05-19 13:08:39.316,11199,249,6,100,False,0,car,0 days 00:05:22.722000,0 days 01:00:59.330000
2024-05-19 13:08:39.716,11424,255,6,100,False,0,car,0 days 00:05:23.122000,0 days 01:00:59.730000
2024-05-19 13:08:40.196,11547,262,6,100,False,0,car,0 days 00:05:23.602000,0 days 01:01:00.210000
2024-05-19 13:08:40.396,10565,265,7,100,False,0,car,0 days 00:05:23.802000,0 days 01:01:00.410000
2024-05-19 13:08:40.796,10746,270,7,100,False,0,car,0 days 00:05:24.202000,0 days 01:01:00.810000
2024-05-19 13:08:40.996,10842,271,7,100,False,0,car,0 days 00:05:24.402000,0 days 01:01:01.010000
2024-05-19 13:08:41.196,11019,274,7,100,False,0,car,0 days 00:05:24.602000,0 days 01:01:01.210000
2024-05-19 13:08:41.596,11088,278,7,100,False,0,car,0 days 00:05:25.002000,0 days 01:01:01.610000
2024-05-19 13:08:41.796,11166,280,7,100,False,0,car,0 days 00:05:25.202000,0 days 01:01:01.810000
2024-05-19 13:08:41.997,11181,283,7,100,False,0,car,0 days 00:05:25.403000,0 days 01:01:02.011000
2024-05-19 13:08:42.317,11369,284,7,100,False,0,car,0 days 00:05:25.723000,0 days 01:01:02.331000
2024-05-19 13:08:42.637,11403,288,7,100,False,0,car,0 days 00:05:26.043000,0 days 01:01:02.651000
2024-05-19 13:08:42.837,11455,289,7,100,False,0,car,0 days 00:05:26.243000,0 days 01:01:02.851000
2024-05-19 13:08:43.237,11588,292,7,100,False,0,car,0 days 00:05:26.643000,0 days 01:01:03.251000
2024-05-19 13:08:43.397,11417,293,7,100,False,0,car,0 days 00:05:26.803000,0 days 01:01:03.411000
2024-05-19 13:08:43.677,10406,294,7,100,False,0,car,0 days 00:05:27.083000,0 days 01:01:03.691000
2024-05-19 13:08:43.957,10553,296,8,100,False,0,car,0 days 00:05:27.363000,0 days 01:01:03.971000
2024-05-19 13:08:44.237,10657,298,8,100,False,0,car,0 days 00:05:27.643000,0 days 01:01:04.251000
2024-05-19 13:08:44.477,10722,299,8,100,False,0,car,0 days 00:05:27.883000,0 days 01:01:04.491000
2024-05-19 13:08:44.677,10705,300,8,100,False,0,car,0 days 00:05:28.083000,0 days 01:01:04.691000
2024-05-19 13:08:44.877,10771,302,8,100,False,0,car,0 days 00:05:28.283000,0 days 01:01:04.891000
2024-05-19 13:08:45.116,10774,303,8,100,False,0,car,0 days 00:05:28.522000,0 days 01:01:05.130000
2024-05-19 13:08:45.276,10805,304,8,100,False,0,car,0 days 00:05:28.682000,0 days 01:01:05.290000
2024-05-19 13:08:45.596,10828,304,8,100,False,0,car,0 days 00:05:29.002000,0 days 01:01:05.610000
2024-05-19 13:08:45.996,10904,306,8,100,False,0,car,0 days 00:05:29.402000,0 days 01:01:06.010000
2024-05-19 13:08:46.196,10904,307,8,100,False,0,car,0 days 00:05:29.602000,0 days 01:01:06.210000
2024-05-19 13:08:46.356,10881,307,8,100,False,0,car,0 days 00:05:29.762000,0 days 01:01:06.370000
2024-05-19 13:08:46.596,10923,307,8,100,False,0,car,0 days 00:05:30.002000,0 days 01:01:06.610000
2024-05-19 13:08:46.796,10908,307,8,100,False,0,car,0 days 00:05:30.202000,0 days 01:01:06.810000
2024-05-19 13:08:47.276,11004,309,8,100,False,0,car,0 days 00:05:30.682000,0 days 01:01:07.290000
2024-05-19 13:08:47.516,11104,310,8,100,False,0,car,0 days 00:05:30.922000,0 days 01:01:07.530000
2024-05-19 13:08:47.716,10903,309,8,100,False,0,car,0 days 00:05:31.122000,0 days 01:01:07.730000
2024-05-19 13:08:47.916,10956,309,8,100,False,0,car,0 days 00:05:31.322000,0 days 01:01:07.930000
2024-05-19 13:08:48.116,10968,308,8,100,False,0,car,0 days 00:05:31.522000,0 days 01:01:08.130000
2024-05-19 13:08:48.517,10895,307,8,100,False,0,car,0 days 00:05:31.923000,0 days 01:01:08.531000
2024-05-19 13:08:48.877,10893,307,8,100,False,0,car,0 days 00:05:32.283000,0 days 01:01:08.891000
2024-05-19 13:08:49.077,10906,306,8,100,False,0,car,0 days 00:05:32.483000,0 days 01:01:09.091000
2024-05-19 13:08:49.317,10842,305,8,100,False,0,car,0 days 00:05:32.723000,0 days 01:01:09.331000
2024-05-19 13:08:49.517,10835,305,8,100,False,0,car,0 days 00:05:32.923000,0 days 01:01:09.531000
2024-05-19 13:08:49.757,10865,304,8,100,False,0,car,0 days 00:05:33.163000,0 days 01:01:09.771000
2024-05-19 13:08:49.997,10722,303,8,100,False,0,car,0 days 00:05:33.403000,0 days 01:01:10.011000
2024-05-19 13:08:50.277,10722,302,8,100,False,0,car,0 days 00:05:33.683000,0 days 01:01:10.291000
2024-05-19 13:08:50.437,10676,301,8,100,False,0,car,0 days 00:05:33.843000,0 days 01:01:10.451000
2024-05-19 13:08:50.677,10652,300,8,100,False,0,car,0 days 00:05:34.083000,0 days 01:01:10.691000
2024-05-19 13:08:50.997,10391,295,8,0,False,0,car,0 days 00:05:34.403000,0 days 01:01:11.011000
2024-05-19 13:08:51.357,9958,292,8,0,True,0,car,0 days 00:05:34.763000,0 days 01:01:11.371000
2024-05-19 13:08:51.637,9010,260,8,0,True,0,car,0 days 00:05:35.043000,0 days 01:01:11.651000
2024-05-19 13:08:51.837,9159,239,8,0,True,0,car,0 days 00:05:35.243000,0 days 01:01:11.851000
2024-05-19 13:08:52.036,9941,231,8,0,True,0,car,0 days 00:05:35.442000,0 days 01:01:12.050000
2024-05-19 13:08:52.196,10101,203,8,0,True,0,car,0 days 00:05:35.602000,0 days 01:01:12.210000
2024-05-19 13:08:52.356,9810,195,7,0,True,0,car,0 days 00:05:35.762000,0 days 01:01:12.370000
2024-05-19 13:08:52.636,10254,177,5,0,True,0,car,0 days 00:05:36.042000,0 days 01:01:12.650000
2024-05-19 13:08:52.876,9729,168,4,0,True,0,car,0 days 00:05:36.282000,0 days 01:01:12.890000
2024-05-19 13:08:53.276,9466,159,4,7,False,0,car,0 days 00:05:36.682000,0 days 01:01:13.290000
2024-05-19 13:08:53.476,9310,153,4,14,False,0,car,0 days 00:05:36.882000,0 days 01:01:13.490000
2024-05-19 13:08:53.916,9878,158,4,70,False,0,car,0 days 00:05:37.322000,0 days 01:01:13.930000
2024-05-19 13:08:54.116,10329,161,4,91,False,0,car,0 days 00:05:37.522000,0 days 01:01:14.130000
2024-05-19 13:08:54.316,10259,170,4,53,False,0,car,0 days 00:05:37.722000,0 days 01:01:14.330000
2024-05-19 13:08:54.516,10468,168,4,41,False,0,car,0 days 00:05:37.922000,0 days 01:01:14.530000
2024-05-19 13:08:54.676,10117,170,4,51,False,0,car,0 days 00:05:38.082000,0 days 01:01:14.690000
2024-05-19 13:08:54.916,10774,173,4,80,False,0,car,0 days 00:05:38.322000,0 days 01:01:14.930000
2024-05-19 13:08:55.117,11228,178,4,100,False,0,car,0 days 00:05:38.523000,0 days 01:01:15.131000
2024-05-19 13:08:55.517,10935,189,4,100,False,0,car,0 days 00:05:38.923000,0 days 01:01:15.531000
2024-05-19 13:08:55.677,10115,192,5,100,False,0,car,0 days 00:05:39.083000,0 days 01:01:15.691000
2024-05-19 13:08:55.917,10490,200,5,100,False,0,car,0 days 00:05:39.323000,0 days 01:01:15.931000
2024-05-19 13:08:56.237,10862,210,5,100,False,0,car,0 days 00:05:39.643000,0 days 01:01:16.251000
2024-05-19 13:08:56.597,11327,220,5,100,False,0,car,0 days 00:05:40.003000,0 days 01:01:16.611000
2024-05-19 13:08:56.997,10757,225,5,100,False,0,car,0 days 00:05:40.403000,0 days 01:01:17.011000
2024-05-19 13:08:57.157,10253,228,6,100,False,0,car,0 days 00:05:40.563000,0 days 01:01:17.171000
2024-05-19 13:08:57.437,10591,233,6,100,False,0,car,0 days 00:05:40.843000,0 days 01:01:17.451000
2024-05-19 13:08:57.677,10763,236,6,100,False,0,car,0 days 00:05:41.083000,0 days 01:01:17.691000
2024-05-19 13:08:57.917,10871,241,6,100,False,0,car,0 days 00:05:41.323000,0 days 01:01:17.931000
2024-05-19 13:08:58.197,11109,247,6,100,False,0,car,0 days 00:05:41.603000,0 days 01:01:18.211000
2024-05-19 13:08:58.397,11254,250,6,100,False,0,car,0 days 00:05:41.803000,0 days 01:01:18.411000
2024-05-19 13:08:58.636,11346,253,6,100,False,0,car,0 days 00:05:42.042000,0 days 01:01:18.650000
2024-05-19 13:08:59.116,11646,260,6,100,False,0,car,0 days 00:05:42.522000,0 days 01:01:19.130000
2024-05-19 13:08:59.316,11596,263,6,100,False,0,car,0 days 00:05:42.722000,0 days 01:01:19.330000
2024-05-19 13:08:59.636,10646,266,7,100,False,0,car,0 days 00:05:43.042000,0 days 01:01:19.650000
2024-05-19 13:08:59.796,10730,270,7,100,False,0,car,0 days 00:05:43.202000,0 days 01:01:19.810000
2024-05-19 13:09:00.156,10895,274,7,100,False,0,car,0 days 00:05:43.562000,0 days 01:01:20.170000
2024-05-19 13:09:00.316,10962,276,7,100,False,0,car,0 days 00:05:43.722000,0 days 01:01:20.330000
2024-05-19 13:09:00.716,11132,279,7,100,False,0,car,0 days 00:05:44.122000,0 days 01:01:20.730000
2024-05-19 13:09:00.916,11104,280,7,100,False,0,car,0 days 00:05:44.322000,0 days 01:01:20.930000
2024-05-19 13:09:01.156,11094,280,7,100,False,0,car,0 days 00:05:44.562000,0 days 01:01:21.170000
2024-05-19 13:09:01.556,11085,280,7,100,False,0,car,0 days 00:05:44.962000,0 days 01:01:21.570000
2024-05-19 13:09:01.717,11062,280,7,100,False,0,car,0 days 00:05:45.123000,0 days 01:01:21.731000
2024-05-19 13:09:01.957,11103,279,7,100,False,0,car,0 days 00:05:45.363000,0 days 01:01:21.971000
2024-05-19 13:09:02.157,10660,276,7,0,True,0,car,0 days 00:05:45.563000,0 days 01:01:22.171000
2024-05-19 13:09:02.477,10014,261,7,0,True,0,car,0 days 00:05:45.883000,0 days 01:01:22.491000
2024-05-19 13:09:02.837,10262,239,7,0,True,0,car,0 days 00:05:46.243000,0 days 01:01:22.851000
2024-05-19 13:09:03.157,10101,229,6,0,True,0,car,0 days 00:05:46.563000,0 days 01:01:23.171000
2024-05-19 13:09:03.437,9402,222,6,2,True,0,car,0 days 00:05:46.843000,0 days 01:01:23.451000
2024-05-19 13:09:03.797,9710,191,6,0,True,0,car,0 days 00:05:47.203000,0 days 01:01:23.811000
2024-05-19 13:09:04.237,8549,172,5,0,True,0,car,0 days 00:05:47.643000,0 days 01:01:24.251000
2024-05-19 13:09:04.437,8584,170,5,1,False,0,car,0 days 00:05:47.843000,0 days 01:01:24.451000
2024-05-19 13:09:04.677,8607,165,5,30,False,0,car,0 days 00:05:48.083000,0 days 01:01:24.691000
2024-05-19 13:09:05.037,8823,166,5,55,False,0,car,0 days 00:05:48.443000,0 days 01:01:25.051000
2024-05-19 13:09:05.237,8994,169,5,73,False,0,car,0 days 00:05:48.643000,0 days 01:01:25.251000
2024-05-19 13:09:05.436,9251,174,5,90,False,0,car,0 days 00:05:48.842000,0 days 01:01:25.450000
2024-05-19 13:09:05.676,9591,180,5,100,False,0,car,0 days 00:05:49.082000,0 days 01:01:25.690000
2024-05-19 13:09:05.836,9939,183,5,100,False,0,car,0 days 00:05:49.242000,0 days 01:01:25.850000
2024-05-19 13:09:06.156,10333,193,5,100,False,0,car,0 days 00:05:49.562000,0 days 01:01:26.170000
2024-05-19 13:09:06.436,10438,202,5,100,False,0,car,0 days 00:05:49.842000,0 days 01:01:26.450000
2024-05-19 13:09:06.756,10977,211,5,100,False,0,car,0 days 00:05:50.162000,0 days 01:01:26.770000
2024-05-19 13:09:06.956,11087,214,5,100,False,0,car,0 days 00:05:50.362000,0 days 01:01:26.970000
2024-05-19 13:09:07.116,10918,218,5,100,False,0,car,0 days 00:05:50.522000,0 days 01:01:27.130000
2024-05-19 13:09:07.316,11297,220,5,100,False,0,car,0 days 00:05:50.722000,0 days 01:01:27.330000
2024-05-19 13:09:07.476,11272,220,5,100,False,0,car,0 days 00:05:50.882000,0 days 01:01:27.490000
2024-05-19 13:09:07.796,11449,224,5,100,False,0,car,0 days 00:05:51.202000,0 days 01:01:27.810000
2024-05-19 13:09:07.956,11472,224,5,81,False,0,car,0 days 00:05:51.362000,0 days 01:01:27.970000
2024-05-19 13:09:08.357,10661,213,5,0,True,0,car,0 days 00:05:51.763000,0 days 01:01:28.371000
2024-05-19 13:09:08.797,9418,172,5,0,True,0,car,0 days 00:05:52.203000,0 days 01:01:28.811000
2024-05-19 13:09:08.957,9978,165,5,0,True,0,car,0 days 00:05:52.363000,0 days 01:01:28.971000
2024-05-19 13:09:09.317,9856,141,3,0,True,0,car,0 days 00:05:52.723000,0 days 01:01:29.331000
2024-05-19 13:09:09.517,9146,131,3,0,True,0,car,0 days 00:05:52.923000,0 days 01:01:29.531000
2024-05-19 13:09:09.677,8811,127,3,0,True,0,car,0 days 00:05:53.083000,0 days 01:01:29.691000
2024-05-19 13:09:09.877,8152,120,3,0,True,0,car,0 days 00:05:53.283000,0 days 01:01:29.891000
2024-05-19 13:09:10.117,7870,111,3,0,True,0,car,0 days 00:05:53.523000,0 days 01:01:30.131000
2024-05-19 13:09:10.397,7317,104,3,0,False,0,car,0 days 00:05:53.803000,0 days 01:01:30.411000
2024-05-19 13:09:10.557,7237,101,3,0,False,0,car,0 days 00:05:53.963000,0 days 01:01:30.571000
2024-05-19 13:09:10.717,7035,98,3,0,False,0,car,0 days 00:05:54.123000,0 days 01:01:30.731000
2024-05-19 13:09:10.957,6761,96,3,0,False,0,car,0 days 00:05:54.363000,0 days 01:01:30.971000
2024-05-19 13:09:11.197,7086,94,3,16,False,0,car,0 days 00:05:54.603000,0 days 01:01:31.211000
2024-05-19 13:09:11.437,7190,95,3,30,False,0,car,0 days 00:05:54.843000,0 days 01:01:31.451000
2024-05-19 13:09:11.597,7422,98,3,42,False,0,car,0 days 00:05:55.003000,0 days 01:01:31.611000
2024-05-19 13:09:11.917,7702,104,3,44,False,0,car,0 days 00:05:55.323000,0 days 01:01:31.931000
2024-05-19 13:09:12.116,8418,109,3,60,False,0,car,0 days 00:05:55.522000,0 days 01:01:32.130000
2024-05-19 13:09:12.276,8608,112,3,73,False,0,car,0 days 00:05:55.682000,0 days 01:01:32.290000
2024-05-19 13:09:12.436,9007,119,3,76,False,0,car,0 days 00:05:55.842000,0 days 01:01:32.450000
2024-05-19 13:09:12.676,9796,127,3,91,False,0,car,0 days 00:05:56.082000,0 days 01:01:32.690000
2024-05-19 13:09:12.916,10486,140,3,93,False,0,car,0 days 00:05:56.322000,0 days 01:01:32.930000
2024-05-19 13:09:13.156,11350,151,3,100,False,0,car,0 days 00:05:56.562000,0 days 01:01:33.170000
2024-05-19 13:09:13.476,10039,158,3,100,False,0,car,0 days 00:05:56.882000,0 days 01:01:33.490000
2024-05-19 13:09:13.716,10807,171,4,100,False,0,car,0 days 00:05:57.122000,0 days 01:01:33.730000
2024-05-19 13:09:13.956,11134,182,4,100,False,0,car,0 days 00:05:57.362000,0 days 01:01:33.970000
2024-05-19 13:09:14.236,11620,192,4,100,False,0,car,0 days 00:05:57.642000,0 days 01:01:34.250000
2024-05-19 13:09:14.596,10705,203,4,100,False,0,car,0 days 00:05:58.002000,0 days 01:01:34.610000
2024-05-19 13:09:14.957,10865,212,5,100,False,0,car,0 days 00:05:58.363000,0 days 01:01:34.971000
2024-05-19 13:09:15.117,11098,217,5,100,False,0,car,0 days 00:05:58.523000,0 days 01:01:35.131000
2024-05-19 13:09:15.517,11642,227,5,100,False,0,car,0 days 00:05:58.923000,0 days 01:01:35.531000
2024-05-19 13:09:15.757,11234,231,5,100,False,0,car,0 days 00:05:59.163000,0 days 01:01:35.771000
2024-05-19 13:09:15.917,10608,235,5,100,False,0,car,0 days 00:05:59.323000,0 days 01:01:35.931000
2024-05-19 13:09:16.077,10638,237,6,100,False,0,car,0 days 00:05:59.483000,0 days 01:01:36.091000
2024-05-19 13:09:16.437,10985,245,6,100,False,0,car,0 days 00:05:59.843000,0 days 01:01:36.451000
2024-05-19 13:09:16.757,11149,249,6,100,False,0,car,0 days 00:06:00.163000,0 days 01:01:36.771000
2024-05-19 13:09:16.997,11289,253,6,100,False,0,car,0 days 00:06:00.403000,0 days 01:01:37.011000
2024-05-19 13:09:17.157,11391,255,6,100,False,0,car,0 days 00:06:00.563000,0 days 01:01:37.171000
2024-05-19 13:09:17.397,11547,257,6,100,False,0,car,0 days 00:06:00.803000,0 days 01:01:37.411000
2024-05-19 13:09:17.597,11452,260,6,100,False,0,car,0 days 00:06:01.003000,0 days 01:01:37.611000
2024-05-19 13:09:17.757,10364,261,7,100,False,0,car,0 days 00:06:01.163000,0 days 01:01:37.771000
2024-05-19 13:09:18.077,10446,262,7,100,False,0,car,0 days 00:06:01.483000,0 days 01:01:38.091000
2024-05-19 13:09:18.277,10532,263,7,100,False,0,car,0 days 00:06:01.683000,0 days 01:01:38.291000
2024-05-19 13:09:18.597,10525,265,7,100,False,0,car,0 days 00:06:02.003000,0 days 01:01:38.611000
2024-05-19 13:09:18.796,10548,265,7,100,False,0,car,0 days 00:06:02.202000,0 days 01:01:38.810000
2024-05-19 13:09:18.996,10617,266,7,100,False,0,car,0 days 00:06:02.402000,0 days 01:01:39.010000
2024-05-19 13:09:19.156,10595,266,7,100,False,0,car,0 days 00:06:02.562000,0 days 01:01:39.170000
2024-05-19 13:09:19.436,10608,267,7,100,False,0,car,0 days 00:06:02.842000,0 days 01:01:39.450000
2024-05-19 13:09:19.956,10643,267,7,82,False,0,car,0 days 00:06:03.362000,0 days 01:01:39.970000
2024-05-19 13:09:20.316,9798,251,7,0,True,0,car,0 days 00:06:03.722000,0 days 01:01:40.330000
2024-05-19 13:09:20.716,10772,223,6,0,True,0,car,0 days 00:06:04.122000,0 days 01:01:40.730000
2024-05-19 13:09:20.956,10696,214,5,0,True,0,car,0 days 00:06:04.362000,0 days 01:01:40.970000
2024-05-19 13:09:21.116,10544,209,5,0,True,0,car,0 days 00:06:04.522000,0 days 01:01:41.130000
2024-05-19 13:09:21.316,10287,204,5,5,True,0,car,0 days 00:06:04.722000,0 days 01:01:41.330000
2024-05-19 13:09:21.517,10186,201,5,25,False,0,car,0 days 00:06:04.923000,0 days 01:01:41.531000
2024-05-19 13:09:21.717,10355,198,5,67,False,0,car,0 days 00:06:05.123000,0 days 01:01:41.731000
2024-05-19 13:09:21.997,10565,202,5,87,False,0,car,0 days 00:06:05.403000,0 days 01:01:42.011000
2024-05-19 13:09:22.317,10932,208,5,100,False,0,car,0 days 00:06:05.723000,0 days 01:01:42.331000
2024-05-19 13:09:22.477,10999,210,5,100,False,0,car,0 days 00:06:05.883000,0 days 01:01:42.491000
2024-05-19 13:09:22.637,11196,212,5,100,False,0,car,0 days 00:06:06.043000,0 days 01:01:42.651000
2024-05-19 13:09:22.997,11653,225,5,100,False,0,car,0 days 00:06:06.403000,0 days 01:01:43.011000
2024-05-19 13:09:23.157,11647,226,5,100,False,0,car,0 days 00:06:06.563000,0 days 01:01:43.171000
2024-05-19 13:09:23.397,10494,232,6,100,False,0,car,0 days 00:06:06.803000,0 days 01:01:43.411000
2024-05-19 13:09:23.797,10902,240,6,100,False,0,car,0 days 00:06:07.203000,0 days 01:01:43.811000
2024-05-19 13:09:24.037,10975,244,6,100,False,0,car,0 days 00:06:07.443000,0 days 01:01:44.051000
2024-05-19 13:09:24.317,11261,249,6,100,False,0,car,0 days 00:06:07.723000,0 days 01:01:44.331000
2024-05-19 13:09:24.637,11373,254,6,100,False,0,car,0 days 00:06:08.043000,0 days 01:01:44.651000
2024-05-19 13:09:24.837,11695,258,6,100,False,0,car,0 days 00:06:08.243000,0 days 01:01:44.851000
2024-05-19 13:09:24.997,11555,261,6,100,False,0,car,0 days 00:06:08.403000,0 days 01:01:45.011000
2024-05-19 13:09:25.157,10436,263,7,100,False,0,car,0 days 00:06:08.563000,0 days 01:01:45.171000
2024-05-19 13:09:25.476,10500,266,7,100,False,0,car,0 days 00:06:08.882000,0 days 01:01:45.490000
2024-05-19 13:09:25.796,10579,270,7,100,False,0,car,0 days 00:06:09.202000,0 days 01:01:45.810000
2024-05-19 13:09:26.036,10790,271,7,100,False,0,car,0 days 00:06:09.442000,0 days 01:01:46.050000
2024-05-19 13:09:26.276,10774,271,7,100,False,0,car,0 days 00:06:09.682000,0 days 01:01:46.290000
2024-05-19 13:09:26.476,10798,271,7,100,False,0,car,0 days 00:06:09.882000,0 days 01:01:46.490000
2024-05-19 13:09:26.676,10567,272,7,0,False,0,car,0 days 00:06:10.082000,0 days 01:01:46.690000
2024-05-19 13:09:26.836,10575,270,7,0,False,0,car,0 days 00:06:10.242000,0 days 01:01:46.850000
2024-05-19 13:09:26.996,10282,265,7,0,False,0,car,0 days 00:06:10.402000,0 days 01:01:47.010000
2024-05-19 13:09:27.196,10095,259,7,0,False,0,car,0 days 00:06:10.602000,0 days 01:01:47.210000
2024-05-19 13:09:27.556,9955,252,7,0,False,0,car,0 days 00:06:10.962000,0 days 01:01:47.570000
2024-05-19 13:09:27.916,9455,231,7,0,True,0,car,0 days 00:06:11.322000,0 days 01:01:47.930000
2024-05-19 13:09:28.157,10248,211,7,0,True,0,car,0 days 00:06:11.563000,0 days 01:01:48.171000
2024-05-19 13:09:28.477,9194,183,5,0,True,0,car,0 days 00:06:11.883000,0 days 01:01:48.491000
2024-05-19 13:09:28.757,9361,161,4,0,True,0,car,0 days 00:06:12.163000,0 days 01:01:48.771000
2024-05-19 13:09:28.957,8821,150,4,0,True,0,car,0 days 00:06:12.363000,0 days 01:01:48.971000
2024-05-19 13:09:29.157,8487,141,4,0,True,0,car,0 days 00:06:12.563000,0 days 01:01:49.171000
2024-05-19 13:09:29.357,7895,136,4,0,True,0,car,0 days 00:06:12.763000,0 days 01:01:49.371000
2024-05-19 13:09:29.677,7959,130,4,4,False,0,car,0 days 00:06:13.083000,0 days 01:01:49.691000
2024-05-19 13:09:29.877,7959,126,4,4,False,0,car,0 days 00:06:13.283000,0 days 01:01:49.891000
2024-05-19 13:09:30.157,8012,127,4,47,False,0,car,0 days 00:06:13.563000,0 days 01:01:50.171000
2024-05-19 13:09:30.357,8307,130,4,71,False,0,car,0 days 00:06:13.763000,0 days 01:01:50.371000
2024-05-19 13:09:30.557,8745,135,4,80,False,0,car,0 days 00:06:13.963000,0 days 01:01:50.571000
2024-05-19 13:09:30.757,9254,137,4,100,False,0,car,0 days 00:06:14.163000,0 days 01:01:50.771000
2024-05-19 13:09:31.037,9493,152,4,100,False,0,car,0 days 00:06:14.443000,0 days 01:01:51.051000
2024-05-19 13:09:31.317,10082,163,4,100,False,0,car,0 days 00:06:14.723000,0 days 01:01:51.331000
2024-05-19 13:09:31.597,10639,169,4,100,False,0,car,0 days 00:06:15.003000,0 days 01:01:51.611000
2024-05-19 13:09:31.757,11199,177,4,100,False,0,car,0 days 00:06:15.163000,0 days 01:01:51.771000
2024-05-19 13:09:31.997,11250,187,4,100,False,0,car,0 days 00:06:15.403000,0 days 01:01:52.011000
2024-05-19 13:09:32.396,11451,196,4,100,False,0,car,0 days 00:06:15.802000,0 days 01:01:52.410000
2024-05-19 13:09:32.556,10471,201,4,100,False,0,car,0 days 00:06:15.962000,0 days 01:01:52.570000
2024-05-19 13:09:32.836,10861,209,5,100,False,0,car,0 days 00:06:16.242000,0 days 01:01:52.850000
2024-05-19 13:09:33.116,11201,217,5,100,False,0,car,0 days 00:06:16.522000,0 days 01:01:53.130000
2024-05-19 13:09:33.436,11512,222,5,100,False,0,car,0 days 00:06:16.842000,0 days 01:01:53.450000
2024-05-19 13:09:33.636,11512,229,5,100,False,0,car,0 days 00:06:17.042000,0 days 01:01:53.650000
2024-05-19 13:09:33.876,10487,229,5,100,False,0,car,0 days 00:06:17.282000,0 days 01:01:53.890000
2024-05-19 13:09:34.076,10740,235,6,100,False,0,car,0 days 00:06:17.482000,0 days 01:01:54.090000
2024-05-19 13:09:34.276,10854,240,6,100,False,0,car,0 days 00:06:17.682000,0 days 01:01:54.290000
2024-05-19 13:09:34.717,11264,249,6,100,False,0,car,0 days 00:06:18.123000,0 days 01:01:54.731000
2024-05-19 13:09:34.877,11188,250,6,100,False,0,car,0 days 00:06:18.283000,0 days 01:01:54.891000
2024-05-19 13:09:35.117,11323,252,6,100,False,0,car,0 days 00:06:18.523000,0 days 01:01:55.131000
2024-05-19 13:09:35.277,11419,252,6,100,False,0,car,0 days 00:06:18.683000,0 days 01:01:55.291000
2024-05-19 13:09:35.517,11307,254,6,100,False,0,car,0 days 00:06:18.923000,0 days 01:01:55.531000
2024-05-19 13:09:35.757,11302,254,6,100,False,0,car,0 days 00:06:19.163000,0 days 01:01:55.771000
2024-05-19 13:09:35.997,11395,254,6,100,False,0,car,0 days 00:06:19.403000,0 days 01:01:56.011000
2024-05-19 13:09:36.237,11401,256,6,100,False,0,car,0 days 00:06:19.643000,0 days 01:01:56.251000
2024-05-19 13:09:36.557,11158,253,6,0,True,0,car,0 days 00:06:19.963000,0 days 01:01:56.571000
2024-05-19 13:09:36.797,10648,246,6,0,True,0,car,0 days 00:06:20.203000,0 days 01:01:56.811000
2024-05-19 13:09:37.117,9561,208,6,0,True,0,car,0 days 00:06:20.523000,0 days 01:01:57.131000
2024-05-19 13:09:37.277,9928,198,6,0,True,0,car,0 days 00:06:20.683000,0 days 01:01:57.291000
2024-05-19 13:09:37.637,10062,166,5,0,True,0,car,0 days 00:06:21.043000,0 days 01:01:57.651000
2024-05-19 13:09:37.837,9078,153,4,0,True,0,car,0 days 00:06:21.243000,0 days 01:01:57.851000
2024-05-19 13:09:38.077,8599,144,4,0,True,0,car,0 days 00:06:21.483000,0 days 01:01:58.091000
2024-05-19 13:09:38.357,7708,132,4,0,True,0,car,0 days 00:06:21.763000,0 days 01:01:58.371000
2024-05-19 13:09:38.517,7428,130,4,0,True,0,car,0 days 00:06:21.923000,0 days 01:01:58.531000
2024-05-19 13:09:38.757,7179,123,4,0,False,0,car,0 days 00:06:22.163000,0 days 01:01:58.771000
2024-05-19 13:09:38.917,7102,117,4,0,False,0,car,0 days 00:06:22.323000,0 days 01:01:58.931000
2024-05-19 13:09:39.196,7960,115,4,0,True,0,car,0 days 00:06:22.602000,0 days 01:01:59.210000
2024-05-19 13:09:39.676,7350,108,3,0,False,0,car,0 days 00:06:23.082000,0 days 01:01:59.690000
2024-05-19 13:09:39.916,7306,101,3,3,False,0,car,0 days 00:06:23.322000,0 days 01:01:59.930000
2024-05-19 13:09:40.076,7168,100,3,10,False,0,car,0 days 00:06:23.482000,0 days 01:02:00.090000
2024-05-19 13:09:40.276,7644,99,3,36,False,0,car,0 days 00:06:23.682000,0 days 01:02:00.290000
2024-05-19 13:09:40.436,7786,103,3,39,False,0,car,0 days 00:06:23.842000,0 days 01:02:00.450000
2024-05-19 13:09:40.756,8408,110,3,72,False,0,car,0 days 00:06:24.162000,0 days 01:02:00.770000
2024-05-19 13:09:41.076,9453,118,3,86,False,0,car,0 days 00:06:24.482000,0 days 01:02:01.090000
2024-05-19 13:09:41.237,10141,131,3,93,False,0,car,0 days 00:06:24.643000,0 days 01:02:01.251000
2024-05-19 13:09:41.437,10864,141,3,100,False,0,car,0 days 00:06:24.843000,0 days 01:02:01.451000
2024-05-19 13:09:41.597,11229,151,3,100,False,0,car,0 days 00:06:25.003000,0 days 01:02:01.611000
2024-05-19 13:09:41.797,11715,160,3,100,False,0,car,0 days 00:06:25.203000,0 days 01:02:01.811000
2024-05-19 13:09:42.157,10530,167,4,100,False,0,car,0 days 00:06:25.563000,0 days 01:02:02.171000
2024-05-19 13:09:42.557,11511,187,4,100,False,0,car,0 days 00:06:25.963000,0 days 01:02:02.571000
2024-05-19 13:09:42.877,11151,197,4,100,False,0,car,0 days 00:06:26.283000,0 days 01:02:02.891000
2024-05-19 13:09:43.037,10608,200,5,100,False,0,car,0 days 00:06:26.443000,0 days 01:02:03.051000
2024-05-19 13:09:43.277,10737,209,5,100,False,0,car,0 days 00:06:26.683000,0 days 01:02:03.291000
2024-05-19 13:09:43.477,10737,215,5,100,False,0,car,0 days 00:06:26.883000,0 days 01:02:03.491000
2024-05-19 13:09:43.677,11326,217,5,100,False,0,car,0 days 00:06:27.083000,0 days 01:02:03.691000
2024-05-19 13:09:43.957,11693,222,5,100,False,0,car,0 days 00:06:27.363000,0 days 01:02:03.971000
2024-05-19 13:09:44.237,11370,233,5,100,False,0,car,0 days 00:06:27.643000,0 days 01:02:04.251000
2024-05-19 13:09:44.437,10696,237,6,100,False,0,car,0 days 00:06:27.843000,0 days 01:02:04.451000
2024-05-19 13:09:44.637,10885,241,6,100,False,0,car,0 days 00:06:28.043000,0 days 01:02:04.651000
2024-05-19 13:09:44.877,11075,245,6,100,False,0,car,0 days 00:06:28.283000,0 days 01:02:04.891000
2024-05-19 13:09:45.197,11179,252,6,100,False,0,car,0 days 00:06:28.603000,0 days 01:02:05.211000
2024-05-19 13:09:45.357,11325,254,6,100,False,0,car,0 days 00:06:28.763000,0 days 01:02:05.371000
2024-05-19 13:09:45.557,11456,257,6,100,False,0,car,0 days 00:06:28.963000,0 days 01:02:05.571000
2024-05-19 13:09:45.796,11611,260,6,100,False,0,car,0 days 00:06:29.202000,0 days 01:02:05.810000
2024-05-19 13:09:46.036,10718,263,6,100,False,0,car,0 days 00:06:29.442000,0 days 01:02:06.050000
2024-05-19 13:09:46.396,10689,268,7,100,False,0,car,0 days 00:06:29.802000,0 days 01:02:06.410000
2024-05-19 13:09:46.596,10746,271,7,100,False,0,car,0 days 00:06:30.002000,0 days 01:02:06.610000
2024-05-19 13:09:46.836,10837,273,7,100,False,0,car,0 days 00:06:30.242000,0 days 01:02:06.850000
2024-05-19 13:09:47.076,10837,275,7,100,False,0,car,0 days 00:06:30.482000,0 days 01:02:07.090000
2024-05-19 13:09:47.356,11019,277,7,100,False,0,car,0 days 00:06:30.762000,0 days 01:02:07.370000
2024-05-19 13:09:47.516,11019,280,7,100,False,0,car,0 days 00:06:30.922000,0 days 01:02:07.530000
2024-05-19 13:09:47.837,11130,282,7,100,False,0,car,0 days 00:06:31.243000,0 days 01:02:07.851000
2024-05-19 13:09:47.997,11130,284,7,100,False,0,car,0 days 00:06:31.403000,0 days 01:02:08.011000
2024-05-19 13:09:48.237,11280,285,7,100,False,0,car,0 days 00:06:31.643000,0 days 01:02:08.251000
2024-05-19 13:09:48.477,11243,285,7,100,False,0,car,0 days 00:06:31.883000,0 days 01:02:08.491000
2024-05-19 13:09:48.757,11203,284,7,100,False,0,car,0 days 00:06:32.163000,0 days 01:02:08.771000
2024-05-19 13:09:48.997,11225,284,7,100,False,0,car,0 days 00:06:32.403000,0 days 01:02:09.011000
2024-05-19 13:09:49.157,11241,283,7,100,False,0,car,0 days 00:06:32.563000,0 days 01:02:09.171000
2024-05-19 13:09:49.437,10907,284,7,100,False,0,car,0 days 00:06:32.843000,0 days 01:02:09.451000
2024-05-19 13:09:49.677,10888,280,7,0,False,0,car,0 days 00:06:33.083000,0 days 01:02:09.691000
2024-05-19 13:09:50.037,10697,262,7,0,True,0,car,0 days 00:06:33.443000,0 days 01:02:10.051000
2024-05-19 13:09:50.357,9437,246,7,0,True,0,car,0 days 00:06:33.763000,0 days 01:02:10.371000
2024-05-19 13:09:50.637,9665,205,7,0,True,0,car,0 days 00:06:34.043000,0 days 01:02:10.651000
2024-05-19 13:09:50.877,10342,183,5,0,True,0,car,0 days 00:06:34.283000,0 days 01:02:10.891000
2024-05-19 13:09:51.157,9908,158,5,0,True,0,car,0 days 00:06:34.563000,0 days 01:02:11.171000
2024-05-19 13:09:51.317,10432,146,5,0,True,0,car,0 days 00:06:34.723000,0 days 01:02:11.331000
2024-05-19 13:09:51.717,8924,131,3,0,True,0,car,0 days 00:06:35.123000,0 days 01:02:11.731000
2024-05-19 13:09:51.917,8751,123,3,0,True,0,car,0 days 00:06:35.323000,0 days 01:02:11.931000
2024-05-19 13:09:52.077,8626,122,3,0,False,0,car,0 days 00:06:35.483000,0 days 01:02:12.091000
2024-05-19 13:09:52.237,8526,118,3,5,False,0,car,0 days 00:06:35.643000,0 days 01:02:12.251000
2024-05-19 13:09:52.556,8415,116,3,9,False,0,car,0 days 00:06:35.962000,0 days 01:02:12.570000
2024-05-19 13:09:52.756,8626,116,3,39,False,0,car,0 days 00:06:36.162000,0 days 01:02:12.770000
2024-05-19 13:09:53.156,9076,118,3,56,False,0,car,0 days 00:06:36.562000,0 days 01:02:13.170000
2024-05-19 13:09:53.516,9978,132,3,72,False,0,car,0 days 00:06:36.922000,0 days 01:02:13.530000
2024-05-19 13:09:53.876,11135,143,3,99,False,0,car,0 days 00:06:37.282000,0 days 01:02:13.890000
2024-05-19 13:09:54.196,9676,158,4,100,False,0,car,0 days 00:06:37.602000,0 days 01:02:14.210000
2024-05-19 13:09:54.557,9308,161,4,0,True,0,car,0 days 00:06:37.963000,0 days 01:02:14.571000
2024-05-19 13:09:54.717,9062,154,4,0,True,0,car,0 days 00:06:38.123000,0 days 01:02:14.731000
2024-05-19 13:09:54.957,8793,150,4,0,True,0,car,0 days 00:06:38.363000,0 days 01:02:14.971000
2024-05-19 13:09:55.237,8443,145,4,0,True,0,car,0 days 00:06:38.643000,0 days 01:02:15.251000
2024-05-19 13:09:55.637,8525,139,4,28,False,0,car,0 days 00:06:39.043000,0 days 01:02:15.651000
2024-05-19 13:09:55.997,8793,142,4,61,False,0,car,0 days 00:06:39.403000,0 days 01:02:16.011000
2024-05-19 13:09:56.357,9338,148,4,71,False,0,car,0 days 00:06:39.763000,0 days 01:02:16.371000
2024-05-19 13:09:56.557,9572,148,4,81,False,0,car,0 days 00:06:39.963000,0 days 01:02:16.571000
2024-05-19 13:09:56.837,10187,163,4,91,False,0,car,0 days 00:06:40.243000,0 days 01:02:16.851000
2024-05-19 13:09:57.237,11171,179,4,100,False,0,car,0 days 00:06:40.643000,0 days 01:02:17.251000
2024-05-19 13:09:57.637,11465,190,4,100,False,0,car,0 days 00:06:41.043000,0 days 01:02:17.651000
2024-05-19 13:09:57.837,10345,197,4,100,False,0,car,0 days 00:06:41.243000,0 days 01:02:17.851000
2024-05-19 13:09:58.037,10532,203,5,100,False,0,car,0 days 00:06:41.443000,0 days 01:02:18.051000
2024-05-19 13:09:58.397,10968,214,5,100,False,0,car,0 days 00:06:41.803000,0 days 01:02:18.411000
2024-05-19 13:09:58.677,11299,219,5,100,False,0,car,0 days 00:06:42.083000,0 days 01:02:18.691000
2024-05-19 13:09:58.957,11548,227,5,100,False,0,car,0 days 00:06:42.363000,0 days 01:02:18.971000
2024-05-19 13:09:59.156,11704,231,5,100,False,0,car,0 days 00:06:42.562000,0 days 01:02:19.170000
2024-05-19 13:09:59.476,10661,237,6,100,False,0,car,0 days 00:06:42.882000,0 days 01:02:19.490000
2024-05-19 13:09:59.676,10863,239,6,100,False,0,car,0 days 00:06:43.082000,0 days 01:02:19.690000
2024-05-19 13:09:59.876,10976,243,6,100,False,0,car,0 days 00:06:43.282000,0 days 01:02:19.890000
2024-05-19 13:10:00.116,11181,249,6,100,False,0,car,0 days 00:06:43.522000,0 days 01:02:20.130000
2024-05-19 13:10:00.276,11301,252,6,100,False,0,car,0 days 00:06:43.682000,0 days 01:02:20.290000
2024-05-19 13:10:00.516,11521,257,6,100,False,0,car,0 days 00:06:43.922000,0 days 01:02:20.530000
2024-05-19 13:10:00.716,11574,260,6,100,False,0,car,0 days 00:06:44.122000,0 days 01:02:20.730000
2024-05-19 13:10:00.917,11707,261,6,100,False,0,car,0 days 00:06:44.323000,0 days 01:02:20.931000
2024-05-19 13:10:01.157,10587,265,7,100,False,0,car,0 days 00:06:44.563000,0 days 01:02:21.171000
2024-05-19 13:10:01.357,10685,267,7,100,False,0,car,0 days 00:06:44.763000,0 days 01:02:21.371000
2024-05-19 13:10:01.717,10861,272,7,100,False,0,car,0 days 00:06:45.123000,0 days 01:02:21.731000
2024-05-19 13:10:01.877,10874,272,7,100,False,0,car,0 days 00:06:45.283000,0 days 01:02:21.891000
2024-05-19 13:10:02.037,10932,274,7,100,False,0,car,0 days 00:06:45.443000,0 days 01:02:22.051000
2024-05-19 13:10:02.197,10999,276,7,100,False,0,car,0 days 00:06:45.603000,0 days 01:02:22.211000
2024-05-19 13:10:02.557,11099,280,7,100,False,0,car,0 days 00:06:45.963000,0 days 01:02:22.571000
2024-05-19 13:10:02.797,11234,282,7,100,False,0,car,0 days 00:06:46.203000,0 days 01:02:22.811000
2024-05-19 13:10:02.997,11240,284,7,100,False,0,car,0 days 00:06:46.403000,0 days 01:02:23.011000
2024-05-19 13:10:03.237,11346,287,7,100,False,0,car,0 days 00:06:46.643000,0 days 01:02:23.251000
2024-05-19 13:10:03.517,11440,288,7,100,False,0,car,0 days 00:06:46.923000,0 days 01:02:23.531000
2024-05-19 13:10:03.757,11537,290,7,100,False,0,car,0 days 00:06:47.163000,0 days 01:02:23.771000
2024-05-19 13:10:04.077,11537,291,7,100,False,0,car,0 days 00:06:47.483000,0 days 01:02:24.091000
2024-05-19 13:10:04.317,11592,292,7,100,False,0,car,0 days 00:06:47.723000,0 days 01:02:24.331000
2024-05-19 13:10:04.517,10519,294,7,100,False,0,car,0 days 00:06:47.923000,0 days 01:02:24.531000
2024-05-19 13:10:04.757,10519,296,8,100,False,0,car,0 days 00:06:48.163000,0 days 01:02:24.771000
2024-05-19 13:10:05.157,10653,298,8,100,False,0,car,0 days 00:06:48.563000,0 days 01:02:25.171000
2024-05-19 13:10:05.317,10692,300,8,100,False,0,car,0 days 00:06:48.723000,0 days 01:02:25.331000
2024-05-19 13:10:05.637,10740,302,8,100,False,0,car,0 days 00:06:49.043000,0 days 01:02:25.651000
2024-05-19 13:10:05.956,10756,303,8,100,False,0,car,0 days 00:06:49.362000,0 days 01:02:25.970000
2024-05-19 13:10:06.156,10797,303,8,100,False,0,car,0 days 00:06:49.562000,0 days 01:02:26.170000
2024-05-19 13:10:06.356,10800,304,8,100,False,0,car,0 days 00:06:49.762000,0 days 01:02:26.370000
2024-05-19 13:10:06.676,10793,304,8,100,False,0,car,0 days 00:06:50.082000,0 days 01:02:26.690000
2024-05-19 13:10:06.956,10836,305,8,100,False,0,car,0 days 00:06:50.362000,0 days 01:02:26.970000
2024-05-19 13:10:07.276,10836,306,8,100,False,0,car,0 days 00:06:50.682000,0 days 01:02:27.290000
2024-05-19 13:10:07.677,10947,306,8,100,False,0,car,0 days 00:06:51.083000,0 days 01:02:27.691000
2024-05-19 13:10:08.077,10942,307,8,100,False,0,car,0 days 00:06:51.483000,0 days 01:02:28.091000
2024-05-19 13:10:08.437,11068,308,8,100,False,0,car,0 days 00:06:51.843000,0 days 01:02:28.451000
2024-05-19 13:10:08.637,10901,308,8,100,False,0,car,0 days 00:06:52.043000,0 days 01:02:28.651000
2024-05-19 13:10:09.037,10909,306,8,100,False,0,car,0 days 00:06:52.443000,0 days 01:02:29.051000
2024-05-19 13:10:09.317,10913,306,8,100,False,0,car,0 days 00:06:52.723000,0 days 01:02:29.331000
2024-05-19 13:10:09.637,10864,305,8,100,False,0,car,0 days 00:06:53.043000,0 days 01:02:29.651000
2024-05-19 13:10:09.837,10805,305,8,100,False,0,car,0 days 00:06:53.243000,0 days 01:02:29.851000
2024-05-19 13:10:10.037,10838,304,8,100,False,0,car,0 days 00:06:53.443000,0 days 01:02:30.051000
2024-05-19 13:10:10.277,10808,303,8,100,False,0,car,0 days 00:06:53.683000,0 days 01:02:30.291000
2024-05-19 13:10:10.677,10756,302,8,100,False,0,car,0 days 00:06:54.083000,0 days 01:02:30.691000
2024-05-19 13:10:11.037,10672,300,8,100,False,0,car,0 days 00:06:54.443000,0 days 01:02:31.051000
2024-05-19 13:10:11.277,10645,299,8,100,False,0,car,0 days 00:06:54.683000,0 days 01:02:31.291000
2024-05-19 13:10:11.437,10628,299,8,100,False,0,car,0 days 00:06:54.843000,0 days 01:02:31.451000
2024-05-19 13:10:11.717,10365,297,8,0,False,0,car,0 days 00:06:55.123000,0 days 01:02:31.731000
2024-05-19 13:10:11.957,10032,290,8,0,False,0,car,0 days 00:06:55.363000,0 days 01:02:31.971000
2024-05-19 13:10:12.397,9516,261,8,0,True,0,car,0 days 00:06:55.803000,0 days 01:02:32.411000
2024-05-19 13:10:12.756,9499,229,8,0,True,0,car,0 days 00:06:56.162000,0 days 01:02:32.770000
2024-05-19 13:10:12.996,9750,202,8,0,True,0,car,0 days 00:06:56.402000,0 days 01:02:33.010000
2024-05-19 13:10:13.196,9893,186,7,0,True,0,car,0 days 00:06:56.602000,0 days 01:02:33.210000
2024-05-19 13:10:13.516,9983,170,4,0,True,0,car,0 days 00:06:56.922000,0 days 01:02:33.530000
2024-05-19 13:10:13.716,9495,163,4,0,True,0,car,0 days 00:06:57.122000,0 days 01:02:33.730000
2024-05-19 13:10:13.876,9386,163,4,0,False,0,car,0 days 00:06:57.282000,0 days 01:02:33.890000
2024-05-19 13:10:14.197,9287,152,4,11,False,0,car,0 days 00:06:57.603000,0 days 01:02:34.211000
2024-05-19 13:10:14.437,9369,151,4,47,False,0,car,0 days 00:06:57.843000,0 days 01:02:34.451000
2024-05-19 13:10:14.597,9473,156,4,70,False,0,car,0 days 00:06:58.003000,0 days 01:02:34.611000
2024-05-19 13:10:14.877,10010,161,4,92,False,0,car,0 days 00:06:58.283000,0 days 01:02:34.891000
2024-05-19 13:10:15.077,10352,169,4,70,False,0,car,0 days 00:06:58.483000,0 days 01:02:35.091000
2024-05-19 13:10:15.477,10464,169,4,61,False,0,car,0 days 00:06:58.883000,0 days 01:02:35.491000
2024-05-19 13:10:15.637,10744,173,4,61,False,0,car,0 days 00:06:59.043000,0 days 01:02:35.651000
2024-05-19 13:10:15.797,10923,177,4,89,False,0,car,0 days 00:06:59.203000,0 days 01:02:35.811000
2024-05-19 13:10:15.957,11216,179,4,100,False,0,car,0 days 00:06:59.363000,0 days 01:02:35.971000
2024-05-19 13:10:16.197,10516,188,5,100,False,0,car,0 days 00:06:59.603000,0 days 01:02:36.211000
2024-05-19 13:10:16.517,10289,196,5,100,False,0,car,0 days 00:06:59.923000,0 days 01:02:36.531000
2024-05-19 13:10:16.797,10579,205,5,100,False,0,car,0 days 00:07:00.203000,0 days 01:02:36.811000
2024-05-19 13:10:17.157,10960,214,5,100,False,0,car,0 days 00:07:00.563000,0 days 01:02:37.171000
2024-05-19 13:10:17.557,11644,221,5,100,False,0,car,0 days 00:07:00.963000,0 days 01:02:37.571000
2024-05-19 13:10:17.917,10482,227,6,100,False,0,car,0 days 00:07:01.323000,0 days 01:02:37.931000
2024-05-19 13:10:18.077,10482,230,6,100,False,0,car,0 days 00:07:01.483000,0 days 01:02:38.091000
2024-05-19 13:10:18.397,10658,237,6,100,False,0,car,0 days 00:07:01.803000,0 days 01:02:38.411000
2024-05-19 13:10:18.677,10879,241,6,100,False,0,car,0 days 00:07:02.083000,0 days 01:02:38.691000
2024-05-19 13:10:18.917,11106,245,6,100,False,0,car,0 days 00:07:02.323000,0 days 01:02:38.931000
2024-05-19 13:10:19.077,11183,248,6,100,False,0,car,0 days 00:07:02.483000,0 days 01:02:39.091000
2024-05-19 13:10:19.277,11250,251,6,100,False,0,car,0 days 00:07:02.683000,0 days 01:02:39.291000
2024-05-19 13:10:19.476,11406,254,6,100,False,0,car,0 days 00:07:02.882000,0 days 01:02:39.490000
2024-05-19 13:10:19.836,11643,260,6,100,False,0,car,0 days 00:07:03.242000,0 days 01:02:39.850000
2024-05-19 13:10:19.996,11599,263,6,100,False,0,car,0 days 00:07:03.402000,0 days 01:02:40.010000
2024-05-19 13:10:20.156,10940,264,6,100,False,0,car,0 days 00:07:03.562000,0 days 01:02:40.170000
2024-05-19 13:10:20.557,10726,269,7,100,False,0,car,0 days 00:07:03.963000,0 days 01:02:40.571000
2024-05-19 13:10:20.797,10788,272,7,100,False,0,car,0 days 00:07:04.203000,0 days 01:02:40.811000
2024-05-19 13:10:20.997,10891,275,7,100,False,0,car,0 days 00:07:04.403000,0 days 01:02:41.011000
2024-05-19 13:10:21.277,10805,277,7,100,False,0,car,0 days 00:07:04.683000,0 days 01:02:41.291000
2024-05-19 13:10:21.517,11050,278,7,100,False,0,car,0 days 00:07:04.923000,0 days 01:02:41.531000
2024-05-19 13:10:21.757,10893,280,7,100,False,0,car,0 days 00:07:05.163000,0 days 01:02:41.771000
2024-05-19 13:10:21.997,11053,279,7,100,False,0,car,0 days 00:07:05.403000,0 days 01:02:42.011000
2024-05-19 13:10:22.197,11094,280,7,100,False,0,car,0 days 00:07:05.603000,0 days 01:02:42.211000
2024-05-19 13:10:22.357,11086,280,7,100,False,0,car,0 days 00:07:05.763000,0 days 01:02:42.371000
2024-05-19 13:10:22.717,10902,279,7,52,False,0,car,0 days 00:07:06.123000,0 days 01:02:42.731000
2024-05-19 13:10:22.917,10690,270,7,0,True,0,car,0 days 00:07:06.323000,0 days 01:02:42.931000
2024-05-19 13:10:23.117,10153,258,7,0,True,0,car,0 days 00:07:06.523000,0 days 01:02:43.131000
2024-05-19 13:10:23.357,9868,247,7,0,True,0,car,0 days 00:07:06.763000,0 days 01:02:43.371000
2024-05-19 13:10:23.757,10007,229,6,0,True,0,car,0 days 00:07:07.163000,0 days 01:02:43.771000
2024-05-19 13:10:23.917,9838,226,6,0,True,0,car,0 days 00:07:07.323000,0 days 01:02:43.931000
2024-05-19 13:10:24.317,9417,207,6,0,True,0,car,0 days 00:07:07.723000,0 days 01:02:44.331000
2024-05-19 13:10:24.677,9056,185,5,0,True,0,car,0 days 00:07:08.083000,0 days 01:02:44.691000
2024-05-19 13:10:24.917,8741,173,5,0,True,0,car,0 days 00:07:08.323000,0 days 01:02:44.931000
2024-05-19 13:10:25.157,8286,169,5,0,False,0,car,0 days 00:07:08.563000,0 days 01:02:45.171000
2024-05-19 13:10:25.557,8195,161,5,36,False,0,car,0 days 00:07:08.963000,0 days 01:02:45.571000
2024-05-19 13:10:25.877,8432,163,5,61,False,0,car,0 days 00:07:09.283000,0 days 01:02:45.891000
2024-05-19 13:10:26.196,9066,172,5,100,False,0,car,0 days 00:07:09.602000,0 days 01:02:46.210000
2024-05-19 13:10:26.476,9432,178,5,100,False,0,car,0 days 00:07:09.882000,0 days 01:02:46.490000
2024-05-19 13:10:26.796,9869,190,5,100,False,0,car,0 days 00:07:10.202000,0 days 01:02:46.810000
2024-05-19 13:10:27.036,10125,193,5,100,False,0,car,0 days 00:07:10.442000,0 days 01:02:47.050000
2024-05-19 13:10:27.397,10542,206,5,100,False,0,car,0 days 00:07:10.803000,0 days 01:02:47.411000
2024-05-19 13:10:27.797,10910,213,5,100,False,0,car,0 days 00:07:11.203000,0 days 01:02:47.811000
2024-05-19 13:10:28.077,11174,215,5,100,False,0,car,0 days 00:07:11.483000,0 days 01:02:48.091000
2024-05-19 13:10:28.397,11211,220,5,100,False,0,car,0 days 00:07:11.803000,0 days 01:02:48.411000
2024-05-19 13:10:28.597,11319,221,5,100,False,0,car,0 days 00:07:12.003000,0 days 01:02:48.611000
2024-05-19 13:10:28.797,11376,223,5,100,False,0,car,0 days 00:07:12.203000,0 days 01:02:48.811000
2024-05-19 13:10:28.997,11354,223,5,3,False,0,car,0 days 00:07:12.403000,0 days 01:02:49.011000
2024-05-19 13:10:29.157,10934,212,5,0,True,0,car,0 days 00:07:12.563000,0 days 01:02:49.171000
2024-05-19 13:10:29.517,10032,193,5,0,True,0,car,0 days 00:07:12.923000,0 days 01:02:49.531000
2024-05-19 13:10:29.757,10707,162,5,0,True,0,car,0 days 00:07:13.163000,0 days 01:02:49.771000
2024-05-19 13:10:29.957,10445,149,3,0,True,0,car,0 days 00:07:13.363000,0 days 01:02:49.971000
2024-05-19 13:10:30.237,9408,133,3,0,True,0,car,0 days 00:07:13.643000,0 days 01:02:50.251000
2024-05-19 13:10:30.397,8953,126,3,0,True,0,car,0 days 00:07:13.803000,0 days 01:02:50.411000
2024-05-19 13:10:30.597,8373,118,3,0,True,0,car,0 days 00:07:14.003000,0 days 01:02:50.611000
2024-05-19 13:10:30.917,8061,110,3,0,True,0,car,0 days 00:07:14.323000,0 days 01:02:50.931000
2024-05-19 13:10:31.317,7134,105,3,0,False,0,car,0 days 00:07:14.723000,0 days 01:02:51.331000
2024-05-19 13:10:31.757,7057,97,3,5,False,0,car,0 days 00:07:15.163000,0 days 01:02:51.771000
2024-05-19 13:10:31.997,7296,97,3,24,False,0,car,0 days 00:07:15.403000,0 days 01:02:52.011000
2024-05-19 13:10:32.237,7398,98,3,32,False,0,car,0 days 00:07:15.643000,0 days 01:02:52.251000
2024-05-19 13:10:32.517,7825,103,3,46,False,0,car,0 days 00:07:15.923000,0 days 01:02:52.531000
2024-05-19 13:10:32.756,8188,107,3,54,False,0,car,0 days 00:07:16.162000,0 days 01:02:52.770000
2024-05-19 13:10:32.996,8355,110,3,54,False,0,car,0 days 00:07:16.402000,0 days 01:02:53.010000
2024-05-19 13:10:33.156,8829,115,3,69,False,0,car,0 days 00:07:16.562000,0 days 01:02:53.170000
2024-05-19 13:10:33.476,9809,125,3,89,False,0,car,0 days 00:07:16.882000,0 days 01:02:53.490000
2024-05-19 13:10:33.757,10855,138,3,100,False,0,car,0 days 00:07:17.163000,0 days 01:02:53.771000
2024-05-19 13:10:33.917,10995,143,3,100,False,0,car,0 days 00:07:17.323000,0 days 01:02:53.931000
2024-05-19 13:10:34.157,11233,156,3,100,False,0,car,0 days 00:07:17.563000,0 days 01:02:54.171000
2024-05-19 13:10:34.397,10212,164,4,100,False,0,car,0 days 00:07:17.803000,0 days 01:02:54.411000
2024-05-19 13:10:34.597,10476,177,4,100,False,0,car,0 days 00:07:18.003000,0 days 01:02:54.611000
2024-05-19 13:10:34.997,11445,190,4,100,False,0,car,0 days 00:07:18.403000,0 days 01:02:55.011000
2024-05-19 13:10:35.237,11990,196,4,100,False,0,car,0 days 00:07:18.643000,0 days 01:02:55.251000
2024-05-19 13:10:35.597,10590,208,5,100,False,0,car,0 days 00:07:19.003000,0 days 01:02:55.611000
2024-05-19 13:10:35.837,11036,213,5,100,False,0,car,0 days 00:07:19.243000,0 days 01:02:55.851000
2024-05-19 13:10:36.037,11315,219,5,100,False,0,car,0 days 00:07:19.443000,0 days 01:02:56.051000
2024-05-19 13:10:36.317,11532,226,5,100,False,0,car,0 days 00:07:19.723000,0 days 01:02:56.331000
2024-05-19 13:10:36.637,11495,232,5,100,False,0,car,0 days 00:07:20.043000,0 days 01:02:56.651000
2024-05-19 13:10:36.797,10535,234,6,100,False,0,car,0 days 00:07:20.203000,0 days 01:02:56.811000
2024-05-19 13:10:37.277,10910,243,6,100,False,0,car,0 days 00:07:20.683000,0 days 01:02:57.291000
2024-05-19 13:10:37.637,11135,250,6,100,False,0,car,0 days 00:07:21.043000,0 days 01:02:57.651000
2024-05-19 13:10:37.837,11311,253,6,100,False,0,car,0 days 00:07:21.243000,0 days 01:02:57.851000
2024-05-19 13:10:38.157,11477,256,6,100,False,0,car,0 days 00:07:21.563000,0 days 01:02:58.171000
2024-05-19 13:10:38.397,11625,260,6,100,False,0,car,0 days 00:07:21.803000,0 days 01:02:58.411000
2024-05-19 13:10:38.597,11413,261,6,100,False,0,car,0 days 00:07:22.003000,0 days 01:02:58.611000
2024-05-19 13:10:38.917,10371,262,7,100,False,0,car,0 days 00:07:22.323000,0 days 01:02:58.931000
2024-05-19 13:10:39.117,10371,263,7,100,False,0,car,0 days 00:07:22.523000,0 days 01:02:59.131000
2024-05-19 13:10:39.437,10538,265,7,100,False,0,car,0 days 00:07:22.843000,0 days 01:02:59.451000
2024-05-19 13:10:39.756,10556,265,7,100,False,0,car,0 days 00:07:23.162000,0 days 01:02:59.770000
2024-05-19 13:10:39.916,10558,265,7,100,False,0,car,0 days 00:07:23.322000,0 days 01:02:59.930000
2024-05-19 13:10:40.156,10556,266,7,100,False,0,car,0 days 00:07:23.562000,0 days 01:03:00.170000
2024-05-19 13:10:40.357,10593,266,7,100,False,0,car,0 days 00:07:23.763000,0 days 01:03:00.371000
2024-05-19 13:10:40.597,10635,267,7,100,False,0,car,0 days 00:07:24.003000,0 days 01:03:00.611000
2024-05-19 13:10:40.997,10556,260,7,25,True,0,car,0 days 00:07:24.403000,0 days 01:03:01.011000
2024-05-19 13:10:41.197,9813,254,7,0,True,0,car,0 days 00:07:24.603000,0 days 01:03:01.211000
2024-05-19 13:10:41.477,10115,232,7,0,True,0,car,0 days 00:07:24.883000,0 days 01:03:01.491000
2024-05-19 13:10:41.757,10656,214,6,0,True,0,car,0 days 00:07:25.163000,0 days 01:03:01.771000
2024-05-19 13:10:41.957,10368,207,5,1,True,0,car,0 days 00:07:25.363000,0 days 01:03:01.971000
2024-05-19 13:10:42.157,10088,204,5,5,False,0,car,0 days 00:07:25.563000,0 days 01:03:02.171000
2024-05-19 13:10:42.317,10226,200,5,5,False,0,car,0 days 00:07:25.723000,0 days 01:03:02.331000
2024-05-19 13:10:42.477,10210,197,5,69,False,0,car,0 days 00:07:25.883000,0 days 01:03:02.491000
2024-05-19 13:10:42.677,10371,198,5,87,False,0,car,0 days 00:07:26.083000,0 days 01:03:02.691000
2024-05-19 13:10:42.917,10657,205,5,100,False,0,car,0 days 00:07:26.323000,0 days 01:03:02.931000
2024-05-19 13:10:43.117,11021,209,5,98,False,0,car,0 days 00:07:26.523000,0 days 01:03:03.131000
2024-05-19 13:10:43.317,11077,213,5,100,False,0,car,0 days 00:07:26.723000,0 days 01:03:03.331000
2024-05-19 13:10:43.477,11077,215,5,100,False,0,car,0 days 00:07:26.883000,0 days 01:03:03.491000
2024-05-19 13:10:43.677,11355,220,5,100,False,0,car,0 days 00:07:27.083000,0 days 01:03:03.691000
2024-05-19 13:10:43.877,10795,223,5,100,False,0,car,0 days 00:07:27.283000,0 days 01:03:03.891000
2024-05-19 13:10:44.077,10417,227,5,100,False,0,car,0 days 00:07:27.483000,0 days 01:03:04.091000
2024-05-19 13:10:44.397,10612,231,6,100,False,0,car,0 days 00:07:27.803000,0 days 01:03:04.411000
2024-05-19 13:10:44.637,10848,231,6,100,False,0,car,0 days 00:07:28.043000,0 days 01:03:04.651000
2024-05-19 13:10:44.877,11020,239,6,100,False,0,car,0 days 00:07:28.283000,0 days 01:03:04.891000
2024-05-19 13:10:45.117,11176,247,6,100,False,0,car,0 days 00:07:28.523000,0 days 01:03:05.131000
2024-05-19 13:10:45.397,11396,254,6,100,False,0,car,0 days 00:07:28.803000,0 days 01:03:05.411000
2024-05-19 13:10:45.557,11508,255,6,100,False,0,car,0 days 00:07:28.963000,0 days 01:03:05.571000
2024-05-19 13:10:45.797,11684,259,6,100,False,0,car,0 days 00:07:29.203000,0 days 01:03:05.811000
2024-05-19 13:10:46.077,10449,262,7,100,False,0,car,0 days 00:07:29.483000,0 days 01:03:06.091000
2024-05-19 13:10:46.276,10495,264,7,100,False,0,car,0 days 00:07:29.682000,0 days 01:03:06.290000
2024-05-19 13:10:46.436,10516,264,7,100,False,0,car,0 days 00:07:29.842000,0 days 01:03:06.450000
2024-05-19 13:10:46.716,10540,268,7,100,False,0,car,0 days 00:07:30.122000,0 days 01:03:06.730000
2024-05-19 13:10:47.077,10680,269,7,100,False,0,car,0 days 00:07:30.483000,0 days 01:03:07.091000
2024-05-19 13:10:47.437,10809,272,7,100,False,0,car,0 days 00:07:30.843000,0 days 01:03:07.451000
2024-05-19 13:10:47.717,10304,268,7,0,False,0,car,0 days 00:07:31.123000,0 days 01:03:07.731000
2024-05-19 13:10:47.957,10258,263,7,0,False,0,car,0 days 00:07:31.363000,0 days 01:03:07.971000
2024-05-19 13:10:48.277,9946,258,7,0,False,0,car,0 days 00:07:31.683000,0 days 01:03:08.291000
2024-05-19 13:10:48.517,9337,254,7,0,False,0,car,0 days 00:07:31.923000,0 days 01:03:08.531000
2024-05-19 13:10:48.717,9258,237,7,0,True,0,car,0 days 00:07:32.123000,0 days 01:03:08.731000
2024-05-19 13:10:49.117,10117,199,6,0,True,0,car,0 days 00:07:32.523000,0 days 01:03:09.131000
2024-05-19 13:10:49.357,9434,181,5,0,True,0,car,0 days 00:07:32.763000,0 days 01:03:09.371000
2024-05-19 13:10:49.517,9574,170,5,0,True,0,car,0 days 00:07:32.923000,0 days 01:03:09.531000
2024-05-19 13:10:49.837,9722,152,4,0,True,0,car,0 days 00:07:33.243000,0 days 01:03:09.851000
2024-05-19 13:10:50.117,8226,141,4,0,True,0,car,0 days 00:07:33.523000,0 days 01:03:10.131000
2024-05-19 13:10:50.277,8113,141,4,0,True,0,car,0 days 00:07:33.683000,0 days 01:03:10.291000
2024-05-19 13:10:50.437,7831,136,4,0,False,0,car,0 days 00:07:33.843000,0 days 01:03:10.451000
2024-05-19 13:10:50.717,7948,128,4,7,False,0,car,0 days 00:07:34.123000,0 days 01:03:10.731000
2024-05-19 13:10:50.917,7855,127,4,25,False,0,car,0 days 00:07:34.323000,0 days 01:03:10.931000
2024-05-19 13:10:51.077,7959,128,4,52,False,0,car,0 days 00:07:34.483000,0 days 01:03:11.091000
2024-05-19 13:10:51.317,8160,132,4,62,False,0,car,0 days 00:07:34.723000,0 days 01:03:11.331000
2024-05-19 13:10:51.597,8994,142,4,100,False,0,car,0 days 00:07:35.003000,0 days 01:03:11.611000
2024-05-19 13:10:51.757,8985,146,4,100,False,0,car,0 days 00:07:35.163000,0 days 01:03:11.771000
2024-05-19 13:10:51.917,9369,155,4,100,False,0,car,0 days 00:07:35.323000,0 days 01:03:11.931000
2024-05-19 13:10:52.077,9369,156,4,100,False,0,car,0 days 00:07:35.483000,0 days 01:03:12.091000
2024-05-19 13:10:52.317,10402,162,4,100,False,0,car,0 days 00:07:35.723000,0 days 01:03:12.331000
2024-05-19 13:10:52.597,10402,177,4,100,False,0,car,0 days 00:07:36.003000,0 days 01:03:12.611000
2024-05-19 13:10:52.757,11049,181,4,100,False,0,car,0 days 00:07:36.163000,0 days 01:03:12.771000
2024-05-19 13:10:53.156,11805,191,4,100,False,0,car,0 days 00:07:36.562000,0 days 01:03:13.170000
2024-05-19 13:10:53.396,11252,199,4,100,False,0,car,0 days 00:07:36.802000,0 days 01:03:13.410000
2024-05-19 13:10:53.637,10839,202,4,100,False,0,car,0 days 00:07:37.043000,0 days 01:03:13.651000
2024-05-19 13:10:53.957,11308,215,5,100,False,0,car,0 days 00:07:37.363000,0 days 01:03:13.971000
2024-05-19 13:10:54.277,11430,223,5,100,False,0,car,0 days 00:07:37.683000,0 days 01:03:14.291000
2024-05-19 13:10:54.517,11805,229,5,100,False,0,car,0 days 00:07:37.923000,0 days 01:03:14.531000
2024-05-19 13:10:54.757,11630,229,5,100,False,0,car,0 days 00:07:38.163000,0 days 01:03:14.771000
2024-05-19 13:10:54.997,10930,240,5,100,False,0,car,0 days 00:07:38.403000,0 days 01:03:15.011000
2024-05-19 13:10:55.277,10921,243,6,100,False,0,car,0 days 00:07:38.683000,0 days 01:03:15.291000
2024-05-19 13:10:55.557,11092,248,6,100,False,0,car,0 days 00:07:38.963000,0 days 01:03:15.571000
2024-05-19 13:10:55.837,11287,250,6,100,False,0,car,0 days 00:07:39.243000,0 days 01:03:15.851000
2024-05-19 13:10:55.997,11252,252,6,100,False,0,car,0 days 00:07:39.403000,0 days 01:03:16.011000
2024-05-19 13:10:56.197,11252,254,6,100,False,0,car,0 days 00:07:39.603000,0 days 01:03:16.211000
2024-05-19 13:10:56.357,11329,254,6,100,False,0,car,0 days 00:07:39.763000,0 days 01:03:16.371000
2024-05-19 13:10:56.557,11365,254,6,100,False,0,car,0 days 00:07:39.963000,0 days 01:03:16.571000
2024-05-19 13:10:56.917,11573,255,6,100,False,0,car,0 days 00:07:40.323000,0 days 01:03:16.931000
2024-05-19 13:10:57.237,11393,256,6,100,False,0,car,0 days 00:07:40.643000,0 days 01:03:17.251000
2024-05-19 13:10:57.517,11393,250,6,53,True,0,car,0 days 00:07:40.923000,0 days 01:03:17.531000
2024-05-19 13:10:57.677,10861,245,6,0,True,0,car,0 days 00:07:41.083000,0 days 01:03:17.691000
2024-05-19 13:10:57.837,10203,228,6,0,True,0,car,0 days 00:07:41.243000,0 days 01:03:17.851000
2024-05-19 13:10:57.997,10114,209,6,0,True,0,car,0 days 00:07:41.403000,0 days 01:03:18.011000
2024-05-19 13:10:58.237,9275,190,6,0,True,0,car,0 days 00:07:41.643000,0 days 01:03:18.251000
2024-05-19 13:10:58.597,9446,159,5,0,True,0,car,0 days 00:07:42.003000,0 days 01:03:18.611000
2024-05-19 13:10:58.757,9084,152,4,0,True,0,car,0 days 00:07:42.163000,0 days 01:03:18.771000
2024-05-19 13:10:58.917,8335,140,4,0,True,0,car,0 days 00:07:42.323000,0 days 01:03:18.931000
2024-05-19 13:10:59.357,7652,124,4,0,True,0,car,0 days 00:07:42.763000,0 days 01:03:19.371000
2024-05-19 13:10:59.597,7111,117,4,0,False,0,car,0 days 00:07:43.003000,0 days 01:03:19.611000
2024-05-19 13:10:59.796,7013,114,4,0,False,0,car,0 days 00:07:43.202000,0 days 01:03:19.810000
2024-05-19 13:10:59.956,7433,113,4,0,True,0,car,0 days 00:07:43.362000,0 days 01:03:19.970000
2024-05-19 13:11:00.317,7406,109,3,0,True,0,car,0 days 00:07:43.723000,0 days 01:03:20.331000
2024-05-19 13:11:00.597,7306,101,3,1,False,0,car,0 days 00:07:44.003000,0 days 01:03:20.611000
2024-05-19 13:11:00.757,7690,101,3,18,False,0,car,0 days 00:07:44.163000,0 days 01:03:20.771000
2024-05-19 13:11:01.037,7872,102,3,26,False,0,car,0 days 00:07:44.443000,0 days 01:03:21.051000
2024-05-19 13:11:01.277,8237,106,3,52,False,0,car,0 days 00:07:44.683000,0 days 01:03:21.291000
2024-05-19 13:11:01.637,8763,115,3,57,False,0,car,0 days 00:07:45.043000,0 days 01:03:21.651000
2024-05-19 13:11:01.957,9401,128,3,84,False,0,car,0 days 00:07:45.363000,0 days 01:03:21.971000
2024-05-19 13:11:02.237,10766,141,3,99,False,0,car,0 days 00:07:45.643000,0 days 01:03:22.251000
2024-05-19 13:11:02.477,11165,146,3,100,False,0,car,0 days 00:07:45.883000,0 days 01:03:22.491000
2024-05-19 13:11:02.677,9905,159,3,100,False,0,car,0 days 00:07:46.083000,0 days 01:03:22.691000
2024-05-19 13:11:02.917,10400,172,4,100,False,0,car,0 days 00:07:46.323000,0 days 01:03:22.931000
2024-05-19 13:11:03.077,10981,176,4,100,False,0,car,0 days 00:07:46.483000,0 days 01:03:23.091000
2024-05-19 13:11:03.517,11829,191,4,100,False,0,car,0 days 00:07:46.923000,0 days 01:03:23.531000
2024-05-19 13:11:03.717,11689,197,4,100,False,0,car,0 days 00:07:47.123000,0 days 01:03:23.731000
2024-05-19 13:11:04.037,10866,206,5,100,False,0,car,0 days 00:07:47.443000,0 days 01:03:24.051000
2024-05-19 13:11:04.317,11079,212,5,100,False,0,car,0 days 00:07:47.723000,0 days 01:03:24.331000
2024-05-19 13:11:04.677,11386,223,5,100,False,0,car,0 days 00:07:48.083000,0 days 01:03:24.691000
2024-05-19 13:11:04.837,11386,228,5,100,False,0,car,0 days 00:07:48.243000,0 days 01:03:24.851000
2024-05-19 13:11:05.157,10679,236,6,100,False,0,car,0 days 00:07:48.563000,0 days 01:03:25.171000
2024-05-19 13:11:05.317,10819,238,6,100,False,0,car,0 days 00:07:48.723000,0 days 01:03:25.331000
2024-05-19 13:11:05.757,11135,247,6,100,False,0,car,0 days 00:07:49.163000,0 days 01:03:25.771000
2024-05-19 13:11:06.077,11329,253,6,100,False,0,car,0 days 00:07:49.483000,0 days 01:03:26.091000
2024-05-19 13:11:06.317,11495,256,6,100,False,0,car,0 days 00:07:49.723000,0 days 01:03:26.331000
2024-05-19 13:11:06.516,11635,259,6,100,False,0,car,0 days 00:07:49.922000,0 days 01:03:26.530000
2024-05-19 13:11:06.757,10546,263,6,100,False,0,car,0 days 00:07:50.163000,0 days 01:03:26.771000
2024-05-19 13:11:06.997,10600,267,7,100,False,0,car,0 days 00:07:50.403000,0 days 01:03:27.011000
2024-05-19 13:11:07.277,10714,267,7,100,False,0,car,0 days 00:07:50.683000,0 days 01:03:27.291000
2024-05-19 13:11:07.517,10899,273,7,100,False,0,car,0 days 00:07:50.923000,0 days 01:03:27.531000
2024-05-19 13:11:07.757,10960,275,7,100,False,0,car,0 days 00:07:51.163000,0 days 01:03:27.771000
2024-05-19 13:11:07.917,11002,277,7,100,False,0,car,0 days 00:07:51.323000,0 days 01:03:27.931000
2024-05-19 13:11:08.197,11048,278,7,100,False,0,car,0 days 00:07:51.603000,0 days 01:03:28.211000
2024-05-19 13:11:08.397,11143,278,7,100,False,0,car,0 days 00:07:51.803000,0 days 01:03:28.411000
2024-05-19 13:11:08.797,11143,285,7,100,False,0,car,0 days 00:07:52.203000,0 days 01:03:28.811000
2024-05-19 13:11:09.037,11490,287,7,100,False,0,car,0 days 00:07:52.443000,0 days 01:03:29.051000
2024-05-19 13:11:09.437,11410,287,7,100,False,0,car,0 days 00:07:52.843000,0 days 01:03:29.451000
2024-05-19 13:11:09.677,11326,286,7,100,False,0,car,0 days 00:07:53.083000,0 days 01:03:29.691000
2024-05-19 13:11:09.997,11290,285,7,100,False,0,car,0 days 00:07:53.403000,0 days 01:03:30.011000
2024-05-19 13:11:10.277,11157,285,7,2,False,0,car,0 days 00:07:53.683000,0 days 01:03:30.291000
2024-05-19 13:11:10.477,10867,283,7,0,False,0,car,0 days 00:07:53.883000,0 days 01:03:30.491000
2024-05-19 13:11:10.837,10243,264,7,0,True,0,car,0 days 00:07:54.243000,0 days 01:03:30.851000
2024-05-19 13:11:11.077,9543,246,7,0,True,0,car,0 days 00:07:54.483000,0 days 01:03:31.091000
2024-05-19 13:11:11.437,9343,215,7,0,True,0,car,0 days 00:07:54.843000,0 days 01:03:31.451000
2024-05-19 13:11:11.597,9801,183,7,0,True,0,car,0 days 00:07:55.003000,0 days 01:03:31.611000
2024-05-19 13:11:11.837,10055,173,7,0,True,0,car,0 days 00:07:55.243000,0 days 01:03:31.851000
2024-05-19 13:11:12.157,10094,144,6,0,True,0,car,0 days 00:07:55.563000,0 days 01:03:32.171000
2024-05-19 13:11:12.357,9364,137,4,0,True,0,car,0 days 00:07:55.763000,0 days 01:03:32.371000
2024-05-19 13:11:12.637,8591,123,3,0,True,0,car,0 days 00:07:56.043000,0 days 01:03:32.651000
2024-05-19 13:11:13.757,8403,110,3,51,False,0,car,0 days 00:07:57.163000,0 days 01:03:33.771000
2024-05-19 13:11:13.917,8607,115,3,56,False,0,car,0 days 00:07:57.323000,0 days 01:03:33.931000
2024-05-19 13:11:14.077,8934,117,3,68,False,0,car,0 days 00:07:57.483000,0 days 01:03:34.091000
2024-05-19 13:11:14.317,9392,128,3,73,False,0,car,0 days 00:07:57.723000,0 days 01:03:34.331000
2024-05-19 13:11:14.677,10950,136,3,100,False,0,car,0 days 00:07:58.083000,0 days 01:03:34.691000
2024-05-19 13:11:14.837,11178,149,3,100,False,0,car,0 days 00:07:58.243000,0 days 01:03:34.851000
2024-05-19 13:11:15.077,11743,149,3,100,False,0,car,0 days 00:07:58.483000,0 days 01:03:35.091000
2024-05-19 13:11:15.317,10203,162,3,17,False,0,car,0 days 00:07:58.723000,0 days 01:03:35.331000
2024-05-19 13:11:15.677,8900,156,4,0,True,0,car,0 days 00:07:59.083000,0 days 01:03:35.691000
2024-05-19 13:11:15.877,8861,151,4,0,True,0,car,0 days 00:07:59.283000,0 days 01:03:35.891000
2024-05-19 13:11:16.277,8433,145,4,0,True,0,car,0 days 00:07:59.683000,0 days 01:03:36.291000
2024-05-19 13:11:16.477,8787,140,4,27,False,0,car,0 days 00:07:59.883000,0 days 01:03:36.491000
2024-05-19 13:11:16.677,8453,137,4,51,False,0,car,0 days 00:08:00.083000,0 days 01:03:36.691000
2024-05-19 13:11:17.117,9171,145,4,72,False,0,car,0 days 00:08:00.523000,0 days 01:03:37.131000
2024-05-19 13:11:17.317,9371,150,4,77,False,0,car,0 days 00:08:00.723000,0 days 01:03:37.331000
2024-05-19 13:11:17.557,10000,158,4,82,False,0,car,0 days 00:08:00.963000,0 days 01:03:37.571000
2024-05-19 13:11:17.797,10000,167,4,82,False,0,car,0 days 00:08:01.203000,0 days 01:03:37.811000
2024-05-19 13:11:18.077,10941,171,4,100,False,0,car,0 days 00:08:01.483000,0 days 01:03:38.091000
2024-05-19 13:11:18.437,11460,189,4,100,False,0,car,0 days 00:08:01.843000,0 days 01:03:38.451000
2024-05-19 13:11:18.637,10480,195,4,100,False,0,car,0 days 00:08:02.043000,0 days 01:03:38.651000
2024-05-19 13:11:18.917,10418,201,5,100,False,0,car,0 days 00:08:02.323000,0 days 01:03:38.931000
2024-05-19 13:11:19.237,10875,213,5,100,False,0,car,0 days 00:08:02.643000,0 days 01:03:39.251000
2024-05-19 13:11:19.477,11232,218,5,100,False,0,car,0 days 00:08:02.883000,0 days 01:03:39.491000
2024-05-19 13:11:19.637,11475,221,5,100,False,0,car,0 days 00:08:03.043000,0 days 01:03:39.651000
2024-05-19 13:11:19.877,11665,226,5,100,False,0,car,0 days 00:08:03.283000,0 days 01:03:39.891000
2024-05-19 13:11:20.117,11035,232,5,100,False,0,car,0 days 00:08:03.523000,0 days 01:03:40.131000
2024-05-19 13:11:20.397,10786,240,6,100,False,0,car,0 days 00:08:03.803000,0 days 01:03:40.411000
2024-05-19 13:11:20.597,10921,244,6,100,False,0,car,0 days 00:08:04.003000,0 days 01:03:40.611000
2024-05-19 13:11:20.757,11076,244,6,100,False,0,car,0 days 00:08:04.163000,0 days 01:03:40.771000
2024-05-19 13:11:21.037,11285,250,6,100,False,0,car,0 days 00:08:04.443000,0 days 01:03:41.051000
2024-05-19 13:11:21.277,11363,254,6,100,False,0,car,0 days 00:08:04.683000,0 days 01:03:41.291000
2024-05-19 13:11:21.437,11486,256,6,100,False,0,car,0 days 00:08:04.843000,0 days 01:03:41.451000
2024-05-19 13:11:21.717,10781,261,6,100,False,0,car,0 days 00:08:05.123000,0 days 01:03:41.731000
2024-05-19 13:11:21.997,10555,264,7,100,False,0,car,0 days 00:08:05.403000,0 days 01:03:42.011000
2024-05-19 13:11:22.357,10736,268,7,100,False,0,car,0 days 00:08:05.763000,0 days 01:03:42.371000
2024-05-19 13:11:22.597,10836,272,7,100,False,0,car,0 days 00:08:06.003000,0 days 01:03:42.611000
2024-05-19 13:11:22.757,10848,274,7,100,False,0,car,0 days 00:08:06.163000,0 days 01:03:42.771000
2024-05-19 13:11:22.997,11000,276,7,100,False,0,car,0 days 00:08:06.403000,0 days 01:03:43.011000
2024-05-19 13:11:23.437,11148,279,7,100,False,0,car,0 days 00:08:06.843000,0 days 01:03:43.451000
2024-05-19 13:11:23.637,11194,281,7,100,False,0,car,0 days 00:08:07.043000,0 days 01:03:43.651000
2024-05-19 13:11:24.037,11376,285,7,100,False,0,car,0 days 00:08:07.443000,0 days 01:03:44.051000
2024-05-19 13:11:24.277,11337,286,7,100,False,0,car,0 days 00:08:07.683000,0 days 01:03:44.291000
2024-05-19 13:11:24.517,11457,289,7,100,False,0,car,0 days 00:08:07.923000,0 days 01:03:44.531000
2024-05-19 13:11:24.837,11532,291,7,100,False,0,car,0 days 00:08:08.243000,0 days 01:03:44.851000
2024-05-19 13:11:25.237,11206,294,7,100,False,0,car,0 days 00:08:08.643000,0 days 01:03:45.251000
2024-05-19 13:11:25.477,10646,295,8,100,False,0,car,0 days 00:08:08.883000,0 days 01:03:45.491000
2024-05-19 13:11:25.917,10635,299,8,100,False,0,car,0 days 00:08:09.323000,0 days 01:03:45.931000
2024-05-19 13:11:26.077,10675,299,8,100,False,0,car,0 days 00:08:09.483000,0 days 01:03:46.091000
2024-05-19 13:11:26.478,10720,300,8,100,False,0,car,0 days 00:08:09.884000,0 days 01:03:46.492000
2024-05-19 13:11:26.637,10710,301,8,100,False,0,car,0 days 00:08:10.043000,0 days 01:03:46.651000
2024-05-19 13:11:26.917,10757,303,8,100,False,0,car,0 days 00:08:10.323000,0 days 01:03:46.931000
2024-05-19 13:11:27.117,10817,303,8,100,False,0,car,0 days 00:08:10.523000,0 days 01:03:47.131000
2024-05-19 13:11:27.357,10857,304,8,100,False,0,car,0 days 00:08:10.763000,0 days 01:03:47.371000
2024-05-19 13:11:27.517,10879,304,8,100,False,0,car,0 days 00:08:10.923000,0 days 01:03:47.531000
2024-05-19 13:11:27.717,10888,306,8,100,False,0,car,0 days 00:08:11.123000,0 days 01:03:47.731000
2024-05-19 13:11:27.957,10915,305,8,100,False,0,car,0 days 00:08:11.363000,0 days 01:03:47.971000
2024-05-19 13:11:28.397,10928,306,8,100,False,0,car,0 days 00:08:11.803000,0 days 01:03:48.411000
2024-05-19 13:11:28.557,10933,307,8,100,False,0,car,0 days 00:08:11.963000,0 days 01:03:48.571000
2024-05-19 13:11:28.957,11008,309,8,100,False,0,car,0 days 00:08:12.363000,0 days 01:03:48.971000
2024-05-19 13:11:29.277,11024,309,8,100,False,0,car,0 days 00:08:12.683000,0 days 01:03:49.291000
2024-05-19 13:11:29.557,11013,310,8,100,False,0,car,0 days 00:08:12.963000,0 days 01:03:49.571000
2024-05-19 13:11:29.837,10943,308,8,100,False,0,car,0 days 00:08:13.243000,0 days 01:03:49.851000
2024-05-19 13:11:30.157,10970,308,8,100,False,0,car,0 days 00:08:13.563000,0 days 01:03:50.171000
2024-05-19 13:11:30.477,10936,307,8,100,False,0,car,0 days 00:08:13.883000,0 days 01:03:50.491000
2024-05-19 13:11:30.837,10876,306,8,100,False,0,car,0 days 00:08:14.243000,0 days 01:03:50.851000
2024-05-19 13:11:30.997,10876,305,8,100,False,0,car,0 days 00:08:14.403000,0 days 01:03:51.011000
2024-05-19 13:11:31.197,10823,305,8,100,False,0,car,0 days 00:08:14.603000,0 days 01:03:51.211000
2024-05-19 13:11:31.397,10813,305,8,100,False,0,car,0 days 00:08:14.803000,0 days 01:03:51.411000
2024-05-19 13:11:31.677,10797,303,8,100,False,0,car,0 days 00:08:15.083000,0 days 01:03:51.691000
2024-05-19 13:11:31.837,10738,302,8,100,False,0,car,0 days 00:08:15.243000,0 days 01:03:51.851000
2024-05-19 13:11:32.037,10653,300,8,100,False,0,car,0 days 00:08:15.443000,0 days 01:03:52.051000
2024-05-19 13:11:32.317,10622,300,8,100,False,0,car,0 days 00:08:15.723000,0 days 01:03:52.331000
2024-05-19 13:11:32.557,10550,298,8,10,False,0,car,0 days 00:08:15.963000,0 days 01:03:52.571000
2024-05-19 13:11:32.797,10509,295,8,0,False,0,car,0 days 00:08:16.203000,0 days 01:03:52.811000
2024-05-19 13:11:33.118,9739,278,8,0,True,0,car,0 days 00:08:16.524000,0 days 01:03:53.132000
2024-05-19 13:11:33.517,9470,242,8,0,True,0,car,0 days 00:08:16.923000,0 days 01:03:53.531000
2024-05-19 13:11:33.717,9724,221,8,0,True,0,car,0 days 00:08:17.123000,0 days 01:03:53.731000
2024-05-19 13:11:33.877,9941,210,8,0,True,0,car,0 days 00:08:17.283000,0 days 01:03:53.891000
2024-05-19 13:11:34.157,10510,184,8,0,True,0,car,0 days 00:08:17.563000,0 days 01:03:54.171000
2024-05-19 13:11:34.437,9626,170,6,0,True,0,car,0 days 00:08:17.843000,0 days 01:03:54.451000
2024-05-19 13:11:34.757,9378,161,4,4,False,0,car,0 days 00:08:18.163000,0 days 01:03:54.771000
2024-05-19 13:11:35.157,9327,151,4,48,False,0,car,0 days 00:08:18.563000,0 days 01:03:55.171000
2024-05-19 13:11:35.357,9558,152,4,65,False,0,car,0 days 00:08:18.763000,0 days 01:03:55.371000
2024-05-19 13:11:35.557,9668,155,4,73,False,0,car,0 days 00:08:18.963000,0 days 01:03:55.571000
2024-05-19 13:11:35.877,10372,164,4,69,False,0,car,0 days 00:08:19.283000,0 days 01:03:55.891000
2024-05-19 13:11:36.037,10404,164,4,52,False,0,car,0 days 00:08:19.443000,0 days 01:03:56.051000
2024-05-19 13:11:36.317,10723,169,4,51,False,0,car,0 days 00:08:19.723000,0 days 01:03:56.331000
2024-05-19 13:11:36.637,10914,174,4,75,False,0,car,0 days 00:08:20.043000,0 days 01:03:56.651000
2024-05-19 13:11:36.797,10961,181,4,93,False,0,car,0 days 00:08:20.203000,0 days 01:03:56.811000
2024-05-19 13:11:37.157,10010,186,5,100,False,0,car,0 days 00:08:20.563000,0 days 01:03:57.171000
2024-05-19 13:11:37.357,10207,192,5,100,False,0,car,0 days 00:08:20.763000,0 days 01:03:57.371000
2024-05-19 13:11:37.677,10613,200,5,100,False,0,car,0 days 00:08:21.083000,0 days 01:03:57.691000
2024-05-19 13:11:38.077,11153,212,5,100,False,0,car,0 days 00:08:21.483000,0 days 01:03:58.091000
2024-05-19 13:11:38.317,11385,219,5,100,False,0,car,0 days 00:08:21.723000,0 days 01:03:58.331000
2024-05-19 13:11:38.597,11666,225,5,100,False,0,car,0 days 00:08:22.003000,0 days 01:03:58.611000
2024-05-19 13:11:38.917,10492,229,5,100,False,0,car,0 days 00:08:22.323000,0 days 01:03:58.931000
2024-05-19 13:11:39.077,10601,229,6,100,False,0,car,0 days 00:08:22.483000,0 days 01:03:59.091000
2024-05-19 13:11:39.317,10832,236,6,100,False,0,car,0 days 00:08:22.723000,0 days 01:03:59.331000
2024-05-19 13:11:39.477,10890,236,6,100,False,0,car,0 days 00:08:22.883000,0 days 01:03:59.491000
2024-05-19 13:11:39.718,11030,245,6,100,False,0,car,0 days 00:08:23.124000,0 days 01:03:59.732000
2024-05-19 13:11:39.878,11142,245,6,100,False,0,car,0 days 00:08:23.284000,0 days 01:03:59.892000
2024-05-19 13:11:40.077,11282,249,6,100,False,0,car,0 days 00:08:23.483000,0 days 01:04:00.091000
2024-05-19 13:11:40.277,11360,252,6,100,False,0,car,0 days 00:08:23.683000,0 days 01:04:00.291000
2024-05-19 13:11:40.637,11662,260,6,100,False,0,car,0 days 00:08:24.043000,0 days 01:04:00.651000
2024-05-19 13:11:40.997,10641,264,6,100,False,0,car,0 days 00:08:24.403000,0 days 01:04:01.011000
2024-05-19 13:11:41.197,10649,267,7,100,False,0,car,0 days 00:08:24.603000,0 days 01:04:01.211000
2024-05-19 13:11:41.357,10760,268,7,100,False,0,car,0 days 00:08:24.763000,0 days 01:04:01.371000
2024-05-19 13:11:41.637,10808,273,7,100,False,0,car,0 days 00:08:25.043000,0 days 01:04:01.651000
2024-05-19 13:11:42.077,11015,276,7,100,False,0,car,0 days 00:08:25.483000,0 days 01:04:02.091000
2024-05-19 13:11:42.437,10952,280,7,100,False,0,car,0 days 00:08:25.843000,0 days 01:04:02.451000
2024-05-19 13:11:42.717,11156,281,7,100,False,0,car,0 days 00:08:26.123000,0 days 01:04:02.731000
2024-05-19 13:11:42.877,11221,281,7,100,False,0,car,0 days 00:08:26.283000,0 days 01:04:02.891000
2024-05-19 13:11:43.317,11101,281,7,100,False,0,car,0 days 00:08:26.723000,0 days 01:04:03.331000
2024-05-19 13:11:43.557,10953,281,7,0,False,0,car,0 days 00:08:26.963000,0 days 01:04:03.571000
2024-05-19 13:11:43.717,10953,279,7,0,False,0,car,0 days 00:08:27.123000,0 days 01:04:03.731000
2024-05-19 13:11:43.877,10640,275,7,0,True,0,car,0 days 00:08:27.283000,0 days 01:04:03.891000
2024-05-19 13:11:44.077,10039,267,7,0,True,0,car,0 days 00:08:27.483000,0 days 01:04:04.091000
2024-05-19 13:11:44.277,10457,262,7,0,True,0,car,0 days 00:08:27.683000,0 days 01:04:04.291000
2024-05-19 13:11:44.437,10744,243,7,0,True,0,car,0 days 00:08:27.843000,0 days 01:04:04.451000
2024-05-19 13:11:44.677,9996,234,6,0,True,0,car,0 days 00:08:28.083000,0 days 01:04:04.691000
2024-05-19 13:11:44.957,10987,223,6,0,True,0,car,0 days 00:08:28.363000,0 days 01:04:04.971000
2024-05-19 13:11:45.197,10309,205,5,0,True,0,car,0 days 00:08:28.603000,0 days 01:04:05.211000
2024-05-19 13:11:45.517,8783,184,5,0,True,0,car,0 days 00:08:28.923000,0 days 01:04:05.531000
2024-05-19 13:11:45.717,9572,172,5,0,True,0,car,0 days 00:08:29.123000,0 days 01:04:05.731000
2024-05-19 13:11:45.917,9577,165,4,0,True,0,car,0 days 00:08:29.323000,0 days 01:04:05.931000
2024-05-19 13:11:46.118,9390,161,4,1,True,0,car,0 days 00:08:29.524000,0 days 01:04:06.132000
2024-05-19 13:11:46.358,9264,158,4,13,False,0,car,0 days 00:08:29.764000,0 days 01:04:06.372000
2024-05-19 13:11:46.598,9575,153,4,55,False,0,car,0 days 00:08:30.004000,0 days 01:04:06.612000
2024-05-19 13:11:46.757,9592,154,4,71,False,0,car,0 days 00:08:30.163000,0 days 01:04:06.771000
2024-05-19 13:11:46.917,10016,157,4,87,False,0,car,0 days 00:08:30.323000,0 days 01:04:06.931000
2024-05-19 13:11:47.157,10774,163,4,100,False,0,car,0 days 00:08:30.563000,0 days 01:04:07.171000
2024-05-19 13:11:47.397,10747,173,4,100,False,0,car,0 days 00:08:30.803000,0 days 01:04:07.411000
2024-05-19 13:11:47.597,11728,180,4,100,False,0,car,0 days 00:08:31.003000,0 days 01:04:07.611000
2024-05-19 13:11:47.797,11723,186,4,100,False,0,car,0 days 00:08:31.203000,0 days 01:04:07.811000
2024-05-19 13:11:47.957,11615,189,4,100,False,0,car,0 days 00:08:31.363000,0 days 01:04:07.971000
2024-05-19 13:11:48.157,10215,192,4,100,False,0,car,0 days 00:08:31.563000,0 days 01:04:08.171000
2024-05-19 13:11:48.397,10398,200,5,100,False,0,car,0 days 00:08:31.803000,0 days 01:04:08.411000
2024-05-19 13:11:48.637,10941,209,5,100,False,0,car,0 days 00:08:32.043000,0 days 01:04:08.651000
2024-05-19 13:11:48.797,11080,214,5,100,False,0,car,0 days 00:08:32.203000,0 days 01:04:08.811000
2024-05-19 13:11:48.997,11105,217,5,100,False,0,car,0 days 00:08:32.403000,0 days 01:04:09.011000
2024-05-19 13:11:49.317,11394,220,5,100,False,0,car,0 days 00:08:32.723000,0 days 01:04:09.331000
2024-05-19 13:11:49.517,11385,223,5,100,False,0,car,0 days 00:08:32.923000,0 days 01:04:09.531000
2024-05-19 13:11:49.837,11467,226,5,32,False,0,car,0 days 00:08:33.243000,0 days 01:04:09.851000
2024-05-19 13:11:50.157,10248,214,5,0,True,0,car,0 days 00:08:33.563000,0 days 01:04:10.171000
2024-05-19 13:11:50.397,10388,186,5,0,True,0,car,0 days 00:08:33.803000,0 days 01:04:10.411000
2024-05-19 13:11:50.757,10768,162,5,0,True,0,car,0 days 00:08:34.163000,0 days 01:04:10.771000
2024-05-19 13:11:50.997,10046,144,3,0,True,0,car,0 days 00:08:34.403000,0 days 01:04:11.011000
2024-05-19 13:11:51.197,9388,134,3,0,True,0,car,0 days 00:08:34.603000,0 days 01:04:11.211000
2024-05-19 13:11:51.557,8128,126,3,0,True,0,car,0 days 00:08:34.963000,0 days 01:04:11.571000
2024-05-19 13:11:51.957,7411,114,3,0,True,0,car,0 days 00:08:35.363000,0 days 01:04:11.971000
2024-05-19 13:11:52.357,7158,102,3,3,False,0,car,0 days 00:08:35.763000,0 days 01:04:12.371000
2024-05-19 13:11:52.597,7017,97,3,6,False,0,car,0 days 00:08:36.003000,0 days 01:04:12.611000
2024-05-19 13:11:53.038,7334,96,3,26,False,0,car,0 days 00:08:36.444000,0 days 01:04:13.052000
2024-05-19 13:11:53.358,7620,99,3,38,False,0,car,0 days 00:08:36.764000,0 days 01:04:13.372000
2024-05-19 13:11:53.597,7726,103,3,42,False,0,car,0 days 00:08:37.003000,0 days 01:04:13.611000
2024-05-19 13:11:53.757,8046,105,3,50,False,0,car,0 days 00:08:37.163000,0 days 01:04:13.771000
2024-05-19 13:11:54.037,8653,111,3,61,False,0,car,0 days 00:08:37.443000,0 days 01:04:14.051000
2024-05-19 13:11:54.237,8963,116,3,71,False,0,car,0 days 00:08:37.643000,0 days 01:04:14.251000
2024-05-19 13:11:54.397,9149,123,3,80,False,0,car,0 days 00:08:37.803000,0 days 01:04:14.411000
2024-05-19 13:11:54.557,10129,127,3,100,False,0,car,0 days 00:08:37.963000,0 days 01:04:14.571000
2024-05-19 13:11:54.757,11197,136,3,100,False,0,car,0 days 00:08:38.163000,0 days 01:04:14.771000
2024-05-19 13:11:55.037,11192,150,3,100,False,0,car,0 days 00:08:38.443000,0 days 01:04:15.051000
2024-05-19 13:11:55.197,10081,159,3,100,False,0,car,0 days 00:08:38.603000,0 days 01:04:15.211000
2024-05-19 13:11:55.437,10364,166,4,100,False,0,car,0 days 00:08:38.843000,0 days 01:04:15.451000
2024-05-19 13:11:55.677,10988,174,4,100,False,0,car,0 days 00:08:39.083000,0 days 01:04:15.691000
2024-05-19 13:11:55.917,11279,185,4,100,False,0,car,0 days 00:08:39.323000,0 days 01:04:15.931000
2024-05-19 13:11:56.117,11657,192,4,100,False,0,car,0 days 00:08:39.523000,0 days 01:04:16.131000
2024-05-19 13:11:56.277,11274,194,4,100,False,0,car,0 days 00:08:39.683000,0 days 01:04:16.291000
2024-05-19 13:11:56.437,10434,200,4,100,False,0,car,0 days 00:08:39.843000,0 days 01:04:16.451000
2024-05-19 13:11:56.677,10839,200,5,100,False,0,car,0 days 00:08:40.083000,0 days 01:04:16.691000
2024-05-19 13:11:56.917,11104,215,5,100,False,0,car,0 days 00:08:40.323000,0 days 01:04:16.931000
2024-05-19 13:11:57.197,11334,222,5,100,False,0,car,0 days 00:08:40.603000,0 days 01:04:17.211000
2024-05-19 13:11:57.397,11711,226,5,100,False,0,car,0 days 00:08:40.803000,0 days 01:04:17.411000
2024-05-19 13:11:57.637,10451,230,5,100,False,0,car,0 days 00:08:41.043000,0 days 01:04:17.651000
2024-05-19 13:11:57.877,10661,234,5,100,False,0,car,0 days 00:08:41.283000,0 days 01:04:17.891000
2024-05-19 13:11:58.237,11037,241,6,100,False,0,car,0 days 00:08:41.643000,0 days 01:04:18.251000
2024-05-19 13:11:58.437,11082,246,6,100,False,0,car,0 days 00:08:41.843000,0 days 01:04:18.451000
2024-05-19 13:11:58.637,11247,249,6,100,False,0,car,0 days 00:08:42.043000,0 days 01:04:18.651000
2024-05-19 13:11:58.877,11326,252,6,100,False,0,car,0 days 00:08:42.283000,0 days 01:04:18.891000
2024-05-19 13:11:59.278,11480,257,6,100,False,0,car,0 days 00:08:42.684000,0 days 01:04:19.292000
2024-05-19 13:11:59.478,11599,258,6,100,False,0,car,0 days 00:08:42.884000,0 days 01:04:19.492000
2024-05-19 13:11:59.798,10346,261,6,100,False,0,car,0 days 00:08:43.204000,0 days 01:04:19.812000
2024-05-19 13:12:00.078,10484,262,7,100,False,0,car,0 days 00:08:43.484000,0 days 01:04:20.092000
2024-05-19 13:12:00.277,10502,262,7,100,False,0,car,0 days 00:08:43.683000,0 days 01:04:20.291000
2024-05-19 13:12:00.757,10597,264,7,100,False,0,car,0 days 00:08:44.163000,0 days 01:04:20.771000
2024-05-19 13:12:01.077,10610,265,7,100,False,0,car,0 days 00:08:44.483000,0 days 01:04:21.091000
2024-05-19 13:12:01.317,10567,266,7,100,False,0,car,0 days 00:08:44.723000,0 days 01:04:21.331000
2024-05-19 13:12:01.597,10600,266,7,100,False,0,car,0 days 00:08:45.003000,0 days 01:04:21.611000
2024-05-19 13:12:01.997,10295,262,7,0,True,0,car,0 days 00:08:45.403000,0 days 01:04:22.011000
2024-05-19 13:12:02.157,9666,256,7,0,True,0,car,0 days 00:08:45.563000,0 days 01:04:22.171000
2024-05-19 13:12:02.397,10186,241,7,0,True,0,car,0 days 00:08:45.803000,0 days 01:04:22.411000
2024-05-19 13:12:02.757,10582,216,6,0,True,0,car,0 days 00:08:46.163000,0 days 01:04:22.771000
2024-05-19 13:12:03.197,10025,200,5,20,True,0,car,0 days 00:08:46.603000,0 days 01:04:23.211000
2024-05-19 13:12:03.437,10198,199,5,62,False,0,car,0 days 00:08:46.843000,0 days 01:04:23.451000
2024-05-19 13:12:03.597,10399,196,5,87,False,0,car,0 days 00:08:47.003000,0 days 01:04:23.611000
2024-05-19 13:12:03.757,10551,199,5,100,False,0,car,0 days 00:08:47.163000,0 days 01:04:23.771000
2024-05-19 13:12:03.957,10802,203,5,100,False,0,car,0 days 00:08:47.363000,0 days 01:04:23.971000
2024-05-19 13:12:04.277,11114,210,5,100,False,0,car,0 days 00:08:47.683000,0 days 01:04:24.291000
2024-05-19 13:12:04.477,11220,214,5,100,False,0,car,0 days 00:08:47.883000,0 days 01:04:24.491000
2024-05-19 13:12:04.677,11424,214,5,100,False,0,car,0 days 00:08:48.083000,0 days 01:04:24.691000
2024-05-19 13:12:04.997,10856,227,5,100,False,0,car,0 days 00:08:48.403000,0 days 01:04:25.011000
2024-05-19 13:12:05.197,10413,231,6,100,False,0,car,0 days 00:08:48.603000,0 days 01:04:25.211000
2024-05-19 13:12:05.357,10716,233,6,100,False,0,car,0 days 00:08:48.763000,0 days 01:04:25.371000
2024-05-19 13:12:05.717,10908,240,6,100,False,0,car,0 days 00:08:49.123000,0 days 01:04:25.731000
2024-05-19 13:12:06.118,11292,249,6,100,False,0,car,0 days 00:08:49.524000,0 days 01:04:26.132000
2024-05-19 13:12:06.278,11373,250,6,100,False,0,car,0 days 00:08:49.684000,0 days 01:04:26.292000
2024-05-19 13:12:06.518,11451,255,6,100,False,0,car,0 days 00:08:49.924000,0 days 01:04:26.532000
2024-05-19 13:12:06.957,10485,261,7,100,False,0,car,0 days 00:08:50.363000,0 days 01:04:26.971000
2024-05-19 13:12:07.157,10468,263,7,100,False,0,car,0 days 00:08:50.563000,0 days 01:04:27.171000
2024-05-19 13:12:07.397,10568,265,7,100,False,0,car,0 days 00:08:50.803000,0 days 01:04:27.411000
2024-05-19 13:12:07.717,10564,268,7,100,False,0,car,0 days 00:08:51.123000,0 days 01:04:27.731000
2024-05-19 13:12:08.197,10720,269,7,100,False,0,car,0 days 00:08:51.603000,0 days 01:04:28.211000
2024-05-19 13:12:08.557,10394,270,7,0,False,0,car,0 days 00:08:51.963000,0 days 01:04:28.571000
2024-05-19 13:12:08.957,10139,263,7,0,False,0,car,0 days 00:08:52.363000,0 days 01:04:28.971000
2024-05-19 13:12:09.317,9716,254,7,0,False,0,car,0 days 00:08:52.723000,0 days 01:04:29.331000
2024-05-19 13:12:09.637,9188,247,7,0,True,0,car,0 days 00:08:53.043000,0 days 01:04:29.651000
2024-05-19 13:12:09.917,9546,219,7,0,True,0,car,0 days 00:08:53.323000,0 days 01:04:29.931000
2024-05-19 13:12:10.077,10086,208,7,0,True,0,car,0 days 00:08:53.483000,0 days 01:04:30.091000
2024-05-19 13:12:10.437,9724,172,5,0,True,0,car,0 days 00:08:53.843000,0 days 01:04:30.451000
2024-05-19 13:12:10.877,8478,150,4,0,True,0,car,0 days 00:08:54.283000,0 days 01:04:30.891000
2024-05-19 13:12:11.077,8033,142,4,0,True,0,car,0 days 00:08:54.483000,0 days 01:04:31.091000
2024-05-19 13:12:11.437,7693,133,4,0,True,0,car,0 days 00:08:54.843000,0 days 01:04:31.451000
2024-05-19 13:12:11.597,7923,127,4,6,False,0,car,0 days 00:08:55.003000,0 days 01:04:31.611000
2024-05-19 13:12:11.837,7650,125,4,28,False,0,car,0 days 00:08:55.243000,0 days 01:04:31.851000
2024-05-19 13:12:12.317,8158,128,4,70,False,0,car,0 days 00:08:55.723000,0 days 01:04:32.331000
2024-05-19 13:12:12.558,8772,128,4,100,False,0,car,0 days 00:08:55.964000,0 days 01:04:32.572000
2024-05-19 13:12:12.838,9160,146,4,100,False,0,car,0 days 00:08:56.244000,0 days 01:04:32.852000
2024-05-19 13:12:13.158,10013,157,4,100,False,0,car,0 days 00:08:56.564000,0 days 01:04:33.172000
2024-05-19 13:12:13.358,10755,161,4,100,False,0,car,0 days 00:08:56.764000,0 days 01:04:33.372000
2024-05-19 13:12:13.637,10902,174,4,100,False,0,car,0 days 00:08:57.043000,0 days 01:04:33.651000
2024-05-19 13:12:13.877,11448,181,4,100,False,0,car,0 days 00:08:57.283000,0 days 01:04:33.891000
2024-05-19 13:12:14.037,11389,188,4,100,False,0,car,0 days 00:08:57.443000,0 days 01:04:34.051000
2024-05-19 13:12:14.237,11582,194,4,100,False,0,car,0 days 00:08:57.643000,0 days 01:04:34.251000
2024-05-19 13:12:14.597,10641,205,5,100,False,0,car,0 days 00:08:58.003000,0 days 01:04:34.611000
2024-05-19 13:12:14.757,11057,208,5,100,False,0,car,0 days 00:08:58.163000,0 days 01:04:34.771000
2024-05-19 13:12:14.997,11247,215,5,100,False,0,car,0 days 00:08:58.403000,0 days 01:04:35.011000
2024-05-19 13:12:15.237,11466,220,5,100,False,0,car,0 days 00:08:58.643000,0 days 01:04:35.251000
2024-05-19 13:12:15.557,11747,227,5,100,False,0,car,0 days 00:08:58.963000,0 days 01:04:35.571000
2024-05-19 13:12:15.757,11801,231,5,100,False,0,car,0 days 00:08:59.163000,0 days 01:04:35.771000
2024-05-19 13:12:16.117,10762,239,6,100,False,0,car,0 days 00:08:59.523000,0 days 01:04:36.131000
2024-05-19 13:12:16.397,10953,242,6,100,False,0,car,0 days 00:08:59.803000,0 days 01:04:36.411000
2024-05-19 13:12:16.597,10933,246,6,100,False,0,car,0 days 00:09:00.003000,0 days 01:04:36.611000
2024-05-19 13:12:16.917,11162,250,6,100,False,0,car,0 days 00:09:00.323000,0 days 01:04:36.931000
2024-05-19 13:12:17.237,11380,252,6,100,False,0,car,0 days 00:09:00.643000,0 days 01:04:37.251000
2024-05-19 13:12:17.637,11267,254,6,100,False,0,car,0 days 00:09:01.043000,0 days 01:04:37.651000
2024-05-19 13:12:17.877,11490,254,6,100,False,0,car,0 days 00:09:01.283000,0 days 01:04:37.891000
2024-05-19 13:12:18.117,11335,254,6,100,False,0,car,0 days 00:09:01.523000,0 days 01:04:38.131000
2024-05-19 13:12:18.317,11175,255,6,27,False,0,car,0 days 00:09:01.723000,0 days 01:04:38.331000
2024-05-19 13:12:18.477,11139,254,6,3,False,0,car,0 days 00:09:01.883000,0 days 01:04:38.491000
2024-05-19 13:12:18.837,10343,235,6,0,True,0,car,0 days 00:09:02.243000,0 days 01:04:38.851000
2024-05-19 13:12:19.238,9196,194,6,0,True,0,car,0 days 00:09:02.644000,0 days 01:04:39.252000
2024-05-19 13:12:19.398,9354,187,6,0,True,0,car,0 days 00:09:02.804000,0 days 01:04:39.412000
2024-05-19 13:12:19.678,9210,161,5,0,True,0,car,0 days 00:09:03.084000,0 days 01:04:39.692000
2024-05-19 13:12:20.078,7954,140,4,0,True,0,car,0 days 00:09:03.484000,0 days 01:04:40.092000
2024-05-19 13:12:20.437,7396,132,4,0,True,0,car,0 days 00:09:03.843000,0 days 01:04:40.451000
2024-05-19 13:12:20.677,7046,124,4,0,False,0,car,0 days 00:09:04.083000,0 days 01:04:40.691000
2024-05-19 13:12:20.917,6453,115,4,0,False,0,car,0 days 00:09:04.323000,0 days 01:04:40.931000
2024-05-19 13:12:21.077,7573,113,4,1,True,0,car,0 days 00:09:04.483000,0 days 01:04:41.091000
2024-05-19 13:12:21.237,7491,111,4,0,True,0,car,0 days 00:09:04.643000,0 days 01:04:41.251000
2024-05-19 13:12:21.517,7415,107,3,0,True,0,car,0 days 00:09:04.923000,0 days 01:04:41.531000
2024-05-19 13:12:21.717,7760,106,3,3,False,0,car,0 days 00:09:05.123000,0 days 01:04:41.731000
2024-05-19 13:12:21.997,7800,101,3,30,False,0,car,0 days 00:09:05.403000,0 days 01:04:42.011000
2024-05-19 13:12:22.357,8402,104,3,52,False,0,car,0 days 00:09:05.763000,0 days 01:04:42.371000
2024-05-19 13:12:22.557,8567,110,3,64,False,0,car,0 days 00:09:05.963000,0 days 01:04:42.571000
2024-05-19 13:12:22.957,9786,124,3,85,False,0,car,0 days 00:09:06.363000,0 days 01:04:42.971000
2024-05-19 13:12:23.397,11241,147,3,100,False,0,car,0 days 00:09:06.803000,0 days 01:04:43.411000
2024-05-19 13:12:23.637,10401,147,3,100,False,0,car,0 days 00:09:07.043000,0 days 01:04:43.651000
2024-05-19 13:12:23.997,10608,168,4,100,False,0,car,0 days 00:09:07.403000,0 days 01:04:44.011000
2024-05-19 13:12:24.437,11493,184,4,100,False,0,car,0 days 00:09:07.843000,0 days 01:04:44.451000
2024-05-19 13:12:24.717,12053,197,4,100,False,0,car,0 days 00:09:08.123000,0 days 01:04:44.731000
2024-05-19 13:12:25.037,10815,206,4,100,False,0,car,0 days 00:09:08.443000,0 days 01:04:45.051000
2024-05-19 13:12:25.237,11115,212,5,100,False,0,car,0 days 00:09:08.643000,0 days 01:04:45.251000
2024-05-19 13:12:25.397,11281,217,5,100,False,0,car,0 days 00:09:08.803000,0 days 01:04:45.411000
2024-05-19 13:12:25.558,11281,220,5,100,False,0,car,0 days 00:09:08.964000,0 days 01:04:45.572000
2024-05-19 13:12:25.798,11701,225,5,100,False,0,car,0 days 00:09:09.204000,0 days 01:04:45.812000
2024-05-19 13:12:26.038,10991,232,5,100,False,0,car,0 days 00:09:09.444000,0 days 01:04:46.052000
2024-05-19 13:12:26.398,10875,238,6,100,False,0,car,0 days 00:09:09.804000,0 days 01:04:46.412000
2024-05-19 13:12:26.638,11088,244,6,100,False,0,car,0 days 00:09:10.044000,0 days 01:04:46.652000
2024-05-19 13:12:26.798,11185,247,6,100,False,0,car,0 days 00:09:10.204000,0 days 01:04:46.812000
2024-05-19 13:12:27.038,11385,249,6,100,False,0,car,0 days 00:09:10.444000,0 days 01:04:47.052000
2024-05-19 13:12:27.477,11579,249,6,100,False,0,car,0 days 00:09:10.883000,0 days 01:04:47.491000
2024-05-19 13:12:27.677,11617,261,6,100,False,0,car,0 days 00:09:11.083000,0 days 01:04:47.691000
2024-05-19 13:12:27.877,11402,263,6,100,False,0,car,0 days 00:09:11.283000,0 days 01:04:47.891000
2024-05-19 13:12:28.037,10898,265,6,100,False,0,car,0 days 00:09:11.443000,0 days 01:04:48.051000
2024-05-19 13:12:28.317,10736,268,7,100,False,0,car,0 days 00:09:11.723000,0 days 01:04:48.331000
2024-05-19 13:12:28.637,10835,272,7,100,False,0,car,0 days 00:09:12.043000,0 days 01:04:48.651000
2024-05-19 13:12:28.797,10856,273,7,100,False,0,car,0 days 00:09:12.203000,0 days 01:04:48.811000
2024-05-19 13:12:28.997,10962,276,7,100,False,0,car,0 days 00:09:12.403000,0 days 01:04:49.011000
2024-05-19 13:12:29.157,11054,276,7,100,False,0,car,0 days 00:09:12.563000,0 days 01:04:49.171000
2024-05-19 13:12:29.517,11043,278,7,100,False,0,car,0 days 00:09:12.923000,0 days 01:04:49.531000
2024-05-19 13:12:29.877,11219,284,7,100,False,0,car,0 days 00:09:13.283000,0 days 01:04:49.891000
2024-05-19 13:12:30.117,11369,286,7,100,False,0,car,0 days 00:09:13.523000,0 days 01:04:50.131000
2024-05-19 13:12:30.437,11471,287,7,100,False,0,car,0 days 00:09:13.843000,0 days 01:04:50.451000
2024-05-19 13:12:30.597,11341,286,7,100,False,0,car,0 days 00:09:14.003000,0 days 01:04:50.611000
2024-05-19 13:12:30.877,11328,286,7,100,False,0,car,0 days 00:09:14.283000,0 days 01:04:50.891000
2024-05-19 13:12:31.157,11325,286,7,100,False,0,car,0 days 00:09:14.563000,0 days 01:04:51.171000
2024-05-19 13:12:31.597,10793,281,7,0,True,0,car,0 days 00:09:15.003000,0 days 01:04:51.611000
2024-05-19 13:12:31.957,9749,261,7,0,True,0,car,0 days 00:09:15.363000,0 days 01:04:51.971000
2024-05-19 13:12:32.358,9527,219,7,0,True,0,car,0 days 00:09:15.764000,0 days 01:04:52.372000
2024-05-19 13:12:32.598,9749,185,6,0,True,0,car,0 days 00:09:16.004000,0 days 01:04:52.612000
2024-05-19 13:12:32.998,9881,156,5,0,True,0,car,0 days 00:09:16.404000,0 days 01:04:53.012000
2024-05-19 13:12:33.478,9301,135,3,0,True,0,car,0 days 00:09:16.884000,0 days 01:04:53.492000
2024-05-19 13:12:33.837,8595,124,3,0,True,0,car,0 days 00:09:17.243000,0 days 01:04:53.851000
2024-05-19 13:12:34.077,8538,124,3,0,False,0,car,0 days 00:09:17.483000,0 days 01:04:54.091000
2024-05-19 13:12:34.437,8560,116,3,35,False,0,car,0 days 00:09:17.843000,0 days 01:04:54.451000
2024-05-19 13:12:34.677,9023,118,3,48,False,0,car,0 days 00:09:18.083000,0 days 01:04:54.691000
2024-05-19 13:12:34.837,9216,120,3,50,False,0,car,0 days 00:09:18.243000,0 days 01:04:54.851000
2024-05-19 13:12:35.157,9852,127,3,76,False,0,car,0 days 00:09:18.563000,0 days 01:04:55.171000
2024-05-19 13:12:35.317,10121,132,3,78,False,0,car,0 days 00:09:18.723000,0 days 01:04:55.331000
2024-05-19 13:12:35.477,10784,135,3,98,False,0,car,0 days 00:09:18.883000,0 days 01:04:55.491000
2024-05-19 13:12:35.677,11352,144,3,100,False,0,car,0 days 00:09:19.083000,0 days 01:04:55.691000
2024-05-19 13:12:35.997,10902,161,3,100,False,0,car,0 days 00:09:19.403000,0 days 01:04:56.011000
2024-05-19 13:12:36.197,10194,161,3,6,False,0,car,0 days 00:09:19.603000,0 days 01:04:56.211000
2024-05-19 13:12:36.517,9176,157,4,0,True,0,car,0 days 00:09:19.923000,0 days 01:04:56.531000
2024-05-19 13:12:36.717,8976,153,4,0,True,0,car,0 days 00:09:20.123000,0 days 01:04:56.731000
2024-05-19 13:12:37.037,8625,147,4,0,True,0,car,0 days 00:09:20.443000,0 days 01:04:57.051000
2024-05-19 13:12:37.237,8307,144,4,0,True,0,car,0 days 00:09:20.643000,0 days 01:04:57.251000
2024-05-19 13:12:37.437,8485,138,4,26,False,0,car,0 days 00:09:20.843000,0 days 01:04:57.451000
2024-05-19 13:12:37.677,8768,138,4,61,False,0,car,0 days 00:09:21.083000,0 days 01:04:57.691000
2024-05-19 13:12:37.957,9057,144,4,71,False,0,car,0 days 00:09:21.363000,0 days 01:04:57.971000
2024-05-19 13:12:38.197,9541,151,4,77,False,0,car,0 days 00:09:21.603000,0 days 01:04:58.211000
2024-05-19 13:12:38.357,9717,153,4,81,False,0,car,0 days 00:09:21.763000,0 days 01:04:58.371000
2024-05-19 13:12:38.637,10580,159,4,100,False,0,car,0 days 00:09:22.043000,0 days 01:04:58.651000
2024-05-19 13:12:39.078,11385,179,4,100,False,0,car,0 days 00:09:22.484000,0 days 01:04:59.092000
2024-05-19 13:12:39.238,11477,182,4,100,False,0,car,0 days 00:09:22.644000,0 days 01:04:59.252000
2024-05-19 13:12:39.398,11477,191,4,100,False,0,car,0 days 00:09:22.804000,0 days 01:04:59.412000
2024-05-19 13:12:39.718,10444,201,5,100,False,0,car,0 days 00:09:23.124000,0 days 01:04:59.732000
2024-05-19 13:12:39.998,10772,210,5,100,False,0,car,0 days 00:09:23.404000,0 days 01:05:00.012000
2024-05-19 13:12:40.238,11249,215,5,100,False,0,car,0 days 00:09:23.644000,0 days 01:05:00.252000
2024-05-19 13:12:40.557,11623,223,5,100,False,0,car,0 days 00:09:23.963000,0 days 01:05:00.571000
2024-05-19 13:12:40.797,11749,230,5,100,False,0,car,0 days 00:09:24.203000,0 days 01:05:00.811000
2024-05-19 13:12:41.037,10557,234,5,100,False,0,car,0 days 00:09:24.443000,0 days 01:05:01.051000
2024-05-19 13:12:41.197,10654,238,6,100,False,0,car,0 days 00:09:24.603000,0 days 01:05:01.211000
2024-05-19 13:12:41.437,10967,242,6,100,False,0,car,0 days 00:09:24.843000,0 days 01:05:01.451000
2024-05-19 13:12:41.677,11049,246,6,100,False,0,car,0 days 00:09:25.083000,0 days 01:05:01.691000
2024-05-19 13:12:41.877,11241,249,6,100,False,0,car,0 days 00:09:25.283000,0 days 01:05:01.891000
2024-05-19 13:12:42.077,11358,253,6,100,False,0,car,0 days 00:09:25.483000,0 days 01:05:02.091000
2024-05-19 13:12:42.437,11486,259,6,100,False,0,car,0 days 00:09:25.843000,0 days 01:05:02.451000
2024-05-19 13:12:42.597,10388,261,6,100,False,0,car,0 days 00:09:26.003000,0 days 01:05:02.611000
2024-05-19 13:12:42.757,10557,263,7,100,False,0,car,0 days 00:09:26.163000,0 days 01:05:02.771000
2024-05-19 13:12:43.037,10661,267,7,100,False,0,car,0 days 00:09:26.443000,0 days 01:05:03.051000
2024-05-19 13:12:43.237,10770,269,7,100,False,0,car,0 days 00:09:26.643000,0 days 01:05:03.251000
2024-05-19 13:12:43.477,10843,271,7,100,False,0,car,0 days 00:09:26.883000,0 days 01:05:03.491000
2024-05-19 13:12:43.837,10991,275,7,100,False,0,car,0 days 00:09:27.243000,0 days 01:05:03.851000
2024-05-19 13:12:44.117,11040,277,7,100,False,0,car,0 days 00:09:27.523000,0 days 01:05:04.131000
2024-05-19 13:12:44.317,11136,281,7,100,False,0,car,0 days 00:09:27.723000,0 days 01:05:04.331000
2024-05-19 13:12:44.677,11302,282,7,100,False,0,car,0 days 00:09:28.083000,0 days 01:05:04.691000
2024-05-19 13:12:44.997,11322,287,7,100,False,0,car,0 days 00:09:28.403000,0 days 01:05:05.011000
2024-05-19 13:12:45.237,11369,287,7,100,False,0,car,0 days 00:09:28.643000,0 days 01:05:05.251000
2024-05-19 13:12:45.398,11468,290,7,100,False,0,car,0 days 00:09:28.804000,0 days 01:05:05.412000
2024-05-19 13:12:45.638,11524,291,7,100,False,0,car,0 days 00:09:29.044000,0 days 01:05:05.652000
2024-05-19 13:12:45.878,11558,291,7,100,False,0,car,0 days 00:09:29.284000,0 days 01:05:05.892000
2024-05-19 13:12:46.358,10578,294,8,100,False,0,car,0 days 00:09:29.764000,0 days 01:05:06.372000
2024-05-19 13:12:46.558,10590,296,8,100,False,0,car,0 days 00:09:29.964000,0 days 01:05:06.572000
2024-05-19 13:12:46.798,10600,297,8,100,False,0,car,0 days 00:09:30.204000,0 days 01:05:06.812000
2024-05-19 13:12:47.158,10697,299,8,100,False,0,car,0 days 00:09:30.564000,0 days 01:05:07.172000
2024-05-19 13:12:47.517,10752,301,8,100,False,0,car,0 days 00:09:30.923000,0 days 01:05:07.531000
2024-05-19 13:12:47.877,10802,302,8,100,False,0,car,0 days 00:09:31.283000,0 days 01:05:07.891000
2024-05-19 13:12:48.037,10813,303,8,100,False,0,car,0 days 00:09:31.443000,0 days 01:05:08.051000
2024-05-19 13:12:48.437,10832,305,8,100,False,0,car,0 days 00:09:31.843000,0 days 01:05:08.451000
2024-05-19 13:12:48.837,10888,305,8,100,False,0,car,0 days 00:09:32.243000,0 days 01:05:08.851000
2024-05-19 13:12:48.997,10936,305,8,100,False,0,car,0 days 00:09:32.403000,0 days 01:05:09.011000
2024-05-19 13:12:49.157,10925,305,8,100,False,0,car,0 days 00:09:32.563000,0 days 01:05:09.171000
2024-05-19 13:12:49.357,10953,307,8,100,False,0,car,0 days 00:09:32.763000,0 days 01:05:09.371000
2024-05-19 13:12:49.637,10953,309,8,100,False,0,car,0 days 00:09:33.043000,0 days 01:05:09.651000
2024-05-19 13:12:49.797,10963,309,8,100,False,0,car,0 days 00:09:33.203000,0 days 01:05:09.811000
2024-05-19 13:12:49.997,10865,309,8,100,False,0,car,0 days 00:09:33.403000,0 days 01:05:10.011000
2024-05-19 13:12:50.157,10961,308,8,100,False,0,car,0 days 00:09:33.563000,0 days 01:05:10.171000
2024-05-19 13:12:50.397,10998,308,8,100,False,0,car,0 days 00:09:33.803000,0 days 01:05:10.411000
2024-05-19 13:12:50.677,10926,308,8,100,False,0,car,0 days 00:09:34.083000,0 days 01:05:10.691000
2024-05-19 13:12:50.837,10890,307,8,100,False,0,car,0 days 00:09:34.243000,0 days 01:05:10.851000
2024-05-19 13:12:51.077,10865,307,8,100,False,0,car,0 days 00:09:34.483000,0 days 01:05:11.091000
2024-05-19 13:12:51.317,10873,306,8,100,False,0,car,0 days 00:09:34.723000,0 days 01:05:11.331000
2024-05-19 13:12:51.477,10879,306,8,100,False,0,car,0 days 00:09:34.883000,0 days 01:05:11.491000
2024-05-19 13:12:51.637,10839,306,8,100,False,0,car,0 days 00:09:35.043000,0 days 01:05:11.651000
2024-05-19 13:12:51.878,10843,305,8,100,False,0,car,0 days 00:09:35.284000,0 days 01:05:11.892000
2024-05-19 13:12:52.078,10819,305,8,100,False,0,car,0 days 00:09:35.484000,0 days 01:05:12.092000
2024-05-19 13:12:52.238,10836,304,8,100,False,0,car,0 days 00:09:35.644000,0 days 01:05:12.252000
2024-05-19 13:12:52.478,10731,303,8,100,False,0,car,0 days 00:09:35.884000,0 days 01:05:12.492000
2024-05-19 13:12:52.638,10721,302,8,100,False,0,car,0 days 00:09:36.044000,0 days 01:05:12.652000
2024-05-19 13:12:52.878,10705,301,8,100,False,0,car,0 days 00:09:36.284000,0 days 01:05:12.892000
2024-05-19 13:12:53.118,10662,299,8,100,False,0,car,0 days 00:09:36.524000,0 days 01:05:13.132000
2024-05-19 13:12:53.278,10559,299,8,100,False,0,car,0 days 00:09:36.684000,0 days 01:05:13.292000
2024-05-19 13:12:53.518,10549,297,8,5,False,0,car,0 days 00:09:36.924000,0 days 01:05:13.532000
2024-05-19 13:12:53.718,10430,297,8,0,False,0,car,0 days 00:09:37.124000,0 days 01:05:13.732000
2024-05-19 13:12:54.117,9394,269,8,0,True,0,car,0 days 00:09:37.523000,0 days 01:05:14.131000
2024-05-19 13:12:54.277,8870,257,8,0,True,0,car,0 days 00:09:37.683000,0 days 01:05:14.291000
2024-05-19 13:12:54.437,9514,232,8,0,True,0,car,0 days 00:09:37.843000,0 days 01:05:14.451000
2024-05-19 13:12:54.637,9351,212,8,0,True,0,car,0 days 00:09:38.043000,0 days 01:05:14.651000
2024-05-19 13:12:54.797,9552,194,8,0,True,0,car,0 days 00:09:38.203000,0 days 01:05:14.811000
2024-05-19 13:12:55.157,10056,175,4,0,True,0,car,0 days 00:09:38.563000,0 days 01:05:15.171000
2024-05-19 13:12:55.557,9365,161,4,1,True,0,car,0 days 00:09:38.963000,0 days 01:05:15.571000
2024-05-19 13:12:55.757,9400,158,4,9,False,0,car,0 days 00:09:39.163000,0 days 01:05:15.771000
2024-05-19 13:12:55.997,9279,152,4,37,False,0,car,0 days 00:09:39.403000,0 days 01:05:16.011000
2024-05-19 13:12:56.197,9425,153,4,53,False,0,car,0 days 00:09:39.603000,0 days 01:05:16.211000
2024-05-19 13:12:56.357,9705,155,4,80,False,0,car,0 days 00:09:39.763000,0 days 01:05:16.371000
2024-05-19 13:12:56.517,9974,159,4,87,False,0,car,0 days 00:09:39.923000,0 days 01:05:16.531000
2024-05-19 13:12:56.837,10215,171,4,62,False,0,car,0 days 00:09:40.243000,0 days 01:05:16.851000
2024-05-19 13:12:57.157,10336,171,4,49,False,0,car,0 days 00:09:40.563000,0 days 01:05:17.171000
2024-05-19 13:12:57.397,10534,170,4,59,False,0,car,0 days 00:09:40.803000,0 days 01:05:17.411000
2024-05-19 13:12:57.757,11126,173,4,100,False,0,car,0 days 00:09:41.163000,0 days 01:05:17.771000
2024-05-19 13:12:58.037,11228,185,4,100,False,0,car,0 days 00:09:41.443000,0 days 01:05:18.051000
2024-05-19 13:12:58.237,10152,191,4,100,False,0,car,0 days 00:09:41.643000,0 days 01:05:18.251000
2024-05-19 13:12:58.478,10423,196,5,100,False,0,car,0 days 00:09:41.884000,0 days 01:05:18.492000
2024-05-19 13:12:58.638,10684,203,5,100,False,0,car,0 days 00:09:42.044000,0 days 01:05:18.652000
2024-05-19 13:12:58.878,11034,209,5,100,False,0,car,0 days 00:09:42.284000,0 days 01:05:18.892000
2024-05-19 13:12:59.038,11257,214,5,100,False,0,car,0 days 00:09:42.444000,0 days 01:05:19.052000
2024-05-19 13:12:59.198,11373,219,5,100,False,0,car,0 days 00:09:42.604000,0 days 01:05:19.212000
2024-05-19 13:12:59.438,11590,222,5,100,False,0,car,0 days 00:09:42.844000,0 days 01:05:19.452000
2024-05-19 13:12:59.678,11722,224,5,100,False,0,car,0 days 00:09:43.084000,0 days 01:05:19.692000
2024-05-19 13:12:59.878,10602,228,5,100,False,0,car,0 days 00:09:43.284000,0 days 01:05:19.892000
2024-05-19 13:13:00.078,10656,228,5,100,False,0,car,0 days 00:09:43.484000,0 days 01:05:20.092000
2024-05-19 13:13:00.238,10711,236,6,100,False,0,car,0 days 00:09:43.644000,0 days 01:05:20.252000
2024-05-19 13:13:00.398,10863,238,6,100,False,0,car,0 days 00:09:43.804000,0 days 01:05:20.412000
2024-05-19 13:13:00.638,11045,242,6,100,False,0,car,0 days 00:09:44.044000,0 days 01:05:20.652000
2024-05-19 13:13:00.797,11094,246,6,100,False,0,car,0 days 00:09:44.203000,0 days 01:05:20.811000
2024-05-19 13:13:00.997,11154,246,6,100,False,0,car,0 days 00:09:44.403000,0 days 01:05:21.011000
2024-05-19 13:13:01.717,11689,261,6,100,False,0,car,0 days 00:09:45.123000,0 days 01:05:21.731000
2024-05-19 13:13:01.877,11269,262,6,100,False,0,car,0 days 00:09:45.283000,0 days 01:05:21.891000
2024-05-19 13:13:02.237,10692,267,7,100,False,0,car,0 days 00:09:45.643000,0 days 01:05:22.251000
2024-05-19 13:13:02.597,10787,272,7,100,False,0,car,0 days 00:09:46.003000,0 days 01:05:22.611000
2024-05-19 13:13:02.957,10994,276,7,100,False,0,car,0 days 00:09:46.363000,0 days 01:05:22.971000
2024-05-19 13:13:03.277,11111,278,7,100,False,0,car,0 days 00:09:46.683000,0 days 01:05:23.291000
2024-05-19 13:13:03.597,11038,280,7,100,False,0,car,0 days 00:09:47.003000,0 days 01:05:23.611000
2024-05-19 13:13:03.957,11018,280,7,100,False,0,car,0 days 00:09:47.363000,0 days 01:05:23.971000
2024-05-19 13:13:04.157,11124,280,7,100,False,0,car,0 days 00:09:47.563000,0 days 01:05:24.171000
2024-05-19 13:13:04.357,11113,281,7,100,False,0,car,0 days 00:09:47.763000,0 days 01:05:24.371000
2024-05-19 13:13:04.517,11064,281,7,74,False,0,car,0 days 00:09:47.923000,0 days 01:05:24.531000
2024-05-19 13:13:04.717,10853,276,7,0,True,0,car,0 days 00:09:48.123000,0 days 01:05:24.731000
2024-05-19 13:13:04.998,9944,259,7,0,True,0,car,0 days 00:09:48.404000,0 days 01:05:25.012000
2024-05-19 13:13:05.278,10406,245,7,0,True,0,car,0 days 00:09:48.684000,0 days 01:05:25.292000
2024-05-19 13:13:05.518,10284,231,6,0,True,0,car,0 days 00:09:48.924000,0 days 01:05:25.532000
2024-05-19 13:13:05.758,9779,225,6,1,True,0,car,0 days 00:09:49.164000,0 days 01:05:25.772000
2024-05-19 13:13:05.918,9779,218,6,1,True,0,car,0 days 00:09:49.324000,0 days 01:05:25.932000
2024-05-19 13:13:06.118,9235,209,6,1,True,0,car,0 days 00:09:49.524000,0 days 01:05:26.132000
2024-05-19 13:13:06.358,9410,195,6,0,True,0,car,0 days 00:09:49.764000,0 days 01:05:26.372000
2024-05-19 13:13:06.558,8761,183,5,0,True,0,car,0 days 00:09:49.964000,0 days 01:05:26.572000
2024-05-19 13:13:06.838,8442,172,5,0,True,0,car,0 days 00:09:50.244000,0 days 01:05:26.852000
2024-05-19 13:13:07.158,8428,165,5,21,False,0,car,0 days 00:09:50.564000,0 days 01:05:27.172000
2024-05-19 13:13:07.477,8612,163,5,61,False,0,car,0 days 00:09:50.883000,0 days 01:05:27.491000
2024-05-19 13:13:07.637,8788,163,5,72,False,0,car,0 days 00:09:51.043000,0 days 01:05:27.651000
2024-05-19 13:13:07.877,9151,163,5,88,False,0,car,0 days 00:09:51.283000,0 days 01:05:27.891000
2024-05-19 13:13:08.157,9461,174,5,93,False,0,car,0 days 00:09:51.563000,0 days 01:05:28.171000
2024-05-19 13:13:08.437,9699,181,5,100,False,0,car,0 days 00:09:51.843000,0 days 01:05:28.451000
2024-05-19 13:13:08.837,10214,194,5,100,False,0,car,0 days 00:09:52.243000,0 days 01:05:28.851000
2024-05-19 13:13:08.997,10366,200,5,100,False,0,car,0 days 00:09:52.403000,0 days 01:05:29.011000
2024-05-19 13:13:09.197,10366,202,5,100,False,0,car,0 days 00:09:52.603000,0 days 01:05:29.211000
2024-05-19 13:13:09.357,10646,208,5,100,False,0,car,0 days 00:09:52.763000,0 days 01:05:29.371000
2024-05-19 13:13:09.597,11001,215,5,100,False,0,car,0 days 00:09:53.003000,0 days 01:05:29.611000
2024-05-19 13:13:09.757,11132,217,5,100,False,0,car,0 days 00:09:53.163000,0 days 01:05:29.771000
2024-05-19 13:13:10.037,11309,219,5,100,False,0,car,0 days 00:09:53.443000,0 days 01:05:30.051000
2024-05-19 13:13:10.357,11427,223,5,100,False,0,car,0 days 00:09:53.763000,0 days 01:05:30.371000
2024-05-19 13:13:10.677,11389,225,5,3,True,0,car,0 days 00:09:54.083000,0 days 01:05:30.691000
2024-05-19 13:13:10.997,10245,205,5,0,True,0,car,0 days 00:09:54.403000,0 days 01:05:31.011000
2024-05-19 13:13:11.197,9910,187,5,0,True,0,car,0 days 00:09:54.603000,0 days 01:05:31.211000
2024-05-19 13:13:11.357,10443,177,5,0,True,0,car,0 days 00:09:54.763000,0 days 01:05:31.371000
2024-05-19 13:13:11.798,10013,143,4,0,True,0,car,0 days 00:09:55.204000,0 days 01:05:31.812000
2024-05-19 13:13:11.998,9275,133,3,0,True,0,car,0 days 00:09:55.404000,0 days 01:05:32.012000
2024-05-19 13:13:12.278,8559,125,3,0,True,0,car,0 days 00:09:55.684000,0 days 01:05:32.292000
2024-05-19 13:13:12.558,7767,115,3,0,True,0,car,0 days 00:09:55.964000,0 days 01:05:32.572000
2024-05-19 13:13:12.718,7721,111,3,0,True,0,car,0 days 00:09:56.124000,0 days 01:05:32.732000
2024-05-19 13:13:12.918,7492,107,3,0,False,0,car,0 days 00:09:56.324000,0 days 01:05:32.932000
2024-05-19 13:13:13.078,7238,106,3,0,False,0,car,0 days 00:09:56.484000,0 days 01:05:33.092000
2024-05-19 13:13:13.318,7226,99,3,2,False,0,car,0 days 00:09:56.724000,0 days 01:05:33.332000
2024-05-19 13:13:13.638,7150,96,3,3,False,0,car,0 days 00:09:57.044000,0 days 01:05:33.652000
2024-05-19 13:13:13.838,7252,96,3,28,False,0,car,0 days 00:09:57.244000,0 days 01:05:33.852000
2024-05-19 13:13:14.277,7508,98,3,41,False,0,car,0 days 00:09:57.683000,0 days 01:05:34.291000
2024-05-19 13:13:14.637,8088,105,3,53,False,0,car,0 days 00:09:58.043000,0 days 01:05:34.651000
2024-05-19 13:13:14.797,8371,110,3,62,False,0,car,0 days 00:09:58.203000,0 days 01:05:34.811000
2024-05-19 13:13:14.997,8785,116,3,72,False,0,car,0 days 00:09:58.403000,0 days 01:05:35.011000
2024-05-19 13:13:15.157,9455,119,3,83,False,0,car,0 days 00:09:58.563000,0 days 01:05:35.171000
2024-05-19 13:13:15.397,10059,131,3,97,False,0,car,0 days 00:09:58.803000,0 days 01:05:35.411000
2024-05-19 13:13:15.677,11372,140,3,100,False,0,car,0 days 00:09:59.083000,0 days 01:05:35.691000
2024-05-19 13:13:15.997,11555,158,3,100,False,0,car,0 days 00:09:59.403000,0 days 01:05:36.011000
2024-05-19 13:13:16.197,10318,163,4,100,False,0,car,0 days 00:09:59.603000,0 days 01:05:36.211000
2024-05-19 13:13:16.517,11074,178,4,100,False,0,car,0 days 00:09:59.923000,0 days 01:05:36.531000
2024-05-19 13:13:16.717,11074,185,4,100,False,0,car,0 days 00:10:00.123000,0 days 01:05:36.731000
2024-05-19 13:13:16.957,11893,191,4,100,False,0,car,0 days 00:10:00.363000,0 days 01:05:36.971000
2024-05-19 13:13:17.397,10688,206,5,100,False,0,car,0 days 00:10:00.803000,0 days 01:05:37.411000
2024-05-19 13:13:17.597,10886,211,5,100,False,0,car,0 days 00:10:01.003000,0 days 01:05:37.611000
2024-05-19 13:13:17.757,11217,214,5,100,False,0,car,0 days 00:10:01.163000,0 days 01:05:37.771000
2024-05-19 13:13:18.117,11500,224,5,100,False,0,car,0 days 00:10:01.523000,0 days 01:05:38.131000
2024-05-19 13:13:18.278,11500,226,5,100,False,0,car,0 days 00:10:01.684000,0 days 01:05:38.292000
2024-05-19 13:13:18.558,10816,232,5,100,False,0,car,0 days 00:10:01.964000,0 days 01:05:38.572000
2024-05-19 13:13:18.918,10862,240,6,100,False,0,car,0 days 00:10:02.324000,0 days 01:05:38.932000
2024-05-19 13:13:19.278,11076,246,6,100,False,0,car,0 days 00:10:02.684000,0 days 01:05:39.292000
2024-05-19 13:13:19.478,11269,249,6,100,False,0,car,0 days 00:10:02.884000,0 days 01:05:39.492000
2024-05-19 13:13:19.758,11441,253,6,100,False,0,car,0 days 00:10:03.164000,0 days 01:05:39.772000
2024-05-19 13:13:20.078,11556,257,6,100,False,0,car,0 days 00:10:03.484000,0 days 01:05:40.092000
2024-05-19 13:13:20.398,11603,261,6,100,False,0,car,0 days 00:10:03.804000,0 days 01:05:40.412000
2024-05-19 13:13:20.558,10623,261,6,100,False,0,car,0 days 00:10:03.964000,0 days 01:05:40.572000
2024-05-19 13:13:20.838,10475,263,7,100,False,0,car,0 days 00:10:04.244000,0 days 01:05:40.852000
2024-05-19 13:13:21.197,10524,264,7,100,False,0,car,0 days 00:10:04.603000,0 days 01:05:41.211000
2024-05-19 13:13:21.397,10610,265,7,100,False,0,car,0 days 00:10:04.803000,0 days 01:05:41.411000
2024-05-19 13:13:21.637,10572,265,7,100,False,0,car,0 days 00:10:05.043000,0 days 01:05:41.651000
2024-05-19 13:13:21.837,10542,266,7,100,False,0,car,0 days 00:10:05.243000,0 days 01:05:41.851000
2024-05-19 13:13:22.037,10578,266,7,100,False,0,car,0 days 00:10:05.443000,0 days 01:05:42.051000
2024-05-19 13:13:22.197,10560,266,7,100,False,0,car,0 days 00:10:05.603000,0 days 01:05:42.211000
2024-05-19 13:13:22.517,10558,266,7,100,False,0,car,0 days 00:10:05.923000,0 days 01:05:42.531000
2024-05-19 13:13:22.677,10231,267,7,4,True,0,car,0 days 00:10:06.083000,0 days 01:05:42.691000
2024-05-19 13:13:22.877,10096,261,7,0,True,0,car,0 days 00:10:06.283000,0 days 01:05:42.891000
2024-05-19 13:13:23.077,10055,249,7,0,True,0,car,0 days 00:10:06.483000,0 days 01:05:43.091000
2024-05-19 13:13:23.237,10597,235,7,0,True,0,car,0 days 00:10:06.643000,0 days 01:05:43.251000
2024-05-19 13:13:23.597,10599,213,6,1,True,0,car,0 days 00:10:07.003000,0 days 01:05:43.611000
2024-05-19 13:13:23.917,10360,207,5,21,False,0,car,0 days 00:10:07.323000,0 days 01:05:43.931000
2024-05-19 13:13:24.197,10362,202,5,69,False,0,car,0 days 00:10:07.603000,0 days 01:05:44.211000
2024-05-19 13:13:24.357,10507,199,5,83,False,0,car,0 days 00:10:07.763000,0 days 01:05:44.371000
2024-05-19 13:13:24.597,10698,203,5,99,False,0,car,0 days 00:10:08.003000,0 days 01:05:44.611000
2024-05-19 13:13:24.758,10825,205,5,100,False,0,car,0 days 00:10:08.164000,0 days 01:05:44.772000
2024-05-19 13:13:24.998,11095,211,5,95,False,0,car,0 days 00:10:08.404000,0 days 01:05:45.012000
2024-05-19 13:13:25.238,11173,212,5,100,False,0,car,0 days 00:10:08.644000,0 days 01:05:45.252000
2024-05-19 13:13:25.438,11478,217,5,100,False,0,car,0 days 00:10:08.844000,0 days 01:05:45.452000
2024-05-19 13:13:25.878,10486,227,5,100,False,0,car,0 days 00:10:09.284000,0 days 01:05:45.892000
2024-05-19 13:13:26.278,10783,235,6,100,False,0,car,0 days 00:10:09.684000,0 days 01:05:46.292000
2024-05-19 13:13:26.718,11044,244,6,100,False,0,car,0 days 00:10:10.124000,0 days 01:05:46.732000
2024-05-19 13:13:26.998,11199,248,6,100,False,0,car,0 days 00:10:10.404000,0 days 01:05:47.012000
2024-05-19 13:13:27.358,11468,254,6,100,False,0,car,0 days 00:10:10.764000,0 days 01:05:47.372000
2024-05-19 13:13:27.637,10535,259,6,100,False,0,car,0 days 00:10:11.043000,0 days 01:05:47.651000
2024-05-19 13:13:27.917,10409,263,7,100,False,0,car,0 days 00:10:11.323000,0 days 01:05:47.931000
2024-05-19 13:13:28.277,10571,265,7,100,False,0,car,0 days 00:10:11.683000,0 days 01:05:48.291000
2024-05-19 13:13:28.597,10730,268,7,100,False,0,car,0 days 00:10:12.003000,0 days 01:05:48.611000
2024-05-19 13:13:28.877,10722,269,7,100,False,0,car,0 days 00:10:12.283000,0 days 01:05:48.891000
2024-05-19 13:13:29.077,10719,269,7,100,False,0,car,0 days 00:10:12.483000,0 days 01:05:49.091000
2024-05-19 13:13:29.397,10442,270,7,0,False,0,car,0 days 00:10:12.803000,0 days 01:05:49.411000
2024-05-19 13:13:29.637,10163,266,7,0,False,0,car,0 days 00:10:13.043000,0 days 01:05:49.651000
2024-05-19 13:13:29.837,10189,261,7,0,False,0,car,0 days 00:10:13.243000,0 days 01:05:49.851000
2024-05-19 13:13:30.117,9864,255,7,0,False,0,car,0 days 00:10:13.523000,0 days 01:05:50.131000
2024-05-19 13:13:30.277,9708,255,7,0,False,0,car,0 days 00:10:13.683000,0 days 01:05:50.291000
2024-05-19 13:13:30.517,9336,240,7,0,True,0,car,0 days 00:10:13.923000,0 days 01:05:50.531000
2024-05-19 13:13:30.717,9754,222,7,0,True,0,car,0 days 00:10:14.123000,0 days 01:05:50.731000
2024-05-19 13:13:30.917,9730,202,7,0,True,0,car,0 days 00:10:14.323000,0 days 01:05:50.931000
2024-05-19 13:13:31.157,9368,184,5,0,True,0,car,0 days 00:10:14.563000,0 days 01:05:51.171000
2024-05-19 13:13:31.398,9555,159,5,0,True,0,car,0 days 00:10:14.804000,0 days 01:05:51.412000
2024-05-19 13:13:31.678,8407,150,4,0,True,0,car,0 days 00:10:15.084000,0 days 01:05:51.692000
2024-05-19 13:13:31.838,8252,141,4,0,True,0,car,0 days 00:10:15.244000,0 days 01:05:51.852000
2024-05-19 13:13:31.998,7906,137,4,0,True,0,car,0 days 00:10:15.404000,0 days 01:05:52.012000
2024-05-19 13:13:32.318,7694,132,4,1,False,0,car,0 days 00:10:15.724000,0 days 01:05:52.332000
2024-05-19 13:13:32.558,7608,126,4,23,False,0,car,0 days 00:10:15.964000,0 days 01:05:52.572000
2024-05-19 13:13:32.878,7760,125,4,41,False,0,car,0 days 00:10:16.284000,0 days 01:05:52.892000
2024-05-19 13:13:33.318,8581,139,4,100,False,0,car,0 days 00:10:16.724000,0 days 01:05:53.332000
2024-05-19 13:13:33.478,9010,139,4,100,False,0,car,0 days 00:10:16.884000,0 days 01:05:53.492000
2024-05-19 13:13:33.718,9590,152,4,100,False,0,car,0 days 00:10:17.124000,0 days 01:05:53.732000
2024-05-19 13:13:33.878,10149,155,4,100,False,0,car,0 days 00:10:17.284000,0 days 01:05:53.892000
2024-05-19 13:13:34.078,10466,161,4,100,False,0,car,0 days 00:10:17.484000,0 days 01:05:54.092000
2024-05-19 13:13:34.397,10926,175,4,100,False,0,car,0 days 00:10:17.803000,0 days 01:05:54.411000
2024-05-19 13:13:34.637,11241,182,4,100,False,0,car,0 days 00:10:18.043000,0 days 01:05:54.651000
2024-05-19 13:13:34.877,11693,189,4,100,False,0,car,0 days 00:10:18.283000,0 days 01:05:54.891000
2024-05-19 13:13:35.237,11101,200,4,100,False,0,car,0 days 00:10:18.643000,0 days 01:05:55.251000
2024-05-19 13:13:35.517,10921,209,5,100,False,0,car,0 days 00:10:18.923000,0 days 01:05:55.531000
2024-05-19 13:13:35.717,11066,214,5,100,False,0,car,0 days 00:10:19.123000,0 days 01:05:55.731000
2024-05-19 13:13:36.117,11518,224,5,100,False,0,car,0 days 00:10:19.523000,0 days 01:05:56.131000
2024-05-19 13:13:36.557,10561,230,5,100,False,0,car,0 days 00:10:19.963000,0 days 01:05:56.571000
2024-05-19 13:13:36.917,10834,235,6,100,False,0,car,0 days 00:10:20.323000,0 days 01:05:56.931000
2024-05-19 13:13:37.157,11001,244,6,100,False,0,car,0 days 00:10:20.563000,0 days 01:05:57.171000
2024-05-19 13:13:37.477,11294,249,6,100,False,0,car,0 days 00:10:20.883000,0 days 01:05:57.491000
2024-05-19 13:13:37.797,11327,252,6,100,False,0,car,0 days 00:10:21.203000,0 days 01:05:57.811000
2024-05-19 13:13:37.958,11327,253,6,100,False,0,car,0 days 00:10:21.364000,0 days 01:05:57.972000
2024-05-19 13:13:38.158,11414,255,6,100,False,0,car,0 days 00:10:21.564000,0 days 01:05:58.172000
2024-05-19 13:13:38.438,11404,255,6,100,False,0,car,0 days 00:10:21.844000,0 days 01:05:58.452000
2024-05-19 13:13:38.758,11482,256,6,100,False,0,car,0 days 00:10:22.164000,0 days 01:05:58.772000
2024-05-19 13:13:38.958,11462,256,6,100,False,0,car,0 days 00:10:22.364000,0 days 01:05:58.972000
2024-05-19 13:13:39.118,11399,256,6,92,False,0,car,0 days 00:10:22.524000,0 days 01:05:59.132000
2024-05-19 13:13:39.318,11236,255,6,0,False,0,car,0 days 00:10:22.724000,0 days 01:05:59.332000
2024-05-19 13:13:39.638,10722,239,6,0,True,0,car,0 days 00:10:23.044000,0 days 01:05:59.652000
2024-05-19 13:13:39.998,9722,195,6,0,True,0,car,0 days 00:10:23.404000,0 days 01:06:00.012000
2024-05-19 13:13:40.198,9940,177,5,0,True,0,car,0 days 00:10:23.604000,0 days 01:06:00.212000
2024-05-19 13:13:40.358,9716,169,5,0,True,0,car,0 days 00:10:23.764000,0 days 01:06:00.372000
2024-05-19 13:13:40.638,8472,149,4,0,True,0,car,0 days 00:10:24.044000,0 days 01:06:00.652000
2024-05-19 13:13:41.077,7383,131,4,0,True,0,car,0 days 00:10:24.483000,0 days 01:06:01.091000
2024-05-19 13:13:41.277,7114,125,4,0,True,0,car,0 days 00:10:24.683000,0 days 01:06:01.291000
2024-05-19 13:13:41.597,6730,115,4,0,False,0,car,0 days 00:10:25.003000,0 days 01:06:01.611000
2024-05-19 13:13:41.877,7850,114,4,0,True,0,car,0 days 00:10:25.283000,0 days 01:06:01.891000
2024-05-19 13:13:42.197,7565,107,3,0,True,0,car,0 days 00:10:25.603000,0 days 01:06:02.211000
2024-05-19 13:13:42.357,7406,106,3,0,False,0,car,0 days 00:10:25.763000,0 days 01:06:02.371000
2024-05-19 13:13:42.677,7494,102,3,23,False,0,car,0 days 00:10:26.083000,0 days 01:06:02.691000
2024-05-19 13:13:43.077,8342,104,3,51,False,0,car,0 days 00:10:26.483000,0 days 01:06:03.091000
2024-05-19 13:13:43.237,8528,109,3,58,False,0,car,0 days 00:10:26.643000,0 days 01:06:03.251000
2024-05-19 13:13:43.437,8858,114,3,69,False,0,car,0 days 00:10:26.843000,0 days 01:06:03.451000
2024-05-19 13:13:43.757,9877,125,3,90,False,0,car,0 days 00:10:27.163000,0 days 01:06:03.771000
2024-05-19 13:13:44.037,10965,139,3,98,False,0,car,0 days 00:10:27.443000,0 days 01:06:04.051000
2024-05-19 13:13:44.317,11541,152,3,100,False,0,car,0 days 00:10:27.723000,0 days 01:06:04.331000
2024-05-19 13:13:44.518,11858,162,3,100,False,0,car,0 days 00:10:27.924000,0 days 01:06:04.532000
2024-05-19 13:13:44.678,10738,166,3,100,False,0,car,0 days 00:10:28.084000,0 days 01:06:04.692000
2024-05-19 13:13:44.878,10984,174,4,100,False,0,car,0 days 00:10:28.284000,0 days 01:06:04.892000
2024-05-19 13:13:45.158,11449,185,4,100,False,0,car,0 days 00:10:28.564000,0 days 01:06:05.172000
2024-05-19 13:13:45.598,10608,201,4,100,False,0,car,0 days 00:10:29.004000,0 days 01:06:05.612000
2024-05-19 13:13:45.918,10955,208,5,100,False,0,car,0 days 00:10:29.324000,0 days 01:06:05.932000
2024-05-19 13:13:46.198,11329,219,5,100,False,0,car,0 days 00:10:29.604000,0 days 01:06:06.212000
2024-05-19 13:13:46.438,11520,221,5,100,False,0,car,0 days 00:10:29.844000,0 days 01:06:06.452000
2024-05-19 13:13:46.638,11794,226,5,100,False,0,car,0 days 00:10:30.044000,0 days 01:06:06.652000
2024-05-19 13:13:46.838,10410,233,5,100,False,0,car,0 days 00:10:30.244000,0 days 01:06:06.852000
2024-05-19 13:13:47.278,10976,241,6,100,False,0,car,0 days 00:10:30.684000,0 days 01:06:07.292000
2024-05-19 13:13:47.438,11086,245,6,100,False,0,car,0 days 00:10:30.844000,0 days 01:06:07.452000
2024-05-19 13:13:47.678,11275,249,6,100,False,0,car,0 days 00:10:31.084000,0 days 01:06:07.692000
2024-05-19 13:13:47.917,11385,254,6,100,False,0,car,0 days 00:10:31.323000,0 days 01:06:07.931000
2024-05-19 13:13:48.237,11637,258,6,100,False,0,car,0 days 00:10:31.643000,0 days 01:06:08.251000
2024-05-19 13:13:48.397,11637,261,6,100,False,0,car,0 days 00:10:31.803000,0 days 01:06:08.411000
2024-05-19 13:13:48.557,10657,262,6,100,False,0,car,0 days 00:10:31.963000,0 days 01:06:08.571000
2024-05-19 13:13:48.877,10681,266,7,100,False,0,car,0 days 00:10:32.283000,0 days 01:06:08.891000
2024-05-19 13:13:49.037,10797,267,7,100,False,0,car,0 days 00:10:32.443000,0 days 01:06:09.051000
2024-05-19 13:13:49.277,10846,270,7,100,False,0,car,0 days 00:10:32.683000,0 days 01:06:09.291000
2024-05-19 13:13:49.557,10946,274,7,100,False,0,car,0 days 00:10:32.963000,0 days 01:06:09.571000
2024-05-19 13:13:49.837,11003,277,7,100,False,0,car,0 days 00:10:33.243000,0 days 01:06:09.851000
2024-05-19 13:13:50.037,11153,280,7,100,False,0,car,0 days 00:10:33.443000,0 days 01:06:10.051000
2024-05-19 13:13:50.357,11198,283,7,100,False,0,car,0 days 00:10:33.763000,0 days 01:06:10.371000
2024-05-19 13:13:50.557,11325,285,7,100,False,0,car,0 days 00:10:33.963000,0 days 01:06:10.571000
2024-05-19 13:13:50.917,11426,289,7,100,False,0,car,0 days 00:10:34.323000,0 days 01:06:10.931000
2024-05-19 13:13:51.158,11450,289,7,100,False,0,car,0 days 00:10:34.564000,0 days 01:06:11.172000
2024-05-19 13:13:51.438,11406,289,7,100,False,0,car,0 days 00:10:34.844000,0 days 01:06:11.452000
2024-05-19 13:13:51.758,11423,288,7,100,False,0,car,0 days 00:10:35.164000,0 days 01:06:11.772000
2024-05-19 13:13:51.998,11306,287,7,70,False,0,car,0 days 00:10:35.404000,0 days 01:06:12.012000
2024-05-19 13:13:52.278,11094,284,7,0,False,0,car,0 days 00:10:35.684000,0 days 01:06:12.292000
2024-05-19 13:13:52.518,10749,275,7,0,True,0,car,0 days 00:10:35.924000,0 days 01:06:12.532000
2024-05-19 13:13:52.758,10109,260,7,0,True,0,car,0 days 00:10:36.164000,0 days 01:06:12.772000
2024-05-19 13:13:52.918,9409,239,7,0,True,0,car,0 days 00:10:36.324000,0 days 01:06:12.932000
2024-05-19 13:13:53.118,9544,217,7,0,True,0,car,0 days 00:10:36.524000,0 days 01:06:13.132000
2024-05-19 13:13:53.358,9710,195,7,0,True,0,car,0 days 00:10:36.764000,0 days 01:06:13.372000
2024-05-19 13:13:53.598,9849,169,5,0,True,0,car,0 days 00:10:37.004000,0 days 01:06:13.612000
2024-05-19 13:13:53.758,10073,163,5,0,True,0,car,0 days 00:10:37.164000,0 days 01:06:13.772000
2024-05-19 13:13:53.998,10000,142,4,0,True,0,car,0 days 00:10:37.404000,0 days 01:06:14.012000
2024-05-19 13:13:54.238,9290,133,3,0,True,0,car,0 days 00:10:37.644000,0 days 01:06:14.252000
2024-05-19 13:13:54.517,8693,125,3,0,True,0,car,0 days 00:10:37.923000,0 days 01:06:14.531000
2024-05-19 13:13:54.797,8472,120,3,2,False,0,car,0 days 00:10:38.203000,0 days 01:06:14.811000
2024-05-19 13:13:54.997,8385,116,3,11,False,0,car,0 days 00:10:38.403000,0 days 01:06:15.011000
2024-05-19 13:13:55.157,8495,115,3,40,False,0,car,0 days 00:10:38.563000,0 days 01:06:15.171000
2024-05-19 13:13:55.437,8959,117,3,46,False,0,car,0 days 00:10:38.843000,0 days 01:06:15.451000
2024-05-19 13:13:55.637,9211,121,3,55,False,0,car,0 days 00:10:39.043000,0 days 01:06:15.651000
2024-05-19 13:13:55.917,9966,129,3,79,False,0,car,0 days 00:10:39.323000,0 days 01:06:15.931000
2024-05-19 13:13:56.277,11148,138,3,100,False,0,car,0 days 00:10:39.683000,0 days 01:06:16.291000
2024-05-19 13:13:56.597,10792,156,3,100,False,0,car,0 days 00:10:40.003000,0 days 01:06:16.611000
2024-05-19 13:13:56.797,10001,163,4,60,False,0,car,0 days 00:10:40.203000,0 days 01:06:16.811000
2024-05-19 13:13:56.997,9542,163,4,0,True,0,car,0 days 00:10:40.403000,0 days 01:06:17.011000
2024-05-19 13:13:57.157,9075,159,4,0,True,0,car,0 days 00:10:40.563000,0 days 01:06:17.171000
2024-05-19 13:13:57.357,8898,154,4,0,True,0,car,0 days 00:10:40.763000,0 days 01:06:17.371000
2024-05-19 13:13:57.638,8726,149,4,0,True,0,car,0 days 00:10:41.044000,0 days 01:06:17.652000
2024-05-19 13:13:57.878,8469,145,4,1,False,0,car,0 days 00:10:41.284000,0 days 01:06:17.892000
2024-05-19 13:13:58.078,8458,140,4,26,False,0,car,0 days 00:10:41.484000,0 days 01:06:18.092000
2024-05-19 13:13:58.318,8560,139,4,48,False,0,car,0 days 00:10:41.724000,0 days 01:06:18.332000
2024-05-19 13:13:58.598,8938,143,4,60,False,0,car,0 days 00:10:42.004000,0 days 01:06:18.612000
2024-05-19 13:13:58.758,9005,143,4,68,False,0,car,0 days 00:10:42.164000,0 days 01:06:18.772000
2024-05-19 13:13:58.998,9767,150,4,80,False,0,car,0 days 00:10:42.404000,0 days 01:06:19.012000
2024-05-19 13:13:59.158,9569,153,4,76,False,0,car,0 days 00:10:42.564000,0 days 01:06:19.172000
2024-05-19 13:13:59.438,10524,163,4,100,False,0,car,0 days 00:10:42.844000,0 days 01:06:19.452000
2024-05-19 13:13:59.638,11045,170,4,100,False,0,car,0 days 00:10:43.044000,0 days 01:06:19.652000
2024-05-19 13:13:59.838,11205,177,4,100,False,0,car,0 days 00:10:43.244000,0 days 01:06:19.852000
2024-05-19 13:14:00.118,12045,187,4,100,False,0,car,0 days 00:10:43.524000,0 days 01:06:20.132000
2024-05-19 13:14:00.438,10386,197,4,100,False,0,car,0 days 00:10:43.844000,0 days 01:06:20.452000
2024-05-19 13:14:00.718,10707,206,5,100,False,0,car,0 days 00:10:44.124000,0 days 01:06:20.732000
2024-05-19 13:14:01.038,11205,214,5,100,False,0,car,0 days 00:10:44.444000,0 days 01:06:21.052000
2024-05-19 13:14:01.198,11333,220,5,100,False,0,car,0 days 00:10:44.604000,0 days 01:06:21.212000
2024-05-19 13:14:01.357,11508,220,5,100,False,0,car,0 days 00:10:44.763000,0 days 01:06:21.371000
2024-05-19 13:14:01.677,10700,229,5,100,False,0,car,0 days 00:10:45.083000,0 days 01:06:21.691000
2024-05-19 13:14:01.877,10556,234,6,100,False,0,car,0 days 00:10:45.283000,0 days 01:06:21.891000
2024-05-19 13:14:02.317,10978,244,6,100,False,0,car,0 days 00:10:45.723000,0 days 01:06:22.331000
2024-05-19 13:14:02.637,11146,249,6,100,False,0,car,0 days 00:10:46.043000,0 days 01:06:22.651000
2024-05-19 13:14:02.957,11441,254,6,100,False,0,car,0 days 00:10:46.363000,0 days 01:06:22.971000
2024-05-19 13:14:03.277,11334,259,6,100,False,0,car,0 days 00:10:46.683000,0 days 01:06:23.291000
2024-05-19 13:14:03.557,10551,263,7,100,False,0,car,0 days 00:10:46.963000,0 days 01:06:23.571000
2024-05-19 13:14:03.797,10641,267,7,100,False,0,car,0 days 00:10:47.203000,0 days 01:06:23.811000
2024-05-19 13:14:04.117,10834,270,7,100,False,0,car,0 days 00:10:47.523000,0 days 01:06:24.131000
2024-05-19 13:14:04.358,10891,273,7,100,False,0,car,0 days 00:10:47.764000,0 days 01:06:24.372000
2024-05-19 13:14:04.678,11093,276,7,100,False,0,car,0 days 00:10:48.084000,0 days 01:06:24.692000
2024-05-19 13:14:04.958,11088,279,7,100,False,0,car,0 days 00:10:48.364000,0 days 01:06:24.972000
2024-05-19 13:14:05.158,11131,281,7,100,False,0,car,0 days 00:10:48.564000,0 days 01:06:25.172000
2024-05-19 13:14:05.518,11291,282,7,100,False,0,car,0 days 00:10:48.924000,0 days 01:06:25.532000
2024-05-19 13:14:05.678,11311,286,7,100,False,0,car,0 days 00:10:49.084000,0 days 01:06:25.692000
2024-05-19 13:14:05.998,11476,288,7,100,False,0,car,0 days 00:10:49.404000,0 days 01:06:26.012000
2024-05-19 13:14:06.238,11462,289,7,100,False,0,car,0 days 00:10:49.644000,0 days 01:06:26.252000
2024-05-19 13:14:06.478,11563,291,7,100,False,0,car,0 days 00:10:49.884000,0 days 01:06:26.492000
2024-05-19 13:14:06.718,11374,292,7,100,False,0,car,0 days 00:10:50.124000,0 days 01:06:26.732000
2024-05-19 13:14:06.958,10534,294,8,100,False,0,car,0 days 00:10:50.364000,0 days 01:06:26.972000
2024-05-19 13:14:07.278,10596,296,8,100,False,0,car,0 days 00:10:50.684000,0 days 01:06:27.292000
2024-05-19 13:14:07.558,10590,297,8,100,False,0,car,0 days 00:10:50.964000,0 days 01:06:27.572000
2024-05-19 13:14:07.878,10716,299,8,100,False,0,car,0 days 00:10:51.284000,0 days 01:06:27.892000
2024-05-19 13:14:08.037,10753,300,8,100,False,0,car,0 days 00:10:51.443000,0 days 01:06:28.051000
2024-05-19 13:14:09.157,10832,305,8,100,False,0,car,0 days 00:10:52.563000,0 days 01:06:29.171000
2024-05-19 13:14:09.477,10865,305,8,100,False,0,car,0 days 00:10:52.883000,0 days 01:06:29.491000
2024-05-19 13:14:09.677,10908,306,8,100,False,0,car,0 days 00:10:53.083000,0 days 01:06:29.691000
2024-05-19 13:14:10.077,10914,306,8,100,False,0,car,0 days 00:10:53.483000,0 days 01:06:30.091000
2024-05-19 13:14:10.357,10964,308,8,100,False,0,car,0 days 00:10:53.763000,0 days 01:06:30.371000
2024-05-19 13:14:10.557,10998,308,8,100,False,0,car,0 days 00:10:53.963000,0 days 01:06:30.571000
2024-05-19 13:14:10.878,11047,309,8,100,False,0,car,0 days 00:10:54.284000,0 days 01:06:30.892000
2024-05-19 13:14:11.158,11019,310,8,100,False,0,car,0 days 00:10:54.564000,0 days 01:06:31.172000
2024-05-19 13:14:11.318,11019,310,8,100,False,0,car,0 days 00:10:54.724000,0 days 01:06:31.332000
2024-05-19 13:14:11.478,11045,310,8,100,False,0,car,0 days 00:10:54.884000,0 days 01:06:31.492000
2024-05-19 13:14:11.838,10952,309,8,100,False,0,car,0 days 00:10:55.244000,0 days 01:06:31.852000
2024-05-19 13:14:11.998,10916,309,8,100,False,0,car,0 days 00:10:55.404000,0 days 01:06:32.012000
2024-05-19 13:14:12.358,10919,308,8,100,False,0,car,0 days 00:10:55.764000,0 days 01:06:32.372000
2024-05-19 13:14:12.598,10920,307,8,100,False,0,car,0 days 00:10:56.004000,0 days 01:06:32.612000
2024-05-19 13:14:12.838,10932,306,8,100,False,0,car,0 days 00:10:56.244000,0 days 01:06:32.852000
2024-05-19 13:14:13.078,10963,306,8,100,False,0,car,0 days 00:10:56.484000,0 days 01:06:33.092000
2024-05-19 13:14:13.358,10766,305,8,100,False,0,car,0 days 00:10:56.764000,0 days 01:06:33.372000
2024-05-19 13:14:13.558,10756,303,8,100,False,0,car,0 days 00:10:56.964000,0 days 01:06:33.572000
2024-05-19 13:14:13.878,10722,302,8,100,False,0,car,0 days 00:10:57.284000,0 days 01:06:33.892000
2024-05-19 13:14:14.278,10374,299,8,2,False,0,car,0 days 00:10:57.684000,0 days 01:06:34.292000
2024-05-19 13:14:14.478,10100,296,8,0,False,0,car,0 days 00:10:57.884000,0 days 01:06:34.492000
2024-05-19 13:14:14.717,9591,282,8,0,True,0,car,0 days 00:10:58.123000,0 days 01:06:34.731000
2024-05-19 13:14:15.037,9623,251,8,0,True,0,car,0 days 00:10:58.443000,0 days 01:06:35.051000
2024-05-19 13:14:15.317,9419,216,8,0,True,0,car,0 days 00:10:58.723000,0 days 01:06:35.331000
2024-05-19 13:14:15.477,10156,205,6,0,True,0,car,0 days 00:10:58.883000,0 days 01:06:35.491000
2024-05-19 13:14:15.797,10513,178,5,0,True,0,car,0 days 00:10:59.203000,0 days 01:06:35.811000
2024-05-19 13:14:15.997,9828,178,5,0,True,0,car,0 days 00:10:59.403000,0 days 01:06:36.011000
2024-05-19 13:14:16.157,9418,165,4,0,True,0,car,0 days 00:10:59.563000,0 days 01:06:36.171000
2024-05-19 13:14:16.437,9431,158,4,4,False,0,car,0 days 00:10:59.843000,0 days 01:06:36.451000
2024-05-19 13:14:16.837,9295,151,4,30,False,0,car,0 days 00:11:00.243000,0 days 01:06:36.851000
2024-05-19 13:14:16.997,9437,151,4,58,False,0,car,0 days 00:11:00.403000,0 days 01:06:37.011000
2024-05-19 13:14:17.317,9757,157,4,93,False,0,car,0 days 00:11:00.723000,0 days 01:06:37.331000
2024-05-19 13:14:17.638,10432,168,4,39,False,0,car,0 days 00:11:01.044000,0 days 01:06:37.652000
2024-05-19 13:14:17.998,10444,167,4,63,False,0,car,0 days 00:11:01.404000,0 days 01:06:38.012000
2024-05-19 13:14:18.358,11035,172,4,94,False,0,car,0 days 00:11:01.764000,0 days 01:06:38.372000
2024-05-19 13:14:18.678,11361,174,4,100,False,0,car,0 days 00:11:02.084000,0 days 01:06:38.692000
2024-05-19 13:14:18.958,11383,190,4,100,False,0,car,0 days 00:11:02.364000,0 days 01:06:38.972000
2024-05-19 13:14:19.318,10379,199,5,100,False,0,car,0 days 00:11:02.724000,0 days 01:06:39.332000
2024-05-19 13:14:19.598,10995,205,5,100,False,0,car,0 days 00:11:03.004000,0 days 01:06:39.612000
2024-05-19 13:14:19.798,11316,215,5,100,False,0,car,0 days 00:11:03.204000,0 days 01:06:39.812000
2024-05-19 13:14:20.078,11576,219,5,100,False,0,car,0 days 00:11:03.484000,0 days 01:06:40.092000
2024-05-19 13:14:20.358,11463,225,5,100,False,0,car,0 days 00:11:03.764000,0 days 01:06:40.372000
2024-05-19 13:14:20.718,10575,230,6,100,False,0,car,0 days 00:11:04.124000,0 days 01:06:40.732000
2024-05-19 13:14:21.038,10710,236,6,100,False,0,car,0 days 00:11:04.444000,0 days 01:06:41.052000
2024-05-19 13:14:21.238,10754,240,6,100,False,0,car,0 days 00:11:04.644000,0 days 01:06:41.252000
2024-05-19 13:14:21.557,11163,244,6,100,False,0,car,0 days 00:11:04.963000,0 days 01:06:41.571000
2024-05-19 13:14:21.757,11317,247,6,100,False,0,car,0 days 00:11:05.163000,0 days 01:06:41.771000
2024-05-19 13:14:21.917,11333,251,6,100,False,0,car,0 days 00:11:05.323000,0 days 01:06:41.931000
2024-05-19 13:14:22.397,11591,260,6,100,False,0,car,0 days 00:11:05.803000,0 days 01:06:42.411000
2024-05-19 13:14:22.557,11713,261,6,100,False,0,car,0 days 00:11:05.963000,0 days 01:06:42.571000
2024-05-19 13:14:22.957,10717,265,7,100,False,0,car,0 days 00:11:06.363000,0 days 01:06:42.971000
2024-05-19 13:14:23.197,10753,270,7,100,False,0,car,0 days 00:11:06.603000,0 days 01:06:43.211000
2024-05-19 13:14:23.397,10869,271,7,100,False,0,car,0 days 00:11:06.803000,0 days 01:06:43.411000
2024-05-19 13:14:23.837,11000,277,7,100,False,0,car,0 days 00:11:07.243000,0 days 01:06:43.851000
2024-05-19 13:14:24.118,11051,280,7,100,False,0,car,0 days 00:11:07.524000,0 days 01:06:44.132000
2024-05-19 13:14:24.358,11249,281,7,100,False,0,car,0 days 00:11:07.764000,0 days 01:06:44.372000
2024-05-19 13:14:24.518,11200,282,7,100,False,0,car,0 days 00:11:07.924000,0 days 01:06:44.532000
2024-05-19 13:14:24.838,11123,281,7,100,False,0,car,0 days 00:11:08.244000,0 days 01:06:44.852000
2024-05-19 13:14:25.038,11139,281,7,100,False,0,car,0 days 00:11:08.444000,0 days 01:06:45.052000
2024-05-19 13:14:25.278,10781,282,7,0,True,0,car,0 days 00:11:08.684000,0 days 01:06:45.292000
2024-05-19 13:14:25.438,10514,274,7,0,True,0,car,0 days 00:11:08.844000,0 days 01:06:45.452000
2024-05-19 13:14:25.638,10436,263,7,0,True,0,car,0 days 00:11:09.044000,0 days 01:06:45.652000
2024-05-19 13:14:25.878,9499,252,7,0,True,0,car,0 days 00:11:09.284000,0 days 01:06:45.892000
2024-05-19 13:14:26.038,10176,242,7,0,True,0,car,0 days 00:11:09.444000,0 days 01:06:46.052000
2024-05-19 13:14:26.398,9826,229,6,0,True,0,car,0 days 00:11:09.804000,0 days 01:06:46.412000
2024-05-19 13:14:26.558,9780,222,6,3,True,0,car,0 days 00:11:09.964000,0 days 01:06:46.572000
2024-05-19 13:14:26.838,9342,212,6,0,True,0,car,0 days 00:11:10.244000,0 days 01:06:46.852000
2024-05-19 13:14:27.038,9578,199,6,0,True,0,car,0 days 00:11:10.444000,0 days 01:06:47.052000
2024-05-19 13:14:27.198,9421,192,6,0,True,0,car,0 days 00:11:10.604000,0 days 01:06:47.212000
2024-05-19 13:14:27.478,8734,176,5,0,True,0,car,0 days 00:11:10.884000,0 days 01:06:47.492000
2024-05-19 13:14:27.718,8631,170,5,5,False,0,car,0 days 00:11:11.124000,0 days 01:06:47.732000
2024-05-19 13:14:28.118,8577,165,5,60,False,0,car,0 days 00:11:11.524000,0 days 01:06:48.132000
2024-05-19 13:14:28.277,8577,166,5,60,False,0,car,0 days 00:11:11.683000,0 days 01:06:48.291000
2024-05-19 13:14:28.437,8841,167,5,74,False,0,car,0 days 00:11:11.843000,0 days 01:06:48.451000
2024-05-19 13:14:28.717,9357,175,5,89,False,0,car,0 days 00:11:12.123000,0 days 01:06:48.731000
2024-05-19 13:14:28.877,9559,178,5,100,False,0,car,0 days 00:11:12.283000,0 days 01:06:48.891000
2024-05-19 13:14:29.117,10083,184,5,100,False,0,car,0 days 00:11:12.523000,0 days 01:06:49.131000
2024-05-19 13:14:29.437,10356,188,5,100,False,0,car,0 days 00:11:12.843000,0 days 01:06:49.451000
2024-05-19 13:14:29.757,10630,203,5,100,False,0,car,0 days 00:11:13.163000,0 days 01:06:49.771000
2024-05-19 13:14:29.917,10916,209,5,100,False,0,car,0 days 00:11:13.323000,0 days 01:06:49.931000
2024-05-19 13:14:30.237,11182,217,5,100,False,0,car,0 days 00:11:13.643000,0 days 01:06:50.251000
2024-05-19 13:14:30.397,11188,222,5,100,False,0,car,0 days 00:11:13.803000,0 days 01:06:50.411000
2024-05-19 13:14:30.838,11540,227,5,100,False,0,car,0 days 00:11:14.244000,0 days 01:06:50.852000
2024-05-19 13:14:31.278,11646,230,5,46,False,0,car,0 days 00:11:14.684000,0 days 01:06:51.292000
2024-05-19 13:14:31.678,10685,211,5,0,True,0,car,0 days 00:11:15.084000,0 days 01:06:51.692000
2024-05-19 13:14:31.958,9964,201,5,0,True,0,car,0 days 00:11:15.364000,0 days 01:06:51.972000
2024-05-19 13:14:32.278,10604,158,4,0,True,0,car,0 days 00:11:15.684000,0 days 01:06:52.292000
2024-05-19 13:14:32.438,10228,147,4,0,True,0,car,0 days 00:11:15.844000,0 days 01:06:52.452000
2024-05-19 13:14:32.678,9546,135,3,0,True,0,car,0 days 00:11:16.084000,0 days 01:06:52.692000
2024-05-19 13:14:32.918,8664,124,3,0,True,0,car,0 days 00:11:16.324000,0 days 01:06:52.932000
2024-05-19 13:14:33.118,8239,118,3,0,True,0,car,0 days 00:11:16.524000,0 days 01:06:53.132000
2024-05-19 13:14:33.278,7892,118,3,0,True,0,car,0 days 00:11:16.684000,0 days 01:06:53.292000
2024-05-19 13:14:33.598,7522,106,3,0,True,0,car,0 days 00:11:17.004000,0 days 01:06:53.612000
2024-05-19 13:14:33.958,7056,100,3,1,False,0,car,0 days 00:11:17.364000,0 days 01:06:53.972000
2024-05-19 13:14:34.158,7114,97,3,17,False,0,car,0 days 00:11:17.564000,0 days 01:06:54.172000
2024-05-19 13:14:34.518,7391,96,3,34,False,0,car,0 days 00:11:17.924000,0 days 01:06:54.532000
2024-05-19 13:14:34.957,7809,101,3,46,False,0,car,0 days 00:11:18.363000,0 days 01:06:54.971000
2024-05-19 13:14:35.197,8101,106,3,53,False,0,car,0 days 00:11:18.603000,0 days 01:06:55.211000
2024-05-19 13:14:35.597,9084,116,3,72,False,0,car,0 days 00:11:19.003000,0 days 01:06:55.611000
2024-05-19 13:14:35.997,10480,132,3,94,False,0,car,0 days 00:11:19.403000,0 days 01:06:56.011000
2024-05-19 13:14:36.277,10853,140,3,100,False,0,car,0 days 00:11:19.683000,0 days 01:06:56.291000
2024-05-19 13:14:36.597,10981,151,3,100,False,0,car,0 days 00:11:20.003000,0 days 01:06:56.611000
2024-05-19 13:14:36.797,10455,166,4,100,False,0,car,0 days 00:11:20.203000,0 days 01:06:56.811000
2024-05-19 13:14:37.077,11045,171,4,100,False,0,car,0 days 00:11:20.483000,0 days 01:06:57.091000
2024-05-19 13:14:37.238,11159,181,4,100,False,0,car,0 days 00:11:20.644000,0 days 01:06:57.252000
2024-05-19 13:14:37.598,11861,194,4,100,False,0,car,0 days 00:11:21.004000,0 days 01:06:57.612000
2024-05-19 13:14:37.838,10792,201,4,100,False,0,car,0 days 00:11:21.244000,0 days 01:06:57.852000
2024-05-19 13:14:38.118,10813,209,5,100,False,0,car,0 days 00:11:21.524000,0 days 01:06:58.132000
2024-05-19 13:14:38.318,10992,214,5,100,False,0,car,0 days 00:11:21.724000,0 days 01:06:58.332000
2024-05-19 13:14:38.718,11513,222,5,100,False,0,car,0 days 00:11:22.124000,0 days 01:06:58.732000
2024-05-19 13:14:39.038,11535,231,5,100,False,0,car,0 days 00:11:22.444000,0 days 01:06:59.052000
2024-05-19 13:14:39.198,10579,235,6,100,False,0,car,0 days 00:11:22.604000,0 days 01:06:59.212000
2024-05-19 13:14:39.518,10869,241,6,100,False,0,car,0 days 00:11:22.924000,0 days 01:06:59.532000
2024-05-19 13:14:39.878,11195,246,6,100,False,0,car,0 days 00:11:23.284000,0 days 01:06:59.892000
2024-05-19 13:14:40.158,11340,251,6,100,False,0,car,0 days 00:11:23.564000,0 days 01:07:00.172000
2024-05-19 13:14:40.358,11402,253,6,100,False,0,car,0 days 00:11:23.764000,0 days 01:07:00.372000
2024-05-19 13:14:40.718,11530,257,6,100,False,0,car,0 days 00:11:24.124000,0 days 01:07:00.732000
2024-05-19 13:14:40.878,11643,259,6,100,False,0,car,0 days 00:11:24.284000,0 days 01:07:00.892000
2024-05-19 13:14:41.238,10454,263,7,100,False,0,car,0 days 00:11:24.644000,0 days 01:07:01.252000
2024-05-19 13:14:41.597,10450,266,7,100,False,0,car,0 days 00:11:25.003000,0 days 01:07:01.611000
2024-05-19 13:14:42.077,10654,267,7,100,False,0,car,0 days 00:11:25.483000,0 days 01:07:02.091000
2024-05-19 13:14:42.437,10616,268,7,100,False,0,car,0 days 00:11:25.843000,0 days 01:07:02.451000
2024-05-19 13:14:42.637,10659,268,7,100,False,0,car,0 days 00:11:26.043000,0 days 01:07:02.651000
2024-05-19 13:14:42.877,10643,268,7,100,False,0,car,0 days 00:11:26.283000,0 days 01:07:02.891000
2024-05-19 13:14:43.077,10676,269,7,100,False,0,car,0 days 00:11:26.483000,0 days 01:07:03.091000
2024-05-19 13:14:43.237,10713,269,7,91,False,0,car,0 days 00:11:26.643000,0 days 01:07:03.251000
2024-05-19 13:14:43.437,10370,264,7,0,True,0,car,0 days 00:11:26.843000,0 days 01:07:03.451000
2024-05-19 13:14:43.597,10116,251,7,0,True,0,car,0 days 00:11:27.003000,0 days 01:07:03.611000
2024-05-19 13:14:43.798,10354,236,7,0,True,0,car,0 days 00:11:27.204000,0 days 01:07:03.812000
2024-05-19 13:14:43.998,10928,229,6,0,True,0,car,0 days 00:11:27.404000,0 days 01:07:04.012000
2024-05-19 13:14:44.318,10634,211,5,1,True,0,car,0 days 00:11:27.724000,0 days 01:07:04.332000
2024-05-19 13:14:44.558,10346,208,5,18,False,0,car,0 days 00:11:27.964000,0 days 01:07:04.572000
2024-05-19 13:14:44.918,10325,199,5,60,False,0,car,0 days 00:11:28.324000,0 days 01:07:04.932000
2024-05-19 13:14:45.158,10569,201,5,87,False,0,car,0 days 00:11:28.564000,0 days 01:07:05.172000
2024-05-19 13:14:45.398,10893,205,5,100,False,0,car,0 days 00:11:28.804000,0 days 01:07:05.412000
2024-05-19 13:14:45.678,11151,209,5,100,False,0,car,0 days 00:11:29.084000,0 days 01:07:05.692000
2024-05-19 13:14:45.998,11356,219,5,100,False,0,car,0 days 00:11:29.404000,0 days 01:07:06.012000
2024-05-19 13:14:46.198,11518,222,5,100,False,0,car,0 days 00:11:29.604000,0 days 01:07:06.212000
2024-05-19 13:14:46.358,10678,225,5,100,False,0,car,0 days 00:11:29.764000,0 days 01:07:06.372000
2024-05-19 13:14:46.598,10437,230,6,100,False,0,car,0 days 00:11:30.004000,0 days 01:07:06.612000
2024-05-19 13:14:46.918,10707,234,6,100,False,0,car,0 days 00:11:30.324000,0 days 01:07:06.932000
2024-05-19 13:14:47.398,11091,246,6,100,False,0,car,0 days 00:11:30.804000,0 days 01:07:07.412000
2024-05-19 13:14:47.798,11408,253,6,100,False,0,car,0 days 00:11:31.204000,0 days 01:07:07.812000
2024-05-19 13:14:48.118,10981,258,6,100,False,0,car,0 days 00:11:31.524000,0 days 01:07:08.132000
2024-05-19 13:14:48.397,10520,263,7,100,False,0,car,0 days 00:11:31.803000,0 days 01:07:08.411000
2024-05-19 13:14:48.557,10563,264,7,100,False,0,car,0 days 00:11:31.963000,0 days 01:07:08.571000
2024-05-19 13:14:48.757,10649,266,7,100,False,0,car,0 days 00:11:32.163000,0 days 01:07:08.771000
2024-05-19 13:14:49.277,10652,270,7,100,False,0,car,0 days 00:11:32.683000,0 days 01:07:09.291000
2024-05-19 13:14:49.437,10776,271,7,100,False,0,car,0 days 00:11:32.843000,0 days 01:07:09.451000
2024-05-19 13:14:49.597,10804,271,7,100,False,0,car,0 days 00:11:33.003000,0 days 01:07:09.611000
2024-05-19 13:14:49.797,10345,273,7,22,False,0,car,0 days 00:11:33.203000,0 days 01:07:09.811000
2024-05-19 13:14:50.077,10401,269,7,0,True,0,car,0 days 00:11:33.483000,0 days 01:07:10.091000
2024-05-19 13:14:50.318,10097,261,7,0,False,0,car,0 days 00:11:33.724000,0 days 01:07:10.332000
2024-05-19 13:14:50.598,9824,254,7,0,False,0,car,0 days 00:11:34.004000,0 days 01:07:10.612000
2024-05-19 13:14:50.798,9718,251,7,0,True,0,car,0 days 00:11:34.204000,0 days 01:07:10.812000
2024-05-19 13:14:50.958,9307,246,7,0,True,0,car,0 days 00:11:34.364000,0 days 01:07:10.972000
2024-05-19 13:14:51.278,9509,225,7,0,True,0,car,0 days 00:11:34.684000,0 days 01:07:11.292000
2024-05-19 13:14:51.438,10209,207,7,0,True,0,car,0 days 00:11:34.844000,0 days 01:07:11.452000
2024-05-19 13:14:51.678,9099,189,6,0,True,0,car,0 days 00:11:35.084000,0 days 01:07:11.692000
2024-05-19 13:14:51.958,9813,173,4,0,True,0,car,0 days 00:11:35.364000,0 days 01:07:11.972000
2024-05-19 13:14:52.158,8977,157,4,0,True,0,car,0 days 00:11:35.564000,0 days 01:07:12.172000
2024-05-19 13:14:52.478,8257,145,4,0,True,0,car,0 days 00:11:35.884000,0 days 01:07:12.492000
2024-05-19 13:14:52.718,8062,139,4,0,True,0,car,0 days 00:11:36.124000,0 days 01:07:12.732000
2024-05-19 13:14:52.998,8052,136,4,7,False,0,car,0 days 00:11:36.404000,0 days 01:07:13.012000
2024-05-19 13:14:53.198,7783,127,4,30,False,0,car,0 days 00:11:36.604000,0 days 01:07:13.212000
2024-05-19 13:14:53.398,8020,129,4,51,False,0,car,0 days 00:11:36.804000,0 days 01:07:13.412000
2024-05-19 13:14:53.598,8232,132,4,61,False,0,car,0 days 00:11:37.004000,0 days 01:07:13.612000
2024-05-19 13:14:53.798,8476,137,4,87,False,0,car,0 days 00:11:37.204000,0 days 01:07:13.812000
2024-05-19 13:14:53.958,9036,139,4,97,False,0,car,0 days 00:11:37.364000,0 days 01:07:13.972000
2024-05-19 13:14:54.158,9251,147,4,100,False,0,car,0 days 00:11:37.564000,0 days 01:07:14.172000
2024-05-19 13:14:54.638,10385,164,4,100,False,0,car,0 days 00:11:38.044000,0 days 01:07:14.652000
2024-05-19 13:14:54.838,10385,172,4,100,False,0,car,0 days 00:11:38.244000,0 days 01:07:14.852000
2024-05-19 13:14:55.277,11411,185,4,100,False,0,car,0 days 00:11:38.683000,0 days 01:07:15.291000
2024-05-19 13:14:55.597,11050,197,4,100,False,0,car,0 days 00:11:39.003000,0 days 01:07:15.611000
2024-05-19 13:14:55.877,10668,202,5,100,False,0,car,0 days 00:11:39.283000,0 days 01:07:15.891000
2024-05-19 13:14:56.237,11089,213,5,100,False,0,car,0 days 00:11:39.643000,0 days 01:07:16.251000
2024-05-19 13:14:56.437,11362,219,5,100,False,0,car,0 days 00:11:39.843000,0 days 01:07:16.451000
2024-05-19 13:14:56.597,11569,224,5,100,False,0,car,0 days 00:11:40.003000,0 days 01:07:16.611000
2024-05-19 13:14:56.838,11754,228,5,100,False,0,car,0 days 00:11:40.244000,0 days 01:07:16.852000
2024-05-19 13:14:57.038,10538,232,5,100,False,0,car,0 days 00:11:40.444000,0 days 01:07:17.052000
2024-05-19 13:14:57.198,10652,235,6,100,False,0,car,0 days 00:11:40.604000,0 days 01:07:17.212000
2024-05-19 13:14:57.518,10874,242,6,100,False,0,car,0 days 00:11:40.924000,0 days 01:07:17.532000
2024-05-19 13:14:57.758,11107,245,6,100,False,0,car,0 days 00:11:41.164000,0 days 01:07:17.772000
2024-05-19 13:14:58.118,11298,252,6,100,False,0,car,0 days 00:11:41.524000,0 days 01:07:18.132000
2024-05-19 13:14:58.558,11423,257,6,100,False,0,car,0 days 00:11:41.964000,0 days 01:07:18.572000
2024-05-19 13:14:58.718,11389,258,6,100,False,0,car,0 days 00:11:42.124000,0 days 01:07:18.732000
2024-05-19 13:14:58.958,11489,258,6,100,False,0,car,0 days 00:11:42.364000,0 days 01:07:18.972000
2024-05-19 13:14:59.158,11458,258,6,100,False,0,car,0 days 00:11:42.564000,0 days 01:07:19.172000
2024-05-19 13:14:59.318,11560,259,6,100,False,0,car,0 days 00:11:42.724000,0 days 01:07:19.332000
2024-05-19 13:14:59.558,11573,259,6,94,False,0,car,0 days 00:11:42.964000,0 days 01:07:19.572000
2024-05-19 13:14:59.758,11334,259,6,0,False,0,car,0 days 00:11:43.164000,0 days 01:07:19.772000
2024-05-19 13:14:59.918,10973,251,6,0,True,0,car,0 days 00:11:43.324000,0 days 01:07:19.932000
2024-05-19 13:15:00.118,10676,234,6,0,True,0,car,0 days 00:11:43.524000,0 days 01:07:20.132000
2024-05-19 13:15:00.438,10110,205,6,0,True,0,car,0 days 00:11:43.844000,0 days 01:07:20.452000
2024-05-19 13:15:00.598,10042,185,6,0,True,0,car,0 days 00:11:44.004000,0 days 01:07:20.612000
2024-05-19 13:15:00.878,9614,169,5,0,True,0,car,0 days 00:11:44.284000,0 days 01:07:20.892000
2024-05-19 13:15:01.078,8932,152,4,0,True,0,car,0 days 00:11:44.484000,0 days 01:07:21.092000
2024-05-19 13:15:01.478,7690,133,4,0,True,0,car,0 days 00:11:44.884000,0 days 01:07:21.492000
2024-05-19 13:15:01.678,7271,130,4,0,True,0,car,0 days 00:11:45.084000,0 days 01:07:21.692000
2024-05-19 13:15:01.837,7075,122,4,0,False,0,car,0 days 00:11:45.243000,0 days 01:07:21.851000
2024-05-19 13:15:02.037,7010,117,4,0,False,0,car,0 days 00:11:45.443000,0 days 01:07:22.051000
2024-05-19 13:15:02.357,7608,115,4,1,False,0,car,0 days 00:11:45.763000,0 days 01:07:22.371000
2024-05-19 13:15:02.677,7521,110,4,0,False,0,car,0 days 00:11:46.083000,0 days 01:07:22.691000
2024-05-19 13:15:02.917,7342,104,3,0,False,0,car,0 days 00:11:46.323000,0 days 01:07:22.931000
2024-05-19 13:15:03.117,7288,102,3,1,False,0,car,0 days 00:11:46.523000,0 days 01:07:23.131000
2024-05-19 13:15:03.478,7822,101,3,42,False,0,car,0 days 00:11:46.884000,0 days 01:07:23.492000
2024-05-19 13:15:03.638,7895,105,3,46,False,0,car,0 days 00:11:47.044000,0 days 01:07:23.652000
2024-05-19 13:15:03.998,8891,115,3,74,False,0,car,0 days 00:11:47.404000,0 days 01:07:24.012000
2024-05-19 13:15:04.278,9992,123,3,87,False,0,car,0 days 00:11:47.684000,0 days 01:07:24.292000
2024-05-19 13:15:04.598,11225,140,3,100,False,0,car,0 days 00:11:48.004000,0 days 01:07:24.612000
2024-05-19 13:15:04.758,11049,145,3,100,False,0,car,0 days 00:11:48.164000,0 days 01:07:24.772000
2024-05-19 13:15:05.158,10343,162,4,100,False,0,car,0 days 00:11:48.564000,0 days 01:07:25.172000
2024-05-19 13:15:05.478,10853,175,4,100,False,0,car,0 days 00:11:48.884000,0 days 01:07:25.492000
2024-05-19 13:15:05.718,11464,186,4,100,False,0,car,0 days 00:11:49.124000,0 days 01:07:25.732000
2024-05-19 13:15:06.078,11758,196,4,100,False,0,car,0 days 00:11:49.484000,0 days 01:07:26.092000
2024-05-19 13:15:06.358,10817,205,5,100,False,0,car,0 days 00:11:49.764000,0 days 01:07:26.372000
2024-05-19 13:15:06.558,11105,212,5,100,False,0,car,0 days 00:11:49.964000,0 days 01:07:26.572000
2024-05-19 13:15:06.718,11260,217,5,100,False,0,car,0 days 00:11:50.124000,0 days 01:07:26.732000
2024-05-19 13:15:07.038,11526,225,5,100,False,0,car,0 days 00:11:50.444000,0 days 01:07:27.052000
2024-05-19 13:15:07.238,11526,229,5,100,False,0,car,0 days 00:11:50.644000,0 days 01:07:27.252000
2024-05-19 13:15:07.718,10796,240,6,100,False,0,car,0 days 00:11:51.124000,0 days 01:07:27.732000
2024-05-19 13:15:07.878,11025,242,6,100,False,0,car,0 days 00:11:51.284000,0 days 01:07:27.892000
2024-05-19 13:15:08.118,11173,248,6,100,False,0,car,0 days 00:11:51.524000,0 days 01:07:28.132000
2024-05-19 13:15:08.278,11299,250,6,100,False,0,car,0 days 00:11:51.684000,0 days 01:07:28.292000
2024-05-19 13:15:08.557,11520,255,6,100,False,0,car,0 days 00:11:51.963000,0 days 01:07:28.571000
2024-05-19 13:15:08.957,11553,260,6,100,False,0,car,0 days 00:11:52.363000,0 days 01:07:28.971000
2024-05-19 13:15:09.837,10847,272,7,100,False,0,car,0 days 00:11:53.243000,0 days 01:07:29.851000
2024-05-19 13:15:10.198,11075,277,7,100,False,0,car,0 days 00:11:53.604000,0 days 01:07:30.212000
2024-05-19 13:15:10.598,11055,281,7,100,False,0,car,0 days 00:11:54.004000,0 days 01:07:30.612000
2024-05-19 13:15:10.878,11194,283,7,100,False,0,car,0 days 00:11:54.284000,0 days 01:07:30.892000
2024-05-19 13:15:11.278,11335,287,7,100,False,0,car,0 days 00:11:54.684000,0 days 01:07:31.292000
2024-05-19 13:15:11.438,11446,288,7,100,False,0,car,0 days 00:11:54.844000,0 days 01:07:31.452000
2024-05-19 13:15:11.758,11497,290,7,100,False,0,car,0 days 00:11:55.164000,0 days 01:07:31.772000
2024-05-19 13:15:12.038,11468,291,7,100,False,0,car,0 days 00:11:55.444000,0 days 01:07:32.052000
2024-05-19 13:15:12.238,11439,290,7,100,False,0,car,0 days 00:11:55.644000,0 days 01:07:32.252000
2024-05-19 13:15:12.398,11340,288,7,100,False,0,car,0 days 00:11:55.804000,0 days 01:07:32.412000
2024-05-19 13:15:12.598,11266,288,7,100,False,0,car,0 days 00:11:56.004000,0 days 01:07:32.612000
2024-05-19 13:15:12.918,11120,285,7,0,False,0,car,0 days 00:11:56.324000,0 days 01:07:32.932000
2024-05-19 13:15:13.078,10987,281,7,0,True,0,car,0 days 00:11:56.484000,0 days 01:07:33.092000
2024-05-19 13:15:13.278,10028,267,7,0,True,0,car,0 days 00:11:56.684000,0 days 01:07:33.292000
2024-05-19 13:15:13.558,9620,245,7,0,True,0,car,0 days 00:11:56.964000,0 days 01:07:33.572000
2024-05-19 13:15:13.798,9930,199,7,0,True,0,car,0 days 00:11:57.204000,0 days 01:07:33.812000
2024-05-19 13:15:14.038,10565,180,7,0,True,0,car,0 days 00:11:57.444000,0 days 01:07:34.052000
2024-05-19 13:15:14.238,9464,163,6,0,True,0,car,0 days 00:11:57.644000,0 days 01:07:34.252000
2024-05-19 13:15:14.558,9995,143,3,0,True,0,car,0 days 00:11:57.964000,0 days 01:07:34.572000
2024-05-19 13:15:14.958,8684,127,3,0,True,0,car,0 days 00:11:58.364000,0 days 01:07:34.972000
2024-05-19 13:15:15.158,8516,123,3,0,True,0,car,0 days 00:11:58.564000,0 days 01:07:35.172000
2024-05-19 13:15:15.357,8435,120,3,6,False,0,car,0 days 00:11:58.763000,0 days 01:07:35.371000
2024-05-19 13:15:15.597,8404,115,3,24,False,0,car,0 days 00:11:59.003000,0 days 01:07:35.611000
2024-05-19 13:15:15.917,9053,118,3,49,False,0,car,0 days 00:11:59.323000,0 days 01:07:35.931000
2024-05-19 13:15:16.157,9242,121,3,57,False,0,car,0 days 00:11:59.563000,0 days 01:07:36.171000
2024-05-19 13:15:16.437,9874,128,3,72,False,0,car,0 days 00:11:59.843000,0 days 01:07:36.451000
2024-05-19 13:15:16.758,10834,138,3,93,False,0,car,0 days 00:12:00.164000,0 days 01:07:36.772000
2024-05-19 13:15:16.918,10892,142,3,98,False,0,car,0 days 00:12:00.324000,0 days 01:07:36.932000
2024-05-19 13:15:17.118,10332,155,3,100,False,0,car,0 days 00:12:00.524000,0 days 01:07:37.132000
2024-05-19 13:15:17.398,10218,165,4,30,False,0,car,0 days 00:12:00.804000,0 days 01:07:37.412000
2024-05-19 13:15:17.758,9091,159,4,0,True,0,car,0 days 00:12:01.164000,0 days 01:07:37.772000
2024-05-19 13:15:17.958,8878,152,4,0,True,0,car,0 days 00:12:01.364000,0 days 01:07:37.972000
2024-05-19 13:15:18.158,8619,149,4,0,True,0,car,0 days 00:12:01.564000,0 days 01:07:38.172000
2024-05-19 13:15:18.438,8542,142,4,1,False,0,car,0 days 00:12:01.844000,0 days 01:07:38.452000
2024-05-19 13:15:18.598,8593,139,4,14,False,0,car,0 days 00:12:02.004000,0 days 01:07:38.612000
2024-05-19 13:15:18.878,8736,138,4,55,False,0,car,0 days 00:12:02.284000,0 days 01:07:38.892000
2024-05-19 13:15:19.198,8856,143,4,62,False,0,car,0 days 00:12:02.604000,0 days 01:07:39.212000
2024-05-19 13:15:19.478,9555,148,4,72,False,0,car,0 days 00:12:02.884000,0 days 01:07:39.492000
2024-05-19 13:15:19.718,9567,153,4,71,False,0,car,0 days 00:12:03.124000,0 days 01:07:39.732000
2024-05-19 13:15:20.038,10430,164,4,100,False,0,car,0 days 00:12:03.444000,0 days 01:07:40.052000
2024-05-19 13:15:20.278,11010,168,4,100,False,0,car,0 days 00:12:03.684000,0 days 01:07:40.292000
2024-05-19 13:15:20.478,11290,180,4,100,False,0,car,0 days 00:12:03.884000,0 days 01:07:40.492000
2024-05-19 13:15:20.918,10422,197,4,100,False,0,car,0 days 00:12:04.324000,0 days 01:07:40.932000
2024-05-19 13:15:21.158,10582,202,5,100,False,0,car,0 days 00:12:04.564000,0 days 01:07:41.172000
2024-05-19 13:15:21.518,11078,211,5,100,False,0,car,0 days 00:12:04.924000,0 days 01:07:41.532000
2024-05-19 13:15:21.678,11251,216,5,100,False,0,car,0 days 00:12:05.084000,0 days 01:07:41.692000
2024-05-19 13:15:21.918,11454,221,5,100,False,0,car,0 days 00:12:05.324000,0 days 01:07:41.932000
2024-05-19 13:15:22.357,10840,233,5,100,False,0,car,0 days 00:12:05.763000,0 days 01:07:42.371000
2024-05-19 13:15:22.557,10864,237,6,100,False,0,car,0 days 00:12:05.963000,0 days 01:07:42.571000
2024-05-19 13:15:22.957,11058,245,6,100,False,0,car,0 days 00:12:06.363000,0 days 01:07:42.971000
2024-05-19 13:15:23.117,11146,249,6,100,False,0,car,0 days 00:12:06.523000,0 days 01:07:43.131000
2024-05-19 13:15:23.318,11348,253,6,100,False,0,car,0 days 00:12:06.724000,0 days 01:07:43.332000
2024-05-19 13:15:23.478,11470,254,6,100,False,0,car,0 days 00:12:06.884000,0 days 01:07:43.492000
2024-05-19 13:15:23.678,11615,257,6,100,False,0,car,0 days 00:12:07.084000,0 days 01:07:43.692000
2024-05-19 13:15:23.998,11691,261,6,100,False,0,car,0 days 00:12:07.404000,0 days 01:07:44.012000
2024-05-19 13:15:24.358,10684,267,7,100,False,0,car,0 days 00:12:07.764000,0 days 01:07:44.372000
2024-05-19 13:15:24.638,10803,270,7,100,False,0,car,0 days 00:12:08.044000,0 days 01:07:44.652000
2024-05-19 13:15:24.878,10911,272,7,100,False,0,car,0 days 00:12:08.284000,0 days 01:07:44.892000
2024-05-19 13:15:25.238,10889,276,7,100,False,0,car,0 days 00:12:08.644000,0 days 01:07:45.252000
2024-05-19 13:15:25.558,11199,280,7,100,False,0,car,0 days 00:12:08.964000,0 days 01:07:45.572000
2024-05-19 13:15:25.838,11228,283,7,100,False,0,car,0 days 00:12:09.244000,0 days 01:07:45.852000
2024-05-19 13:15:26.078,11343,285,7,100,False,0,car,0 days 00:12:09.484000,0 days 01:07:46.092000
2024-05-19 13:15:26.238,11364,287,7,100,False,0,car,0 days 00:12:09.644000,0 days 01:07:46.252000
2024-05-19 13:15:26.518,11443,289,7,100,False,0,car,0 days 00:12:09.924000,0 days 01:07:46.532000
2024-05-19 13:15:26.678,11504,289,7,100,False,0,car,0 days 00:12:10.084000,0 days 01:07:46.692000
2024-05-19 13:15:26.838,11514,291,7,100,False,0,car,0 days 00:12:10.244000,0 days 01:07:46.852000
2024-05-19 13:15:27.158,11622,293,7,100,False,0,car,0 days 00:12:10.564000,0 days 01:07:47.172000
2024-05-19 13:15:27.318,11622,293,7,100,False,0,car,0 days 00:12:10.724000,0 days 01:07:47.332000
2024-05-19 13:15:27.518,10782,293,7,100,False,0,car,0 days 00:12:10.924000,0 days 01:07:47.532000
2024-05-19 13:15:27.718,10567,297,8,100,False,0,car,0 days 00:12:11.124000,0 days 01:07:47.732000
2024-05-19 13:15:27.998,10650,298,8,100,False,0,car,0 days 00:12:11.404000,0 days 01:07:48.012000
2024-05-19 13:15:28.238,10714,299,8,100,False,0,car,0 days 00:12:11.644000,0 days 01:07:48.252000
2024-05-19 13:15:28.558,10760,301,8,100,False,0,car,0 days 00:12:11.964000,0 days 01:07:48.572000
2024-05-19 13:15:28.757,10792,302,8,100,False,0,car,0 days 00:12:12.163000,0 days 01:07:48.771000
2024-05-19 13:15:28.997,10809,304,8,100,False,0,car,0 days 00:12:12.403000,0 days 01:07:49.011000
2024-05-19 13:15:29.397,10855,305,8,100,False,0,car,0 days 00:12:12.803000,0 days 01:07:49.411000
2024-05-19 13:15:29.637,10859,306,8,100,False,0,car,0 days 00:12:13.043000,0 days 01:07:49.651000
2024-05-19 13:15:29.798,10864,306,8,100,False,0,car,0 days 00:12:13.204000,0 days 01:07:49.812000
2024-05-19 13:15:29.998,10864,306,8,100,False,0,car,0 days 00:12:13.404000,0 days 01:07:50.012000
2024-05-19 13:15:30.318,10864,307,8,100,False,0,car,0 days 00:12:13.724000,0 days 01:07:50.332000
2024-05-19 13:15:30.518,10864,307,8,100,False,0,car,0 days 00:12:13.924000,0 days 01:07:50.532000
2024-05-19 13:15:30.878,10944,308,8,100,False,0,car,0 days 00:12:14.284000,0 days 01:07:50.892000
2024-05-19 13:15:31.038,10989,308,8,100,False,0,car,0 days 00:12:14.444000,0 days 01:07:51.052000
2024-05-19 13:15:31.318,10988,309,8,100,False,0,car,0 days 00:12:14.724000,0 days 01:07:51.332000
2024-05-19 13:15:31.598,11067,309,8,100,False,0,car,0 days 00:12:15.004000,0 days 01:07:51.612000
2024-05-19 13:15:31.798,10949,309,8,100,False,0,car,0 days 00:12:15.204000,0 days 01:07:51.812000
2024-05-19 13:15:32.038,10953,308,8,100,False,0,car,0 days 00:12:15.444000,0 days 01:07:52.052000
2024-05-19 13:15:32.318,10915,308,8,100,False,0,car,0 days 00:12:15.724000,0 days 01:07:52.332000
2024-05-19 13:15:32.518,10933,307,8,100,False,0,car,0 days 00:12:15.924000,0 days 01:07:52.532000
2024-05-19 13:15:32.678,10878,307,8,100,False,0,car,0 days 00:12:16.084000,0 days 01:07:52.692000
2024-05-19 13:15:32.958,10914,306,8,100,False,0,car,0 days 00:12:16.364000,0 days 01:07:52.972000
2024-05-19 13:15:33.158,10893,306,8,100,False,0,car,0 days 00:12:16.564000,0 days 01:07:53.172000
2024-05-19 13:15:33.358,10850,306,8,100,False,0,car,0 days 00:12:16.764000,0 days 01:07:53.372000
2024-05-19 13:15:33.518,10822,306,8,100,False,0,car,0 days 00:12:16.924000,0 days 01:07:53.532000
2024-05-19 13:15:33.678,10771,305,8,100,False,0,car,0 days 00:12:17.084000,0 days 01:07:53.692000
2024-05-19 13:15:33.918,10766,303,8,100,False,0,car,0 days 00:12:17.324000,0 days 01:07:53.932000
2024-05-19 13:15:34.118,10764,302,8,100,False,0,car,0 days 00:12:17.524000,0 days 01:07:54.132000
2024-05-19 13:15:34.278,10731,301,8,100,False,0,car,0 days 00:12:17.684000,0 days 01:07:54.292000
2024-05-19 13:15:34.558,10721,300,8,100,False,0,car,0 days 00:12:17.964000,0 days 01:07:54.572000
2024-05-19 13:15:34.798,10721,297,8,100,False,0,car,0 days 00:12:18.204000,0 days 01:07:54.812000
2024-05-19 13:15:35.238,9763,279,8,0,True,0,car,0 days 00:12:18.644000,0 days 01:07:55.252000
2024-05-19 13:15:35.557,9423,248,8,0,True,0,car,0 days 00:12:18.963000,0 days 01:07:55.571000
2024-05-19 13:15:35.797,9472,217,8,0,True,0,car,0 days 00:12:19.203000,0 days 01:07:55.811000
2024-05-19 13:15:36.037,9637,206,8,0,True,0,car,0 days 00:12:19.443000,0 days 01:07:56.051000
2024-05-19 13:15:36.197,10105,182,7,0,True,0,car,0 days 00:12:19.603000,0 days 01:07:56.211000
2024-05-19 13:15:36.478,9890,171,4,0,True,0,car,0 days 00:12:19.884000,0 days 01:07:56.492000
2024-05-19 13:15:36.878,9360,161,4,8,False,0,car,0 days 00:12:20.284000,0 days 01:07:56.892000
2024-05-19 13:15:37.158,9347,154,4,35,False,0,car,0 days 00:12:20.564000,0 days 01:07:57.172000
2024-05-19 13:15:37.398,9445,153,4,58,False,0,car,0 days 00:12:20.804000,0 days 01:07:57.412000
2024-05-19 13:15:37.558,9763,155,4,74,False,0,car,0 days 00:12:20.964000,0 days 01:07:57.572000
2024-05-19 13:15:37.918,10331,165,4,100,False,0,car,0 days 00:12:21.324000,0 days 01:07:57.932000
2024-05-19 13:15:38.078,10130,165,4,54,False,0,car,0 days 00:12:21.484000,0 days 01:07:58.092000
2024-05-19 13:15:38.238,10296,172,4,43,False,0,car,0 days 00:12:21.644000,0 days 01:07:58.252000
2024-05-19 13:15:38.518,10255,170,4,54,False,0,car,0 days 00:12:21.924000,0 days 01:07:58.532000
2024-05-19 13:15:38.838,10822,174,4,82,False,0,car,0 days 00:12:22.244000,0 days 01:07:58.852000
2024-05-19 13:15:38.998,11242,180,4,100,False,0,car,0 days 00:12:22.404000,0 days 01:07:59.012000
2024-05-19 13:15:39.278,10583,185,4,100,False,0,car,0 days 00:12:22.684000,0 days 01:07:59.292000
2024-05-19 13:15:39.518,10164,194,5,100,False,0,car,0 days 00:12:22.924000,0 days 01:07:59.532000
2024-05-19 13:15:39.758,10532,199,5,100,False,0,car,0 days 00:12:23.164000,0 days 01:07:59.772000
2024-05-19 13:15:40.038,10727,209,5,100,False,0,car,0 days 00:12:23.444000,0 days 01:08:00.052000
2024-05-19 13:15:40.398,11259,219,5,100,False,0,car,0 days 00:12:23.804000,0 days 01:08:00.412000
2024-05-19 13:15:40.798,11717,226,5,100,False,0,car,0 days 00:12:24.204000,0 days 01:08:00.812000
2024-05-19 13:15:40.998,10722,229,5,100,False,0,car,0 days 00:12:24.404000,0 days 01:08:01.012000
2024-05-19 13:15:41.238,10603,232,6,100,False,0,car,0 days 00:12:24.644000,0 days 01:08:01.252000
2024-05-19 13:15:41.478,10664,235,6,100,False,0,car,0 days 00:12:24.884000,0 days 01:08:01.492000
2024-05-19 13:15:41.758,10845,239,6,100,False,0,car,0 days 00:12:25.164000,0 days 01:08:01.772000
2024-05-19 13:15:41.918,11048,245,6,100,False,0,car,0 days 00:12:25.324000,0 days 01:08:01.932000
2024-05-19 13:15:42.118,11143,248,6,100,False,0,car,0 days 00:12:25.524000,0 days 01:08:02.132000
2024-05-19 13:15:42.357,11288,251,6,100,False,0,car,0 days 00:12:25.763000,0 days 01:08:02.371000
2024-05-19 13:15:42.557,11480,255,6,100,False,0,car,0 days 00:12:25.963000,0 days 01:08:02.571000
2024-05-19 13:15:42.797,11524,259,6,100,False,0,car,0 days 00:12:26.203000,0 days 01:08:02.811000
2024-05-19 13:15:42.958,11700,260,6,100,False,0,car,0 days 00:12:26.364000,0 days 01:08:02.972000
2024-05-19 13:15:43.198,10720,264,6,100,False,0,car,0 days 00:12:26.604000,0 days 01:08:03.212000
2024-05-19 13:15:43.638,10709,269,7,100,False,0,car,0 days 00:12:27.044000,0 days 01:08:03.652000
2024-05-19 13:15:43.998,10890,274,7,100,False,0,car,0 days 00:12:27.404000,0 days 01:08:04.012000
2024-05-19 13:15:44.238,10993,276,7,100,False,0,car,0 days 00:12:27.644000,0 days 01:08:04.252000
2024-05-19 13:15:44.518,11065,279,7,100,False,0,car,0 days 00:12:27.924000,0 days 01:08:04.532000
2024-05-19 13:15:44.718,11036,280,7,100,False,0,car,0 days 00:12:28.124000,0 days 01:08:04.732000
2024-05-19 13:15:45.158,11122,280,7,100,False,0,car,0 days 00:12:28.564000,0 days 01:08:05.172000
2024-05-19 13:15:45.318,11100,280,7,100,False,0,car,0 days 00:12:28.724000,0 days 01:08:05.332000
2024-05-19 13:15:45.518,11057,280,7,100,False,0,car,0 days 00:12:28.924000,0 days 01:08:05.532000
2024-05-19 13:15:45.718,11048,280,7,45,False,0,car,0 days 00:12:29.124000,0 days 01:08:05.732000
2024-05-19 13:15:45.878,10827,280,7,2,True,0,car,0 days 00:12:29.284000,0 days 01:08:05.892000
2024-05-19 13:15:46.198,9888,256,7,0,True,0,car,0 days 00:12:29.604000,0 days 01:08:06.212000
2024-05-19 13:15:46.478,9942,244,7,0,True,0,car,0 days 00:12:29.884000,0 days 01:08:06.492000
2024-05-19 13:15:46.758,9893,234,6,0,True,0,car,0 days 00:12:30.164000,0 days 01:08:06.772000
2024-05-19 13:15:46.918,9823,224,6,0,True,0,car,0 days 00:12:30.324000,0 days 01:08:06.932000
2024-05-19 13:15:47.078,9624,220,6,2,True,0,car,0 days 00:12:30.484000,0 days 01:08:07.092000
2024-05-19 13:15:47.278,9484,219,6,2,True,0,car,0 days 00:12:30.684000,0 days 01:08:07.292000
2024-05-19 13:15:47.518,8965,205,6,0,True,0,car,0 days 00:12:30.924000,0 days 01:08:07.532000
2024-05-19 13:15:47.798,9018,185,5,0,True,0,car,0 days 00:12:31.204000,0 days 01:08:07.812000
2024-05-19 13:15:47.998,8677,174,5,0,True,0,car,0 days 00:12:31.404000,0 days 01:08:08.012000
2024-05-19 13:15:48.278,8456,169,5,12,False,0,car,0 days 00:12:31.684000,0 days 01:08:08.292000
2024-05-19 13:15:48.638,8573,164,5,61,False,0,car,0 days 00:12:32.044000,0 days 01:08:08.652000
2024-05-19 13:15:48.877,8951,166,5,68,False,0,car,0 days 00:12:32.283000,0 days 01:08:08.891000
2024-05-19 13:15:49.197,9342,174,5,96,False,0,car,0 days 00:12:32.603000,0 days 01:08:09.211000
2024-05-19 13:15:49.518,9651,182,5,100,False,0,car,0 days 00:12:32.924000,0 days 01:08:09.532000
2024-05-19 13:15:49.918,10326,192,5,100,False,0,car,0 days 00:12:33.324000,0 days 01:08:09.932000
2024-05-19 13:15:50.078,10635,197,5,100,False,0,car,0 days 00:12:33.484000,0 days 01:08:10.092000
2024-05-19 13:15:50.278,10718,201,5,100,False,0,car,0 days 00:12:33.684000,0 days 01:08:10.292000
2024-05-19 13:15:50.438,10864,207,5,100,False,0,car,0 days 00:12:33.844000,0 days 01:08:10.452000
2024-05-19 13:15:50.678,11170,210,5,100,False,0,car,0 days 00:12:34.084000,0 days 01:08:10.692000
2024-05-19 13:15:51.038,11257,221,5,100,False,0,car,0 days 00:12:34.444000,0 days 01:08:11.052000
2024-05-19 13:15:51.278,11367,223,5,100,False,0,car,0 days 00:12:34.684000,0 days 01:08:11.292000
2024-05-19 13:15:51.558,11501,226,5,100,False,0,car,0 days 00:12:34.964000,0 days 01:08:11.572000
2024-05-19 13:15:51.958,11164,226,5,0,True,0,car,0 days 00:12:35.364000,0 days 01:08:11.972000
2024-05-19 13:15:52.318,9734,194,5,0,True,0,car,0 days 00:12:35.724000,0 days 01:08:12.332000
2024-05-19 13:15:52.478,9226,186,5,0,True,0,car,0 days 00:12:35.884000,0 days 01:08:12.492000
2024-05-19 13:15:52.798,10779,156,5,0,True,0,car,0 days 00:12:36.204000,0 days 01:08:12.812000
2024-05-19 13:15:52.958,10520,150,4,0,True,0,car,0 days 00:12:36.364000,0 days 01:08:12.972000
2024-05-19 13:15:53.278,9121,135,3,0,True,0,car,0 days 00:12:36.684000,0 days 01:08:13.292000
2024-05-19 13:15:53.438,8799,128,3,0,True,0,car,0 days 00:12:36.844000,0 days 01:08:13.452000
2024-05-19 13:15:53.798,7882,120,3,0,True,0,car,0 days 00:12:37.204000,0 days 01:08:13.812000
2024-05-19 13:15:53.958,7556,110,3,0,True,0,car,0 days 00:12:37.364000,0 days 01:08:13.972000
2024-05-19 13:15:54.158,7233,106,3,0,True,0,car,0 days 00:12:37.564000,0 days 01:08:14.172000
2024-05-19 13:15:54.318,7193,103,3,0,True,0,car,0 days 00:12:37.724000,0 days 01:08:14.332000
2024-05-19 13:15:54.518,6930,100,3,0,False,0,car,0 days 00:12:37.924000,0 days 01:08:14.532000
2024-05-19 13:15:54.838,6744,93,3,1,False,0,car,0 days 00:12:38.244000,0 days 01:08:14.852000
2024-05-19 13:15:54.998,6832,92,3,22,False,0,car,0 days 00:12:38.404000,0 days 01:08:15.012000
2024-05-19 13:15:55.158,6972,93,3,35,False,0,car,0 days 00:12:38.564000,0 days 01:08:15.172000
2024-05-19 13:15:55.398,7260,94,3,38,False,0,car,0 days 00:12:38.804000,0 days 01:08:15.412000
2024-05-19 13:15:55.677,7749,100,3,51,False,0,car,0 days 00:12:39.083000,0 days 01:08:15.691000
2024-05-19 13:15:55.917,8080,106,3,62,False,0,car,0 days 00:12:39.323000,0 days 01:08:15.931000
2024-05-19 13:15:56.158,8806,112,3,74,False,0,car,0 days 00:12:39.564000,0 days 01:08:16.172000
2024-05-19 13:15:56.478,9767,118,3,91,False,0,car,0 days 00:12:39.884000,0 days 01:08:16.492000
2024-05-19 13:15:56.678,10515,127,3,100,False,0,car,0 days 00:12:40.084000,0 days 01:08:16.692000
2024-05-19 13:15:56.878,11369,142,3,100,False,0,car,0 days 00:12:40.284000,0 days 01:08:16.892000
2024-05-19 13:15:57.278,10302,155,3,100,False,0,car,0 days 00:12:40.684000,0 days 01:08:17.292000
2024-05-19 13:15:57.758,11186,179,4,100,False,0,car,0 days 00:12:41.164000,0 days 01:08:17.772000
2024-05-19 13:15:57.998,11531,189,4,100,False,0,car,0 days 00:12:41.404000,0 days 01:08:18.012000
2024-05-19 13:15:58.198,11711,195,4,100,False,0,car,0 days 00:12:41.604000,0 days 01:08:18.212000
2024-05-19 13:15:58.438,11405,201,4,100,False,0,car,0 days 00:12:41.844000,0 days 01:08:18.452000
2024-05-19 13:15:58.598,10784,207,4,100,False,0,car,0 days 00:12:42.004000,0 days 01:08:18.612000
2024-05-19 13:15:58.958,11218,215,5,100,False,0,car,0 days 00:12:42.364000,0 days 01:08:18.972000
2024-05-19 13:15:59.158,11478,220,5,100,False,0,car,0 days 00:12:42.564000,0 days 01:08:19.172000
2024-05-19 13:15:59.558,11689,229,5,100,False,0,car,0 days 00:12:42.964000,0 days 01:08:19.572000
2024-05-19 13:15:59.798,10583,235,5,100,False,0,car,0 days 00:12:43.204000,0 days 01:08:19.812000
2024-05-19 13:16:00.118,10851,241,6,100,False,0,car,0 days 00:12:43.524000,0 days 01:08:20.132000
2024-05-19 13:16:00.358,11102,245,6,100,False,0,car,0 days 00:12:43.764000,0 days 01:08:20.372000
2024-05-19 13:16:00.598,11193,249,6,100,False,0,car,0 days 00:12:44.004000,0 days 01:08:20.612000
2024-05-19 13:16:00.798,11272,252,6,100,False,0,car,0 days 00:12:44.204000,0 days 01:08:20.812000
2024-05-19 13:16:01.198,11487,257,6,100,False,0,car,0 days 00:12:44.604000,0 days 01:08:21.212000
2024-05-19 13:16:01.558,11506,261,6,100,False,0,car,0 days 00:12:44.964000,0 days 01:08:21.572000
2024-05-19 13:16:01.758,10435,261,6,100,False,0,car,0 days 00:12:45.164000,0 days 01:08:21.772000
2024-05-19 13:16:02.158,10479,264,7,100,False,0,car,0 days 00:12:45.564000,0 days 01:08:22.172000
2024-05-19 13:16:02.357,10545,265,7,100,False,0,car,0 days 00:12:45.763000,0 days 01:08:22.371000
2024-05-19 13:16:02.678,10608,265,7,100,False,0,car,0 days 00:12:46.084000,0 days 01:08:22.692000
2024-05-19 13:16:02.958,10558,266,7,100,False,0,car,0 days 00:12:46.364000,0 days 01:08:22.972000
2024-05-19 13:16:03.278,10597,266,7,100,False,0,car,0 days 00:12:46.684000,0 days 01:08:23.292000
2024-05-19 13:16:03.718,10625,267,7,100,False,0,car,0 days 00:12:47.124000,0 days 01:08:23.732000
2024-05-19 13:16:03.878,10356,268,7,2,False,0,car,0 days 00:12:47.284000,0 days 01:08:23.892000
2024-05-19 13:16:04.038,10006,262,7,0,True,0,car,0 days 00:12:47.444000,0 days 01:08:24.052000
2024-05-19 13:16:04.238,9692,250,7,0,True,0,car,0 days 00:12:47.644000,0 days 01:08:24.252000
2024-05-19 13:16:04.438,10080,234,7,0,True,0,car,0 days 00:12:47.844000,0 days 01:08:24.452000
2024-05-19 13:16:04.598,10296,219,7,0,True,0,car,0 days 00:12:48.004000,0 days 01:08:24.612000
2024-05-19 13:16:04.958,10244,206,5,5,True,0,car,0 days 00:12:48.364000,0 days 01:08:24.972000
2024-05-19 13:16:05.198,10299,198,5,46,True,0,car,0 days 00:12:48.604000,0 days 01:08:25.212000
2024-05-19 13:16:05.398,10326,198,5,80,False,0,car,0 days 00:12:48.804000,0 days 01:08:25.412000
2024-05-19 13:16:05.758,10633,201,5,100,False,0,car,0 days 00:12:49.164000,0 days 01:08:25.772000
2024-05-19 13:16:06.118,11000,209,5,100,False,0,car,0 days 00:12:49.524000,0 days 01:08:26.132000
2024-05-19 13:16:06.358,11240,213,5,100,False,0,car,0 days 00:12:49.764000,0 days 01:08:26.372000
2024-05-19 13:16:06.758,11627,222,5,100,False,0,car,0 days 00:12:50.164000,0 days 01:08:26.772000
2024-05-19 13:16:06.998,11682,228,5,100,False,0,car,0 days 00:12:50.404000,0 days 01:08:27.012000
2024-05-19 13:16:07.158,10562,230,5,100,False,0,car,0 days 00:12:50.564000,0 days 01:08:27.172000
2024-05-19 13:16:07.638,10891,240,6,100,False,0,car,0 days 00:12:51.044000,0 days 01:08:27.652000
2024-05-19 13:16:07.958,11166,246,6,100,False,0,car,0 days 00:12:51.364000,0 days 01:08:27.972000
2024-05-19 13:16:08.198,11336,247,6,100,False,0,car,0 days 00:12:51.604000,0 days 01:08:28.212000
2024-05-19 13:16:08.478,11414,254,6,100,False,0,car,0 days 00:12:51.884000,0 days 01:08:28.492000
2024-05-19 13:16:08.798,10381,259,6,100,False,0,car,0 days 00:12:52.204000,0 days 01:08:28.812000
2024-05-19 13:16:09.077,10456,261,7,100,False,0,car,0 days 00:12:52.483000,0 days 01:08:29.091000
2024-05-19 13:16:09.398,10512,265,7,100,False,0,car,0 days 00:12:52.804000,0 days 01:08:29.412000
2024-05-19 13:16:09.558,10615,266,7,100,False,0,car,0 days 00:12:52.964000,0 days 01:08:29.572000
2024-05-19 13:16:09.758,10741,268,7,100,False,0,car,0 days 00:12:53.164000,0 days 01:08:29.772000
2024-05-19 13:16:10.038,10664,269,7,100,False,0,car,0 days 00:12:53.444000,0 days 01:08:30.052000
2024-05-19 13:16:10.198,10749,270,7,100,False,0,car,0 days 00:12:53.604000,0 days 01:08:30.212000
2024-05-19 13:16:10.398,10798,271,7,100,False,0,car,0 days 00:12:53.804000,0 days 01:08:30.412000
2024-05-19 13:16:10.638,10541,270,7,17,False,0,car,0 days 00:12:54.044000,0 days 01:08:30.652000
2024-05-19 13:16:10.838,10526,265,7,0,True,0,car,0 days 00:12:54.244000,0 days 01:08:30.852000
2024-05-19 13:16:11.158,9901,257,7,0,False,0,car,0 days 00:12:54.564000,0 days 01:08:31.172000
2024-05-19 13:16:11.438,9650,250,7,0,True,0,car,0 days 00:12:54.844000,0 days 01:08:31.452000
2024-05-19 13:16:11.638,9208,239,7,0,True,0,car,0 days 00:12:55.044000,0 days 01:08:31.652000
2024-05-19 13:16:11.958,9675,218,7,0,True,0,car,0 days 00:12:55.364000,0 days 01:08:31.972000
2024-05-19 13:16:12.198,9506,189,7,0,True,0,car,0 days 00:12:55.604000,0 days 01:08:32.212000
2024-05-19 13:16:12.558,9274,168,5,0,True,0,car,0 days 00:12:55.964000,0 days 01:08:32.572000
2024-05-19 13:16:12.918,8568,149,4,0,True,0,car,0 days 00:12:56.324000,0 days 01:08:32.932000
2024-05-19 13:16:13.078,8288,149,4,0,True,0,car,0 days 00:12:56.484000,0 days 01:08:33.092000
2024-05-19 13:16:13.398,7721,130,4,0,False,0,car,0 days 00:12:56.804000,0 days 01:08:33.412000
2024-05-19 13:16:13.718,7399,123,4,4,False,0,car,0 days 00:12:57.124000,0 days 01:08:33.732000
2024-05-19 13:16:13.958,7547,121,4,18,False,0,car,0 days 00:12:57.364000,0 days 01:08:33.972000
2024-05-19 13:16:14.318,7874,126,4,64,False,0,car,0 days 00:12:57.724000,0 days 01:08:34.332000
2024-05-19 13:16:14.638,8684,135,4,98,False,0,car,0 days 00:12:58.044000,0 days 01:08:34.652000
2024-05-19 13:16:14.838,9138,144,4,100,False,0,car,0 days 00:12:58.244000,0 days 01:08:34.852000
2024-05-19 13:16:15.078,9879,152,4,100,False,0,car,0 days 00:12:58.484000,0 days 01:08:35.092000
2024-05-19 13:16:15.278,10197,158,4,100,False,0,car,0 days 00:12:58.684000,0 days 01:08:35.292000
2024-05-19 13:16:15.598,9913,171,4,100,False,0,car,0 days 00:12:59.004000,0 days 01:08:35.612000
2024-05-19 13:16:15.838,11173,179,4,100,False,0,car,0 days 00:12:59.244000,0 days 01:08:35.852000
2024-05-19 13:16:15.998,11550,185,4,100,False,0,car,0 days 00:12:59.404000,0 days 01:08:36.012000
2024-05-19 13:16:16.278,11569,192,4,100,False,0,car,0 days 00:12:59.684000,0 days 01:08:36.292000
2024-05-19 13:16:16.558,10283,200,5,100,False,0,car,0 days 00:12:59.964000,0 days 01:08:36.572000
2024-05-19 13:16:16.918,10906,212,5,100,False,0,car,0 days 00:13:00.324000,0 days 01:08:36.932000
2024-05-19 13:16:17.118,11150,216,5,100,False,0,car,0 days 00:13:00.524000,0 days 01:08:37.132000
2024-05-19 13:16:17.318,11448,221,5,100,False,0,car,0 days 00:13:00.724000,0 days 01:08:37.332000
2024-05-19 13:16:18.318,10904,242,6,100,False,0,car,0 days 00:13:01.724000,0 days 01:08:38.332000
2024-05-19 13:16:18.518,11094,246,6,100,False,0,car,0 days 00:13:01.924000,0 days 01:08:38.532000
2024-05-19 13:16:18.838,11161,249,6,100,False,0,car,0 days 00:13:02.244000,0 days 01:08:38.852000
2024-05-19 13:16:19.118,11317,252,6,100,False,0,car,0 days 00:13:02.524000,0 days 01:08:39.132000
2024-05-19 13:16:19.278,11399,253,6,100,False,0,car,0 days 00:13:02.684000,0 days 01:08:39.292000
2024-05-19 13:16:19.518,11325,254,6,100,False,0,car,0 days 00:13:02.924000,0 days 01:08:39.532000
2024-05-19 13:16:19.918,11337,255,6,100,False,0,car,0 days 00:13:03.324000,0 days 01:08:39.932000
2024-05-19 13:16:20.078,11392,256,6,100,False,0,car,0 days 00:13:03.484000,0 days 01:08:40.092000
2024-05-19 13:16:20.358,11419,257,6,97,False,0,car,0 days 00:13:03.764000,0 days 01:08:40.372000
2024-05-19 13:16:20.718,10914,249,6,28,True,0,car,0 days 00:13:04.124000,0 days 01:08:40.732000
2024-05-19 13:16:20.998,9600,218,6,0,True,0,car,0 days 00:13:04.404000,0 days 01:08:41.012000
2024-05-19 13:16:21.398,8972,177,6,0,True,0,car,0 days 00:13:04.804000,0 days 01:08:41.412000
2024-05-19 13:16:21.718,8904,154,5,0,True,0,car,0 days 00:13:05.124000,0 days 01:08:41.732000
2024-05-19 13:16:21.918,8254,142,4,0,True,0,car,0 days 00:13:05.324000,0 days 01:08:41.932000
2024-05-19 13:16:22.118,7721,137,4,0,True,0,car,0 days 00:13:05.524000,0 days 01:08:42.132000
2024-05-19 13:16:22.359,7224,126,4,0,True,0,car,0 days 00:13:05.765000,0 days 01:08:42.373000
2024-05-19 13:16:22.518,6998,120,4,0,True,0,car,0 days 00:13:05.924000,0 days 01:08:42.532000
2024-05-19 13:16:22.718,6965,118,4,0,False,0,car,0 days 00:13:06.124000,0 days 01:08:42.732000
2024-05-19 13:16:23.078,6721,112,4,0,False,0,car,0 days 00:13:06.484000,0 days 01:08:43.092000
2024-05-19 13:16:23.398,7348,107,3,0,True,0,car,0 days 00:13:06.804000,0 days 01:08:43.412000
2024-05-19 13:16:23.638,7153,104,3,0,True,0,car,0 days 00:13:07.044000,0 days 01:08:43.652000
2024-05-19 13:16:23.838,7170,100,3,0,False,0,car,0 days 00:13:07.244000,0 days 01:08:43.852000
2024-05-19 13:16:24.158,7805,98,3,28,False,0,car,0 days 00:13:07.564000,0 days 01:08:44.172000
2024-05-19 13:16:24.438,7695,101,3,25,False,0,car,0 days 00:13:07.844000,0 days 01:08:44.452000
2024-05-19 13:16:24.838,8332,110,3,59,False,0,car,0 days 00:13:08.244000,0 days 01:08:44.852000
2024-05-19 13:16:25.238,9503,125,3,81,False,0,car,0 days 00:13:08.644000,0 days 01:08:45.252000
2024-05-19 13:16:25.518,11229,138,3,98,False,0,car,0 days 00:13:08.924000,0 days 01:08:45.532000
2024-05-19 13:16:25.678,11089,143,3,100,False,0,car,0 days 00:13:09.084000,0 days 01:08:45.692000
2024-05-19 13:16:25.958,10120,152,4,100,False,0,car,0 days 00:13:09.364000,0 days 01:08:45.972000
2024-05-19 13:16:26.158,10291,163,4,100,False,0,car,0 days 00:13:09.564000,0 days 01:08:46.172000
2024-05-19 13:16:26.398,10871,177,4,100,False,0,car,0 days 00:13:09.804000,0 days 01:08:46.412000
2024-05-19 13:16:26.558,11011,181,4,100,False,0,car,0 days 00:13:09.964000,0 days 01:08:46.572000
2024-05-19 13:16:26.798,11675,188,4,100,False,0,car,0 days 00:13:10.204000,0 days 01:08:46.812000
2024-05-19 13:16:26.998,11895,194,4,100,False,0,car,0 days 00:13:10.404000,0 days 01:08:47.012000
2024-05-19 13:16:27.238,10605,203,4,100,False,0,car,0 days 00:13:10.644000,0 days 01:08:47.252000
2024-05-19 13:16:27.478,10985,209,5,100,False,0,car,0 days 00:13:10.884000,0 days 01:08:47.492000
2024-05-19 13:16:27.798,11265,220,5,100,False,0,car,0 days 00:13:11.204000,0 days 01:08:47.812000
2024-05-19 13:16:27.998,11581,225,5,100,False,0,car,0 days 00:13:11.404000,0 days 01:08:48.012000
2024-05-19 13:16:28.358,11021,232,5,100,False,0,car,0 days 00:13:11.764000,0 days 01:08:48.372000
2024-05-19 13:16:28.598,10670,236,6,100,False,0,car,0 days 00:13:12.004000,0 days 01:08:48.612000
2024-05-19 13:16:28.959,11107,244,6,100,False,0,car,0 days 00:13:12.365000,0 days 01:08:48.973000
2024-05-19 13:16:29.159,11180,248,6,100,False,0,car,0 days 00:13:12.565000,0 days 01:08:49.173000
2024-05-19 13:16:29.438,11362,253,6,100,False,0,car,0 days 00:13:12.844000,0 days 01:08:49.452000
2024-05-19 13:16:29.718,11509,257,6,100,False,0,car,0 days 00:13:13.124000,0 days 01:08:49.732000
2024-05-19 13:16:29.998,11089,261,6,100,False,0,car,0 days 00:13:13.404000,0 days 01:08:50.012000
2024-05-19 13:16:30.318,10582,265,7,100,False,0,car,0 days 00:13:13.724000,0 days 01:08:50.332000
2024-05-19 13:16:30.598,10727,269,7,100,False,0,car,0 days 00:13:14.004000,0 days 01:08:50.612000
2024-05-19 13:16:30.958,10898,273,7,100,False,0,car,0 days 00:13:14.364000,0 days 01:08:50.972000
2024-05-19 13:16:31.118,10920,275,7,100,False,0,car,0 days 00:13:14.524000,0 days 01:08:51.132000
2024-05-19 13:16:31.318,11015,277,7,100,False,0,car,0 days 00:13:14.724000,0 days 01:08:51.332000
2024-05-19 13:16:31.598,11104,280,7,100,False,0,car,0 days 00:13:15.004000,0 days 01:08:51.612000
2024-05-19 13:16:31.758,11198,281,7,100,False,0,car,0 days 00:13:15.164000,0 days 01:08:51.772000
2024-05-19 13:16:32.198,11282,285,7,100,False,0,car,0 days 00:13:15.604000,0 days 01:08:52.212000
2024-05-19 13:16:32.478,11358,288,7,100,False,0,car,0 days 00:13:15.884000,0 days 01:08:52.492000
2024-05-19 13:16:32.838,11315,286,7,100,False,0,car,0 days 00:13:16.244000,0 days 01:08:52.852000
2024-05-19 13:16:33.238,11224,285,7,100,False,0,car,0 days 00:13:16.644000,0 days 01:08:53.252000
2024-05-19 13:16:33.398,11268,285,7,100,False,0,car,0 days 00:13:16.804000,0 days 01:08:53.412000
2024-05-19 13:16:33.638,11168,284,7,100,False,0,car,0 days 00:13:17.044000,0 days 01:08:53.652000
2024-05-19 13:16:33.918,10825,280,7,0,False,0,car,0 days 00:13:17.324000,0 days 01:08:53.932000
2024-05-19 13:16:34.078,10709,277,7,0,True,0,car,0 days 00:13:17.484000,0 days 01:08:54.092000
2024-05-19 13:16:34.478,9427,239,7,0,True,0,car,0 days 00:13:17.884000,0 days 01:08:54.492000
2024-05-19 13:16:34.958,10327,205,7,0,True,0,car,0 days 00:13:18.364000,0 days 01:08:54.972000
2024-05-19 13:16:35.118,9642,166,7,0,True,0,car,0 days 00:13:18.524000,0 days 01:08:55.132000
2024-05-19 13:16:35.318,10646,152,5,0,True,0,car,0 days 00:13:18.724000,0 days 01:08:55.332000
2024-05-19 13:16:35.559,9810,146,3,0,True,0,car,0 days 00:13:18.965000,0 days 01:08:55.573000
2024-05-19 13:16:35.799,9004,127,3,0,True,0,car,0 days 00:13:19.205000,0 days 01:08:55.813000
2024-05-19 13:16:36.158,8313,120,3,0,False,0,car,0 days 00:13:19.564000,0 days 01:08:56.172000
2024-05-19 13:16:36.358,8237,117,3,1,False,0,car,0 days 00:13:19.764000,0 days 01:08:56.372000
2024-05-19 13:16:36.758,8410,113,3,36,False,0,car,0 days 00:13:20.164000,0 days 01:08:56.772000
2024-05-19 13:16:37.038,8737,117,3,46,False,0,car,0 days 00:13:20.444000,0 days 01:08:57.052000
2024-05-19 13:16:37.198,8939,121,3,55,False,0,car,0 days 00:13:20.604000,0 days 01:08:57.212000
2024-05-19 13:16:37.678,10292,132,3,85,False,0,car,0 days 00:13:21.084000,0 days 01:08:57.692000
2024-05-19 13:16:37.998,11497,147,3,100,False,0,car,0 days 00:13:21.404000,0 days 01:08:58.012000
2024-05-19 13:16:38.238,10237,152,3,100,False,0,car,0 days 00:13:21.644000,0 days 01:08:58.252000
2024-05-19 13:16:38.638,9492,163,4,1,True,0,car,0 days 00:13:22.044000,0 days 01:08:58.652000
2024-05-19 13:16:38.838,9045,156,4,0,True,0,car,0 days 00:13:22.244000,0 days 01:08:58.852000
2024-05-19 13:16:39.078,8790,151,4,0,True,0,car,0 days 00:13:22.484000,0 days 01:08:59.092000
2024-05-19 13:16:39.518,8525,143,4,3,False,0,car,0 days 00:13:22.924000,0 days 01:08:59.532000
2024-05-19 13:16:39.718,8585,139,4,6,False,0,car,0 days 00:13:23.124000,0 days 01:08:59.732000
2024-05-19 13:16:39.958,8537,138,4,46,False,0,car,0 days 00:13:23.364000,0 days 01:08:59.972000
2024-05-19 13:16:40.358,8948,143,4,57,False,0,car,0 days 00:13:23.764000,0 days 01:09:00.372000
2024-05-19 13:16:40.678,9108,148,4,62,False,0,car,0 days 00:13:24.084000,0 days 01:09:00.692000
2024-05-19 13:16:40.878,9963,151,4,81,False,0,car,0 days 00:13:24.284000,0 days 01:09:00.892000
2024-05-19 13:16:41.358,11091,171,4,100,False,0,car,0 days 00:13:24.764000,0 days 01:09:01.372000
2024-05-19 13:16:41.518,11331,179,4,100,False,0,car,0 days 00:13:24.924000,0 days 01:09:01.532000
2024-05-19 13:16:41.878,11282,189,4,100,False,0,car,0 days 00:13:25.284000,0 days 01:09:01.892000
2024-05-19 13:16:42.199,10552,202,5,100,False,0,car,0 days 00:13:25.605000,0 days 01:09:02.213000
2024-05-19 13:16:42.359,10674,204,5,100,False,0,car,0 days 00:13:25.765000,0 days 01:09:02.373000
2024-05-19 13:16:42.639,11043,213,5,100,False,0,car,0 days 00:13:26.045000,0 days 01:09:02.653000
2024-05-19 13:16:42.798,11276,219,5,100,False,0,car,0 days 00:13:26.204000,0 days 01:09:02.812000
2024-05-19 13:16:43.238,11728,228,5,100,False,0,car,0 days 00:13:26.644000,0 days 01:09:03.252000
2024-05-19 13:16:43.678,10809,237,6,100,False,0,car,0 days 00:13:27.084000,0 days 01:09:03.692000
2024-05-19 13:16:44.078,11073,245,6,100,False,0,car,0 days 00:13:27.484000,0 days 01:09:04.092000
2024-05-19 13:16:44.278,11291,249,6,100,False,0,car,0 days 00:13:27.684000,0 days 01:09:04.292000
2024-05-19 13:16:44.438,11242,252,6,100,False,0,car,0 days 00:13:27.844000,0 days 01:09:04.452000
2024-05-19 13:16:44.678,11451,255,6,100,False,0,car,0 days 00:13:28.084000,0 days 01:09:04.692000
2024-05-19 13:16:44.838,11560,258,6,100,False,0,car,0 days 00:13:28.244000,0 days 01:09:04.852000
2024-05-19 13:16:45.078,11565,261,6,100,False,0,car,0 days 00:13:28.484000,0 days 01:09:05.092000
2024-05-19 13:16:45.278,10544,263,6,100,False,0,car,0 days 00:13:28.684000,0 days 01:09:05.292000
2024-05-19 13:16:45.438,10586,266,7,100,False,0,car,0 days 00:13:28.844000,0 days 01:09:05.452000
2024-05-19 13:16:45.638,10751,269,7,100,False,0,car,0 days 00:13:29.044000,0 days 01:09:05.652000
2024-05-19 13:16:45.958,10864,272,7,100,False,0,car,0 days 00:13:29.364000,0 days 01:09:05.972000
2024-05-19 13:16:46.198,10929,275,7,100,False,0,car,0 days 00:13:29.604000,0 days 01:09:06.212000
2024-05-19 13:16:46.398,11054,276,7,100,False,0,car,0 days 00:13:29.804000,0 days 01:09:06.412000
2024-05-19 13:16:46.758,11062,281,7,100,False,0,car,0 days 00:13:30.164000,0 days 01:09:06.772000
2024-05-19 13:16:46.958,11221,282,7,100,False,0,car,0 days 00:13:30.364000,0 days 01:09:06.972000
2024-05-19 13:16:47.278,11315,285,7,100,False,0,car,0 days 00:13:30.684000,0 days 01:09:07.292000
2024-05-19 13:16:47.558,11462,287,7,100,False,0,car,0 days 00:13:30.964000,0 days 01:09:07.572000
2024-05-19 13:16:47.758,11345,289,7,100,False,0,car,0 days 00:13:31.164000,0 days 01:09:07.772000
2024-05-19 13:16:48.158,11512,292,7,100,False,0,car,0 days 00:13:31.564000,0 days 01:09:08.172000
2024-05-19 13:16:48.398,10532,293,7,100,False,0,car,0 days 00:13:31.804000,0 days 01:09:08.412000
2024-05-19 13:16:48.719,10536,295,8,100,False,0,car,0 days 00:13:32.125000,0 days 01:09:08.733000
2024-05-19 13:16:48.919,10603,297,8,100,False,0,car,0 days 00:13:32.325000,0 days 01:09:08.933000
2024-05-19 13:16:49.079,10631,297,8,100,False,0,car,0 days 00:13:32.485000,0 days 01:09:09.093000
2024-05-19 13:16:49.359,10704,299,8,100,False,0,car,0 days 00:13:32.765000,0 days 01:09:09.373000
2024-05-19 13:16:49.798,10785,303,8,100,False,0,car,0 days 00:13:33.204000,0 days 01:09:09.812000
2024-05-19 13:16:50.238,10803,304,8,100,False,0,car,0 days 00:13:33.644000,0 days 01:09:10.252000
2024-05-19 13:16:50.598,10830,306,8,100,False,0,car,0 days 00:13:34.004000,0 days 01:09:10.612000
2024-05-19 13:16:50.838,10885,306,8,100,False,0,car,0 days 00:13:34.244000,0 days 01:09:10.852000
2024-05-19 13:16:51.238,10889,307,8,100,False,0,car,0 days 00:13:34.644000,0 days 01:09:11.252000
2024-05-19 13:16:51.398,10889,308,8,100,False,0,car,0 days 00:13:34.804000,0 days 01:09:11.412000
2024-05-19 13:16:51.558,10952,308,8,100,False,0,car,0 days 00:13:34.964000,0 days 01:09:11.572000
2024-05-19 13:16:51.718,10952,308,8,100,False,0,car,0 days 00:13:35.124000,0 days 01:09:11.732000
2024-05-19 13:16:52.078,11053,309,8,100,False,0,car,0 days 00:13:35.484000,0 days 01:09:12.092000
2024-05-19 13:16:52.238,10928,310,8,100,False,0,car,0 days 00:13:35.644000,0 days 01:09:12.252000
2024-05-19 13:16:52.438,10990,309,8,100,False,0,car,0 days 00:13:35.844000,0 days 01:09:12.452000
2024-05-19 13:16:52.598,11008,310,8,100,False,0,car,0 days 00:13:36.004000,0 days 01:09:12.612000
2024-05-19 13:16:52.798,11036,311,8,100,False,0,car,0 days 00:13:36.204000,0 days 01:09:12.812000
2024-05-19 13:16:53.078,10966,310,8,100,False,0,car,0 days 00:13:36.484000,0 days 01:09:13.092000
2024-05-19 13:16:53.238,10993,309,8,100,False,0,car,0 days 00:13:36.644000,0 days 01:09:13.252000
2024-05-19 13:16:53.638,11006,308,8,100,False,0,car,0 days 00:13:37.044000,0 days 01:09:13.652000
2024-05-19 13:16:53.878,10938,307,8,100,False,0,car,0 days 00:13:37.284000,0 days 01:09:13.892000
2024-05-19 13:16:54.038,10956,307,8,100,False,0,car,0 days 00:13:37.444000,0 days 01:09:14.052000
2024-05-19 13:16:54.278,10888,306,8,100,False,0,car,0 days 00:13:37.684000,0 days 01:09:14.292000
2024-05-19 13:16:54.638,10871,306,8,100,False,0,car,0 days 00:13:38.044000,0 days 01:09:14.652000
2024-05-19 13:16:54.838,10959,305,8,100,False,0,car,0 days 00:13:38.244000,0 days 01:09:14.852000
2024-05-19 13:16:55.038,10831,304,8,100,False,0,car,0 days 00:13:38.444000,0 days 01:09:15.052000
2024-05-19 13:16:55.198,10794,302,8,100,False,0,car,0 days 00:13:38.604000,0 days 01:09:15.212000
2024-05-19 13:16:55.399,10762,302,8,100,False,0,car,0 days 00:13:38.805000,0 days 01:09:15.413000
2024-05-19 13:16:55.719,10557,300,8,100,False,0,car,0 days 00:13:39.125000,0 days 01:09:15.733000
2024-05-19 13:16:55.919,10438,297,8,1,False,0,car,0 days 00:13:39.325000,0 days 01:09:15.933000
2024-05-19 13:16:56.118,10244,292,8,0,False,0,car,0 days 00:13:39.524000,0 days 01:09:16.132000
2024-05-19 13:16:56.278,9780,288,8,0,True,0,car,0 days 00:13:39.684000,0 days 01:09:16.292000
2024-05-19 13:16:56.438,9730,273,8,0,True,0,car,0 days 00:13:39.844000,0 days 01:09:16.452000
2024-05-19 13:16:56.678,9462,251,8,0,True,0,car,0 days 00:13:40.084000,0 days 01:09:16.692000
2024-05-19 13:16:56.838,9982,227,8,0,True,0,car,0 days 00:13:40.244000,0 days 01:09:16.852000
2024-05-19 13:16:57.038,9950,206,7,0,True,0,car,0 days 00:13:40.444000,0 days 01:09:17.052000
2024-05-19 13:16:57.198,9362,198,6,0,True,0,car,0 days 00:13:40.604000,0 days 01:09:17.212000
2024-05-19 13:16:57.518,10039,172,5,0,True,0,car,0 days 00:13:40.924000,0 days 01:09:17.532000
2024-05-19 13:16:57.878,9374,162,4,0,True,0,car,0 days 00:13:41.284000,0 days 01:09:17.892000
2024-05-19 13:16:58.038,9553,158,4,4,False,0,car,0 days 00:13:41.444000,0 days 01:09:18.052000
2024-05-19 13:16:58.358,9295,153,4,35,False,0,car,0 days 00:13:41.764000,0 days 01:09:18.372000
2024-05-19 13:16:58.598,9632,154,4,52,False,0,car,0 days 00:13:42.004000,0 days 01:09:18.612000
2024-05-19 13:16:58.918,9833,159,4,73,False,0,car,0 days 00:13:42.324000,0 days 01:09:18.932000
2024-05-19 13:16:59.078,10101,163,4,92,False,0,car,0 days 00:13:42.484000,0 days 01:09:19.092000
2024-05-19 13:16:59.238,10045,168,4,50,False,0,car,0 days 00:13:42.644000,0 days 01:09:19.252000
2024-05-19 13:16:59.518,9690,165,4,39,False,0,car,0 days 00:13:42.924000,0 days 01:09:19.532000
2024-05-19 13:16:59.678,10325,166,4,62,False,0,car,0 days 00:13:43.084000,0 days 01:09:19.692000
2024-05-19 13:16:59.998,10919,172,4,91,False,0,car,0 days 00:13:43.404000,0 days 01:09:20.012000
2024-05-19 13:17:00.198,10493,177,4,100,False,0,car,0 days 00:13:43.604000,0 days 01:09:20.212000
2024-05-19 13:17:00.438,9623,182,5,100,False,0,car,0 days 00:13:43.844000,0 days 01:09:20.452000
2024-05-19 13:17:00.678,10187,189,5,100,False,0,car,0 days 00:13:44.084000,0 days 01:09:20.692000
2024-05-19 13:17:00.878,10327,194,5,100,False,0,car,0 days 00:13:44.284000,0 days 01:09:20.892000
2024-05-19 13:17:01.158,10640,204,5,100,False,0,car,0 days 00:13:44.564000,0 days 01:09:21.172000
2024-05-19 13:17:01.358,10957,209,5,100,False,0,car,0 days 00:13:44.764000,0 days 01:09:21.372000
2024-05-19 13:17:01.638,11129,216,5,100,False,0,car,0 days 00:13:45.044000,0 days 01:09:21.652000
2024-05-19 13:17:01.959,11517,223,5,100,False,0,car,0 days 00:13:45.365000,0 days 01:09:21.973000
2024-05-19 13:17:02.279,10882,228,5,100,False,0,car,0 days 00:13:45.685000,0 days 01:09:22.293000
2024-05-19 13:17:02.479,10594,230,5,100,False,0,car,0 days 00:13:45.885000,0 days 01:09:22.493000
2024-05-19 13:17:02.759,10753,233,6,100,False,0,car,0 days 00:13:46.165000,0 days 01:09:22.773000
2024-05-19 13:17:03.038,10981,242,6,100,False,0,car,0 days 00:13:46.444000,0 days 01:09:23.052000
2024-05-19 13:17:03.358,11154,247,6,100,False,0,car,0 days 00:13:46.764000,0 days 01:09:23.372000
2024-05-19 13:17:03.598,11288,252,6,100,False,0,car,0 days 00:13:47.004000,0 days 01:09:23.612000
2024-05-19 13:17:03.878,11491,254,6,100,False,0,car,0 days 00:13:47.284000,0 days 01:09:23.892000
2024-05-19 13:17:04.198,11651,260,6,100,False,0,car,0 days 00:13:47.604000,0 days 01:09:24.212000
2024-05-19 13:17:04.478,10624,263,6,100,False,0,car,0 days 00:13:47.884000,0 days 01:09:24.492000
2024-05-19 13:17:04.678,10598,265,7,100,False,0,car,0 days 00:13:48.084000,0 days 01:09:24.692000
2024-05-19 13:17:04.878,10731,268,7,100,False,0,car,0 days 00:13:48.284000,0 days 01:09:24.892000
2024-05-19 13:17:05.078,10836,270,7,100,False,0,car,0 days 00:13:48.484000,0 days 01:09:25.092000
2024-05-19 13:17:05.318,10871,274,7,100,False,0,car,0 days 00:13:48.724000,0 days 01:09:25.332000
2024-05-19 13:17:05.518,10991,276,7,100,False,0,car,0 days 00:13:48.924000,0 days 01:09:25.532000
2024-05-19 13:17:05.958,11079,280,7,100,False,0,car,0 days 00:13:49.364000,0 days 01:09:25.972000
2024-05-19 13:17:06.358,11006,281,7,100,False,0,car,0 days 00:13:49.764000,0 days 01:09:26.372000
2024-05-19 13:17:06.718,11133,281,7,100,False,0,car,0 days 00:13:50.124000,0 days 01:09:26.732000
2024-05-19 13:17:06.918,10829,281,7,100,False,0,car,0 days 00:13:50.324000,0 days 01:09:26.932000
2024-05-19 13:17:07.198,10704,270,7,0,True,0,car,0 days 00:13:50.604000,0 days 01:09:27.212000
2024-05-19 13:17:07.518,10191,250,7,0,True,0,car,0 days 00:13:50.924000,0 days 01:09:27.532000
2024-05-19 13:17:07.718,10377,238,7,0,True,0,car,0 days 00:13:51.124000,0 days 01:09:27.732000
2024-05-19 13:17:07.918,10030,230,6,0,True,0,car,0 days 00:13:51.324000,0 days 01:09:27.932000
2024-05-19 13:17:08.238,9914,227,6,0,True,0,car,0 days 00:13:51.644000,0 days 01:09:28.252000
2024-05-19 13:17:08.439,9524,218,6,0,True,0,car,0 days 00:13:51.845000,0 days 01:09:28.453000
2024-05-19 13:17:08.599,8884,208,6,0,True,0,car,0 days 00:13:52.005000,0 days 01:09:28.613000
2024-05-19 13:17:08.839,9233,187,6,0,True,0,car,0 days 00:13:52.245000,0 days 01:09:28.853000
2024-05-19 13:17:08.999,8808,178,5,0,True,0,car,0 days 00:13:52.405000,0 days 01:09:29.013000
2024-05-19 13:17:09.359,8561,172,5,0,False,0,car,0 days 00:13:52.765000,0 days 01:09:29.373000
2024-05-19 13:17:09.519,8517,164,5,0,False,0,car,0 days 00:13:52.925000,0 days 01:09:29.533000
2024-05-19 13:17:09.718,8768,163,5,18,False,0,car,0 days 00:13:53.124000,0 days 01:09:29.732000
2024-05-19 13:17:09.998,8835,167,5,65,False,0,car,0 days 00:13:53.404000,0 days 01:09:30.012000
2024-05-19 13:17:10.318,9100,171,5,80,False,0,car,0 days 00:13:53.724000,0 days 01:09:30.332000
2024-05-19 13:17:10.518,9409,176,5,100,False,0,car,0 days 00:13:53.924000,0 days 01:09:30.532000
2024-05-19 13:17:10.838,10134,185,5,100,False,0,car,0 days 00:13:54.244000,0 days 01:09:30.852000
2024-05-19 13:17:11.038,10170,191,5,100,False,0,car,0 days 00:13:54.444000,0 days 01:09:31.052000
2024-05-19 13:17:11.198,10276,195,5,100,False,0,car,0 days 00:13:54.604000,0 days 01:09:31.212000
2024-05-19 13:17:11.398,10433,202,5,100,False,0,car,0 days 00:13:54.804000,0 days 01:09:31.412000
2024-05-19 13:17:11.598,10547,204,5,100,False,0,car,0 days 00:13:55.004000,0 days 01:09:31.612000
2024-05-19 13:17:11.838,11094,213,5,100,False,0,car,0 days 00:13:55.244000,0 days 01:09:31.852000
2024-05-19 13:17:12.278,11435,222,5,100,False,0,car,0 days 00:13:55.684000,0 days 01:09:32.292000
2024-05-19 13:17:12.518,11546,226,5,100,False,0,car,0 days 00:13:55.924000,0 days 01:09:32.532000
2024-05-19 13:17:12.758,11621,227,5,100,False,0,car,0 days 00:13:56.164000,0 days 01:09:32.772000
2024-05-19 13:17:13.078,11176,230,5,13,True,0,car,0 days 00:13:56.484000,0 days 01:09:33.092000
2024-05-19 13:17:13.318,10667,210,5,0,True,0,car,0 days 00:13:56.724000,0 days 01:09:33.332000
2024-05-19 13:17:13.518,9570,191,5,0,True,0,car,0 days 00:13:56.924000,0 days 01:09:33.532000
2024-05-19 13:17:13.758,10112,173,4,0,True,0,car,0 days 00:13:57.164000,0 days 01:09:33.772000
2024-05-19 13:17:14.078,10734,154,3,0,True,0,car,0 days 00:13:57.484000,0 days 01:09:34.092000
2024-05-19 13:17:14.358,9544,136,3,0,True,0,car,0 days 00:13:57.764000,0 days 01:09:34.372000
2024-05-19 13:17:14.558,8844,127,3,0,True,0,car,0 days 00:13:57.964000,0 days 01:09:34.572000
2024-05-19 13:17:14.798,8063,116,3,0,True,0,car,0 days 00:13:58.204000,0 days 01:09:34.812000
2024-05-19 13:17:14.999,7743,110,3,0,True,0,car,0 days 00:13:58.405000,0 days 01:09:35.013000
2024-05-19 13:17:15.279,7196,106,3,0,False,0,car,0 days 00:13:58.685000,0 days 01:09:35.293000
2024-05-19 13:17:15.639,6907,97,3,0,False,0,car,0 days 00:13:59.045000,0 days 01:09:35.653000
2024-05-19 13:17:15.839,6816,95,3,0,False,0,car,0 days 00:13:59.245000,0 days 01:09:35.853000
2024-05-19 13:17:16.159,7037,93,3,23,False,0,car,0 days 00:13:59.565000,0 days 01:09:36.173000
2024-05-19 13:17:16.438,7304,96,3,37,False,0,car,0 days 00:13:59.844000,0 days 01:09:36.452000
2024-05-19 13:17:16.798,7715,102,3,49,False,0,car,0 days 00:14:00.204000,0 days 01:09:36.812000
2024-05-19 13:17:17.038,7966,107,3,56,False,0,car,0 days 00:14:00.444000,0 days 01:09:37.052000
2024-05-19 13:17:17.278,8862,107,3,68,False,0,car,0 days 00:14:00.684000,0 days 01:09:37.292000
2024-05-19 13:17:17.558,9241,121,3,80,False,0,car,0 days 00:14:00.964000,0 days 01:09:37.572000
2024-05-19 13:17:17.878,10541,134,3,99,False,0,car,0 days 00:14:01.284000,0 days 01:09:37.892000
2024-05-19 13:17:18.078,11298,143,3,100,False,0,car,0 days 00:14:01.484000,0 days 01:09:38.092000
2024-05-19 13:17:18.238,10738,152,3,100,False,0,car,0 days 00:14:01.644000,0 days 01:09:38.252000
2024-05-19 13:17:18.478,9914,160,4,100,False,0,car,0 days 00:14:01.884000,0 days 01:09:38.492000
2024-05-19 13:17:18.638,10474,169,4,100,False,0,car,0 days 00:14:02.044000,0 days 01:09:38.652000
2024-05-19 13:17:18.798,11008,176,4,100,False,0,car,0 days 00:14:02.204000,0 days 01:09:38.812000
2024-05-19 13:17:19.038,11078,184,4,100,False,0,car,0 days 00:14:02.444000,0 days 01:09:39.052000
2024-05-19 13:17:19.278,11718,187,4,100,False,0,car,0 days 00:14:02.684000,0 days 01:09:39.292000
2024-05-19 13:17:19.598,10993,202,4,100,False,0,car,0 days 00:14:03.004000,0 days 01:09:39.612000
2024-05-19 13:17:19.798,10733,208,5,100,False,0,car,0 days 00:14:03.204000,0 days 01:09:39.812000
2024-05-19 13:17:20.118,11186,216,5,100,False,0,car,0 days 00:14:03.524000,0 days 01:09:40.132000
2024-05-19 13:17:20.398,11548,223,5,100,False,0,car,0 days 00:14:03.804000,0 days 01:09:40.412000
2024-05-19 13:17:20.678,11788,228,5,100,False,0,car,0 days 00:14:04.084000,0 days 01:09:40.692000
2024-05-19 13:17:20.878,11886,232,5,100,False,0,car,0 days 00:14:04.284000,0 days 01:09:40.892000
2024-05-19 13:17:21.198,10778,238,6,100,False,0,car,0 days 00:14:04.604000,0 days 01:09:41.212000
2024-05-19 13:17:21.398,10976,243,6,100,False,0,car,0 days 00:14:04.804000,0 days 01:09:41.412000
2024-05-19 13:17:21.559,11029,245,6,100,False,0,car,0 days 00:14:04.965000,0 days 01:09:41.573000
2024-05-19 13:17:22.039,11326,253,6,100,False,0,car,0 days 00:14:05.445000,0 days 01:09:42.053000
2024-05-19 13:17:22.279,11399,255,6,100,False,0,car,0 days 00:14:05.685000,0 days 01:09:42.293000
2024-05-19 13:17:22.679,11550,258,6,100,False,0,car,0 days 00:14:06.085000,0 days 01:09:42.693000
2024-05-19 13:17:22.879,10710,262,6,100,False,0,car,0 days 00:14:06.285000,0 days 01:09:42.893000
2024-05-19 13:17:23.238,10625,265,7,100,False,0,car,0 days 00:14:06.644000,0 days 01:09:43.252000
2024-05-19 13:17:23.438,10660,266,7,100,False,0,car,0 days 00:14:06.844000,0 days 01:09:43.452000
2024-05-19 13:17:23.638,10607,267,7,100,False,0,car,0 days 00:14:07.044000,0 days 01:09:43.652000
2024-05-19 13:17:23.798,10671,267,7,100,False,0,car,0 days 00:14:07.204000,0 days 01:09:43.812000
2024-05-19 13:17:23.998,10600,268,7,100,False,0,car,0 days 00:14:07.404000,0 days 01:09:44.012000
2024-05-19 13:17:24.198,10688,269,7,100,False,0,car,0 days 00:14:07.604000,0 days 01:09:44.212000
2024-05-19 13:17:24.478,10662,269,7,100,False,0,car,0 days 00:14:07.884000,0 days 01:09:44.492000
2024-05-19 13:17:24.798,10659,269,7,100,False,0,car,0 days 00:14:08.204000,0 days 01:09:44.812000
2024-05-19 13:17:24.958,10651,270,7,90,False,0,car,0 days 00:14:08.364000,0 days 01:09:44.972000
2024-05-19 13:17:25.118,10173,265,7,0,True,0,car,0 days 00:14:08.524000,0 days 01:09:45.132000
2024-05-19 13:17:25.838,10968,217,7,0,True,0,car,0 days 00:14:09.244000,0 days 01:09:45.852000
2024-05-19 13:17:26.238,10436,208,5,7,False,0,car,0 days 00:14:09.644000,0 days 01:09:46.252000
2024-05-19 13:17:26.398,10442,204,5,23,False,0,car,0 days 00:14:09.804000,0 days 01:09:46.412000
2024-05-19 13:17:26.598,10282,200,5,50,False,0,car,0 days 00:14:10.004000,0 days 01:09:46.612000
2024-05-19 13:17:26.838,10605,201,5,84,False,0,car,0 days 00:14:10.244000,0 days 01:09:46.852000
2024-05-19 13:17:27.278,11165,207,5,100,False,0,car,0 days 00:14:10.684000,0 days 01:09:47.292000
2024-05-19 13:17:27.478,11201,212,5,100,False,0,car,0 days 00:14:10.884000,0 days 01:09:47.492000
2024-05-19 13:17:27.678,11341,216,5,100,False,0,car,0 days 00:14:11.084000,0 days 01:09:47.692000
2024-05-19 13:17:28.119,10471,228,5,100,False,0,car,0 days 00:14:11.525000,0 days 01:09:48.133000
2024-05-19 13:17:28.319,10437,231,6,100,False,0,car,0 days 00:14:11.725000,0 days 01:09:48.333000
2024-05-19 13:17:28.719,10836,240,6,100,False,0,car,0 days 00:14:12.125000,0 days 01:09:48.733000
2024-05-19 13:17:29.159,11155,247,6,100,False,0,car,0 days 00:14:12.565000,0 days 01:09:49.173000
2024-05-19 13:17:29.519,11376,253,6,100,False,0,car,0 days 00:14:12.925000,0 days 01:09:49.533000
2024-05-19 13:17:29.918,11134,261,6,100,False,0,car,0 days 00:14:13.324000,0 days 01:09:49.932000
2024-05-19 13:17:30.358,10550,264,7,100,False,0,car,0 days 00:14:13.764000,0 days 01:09:50.372000
2024-05-19 13:17:30.598,10594,266,7,100,False,0,car,0 days 00:14:14.004000,0 days 01:09:50.612000
2024-05-19 13:17:30.918,10667,269,7,100,False,0,car,0 days 00:14:14.324000,0 days 01:09:50.932000
2024-05-19 13:17:31.118,10754,270,7,100,False,0,car,0 days 00:14:14.524000,0 days 01:09:51.132000
2024-05-19 13:17:31.358,10732,271,7,100,False,0,car,0 days 00:14:14.764000,0 days 01:09:51.372000
2024-05-19 13:17:31.798,10716,268,7,0,False,0,car,0 days 00:14:15.204000,0 days 01:09:51.812000
2024-05-19 13:17:32.198,9960,260,7,0,False,0,car,0 days 00:14:15.604000,0 days 01:09:52.212000
2024-05-19 13:17:32.358,9995,257,7,0,False,0,car,0 days 00:14:15.764000,0 days 01:09:52.372000
2024-05-19 13:17:32.558,9741,253,7,0,True,0,car,0 days 00:14:15.964000,0 days 01:09:52.572000
2024-05-19 13:17:32.838,9492,237,7,0,True,0,car,0 days 00:14:16.244000,0 days 01:09:52.852000
2024-05-19 13:17:32.998,9419,226,7,0,True,0,car,0 days 00:14:16.404000,0 days 01:09:53.012000
2024-05-19 13:17:33.238,9844,198,6,0,True,0,car,0 days 00:14:16.644000,0 days 01:09:53.252000
2024-05-19 13:17:33.478,9737,181,5,0,True,0,car,0 days 00:14:16.884000,0 days 01:09:53.492000
2024-05-19 13:17:33.758,9585,159,4,0,True,0,car,0 days 00:14:17.164000,0 days 01:09:53.772000
2024-05-19 13:17:34.078,8309,145,4,0,True,0,car,0 days 00:14:17.484000,0 days 01:09:54.092000
2024-05-19 13:17:34.438,7873,135,4,0,True,0,car,0 days 00:14:17.844000,0 days 01:09:54.452000
2024-05-19 13:17:34.678,7661,134,4,1,False,0,car,0 days 00:14:18.084000,0 days 01:09:54.692000
2024-05-19 13:17:35.079,7890,126,4,39,False,0,car,0 days 00:14:18.485000,0 days 01:09:55.093000
2024-05-19 13:17:35.359,8318,128,4,68,False,0,car,0 days 00:14:18.765000,0 days 01:09:55.373000
2024-05-19 13:17:35.679,8761,137,4,79,False,0,car,0 days 00:14:19.085000,0 days 01:09:55.693000
2024-05-19 13:17:35.839,9213,145,4,100,False,0,car,0 days 00:14:19.245000,0 days 01:09:55.853000
2024-05-19 13:17:36.279,10276,160,4,100,False,0,car,0 days 00:14:19.685000,0 days 01:09:56.293000
2024-05-19 13:17:36.558,10890,169,4,100,False,0,car,0 days 00:14:19.964000,0 days 01:09:56.572000
2024-05-19 13:17:36.958,11350,184,4,100,False,0,car,0 days 00:14:20.364000,0 days 01:09:56.972000
2024-05-19 13:17:37.118,11689,191,4,100,False,0,car,0 days 00:14:20.524000,0 days 01:09:57.132000
2024-05-19 13:17:37.438,11072,199,4,100,False,0,car,0 days 00:14:20.844000,0 days 01:09:57.452000
2024-05-19 13:17:37.718,10681,207,5,100,False,0,car,0 days 00:14:21.124000,0 days 01:09:57.732000
2024-05-19 13:17:37.998,11177,215,5,100,False,0,car,0 days 00:14:21.404000,0 days 01:09:58.012000
2024-05-19 13:17:38.198,11245,221,5,100,False,0,car,0 days 00:14:21.604000,0 days 01:09:58.212000
2024-05-19 13:17:38.478,11600,225,5,100,False,0,car,0 days 00:14:21.884000,0 days 01:09:58.492000
2024-05-19 13:17:38.638,11109,230,5,100,False,0,car,0 days 00:14:22.044000,0 days 01:09:58.652000
2024-05-19 13:17:38.998,10771,238,6,100,False,0,car,0 days 00:14:22.404000,0 days 01:09:59.012000
2024-05-19 13:17:39.438,11000,246,6,100,False,0,car,0 days 00:14:22.844000,0 days 01:09:59.452000
2024-05-19 13:17:39.598,11151,248,6,100,False,0,car,0 days 00:14:23.004000,0 days 01:09:59.612000
2024-05-19 13:17:39.878,11362,252,6,100,False,0,car,0 days 00:14:23.284000,0 days 01:09:59.892000
2024-05-19 13:17:40.198,11517,257,6,100,False,0,car,0 days 00:14:23.604000,0 days 01:10:00.212000
2024-05-19 13:17:40.518,11572,258,6,100,False,0,car,0 days 00:14:23.924000,0 days 01:10:00.532000
2024-05-19 13:17:40.798,11519,259,6,100,False,0,car,0 days 00:14:24.204000,0 days 01:10:00.812000
2024-05-19 13:17:40.958,11562,259,6,100,False,0,car,0 days 00:14:24.364000,0 days 01:10:00.972000
2024-05-19 13:17:41.198,11586,260,6,100,False,0,car,0 days 00:14:24.604000,0 days 01:10:01.212000
2024-05-19 13:17:41.479,11165,260,6,7,False,0,car,0 days 00:14:24.885000,0 days 01:10:01.493000
2024-05-19 13:17:41.719,11145,250,6,0,True,0,car,0 days 00:14:25.125000,0 days 01:10:01.733000
2024-05-19 13:17:42.079,10230,217,6,0,True,0,car,0 days 00:14:25.485000,0 days 01:10:02.093000
2024-05-19 13:17:42.319,9205,187,6,0,True,0,car,0 days 00:14:25.725000,0 days 01:10:02.333000
2024-05-19 13:17:42.639,9175,159,5,0,True,0,car,0 days 00:14:26.045000,0 days 01:10:02.653000
2024-05-19 13:17:42.959,8245,142,4,0,True,0,car,0 days 00:14:26.365000,0 days 01:10:02.973000
2024-05-19 13:17:43.119,7735,133,4,0,True,0,car,0 days 00:14:26.525000,0 days 01:10:03.133000
2024-05-19 13:17:43.278,7482,128,4,0,True,0,car,0 days 00:14:26.684000,0 days 01:10:03.292000
2024-05-19 13:17:43.438,7482,122,4,0,True,0,car,0 days 00:14:26.844000,0 days 01:10:03.452000
2024-05-19 13:17:43.718,7081,114,4,0,False,0,car,0 days 00:14:27.124000,0 days 01:10:03.732000
2024-05-19 13:17:43.918,6620,115,4,0,False,0,car,0 days 00:14:27.324000,0 days 01:10:03.932000
2024-05-19 13:17:44.198,7791,112,4,1,True,0,car,0 days 00:14:27.604000,0 days 01:10:04.212000
2024-05-19 13:17:44.398,7460,109,3,0,False,0,car,0 days 00:14:27.804000,0 days 01:10:04.412000
2024-05-19 13:17:44.678,7420,104,3,0,False,0,car,0 days 00:14:28.084000,0 days 01:10:04.692000
2024-05-19 13:17:44.918,7669,102,3,15,False,0,car,0 days 00:14:28.324000,0 days 01:10:04.932000
2024-05-19 13:17:45.118,7786,102,3,28,False,0,car,0 days 00:14:28.524000,0 days 01:10:05.132000
2024-05-19 13:17:45.358,7963,104,3,46,False,0,car,0 days 00:14:28.764000,0 days 01:10:05.372000
2024-05-19 13:17:45.758,8774,114,3,69,False,0,car,0 days 00:14:29.164000,0 days 01:10:05.772000
2024-05-19 13:17:46.038,9334,125,3,69,False,0,car,0 days 00:14:29.444000,0 days 01:10:06.052000
2024-05-19 13:17:46.238,10342,134,3,92,False,0,car,0 days 00:14:29.644000,0 days 01:10:06.252000
2024-05-19 13:17:46.638,10673,152,3,100,False,0,car,0 days 00:14:30.044000,0 days 01:10:06.652000
2024-05-19 13:17:46.838,9760,161,4,100,False,0,car,0 days 00:14:30.244000,0 days 01:10:06.852000
2024-05-19 13:17:47.158,10881,170,4,100,False,0,car,0 days 00:14:30.564000,0 days 01:10:07.172000
2024-05-19 13:17:47.318,11111,182,4,100,False,0,car,0 days 00:14:30.724000,0 days 01:10:07.332000
2024-05-19 13:17:47.518,11517,188,4,100,False,0,car,0 days 00:14:30.924000,0 days 01:10:07.532000
2024-05-19 13:17:47.919,11428,201,4,100,False,0,car,0 days 00:14:31.325000,0 days 01:10:07.933000
2024-05-19 13:17:48.159,10787,208,5,100,False,0,car,0 days 00:14:31.565000,0 days 01:10:08.173000
2024-05-19 13:17:48.519,11045,219,5,100,False,0,car,0 days 00:14:31.925000,0 days 01:10:08.533000
2024-05-19 13:17:48.879,11751,226,5,100,False,0,car,0 days 00:14:32.285000,0 days 01:10:08.893000
2024-05-19 13:17:49.359,10573,237,6,100,False,0,car,0 days 00:14:32.765000,0 days 01:10:09.373000
2024-05-19 13:17:49.719,11055,245,6,100,False,0,car,0 days 00:14:33.125000,0 days 01:10:09.733000
2024-05-19 13:17:50.158,11364,252,6,100,False,0,car,0 days 00:14:33.564000,0 days 01:10:10.172000
2024-05-19 13:17:50.318,11366,255,6,100,False,0,car,0 days 00:14:33.724000,0 days 01:10:10.332000
2024-05-19 13:17:50.558,11451,258,6,100,False,0,car,0 days 00:14:33.964000,0 days 01:10:10.572000
2024-05-19 13:17:50.798,11402,262,6,100,False,0,car,0 days 00:14:34.204000,0 days 01:10:10.812000
2024-05-19 13:17:51.078,10601,265,7,100,False,0,car,0 days 00:14:34.484000,0 days 01:10:11.092000
2024-05-19 13:17:51.398,10746,270,7,100,False,0,car,0 days 00:14:34.804000,0 days 01:10:11.412000
2024-05-19 13:17:51.598,10746,272,7,100,False,0,car,0 days 00:14:35.004000,0 days 01:10:11.612000
2024-05-19 13:17:51.798,10854,274,7,100,False,0,car,0 days 00:14:35.204000,0 days 01:10:11.812000
2024-05-19 13:17:52.078,11003,276,7,100,False,0,car,0 days 00:14:35.484000,0 days 01:10:12.092000
2024-05-19 13:17:52.238,11112,279,7,100,False,0,car,0 days 00:14:35.644000,0 days 01:10:12.252000
2024-05-19 13:17:52.518,11095,280,7,100,False,0,car,0 days 00:14:35.924000,0 days 01:10:12.532000
2024-05-19 13:17:52.718,11095,281,7,100,False,0,car,0 days 00:14:36.124000,0 days 01:10:12.732000
2024-05-19 13:17:52.918,11235,285,7,100,False,0,car,0 days 00:14:36.324000,0 days 01:10:12.932000
2024-05-19 13:17:53.238,11324,285,7,100,False,0,car,0 days 00:14:36.644000,0 days 01:10:13.252000
2024-05-19 13:17:53.558,11529,288,7,100,False,0,car,0 days 00:14:36.964000,0 days 01:10:13.572000
2024-05-19 13:17:53.798,11603,292,7,100,False,0,car,0 days 00:14:37.204000,0 days 01:10:13.812000
2024-05-19 13:17:54.038,11451,291,7,100,False,0,car,0 days 00:14:37.444000,0 days 01:10:14.052000
2024-05-19 13:17:54.238,11453,290,7,100,False,0,car,0 days 00:14:37.644000,0 days 01:10:14.252000
2024-05-19 13:17:54.439,11374,289,7,100,False,0,car,0 days 00:14:37.845000,0 days 01:10:14.453000
2024-05-19 13:17:54.639,11041,287,7,9,False,0,car,0 days 00:14:38.045000,0 days 01:10:14.653000
2024-05-19 13:17:54.959,10538,272,7,0,True,0,car,0 days 00:14:38.365000,0 days 01:10:14.973000
2024-05-19 13:17:55.239,10126,238,7,0,True,0,car,0 days 00:14:38.645000,0 days 01:10:15.253000
2024-05-19 13:17:55.439,10354,214,7,0,True,0,car,0 days 00:14:38.845000,0 days 01:10:15.453000
2024-05-19 13:17:55.639,10766,195,7,0,True,0,car,0 days 00:14:39.045000,0 days 01:10:15.653000
2024-05-19 13:17:55.799,10798,175,5,0,True,0,car,0 days 00:14:39.205000,0 days 01:10:15.813000
2024-05-19 13:17:56.159,10573,152,4,0,True,0,car,0 days 00:14:39.565000,0 days 01:10:16.173000
2024-05-19 13:17:56.439,9593,136,3,0,True,0,car,0 days 00:14:39.845000,0 days 01:10:16.453000
2024-05-19 13:17:56.678,8938,128,3,0,True,0,car,0 days 00:14:40.084000,0 days 01:10:16.692000
2024-05-19 13:17:56.878,8594,124,3,0,True,0,car,0 days 00:14:40.284000,0 days 01:10:16.892000
2024-05-19 13:17:57.038,8366,119,3,0,True,0,car,0 days 00:14:40.444000,0 days 01:10:17.052000
2024-05-19 13:17:57.278,8086,117,3,0,False,0,car,0 days 00:14:40.684000,0 days 01:10:17.292000
2024-05-19 13:17:57.518,8121,113,3,4,False,0,car,0 days 00:14:40.924000,0 days 01:10:17.532000
2024-05-19 13:17:57.718,8231,111,3,36,False,0,car,0 days 00:14:41.124000,0 days 01:10:17.732000
2024-05-19 13:17:57.958,8618,114,3,46,False,0,car,0 days 00:14:41.364000,0 days 01:10:17.972000
2024-05-19 13:17:58.198,9192,117,3,57,False,0,car,0 days 00:14:41.604000,0 days 01:10:18.212000
2024-05-19 13:17:58.438,9186,125,3,62,False,0,car,0 days 00:14:41.844000,0 days 01:10:18.452000
2024-05-19 13:17:58.718,10143,133,3,74,False,0,car,0 days 00:14:42.124000,0 days 01:10:18.732000
2024-05-19 13:17:58.918,10368,139,3,72,False,0,car,0 days 00:14:42.324000,0 days 01:10:18.932000
2024-05-19 13:17:59.238,9522,152,3,100,False,0,car,0 days 00:14:42.644000,0 days 01:10:19.252000
2024-05-19 13:17:59.518,9426,160,4,9,True,0,car,0 days 00:14:42.924000,0 days 01:10:19.532000
2024-05-19 13:17:59.718,8856,152,4,0,True,0,car,0 days 00:14:43.124000,0 days 01:10:19.732000
2024-05-19 13:17:59.998,8602,146,4,0,True,0,car,0 days 00:14:43.404000,0 days 01:10:20.012000
2024-05-19 13:18:00.198,8515,143,4,0,False,0,car,0 days 00:14:43.604000,0 days 01:10:20.212000
2024-05-19 13:18:00.358,8293,142,4,0,False,0,car,0 days 00:14:43.764000,0 days 01:10:20.372000
2024-05-19 13:18:00.678,8347,135,4,37,False,0,car,0 days 00:14:44.084000,0 days 01:10:20.692000
2024-05-19 13:18:01.119,8663,140,4,54,False,0,car,0 days 00:14:44.525000,0 days 01:10:21.133000
2024-05-19 13:18:01.439,9116,145,4,67,False,0,car,0 days 00:14:44.845000,0 days 01:10:21.453000
2024-05-19 13:18:01.679,9788,150,4,85,False,0,car,0 days 00:14:45.085000,0 days 01:10:21.693000
2024-05-19 13:18:01.879,10160,157,4,94,False,0,car,0 days 00:14:45.285000,0 days 01:10:21.893000
2024-05-19 13:18:02.159,10390,169,4,100,False,0,car,0 days 00:14:45.565000,0 days 01:10:22.173000
2024-05-19 13:18:02.519,11353,184,4,100,False,0,car,0 days 00:14:45.925000,0 days 01:10:22.533000
2024-05-19 13:18:02.799,11073,187,4,100,False,0,car,0 days 00:14:46.205000,0 days 01:10:22.813000
2024-05-19 13:18:03.039,10464,200,4,100,False,0,car,0 days 00:14:46.445000,0 days 01:10:23.053000
2024-05-19 13:18:03.398,10799,211,5,100,False,0,car,0 days 00:14:46.804000,0 days 01:10:23.412000
2024-05-19 13:18:03.598,11219,217,5,100,False,0,car,0 days 00:14:47.004000,0 days 01:10:23.612000
2024-05-19 13:18:03.758,11306,220,5,100,False,0,car,0 days 00:14:47.164000,0 days 01:10:23.772000
2024-05-19 13:18:04.158,11741,229,5,100,False,0,car,0 days 00:14:47.564000,0 days 01:10:24.172000
2024-05-19 13:18:04.398,10761,235,5,100,False,0,car,0 days 00:14:47.804000,0 days 01:10:24.412000
2024-05-19 13:18:04.718,10854,241,6,100,False,0,car,0 days 00:14:48.124000,0 days 01:10:24.732000
2024-05-19 13:18:05.038,11101,245,6,100,False,0,car,0 days 00:14:48.444000,0 days 01:10:25.052000
2024-05-19 13:18:05.238,11170,251,6,100,False,0,car,0 days 00:14:48.644000,0 days 01:10:25.252000
2024-05-19 13:18:05.678,11567,257,6,100,False,0,car,0 days 00:14:49.084000,0 days 01:10:25.692000
2024-05-19 13:18:05.918,11438,262,6,100,False,0,car,0 days 00:14:49.324000,0 days 01:10:25.932000
2024-05-19 13:18:06.318,10636,266,7,100,False,0,car,0 days 00:14:49.724000,0 days 01:10:26.332000
2024-05-19 13:18:06.518,10749,269,7,100,False,0,car,0 days 00:14:49.924000,0 days 01:10:26.532000
2024-05-19 13:18:06.718,10827,271,7,100,False,0,car,0 days 00:14:50.124000,0 days 01:10:26.732000
2024-05-19 13:18:06.998,10910,276,7,100,False,0,car,0 days 00:14:50.404000,0 days 01:10:27.012000
2024-05-19 13:18:07.158,11004,276,7,100,False,0,car,0 days 00:14:50.564000,0 days 01:10:27.172000
2024-05-19 13:18:07.438,11071,279,7,100,False,0,car,0 days 00:14:50.844000,0 days 01:10:27.452000
2024-05-19 13:18:07.679,11247,282,7,100,False,0,car,0 days 00:14:51.085000,0 days 01:10:27.693000
2024-05-19 13:18:07.919,11238,284,7,100,False,0,car,0 days 00:14:51.325000,0 days 01:10:27.933000
2024-05-19 13:18:08.319,11405,286,7,100,False,0,car,0 days 00:14:51.725000,0 days 01:10:28.333000
2024-05-19 13:18:08.559,11441,289,7,100,False,0,car,0 days 00:14:51.965000,0 days 01:10:28.573000
2024-05-19 13:18:08.759,11487,290,7,100,False,0,car,0 days 00:14:52.165000,0 days 01:10:28.773000
2024-05-19 13:18:08.919,11604,291,7,100,False,0,car,0 days 00:14:52.325000,0 days 01:10:28.933000
2024-05-19 13:18:09.359,10976,294,7,100,False,0,car,0 days 00:14:52.765000,0 days 01:10:29.373000
2024-05-19 13:18:09.519,10534,296,8,100,False,0,car,0 days 00:14:52.925000,0 days 01:10:29.533000
2024-05-19 13:18:09.679,10569,296,8,100,False,0,car,0 days 00:14:53.085000,0 days 01:10:29.693000
2024-05-19 13:18:09.999,10599,298,8,100,False,0,car,0 days 00:14:53.405000,0 days 01:10:30.013000
2024-05-19 13:18:10.198,10674,300,8,100,False,0,car,0 days 00:14:53.604000,0 days 01:10:30.212000
2024-05-19 13:18:10.478,10697,300,8,100,False,0,car,0 days 00:14:53.884000,0 days 01:10:30.492000
2024-05-19 13:18:11.198,10846,304,8,100,False,0,car,0 days 00:14:54.604000,0 days 01:10:31.212000
2024-05-19 13:18:11.398,10870,305,8,100,False,0,car,0 days 00:14:54.804000,0 days 01:10:31.412000
2024-05-19 13:18:11.718,10905,306,8,100,False,0,car,0 days 00:14:55.124000,0 days 01:10:31.732000
2024-05-19 13:18:12.038,10936,307,8,100,False,0,car,0 days 00:14:55.444000,0 days 01:10:32.052000
2024-05-19 13:18:12.358,10962,308,8,100,False,0,car,0 days 00:14:55.764000,0 days 01:10:32.372000
2024-05-19 13:18:12.718,10919,309,8,100,False,0,car,0 days 00:14:56.124000,0 days 01:10:32.732000
2024-05-19 13:18:13.198,11024,310,8,100,False,0,car,0 days 00:14:56.604000,0 days 01:10:33.212000
2024-05-19 13:18:13.518,11026,310,8,100,False,0,car,0 days 00:14:56.924000,0 days 01:10:33.532000
2024-05-19 13:18:13.758,11052,311,8,100,False,0,car,0 days 00:14:57.164000,0 days 01:10:33.772000
2024-05-19 13:18:13.998,10973,308,8,100,False,0,car,0 days 00:14:57.404000,0 days 01:10:34.012000
2024-05-19 13:18:14.359,10921,309,8,100,False,0,car,0 days 00:14:57.765000,0 days 01:10:34.373000
2024-05-19 13:18:14.639,10936,308,8,100,False,0,car,0 days 00:14:58.045000,0 days 01:10:34.653000
2024-05-19 13:18:14.959,10924,307,8,100,False,0,car,0 days 00:14:58.365000,0 days 01:10:34.973000
2024-05-19 13:18:15.199,10915,306,8,100,False,0,car,0 days 00:14:58.605000,0 days 01:10:35.213000
2024-05-19 13:18:15.359,10837,306,8,100,False,0,car,0 days 00:14:58.765000,0 days 01:10:35.373000
2024-05-19 13:18:15.559,10838,305,8,100,False,0,car,0 days 00:14:58.965000,0 days 01:10:35.573000
2024-05-19 13:18:15.719,10838,305,8,100,False,0,car,0 days 00:14:59.125000,0 days 01:10:35.733000
2024-05-19 13:18:15.959,10809,304,8,100,False,0,car,0 days 00:14:59.365000,0 days 01:10:35.973000
2024-05-19 13:18:16.159,10756,303,8,100,False,0,car,0 days 00:14:59.565000,0 days 01:10:36.173000
2024-05-19 13:18:16.439,10748,302,8,100,False,0,car,0 days 00:14:59.845000,0 days 01:10:36.453000
2024-05-19 13:18:16.639,10662,301,8,100,False,0,car,0 days 00:15:00.045000,0 days 01:10:36.653000
2024-05-19 13:18:16.838,10564,299,8,100,False,0,car,0 days 00:15:00.244000,0 days 01:10:36.852000
2024-05-19 13:18:17.038,10317,294,8,0,False,0,car,0 days 00:15:00.444000,0 days 01:10:37.052000
2024-05-19 13:18:17.358,9846,265,8,0,True,0,car,0 days 00:15:00.764000,0 days 01:10:37.372000
2024-05-19 13:18:17.678,9699,229,8,0,True,0,car,0 days 00:15:01.084000,0 days 01:10:37.692000
2024-05-19 13:18:17.958,10122,200,7,0,True,0,car,0 days 00:15:01.364000,0 days 01:10:37.972000
2024-05-19 13:18:18.278,10156,177,5,0,True,0,car,0 days 00:15:01.684000,0 days 01:10:38.292000
2024-05-19 13:18:18.438,9817,172,5,0,True,0,car,0 days 00:15:01.844000,0 days 01:10:38.452000
2024-05-19 13:18:18.758,9167,160,4,0,False,0,car,0 days 00:15:02.164000,0 days 01:10:38.772000
2024-05-19 13:18:18.958,9084,153,4,0,False,0,car,0 days 00:15:02.364000,0 days 01:10:38.972000
2024-05-19 13:18:19.158,8927,152,4,3,False,0,car,0 days 00:15:02.564000,0 days 01:10:39.172000
2024-05-19 13:18:19.398,8939,147,4,14,False,0,car,0 days 00:15:02.804000,0 days 01:10:39.412000
2024-05-19 13:18:19.678,9131,146,4,58,False,0,car,0 days 00:15:03.084000,0 days 01:10:39.692000
2024-05-19 13:18:19.958,9551,154,4,88,False,0,car,0 days 00:15:03.364000,0 days 01:10:39.972000
2024-05-19 13:18:20.118,9788,162,4,87,False,0,car,0 days 00:15:03.524000,0 days 01:10:40.132000
2024-05-19 13:18:20.358,9890,165,4,45,False,0,car,0 days 00:15:03.764000,0 days 01:10:40.372000
2024-05-19 13:18:20.558,10165,164,4,52,False,0,car,0 days 00:15:03.964000,0 days 01:10:40.572000
2024-05-19 13:18:21.039,10865,172,4,85,False,0,car,0 days 00:15:04.445000,0 days 01:10:41.053000
2024-05-19 13:18:21.359,11120,181,4,100,False,0,car,0 days 00:15:04.765000,0 days 01:10:41.373000
2024-05-19 13:18:21.679,11469,190,4,100,False,0,car,0 days 00:15:05.085000,0 days 01:10:41.693000
2024-05-19 13:18:21.999,10603,202,5,100,False,0,car,0 days 00:15:05.405000,0 days 01:10:42.013000
2024-05-19 13:18:22.279,10809,209,5,100,False,0,car,0 days 00:15:05.685000,0 days 01:10:42.293000
2024-05-19 13:18:22.439,11160,213,5,100,False,0,car,0 days 00:15:05.845000,0 days 01:10:42.453000
2024-05-19 13:18:22.599,11230,216,5,100,False,0,car,0 days 00:15:06.005000,0 days 01:10:42.613000
2024-05-19 13:18:22.799,11513,220,5,100,False,0,car,0 days 00:15:06.205000,0 days 01:10:42.813000
2024-05-19 13:18:22.959,11550,223,5,100,False,0,car,0 days 00:15:06.365000,0 days 01:10:42.973000
2024-05-19 13:18:23.279,10917,228,5,100,False,0,car,0 days 00:15:06.685000,0 days 01:10:43.293000
2024-05-19 13:18:23.558,10564,233,6,100,False,0,car,0 days 00:15:06.964000,0 days 01:10:43.572000
2024-05-19 13:18:23.878,10866,237,6,100,False,0,car,0 days 00:15:07.284000,0 days 01:10:43.892000
2024-05-19 13:18:24.118,11057,244,6,100,False,0,car,0 days 00:15:07.524000,0 days 01:10:44.132000
2024-05-19 13:18:24.358,11123,247,6,100,False,0,car,0 days 00:15:07.764000,0 days 01:10:44.372000
2024-05-19 13:18:24.598,11317,251,6,100,False,0,car,0 days 00:15:08.004000,0 days 01:10:44.612000
2024-05-19 13:18:24.918,11568,257,6,100,False,0,car,0 days 00:15:08.324000,0 days 01:10:44.932000
2024-05-19 13:18:25.278,11539,262,6,100,False,0,car,0 days 00:15:08.684000,0 days 01:10:45.292000
2024-05-19 13:18:25.518,10522,265,6,100,False,0,car,0 days 00:15:08.924000,0 days 01:10:45.532000
2024-05-19 13:18:25.798,10774,270,7,100,False,0,car,0 days 00:15:09.204000,0 days 01:10:45.812000
2024-05-19 13:18:26.078,10849,271,7,100,False,0,car,0 days 00:15:09.484000,0 days 01:10:46.092000
2024-05-19 13:18:26.318,10927,275,7,100,False,0,car,0 days 00:15:09.724000,0 days 01:10:46.332000
2024-05-19 13:18:26.478,11064,276,7,100,False,0,car,0 days 00:15:09.884000,0 days 01:10:46.492000
2024-05-19 13:18:26.838,11179,281,7,100,False,0,car,0 days 00:15:10.244000,0 days 01:10:46.852000
2024-05-19 13:18:27.078,11137,282,7,100,False,0,car,0 days 00:15:10.484000,0 days 01:10:47.092000
2024-05-19 13:18:27.319,11180,283,7,100,False,0,car,0 days 00:15:10.725000,0 days 01:10:47.333000
2024-05-19 13:18:27.559,11181,282,7,100,False,0,car,0 days 00:15:10.965000,0 days 01:10:47.573000
2024-05-19 13:18:27.799,11159,282,7,99,False,0,car,0 days 00:15:11.205000,0 days 01:10:47.813000
2024-05-19 13:18:28.159,10493,270,7,0,True,0,car,0 days 00:15:11.565000,0 days 01:10:48.173000
2024-05-19 13:18:28.359,9930,257,7,0,True,0,car,0 days 00:15:11.765000,0 days 01:10:48.373000
2024-05-19 13:18:28.599,10436,246,7,0,True,0,car,0 days 00:15:12.005000,0 days 01:10:48.613000
2024-05-19 13:18:28.879,10028,232,6,0,True,0,car,0 days 00:15:12.285000,0 days 01:10:48.893000
2024-05-19 13:18:29.039,9797,225,6,0,True,0,car,0 days 00:15:12.445000,0 days 01:10:49.053000
2024-05-19 13:18:29.279,9582,221,6,0,True,0,car,0 days 00:15:12.685000,0 days 01:10:49.293000
2024-05-19 13:18:29.479,9172,215,6,0,True,0,car,0 days 00:15:12.885000,0 days 01:10:49.493000
2024-05-19 13:18:29.679,9605,198,6,0,True,0,car,0 days 00:15:13.085000,0 days 01:10:49.693000
2024-05-19 13:18:29.959,8997,182,5,0,True,0,car,0 days 00:15:13.365000,0 days 01:10:49.973000
2024-05-19 13:18:30.278,8625,174,5,0,False,0,car,0 days 00:15:13.684000,0 days 01:10:50.292000
2024-05-19 13:18:30.678,8506,166,5,18,False,0,car,0 days 00:15:14.084000,0 days 01:10:50.692000
2024-05-19 13:18:30.838,8564,166,5,43,False,0,car,0 days 00:15:14.244000,0 days 01:10:50.852000
2024-05-19 13:18:31.318,9151,171,5,87,False,0,car,0 days 00:15:14.724000,0 days 01:10:51.332000
2024-05-19 13:18:31.518,9309,176,5,97,False,0,car,0 days 00:15:14.924000,0 days 01:10:51.532000
2024-05-19 13:18:31.718,9309,182,5,100,False,0,car,0 days 00:15:15.124000,0 days 01:10:51.732000
2024-05-19 13:18:31.878,9731,185,5,100,False,0,car,0 days 00:15:15.284000,0 days 01:10:51.892000
2024-05-19 13:18:32.078,10276,191,5,100,False,0,car,0 days 00:15:15.484000,0 days 01:10:52.092000
2024-05-19 13:18:32.238,10468,197,5,100,False,0,car,0 days 00:15:15.644000,0 days 01:10:52.252000
2024-05-19 13:18:32.518,10643,205,5,100,False,0,car,0 days 00:15:15.924000,0 days 01:10:52.532000
2024-05-19 13:18:32.918,10949,215,5,100,False,0,car,0 days 00:15:16.324000,0 days 01:10:52.932000
2024-05-19 13:18:33.118,11013,219,5,100,False,0,car,0 days 00:15:16.524000,0 days 01:10:53.132000
2024-05-19 13:18:33.318,11307,221,5,100,False,0,car,0 days 00:15:16.724000,0 days 01:10:53.332000
2024-05-19 13:18:33.558,11401,222,5,100,False,0,car,0 days 00:15:16.964000,0 days 01:10:53.572000
2024-05-19 13:18:33.718,11509,225,5,100,False,0,car,0 days 00:15:17.124000,0 days 01:10:53.732000
2024-05-19 13:18:33.878,11585,225,5,67,False,0,car,0 days 00:15:17.284000,0 days 01:10:53.892000
2024-05-19 13:18:34.039,11038,226,5,0,False,0,car,0 days 00:15:17.445000,0 days 01:10:54.053000
2024-05-19 13:18:34.319,10354,203,5,0,True,0,car,0 days 00:15:17.725000,0 days 01:10:54.333000
2024-05-19 13:18:34.479,9417,194,5,0,True,0,car,0 days 00:15:17.885000,0 days 01:10:54.493000
2024-05-19 13:18:34.679,9439,177,5,0,True,0,car,0 days 00:15:18.085000,0 days 01:10:54.693000
2024-05-19 13:18:34.839,10113,161,5,0,True,0,car,0 days 00:15:18.245000,0 days 01:10:54.853000
2024-05-19 13:18:35.119,10073,144,4,0,True,0,car,0 days 00:15:18.525000,0 days 01:10:55.133000
2024-05-19 13:18:35.439,9222,134,3,0,True,0,car,0 days 00:15:18.845000,0 days 01:10:55.453000
2024-05-19 13:18:35.639,8537,127,3,0,True,0,car,0 days 00:15:19.045000,0 days 01:10:55.653000
2024-05-19 13:18:35.959,8012,114,3,0,True,0,car,0 days 00:15:19.365000,0 days 01:10:55.973000
2024-05-19 13:18:36.439,7247,105,3,0,False,0,car,0 days 00:15:19.845000,0 days 01:10:56.453000
2024-05-19 13:18:36.679,7045,101,3,0,False,0,car,0 days 00:15:20.085000,0 days 01:10:56.693000
2024-05-19 13:18:36.998,6975,94,3,9,False,0,car,0 days 00:15:20.404000,0 days 01:10:57.012000
2024-05-19 13:18:37.198,7042,95,3,21,False,0,car,0 days 00:15:20.604000,0 days 01:10:57.212000
2024-05-19 13:18:37.358,7304,95,3,32,False,0,car,0 days 00:15:20.764000,0 days 01:10:57.372000
2024-05-19 13:18:37.518,7418,98,3,32,False,0,car,0 days 00:15:20.924000,0 days 01:10:57.532000
2024-05-19 13:18:37.878,7729,102,3,45,False,0,car,0 days 00:15:21.284000,0 days 01:10:57.892000
2024-05-19 13:18:38.078,8035,106,3,51,False,0,car,0 days 00:15:21.484000,0 days 01:10:58.092000
2024-05-19 13:18:38.278,8398,110,3,58,False,0,car,0 days 00:15:21.684000,0 days 01:10:58.292000
2024-05-19 13:18:38.598,9626,122,3,81,False,0,car,0 days 00:15:22.004000,0 days 01:10:58.612000
2024-05-19 13:18:38.838,10204,131,3,82,False,0,car,0 days 00:15:22.244000,0 days 01:10:58.852000
2024-05-19 13:18:38.998,10973,135,3,100,False,0,car,0 days 00:15:22.404000,0 days 01:10:59.012000
2024-05-19 13:18:39.158,11336,144,3,100,False,0,car,0 days 00:15:22.564000,0 days 01:10:59.172000
2024-05-19 13:18:39.518,10239,161,3,100,False,0,car,0 days 00:15:22.924000,0 days 01:10:59.532000
2024-05-19 13:18:39.678,10336,164,4,100,False,0,car,0 days 00:15:23.084000,0 days 01:10:59.692000
2024-05-19 13:18:39.878,10442,173,4,100,False,0,car,0 days 00:15:23.284000,0 days 01:10:59.892000
2024-05-19 13:18:40.358,11540,191,4,100,False,0,car,0 days 00:15:23.764000,0 days 01:11:00.372000
2024-05-19 13:18:40.679,11992,200,4,100,False,0,car,0 days 00:15:24.085000,0 days 01:11:00.693000
2024-05-19 13:18:40.959,10781,208,5,100,False,0,car,0 days 00:15:24.365000,0 days 01:11:00.973000
2024-05-19 13:18:41.199,10781,216,5,100,False,0,car,0 days 00:15:24.605000,0 days 01:11:01.213000
2024-05-19 13:18:41.519,11397,224,5,100,False,0,car,0 days 00:15:24.925000,0 days 01:11:01.533000
2024-05-19 13:18:41.719,11763,226,5,100,False,0,car,0 days 00:15:25.125000,0 days 01:11:01.733000
2024-05-19 13:18:42.079,10590,234,6,100,False,0,car,0 days 00:15:25.485000,0 days 01:11:02.093000
2024-05-19 13:18:42.279,10729,238,6,100,False,0,car,0 days 00:15:25.685000,0 days 01:11:02.293000
2024-05-19 13:18:42.599,11034,245,6,100,False,0,car,0 days 00:15:26.005000,0 days 01:11:02.613000
2024-05-19 13:18:42.879,11223,248,6,100,False,0,car,0 days 00:15:26.285000,0 days 01:11:02.893000
2024-05-19 13:18:43.159,11337,253,6,100,False,0,car,0 days 00:15:26.565000,0 days 01:11:03.173000
2024-05-19 13:18:43.439,11384,256,6,100,False,0,car,0 days 00:15:26.845000,0 days 01:11:03.453000
2024-05-19 13:18:43.679,11587,259,6,100,False,0,car,0 days 00:15:27.085000,0 days 01:11:03.693000
2024-05-19 13:18:44.038,11170,261,6,100,False,0,car,0 days 00:15:27.444000,0 days 01:11:04.052000
2024-05-19 13:18:44.198,10486,263,7,100,False,0,car,0 days 00:15:27.604000,0 days 01:11:04.212000
2024-05-19 13:18:44.398,10481,264,7,100,False,0,car,0 days 00:15:27.804000,0 days 01:11:04.412000
2024-05-19 13:18:44.678,10552,265,7,100,False,0,car,0 days 00:15:28.084000,0 days 01:11:04.692000
2024-05-19 13:18:44.958,10632,266,7,100,False,0,car,0 days 00:15:28.364000,0 days 01:11:04.972000
2024-05-19 13:18:45.238,10555,267,7,100,False,0,car,0 days 00:15:28.644000,0 days 01:11:05.252000
2024-05-19 13:18:45.518,10623,268,7,100,False,0,car,0 days 00:15:28.924000,0 days 01:11:05.532000
2024-05-19 13:18:45.798,10577,268,7,100,False,0,car,0 days 00:15:29.204000,0 days 01:11:05.812000
2024-05-19 13:18:46.118,10335,269,7,83,True,0,car,0 days 00:15:29.524000,0 days 01:11:06.132000
2024-05-19 13:18:46.518,9901,249,7,0,True,0,car,0 days 00:15:29.924000,0 days 01:11:06.532000
2024-05-19 13:18:46.718,9957,233,7,0,True,0,car,0 days 00:15:30.124000,0 days 01:11:06.732000
2024-05-19 13:18:46.998,10599,212,6,0,True,0,car,0 days 00:15:30.404000,0 days 01:11:07.012000
2024-05-19 13:18:47.199,10459,208,5,1,True,0,car,0 days 00:15:30.605000,0 days 01:11:07.213000
2024-05-19 13:18:47.559,10319,201,5,52,False,0,car,0 days 00:15:30.965000,0 days 01:11:07.573000
2024-05-19 13:18:47.719,10373,199,5,71,False,0,car,0 days 00:15:31.125000,0 days 01:11:07.733000
2024-05-19 13:18:48.199,10742,205,5,85,False,0,car,0 days 00:15:31.605000,0 days 01:11:08.213000
2024-05-19 13:18:48.359,10789,205,5,100,False,0,car,0 days 00:15:31.765000,0 days 01:11:08.373000
2024-05-19 13:18:48.519,10897,210,5,100,False,0,car,0 days 00:15:31.925000,0 days 01:11:08.533000
2024-05-19 13:18:48.759,11339,214,5,100,False,0,car,0 days 00:15:32.165000,0 days 01:11:08.773000
2024-05-19 13:18:48.959,11478,219,5,100,False,0,car,0 days 00:15:32.365000,0 days 01:11:08.973000
2024-05-19 13:18:49.239,11614,226,5,100,False,0,car,0 days 00:15:32.645000,0 days 01:11:09.253000
2024-05-19 13:18:49.599,10921,234,5,100,False,0,car,0 days 00:15:33.005000,0 days 01:11:09.613000
2024-05-19 13:18:49.839,10778,236,6,100,False,0,car,0 days 00:15:33.245000,0 days 01:11:09.853000
2024-05-19 13:18:50.758,11387,254,6,100,False,0,car,0 days 00:15:34.164000,0 days 01:11:10.772000
2024-05-19 13:18:51.238,11854,263,6,100,False,0,car,0 days 00:15:34.644000,0 days 01:11:11.252000
2024-05-19 13:18:51.598,10920,265,6,100,False,0,car,0 days 00:15:35.004000,0 days 01:11:11.612000
2024-05-19 13:18:51.758,10553,267,7,100,False,0,car,0 days 00:15:35.164000,0 days 01:11:11.772000
2024-05-19 13:18:51.958,10705,269,7,100,False,0,car,0 days 00:15:35.364000,0 days 01:11:11.972000
2024-05-19 13:18:52.118,10643,270,7,100,False,0,car,0 days 00:15:35.524000,0 days 01:11:12.132000
2024-05-19 13:18:52.318,10798,271,7,100,False,0,car,0 days 00:15:35.724000,0 days 01:11:12.332000
2024-05-19 13:18:52.518,10781,272,7,100,False,0,car,0 days 00:15:35.924000,0 days 01:11:12.532000
2024-05-19 13:18:52.838,10667,271,7,15,False,0,car,0 days 00:15:36.244000,0 days 01:11:12.852000
2024-05-19 13:18:52.998,10553,271,7,0,True,0,car,0 days 00:15:36.404000,0 days 01:11:13.012000
2024-05-19 13:18:53.278,10105,261,7,0,False,0,car,0 days 00:15:36.684000,0 days 01:11:13.292000
2024-05-19 13:18:53.558,9812,255,7,0,True,0,car,0 days 00:15:36.964000,0 days 01:11:13.572000
2024-05-19 13:18:53.879,9258,255,7,0,True,0,car,0 days 00:15:37.285000,0 days 01:11:13.893000
2024-05-19 13:18:54.159,9586,227,7,0,True,0,car,0 days 00:15:37.565000,0 days 01:11:14.173000
2024-05-19 13:18:54.399,9674,188,6,0,True,0,car,0 days 00:15:37.805000,0 days 01:11:14.413000
2024-05-19 13:18:54.759,9397,171,4,0,True,0,car,0 days 00:15:38.165000,0 days 01:11:14.773000
2024-05-19 13:18:54.959,8836,151,4,0,True,0,car,0 days 00:15:38.365000,0 days 01:11:14.973000
2024-05-19 13:18:55.359,7820,134,4,0,True,0,car,0 days 00:15:38.765000,0 days 01:11:15.373000
2024-05-19 13:18:55.559,7574,130,4,0,False,0,car,0 days 00:15:38.965000,0 days 01:11:15.573000
2024-05-19 13:18:55.879,7658,123,4,11,False,0,car,0 days 00:15:39.285000,0 days 01:11:15.893000
2024-05-19 13:18:56.119,7559,120,4,29,False,0,car,0 days 00:15:39.525000,0 days 01:11:16.133000
2024-05-19 13:18:56.279,7559,120,4,41,False,0,car,0 days 00:15:39.685000,0 days 01:11:16.293000
2024-05-19 13:18:56.479,7807,125,4,62,False,0,car,0 days 00:15:39.885000,0 days 01:11:16.493000
2024-05-19 13:18:56.799,8775,138,4,100,False,0,car,0 days 00:15:40.205000,0 days 01:11:16.813000
2024-05-19 13:18:56.999,9335,144,4,100,False,0,car,0 days 00:15:40.405000,0 days 01:11:17.013000
2024-05-19 13:18:57.198,9655,154,4,100,False,0,car,0 days 00:15:40.604000,0 days 01:11:17.212000
2024-05-19 13:18:57.598,10525,165,4,100,False,0,car,0 days 00:15:41.004000,0 days 01:11:17.612000
2024-05-19 13:18:57.758,10525,170,4,100,False,0,car,0 days 00:15:41.164000,0 days 01:11:17.772000
2024-05-19 13:18:57.918,10981,177,4,100,False,0,car,0 days 00:15:41.324000,0 days 01:11:17.932000
2024-05-19 13:18:58.118,11320,183,4,100,False,0,car,0 days 00:15:41.524000,0 days 01:11:18.132000
2024-05-19 13:18:58.398,11831,193,4,100,False,0,car,0 days 00:15:41.804000,0 days 01:11:18.412000
2024-05-19 13:18:58.598,11057,193,4,100,False,0,car,0 days 00:15:42.004000,0 days 01:11:18.612000
2024-05-19 13:18:58.798,10643,204,4,100,False,0,car,0 days 00:15:42.204000,0 days 01:11:18.812000
2024-05-19 13:18:59.038,10885,209,5,100,False,0,car,0 days 00:15:42.444000,0 days 01:11:19.052000
2024-05-19 13:18:59.478,11317,217,5,100,False,0,car,0 days 00:15:42.884000,0 days 01:11:19.492000
2024-05-19 13:18:59.638,11510,225,5,100,False,0,car,0 days 00:15:43.044000,0 days 01:11:19.652000
2024-05-19 13:18:59.798,11574,228,5,100,False,0,car,0 days 00:15:43.204000,0 days 01:11:19.812000
2024-05-19 13:19:00.118,10588,235,6,100,False,0,car,0 days 00:15:43.524000,0 days 01:11:20.132000
2024-05-19 13:19:00.359,10820,239,6,100,False,0,car,0 days 00:15:43.765000,0 days 01:11:20.373000
2024-05-19 13:19:00.719,11083,246,6,100,False,0,car,0 days 00:15:44.125000,0 days 01:11:20.733000
2024-05-19 13:19:01.679,11233,254,6,100,False,0,car,0 days 00:15:45.085000,0 days 01:11:21.693000
2024-05-19 13:19:02.039,11430,255,6,100,False,0,car,0 days 00:15:45.445000,0 days 01:11:22.053000
2024-05-19 13:19:02.399,11454,257,6,100,False,0,car,0 days 00:15:45.805000,0 days 01:11:22.413000
2024-05-19 13:19:02.639,11300,256,6,46,False,0,car,0 days 00:15:46.045000,0 days 01:11:22.653000
2024-05-19 13:19:02.879,10802,252,6,0,True,0,car,0 days 00:15:46.285000,0 days 01:11:22.893000
2024-05-19 13:19:03.199,9835,215,6,0,True,0,car,0 days 00:15:46.605000,0 days 01:11:23.213000
2024-05-19 13:19:03.479,9775,196,6,0,True,0,car,0 days 00:15:46.885000,0 days 01:11:23.493000
2024-05-19 13:19:03.759,9967,171,5,0,True,0,car,0 days 00:15:47.165000,0 days 01:11:23.773000
2024-05-19 13:19:03.998,9370,156,4,0,True,0,car,0 days 00:15:47.404000,0 days 01:11:24.012000
2024-05-19 13:19:04.278,8131,139,4,0,True,0,car,0 days 00:15:47.684000,0 days 01:11:24.292000
2024-05-19 13:19:04.438,7574,129,4,0,True,0,car,0 days 00:15:47.844000,0 days 01:11:24.452000
2024-05-19 13:19:04.678,7312,125,4,0,True,0,car,0 days 00:15:48.084000,0 days 01:11:24.692000
2024-05-19 13:19:04.878,7339,125,4,0,False,0,car,0 days 00:15:48.284000,0 days 01:11:24.892000
2024-05-19 13:19:05.238,6848,114,4,0,False,0,car,0 days 00:15:48.644000,0 days 01:11:25.252000
2024-05-19 13:19:05.478,7845,109,3,0,True,0,car,0 days 00:15:48.884000,0 days 01:11:25.492000
2024-05-19 13:19:05.678,7645,111,3,0,False,0,car,0 days 00:15:49.084000,0 days 01:11:25.692000
2024-05-19 13:19:05.958,7375,104,3,1,False,0,car,0 days 00:15:49.364000,0 days 01:11:25.972000
2024-05-19 13:19:06.278,7254,101,3,23,False,0,car,0 days 00:15:49.684000,0 days 01:11:26.292000
2024-05-19 13:19:06.478,7776,102,3,31,False,0,car,0 days 00:15:49.884000,0 days 01:11:26.492000
2024-05-19 13:19:06.638,7802,104,3,32,False,0,car,0 days 00:15:50.044000,0 days 01:11:26.652000
2024-05-19 13:19:06.959,8222,109,3,55,False,0,car,0 days 00:15:50.365000,0 days 01:11:26.973000
2024-05-19 13:19:07.159,8782,115,3,78,False,0,car,0 days 00:15:50.565000,0 days 01:11:27.173000
2024-05-19 13:19:07.559,10637,132,3,100,False,0,car,0 days 00:15:50.965000,0 days 01:11:27.573000
2024-05-19 13:19:07.959,10817,152,3,100,False,0,car,0 days 00:15:51.365000,0 days 01:11:27.973000
2024-05-19 13:19:08.159,10023,160,4,100,False,0,car,0 days 00:15:51.565000,0 days 01:11:28.173000
2024-05-19 13:19:08.439,10748,173,4,100,False,0,car,0 days 00:15:51.845000,0 days 01:11:28.453000
2024-05-19 13:19:08.719,11277,183,4,100,False,0,car,0 days 00:15:52.125000,0 days 01:11:28.733000
2024-05-19 13:19:08.959,11623,191,4,100,False,0,car,0 days 00:15:52.365000,0 days 01:11:28.973000
2024-05-19 13:19:09.159,11943,197,4,100,False,0,car,0 days 00:15:52.565000,0 days 01:11:29.173000
2024-05-19 13:19:09.319,11943,204,4,100,False,0,car,0 days 00:15:52.725000,0 days 01:11:29.333000
2024-05-19 13:19:09.639,10972,209,5,100,False,0,car,0 days 00:15:53.045000,0 days 01:11:29.653000
2024-05-19 13:19:09.959,11352,218,5,100,False,0,car,0 days 00:15:53.365000,0 days 01:11:29.973000
2024-05-19 13:19:10.119,11449,223,5,100,False,0,car,0 days 00:15:53.525000,0 days 01:11:30.133000
2024-05-19 13:19:10.279,11694,225,5,100,False,0,car,0 days 00:15:53.685000,0 days 01:11:30.293000
2024-05-19 13:19:10.559,10866,234,5,100,False,0,car,0 days 00:15:53.965000,0 days 01:11:30.573000
2024-05-19 13:19:10.798,10865,238,6,100,False,0,car,0 days 00:15:54.204000,0 days 01:11:30.812000
2024-05-19 13:19:10.958,10942,238,6,100,False,0,car,0 days 00:15:54.364000,0 days 01:11:30.972000
2024-05-19 13:19:11.158,11076,246,6,100,False,0,car,0 days 00:15:54.564000,0 days 01:11:31.172000
2024-05-19 13:19:11.398,11287,251,6,100,False,0,car,0 days 00:15:54.804000,0 days 01:11:31.412000
2024-05-19 13:19:11.638,11384,254,6,100,False,0,car,0 days 00:15:55.044000,0 days 01:11:31.652000
2024-05-19 13:19:11.838,11528,257,6,100,False,0,car,0 days 00:15:55.244000,0 days 01:11:31.852000
2024-05-19 13:19:12.118,11709,262,6,100,False,0,car,0 days 00:15:55.524000,0 days 01:11:32.132000
2024-05-19 13:19:12.318,10729,264,6,100,False,0,car,0 days 00:15:55.724000,0 days 01:11:32.332000
2024-05-19 13:19:12.598,10687,267,7,100,False,0,car,0 days 00:15:56.004000,0 days 01:11:32.612000
2024-05-19 13:19:12.758,10764,269,7,100,False,0,car,0 days 00:15:56.164000,0 days 01:11:32.772000
2024-05-19 13:19:12.998,10855,273,7,100,False,0,car,0 days 00:15:56.404000,0 days 01:11:33.012000
2024-05-19 13:19:13.198,10974,275,7,100,False,0,car,0 days 00:15:56.604000,0 days 01:11:33.212000
2024-05-19 13:19:13.358,11035,277,7,100,False,0,car,0 days 00:15:56.764000,0 days 01:11:33.372000
2024-05-19 13:19:13.599,11022,278,7,100,False,0,car,0 days 00:15:57.005000,0 days 01:11:33.613000
2024-05-19 13:19:13.879,11207,278,7,100,False,0,car,0 days 00:15:57.285000,0 days 01:11:33.893000
2024-05-19 13:19:14.079,11207,283,7,100,False,0,car,0 days 00:15:57.485000,0 days 01:11:34.093000
2024-05-19 13:19:14.239,11264,285,7,100,False,0,car,0 days 00:15:57.645000,0 days 01:11:34.253000
2024-05-19 13:19:14.519,11400,289,7,100,False,0,car,0 days 00:15:57.925000,0 days 01:11:34.533000
2024-05-19 13:19:14.719,11462,290,7,100,False,0,car,0 days 00:15:58.125000,0 days 01:11:34.733000
2024-05-19 13:19:15.039,11408,290,7,100,False,0,car,0 days 00:15:58.445000,0 days 01:11:35.053000
2024-05-19 13:19:15.359,11381,289,7,100,False,0,car,0 days 00:15:58.765000,0 days 01:11:35.373000
2024-05-19 13:19:15.759,10900,288,7,16,False,0,car,0 days 00:15:59.165000,0 days 01:11:35.773000
2024-05-19 13:19:15.919,11190,284,7,0,False,0,car,0 days 00:15:59.325000,0 days 01:11:35.933000
2024-05-19 13:19:16.799,9708,201,7,0,True,0,car,0 days 00:16:00.205000,0 days 01:11:36.813000
2024-05-19 13:19:17.039,9706,182,7,0,True,0,car,0 days 00:16:00.445000,0 days 01:11:37.053000
2024-05-19 13:19:17.398,10310,151,4,0,True,0,car,0 days 00:16:00.804000,0 days 01:11:37.412000
2024-05-19 13:19:17.598,10054,138,3,0,True,0,car,0 days 00:16:01.004000,0 days 01:11:37.612000
2024-05-19 13:19:17.838,9131,138,3,0,True,0,car,0 days 00:16:01.244000,0 days 01:11:37.852000
2024-05-19 13:19:18.118,8413,121,3,0,True,0,car,0 days 00:16:01.524000,0 days 01:11:38.132000
2024-05-19 13:19:18.278,8351,119,3,0,True,0,car,0 days 00:16:01.684000,0 days 01:11:38.292000
2024-05-19 13:19:18.518,8215,114,3,1,False,0,car,0 days 00:16:01.924000,0 days 01:11:38.532000
2024-05-19 13:19:18.718,8183,111,3,8,False,0,car,0 days 00:16:02.124000,0 days 01:11:38.732000
2024-05-19 13:19:19.078,8581,112,3,43,False,0,car,0 days 00:16:02.484000,0 days 01:11:39.092000
2024-05-19 13:19:19.358,8824,118,3,53,False,0,car,0 days 00:16:02.764000,0 days 01:11:39.372000
2024-05-19 13:19:19.718,9884,129,3,74,False,0,car,0 days 00:16:03.124000,0 days 01:11:39.732000
2024-05-19 13:19:20.119,10700,144,3,85,False,0,car,0 days 00:16:03.525000,0 days 01:11:40.133000
2024-05-19 13:19:20.439,10136,156,3,100,False,0,car,0 days 00:16:03.845000,0 days 01:11:40.453000
2024-05-19 13:19:20.759,9174,161,4,0,True,0,car,0 days 00:16:04.165000,0 days 01:11:40.773000
2024-05-19 13:19:20.959,9079,155,4,0,True,0,car,0 days 00:16:04.365000,0 days 01:11:40.973000
2024-05-19 13:19:21.239,8759,149,4,0,True,0,car,0 days 00:16:04.645000,0 days 01:11:41.253000
2024-05-19 13:19:21.439,8659,146,4,0,True,0,car,0 days 00:16:04.845000,0 days 01:11:41.453000
2024-05-19 13:19:21.759,8325,139,4,4,False,0,car,0 days 00:16:05.165000,0 days 01:11:41.773000
2024-05-19 13:19:21.959,8311,136,4,24,False,0,car,0 days 00:16:05.365000,0 days 01:11:41.973000
2024-05-19 13:19:22.159,8606,137,4,53,False,0,car,0 days 00:16:05.565000,0 days 01:11:42.173000
2024-05-19 13:19:22.439,8681,141,4,57,False,0,car,0 days 00:16:05.845000,0 days 01:11:42.453000
2024-05-19 13:19:22.759,9316,147,4,77,False,0,car,0 days 00:16:06.165000,0 days 01:11:42.773000
2024-05-19 13:19:23.079,10425,157,4,91,False,0,car,0 days 00:16:06.485000,0 days 01:11:43.093000
2024-05-19 13:19:23.279,10182,163,4,86,False,0,car,0 days 00:16:06.685000,0 days 01:11:43.293000
2024-05-19 13:19:23.599,11236,178,4,100,False,0,car,0 days 00:16:07.005000,0 days 01:11:43.613000
2024-05-19 13:19:23.799,11475,183,4,100,False,0,car,0 days 00:16:07.205000,0 days 01:11:43.813000
2024-05-19 13:19:24.078,10906,191,4,100,False,0,car,0 days 00:16:07.484000,0 days 01:11:44.092000
2024-05-19 13:19:24.318,10432,201,5,100,False,0,car,0 days 00:16:07.724000,0 days 01:11:44.332000
2024-05-19 13:19:24.598,10572,209,5,100,False,0,car,0 days 00:16:08.004000,0 days 01:11:44.612000
2024-05-19 13:19:24.798,11038,215,5,100,False,0,car,0 days 00:16:08.204000,0 days 01:11:44.812000
2024-05-19 13:19:25.038,11363,220,5,100,False,0,car,0 days 00:16:08.444000,0 days 01:11:45.052000
2024-05-19 13:19:25.198,11538,225,5,100,False,0,car,0 days 00:16:08.604000,0 days 01:11:45.212000
2024-05-19 13:19:25.478,11741,230,5,100,False,0,car,0 days 00:16:08.884000,0 days 01:11:45.492000
2024-05-19 13:19:25.758,10667,236,6,100,False,0,car,0 days 00:16:09.164000,0 days 01:11:45.772000
2024-05-19 13:19:25.958,10844,240,6,100,False,0,car,0 days 00:16:09.364000,0 days 01:11:45.972000
2024-05-19 13:19:26.198,11104,246,6,100,False,0,car,0 days 00:16:09.604000,0 days 01:11:46.212000
2024-05-19 13:19:26.438,11163,246,6,100,False,0,car,0 days 00:16:09.844000,0 days 01:11:46.452000
2024-05-19 13:19:26.599,11286,251,6,100,False,0,car,0 days 00:16:10.005000,0 days 01:11:46.613000
2024-05-19 13:19:26.799,11497,256,6,100,False,0,car,0 days 00:16:10.205000,0 days 01:11:46.813000
2024-05-19 13:19:26.959,11531,257,6,100,False,0,car,0 days 00:16:10.365000,0 days 01:11:46.973000
2024-05-19 13:19:27.199,11626,262,6,100,False,0,car,0 days 00:16:10.605000,0 days 01:11:47.213000
2024-05-19 13:19:27.439,11857,263,6,100,False,0,car,0 days 00:16:10.845000,0 days 01:11:47.453000
2024-05-19 13:19:27.599,11017,266,6,100,False,0,car,0 days 00:16:11.005000,0 days 01:11:47.613000
2024-05-19 13:19:27.879,10738,269,7,100,False,0,car,0 days 00:16:11.285000,0 days 01:11:47.893000
2024-05-19 13:19:28.119,10829,273,7,100,False,0,car,0 days 00:16:11.525000,0 days 01:11:48.133000
2024-05-19 13:19:28.319,10878,274,7,100,False,0,car,0 days 00:16:11.725000,0 days 01:11:48.333000
2024-05-19 13:19:28.719,11099,279,7,100,False,0,car,0 days 00:16:12.125000,0 days 01:11:48.733000
2024-05-19 13:19:29.119,11203,283,7,100,False,0,car,0 days 00:16:12.525000,0 days 01:11:49.133000
2024-05-19 13:19:29.519,11333,286,7,100,False,0,car,0 days 00:16:12.925000,0 days 01:11:49.533000
2024-05-19 13:19:29.679,11401,287,7,100,False,0,car,0 days 00:16:13.085000,0 days 01:11:49.693000
2024-05-19 13:19:30.039,11476,290,7,100,False,0,car,0 days 00:16:13.445000,0 days 01:11:50.053000
2024-05-19 13:19:30.279,11562,291,7,100,False,0,car,0 days 00:16:13.685000,0 days 01:11:50.293000
2024-05-19 13:19:30.439,11513,292,7,100,False,0,car,0 days 00:16:13.845000,0 days 01:11:50.453000
2024-05-19 13:19:30.599,11445,293,7,100,False,0,car,0 days 00:16:14.005000,0 days 01:11:50.613000
2024-05-19 13:19:30.799,10508,295,7,100,False,0,car,0 days 00:16:14.205000,0 days 01:11:50.813000
2024-05-19 13:19:31.118,10605,297,8,100,False,0,car,0 days 00:16:14.524000,0 days 01:11:51.132000
2024-05-19 13:19:31.278,10623,298,8,100,False,0,car,0 days 00:16:14.684000,0 days 01:11:51.292000
2024-05-19 13:19:31.438,10645,299,8,100,False,0,car,0 days 00:16:14.844000,0 days 01:11:51.452000
2024-05-19 13:19:31.758,10727,300,8,100,False,0,car,0 days 00:16:15.164000,0 days 01:11:51.772000
2024-05-19 13:19:31.998,10733,301,8,100,False,0,car,0 days 00:16:15.404000,0 days 01:11:52.012000
2024-05-19 13:19:32.158,10733,302,8,100,False,0,car,0 days 00:16:15.564000,0 days 01:11:52.172000
2024-05-19 13:19:32.358,10785,303,8,100,False,0,car,0 days 00:16:15.764000,0 days 01:11:52.372000
2024-05-19 13:19:32.718,10797,304,8,100,False,0,car,0 days 00:16:16.124000,0 days 01:11:52.732000
2024-05-19 13:19:32.918,10865,305,8,100,False,0,car,0 days 00:16:16.324000,0 days 01:11:52.932000
2024-05-19 13:19:33.159,10923,305,8,100,False,0,car,0 days 00:16:16.565000,0 days 01:11:53.173000
2024-05-19 13:19:33.439,10923,306,8,100,False,0,car,0 days 00:16:16.845000,0 days 01:11:53.453000
2024-05-19 13:19:33.799,10923,307,8,100,False,0,car,0 days 00:16:17.205000,0 days 01:11:53.813000
2024-05-19 13:19:33.999,10905,308,8,100,False,0,car,0 days 00:16:17.405000,0 days 01:11:54.013000
2024-05-19 13:19:34.319,10922,308,8,100,False,0,car,0 days 00:16:17.725000,0 days 01:11:54.333000
2024-05-19 13:19:34.479,11029,307,8,100,False,0,car,0 days 00:16:17.885000,0 days 01:11:54.493000
2024-05-19 13:19:34.799,11035,309,8,100,False,0,car,0 days 00:16:18.205000,0 days 01:11:54.813000
2024-05-19 13:19:35.079,11002,310,8,100,False,0,car,0 days 00:16:18.485000,0 days 01:11:55.093000
2024-05-19 13:19:35.319,10975,310,8,100,False,0,car,0 days 00:16:18.725000,0 days 01:11:55.333000
2024-05-19 13:19:35.679,11044,309,8,100,False,0,car,0 days 00:16:19.085000,0 days 01:11:55.693000
2024-05-19 13:19:35.919,10992,308,8,100,False,0,car,0 days 00:16:19.325000,0 days 01:11:55.933000
2024-05-19 13:19:36.159,10936,308,8,100,False,0,car,0 days 00:16:19.565000,0 days 01:11:56.173000
2024-05-19 13:19:36.479,10854,307,8,100,False,0,car,0 days 00:16:19.885000,0 days 01:11:56.493000
2024-05-19 13:19:36.799,10848,306,8,100,False,0,car,0 days 00:16:20.205000,0 days 01:11:56.813000
2024-05-19 13:19:37.119,10765,305,8,100,False,0,car,0 days 00:16:20.525000,0 days 01:11:57.133000
2024-05-19 13:19:37.479,10801,303,8,100,False,0,car,0 days 00:16:20.885000,0 days 01:11:57.493000
2024-05-19 13:19:37.798,10707,301,8,100,False,0,car,0 days 00:16:21.204000,0 days 01:11:57.812000
2024-05-19 13:19:37.998,10389,301,8,21,False,0,car,0 days 00:16:21.404000,0 days 01:11:58.012000
2024-05-19 13:19:38.278,10226,293,8,0,True,0,car,0 days 00:16:21.684000,0 days 01:11:58.292000
2024-05-19 13:19:38.478,10093,283,8,0,True,0,car,0 days 00:16:21.884000,0 days 01:11:58.492000
2024-05-19 13:19:38.918,9680,227,8,0,True,0,car,0 days 00:16:22.324000,0 days 01:11:58.932000
2024-05-19 13:19:39.158,9978,208,8,0,True,0,car,0 days 00:16:22.564000,0 days 01:11:59.172000
2024-05-19 13:19:39.358,9562,208,7,0,True,0,car,0 days 00:16:22.764000,0 days 01:11:59.372000
2024-05-19 13:19:39.598,10270,180,5,0,True,0,car,0 days 00:16:23.004000,0 days 01:11:59.612000
2024-05-19 13:19:39.919,9419,162,4,0,True,0,car,0 days 00:16:23.325000,0 days 01:11:59.933000
2024-05-19 13:19:40.159,9234,157,4,1,False,0,car,0 days 00:16:23.565000,0 days 01:12:00.173000
2024-05-19 13:19:40.319,9118,154,4,3,False,0,car,0 days 00:16:23.725000,0 days 01:12:00.333000
2024-05-19 13:19:40.559,9148,150,4,16,False,0,car,0 days 00:16:23.965000,0 days 01:12:00.573000
2024-05-19 13:19:40.759,9391,151,4,54,False,0,car,0 days 00:16:24.165000,0 days 01:12:00.773000
2024-05-19 13:19:40.999,9545,155,4,67,False,0,car,0 days 00:16:24.405000,0 days 01:12:01.013000
2024-05-19 13:19:41.719,10224,168,4,45,False,0,car,0 days 00:16:25.125000,0 days 01:12:01.733000
2024-05-19 13:19:41.959,10345,168,4,72,False,0,car,0 days 00:16:25.365000,0 days 01:12:01.973000
2024-05-19 13:19:42.199,10865,174,4,93,False,0,car,0 days 00:16:25.605000,0 days 01:12:02.213000
2024-05-19 13:19:42.359,11091,177,4,100,False,0,car,0 days 00:16:25.765000,0 days 01:12:02.373000
2024-05-19 13:19:42.559,11091,183,4,100,False,0,car,0 days 00:16:25.965000,0 days 01:12:02.573000
2024-05-19 13:19:43.039,10375,197,5,100,False,0,car,0 days 00:16:26.445000,0 days 01:12:03.053000
2024-05-19 13:19:43.279,10691,203,5,100,False,0,car,0 days 00:16:26.685000,0 days 01:12:03.293000
2024-05-19 13:19:43.599,11224,214,5,100,False,0,car,0 days 00:16:27.005000,0 days 01:12:03.613000
2024-05-19 13:19:43.959,11567,220,5,100,False,0,car,0 days 00:16:27.365000,0 days 01:12:03.973000
2024-05-19 13:19:44.159,11633,224,5,100,False,0,car,0 days 00:16:27.565000,0 days 01:12:04.173000
2024-05-19 13:19:44.358,11733,228,5,100,False,0,car,0 days 00:16:27.764000,0 days 01:12:04.372000
2024-05-19 13:19:44.598,10642,232,6,100,False,0,car,0 days 00:16:28.004000,0 days 01:12:04.612000
2024-05-19 13:19:44.838,10719,236,6,100,False,0,car,0 days 00:16:28.244000,0 days 01:12:04.852000
2024-05-19 13:19:45.078,10881,239,6,100,False,0,car,0 days 00:16:28.484000,0 days 01:12:05.092000
2024-05-19 13:19:45.278,10941,242,6,100,False,0,car,0 days 00:16:28.684000,0 days 01:12:05.292000
2024-05-19 13:19:45.638,11301,250,6,100,False,0,car,0 days 00:16:29.044000,0 days 01:12:05.652000
2024-05-19 13:19:45.878,11332,253,6,100,False,0,car,0 days 00:16:29.284000,0 days 01:12:05.892000
2024-05-19 13:19:46.078,11450,256,6,100,False,0,car,0 days 00:16:29.484000,0 days 01:12:06.092000
2024-05-19 13:19:46.279,11627,259,6,100,False,0,car,0 days 00:16:29.685000,0 days 01:12:06.293000
2024-05-19 13:19:46.639,10548,263,6,100,False,0,car,0 days 00:16:30.045000,0 days 01:12:06.653000
2024-05-19 13:19:46.839,10660,267,7,100,False,0,car,0 days 00:16:30.245000,0 days 01:12:06.853000
2024-05-19 13:19:47.119,10787,271,7,100,False,0,car,0 days 00:16:30.525000,0 days 01:12:07.133000
2024-05-19 13:19:47.399,10940,274,7,100,False,0,car,0 days 00:16:30.805000,0 days 01:12:07.413000
2024-05-19 13:19:47.559,10966,275,7,100,False,0,car,0 days 00:16:30.965000,0 days 01:12:07.573000
2024-05-19 13:19:47.879,11097,279,7,100,False,0,car,0 days 00:16:31.285000,0 days 01:12:07.893000
2024-05-19 13:19:48.079,11145,281,7,100,False,0,car,0 days 00:16:31.485000,0 days 01:12:08.093000
2024-05-19 13:19:48.279,11196,283,7,100,False,0,car,0 days 00:16:31.685000,0 days 01:12:08.293000
2024-05-19 13:19:48.439,11063,283,7,100,False,0,car,0 days 00:16:31.845000,0 days 01:12:08.453000
2024-05-19 13:19:48.759,11208,283,7,100,False,0,car,0 days 00:16:32.165000,0 days 01:12:08.773000
2024-05-19 13:19:48.919,11130,283,7,100,False,0,car,0 days 00:16:32.325000,0 days 01:12:08.933000
2024-05-19 13:19:49.359,10818,267,7,0,True,0,car,0 days 00:16:32.765000,0 days 01:12:09.373000
2024-05-19 13:19:49.719,9943,244,7,0,True,0,car,0 days 00:16:33.125000,0 days 01:12:09.733000
2024-05-19 13:19:49.919,10243,234,6,1,True,0,car,0 days 00:16:33.325000,0 days 01:12:09.933000
2024-05-19 13:19:50.159,10010,228,6,2,True,0,car,0 days 00:16:33.565000,0 days 01:12:10.173000
2024-05-19 13:19:50.359,9839,221,6,2,True,0,car,0 days 00:16:33.765000,0 days 01:12:10.373000
2024-05-19 13:19:50.719,9034,211,6,0,True,0,car,0 days 00:16:34.125000,0 days 01:12:10.733000
2024-05-19 13:19:50.919,9578,194,6,0,True,0,car,0 days 00:16:34.325000,0 days 01:12:10.933000
2024-05-19 13:19:51.078,9206,187,5,0,True,0,car,0 days 00:16:34.484000,0 days 01:12:11.092000
2024-05-19 13:19:51.358,8781,177,5,0,True,0,car,0 days 00:16:34.764000,0 days 01:12:11.372000
2024-05-19 13:19:51.518,8711,172,5,0,False,0,car,0 days 00:16:34.924000,0 days 01:12:11.532000
2024-05-19 13:19:51.838,8493,165,5,17,False,0,car,0 days 00:16:35.244000,0 days 01:12:11.852000
2024-05-19 13:19:52.158,8736,167,5,61,False,0,car,0 days 00:16:35.564000,0 days 01:12:12.172000
2024-05-19 13:19:52.478,9137,171,5,86,False,0,car,0 days 00:16:35.884000,0 days 01:12:12.492000
2024-05-19 13:19:52.718,9252,180,5,100,False,0,car,0 days 00:16:36.124000,0 days 01:12:12.732000
2024-05-19 13:19:52.879,9591,182,5,100,False,0,car,0 days 00:16:36.285000,0 days 01:12:12.893000
2024-05-19 13:19:53.279,10239,192,5,100,False,0,car,0 days 00:16:36.685000,0 days 01:12:13.293000
2024-05-19 13:19:53.639,10874,205,5,100,False,0,car,0 days 00:16:37.045000,0 days 01:12:13.653000
2024-05-19 13:19:53.959,11038,212,5,100,False,0,car,0 days 00:16:37.365000,0 days 01:12:13.973000
2024-05-19 13:19:54.319,11486,222,5,100,False,0,car,0 days 00:16:37.725000,0 days 01:12:14.333000
2024-05-19 13:19:54.479,11360,223,5,100,False,0,car,0 days 00:16:37.885000,0 days 01:12:14.493000
2024-05-19 13:19:54.639,11455,225,5,100,False,0,car,0 days 00:16:38.045000,0 days 01:12:14.653000
2024-05-19 13:19:54.839,11597,227,5,100,False,0,car,0 days 00:16:38.245000,0 days 01:12:14.853000
2024-05-19 13:19:55.079,11252,227,5,16,False,0,car,0 days 00:16:38.485000,0 days 01:12:15.093000
2024-05-19 13:19:55.359,11029,218,5,0,True,0,car,0 days 00:16:38.765000,0 days 01:12:15.373000
2024-05-19 13:19:55.519,10268,201,5,0,True,0,car,0 days 00:16:38.925000,0 days 01:12:15.533000
2024-05-19 13:19:55.879,9859,184,5,0,True,0,car,0 days 00:16:39.285000,0 days 01:12:15.893000
2024-05-19 13:19:56.119,10825,155,4,0,True,0,car,0 days 00:16:39.525000,0 days 01:12:16.133000
2024-05-19 13:19:56.359,9982,142,3,0,True,0,car,0 days 00:16:39.765000,0 days 01:12:16.373000
2024-05-19 13:19:56.719,8631,124,3,0,True,0,car,0 days 00:16:40.125000,0 days 01:12:16.733000
2024-05-19 13:19:56.919,8130,117,3,0,True,0,car,0 days 00:16:40.325000,0 days 01:12:16.933000
2024-05-19 13:19:57.159,7668,110,3,0,True,0,car,0 days 00:16:40.565000,0 days 01:12:17.173000
2024-05-19 13:19:57.359,7471,106,3,0,True,0,car,0 days 00:16:40.765000,0 days 01:12:17.373000
2024-05-19 13:19:57.599,7061,101,3,0,True,0,car,0 days 00:16:41.005000,0 days 01:12:17.613000
2024-05-19 13:19:57.958,6875,98,3,2,False,0,car,0 days 00:16:41.364000,0 days 01:12:17.972000
2024-05-19 13:19:58.198,6968,94,3,21,False,0,car,0 days 00:16:41.604000,0 days 01:12:18.212000
2024-05-19 13:19:58.438,7172,95,3,27,False,0,car,0 days 00:16:41.844000,0 days 01:12:18.452000
2024-05-19 13:19:58.638,7290,97,3,29,False,0,car,0 days 00:16:42.044000,0 days 01:12:18.652000
2024-05-19 13:19:59.078,7798,103,3,50,False,0,car,0 days 00:16:42.484000,0 days 01:12:19.092000
2024-05-19 13:19:59.238,8164,107,3,53,False,0,car,0 days 00:16:42.644000,0 days 01:12:19.252000
2024-05-19 13:19:59.479,8426,112,3,60,False,0,car,0 days 00:16:42.885000,0 days 01:12:19.493000
2024-05-19 13:19:59.639,8876,117,3,67,False,0,car,0 days 00:16:43.045000,0 days 01:12:19.653000
2024-05-19 13:19:59.879,9686,125,3,90,False,0,car,0 days 00:16:43.285000,0 days 01:12:19.893000
2024-05-19 13:20:00.119,10335,139,3,98,False,0,car,0 days 00:16:43.525000,0 days 01:12:20.133000
2024-05-19 13:20:00.399,11480,152,3,100,False,0,car,0 days 00:16:43.805000,0 days 01:12:20.413000
2024-05-19 13:20:00.599,10080,160,3,100,False,0,car,0 days 00:16:44.005000,0 days 01:12:20.613000
2024-05-19 13:20:00.759,10503,160,4,100,False,0,car,0 days 00:16:44.165000,0 days 01:12:20.773000
2024-05-19 13:20:01.039,10934,177,4,100,False,0,car,0 days 00:16:44.445000,0 days 01:12:21.053000
2024-05-19 13:20:01.359,11461,187,4,100,False,0,car,0 days 00:16:44.765000,0 days 01:12:21.373000
2024-05-19 13:20:01.559,11764,194,4,100,False,0,car,0 days 00:16:44.965000,0 days 01:12:21.573000
2024-05-19 13:20:01.839,11571,202,4,100,False,0,car,0 days 00:16:45.245000,0 days 01:12:21.853000
2024-05-19 13:20:02.079,10748,205,5,100,False,0,car,0 days 00:16:45.485000,0 days 01:12:22.093000
2024-05-19 13:20:02.319,11112,216,5,100,False,0,car,0 days 00:16:45.725000,0 days 01:12:22.333000
2024-05-19 13:20:02.479,11290,219,5,100,False,0,car,0 days 00:16:45.885000,0 days 01:12:22.493000
2024-05-19 13:20:02.639,11488,223,5,100,False,0,car,0 days 00:16:46.045000,0 days 01:12:22.653000
2024-05-19 13:20:02.959,11173,230,5,100,False,0,car,0 days 00:16:46.365000,0 days 01:12:22.973000
2024-05-19 13:20:03.359,10718,238,6,100,False,0,car,0 days 00:16:46.765000,0 days 01:12:23.373000
2024-05-19 13:20:03.679,10918,241,6,100,False,0,car,0 days 00:16:47.085000,0 days 01:12:23.693000
2024-05-19 13:20:03.919,11142,248,6,100,False,0,car,0 days 00:16:47.325000,0 days 01:12:23.933000
2024-05-19 13:20:04.199,11313,252,6,100,False,0,car,0 days 00:16:47.605000,0 days 01:12:24.213000
2024-05-19 13:20:04.558,11444,256,6,100,False,0,car,0 days 00:16:47.964000,0 days 01:12:24.572000
2024-05-19 13:20:04.718,11523,259,6,100,False,0,car,0 days 00:16:48.124000,0 days 01:12:24.732000
2024-05-19 13:20:04.998,11518,262,6,100,False,0,car,0 days 00:16:48.404000,0 days 01:12:25.012000
2024-05-19 13:20:05.318,10369,266,7,100,False,0,car,0 days 00:16:48.724000,0 days 01:12:25.332000
2024-05-19 13:20:05.638,10591,266,7,100,False,0,car,0 days 00:16:49.044000,0 days 01:12:25.652000
2024-05-19 13:20:05.838,10666,267,7,100,False,0,car,0 days 00:16:49.244000,0 days 01:12:25.852000
2024-05-19 13:20:06.039,10665,268,7,100,False,0,car,0 days 00:16:49.445000,0 days 01:12:26.053000
2024-05-19 13:20:06.279,10736,269,7,100,False,0,car,0 days 00:16:49.685000,0 days 01:12:26.293000
2024-05-19 13:20:06.439,10651,269,7,100,False,0,car,0 days 00:16:49.845000,0 days 01:12:26.453000
2024-05-19 13:20:06.839,10693,270,7,100,False,0,car,0 days 00:16:50.245000,0 days 01:12:26.853000
2024-05-19 13:20:06.999,10706,270,7,100,False,0,car,0 days 00:16:50.405000,0 days 01:12:27.013000
2024-05-19 13:20:07.199,10541,270,7,100,False,0,car,0 days 00:16:50.605000,0 days 01:12:27.213000
2024-05-19 13:20:07.519,10027,252,7,0,True,0,car,0 days 00:16:50.925000,0 days 01:12:27.533000
2024-05-19 13:20:07.719,10307,237,7,0,True,0,car,0 days 00:16:51.125000,0 days 01:12:27.733000
2024-05-19 13:20:07.879,10228,230,7,0,True,0,car,0 days 00:16:51.285000,0 days 01:12:27.893000
2024-05-19 13:20:08.239,10593,212,5,1,True,0,car,0 days 00:16:51.645000,0 days 01:12:28.253000
2024-05-19 13:20:08.719,10333,204,5,50,False,0,car,0 days 00:16:52.125000,0 days 01:12:28.733000
2024-05-19 13:20:09.119,10570,203,5,87,False,0,car,0 days 00:16:52.525000,0 days 01:12:29.133000
2024-05-19 13:20:09.359,10744,205,5,77,False,0,car,0 days 00:16:52.765000,0 days 01:12:29.373000
2024-05-19 13:20:09.639,11110,207,5,98,False,0,car,0 days 00:16:53.045000,0 days 01:12:29.653000
2024-05-19 13:20:09.879,11069,213,5,100,False,0,car,0 days 00:16:53.285000,0 days 01:12:29.893000
2024-05-19 13:20:10.079,11274,218,5,100,False,0,car,0 days 00:16:53.485000,0 days 01:12:30.093000
2024-05-19 13:20:10.239,11562,222,5,100,False,0,car,0 days 00:16:53.645000,0 days 01:12:30.253000
2024-05-19 13:20:10.599,11516,230,5,100,False,0,car,0 days 00:16:54.005000,0 days 01:12:30.613000
2024-05-19 13:20:10.839,10640,234,6,100,False,0,car,0 days 00:16:54.245000,0 days 01:12:30.853000
2024-05-19 13:20:11.079,10807,239,6,100,False,0,car,0 days 00:16:54.485000,0 days 01:12:31.093000
2024-05-19 13:20:11.398,11161,246,6,100,False,0,car,0 days 00:16:54.804000,0 days 01:12:31.412000
2024-05-19 13:20:11.718,11281,252,6,100,False,0,car,0 days 00:16:55.124000,0 days 01:12:31.732000
2024-05-19 13:20:11.958,11491,256,6,100,False,0,car,0 days 00:16:55.364000,0 days 01:12:31.972000
2024-05-19 13:20:12.118,11103,258,6,100,False,0,car,0 days 00:16:55.524000,0 days 01:12:32.132000
2024-05-19 13:20:12.278,10326,260,7,100,False,0,car,0 days 00:16:55.684000,0 days 01:12:32.292000
2024-05-19 13:20:12.639,10600,266,7,100,False,0,car,0 days 00:16:56.045000,0 days 01:12:32.653000
2024-05-19 13:20:12.919,10701,269,7,100,False,0,car,0 days 00:16:56.325000,0 days 01:12:32.933000
2024-05-19 13:20:13.119,10750,270,7,100,False,0,car,0 days 00:16:56.525000,0 days 01:12:33.133000
2024-05-19 13:20:13.319,10859,271,7,100,False,0,car,0 days 00:16:56.725000,0 days 01:12:33.333000
2024-05-19 13:20:13.679,10829,273,7,100,False,0,car,0 days 00:16:57.085000,0 days 01:12:33.693000
2024-05-19 13:20:13.839,10632,272,7,100,False,0,car,0 days 00:16:57.245000,0 days 01:12:33.853000
2024-05-19 13:20:14.199,10293,264,7,0,True,0,car,0 days 00:16:57.605000,0 days 01:12:34.213000
2024-05-19 13:20:14.399,9958,257,7,0,True,0,car,0 days 00:16:57.805000,0 days 01:12:34.413000
2024-05-19 13:20:14.559,9815,254,7,0,False,0,car,0 days 00:16:57.965000,0 days 01:12:34.573000
2024-05-19 13:20:14.839,9515,246,7,0,False,0,car,0 days 00:16:58.245000,0 days 01:12:34.853000
2024-05-19 13:20:14.999,9201,239,7,0,False,0,car,0 days 00:16:58.405000,0 days 01:12:35.013000
2024-05-19 13:20:15.199,9761,221,7,0,True,0,car,0 days 00:16:58.605000,0 days 01:12:35.213000
2024-05-19 13:20:15.559,10158,192,7,0,True,0,car,0 days 00:16:58.965000,0 days 01:12:35.573000
2024-05-19 13:20:16.759,7692,133,4,0,False,0,car,0 days 00:17:00.165000,0 days 01:12:36.773000
2024-05-19 13:20:16.919,7673,132,4,0,False,0,car,0 days 00:17:00.325000,0 days 01:12:36.933000
2024-05-19 13:20:17.199,7638,124,4,20,False,0,car,0 days 00:17:00.605000,0 days 01:12:37.213000
2024-05-19 13:20:17.399,7669,124,4,30,False,0,car,0 days 00:17:00.805000,0 days 01:12:37.413000
2024-05-19 13:20:17.759,8042,129,4,69,False,0,car,0 days 00:17:01.165000,0 days 01:12:37.773000
2024-05-19 13:20:18.038,8677,137,4,96,False,0,car,0 days 00:17:01.444000,0 days 01:12:38.052000
2024-05-19 13:20:18.438,9370,152,4,100,False,0,car,0 days 00:17:01.844000,0 days 01:12:38.452000
2024-05-19 13:20:18.678,10259,160,4,100,False,0,car,0 days 00:17:02.084000,0 days 01:12:38.692000
2024-05-19 13:20:18.918,10540,169,4,100,False,0,car,0 days 00:17:02.324000,0 days 01:12:38.932000
2024-05-19 13:20:19.199,11031,179,4,100,False,0,car,0 days 00:17:02.605000,0 days 01:12:39.213000
2024-05-19 13:20:19.519,11584,189,4,100,False,0,car,0 days 00:17:02.925000,0 days 01:12:39.533000
2024-05-19 13:20:19.879,11108,195,4,100,False,0,car,0 days 00:17:03.285000,0 days 01:12:39.893000
2024-05-19 13:20:20.279,10931,207,5,100,False,0,car,0 days 00:17:03.685000,0 days 01:12:40.293000
2024-05-19 13:20:20.519,11071,218,5,100,False,0,car,0 days 00:17:03.925000,0 days 01:12:40.533000
2024-05-19 13:20:20.719,11400,223,5,100,False,0,car,0 days 00:17:04.125000,0 days 01:12:40.733000
2024-05-19 13:20:21.039,11809,229,5,100,False,0,car,0 days 00:17:04.445000,0 days 01:12:41.053000
2024-05-19 13:20:21.239,10829,233,5,100,False,0,car,0 days 00:17:04.645000,0 days 01:12:41.253000
2024-05-19 13:20:21.719,10916,240,6,100,False,0,car,0 days 00:17:05.125000,0 days 01:12:41.733000
2024-05-19 13:20:22.159,11106,247,6,100,False,0,car,0 days 00:17:05.565000,0 days 01:12:42.173000
2024-05-19 13:20:22.399,11150,252,6,100,False,0,car,0 days 00:17:05.805000,0 days 01:12:42.413000
2024-05-19 13:20:22.759,11342,254,6,100,False,0,car,0 days 00:17:06.165000,0 days 01:12:42.773000
2024-05-19 13:20:22.919,11369,255,6,100,False,0,car,0 days 00:17:06.325000,0 days 01:12:42.933000
2024-05-19 13:20:23.159,11409,256,6,100,False,0,car,0 days 00:17:06.565000,0 days 01:12:43.173000
2024-05-19 13:20:23.319,11437,256,6,100,False,0,car,0 days 00:17:06.725000,0 days 01:12:43.333000
2024-05-19 13:20:23.639,11517,257,6,100,False,0,car,0 days 00:17:07.045000,0 days 01:12:43.653000
2024-05-19 13:20:23.959,11313,254,6,0,True,0,car,0 days 00:17:07.365000,0 days 01:12:43.973000
2024-05-19 13:20:24.239,10323,232,6,0,True,0,car,0 days 00:17:07.645000,0 days 01:12:44.253000
2024-05-19 13:20:24.519,9494,199,6,0,True,0,car,0 days 00:17:07.925000,0 days 01:12:44.533000
2024-05-19 13:20:24.758,9937,179,5,0,True,0,car,0 days 00:17:08.164000,0 days 01:12:44.772000
2024-05-19 13:20:24.918,9759,163,5,0,True,0,car,0 days 00:17:08.324000,0 days 01:12:44.932000
2024-05-19 13:20:25.118,8755,149,4,0,True,0,car,0 days 00:17:08.524000,0 days 01:12:45.132000
2024-05-19 13:20:25.398,8025,135,4,0,True,0,car,0 days 00:17:08.804000,0 days 01:12:45.412000
2024-05-19 13:20:25.558,7675,135,4,0,True,0,car,0 days 00:17:08.964000,0 days 01:12:45.572000
2024-05-19 13:20:25.719,7395,126,4,0,True,0,car,0 days 00:17:09.125000,0 days 01:12:45.733000
2024-05-19 13:20:25.879,7182,122,4,0,False,0,car,0 days 00:17:09.285000,0 days 01:12:45.893000
2024-05-19 13:20:26.199,6804,115,4,0,False,0,car,0 days 00:17:09.605000,0 days 01:12:46.213000
2024-05-19 13:20:26.439,7447,113,4,0,False,0,car,0 days 00:17:09.845000,0 days 01:12:46.453000
2024-05-19 13:20:26.599,7910,108,3,0,True,0,car,0 days 00:17:10.005000,0 days 01:12:46.613000
2024-05-19 13:20:26.959,7438,109,3,0,False,0,car,0 days 00:17:10.365000,0 days 01:12:46.973000
2024-05-19 13:20:27.119,7184,102,3,0,False,0,car,0 days 00:17:10.525000,0 days 01:12:47.133000
2024-05-19 13:20:27.399,7585,99,3,22,False,0,car,0 days 00:17:10.805000,0 days 01:12:47.413000
2024-05-19 13:20:27.639,7807,102,3,35,False,0,car,0 days 00:17:11.045000,0 days 01:12:47.653000
2024-05-19 13:20:27.839,8102,104,3,44,False,0,car,0 days 00:17:11.245000,0 days 01:12:47.853000
2024-05-19 13:20:28.679,10191,127,3,87,False,0,car,0 days 00:17:12.085000,0 days 01:12:48.693000
2024-05-19 13:20:28.919,9911,145,3,87,False,0,car,0 days 00:17:12.325000,0 days 01:12:48.933000
2024-05-19 13:20:29.079,9486,145,4,100,False,0,car,0 days 00:17:12.485000,0 days 01:12:49.093000
2024-05-19 13:20:29.319,9929,158,4,100,False,0,car,0 days 00:17:12.725000,0 days 01:12:49.333000
2024-05-19 13:20:29.519,10512,170,4,100,False,0,car,0 days 00:17:12.925000,0 days 01:12:49.533000
2024-05-19 13:20:29.759,10980,179,4,100,False,0,car,0 days 00:17:13.165000,0 days 01:12:49.773000
2024-05-19 13:20:29.919,11429,182,4,100,False,0,car,0 days 00:17:13.325000,0 days 01:12:49.933000
2024-05-19 13:20:30.199,11801,196,4,100,False,0,car,0 days 00:17:13.605000,0 days 01:12:50.213000
2024-05-19 13:20:30.479,10489,196,4,100,False,0,car,0 days 00:17:13.885000,0 days 01:12:50.493000
2024-05-19 13:20:30.639,10838,208,5,100,False,0,car,0 days 00:17:14.045000,0 days 01:12:50.653000
2024-05-19 13:20:30.879,11064,208,5,100,False,0,car,0 days 00:17:14.285000,0 days 01:12:50.893000
2024-05-19 13:20:31.079,11204,208,5,100,False,0,car,0 days 00:17:14.485000,0 days 01:12:51.093000
2024-05-19 13:20:31.279,11360,219,5,100,False,0,car,0 days 00:17:14.685000,0 days 01:12:51.293000
2024-05-19 13:20:31.518,11840,219,5,100,False,0,car,0 days 00:17:14.924000,0 days 01:12:51.532000
2024-05-19 13:20:31.678,11280,219,5,100,False,0,car,0 days 00:17:15.084000,0 days 01:12:51.692000
2024-05-19 13:20:31.878,10807,237,6,100,False,0,car,0 days 00:17:15.284000,0 days 01:12:51.892000
2024-05-19 13:20:32.238,11043,246,6,100,False,0,car,0 days 00:17:15.644000,0 days 01:12:52.252000
2024-05-19 13:20:32.399,11151,249,6,100,False,0,car,0 days 00:17:15.805000,0 days 01:12:52.413000
2024-05-19 13:20:32.639,11270,253,6,100,False,0,car,0 days 00:17:16.045000,0 days 01:12:52.653000
2024-05-19 13:20:32.919,11522,258,6,100,False,0,car,0 days 00:17:16.325000,0 days 01:12:52.933000
2024-05-19 13:20:33.119,11625,259,6,100,False,0,car,0 days 00:17:16.525000,0 days 01:12:53.133000
2024-05-19 13:20:33.279,11733,262,6,100,False,0,car,0 days 00:17:16.685000,0 days 01:12:53.293000
2024-05-19 13:20:33.439,11313,265,6,100,False,0,car,0 days 00:17:16.845000,0 days 01:12:53.453000
2024-05-19 13:20:33.799,10788,270,7,100,False,0,car,0 days 00:17:17.205000,0 days 01:12:53.813000
2024-05-19 13:20:34.119,10890,274,7,100,False,0,car,0 days 00:17:17.525000,0 days 01:12:54.133000
2024-05-19 13:20:34.399,11003,276,7,100,False,0,car,0 days 00:17:17.805000,0 days 01:12:54.413000
2024-05-19 13:20:34.639,11077,279,7,100,False,0,car,0 days 00:17:18.045000,0 days 01:12:54.653000
2024-05-19 13:20:34.839,11077,279,7,100,False,0,car,0 days 00:17:18.245000,0 days 01:12:54.853000
2024-05-19 13:20:35.159,11206,283,7,100,False,0,car,0 days 00:17:18.565000,0 days 01:12:55.173000
2024-05-19 13:20:35.399,11322,285,7,100,False,0,car,0 days 00:17:18.805000,0 days 01:12:55.413000
2024-05-19 13:20:35.639,11375,288,7,100,False,0,car,0 days 00:17:19.045000,0 days 01:12:55.653000
2024-05-19 13:20:35.959,11445,290,7,100,False,0,car,0 days 00:17:19.365000,0 days 01:12:55.973000
2024-05-19 13:20:36.399,11576,291,7,100,False,0,car,0 days 00:17:19.805000,0 days 01:12:56.413000
2024-05-19 13:20:36.599,11436,290,7,100,False,0,car,0 days 00:17:20.005000,0 days 01:12:56.613000
2024-05-19 13:20:36.839,11142,289,7,95,False,0,car,0 days 00:17:20.245000,0 days 01:12:56.853000
2024-05-19 13:20:37.119,10801,283,7,0,False,0,car,0 days 00:17:20.525000,0 days 01:12:57.133000
2024-05-19 13:20:37.319,10599,278,7,0,True,0,car,0 days 00:17:20.725000,0 days 01:12:57.333000
2024-05-19 13:20:37.639,9394,241,7,0,True,0,car,0 days 00:17:21.045000,0 days 01:12:57.653000
2024-05-19 13:20:37.799,9654,219,7,0,True,0,car,0 days 00:17:21.205000,0 days 01:12:57.813000
2024-05-19 13:20:38.118,9812,189,7,0,True,0,car,0 days 00:17:21.524000,0 days 01:12:58.132000
2024-05-19 13:20:38.318,10225,169,7,0,True,0,car,0 days 00:17:21.724000,0 days 01:12:58.332000
2024-05-19 13:20:38.478,10505,169,7,0,True,0,car,0 days 00:17:21.884000,0 days 01:12:58.492000
2024-05-19 13:20:38.638,10733,149,6,0,True,0,car,0 days 00:17:22.044000,0 days 01:12:58.652000
2024-05-19 13:20:38.879,9628,137,3,0,True,0,car,0 days 00:17:22.285000,0 days 01:12:58.893000
2024-05-19 13:20:39.319,8524,121,3,0,True,0,car,0 days 00:17:22.725000,0 days 01:12:59.333000
2024-05-19 13:20:39.719,8215,114,3,1,False,0,car,0 days 00:17:23.125000,0 days 01:12:59.733000
2024-05-19 13:20:39.879,8055,112,3,9,False,0,car,0 days 00:17:23.285000,0 days 01:12:59.893000
2024-05-19 13:20:40.079,8325,112,3,37,False,0,car,0 days 00:17:23.485000,0 days 01:13:00.093000
2024-05-19 13:20:40.399,8753,118,3,49,False,0,car,0 days 00:17:23.805000,0 days 01:13:00.413000
2024-05-19 13:20:40.639,9277,122,3,61,False,0,car,0 days 00:17:24.045000,0 days 01:13:00.653000
2024-05-19 13:20:40.959,10140,129,3,80,False,0,car,0 days 00:17:24.365000,0 days 01:13:00.973000
2024-05-19 13:20:41.159,10393,129,3,86,False,0,car,0 days 00:17:24.565000,0 days 01:13:01.173000
2024-05-19 13:20:41.319,10813,149,3,100,False,0,car,0 days 00:17:24.725000,0 days 01:13:01.333000
2024-05-19 13:20:41.639,10138,161,4,100,False,0,car,0 days 00:17:25.045000,0 days 01:13:01.653000
2024-05-19 13:20:41.799,9594,163,4,2,True,0,car,0 days 00:17:25.205000,0 days 01:13:01.813000
2024-05-19 13:20:41.959,9240,161,4,0,True,0,car,0 days 00:17:25.365000,0 days 01:13:01.973000
2024-05-19 13:20:42.239,8869,150,4,0,True,0,car,0 days 00:17:25.645000,0 days 01:13:02.253000
2024-05-19 13:20:42.519,8525,145,4,2,True,0,car,0 days 00:17:25.925000,0 days 01:13:02.533000
2024-05-19 13:20:42.839,8470,140,4,3,False,0,car,0 days 00:17:26.245000,0 days 01:13:02.853000
2024-05-19 13:20:43.039,8388,136,4,9,False,0,car,0 days 00:17:26.445000,0 days 01:13:03.053000
2024-05-19 13:20:43.199,8446,137,4,49,False,0,car,0 days 00:17:26.605000,0 days 01:13:03.213000
2024-05-19 13:20:43.479,8835,140,4,62,False,0,car,0 days 00:17:26.885000,0 days 01:13:03.493000
2024-05-19 13:20:43.679,8990,144,4,67,False,0,car,0 days 00:17:27.085000,0 days 01:13:03.693000
2024-05-19 13:20:43.999,9507,153,4,74,False,0,car,0 days 00:17:27.405000,0 days 01:13:04.013000
2024-05-19 13:20:44.359,10293,163,4,100,False,0,car,0 days 00:17:27.765000,0 days 01:13:04.373000
2024-05-19 13:20:44.599,10976,177,4,100,False,0,car,0 days 00:17:28.005000,0 days 01:13:04.613000
2024-05-19 13:20:44.798,11605,184,4,100,False,0,car,0 days 00:17:28.204000,0 days 01:13:04.812000
2024-05-19 13:20:45.038,11657,189,4,100,False,0,car,0 days 00:17:28.444000,0 days 01:13:05.052000
2024-05-19 13:20:45.318,10400,200,4,100,False,0,car,0 days 00:17:28.724000,0 days 01:13:05.332000
2024-05-19 13:20:45.679,10842,208,5,100,False,0,car,0 days 00:17:29.085000,0 days 01:13:05.693000
2024-05-19 13:20:45.959,11092,217,5,100,False,0,car,0 days 00:17:29.365000,0 days 01:13:05.973000
2024-05-19 13:20:46.119,11425,222,5,100,False,0,car,0 days 00:17:29.525000,0 days 01:13:06.133000
2024-05-19 13:20:46.399,11707,229,5,100,False,0,car,0 days 00:17:29.805000,0 days 01:13:06.413000
2024-05-19 13:20:46.599,11836,233,5,100,False,0,car,0 days 00:17:30.005000,0 days 01:13:06.613000
2024-05-19 13:20:46.919,10808,240,5,100,False,0,car,0 days 00:17:30.325000,0 days 01:13:06.933000
2024-05-19 13:20:47.199,10961,246,6,100,False,0,car,0 days 00:17:30.605000,0 days 01:13:07.213000
2024-05-19 13:20:47.399,11158,249,6,100,False,0,car,0 days 00:17:30.805000,0 days 01:13:07.413000
2024-05-19 13:20:47.559,11315,251,6,100,False,0,car,0 days 00:17:30.965000,0 days 01:13:07.573000
2024-05-19 13:20:47.879,11422,254,6,100,False,0,car,0 days 00:17:31.285000,0 days 01:13:07.893000
2024-05-19 13:20:48.039,11647,258,6,100,False,0,car,0 days 00:17:31.445000,0 days 01:13:08.053000
2024-05-19 13:20:48.359,11703,263,6,100,False,0,car,0 days 00:17:31.765000,0 days 01:13:08.373000
2024-05-19 13:20:48.639,11462,267,6,100,False,0,car,0 days 00:17:32.045000,0 days 01:13:08.653000
2024-05-19 13:20:48.919,10808,270,7,100,False,0,car,0 days 00:17:32.325000,0 days 01:13:08.933000
2024-05-19 13:20:49.159,10878,272,7,100,False,0,car,0 days 00:17:32.565000,0 days 01:13:09.173000
2024-05-19 13:20:49.359,10978,273,7,100,False,0,car,0 days 00:17:32.765000,0 days 01:13:09.373000
2024-05-19 13:20:49.519,10994,276,7,100,False,0,car,0 days 00:17:32.925000,0 days 01:13:09.533000
2024-05-19 13:20:49.719,11073,279,7,100,False,0,car,0 days 00:17:33.125000,0 days 01:13:09.733000
2024-05-19 13:20:49.919,11083,281,7,100,False,0,car,0 days 00:17:33.325000,0 days 01:13:09.933000
2024-05-19 13:20:50.159,11224,283,7,100,False,0,car,0 days 00:17:33.565000,0 days 01:13:10.173000
2024-05-19 13:20:50.479,11281,285,7,100,False,0,car,0 days 00:17:33.885000,0 days 01:13:10.493000
2024-05-19 13:20:50.639,11383,287,7,100,False,0,car,0 days 00:17:34.045000,0 days 01:13:10.653000
2024-05-19 13:20:50.879,11605,288,7,100,False,0,car,0 days 00:17:34.285000,0 days 01:13:10.893000
2024-05-19 13:20:51.079,11451,289,7,100,False,0,car,0 days 00:17:34.485000,0 days 01:13:11.093000
2024-05-19 13:20:51.399,11503,292,7,100,False,0,car,0 days 00:17:34.805000,0 days 01:13:11.413000
2024-05-19 13:20:51.638,11320,293,7,100,False,0,car,0 days 00:17:35.044000,0 days 01:13:11.652000
2024-05-19 13:20:51.878,10490,294,8,100,False,0,car,0 days 00:17:35.284000,0 days 01:13:11.892000
2024-05-19 13:20:52.079,10526,296,8,100,False,0,car,0 days 00:17:35.485000,0 days 01:13:12.093000
2024-05-19 13:20:52.279,10581,297,8,100,False,0,car,0 days 00:17:35.685000,0 days 01:13:12.293000
2024-05-19 13:20:52.559,10681,299,8,100,False,0,car,0 days 00:17:35.965000,0 days 01:13:12.573000
2024-05-19 13:20:52.799,10661,301,8,100,False,0,car,0 days 00:17:36.205000,0 days 01:13:12.813000
2024-05-19 13:20:52.959,10702,301,8,100,False,0,car,0 days 00:17:36.365000,0 days 01:13:12.973000
2024-05-19 13:20:53.279,10794,302,8,100,False,0,car,0 days 00:17:36.685000,0 days 01:13:13.293000
2024-05-19 13:20:53.439,10804,303,8,100,False,0,car,0 days 00:17:36.845000,0 days 01:13:13.453000
2024-05-19 13:20:53.639,10858,304,8,100,False,0,car,0 days 00:17:37.045000,0 days 01:13:13.653000
2024-05-19 13:20:53.959,10878,305,8,100,False,0,car,0 days 00:17:37.365000,0 days 01:13:13.973000
2024-05-19 13:20:54.119,10906,306,8,100,False,0,car,0 days 00:17:37.525000,0 days 01:13:14.133000
2024-05-19 13:20:54.519,10914,307,8,100,False,0,car,0 days 00:17:37.925000,0 days 01:13:14.533000
2024-05-19 13:20:54.679,10914,307,8,100,False,0,car,0 days 00:17:38.085000,0 days 01:13:14.693000
2024-05-19 13:20:55.039,10971,307,8,100,False,0,car,0 days 00:17:38.445000,0 days 01:13:15.053000
2024-05-19 13:20:55.199,10971,307,8,100,False,0,car,0 days 00:17:38.605000,0 days 01:13:15.213000
2024-05-19 13:20:56.239,10993,311,8,100,False,0,car,0 days 00:17:39.645000,0 days 01:13:16.253000
2024-05-19 13:20:56.519,10988,310,8,100,False,0,car,0 days 00:17:39.925000,0 days 01:13:16.533000
2024-05-19 13:20:56.879,10982,309,8,100,False,0,car,0 days 00:17:40.285000,0 days 01:13:16.893000
2024-05-19 13:20:57.079,10948,308,8,100,False,0,car,0 days 00:17:40.485000,0 days 01:13:17.093000
2024-05-19 13:20:57.279,10948,307,8,100,False,0,car,0 days 00:17:40.685000,0 days 01:13:17.293000
2024-05-19 13:20:57.519,10918,307,8,100,False,0,car,0 days 00:17:40.925000,0 days 01:13:17.533000
2024-05-19 13:20:57.919,10857,305,8,100,False,0,car,0 days 00:17:41.325000,0 days 01:13:17.933000
2024-05-19 13:20:58.079,10882,306,8,100,False,0,car,0 days 00:17:41.485000,0 days 01:13:18.093000
2024-05-19 13:20:58.398,10766,303,8,100,False,0,car,0 days 00:17:41.804000,0 days 01:13:18.412000
2024-05-19 13:20:58.799,10722,301,8,100,False,0,car,0 days 00:17:42.205000,0 days 01:13:18.813000
2024-05-19 13:20:59.039,10675,301,8,100,False,0,car,0 days 00:17:42.445000,0 days 01:13:19.053000
2024-05-19 13:20:59.439,10305,288,8,0,True,0,car,0 days 00:17:42.845000,0 days 01:13:19.453000
2024-05-19 13:20:59.759,9395,261,8,0,True,0,car,0 days 00:17:43.165000,0 days 01:13:19.773000
2024-05-19 13:20:59.919,9401,236,8,0,True,0,car,0 days 00:17:43.325000,0 days 01:13:19.933000
2024-05-19 13:21:00.119,9159,213,8,0,True,0,car,0 days 00:17:43.525000,0 days 01:13:20.133000
2024-05-19 13:21:00.319,9814,196,8,0,True,0,car,0 days 00:17:43.725000,0 days 01:13:20.333000
2024-05-19 13:21:00.719,10047,169,7,0,True,0,car,0 days 00:17:44.125000,0 days 01:13:20.733000
2024-05-19 13:21:01.079,9145,161,4,0,False,0,car,0 days 00:17:44.485000,0 days 01:13:21.093000
2024-05-19 13:21:01.279,9244,154,4,9,False,0,car,0 days 00:17:44.685000,0 days 01:13:21.293000
2024-05-19 13:21:01.559,9137,150,4,41,False,0,car,0 days 00:17:44.965000,0 days 01:13:21.573000
2024-05-19 13:21:01.879,9511,153,4,67,False,0,car,0 days 00:17:45.285000,0 days 01:13:21.893000
2024-05-19 13:21:02.279,10229,164,4,100,False,0,car,0 days 00:17:45.685000,0 days 01:13:22.293000
2024-05-19 13:21:02.559,10378,170,4,51,False,0,car,0 days 00:17:45.965000,0 days 01:13:22.573000
2024-05-19 13:21:02.759,10557,171,4,52,False,0,car,0 days 00:17:46.165000,0 days 01:13:22.773000
2024-05-19 13:21:03.039,10559,173,4,72,False,0,car,0 days 00:17:46.445000,0 days 01:13:23.053000
2024-05-19 13:21:03.359,11474,181,4,95,False,0,car,0 days 00:17:46.765000,0 days 01:13:23.373000
2024-05-19 13:21:03.759,9931,192,5,100,False,0,car,0 days 00:17:47.165000,0 days 01:13:23.773000
2024-05-19 13:21:04.079,9931,201,5,100,False,0,car,0 days 00:17:47.485000,0 days 01:13:24.093000
2024-05-19 13:21:04.359,10879,211,5,100,False,0,car,0 days 00:17:47.765000,0 days 01:13:24.373000
2024-05-19 13:21:04.559,11146,213,5,100,False,0,car,0 days 00:17:47.965000,0 days 01:13:24.573000
2024-05-19 13:21:04.759,11146,220,5,100,False,0,car,0 days 00:17:48.165000,0 days 01:13:24.773000
2024-05-19 13:21:05.078,11579,225,5,100,False,0,car,0 days 00:17:48.484000,0 days 01:13:25.092000
2024-05-19 13:21:05.399,10413,231,5,100,False,0,car,0 days 00:17:48.805000,0 days 01:13:25.413000
2024-05-19 13:21:05.679,10650,234,6,100,False,0,car,0 days 00:17:49.085000,0 days 01:13:25.693000
2024-05-19 13:21:05.879,10784,237,6,100,False,0,car,0 days 00:17:49.285000,0 days 01:13:25.893000
2024-05-19 13:21:06.119,10915,241,6,100,False,0,car,0 days 00:17:49.525000,0 days 01:13:26.133000
2024-05-19 13:21:06.399,11137,249,6,100,False,0,car,0 days 00:17:49.805000,0 days 01:13:26.413000
2024-05-19 13:21:06.759,11329,254,6,100,False,0,car,0 days 00:17:50.165000,0 days 01:13:26.773000
2024-05-19 13:21:06.959,11468,255,6,100,False,0,car,0 days 00:17:50.365000,0 days 01:13:26.973000
2024-05-19 13:21:07.119,11639,259,6,100,False,0,car,0 days 00:17:50.525000,0 days 01:13:27.133000
2024-05-19 13:21:07.399,10946,264,6,100,False,0,car,0 days 00:17:50.805000,0 days 01:13:27.413000
2024-05-19 13:21:07.559,10500,265,7,100,False,0,car,0 days 00:17:50.965000,0 days 01:13:27.573000
2024-05-19 13:21:07.759,10671,268,7,100,False,0,car,0 days 00:17:51.165000,0 days 01:13:27.773000
2024-05-19 13:21:08.079,10823,271,7,100,False,0,car,0 days 00:17:51.485000,0 days 01:13:28.093000
2024-05-19 13:21:08.319,10938,275,7,100,False,0,car,0 days 00:17:51.725000,0 days 01:13:28.333000
2024-05-19 13:21:08.519,10984,277,7,100,False,0,car,0 days 00:17:51.925000,0 days 01:13:28.533000
2024-05-19 13:21:08.799,11105,281,7,100,False,0,car,0 days 00:17:52.205000,0 days 01:13:28.813000
2024-05-19 13:21:08.959,11175,281,7,100,False,0,car,0 days 00:17:52.365000,0 days 01:13:28.973000
2024-05-19 13:21:09.199,11104,283,7,100,False,0,car,0 days 00:17:52.605000,0 days 01:13:29.213000
2024-05-19 13:21:09.519,11231,282,7,100,False,0,car,0 days 00:17:52.925000,0 days 01:13:29.533000
2024-05-19 13:21:09.719,11106,283,7,100,False,0,car,0 days 00:17:53.125000,0 days 01:13:29.733000
2024-05-19 13:21:10.119,11000,280,7,36,True,0,car,0 days 00:17:53.525000,0 days 01:13:30.133000
2024-05-19 13:21:10.559,9976,261,7,0,True,0,car,0 days 00:17:53.965000,0 days 01:13:30.573000
2024-05-19 13:21:10.919,10426,238,6,0,True,0,car,0 days 00:17:54.325000,0 days 01:13:30.933000
2024-05-19 13:21:11.159,10371,231,6,0,True,0,car,0 days 00:17:54.565000,0 days 01:13:31.173000
2024-05-19 13:21:11.519,9586,221,6,3,True,0,car,0 days 00:17:54.925000,0 days 01:13:31.533000
2024-05-19 13:21:11.718,9279,203,6,0,True,0,car,0 days 00:17:55.124000,0 days 01:13:31.732000
2024-05-19 13:21:11.959,9432,190,5,0,True,0,car,0 days 00:17:55.365000,0 days 01:13:31.973000
2024-05-19 13:21:12.159,8863,180,5,0,True,0,car,0 days 00:17:55.565000,0 days 01:13:32.173000
2024-05-19 13:21:12.359,8637,174,5,0,True,0,car,0 days 00:17:55.765000,0 days 01:13:32.373000
2024-05-19 13:21:12.599,8485,166,5,2,False,0,car,0 days 00:17:56.005000,0 days 01:13:32.613000
2024-05-19 13:21:12.879,8588,163,5,51,False,0,car,0 days 00:17:56.285000,0 days 01:13:32.893000
2024-05-19 13:21:13.199,8766,167,5,69,False,0,car,0 days 00:17:56.605000,0 days 01:13:33.213000
2024-05-19 13:21:13.439,9046,172,5,69,False,0,car,0 days 00:17:56.845000,0 days 01:13:33.453000
2024-05-19 13:21:13.679,9594,177,5,100,False,0,car,0 days 00:17:57.085000,0 days 01:13:33.693000
2024-05-19 13:21:13.919,9726,182,5,100,False,0,car,0 days 00:17:57.325000,0 days 01:13:33.933000
2024-05-19 13:21:14.239,10508,194,5,100,False,0,car,0 days 00:17:57.645000,0 days 01:13:34.253000
2024-05-19 13:21:14.439,10365,198,5,100,False,0,car,0 days 00:17:57.845000,0 days 01:13:34.453000
2024-05-19 13:21:14.599,10513,205,5,100,False,0,car,0 days 00:17:58.005000,0 days 01:13:34.613000
2024-05-19 13:21:14.919,11057,213,5,100,False,0,car,0 days 00:17:58.325000,0 days 01:13:34.933000
2024-05-19 13:21:15.199,11340,220,5,100,False,0,car,0 days 00:17:58.605000,0 days 01:13:35.213000
2024-05-19 13:21:15.399,11408,222,5,100,False,0,car,0 days 00:17:58.805000,0 days 01:13:35.413000
2024-05-19 13:21:15.759,11530,224,5,100,False,0,car,0 days 00:17:59.165000,0 days 01:13:35.773000
2024-05-19 13:21:15.999,11504,228,5,100,False,0,car,0 days 00:17:59.405000,0 days 01:13:36.013000
2024-05-19 13:21:16.159,11351,228,5,0,True,0,car,0 days 00:17:59.565000,0 days 01:13:36.173000
2024-05-19 13:21:16.319,11051,216,5,0,True,0,car,0 days 00:17:59.725000,0 days 01:13:36.333000
2024-05-19 13:21:16.559,10052,198,5,0,True,0,car,0 days 00:17:59.965000,0 days 01:13:36.573000
2024-05-19 13:21:16.799,10195,171,5,0,True,0,car,0 days 00:18:00.205000,0 days 01:13:36.813000
2024-05-19 13:21:16.999,10726,157,4,0,True,0,car,0 days 00:18:00.405000,0 days 01:13:37.013000
2024-05-19 13:21:17.199,11067,146,3,0,True,0,car,0 days 00:18:00.605000,0 days 01:13:37.213000
2024-05-19 13:21:17.359,9947,142,3,0,True,0,car,0 days 00:18:00.765000,0 days 01:13:37.373000
2024-05-19 13:21:17.639,8797,127,3,0,True,0,car,0 days 00:18:01.045000,0 days 01:13:37.653000
2024-05-19 13:21:17.799,8535,120,3,0,True,0,car,0 days 00:18:01.205000,0 days 01:13:37.813000
2024-05-19 13:21:18.039,7766,112,3,0,True,0,car,0 days 00:18:01.445000,0 days 01:13:38.053000
2024-05-19 13:21:18.479,7158,103,3,0,True,0,car,0 days 00:18:01.885000,0 days 01:13:38.493000
2024-05-19 13:21:18.799,6813,97,3,0,False,0,car,0 days 00:18:02.205000,0 days 01:13:38.813000
2024-05-19 13:21:18.999,6736,92,3,3,False,0,car,0 days 00:18:02.405000,0 days 01:13:39.013000
2024-05-19 13:21:19.239,6928,93,3,9,False,0,car,0 days 00:18:02.645000,0 days 01:13:39.253000
2024-05-19 13:21:19.399,6993,94,3,28,False,0,car,0 days 00:18:02.805000,0 days 01:13:39.413000
2024-05-19 13:21:19.719,7343,97,3,37,False,0,car,0 days 00:18:03.125000,0 days 01:13:39.733000
2024-05-19 13:21:19.959,7594,100,3,46,False,0,car,0 days 00:18:03.365000,0 days 01:13:39.973000
2024-05-19 13:21:20.119,7893,104,3,50,False,0,car,0 days 00:18:03.525000,0 days 01:13:40.133000
2024-05-19 13:21:20.519,8786,115,3,70,False,0,car,0 days 00:18:03.925000,0 days 01:13:40.533000
2024-05-19 13:21:20.679,9217,118,3,75,False,0,car,0 days 00:18:04.085000,0 days 01:13:40.693000
2024-05-19 13:21:20.839,9407,125,3,82,False,0,car,0 days 00:18:04.245000,0 days 01:13:40.853000
2024-05-19 13:21:21.119,10218,139,3,93,False,0,car,0 days 00:18:04.525000,0 days 01:13:41.133000
2024-05-19 13:21:21.439,11395,153,3,100,False,0,car,0 days 00:18:04.845000,0 days 01:13:41.453000
2024-05-19 13:21:21.759,10299,166,4,100,False,0,car,0 days 00:18:05.165000,0 days 01:13:41.773000
2024-05-19 13:21:22.119,11119,181,4,100,False,0,car,0 days 00:18:05.525000,0 days 01:13:42.133000
2024-05-19 13:21:22.439,11577,191,4,100,False,0,car,0 days 00:18:05.845000,0 days 01:13:42.453000
2024-05-19 13:21:22.839,10537,203,4,100,False,0,car,0 days 00:18:06.245000,0 days 01:13:42.853000
2024-05-19 13:21:23.119,10985,211,5,100,False,0,car,0 days 00:18:06.525000,0 days 01:13:43.133000
2024-05-19 13:21:23.439,11245,220,5,100,False,0,car,0 days 00:18:06.845000,0 days 01:13:43.453000
2024-05-19 13:21:23.799,11691,229,5,100,False,0,car,0 days 00:18:07.205000,0 days 01:13:43.813000
2024-05-19 13:21:23.999,10424,233,5,100,False,0,car,0 days 00:18:07.405000,0 days 01:13:44.013000
2024-05-19 13:21:24.239,10675,237,6,100,False,0,car,0 days 00:18:07.645000,0 days 01:13:44.253000
2024-05-19 13:21:24.479,10880,241,6,100,False,0,car,0 days 00:18:07.885000,0 days 01:13:44.493000
2024-05-19 13:21:24.679,10987,243,6,100,False,0,car,0 days 00:18:08.085000,0 days 01:13:44.693000
2024-05-19 13:21:24.919,11176,249,6,100,False,0,car,0 days 00:18:08.325000,0 days 01:13:44.933000
2024-05-19 13:21:25.080,11293,251,6,100,False,0,car,0 days 00:18:08.486000,0 days 01:13:45.094000
2024-05-19 13:21:25.319,11378,254,6,100,False,0,car,0 days 00:18:08.725000,0 days 01:13:45.333000
2024-05-19 13:21:25.639,11586,259,6,100,False,0,car,0 days 00:18:09.045000,0 days 01:13:45.653000
2024-05-19 13:21:25.799,10886,260,6,100,False,0,car,0 days 00:18:09.205000,0 days 01:13:45.813000
2024-05-19 13:21:26.039,10493,263,7,100,False,0,car,0 days 00:18:09.445000,0 days 01:13:46.053000
2024-05-19 13:21:26.199,10512,265,7,100,False,0,car,0 days 00:18:09.605000,0 days 01:13:46.213000
2024-05-19 13:21:26.519,10636,266,7,100,False,0,car,0 days 00:18:09.925000,0 days 01:13:46.533000
2024-05-19 13:21:26.679,10618,267,7,100,False,0,car,0 days 00:18:10.085000,0 days 01:13:46.693000
2024-05-19 13:21:26.959,10689,267,7,100,False,0,car,0 days 00:18:10.365000,0 days 01:13:46.973000
2024-05-19 13:21:27.159,10745,267,7,100,False,0,car,0 days 00:18:10.565000,0 days 01:13:47.173000
2024-05-19 13:21:27.479,10707,269,7,100,False,0,car,0 days 00:18:10.885000,0 days 01:13:47.493000
2024-05-19 13:21:27.719,10684,270,7,100,False,0,car,0 days 00:18:11.125000,0 days 01:13:47.733000
2024-05-19 13:21:27.919,10734,270,7,100,False,0,car,0 days 00:18:11.325000,0 days 01:13:47.933000
2024-05-19 13:21:28.159,10441,271,7,36,True,0,car,0 days 00:18:11.565000,0 days 01:13:48.173000
2024-05-19 13:21:28.519,9897,248,7,0,True,0,car,0 days 00:18:11.925000,0 days 01:13:48.533000
2024-05-19 13:21:28.879,9822,226,6,0,True,0,car,0 days 00:18:12.285000,0 days 01:13:48.893000
2024-05-19 13:21:29.039,10698,215,6,0,True,0,car,0 days 00:18:12.445000,0 days 01:13:49.053000
2024-05-19 13:21:29.319,10323,206,5,1,True,0,car,0 days 00:18:12.725000,0 days 01:13:49.333000
2024-05-19 13:21:29.599,10163,200,5,8,False,0,car,0 days 00:18:13.005000,0 days 01:13:49.613000
2024-05-19 13:21:29.839,10167,196,5,52,False,0,car,0 days 00:18:13.245000,0 days 01:13:49.853000
2024-05-19 13:21:30.119,10487,198,5,87,False,0,car,0 days 00:18:13.525000,0 days 01:13:50.133000
2024-05-19 13:21:30.399,10852,204,5,100,False,0,car,0 days 00:18:13.805000,0 days 01:13:50.413000
2024-05-19 13:21:30.639,11002,209,5,97,False,0,car,0 days 00:18:14.045000,0 days 01:13:50.653000
2024-05-19 13:21:30.839,11068,214,5,100,False,0,car,0 days 00:18:14.245000,0 days 01:13:50.853000
2024-05-19 13:21:31.239,11739,223,5,100,False,0,car,0 days 00:18:14.645000,0 days 01:13:51.253000
2024-05-19 13:21:31.399,11466,225,5,100,False,0,car,0 days 00:18:14.805000,0 days 01:13:51.413000
2024-05-19 13:21:31.600,10213,230,6,100,False,0,car,0 days 00:18:15.006000,0 days 01:13:51.614000
2024-05-19 13:21:31.840,10673,235,6,100,False,0,car,0 days 00:18:15.246000,0 days 01:13:51.854000
2024-05-19 13:21:32.319,11085,245,6,100,False,0,car,0 days 00:18:15.725000,0 days 01:13:52.333000
2024-05-19 13:21:32.759,11412,252,6,100,False,0,car,0 days 00:18:16.165000,0 days 01:13:52.773000
2024-05-19 13:21:32.999,11489,257,6,100,False,0,car,0 days 00:18:16.405000,0 days 01:13:53.013000
2024-05-19 13:21:33.239,11645,261,6,100,False,0,car,0 days 00:18:16.645000,0 days 01:13:53.253000
2024-05-19 13:21:33.399,10945,263,6,100,False,0,car,0 days 00:18:16.805000,0 days 01:13:53.413000
2024-05-19 13:21:33.679,10530,264,7,100,False,0,car,0 days 00:18:17.085000,0 days 01:13:53.693000
2024-05-19 13:21:33.959,10634,267,7,100,False,0,car,0 days 00:18:17.365000,0 days 01:13:53.973000
2024-05-19 13:21:34.319,10553,270,7,100,False,0,car,0 days 00:18:17.725000,0 days 01:13:54.333000
2024-05-19 13:21:34.719,10650,270,7,100,False,0,car,0 days 00:18:18.125000,0 days 01:13:54.733000
2024-05-19 13:21:35.039,10529,269,7,0,True,0,car,0 days 00:18:18.445000,0 days 01:13:55.053000
2024-05-19 13:21:35.439,9927,257,7,0,False,0,car,0 days 00:18:18.845000,0 days 01:13:55.453000
2024-05-19 13:21:35.759,9491,248,7,0,False,0,car,0 days 00:18:19.165000,0 days 01:13:55.773000
2024-05-19 13:21:35.959,9115,239,7,0,False,0,car,0 days 00:18:19.365000,0 days 01:13:55.973000
2024-05-19 13:21:36.119,9243,225,7,0,False,0,car,0 days 00:18:19.525000,0 days 01:13:56.133000
2024-05-19 13:21:36.319,9675,216,7,0,True,0,car,0 days 00:18:19.725000,0 days 01:13:56.333000
2024-05-19 13:21:36.479,9826,198,7,0,True,0,car,0 days 00:18:19.885000,0 days 01:13:56.493000
2024-05-19 13:21:36.839,9719,164,5,0,True,0,car,0 days 00:18:20.245000,0 days 01:13:56.853000
2024-05-19 13:21:36.999,9337,159,4,0,True,0,car,0 days 00:18:20.405000,0 days 01:13:57.013000
2024-05-19 13:21:37.159,8844,154,4,0,True,0,car,0 days 00:18:20.565000,0 days 01:13:57.173000
2024-05-19 13:21:37.319,8206,146,4,0,True,0,car,0 days 00:18:20.725000,0 days 01:13:57.333000
2024-05-19 13:21:37.559,7939,136,4,0,True,0,car,0 days 00:18:20.965000,0 days 01:13:57.573000
2024-05-19 13:21:37.919,7542,131,4,0,False,0,car,0 days 00:18:21.325000,0 days 01:13:57.933000
2024-05-19 13:21:38.320,7584,123,4,30,False,0,car,0 days 00:18:21.726000,0 days 01:13:58.334000
2024-05-19 13:21:38.719,8154,129,4,71,False,0,car,0 days 00:18:22.125000,0 days 01:13:58.733000
2024-05-19 13:21:38.879,8617,133,4,93,False,0,car,0 days 00:18:22.285000,0 days 01:13:58.893000
2024-05-19 13:21:39.319,9218,150,4,100,False,0,car,0 days 00:18:22.725000,0 days 01:13:59.333000
2024-05-19 13:21:39.639,10107,158,4,100,False,0,car,0 days 00:18:23.045000,0 days 01:13:59.653000
2024-05-19 13:21:39.919,10599,172,4,100,False,0,car,0 days 00:18:23.325000,0 days 01:13:59.933000
2024-05-19 13:21:40.119,11120,179,4,100,False,0,car,0 days 00:18:23.525000,0 days 01:14:00.133000
2024-05-19 13:21:40.319,11403,185,4,100,False,0,car,0 days 00:18:23.725000,0 days 01:14:00.333000
2024-05-19 13:21:40.519,11610,191,4,100,False,0,car,0 days 00:18:23.925000,0 days 01:14:00.533000
2024-05-19 13:21:40.679,11610,191,4,100,False,0,car,0 days 00:18:24.085000,0 days 01:14:00.693000
2024-05-19 13:21:40.919,10493,200,4,100,False,0,car,0 days 00:18:24.325000,0 days 01:14:00.933000
2024-05-19 13:21:41.119,10700,209,5,100,False,0,car,0 days 00:18:24.525000,0 days 01:14:01.133000
2024-05-19 13:21:41.559,11343,220,5,100,False,0,car,0 days 00:18:24.965000,0 days 01:14:01.573000
2024-05-19 13:21:41.719,11503,225,5,100,False,0,car,0 days 00:18:25.125000,0 days 01:14:01.733000
2024-05-19 13:21:41.959,11673,229,5,100,False,0,car,0 days 00:18:25.365000,0 days 01:14:01.973000
2024-05-19 13:21:42.719,11000,240,6,100,False,0,car,0 days 00:18:26.125000,0 days 01:14:02.733000
2024-05-19 13:21:42.959,11066,244,6,100,False,0,car,0 days 00:18:26.365000,0 days 01:14:02.973000
2024-05-19 13:21:43.239,11046,251,6,100,False,0,car,0 days 00:18:26.645000,0 days 01:14:03.253000
2024-05-19 13:21:43.559,11351,253,6,100,False,0,car,0 days 00:18:26.965000,0 days 01:14:03.573000
2024-05-19 13:21:43.719,11437,256,6,100,False,0,car,0 days 00:18:27.125000,0 days 01:14:03.733000
2024-05-19 13:21:43.999,11393,256,6,100,False,0,car,0 days 00:18:27.405000,0 days 01:14:04.013000
2024-05-19 13:21:44.319,11481,256,6,100,False,0,car,0 days 00:18:27.725000,0 days 01:14:04.333000
2024-05-19 13:21:44.680,11554,258,6,87,False,0,car,0 days 00:18:28.086000,0 days 01:14:04.694000
2024-05-19 13:21:44.880,11303,257,6,0,False,0,car,0 days 00:18:28.286000,0 days 01:14:04.894000
2024-05-19 13:21:45.080,11104,251,6,0,True,0,car,0 days 00:18:28.486000,0 days 01:14:05.094000
2024-05-19 13:21:45.280,10621,232,6,0,True,0,car,0 days 00:18:28.686000,0 days 01:14:05.294000
2024-05-19 13:21:45.559,9973,201,6,0,True,0,car,0 days 00:18:28.965000,0 days 01:14:05.573000
2024-05-19 13:21:45.839,10511,181,5,0,True,0,car,0 days 00:18:29.245000,0 days 01:14:05.853000
2024-05-19 13:21:46.039,9849,166,5,0,True,0,car,0 days 00:18:29.445000,0 days 01:14:06.053000
2024-05-19 13:21:46.199,9149,148,4,0,True,0,car,0 days 00:18:29.605000,0 days 01:14:06.213000
2024-05-19 13:21:46.359,8420,144,4,0,True,0,car,0 days 00:18:29.765000,0 days 01:14:06.373000
2024-05-19 13:21:46.599,7734,130,4,0,True,0,car,0 days 00:18:30.005000,0 days 01:14:06.613000
2024-05-19 13:21:46.799,7261,124,4,0,True,0,car,0 days 00:18:30.205000,0 days 01:14:06.813000
2024-05-19 13:21:47.079,6957,122,4,0,False,0,car,0 days 00:18:30.485000,0 days 01:14:07.093000
2024-05-19 13:21:47.239,6682,116,4,0,False,0,car,0 days 00:18:30.645000,0 days 01:14:07.253000
2024-05-19 13:21:47.399,7382,109,4,0,False,0,car,0 days 00:18:30.805000,0 days 01:14:07.413000
2024-05-19 13:21:47.759,7256,108,3,0,True,0,car,0 days 00:18:31.165000,0 days 01:14:07.773000
2024-05-19 13:21:47.959,7179,104,3,0,False,0,car,0 days 00:18:31.365000,0 days 01:14:07.973000
2024-05-19 13:21:48.119,7044,102,3,0,False,0,car,0 days 00:18:31.525000,0 days 01:14:08.133000
2024-05-19 13:21:48.319,7195,97,3,15,False,0,car,0 days 00:18:31.725000,0 days 01:14:08.333000
2024-05-19 13:21:48.519,7634,99,3,31,False,0,car,0 days 00:18:31.925000,0 days 01:14:08.533000
2024-05-19 13:21:48.759,7729,102,3,43,False,0,car,0 days 00:18:32.165000,0 days 01:14:08.773000
2024-05-19 13:21:48.959,8336,106,3,59,False,0,car,0 days 00:18:32.365000,0 days 01:14:08.973000
2024-05-19 13:21:49.159,8771,113,3,69,False,0,car,0 days 00:18:32.565000,0 days 01:14:09.173000
2024-05-19 13:21:49.359,9547,120,3,79,False,0,car,0 days 00:18:32.765000,0 days 01:14:09.373000
2024-05-19 13:21:49.559,9986,127,3,82,False,0,car,0 days 00:18:32.965000,0 days 01:14:09.573000
2024-05-19 13:21:49.759,10529,136,3,95,False,0,car,0 days 00:18:33.165000,0 days 01:14:09.773000
2024-05-19 13:21:50.199,9915,160,3,100,False,0,car,0 days 00:18:33.605000,0 days 01:14:10.213000
2024-05-19 13:21:50.439,10495,168,4,100,False,0,car,0 days 00:18:33.845000,0 days 01:14:10.453000
2024-05-19 13:21:50.639,10848,177,4,100,False,0,car,0 days 00:18:34.045000,0 days 01:14:10.653000
2024-05-19 13:21:50.799,10848,183,4,100,False,0,car,0 days 00:18:34.205000,0 days 01:14:10.813000
2024-05-19 13:21:51.039,11525,191,4,100,False,0,car,0 days 00:18:34.445000,0 days 01:14:11.053000
2024-05-19 13:21:51.320,10731,200,4,100,False,0,car,0 days 00:18:34.726000,0 days 01:14:11.334000
2024-05-19 13:21:51.720,10949,210,5,100,False,0,car,0 days 00:18:35.126000,0 days 01:14:11.734000
2024-05-19 13:21:52.000,11275,216,5,100,False,0,car,0 days 00:18:35.406000,0 days 01:14:12.014000
2024-05-19 13:21:52.159,11525,224,5,100,False,0,car,0 days 00:18:35.565000,0 days 01:14:12.173000
2024-05-19 13:21:52.399,11778,231,5,100,False,0,car,0 days 00:18:35.805000,0 days 01:14:12.413000
2024-05-19 13:21:52.679,10616,235,5,100,False,0,car,0 days 00:18:36.085000,0 days 01:14:12.693000
2024-05-19 13:21:52.879,10694,239,6,100,False,0,car,0 days 00:18:36.285000,0 days 01:14:12.893000
2024-05-19 13:21:53.159,11071,245,6,100,False,0,car,0 days 00:18:36.565000,0 days 01:14:13.173000
2024-05-19 13:21:53.399,11213,251,6,100,False,0,car,0 days 00:18:36.805000,0 days 01:14:13.413000
2024-05-19 13:21:53.599,11302,255,6,100,False,0,car,0 days 00:18:37.005000,0 days 01:14:13.613000
2024-05-19 13:21:53.919,11557,259,6,100,False,0,car,0 days 00:18:37.325000,0 days 01:14:13.933000
2024-05-19 13:21:54.239,10987,262,6,100,False,0,car,0 days 00:18:37.645000,0 days 01:14:14.253000
2024-05-19 13:21:54.479,10616,266,7,100,False,0,car,0 days 00:18:37.885000,0 days 01:14:14.493000
2024-05-19 13:21:54.679,10616,269,7,100,False,0,car,0 days 00:18:38.085000,0 days 01:14:14.693000
2024-05-19 13:21:54.999,10812,273,7,100,False,0,car,0 days 00:18:38.405000,0 days 01:14:15.013000
2024-05-19 13:21:55.159,10916,273,7,100,False,0,car,0 days 00:18:38.565000,0 days 01:14:15.173000
2024-05-19 13:21:55.399,11022,278,7,100,False,0,car,0 days 00:18:38.805000,0 days 01:14:15.413000
2024-05-19 13:21:55.719,11077,280,7,100,False,0,car,0 days 00:18:39.125000,0 days 01:14:15.733000
2024-05-19 13:21:55.919,11077,281,7,100,False,0,car,0 days 00:18:39.325000,0 days 01:14:15.933000
2024-05-19 13:21:56.199,11251,284,7,100,False,0,car,0 days 00:18:39.605000,0 days 01:14:16.213000
2024-05-19 13:21:56.439,11301,284,7,100,False,0,car,0 days 00:18:39.845000,0 days 01:14:16.453000
2024-05-19 13:21:56.639,11437,288,7,100,False,0,car,0 days 00:18:40.045000,0 days 01:14:16.653000
2024-05-19 13:21:56.879,11437,291,7,100,False,0,car,0 days 00:18:40.285000,0 days 01:14:16.893000
2024-05-19 13:21:57.759,11279,288,7,57,False,0,car,0 days 00:18:41.165000,0 days 01:14:17.773000
2024-05-19 13:21:57.920,11080,285,7,1,False,0,car,0 days 00:18:41.326000,0 days 01:14:17.934000
2024-05-19 13:21:58.240,11156,275,7,0,True,0,car,0 days 00:18:41.646000,0 days 01:14:18.254000
2024-05-19 13:21:58.520,9904,245,7,0,True,0,car,0 days 00:18:41.926000,0 days 01:14:18.534000
2024-05-19 13:21:58.720,9718,223,7,0,True,0,car,0 days 00:18:42.126000,0 days 01:14:18.734000
2024-05-19 13:21:58.879,10234,212,7,0,True,0,car,0 days 00:18:42.285000,0 days 01:14:18.893000
2024-05-19 13:21:59.239,10382,170,7,0,True,0,car,0 days 00:18:42.645000,0 days 01:14:19.253000
2024-05-19 13:21:59.599,10390,148,4,0,True,0,car,0 days 00:18:43.005000,0 days 01:14:19.613000
2024-05-19 13:21:59.799,9416,132,3,0,True,0,car,0 days 00:18:43.205000,0 days 01:14:19.813000
2024-05-19 13:21:59.959,8917,128,3,0,True,0,car,0 days 00:18:43.365000,0 days 01:14:19.973000
2024-05-19 13:22:00.279,8510,122,3,0,True,0,car,0 days 00:18:43.685000,0 days 01:14:20.293000
2024-05-19 13:22:00.439,8287,119,3,0,False,0,car,0 days 00:18:43.845000,0 days 01:14:20.453000
2024-05-19 13:22:00.639,8458,114,3,2,False,0,car,0 days 00:18:44.045000,0 days 01:14:20.653000
2024-05-19 13:22:01.039,8557,113,3,39,False,0,car,0 days 00:18:44.445000,0 days 01:14:21.053000
2024-05-19 13:22:01.279,8831,116,3,51,False,0,car,0 days 00:18:44.685000,0 days 01:14:21.293000
2024-05-19 13:22:01.559,9446,122,3,65,False,0,car,0 days 00:18:44.965000,0 days 01:14:21.573000
2024-05-19 13:22:01.879,10349,130,3,83,False,0,car,0 days 00:18:45.285000,0 days 01:14:21.893000
2024-05-19 13:22:02.079,11108,136,3,94,False,0,car,0 days 00:18:45.485000,0 days 01:14:22.093000
2024-05-19 13:22:02.359,11154,153,3,100,False,0,car,0 days 00:18:45.765000,0 days 01:14:22.373000
2024-05-19 13:22:02.599,10633,160,4,95,False,0,car,0 days 00:18:46.005000,0 days 01:14:22.613000
2024-05-19 13:22:02.799,9434,164,4,5,True,0,car,0 days 00:18:46.205000,0 days 01:14:22.813000
2024-05-19 13:22:03.119,8831,151,4,0,True,0,car,0 days 00:18:46.525000,0 days 01:14:23.133000
2024-05-19 13:22:03.399,8528,146,4,1,True,0,car,0 days 00:18:46.805000,0 days 01:14:23.413000
2024-05-19 13:22:03.719,8354,137,4,2,True,0,car,0 days 00:18:47.125000,0 days 01:14:23.733000
2024-05-19 13:22:03.879,8127,136,4,4,False,0,car,0 days 00:18:47.285000,0 days 01:14:23.893000
2024-05-19 13:22:04.079,8168,135,4,14,False,0,car,0 days 00:18:47.485000,0 days 01:14:24.093000
2024-05-19 13:22:04.400,8489,136,4,51,False,0,car,0 days 00:18:47.806000,0 days 01:14:24.414000
2024-05-19 13:22:04.760,9038,141,4,70,False,0,car,0 days 00:18:48.166000,0 days 01:14:24.774000
2024-05-19 13:22:04.920,9500,150,4,79,False,0,car,0 days 00:18:48.326000,0 days 01:14:24.934000
2024-05-19 13:22:05.160,10355,156,4,100,False,0,car,0 days 00:18:48.566000,0 days 01:14:25.174000
2024-05-19 13:22:05.519,11073,173,4,100,False,0,car,0 days 00:18:48.925000,0 days 01:14:25.533000
2024-05-19 13:22:05.879,11320,181,4,100,False,0,car,0 days 00:18:49.285000,0 days 01:14:25.893000
2024-05-19 13:22:06.159,10900,191,4,100,False,0,car,0 days 00:18:49.565000,0 days 01:14:26.173000
2024-05-19 13:22:06.439,10574,200,5,100,False,0,car,0 days 00:18:49.845000,0 days 01:14:26.453000
2024-05-19 13:22:06.799,10960,211,5,100,False,0,car,0 days 00:18:50.205000,0 days 01:14:26.813000
2024-05-19 13:22:07.199,11277,225,5,100,False,0,car,0 days 00:18:50.605000,0 days 01:14:27.213000
2024-05-19 13:22:07.639,10777,232,5,100,False,0,car,0 days 00:18:51.045000,0 days 01:14:27.653000
2024-05-19 13:22:07.879,10749,236,6,100,False,0,car,0 days 00:18:51.285000,0 days 01:14:27.893000
2024-05-19 13:22:08.159,10989,242,6,100,False,0,car,0 days 00:18:51.565000,0 days 01:14:28.173000
2024-05-19 13:22:08.479,11187,248,6,100,False,0,car,0 days 00:18:51.885000,0 days 01:14:28.493000
2024-05-19 13:22:08.719,11399,253,6,100,False,0,car,0 days 00:18:52.125000,0 days 01:14:28.733000
2024-05-19 13:22:08.959,11558,256,6,100,False,0,car,0 days 00:18:52.365000,0 days 01:14:28.973000
2024-05-19 13:22:09.319,10669,262,6,100,False,0,car,0 days 00:18:52.725000,0 days 01:14:29.333000
2024-05-19 13:22:09.519,10601,265,7,100,False,0,car,0 days 00:18:52.925000,0 days 01:14:29.533000
2024-05-19 13:22:09.679,10670,267,7,100,False,0,car,0 days 00:18:53.085000,0 days 01:14:29.693000
2024-05-19 13:22:09.879,10770,267,7,100,False,0,car,0 days 00:18:53.285000,0 days 01:14:29.893000
2024-05-19 13:22:10.119,10895,274,7,100,False,0,car,0 days 00:18:53.525000,0 days 01:14:30.133000
2024-05-19 13:22:11.240,11260,284,7,100,False,0,car,0 days 00:18:54.646000,0 days 01:14:31.254000
2024-05-19 13:22:11.520,11376,286,7,100,False,0,car,0 days 00:18:54.926000,0 days 01:14:31.534000
2024-05-19 13:22:11.680,11376,287,7,100,False,0,car,0 days 00:18:55.086000,0 days 01:14:31.694000
2024-05-19 13:22:11.920,11497,290,7,100,False,0,car,0 days 00:18:55.326000,0 days 01:14:31.934000
2024-05-19 13:22:12.120,11551,291,7,100,False,0,car,0 days 00:18:55.526000,0 days 01:14:32.134000
2024-05-19 13:22:12.519,11580,293,7,100,False,0,car,0 days 00:18:55.925000,0 days 01:14:32.533000
2024-05-19 13:22:12.719,10880,294,7,100,False,0,car,0 days 00:18:56.125000,0 days 01:14:32.733000
2024-05-19 13:22:12.879,10557,295,7,100,False,0,car,0 days 00:18:56.285000,0 days 01:14:32.893000
2024-05-19 13:22:13.119,10602,296,8,100,False,0,car,0 days 00:18:56.525000,0 days 01:14:33.133000
2024-05-19 13:22:13.399,10655,298,8,100,False,0,car,0 days 00:18:56.805000,0 days 01:14:33.413000
2024-05-19 13:22:13.719,10738,301,8,100,False,0,car,0 days 00:18:57.125000,0 days 01:14:33.733000
2024-05-19 13:22:13.919,10753,301,8,100,False,0,car,0 days 00:18:57.325000,0 days 01:14:33.933000
2024-05-19 13:22:14.239,10762,302,8,100,False,0,car,0 days 00:18:57.645000,0 days 01:14:34.253000
2024-05-19 13:22:14.599,10762,302,8,100,False,0,car,0 days 00:18:58.005000,0 days 01:14:34.613000
2024-05-19 13:22:14.799,10860,305,8,100,False,0,car,0 days 00:18:58.205000,0 days 01:14:34.813000
2024-05-19 13:22:15.199,10921,306,8,100,False,0,car,0 days 00:18:58.605000,0 days 01:14:35.213000
2024-05-19 13:22:15.399,10921,307,8,100,False,0,car,0 days 00:18:58.805000,0 days 01:14:35.413000
2024-05-19 13:22:15.719,10921,307,8,100,False,0,car,0 days 00:18:59.125000,0 days 01:14:35.733000
2024-05-19 13:22:15.999,10938,308,8,100,False,0,car,0 days 00:18:59.405000,0 days 01:14:36.013000
2024-05-19 13:22:16.199,11008,309,8,100,False,0,car,0 days 00:18:59.605000,0 days 01:14:36.213000
2024-05-19 13:22:16.399,11012,310,8,100,False,0,car,0 days 00:18:59.805000,0 days 01:14:36.413000
2024-05-19 13:22:16.639,11058,310,8,100,False,0,car,0 days 00:19:00.045000,0 days 01:14:36.653000
2024-05-19 13:22:16.799,10965,310,8,100,False,0,car,0 days 00:19:00.205000,0 days 01:14:36.813000
2024-05-19 13:22:17.039,11069,310,8,100,False,0,car,0 days 00:19:00.445000,0 days 01:14:37.053000
2024-05-19 13:22:17.279,10995,309,8,100,False,0,car,0 days 00:19:00.685000,0 days 01:14:37.293000
2024-05-19 13:22:17.680,10958,307,8,100,False,0,car,0 days 00:19:01.086000,0 days 01:14:37.694000
2024-05-19 13:22:17.920,10951,307,8,100,False,0,car,0 days 00:19:01.326000,0 days 01:14:37.934000
2024-05-19 13:22:18.120,10890,306,8,100,False,0,car,0 days 00:19:01.526000,0 days 01:14:38.134000
2024-05-19 13:22:18.440,10888,306,8,100,False,0,car,0 days 00:19:01.846000,0 days 01:14:38.454000
2024-05-19 13:22:18.680,10877,305,8,100,False,0,car,0 days 00:19:02.086000,0 days 01:14:38.694000
2024-05-19 13:22:19.119,10765,305,8,100,False,0,car,0 days 00:19:02.525000,0 days 01:14:39.133000
2024-05-19 13:22:19.359,10774,303,8,100,False,0,car,0 days 00:19:02.765000,0 days 01:14:39.373000
2024-05-19 13:22:19.559,10700,303,8,100,False,0,car,0 days 00:19:02.965000,0 days 01:14:39.573000
2024-05-19 13:22:19.719,10670,301,8,100,False,0,car,0 days 00:19:03.125000,0 days 01:14:39.733000
2024-05-19 13:22:19.999,10541,299,8,45,False,0,car,0 days 00:19:03.405000,0 days 01:14:40.013000
2024-05-19 13:22:20.319,10053,293,8,0,False,0,car,0 days 00:19:03.725000,0 days 01:14:40.333000
2024-05-19 13:22:20.519,9852,286,8,0,True,0,car,0 days 00:19:03.925000,0 days 01:14:40.533000
2024-05-19 13:22:20.759,9363,270,8,0,True,0,car,0 days 00:19:04.165000,0 days 01:14:40.773000
2024-05-19 13:22:20.959,9408,247,8,0,True,0,car,0 days 00:19:04.365000,0 days 01:14:40.973000
2024-05-19 13:22:21.159,9735,224,8,0,True,0,car,0 days 00:19:04.565000,0 days 01:14:41.173000
2024-05-19 13:22:21.399,9486,195,8,0,True,0,car,0 days 00:19:04.805000,0 days 01:14:41.413000
2024-05-19 13:22:21.679,10066,180,5,0,True,0,car,0 days 00:19:05.085000,0 days 01:14:41.693000
2024-05-19 13:22:21.959,9300,165,4,0,True,0,car,0 days 00:19:05.365000,0 days 01:14:41.973000
2024-05-19 13:22:22.119,9144,158,4,0,True,0,car,0 days 00:19:05.525000,0 days 01:14:42.133000
2024-05-19 13:22:22.399,9058,153,4,8,False,0,car,0 days 00:19:05.805000,0 days 01:14:42.413000
2024-05-19 13:22:22.639,9207,148,4,40,False,0,car,0 days 00:19:06.045000,0 days 01:14:42.653000
2024-05-19 13:22:22.879,9412,151,4,62,False,0,car,0 days 00:19:06.285000,0 days 01:14:42.893000
2024-05-19 13:22:23.199,9938,158,4,96,False,0,car,0 days 00:19:06.605000,0 days 01:14:43.213000
2024-05-19 13:22:23.399,9824,167,4,69,False,0,car,0 days 00:19:06.805000,0 days 01:14:43.413000
2024-05-19 13:22:23.639,10165,167,4,41,False,0,car,0 days 00:19:07.045000,0 days 01:14:43.653000
2024-05-19 13:22:23.799,10242,169,4,50,False,0,car,0 days 00:19:07.205000,0 days 01:14:43.813000
2024-05-19 13:22:24.119,10735,171,4,80,False,0,car,0 days 00:19:07.525000,0 days 01:14:44.133000
2024-05-19 13:22:24.520,11184,179,4,99,False,0,car,0 days 00:19:07.926000,0 days 01:14:44.534000
2024-05-19 13:22:24.720,9926,185,4,100,False,0,car,0 days 00:19:08.126000,0 days 01:14:44.734000
2024-05-19 13:22:24.880,9926,188,4,100,False,0,car,0 days 00:19:08.286000,0 days 01:14:44.894000
2024-05-19 13:22:25.080,10366,194,5,100,False,0,car,0 days 00:19:08.486000,0 days 01:14:45.094000
2024-05-19 13:22:25.240,10609,200,5,100,False,0,car,0 days 00:19:08.646000,0 days 01:14:45.254000
2024-05-19 13:22:25.560,11115,209,5,100,False,0,car,0 days 00:19:08.966000,0 days 01:14:45.574000
2024-05-19 13:22:25.759,11330,211,5,100,False,0,car,0 days 00:19:09.165000,0 days 01:14:45.773000
2024-05-19 13:22:26.079,10202,220,6,100,False,0,car,0 days 00:19:09.485000,0 days 01:14:46.093000
2024-05-19 13:22:26.479,10411,228,6,100,False,0,car,0 days 00:19:09.885000,0 days 01:14:46.493000
2024-05-19 13:22:26.759,10648,232,6,100,False,0,car,0 days 00:19:10.165000,0 days 01:14:46.773000
2024-05-19 13:22:26.959,10788,236,6,100,False,0,car,0 days 00:19:10.365000,0 days 01:14:46.973000
2024-05-19 13:22:27.439,11083,246,6,100,False,0,car,0 days 00:19:10.845000,0 days 01:14:47.453000
2024-05-19 13:22:27.599,11194,248,6,100,False,0,car,0 days 00:19:11.005000,0 days 01:14:47.613000
2024-05-19 13:22:27.959,11377,253,6,100,False,0,car,0 days 00:19:11.365000,0 days 01:14:47.973000
2024-05-19 13:22:28.159,11493,256,6,100,False,0,car,0 days 00:19:11.565000,0 days 01:14:48.173000
2024-05-19 13:22:28.359,10373,257,6,100,False,0,car,0 days 00:19:11.765000,0 days 01:14:48.373000
2024-05-19 13:22:28.639,10554,263,7,100,False,0,car,0 days 00:19:12.045000,0 days 01:14:48.653000
2024-05-19 13:22:28.999,10702,269,7,100,False,0,car,0 days 00:19:12.405000,0 days 01:14:49.013000
2024-05-19 13:22:29.359,10910,274,7,100,False,0,car,0 days 00:19:12.765000,0 days 01:14:49.373000
2024-05-19 13:22:29.599,11001,276,7,100,False,0,car,0 days 00:19:13.005000,0 days 01:14:49.613000
2024-05-19 13:22:29.759,11009,276,7,100,False,0,car,0 days 00:19:13.165000,0 days 01:14:49.773000
2024-05-19 13:22:29.999,11069,279,7,100,False,0,car,0 days 00:19:13.405000,0 days 01:14:50.013000
2024-05-19 13:22:30.239,11116,281,7,100,False,0,car,0 days 00:19:13.645000,0 days 01:14:50.253000
2024-05-19 13:22:30.399,11179,282,7,100,False,0,car,0 days 00:19:13.805000,0 days 01:14:50.413000
2024-05-19 13:22:31.160,10938,282,7,5,False,0,car,0 days 00:19:14.566000,0 days 01:14:51.174000
2024-05-19 13:22:31.520,10250,264,7,0,True,0,car,0 days 00:19:14.926000,0 days 01:14:51.534000
2024-05-19 13:22:31.680,10302,257,7,0,True,0,car,0 days 00:19:15.086000,0 days 01:14:51.694000
2024-05-19 13:22:32.120,10084,232,6,1,True,0,car,0 days 00:19:15.526000,0 days 01:14:52.134000
2024-05-19 13:22:32.479,9509,225,6,1,True,0,car,0 days 00:19:15.885000,0 days 01:14:52.493000
2024-05-19 13:22:32.839,8988,216,6,0,True,0,car,0 days 00:19:16.245000,0 days 01:14:52.853000
2024-05-19 13:22:33.039,9433,192,6,0,True,0,car,0 days 00:19:16.445000,0 days 01:14:53.053000
2024-05-19 13:22:33.279,8798,187,5,0,True,0,car,0 days 00:19:16.685000,0 days 01:14:53.293000
2024-05-19 13:22:33.439,8492,175,5,0,True,0,car,0 days 00:19:16.845000,0 days 01:14:53.453000
2024-05-19 13:22:33.639,8495,170,5,2,False,0,car,0 days 00:19:17.045000,0 days 01:14:53.653000
2024-05-19 13:22:33.799,8354,165,5,11,False,0,car,0 days 00:19:17.205000,0 days 01:14:53.813000
2024-05-19 13:22:33.999,8462,163,5,40,False,0,car,0 days 00:19:17.405000,0 days 01:14:54.013000
2024-05-19 13:22:34.279,8620,163,5,61,False,0,car,0 days 00:19:17.685000,0 days 01:14:54.293000
2024-05-19 13:22:34.439,8780,164,5,69,False,0,car,0 days 00:19:17.845000,0 days 01:14:54.453000
2024-05-19 13:22:34.599,8853,167,5,97,False,0,car,0 days 00:19:18.005000,0 days 01:14:54.613000
2024-05-19 13:22:34.839,9355,173,5,100,False,0,car,0 days 00:19:18.245000,0 days 01:14:54.853000
2024-05-19 13:22:35.199,9770,185,5,100,False,0,car,0 days 00:19:18.605000,0 days 01:14:55.213000
2024-05-19 13:22:35.399,10272,190,5,100,False,0,car,0 days 00:19:18.805000,0 days 01:14:55.413000
2024-05-19 13:22:35.559,10225,193,5,100,False,0,car,0 days 00:19:18.965000,0 days 01:14:55.573000
2024-05-19 13:22:35.879,10709,202,5,100,False,0,car,0 days 00:19:19.285000,0 days 01:14:55.893000
2024-05-19 13:22:36.039,10950,208,5,100,False,0,car,0 days 00:19:19.445000,0 days 01:14:56.053000
2024-05-19 13:22:36.279,11150,213,5,100,False,0,car,0 days 00:19:19.685000,0 days 01:14:56.293000
2024-05-19 13:22:36.559,11241,218,5,100,False,0,car,0 days 00:19:19.965000,0 days 01:14:56.573000
2024-05-19 13:22:36.759,11382,221,5,100,False,0,car,0 days 00:19:20.165000,0 days 01:14:56.773000
2024-05-19 13:22:36.919,11440,222,5,100,False,0,car,0 days 00:19:20.325000,0 days 01:14:56.933000
2024-05-19 13:22:37.119,11481,224,5,100,False,0,car,0 days 00:19:20.525000,0 days 01:14:57.133000
2024-05-19 13:22:37.280,11192,225,5,5,False,0,car,0 days 00:19:20.686000,0 days 01:14:57.294000
2024-05-19 13:22:37.640,10812,210,5,0,True,0,car,0 days 00:19:21.046000,0 days 01:14:57.654000
2024-05-19 13:22:37.800,9692,190,5,0,True,0,car,0 days 00:19:21.206000,0 days 01:14:57.814000
2024-05-19 13:22:37.960,10075,181,5,0,True,0,car,0 days 00:19:21.366000,0 days 01:14:57.974000
2024-05-19 13:22:38.120,10915,172,4,0,True,0,car,0 days 00:19:21.526000,0 days 01:14:58.134000
2024-05-19 13:22:38.320,10550,152,4,0,True,0,car,0 days 00:19:21.726000,0 days 01:14:58.334000
2024-05-19 13:22:38.680,9102,136,3,0,True,0,car,0 days 00:19:22.086000,0 days 01:14:58.694000
2024-05-19 13:22:38.920,8405,123,3,0,True,0,car,0 days 00:19:22.326000,0 days 01:14:58.934000
2024-05-19 13:22:39.199,7980,116,3,0,True,0,car,0 days 00:19:22.605000,0 days 01:14:59.213000
2024-05-19 13:22:39.479,7492,111,3,0,True,0,car,0 days 00:19:22.885000,0 days 01:14:59.493000
2024-05-19 13:22:39.759,7137,104,3,0,False,0,car,0 days 00:19:23.165000,0 days 01:14:59.773000
2024-05-19 13:22:39.959,6945,102,3,0,False,0,car,0 days 00:19:23.365000,0 days 01:14:59.973000
2024-05-19 13:22:40.279,7152,95,3,23,False,0,car,0 days 00:19:23.685000,0 days 01:15:00.293000
2024-05-19 13:22:40.679,7419,97,3,31,False,0,car,0 days 00:19:24.085000,0 days 01:15:00.693000
2024-05-19 13:22:40.959,7629,99,3,41,False,0,car,0 days 00:19:24.365000,0 days 01:15:00.973000
2024-05-19 13:22:41.199,7821,105,3,45,False,0,car,0 days 00:19:24.605000,0 days 01:15:01.213000
2024-05-19 13:22:41.519,8515,109,3,57,False,0,car,0 days 00:19:24.925000,0 days 01:15:01.533000
2024-05-19 13:22:41.959,9707,120,3,86,False,0,car,0 days 00:19:25.365000,0 days 01:15:01.973000
2024-05-19 13:22:42.159,10687,129,3,94,False,0,car,0 days 00:19:25.565000,0 days 01:15:02.173000
2024-05-19 13:22:42.319,11054,137,3,100,False,0,car,0 days 00:19:25.725000,0 days 01:15:02.333000
2024-05-19 13:22:42.679,9794,150,3,100,False,0,car,0 days 00:19:26.085000,0 days 01:15:02.693000
2024-05-19 13:22:42.959,10054,163,4,100,False,0,car,0 days 00:19:26.365000,0 days 01:15:02.973000
2024-05-19 13:22:43.199,10877,175,4,100,False,0,car,0 days 00:19:26.605000,0 days 01:15:03.213000
2024-05-19 13:22:43.479,11231,179,4,100,False,0,car,0 days 00:19:26.885000,0 days 01:15:03.493000
2024-05-19 13:22:43.759,11741,189,4,100,False,0,car,0 days 00:19:27.165000,0 days 01:15:03.773000
2024-05-19 13:22:44.080,10571,201,4,100,False,0,car,0 days 00:19:27.486000,0 days 01:15:04.094000
2024-05-19 13:22:44.440,11087,213,5,100,False,0,car,0 days 00:19:27.846000,0 days 01:15:04.454000
2024-05-19 13:22:44.600,11228,218,5,100,False,0,car,0 days 00:19:28.006000,0 days 01:15:04.614000
2024-05-19 13:22:44.880,11540,223,5,100,False,0,car,0 days 00:19:28.286000,0 days 01:15:04.894000
2024-05-19 13:22:45.200,11103,232,5,100,False,0,car,0 days 00:19:28.606000,0 days 01:15:05.214000
2024-05-19 13:22:45.440,10736,236,5,100,False,0,car,0 days 00:19:28.846000,0 days 01:15:05.454000
2024-05-19 13:22:45.640,10840,239,6,100,False,0,car,0 days 00:19:29.046000,0 days 01:15:05.654000
2024-05-19 13:22:45.959,11088,245,6,100,False,0,car,0 days 00:19:29.365000,0 days 01:15:05.973000
2024-05-19 13:22:46.199,11200,250,6,100,False,0,car,0 days 00:19:29.605000,0 days 01:15:06.213000
2024-05-19 13:22:46.439,11386,253,6,100,False,0,car,0 days 00:19:29.845000,0 days 01:15:06.453000
2024-05-19 13:22:46.639,11508,255,6,100,False,0,car,0 days 00:19:30.045000,0 days 01:15:06.653000
2024-05-19 13:22:46.999,11565,260,6,100,False,0,car,0 days 00:19:30.405000,0 days 01:15:07.013000
2024-05-19 13:22:47.159,10448,262,6,100,False,0,car,0 days 00:19:30.565000,0 days 01:15:07.173000
2024-05-19 13:22:47.399,10597,264,7,100,False,0,car,0 days 00:19:30.805000,0 days 01:15:07.413000
2024-05-19 13:22:47.639,10525,266,7,100,False,0,car,0 days 00:19:31.045000,0 days 01:15:07.653000
2024-05-19 13:22:48.039,10633,267,7,100,False,0,car,0 days 00:19:31.445000,0 days 01:15:08.053000
2024-05-19 13:22:48.199,10721,268,7,100,False,0,car,0 days 00:19:31.605000,0 days 01:15:08.213000
2024-05-19 13:22:48.399,10781,269,7,100,False,0,car,0 days 00:19:31.805000,0 days 01:15:08.413000
2024-05-19 13:22:48.639,10682,269,7,100,False,0,car,0 days 00:19:32.045000,0 days 01:15:08.653000
2024-05-19 13:22:49.119,10706,270,7,100,False,0,car,0 days 00:19:32.525000,0 days 01:15:09.133000
2024-05-19 13:22:49.279,10724,270,7,97,False,0,car,0 days 00:19:32.685000,0 days 01:15:09.293000
2024-05-19 13:22:49.559,10209,267,7,0,True,0,car,0 days 00:19:32.965000,0 days 01:15:09.573000
2024-05-19 13:22:49.839,10281,245,7,0,True,0,car,0 days 00:19:33.245000,0 days 01:15:09.853000
2024-05-19 13:22:50.079,10996,231,7,0,True,0,car,0 days 00:19:33.485000,0 days 01:15:10.093000
2024-05-19 13:22:50.319,10748,216,7,0,True,0,car,0 days 00:19:33.725000,0 days 01:15:10.333000
2024-05-19 13:22:50.560,10379,211,5,1,True,0,car,0 days 00:19:33.966000,0 days 01:15:10.574000
2024-05-19 13:22:50.760,10333,205,5,21,False,0,car,0 days 00:19:34.166000,0 days 01:15:10.774000
2024-05-19 13:22:51.000,10049,199,5,36,False,0,car,0 days 00:19:34.406000,0 days 01:15:11.014000
2024-05-19 13:22:51.240,10259,196,5,74,False,0,car,0 days 00:19:34.646000,0 days 01:15:11.254000
2024-05-19 13:22:51.440,10399,199,5,76,False,0,car,0 days 00:19:34.846000,0 days 01:15:11.454000
2024-05-19 13:22:51.680,10428,199,5,80,False,0,car,0 days 00:19:35.086000,0 days 01:15:11.694000
2024-05-19 13:22:51.920,10889,205,5,100,False,0,car,0 days 00:19:35.326000,0 days 01:15:11.934000
2024-05-19 13:22:52.120,11154,210,5,100,False,0,car,0 days 00:19:35.526000,0 days 01:15:12.134000
2024-05-19 13:22:52.320,11386,217,5,100,False,0,car,0 days 00:19:35.726000,0 days 01:15:12.334000
2024-05-19 13:22:52.719,11438,225,5,100,False,0,car,0 days 00:19:36.125000,0 days 01:15:12.733000
2024-05-19 13:22:52.879,10347,226,5,100,False,0,car,0 days 00:19:36.285000,0 days 01:15:12.893000
2024-05-19 13:22:53.119,10653,232,6,100,False,0,car,0 days 00:19:36.525000,0 days 01:15:13.133000
2024-05-19 13:22:53.319,10865,237,6,100,False,0,car,0 days 00:19:36.725000,0 days 01:15:13.333000
2024-05-19 13:22:53.519,10972,242,6,100,False,0,car,0 days 00:19:36.925000,0 days 01:15:13.533000
2024-05-19 13:22:53.719,11020,245,6,100,False,0,car,0 days 00:19:37.125000,0 days 01:15:13.733000
2024-05-19 13:22:53.959,11343,250,6,100,False,0,car,0 days 00:19:37.365000,0 days 01:15:13.973000
2024-05-19 13:22:54.159,11452,252,6,100,False,0,car,0 days 00:19:37.565000,0 days 01:15:14.173000
2024-05-19 13:22:54.319,11657,255,6,100,False,0,car,0 days 00:19:37.725000,0 days 01:15:14.333000
2024-05-19 13:22:54.559,10607,259,6,100,False,0,car,0 days 00:19:37.965000,0 days 01:15:14.573000
2024-05-19 13:22:54.919,10584,265,7,100,False,0,car,0 days 00:19:38.325000,0 days 01:15:14.933000
2024-05-19 13:22:55.239,10758,269,7,100,False,0,car,0 days 00:19:38.645000,0 days 01:15:15.253000
2024-05-19 13:22:55.439,10757,271,7,100,False,0,car,0 days 00:19:38.845000,0 days 01:15:15.453000
2024-05-19 13:22:55.879,10830,272,7,91,False,0,car,0 days 00:19:39.285000,0 days 01:15:15.893000
2024-05-19 13:22:56.039,10705,273,7,9,False,0,car,0 days 00:19:39.445000,0 days 01:15:16.053000
2024-05-19 13:22:56.279,10261,268,7,0,True,0,car,0 days 00:19:39.685000,0 days 01:15:16.293000
2024-05-19 13:22:56.599,10226,258,7,0,False,0,car,0 days 00:19:40.005000,0 days 01:15:16.613000
2024-05-19 13:22:56.879,9883,252,7,0,True,0,car,0 days 00:19:40.285000,0 days 01:15:16.893000
2024-05-19 13:22:57.160,9085,248,7,0,True,0,car,0 days 00:19:40.566000,0 days 01:15:17.174000
2024-05-19 13:22:57.480,9313,219,7,0,True,0,car,0 days 00:19:40.886000,0 days 01:15:17.494000
2024-05-19 13:22:57.680,9597,202,6,0,True,0,car,0 days 00:19:41.086000,0 days 01:15:17.694000
2024-05-19 13:22:57.840,9084,184,6,0,True,0,car,0 days 00:19:41.246000,0 days 01:15:17.854000
2024-05-19 13:22:58.080,9336,169,5,0,True,0,car,0 days 00:19:41.486000,0 days 01:15:18.094000
2024-05-19 13:22:58.320,8661,152,4,0,True,0,car,0 days 00:19:41.726000,0 days 01:15:18.334000
2024-05-19 13:22:58.480,8398,148,4,0,True,0,car,0 days 00:19:41.886000,0 days 01:15:18.494000
2024-05-19 13:22:58.640,8258,141,4,0,True,0,car,0 days 00:19:42.046000,0 days 01:15:18.654000
2024-05-19 13:22:58.840,7790,137,4,0,True,0,car,0 days 00:19:42.246000,0 days 01:15:18.854000
2024-05-19 13:22:59.000,7631,132,4,0,True,0,car,0 days 00:19:42.406000,0 days 01:15:19.014000
2024-05-19 13:22:59.200,7729,127,4,4,False,0,car,0 days 00:19:42.606000,0 days 01:15:19.214000
2024-05-19 13:22:59.519,7645,123,4,34,False,0,car,0 days 00:19:42.925000,0 days 01:15:19.533000
2024-05-19 13:22:59.799,7863,128,4,62,False,0,car,0 days 00:19:43.205000,0 days 01:15:19.813000
2024-05-19 13:23:00.039,8242,130,4,70,False,0,car,0 days 00:19:43.445000,0 days 01:15:20.053000
2024-05-19 13:23:00.319,9632,141,4,100,False,0,car,0 days 00:19:43.725000,0 days 01:15:20.333000
2024-05-19 13:23:00.559,9647,150,4,100,False,0,car,0 days 00:19:43.965000,0 days 01:15:20.573000
2024-05-19 13:23:00.839,10068,160,4,100,False,0,car,0 days 00:19:44.245000,0 days 01:15:20.853000
2024-05-19 13:23:01.239,10810,174,4,100,False,0,car,0 days 00:19:44.645000,0 days 01:15:21.253000
2024-05-19 13:23:01.439,11036,177,4,100,False,0,car,0 days 00:19:44.845000,0 days 01:15:21.453000
2024-05-19 13:23:01.799,11881,194,4,100,False,0,car,0 days 00:19:45.205000,0 days 01:15:21.813000
2024-05-19 13:23:02.239,10823,206,5,100,False,0,car,0 days 00:19:45.645000,0 days 01:15:22.253000
2024-05-19 13:23:02.639,11282,216,5,100,False,0,car,0 days 00:19:46.045000,0 days 01:15:22.653000
2024-05-19 13:23:03.039,11775,226,5,100,False,0,car,0 days 00:19:46.445000,0 days 01:15:23.053000
2024-05-19 13:23:03.199,11259,230,5,100,False,0,car,0 days 00:19:46.605000,0 days 01:15:23.213000
2024-05-19 13:23:03.359,10542,232,6,100,False,0,car,0 days 00:19:46.765000,0 days 01:15:23.373000
2024-05-19 13:23:03.640,10730,238,6,100,False,0,car,0 days 00:19:47.046000,0 days 01:15:23.654000
2024-05-19 13:23:03.800,10885,242,6,100,False,0,car,0 days 00:19:47.206000,0 days 01:15:23.814000
2024-05-19 13:23:04.120,11081,246,6,100,False,0,car,0 days 00:19:47.526000,0 days 01:15:24.134000
2024-05-19 13:23:04.280,11177,246,6,100,False,0,car,0 days 00:19:47.686000,0 days 01:15:24.294000
2024-05-19 13:23:04.720,11420,256,6,100,False,0,car,0 days 00:19:48.126000,0 days 01:15:24.734000
2024-05-19 13:23:05.160,11436,258,6,100,False,0,car,0 days 00:19:48.566000,0 days 01:15:25.174000
2024-05-19 13:23:05.480,11635,258,6,100,False,0,car,0 days 00:19:48.886000,0 days 01:15:25.494000
2024-05-19 13:23:05.680,11578,259,6,100,False,0,car,0 days 00:19:49.086000,0 days 01:15:25.694000
2024-05-19 13:23:05.880,11442,259,6,54,False,0,car,0 days 00:19:49.286000,0 days 01:15:25.894000
2024-05-19 13:23:06.119,11296,257,6,0,False,0,car,0 days 00:19:49.525000,0 days 01:15:26.133000
2024-05-19 13:23:06.359,10230,244,6,0,True,0,car,0 days 00:19:49.765000,0 days 01:15:26.373000
2024-05-19 13:23:06.799,9530,191,6,0,True,0,car,0 days 00:19:50.205000,0 days 01:15:26.813000
2024-05-19 13:23:07.239,9207,159,5,0,True,0,car,0 days 00:19:50.645000,0 days 01:15:27.253000
2024-05-19 13:23:07.519,8658,144,4,0,True,0,car,0 days 00:19:50.925000,0 days 01:15:27.533000
2024-05-19 13:23:07.719,7896,134,4,0,True,0,car,0 days 00:19:51.125000,0 days 01:15:27.733000
2024-05-19 13:23:07.999,7379,123,4,0,True,0,car,0 days 00:19:51.405000,0 days 01:15:28.013000
2024-05-19 13:23:08.159,6905,121,4,0,True,0,car,0 days 00:19:51.565000,0 days 01:15:28.173000
2024-05-19 13:23:08.359,6727,115,4,0,False,0,car,0 days 00:19:51.765000,0 days 01:15:28.373000
2024-05-19 13:23:08.599,7287,113,4,0,False,0,car,0 days 00:19:52.005000,0 days 01:15:28.613000
2024-05-19 13:23:08.759,7431,109,3,0,True,0,car,0 days 00:19:52.165000,0 days 01:15:28.773000
2024-05-19 13:23:08.919,7226,108,3,0,True,0,car,0 days 00:19:52.325000,0 days 01:15:28.933000
2024-05-19 13:23:09.079,7230,108,3,0,False,0,car,0 days 00:19:52.485000,0 days 01:15:29.093000
2024-05-19 13:23:09.319,6981,99,3,0,False,0,car,0 days 00:19:52.725000,0 days 01:15:29.333000
2024-05-19 13:23:09.559,7483,98,3,31,False,0,car,0 days 00:19:52.965000,0 days 01:15:29.573000
2024-05-19 13:23:09.879,7504,100,3,34,False,0,car,0 days 00:19:53.285000,0 days 01:15:29.893000
2024-05-19 13:23:10.240,8193,106,3,49,False,0,car,0 days 00:19:53.646000,0 days 01:15:30.254000
2024-05-19 13:23:10.520,8946,116,3,74,False,0,car,0 days 00:19:53.926000,0 days 01:15:30.534000
2024-05-19 13:23:10.920,10526,132,3,89,False,0,car,0 days 00:19:54.326000,0 days 01:15:30.934000
2024-05-19 13:23:11.080,10482,137,3,100,False,0,car,0 days 00:19:54.486000,0 days 01:15:31.094000
2024-05-19 13:23:11.520,10127,159,4,100,False,0,car,0 days 00:19:54.926000,0 days 01:15:31.534000
2024-05-19 13:23:11.800,10806,172,4,100,False,0,car,0 days 00:19:55.206000,0 days 01:15:31.814000
2024-05-19 13:23:12.000,11344,180,4,100,False,0,car,0 days 00:19:55.406000,0 days 01:15:32.014000
2024-05-19 13:23:12.320,11741,191,4,100,False,0,car,0 days 00:19:55.726000,0 days 01:15:32.334000
2024-05-19 13:23:12.640,11112,201,4,100,False,0,car,0 days 00:19:56.046000,0 days 01:15:32.654000
2024-05-19 13:23:12.879,10911,207,5,100,False,0,car,0 days 00:19:56.285000,0 days 01:15:32.893000
2024-05-19 13:23:13.359,11537,221,5,100,False,0,car,0 days 00:19:56.765000,0 days 01:15:33.373000
2024-05-19 13:23:13.679,11315,228,5,100,False,0,car,0 days 00:19:57.085000,0 days 01:15:33.693000
2024-05-19 13:23:13.879,10390,233,5,100,False,0,car,0 days 00:19:57.285000,0 days 01:15:33.893000
2024-05-19 13:23:14.199,10909,241,6,100,False,0,car,0 days 00:19:57.605000,0 days 01:15:34.213000
2024-05-19 13:23:14.359,11049,241,6,100,False,0,car,0 days 00:19:57.765000,0 days 01:15:34.373000
2024-05-19 13:23:14.519,11049,247,6,100,False,0,car,0 days 00:19:57.925000,0 days 01:15:34.533000
2024-05-19 13:23:14.799,11329,253,6,100,False,0,car,0 days 00:19:58.205000,0 days 01:15:34.813000
2024-05-19 13:23:14.959,11350,254,6,100,False,0,car,0 days 00:19:58.365000,0 days 01:15:34.973000
2024-05-19 13:23:15.399,11651,261,6,100,False,0,car,0 days 00:19:58.805000,0 days 01:15:35.413000
2024-05-19 13:23:15.599,11651,264,6,100,False,0,car,0 days 00:19:59.005000,0 days 01:15:35.613000
2024-05-19 13:23:15.959,10730,267,7,100,False,0,car,0 days 00:19:59.365000,0 days 01:15:35.973000
2024-05-19 13:23:16.279,10822,271,7,100,False,0,car,0 days 00:19:59.685000,0 days 01:15:36.293000
2024-05-19 13:23:16.519,10971,275,7,100,False,0,car,0 days 00:19:59.925000,0 days 01:15:36.533000
2024-05-19 13:23:16.880,11029,277,7,100,False,0,car,0 days 00:20:00.286000,0 days 01:15:36.894000
2024-05-19 13:23:17.240,11213,281,7,100,False,0,car,0 days 00:20:00.646000,0 days 01:15:37.254000
2024-05-19 13:23:17.560,11310,284,7,100,False,0,car,0 days 00:20:00.966000,0 days 01:15:37.574000
2024-05-19 13:23:17.880,11453,287,7,100,False,0,car,0 days 00:20:01.286000,0 days 01:15:37.894000
2024-05-19 13:23:18.040,11578,289,7,100,False,0,car,0 days 00:20:01.446000,0 days 01:15:38.054000
2024-05-19 13:23:18.480,11402,288,7,100,False,0,car,0 days 00:20:01.886000,0 days 01:15:38.494000
2024-05-19 13:23:18.680,11275,288,7,100,False,0,car,0 days 00:20:02.086000,0 days 01:15:38.694000
2024-05-19 13:23:18.960,11311,286,7,85,False,0,car,0 days 00:20:02.366000,0 days 01:15:38.974000
2024-05-19 13:23:19.200,10887,283,7,0,False,0,car,0 days 00:20:02.606000,0 days 01:15:39.214000
2024-05-19 13:23:19.559,10416,273,7,0,True,0,car,0 days 00:20:02.965000,0 days 01:15:39.573000
2024-05-19 13:23:19.759,9611,265,7,0,True,0,car,0 days 00:20:03.165000,0 days 01:15:39.773000
2024-05-19 13:23:20.079,9968,221,7,0,True,0,car,0 days 00:20:03.485000,0 days 01:15:40.093000
2024-05-19 13:23:20.559,10404,170,6,0,True,0,car,0 days 00:20:03.965000,0 days 01:15:40.573000
2024-05-19 13:23:20.839,10208,149,4,0,True,0,car,0 days 00:20:04.245000,0 days 01:15:40.853000
2024-05-19 13:23:21.039,9443,137,3,0,True,0,car,0 days 00:20:04.445000,0 days 01:15:41.053000
2024-05-19 13:23:21.279,9006,130,3,0,True,0,car,0 days 00:20:04.685000,0 days 01:15:41.293000
2024-05-19 13:23:21.599,8528,121,3,0,True,0,car,0 days 00:20:05.005000,0 days 01:15:41.613000
2024-05-19 13:23:21.759,8260,120,3,0,False,0,car,0 days 00:20:05.165000,0 days 01:15:41.773000
2024-05-19 13:23:21.999,8087,117,3,5,False,0,car,0 days 00:20:05.405000,0 days 01:15:42.013000
2024-05-19 13:23:22.199,8356,113,3,31,False,0,car,0 days 00:20:05.605000,0 days 01:15:42.213000
2024-05-19 13:23:22.359,8755,114,3,42,False,0,car,0 days 00:20:05.765000,0 days 01:15:42.373000
2024-05-19 13:23:22.879,9631,122,3,76,False,0,car,0 days 00:20:06.285000,0 days 01:15:42.893000
2024-05-19 13:23:23.039,10069,129,3,80,False,0,car,0 days 00:20:06.445000,0 days 01:15:43.053000
2024-05-19 13:23:23.480,10914,143,3,100,False,0,car,0 days 00:20:06.886000,0 days 01:15:43.494000
2024-05-19 13:23:23.880,9630,156,4,17,False,0,car,0 days 00:20:07.286000,0 days 01:15:43.894000
2024-05-19 13:23:24.240,9233,155,4,0,True,0,car,0 days 00:20:07.646000,0 days 01:15:44.254000
2024-05-19 13:23:24.400,8776,150,4,0,True,0,car,0 days 00:20:07.806000,0 days 01:15:44.414000
2024-05-19 13:23:24.640,8400,145,4,0,True,0,car,0 days 00:20:08.046000,0 days 01:15:44.654000
2024-05-19 13:23:24.920,8086,140,4,1,False,0,car,0 days 00:20:08.326000,0 days 01:15:44.934000
2024-05-19 13:23:25.080,8034,138,4,3,False,0,car,0 days 00:20:08.486000,0 days 01:15:45.094000
2024-05-19 13:23:25.240,8009,134,4,13,False,0,car,0 days 00:20:08.646000,0 days 01:15:45.254000
2024-05-19 13:23:25.560,8293,134,4,46,False,0,car,0 days 00:20:08.966000,0 days 01:15:45.574000
2024-05-19 13:23:25.760,8419,136,4,48,False,0,car,0 days 00:20:09.166000,0 days 01:15:45.774000
2024-05-19 13:23:25.960,8699,137,4,62,False,0,car,0 days 00:20:09.366000,0 days 01:15:45.974000
2024-05-19 13:23:26.160,9203,141,4,74,False,0,car,0 days 00:20:09.566000,0 days 01:15:46.174000
2024-05-19 13:23:26.559,9750,153,4,100,False,0,car,0 days 00:20:09.965000,0 days 01:15:46.573000
2024-05-19 13:23:26.799,10633,165,4,100,False,0,car,0 days 00:20:10.205000,0 days 01:15:46.813000
2024-05-19 13:23:27.079,11175,175,4,100,False,0,car,0 days 00:20:10.485000,0 days 01:15:47.093000
2024-05-19 13:23:27.239,11384,180,4,100,False,0,car,0 days 00:20:10.645000,0 days 01:15:47.253000
2024-05-19 13:23:27.559,10070,190,5,100,False,0,car,0 days 00:20:10.965000,0 days 01:15:47.573000
2024-05-19 13:23:28.039,10793,205,5,100,False,0,car,0 days 00:20:11.445000,0 days 01:15:48.053000
2024-05-19 13:23:28.239,11074,212,5,100,False,0,car,0 days 00:20:11.645000,0 days 01:15:48.253000
2024-05-19 13:23:28.639,11598,223,5,100,False,0,car,0 days 00:20:12.045000,0 days 01:15:48.653000
2024-05-19 13:23:29.079,11338,232,5,100,False,0,car,0 days 00:20:12.485000,0 days 01:15:49.093000
2024-05-19 13:23:29.279,10574,236,6,100,False,0,car,0 days 00:20:12.685000,0 days 01:15:49.293000
2024-05-19 13:23:29.479,10963,241,6,100,False,0,car,0 days 00:20:12.885000,0 days 01:15:49.493000
2024-05-19 13:23:29.719,11062,247,6,100,False,0,car,0 days 00:20:13.125000,0 days 01:15:49.733000
2024-05-19 13:23:29.879,11225,248,6,100,False,0,car,0 days 00:20:13.285000,0 days 01:15:49.893000
2024-05-19 13:23:30.040,11374,252,6,100,False,0,car,0 days 00:20:13.446000,0 days 01:15:50.054000
2024-05-19 13:23:30.200,11449,256,6,100,False,0,car,0 days 00:20:13.606000,0 days 01:15:50.214000
2024-05-19 13:23:30.440,11630,258,6,100,False,0,car,0 days 00:20:13.846000,0 days 01:15:50.454000
2024-05-19 13:23:30.720,10992,263,6,100,False,0,car,0 days 00:20:14.126000,0 days 01:15:50.734000
2024-05-19 13:23:30.960,10635,266,7,100,False,0,car,0 days 00:20:14.366000,0 days 01:15:50.974000
2024-05-19 13:23:31.120,10693,268,7,100,False,0,car,0 days 00:20:14.526000,0 days 01:15:51.134000
2024-05-19 13:23:31.360,10867,271,7,100,False,0,car,0 days 00:20:14.766000,0 days 01:15:51.374000
2024-05-19 13:23:31.800,11102,277,7,100,False,0,car,0 days 00:20:15.206000,0 days 01:15:51.814000
2024-05-19 13:23:32.000,11081,279,7,100,False,0,car,0 days 00:20:15.406000,0 days 01:15:52.014000
2024-05-19 13:23:32.280,11204,280,7,100,False,0,car,0 days 00:20:15.686000,0 days 01:15:52.294000
2024-05-19 13:23:32.440,11249,283,7,100,False,0,car,0 days 00:20:15.846000,0 days 01:15:52.454000
2024-05-19 13:23:32.720,11249,285,7,100,False,0,car,0 days 00:20:16.126000,0 days 01:15:52.734000
2024-05-19 13:23:32.959,11465,288,7,100,False,0,car,0 days 00:20:16.365000,0 days 01:15:52.973000
2024-05-19 13:23:33.239,11503,291,7,100,False,0,car,0 days 00:20:16.645000,0 days 01:15:53.253000
2024-05-19 13:23:33.599,11653,293,7,100,False,0,car,0 days 00:20:17.005000,0 days 01:15:53.613000
2024-05-19 13:23:33.959,11653,295,8,100,False,0,car,0 days 00:20:17.365000,0 days 01:15:53.973000
2024-05-19 13:23:34.279,10622,296,8,100,False,0,car,0 days 00:20:17.685000,0 days 01:15:54.293000
2024-05-19 13:23:34.519,10643,297,8,100,False,0,car,0 days 00:20:17.925000,0 days 01:15:54.533000
2024-05-19 13:23:34.839,10702,300,8,100,False,0,car,0 days 00:20:18.245000,0 days 01:15:54.853000
2024-05-19 13:23:35.159,10764,301,8,100,False,0,car,0 days 00:20:18.565000,0 days 01:15:55.173000
2024-05-19 13:23:35.479,10787,303,8,100,False,0,car,0 days 00:20:18.885000,0 days 01:15:55.493000
2024-05-19 13:23:35.719,10804,304,8,100,False,0,car,0 days 00:20:19.125000,0 days 01:15:55.733000
2024-05-19 13:23:35.879,10814,305,8,100,False,0,car,0 days 00:20:19.285000,0 days 01:15:55.893000
2024-05-19 13:23:36.319,10855,306,8,100,False,0,car,0 days 00:20:19.725000,0 days 01:15:56.333000
2024-05-19 13:23:36.720,10906,307,8,100,False,0,car,0 days 00:20:20.126000,0 days 01:15:56.734000
2024-05-19 13:23:36.880,10906,307,8,100,False,0,car,0 days 00:20:20.286000,0 days 01:15:56.894000
2024-05-19 13:23:37.080,10946,307,8,100,False,0,car,0 days 00:20:20.486000,0 days 01:15:57.094000
2024-05-19 13:23:37.360,10945,308,8,100,False,0,car,0 days 00:20:20.766000,0 days 01:15:57.374000
2024-05-19 13:23:37.680,11005,309,8,100,False,0,car,0 days 00:20:21.086000,0 days 01:15:57.694000
2024-05-19 13:23:37.920,10971,310,8,100,False,0,car,0 days 00:20:21.326000,0 days 01:15:57.934000
2024-05-19 13:23:38.200,11080,310,8,100,False,0,car,0 days 00:20:21.606000,0 days 01:15:58.214000
2024-05-19 13:23:38.480,10916,311,8,100,False,0,car,0 days 00:20:21.886000,0 days 01:15:58.494000
2024-05-19 13:23:38.800,11031,309,8,100,False,0,car,0 days 00:20:22.206000,0 days 01:15:58.814000
2024-05-19 13:23:38.960,11013,309,8,100,False,0,car,0 days 00:20:22.366000,0 days 01:15:58.974000
2024-05-19 13:23:39.240,10941,308,8,100,False,0,car,0 days 00:20:22.646000,0 days 01:15:59.254000
2024-05-19 13:23:39.639,10909,307,8,100,False,0,car,0 days 00:20:23.045000,0 days 01:15:59.653000
2024-05-19 13:23:39.839,10892,307,8,100,False,0,car,0 days 00:20:23.245000,0 days 01:15:59.853000
2024-05-19 13:23:39.999,10884,306,8,100,False,0,car,0 days 00:20:23.405000,0 days 01:16:00.013000
2024-05-19 13:23:40.279,10857,306,8,100,False,0,car,0 days 00:20:23.685000,0 days 01:16:00.293000
2024-05-19 13:23:40.519,10800,305,8,100,False,0,car,0 days 00:20:23.925000,0 days 01:16:00.533000
2024-05-19 13:23:40.799,10785,303,8,100,False,0,car,0 days 00:20:24.205000,0 days 01:16:00.813000
2024-05-19 13:23:41.039,10683,301,8,100,False,0,car,0 days 00:20:24.445000,0 days 01:16:01.053000
2024-05-19 13:23:41.399,10264,297,8,0,False,0,car,0 days 00:20:24.805000,0 days 01:16:01.413000
2024-05-19 13:23:41.639,10103,292,8,0,False,0,car,0 days 00:20:25.045000,0 days 01:16:01.653000
2024-05-19 13:23:42.079,9746,267,8,0,True,0,car,0 days 00:20:25.485000,0 days 01:16:02.093000
2024-05-19 13:23:42.399,9615,221,7,0,True,0,car,0 days 00:20:25.805000,0 days 01:16:02.413000
2024-05-19 13:23:42.679,9764,201,6,0,True,0,car,0 days 00:20:26.085000,0 days 01:16:02.693000
2024-05-19 13:23:42.879,10493,187,6,0,True,0,car,0 days 00:20:26.285000,0 days 01:16:02.893000
2024-05-19 13:23:43.200,9933,167,4,0,True,0,car,0 days 00:20:26.606000,0 days 01:16:03.214000
2024-05-19 13:23:43.480,9461,162,4,0,False,0,car,0 days 00:20:26.886000,0 days 01:16:03.494000
2024-05-19 13:23:43.800,9235,155,4,8,False,0,car,0 days 00:20:27.206000,0 days 01:16:03.814000
2024-05-19 13:23:44.080,9404,152,4,46,False,0,car,0 days 00:20:27.486000,0 days 01:16:04.094000
2024-05-19 13:23:44.400,9561,155,4,76,False,0,car,0 days 00:20:27.806000,0 days 01:16:04.414000
2024-05-19 13:23:44.640,9891,162,4,70,False,0,car,0 days 00:20:28.046000,0 days 01:16:04.654000
2024-05-19 13:23:44.840,9962,165,4,46,False,0,car,0 days 00:20:28.246000,0 days 01:16:04.854000
2024-05-19 13:23:45.160,10160,163,4,56,False,0,car,0 days 00:20:28.566000,0 days 01:16:05.174000
2024-05-19 13:23:45.520,10503,167,4,92,False,0,car,0 days 00:20:28.926000,0 days 01:16:05.534000
2024-05-19 13:23:45.680,10503,169,4,92,False,0,car,0 days 00:20:29.086000,0 days 01:16:05.694000
2024-05-19 13:23:45.920,10989,178,4,100,False,0,car,0 days 00:20:29.326000,0 days 01:16:05.934000
2024-05-19 13:23:46.160,10221,185,4,100,False,0,car,0 days 00:20:29.566000,0 days 01:16:06.174000
2024-05-19 13:23:46.359,9814,190,5,100,False,0,car,0 days 00:20:29.765000,0 days 01:16:06.373000
2024-05-19 13:23:46.519,10184,196,5,100,False,0,car,0 days 00:20:29.925000,0 days 01:16:06.533000
2024-05-19 13:23:46.839,10622,205,5,100,False,0,car,0 days 00:20:30.245000,0 days 01:16:06.853000
2024-05-19 13:23:47.159,11190,213,5,100,False,0,car,0 days 00:20:30.565000,0 days 01:16:07.173000
2024-05-19 13:23:47.399,11427,220,5,100,False,0,car,0 days 00:20:30.805000,0 days 01:16:07.413000
2024-05-19 13:23:47.559,11599,222,5,100,False,0,car,0 days 00:20:30.965000,0 days 01:16:07.573000
2024-05-19 13:23:47.719,11026,225,5,100,False,0,car,0 days 00:20:31.125000,0 days 01:16:07.733000
2024-05-19 13:23:47.919,10389,228,5,100,False,0,car,0 days 00:20:31.325000,0 days 01:16:07.933000
2024-05-19 13:23:48.159,10641,232,6,100,False,0,car,0 days 00:20:31.565000,0 days 01:16:08.173000
2024-05-19 13:23:48.439,10737,237,6,100,False,0,car,0 days 00:20:31.845000,0 days 01:16:08.453000
2024-05-19 13:23:48.879,11071,245,6,100,False,0,car,0 days 00:20:32.285000,0 days 01:16:08.893000
2024-05-19 13:23:49.239,11303,252,6,100,False,0,car,0 days 00:20:32.645000,0 days 01:16:09.253000
2024-05-19 13:23:49.399,11303,255,6,100,False,0,car,0 days 00:20:32.805000,0 days 01:16:09.413000
2024-05-19 13:23:49.559,11578,257,6,100,False,0,car,0 days 00:20:32.965000,0 days 01:16:09.573000
2024-05-19 13:23:49.760,11599,257,6,100,False,0,car,0 days 00:20:33.166000,0 days 01:16:09.774000
2024-05-19 13:23:50.040,10571,264,6,100,False,0,car,0 days 00:20:33.446000,0 days 01:16:10.054000
2024-05-19 13:23:50.320,10708,268,7,100,False,0,car,0 days 00:20:33.726000,0 days 01:16:10.334000
2024-05-19 13:23:50.760,10890,273,7,100,False,0,car,0 days 00:20:34.166000,0 days 01:16:10.774000
2024-05-19 13:23:51.040,10926,277,7,100,False,0,car,0 days 00:20:34.446000,0 days 01:16:11.054000
2024-05-19 13:23:51.320,11100,279,7,100,False,0,car,0 days 00:20:34.726000,0 days 01:16:11.334000
2024-05-19 13:23:51.720,11345,283,7,100,False,0,car,0 days 00:20:35.126000,0 days 01:16:11.734000
2024-05-19 13:23:51.960,11286,283,7,100,False,0,car,0 days 00:20:35.366000,0 days 01:16:11.974000
2024-05-19 13:23:52.160,11139,283,7,100,False,0,car,0 days 00:20:35.566000,0 days 01:16:12.174000
2024-05-19 13:23:52.320,11139,283,7,100,False,0,car,0 days 00:20:35.726000,0 days 01:16:12.334000
2024-05-19 13:23:52.560,10942,283,7,0,True,0,car,0 days 00:20:35.966000,0 days 01:16:12.574000
2024-05-19 13:23:52.720,10793,279,7,0,True,0,car,0 days 00:20:36.126000,0 days 01:16:12.734000
2024-05-19 13:23:52.880,10136,266,7,0,True,0,car,0 days 00:20:36.286000,0 days 01:16:12.894000
2024-05-19 13:23:53.159,10346,245,7,0,True,0,car,0 days 00:20:36.565000,0 days 01:16:13.173000
2024-05-19 13:23:53.359,9990,233,6,0,True,0,car,0 days 00:20:36.765000,0 days 01:16:13.373000
2024-05-19 13:23:53.639,9597,226,6,1,True,0,car,0 days 00:20:37.045000,0 days 01:16:13.653000
2024-05-19 13:23:54.039,9250,209,6,2,True,0,car,0 days 00:20:37.445000,0 days 01:16:14.053000
2024-05-19 13:23:54.479,9056,190,5,0,True,0,car,0 days 00:20:37.885000,0 days 01:16:14.493000
2024-05-19 13:23:54.839,8674,176,5,0,True,0,car,0 days 00:20:38.245000,0 days 01:16:14.853000
2024-05-19 13:23:55.079,8613,172,5,5,False,0,car,0 days 00:20:38.485000,0 days 01:16:15.093000
2024-05-19 13:23:55.439,8799,165,5,55,False,0,car,0 days 00:20:38.845000,0 days 01:16:15.453000
2024-05-19 13:23:55.679,8880,166,5,75,False,0,car,0 days 00:20:39.085000,0 days 01:16:15.693000
2024-05-19 13:23:55.839,9294,168,5,85,False,0,car,0 days 00:20:39.245000,0 days 01:16:15.853000
2024-05-19 13:23:56.119,9567,176,5,97,False,0,car,0 days 00:20:39.525000,0 days 01:16:16.133000
2024-05-19 13:23:56.520,9897,188,5,100,False,0,car,0 days 00:20:39.926000,0 days 01:16:16.534000
2024-05-19 13:23:56.840,10353,195,5,100,False,0,car,0 days 00:20:40.246000,0 days 01:16:16.854000
2024-05-19 13:23:57.200,10795,207,5,100,False,0,car,0 days 00:20:40.606000,0 days 01:16:17.214000
2024-05-19 13:23:57.480,11108,212,5,100,False,0,car,0 days 00:20:40.886000,0 days 01:16:17.494000
2024-05-19 13:23:57.800,11450,222,5,100,False,0,car,0 days 00:20:41.206000,0 days 01:16:17.814000
2024-05-19 13:23:58.120,11300,225,5,100,False,0,car,0 days 00:20:41.526000,0 days 01:16:18.134000
2024-05-19 13:23:58.360,11550,227,5,92,False,0,car,0 days 00:20:41.766000,0 days 01:16:18.374000
2024-05-19 13:23:58.640,11411,227,5,4,False,0,car,0 days 00:20:42.046000,0 days 01:16:18.654000
2024-05-19 13:23:58.960,10169,209,5,0,True,0,car,0 days 00:20:42.366000,0 days 01:16:18.974000
2024-05-19 13:23:59.839,9815,147,3,0,True,0,car,0 days 00:20:43.245000,0 days 01:16:19.853000
2024-05-19 13:24:00.159,8835,128,3,0,True,0,car,0 days 00:20:43.565000,0 days 01:16:20.173000
2024-05-19 13:24:00.359,8388,120,3,0,True,0,car,0 days 00:20:43.765000,0 days 01:16:20.373000
2024-05-19 13:24:00.519,7927,113,3,0,True,0,car,0 days 00:20:43.925000,0 days 01:16:20.533000
2024-05-19 13:24:00.799,7325,111,3,0,True,0,car,0 days 00:20:44.205000,0 days 01:16:20.813000
2024-05-19 13:24:01.039,7033,102,3,0,True,0,car,0 days 00:20:44.445000,0 days 01:16:21.053000
2024-05-19 13:24:01.479,6787,95,3,2,False,0,car,0 days 00:20:44.885000,0 days 01:16:21.493000
2024-05-19 13:24:01.639,6927,93,3,2,False,0,car,0 days 00:20:45.045000,0 days 01:16:21.653000
2024-05-19 13:24:02.079,7286,95,3,36,False,0,car,0 days 00:20:45.485000,0 days 01:16:22.093000
2024-05-19 13:24:02.239,7447,98,3,35,False,0,car,0 days 00:20:45.645000,0 days 01:16:22.253000
2024-05-19 13:24:02.439,7587,100,3,36,False,0,car,0 days 00:20:45.845000,0 days 01:16:22.453000
2024-05-19 13:24:02.759,8247,105,3,58,False,0,car,0 days 00:20:46.165000,0 days 01:16:22.773000
2024-05-19 13:24:02.960,8553,110,3,69,False,0,car,0 days 00:20:46.366000,0 days 01:16:22.974000
2024-05-19 13:24:03.320,9629,123,3,82,False,0,car,0 days 00:20:46.726000,0 days 01:16:23.334000
2024-05-19 13:24:03.760,11017,135,3,100,False,0,car,0 days 00:20:47.166000,0 days 01:16:23.774000
2024-05-19 13:24:04.000,10896,154,3,100,False,0,car,0 days 00:20:47.406000,0 days 01:16:24.014000
2024-05-19 13:24:04.360,10444,165,4,100,False,0,car,0 days 00:20:47.766000,0 days 01:16:24.374000
2024-05-19 13:24:04.600,10774,177,4,100,False,0,car,0 days 00:20:48.006000,0 days 01:16:24.614000
2024-05-19 13:24:04.960,11623,188,4,100,False,0,car,0 days 00:20:48.366000,0 days 01:16:24.974000
2024-05-19 13:24:05.400,10554,203,4,100,False,0,car,0 days 00:20:48.806000,0 days 01:16:25.414000
2024-05-19 13:24:05.600,10873,209,5,100,False,0,car,0 days 00:20:49.006000,0 days 01:16:25.614000
2024-05-19 13:24:05.760,11155,212,5,100,False,0,car,0 days 00:20:49.166000,0 days 01:16:25.774000
2024-05-19 13:24:06.040,11463,220,5,100,False,0,car,0 days 00:20:49.446000,0 days 01:16:26.054000
2024-05-19 13:24:06.480,11333,225,5,100,False,0,car,0 days 00:20:49.886000,0 days 01:16:26.494000
2024-05-19 13:24:06.799,10681,235,6,100,False,0,car,0 days 00:20:50.205000,0 days 01:16:26.813000
2024-05-19 13:24:07.199,11045,243,6,100,False,0,car,0 days 00:20:50.605000,0 days 01:16:27.213000
2024-05-19 13:24:07.359,11096,246,6,100,False,0,car,0 days 00:20:50.765000,0 days 01:16:27.373000
2024-05-19 13:24:07.559,11204,250,6,100,False,0,car,0 days 00:20:50.965000,0 days 01:16:27.573000
2024-05-19 13:24:07.919,11431,256,6,100,False,0,car,0 days 00:20:51.325000,0 days 01:16:27.933000
2024-05-19 13:24:08.199,11569,259,6,100,False,0,car,0 days 00:20:51.605000,0 days 01:16:28.213000
2024-05-19 13:24:08.399,11594,262,6,100,False,0,car,0 days 00:20:51.805000,0 days 01:16:28.413000
2024-05-19 13:24:08.679,10601,263,6,100,False,0,car,0 days 00:20:52.085000,0 days 01:16:28.693000
2024-05-19 13:24:09.119,10691,268,7,100,False,0,car,0 days 00:20:52.525000,0 days 01:16:29.133000
2024-05-19 13:24:09.279,10706,268,7,100,False,0,car,0 days 00:20:52.685000,0 days 01:16:29.293000
2024-05-19 13:24:09.680,10759,270,7,100,False,0,car,0 days 00:20:53.086000,0 days 01:16:29.694000
2024-05-19 13:24:09.920,10731,271,7,100,False,0,car,0 days 00:20:53.326000,0 days 01:16:29.934000
2024-05-19 13:24:10.240,10770,271,7,100,False,0,car,0 days 00:20:53.646000,0 days 01:16:30.254000
2024-05-19 13:24:10.440,10778,272,7,100,False,0,car,0 days 00:20:53.846000,0 days 01:16:30.454000
2024-05-19 13:24:10.640,10546,272,7,64,False,0,car,0 days 00:20:54.046000,0 days 01:16:30.654000
2024-05-19 13:24:11.000,9847,253,7,0,True,0,car,0 days 00:20:54.406000,0 days 01:16:31.014000
2024-05-19 13:24:11.160,10304,245,7,0,True,0,car,0 days 00:20:54.566000,0 days 01:16:31.174000
2024-05-19 13:24:11.600,10675,213,6,0,True,0,car,0 days 00:20:55.006000,0 days 01:16:31.614000
2024-05-19 13:24:11.800,10294,206,5,1,True,0,car,0 days 00:20:55.206000,0 days 01:16:31.814000
2024-05-19 13:24:12.080,10048,200,5,4,True,0,car,0 days 00:20:55.486000,0 days 01:16:32.094000
2024-05-19 13:24:12.400,9953,194,5,59,False,0,car,0 days 00:20:55.806000,0 days 01:16:32.414000
2024-05-19 13:24:12.680,10218,193,5,87,False,0,car,0 days 00:20:56.086000,0 days 01:16:32.694000
2024-05-19 13:24:13.040,10642,200,5,100,False,0,car,0 days 00:20:56.446000,0 days 01:16:33.054000
2024-05-19 13:24:13.319,10912,205,5,100,False,0,car,0 days 00:20:56.725000,0 days 01:16:33.333000
2024-05-19 13:24:13.519,11110,214,5,100,False,0,car,0 days 00:20:56.925000,0 days 01:16:33.533000
2024-05-19 13:24:13.839,11510,220,5,100,False,0,car,0 days 00:20:57.245000,0 days 01:16:33.853000
2024-05-19 13:24:13.999,11532,225,5,100,False,0,car,0 days 00:20:57.405000,0 days 01:16:34.013000
2024-05-19 13:24:14.199,11796,228,5,100,False,0,car,0 days 00:20:57.605000,0 days 01:16:34.213000
2024-05-19 13:24:14.399,10536,232,5,100,False,0,car,0 days 00:20:57.805000,0 days 01:16:34.413000
2024-05-19 13:24:14.639,10818,235,6,100,False,0,car,0 days 00:20:58.045000,0 days 01:16:34.653000
2024-05-19 13:24:14.799,10818,241,6,100,False,0,car,0 days 00:20:58.205000,0 days 01:16:34.813000
2024-05-19 13:24:15.279,11314,248,6,100,False,0,car,0 days 00:20:58.685000,0 days 01:16:35.293000
2024-05-19 13:24:15.479,11405,251,6,100,False,0,car,0 days 00:20:58.885000,0 days 01:16:35.493000
2024-05-19 13:24:15.639,11522,255,6,100,False,0,car,0 days 00:20:59.045000,0 days 01:16:35.653000
2024-05-19 13:24:15.879,11516,258,6,100,False,0,car,0 days 00:20:59.285000,0 days 01:16:35.893000
2024-05-19 13:24:16.280,10427,262,7,100,False,0,car,0 days 00:20:59.686000,0 days 01:16:36.294000
2024-05-19 13:24:16.520,10579,264,7,100,False,0,car,0 days 00:20:59.926000,0 days 01:16:36.534000
2024-05-19 13:24:16.920,10647,268,7,100,False,0,car,0 days 00:21:00.326000,0 days 01:16:36.934000
2024-05-19 13:24:17.120,10709,269,7,100,False,0,car,0 days 00:21:00.526000,0 days 01:16:37.134000
2024-05-19 13:24:17.400,10764,269,7,21,False,0,car,0 days 00:21:00.806000,0 days 01:16:37.414000
2024-05-19 13:24:17.760,10292,264,7,0,False,0,car,0 days 00:21:01.166000,0 days 01:16:37.774000
2024-05-19 13:24:17.920,9962,259,7,0,False,0,car,0 days 00:21:01.326000,0 days 01:16:37.934000
2024-05-19 13:24:18.280,9715,253,7,0,False,0,car,0 days 00:21:01.686000,0 days 01:16:38.294000
2024-05-19 13:24:18.560,9337,243,7,0,True,0,car,0 days 00:21:01.966000,0 days 01:16:38.574000
2024-05-19 13:24:18.720,9847,229,7,0,True,0,car,0 days 00:21:02.126000,0 days 01:16:38.734000
2024-05-19 13:24:18.960,9734,210,7,0,True,0,car,0 days 00:21:02.366000,0 days 01:16:38.974000
2024-05-19 13:24:19.200,9600,182,6,0,True,0,car,0 days 00:21:02.606000,0 days 01:16:39.214000
2024-05-19 13:24:20.279,7681,134,4,0,False,0,car,0 days 00:21:03.685000,0 days 01:16:40.293000
2024-05-19 13:24:20.679,7741,126,4,20,False,0,car,0 days 00:21:04.085000,0 days 01:16:40.693000
2024-05-19 13:24:20.839,7572,123,4,29,False,0,car,0 days 00:21:04.245000,0 days 01:16:40.853000
2024-05-19 13:24:21.039,7866,125,4,48,False,0,car,0 days 00:21:04.445000,0 days 01:16:41.053000
2024-05-19 13:24:21.279,8193,125,4,76,False,0,car,0 days 00:21:04.685000,0 days 01:16:41.293000
2024-05-19 13:24:21.519,8576,135,4,87,False,0,car,0 days 00:21:04.925000,0 days 01:16:41.533000
2024-05-19 13:24:21.999,9981,154,4,100,False,0,car,0 days 00:21:05.405000,0 days 01:16:42.013000
2024-05-19 13:24:22.239,10570,161,4,100,False,0,car,0 days 00:21:05.645000,0 days 01:16:42.253000
2024-05-19 13:24:22.640,10865,172,4,100,False,0,car,0 days 00:21:06.046000,0 days 01:16:42.654000
2024-05-19 13:24:22.880,11541,182,4,100,False,0,car,0 days 00:21:06.286000,0 days 01:16:42.894000
2024-05-19 13:24:23.080,11756,189,4,100,False,0,car,0 days 00:21:06.486000,0 days 01:16:43.094000
2024-05-19 13:24:23.400,10776,201,4,100,False,0,car,0 days 00:21:06.806000,0 days 01:16:43.414000
2024-05-19 13:24:23.600,10749,206,5,100,False,0,car,0 days 00:21:07.006000,0 days 01:16:43.614000
2024-05-19 13:24:23.880,11151,212,5,100,False,0,car,0 days 00:21:07.286000,0 days 01:16:43.894000
2024-05-19 13:24:24.120,11361,215,5,100,False,0,car,0 days 00:21:07.526000,0 days 01:16:44.134000
2024-05-19 13:24:24.440,11449,226,5,100,False,0,car,0 days 00:21:07.846000,0 days 01:16:44.454000
2024-05-19 13:24:24.680,10564,229,5,100,False,0,car,0 days 00:21:08.086000,0 days 01:16:44.694000
2024-05-19 13:24:24.880,10694,235,6,100,False,0,car,0 days 00:21:08.286000,0 days 01:16:44.894000
2024-05-19 13:24:25.080,10887,237,6,100,False,0,car,0 days 00:21:08.486000,0 days 01:16:45.094000
2024-05-19 13:24:25.440,11133,246,6,100,False,0,car,0 days 00:21:08.846000,0 days 01:16:45.454000
2024-05-19 13:24:25.600,11202,250,6,100,False,0,car,0 days 00:21:09.006000,0 days 01:16:45.614000
2024-05-19 13:24:25.880,11511,252,6,100,False,0,car,0 days 00:21:09.286000,0 days 01:16:45.894000
2024-05-19 13:24:26.120,11306,255,6,100,False,0,car,0 days 00:21:09.526000,0 days 01:16:46.134000
2024-05-19 13:24:26.440,11435,257,6,100,False,0,car,0 days 00:21:09.846000,0 days 01:16:46.454000
2024-05-19 13:24:26.719,11541,258,6,100,False,0,car,0 days 00:21:10.125000,0 days 01:16:46.733000
2024-05-19 13:24:27.119,11471,259,6,100,False,0,car,0 days 00:21:10.525000,0 days 01:16:47.133000
2024-05-19 13:24:27.439,11476,259,6,0,False,0,car,0 days 00:21:10.845000,0 days 01:16:47.453000
2024-05-19 13:24:27.679,10564,248,6,0,True,0,car,0 days 00:21:11.085000,0 days 01:16:47.693000
2024-05-19 13:24:27.959,10144,214,6,0,True,0,car,0 days 00:21:11.365000,0 days 01:16:47.973000
2024-05-19 13:24:28.199,10193,186,5,0,True,0,car,0 days 00:21:11.605000,0 days 01:16:48.213000
2024-05-19 13:24:28.359,10048,175,5,0,True,0,car,0 days 00:21:11.765000,0 days 01:16:48.373000
2024-05-19 13:24:28.519,9427,160,4,0,True,0,car,0 days 00:21:11.925000,0 days 01:16:48.533000
2024-05-19 13:24:28.799,8397,142,4,0,True,0,car,0 days 00:21:12.205000,0 days 01:16:48.813000
2024-05-19 13:24:28.999,8015,133,4,0,True,0,car,0 days 00:21:12.405000,0 days 01:16:49.013000
2024-05-19 13:24:29.160,7344,128,4,0,True,0,car,0 days 00:21:12.566000,0 days 01:16:49.174000
2024-05-19 13:24:29.320,7246,126,4,0,True,0,car,0 days 00:21:12.726000,0 days 01:16:49.334000
2024-05-19 13:24:29.600,6959,118,4,0,False,0,car,0 days 00:21:13.006000,0 days 01:16:49.614000
2024-05-19 13:24:29.800,6730,115,4,0,False,0,car,0 days 00:21:13.206000,0 days 01:16:49.814000
2024-05-19 13:24:29.960,6533,112,4,0,False,0,car,0 days 00:21:13.366000,0 days 01:16:49.974000
2024-05-19 13:24:30.120,7233,103,4,0,True,0,car,0 days 00:21:13.526000,0 days 01:16:50.134000
2024-05-19 13:24:30.280,7513,107,3,0,True,0,car,0 days 00:21:13.686000,0 days 01:16:50.294000
2024-05-19 13:24:30.640,7259,101,3,0,False,0,car,0 days 00:21:14.046000,0 days 01:16:50.654000
2024-05-19 13:24:31.040,7609,99,3,26,False,0,car,0 days 00:21:14.446000,0 days 01:16:51.054000
2024-05-19 13:24:31.280,7851,100,3,41,False,0,car,0 days 00:21:14.686000,0 days 01:16:51.294000
2024-05-19 13:24:31.480,8120,104,3,51,False,0,car,0 days 00:21:14.886000,0 days 01:16:51.494000
2024-05-19 13:24:31.640,8475,107,3,56,False,0,car,0 days 00:21:15.046000,0 days 01:16:51.654000
2024-05-19 13:24:31.920,9311,119,3,71,False,0,car,0 days 00:21:15.326000,0 days 01:16:51.934000
2024-05-19 13:24:32.280,10266,129,3,98,False,0,car,0 days 00:21:15.686000,0 days 01:16:52.294000
2024-05-19 13:24:32.640,9600,148,3,100,False,0,car,0 days 00:21:16.046000,0 days 01:16:52.654000
2024-05-19 13:24:32.880,10020,152,4,100,False,0,car,0 days 00:21:16.286000,0 days 01:16:52.894000
2024-05-19 13:24:33.120,10582,170,4,100,False,0,car,0 days 00:21:16.526000,0 days 01:16:53.134000
2024-05-19 13:24:33.439,11379,182,4,100,False,0,car,0 days 00:21:16.845000,0 days 01:16:53.453000
2024-05-19 13:24:33.719,11822,193,4,100,False,0,car,0 days 00:21:17.125000,0 days 01:16:53.733000
2024-05-19 13:24:34.119,10695,205,4,100,False,0,car,0 days 00:21:17.525000,0 days 01:16:54.133000
2024-05-19 13:24:34.359,10892,208,5,100,False,0,car,0 days 00:21:17.765000,0 days 01:16:54.373000
2024-05-19 13:24:34.519,11200,216,5,100,False,0,car,0 days 00:21:17.925000,0 days 01:16:54.533000
2024-05-19 13:24:34.759,11387,221,5,100,False,0,car,0 days 00:21:18.165000,0 days 01:16:54.773000
2024-05-19 13:24:35.159,11594,231,5,100,False,0,car,0 days 00:21:18.565000,0 days 01:16:55.173000
2024-05-19 13:24:35.319,10527,235,5,100,False,0,car,0 days 00:21:18.725000,0 days 01:16:55.333000
2024-05-19 13:24:35.479,10840,237,6,100,False,0,car,0 days 00:21:18.885000,0 days 01:16:55.493000
2024-05-19 13:24:35.679,10964,241,6,100,False,0,car,0 days 00:21:19.085000,0 days 01:16:55.693000
2024-05-19 13:24:35.920,11056,246,6,100,False,0,car,0 days 00:21:19.326000,0 days 01:16:55.934000
2024-05-19 13:24:36.080,11219,248,6,100,False,0,car,0 days 00:21:19.486000,0 days 01:16:56.094000
2024-05-19 13:24:36.320,11378,254,6,100,False,0,car,0 days 00:21:19.726000,0 days 01:16:56.334000
2024-05-19 13:24:36.600,11610,257,6,100,False,0,car,0 days 00:21:20.006000,0 days 01:16:56.614000
2024-05-19 13:24:36.840,11744,261,6,100,False,0,car,0 days 00:21:20.246000,0 days 01:16:56.854000
2024-05-19 13:24:37.240,10609,264,7,100,False,0,car,0 days 00:21:20.646000,0 days 01:16:57.254000
2024-05-19 13:24:37.600,10749,270,7,100,False,0,car,0 days 00:21:21.006000,0 days 01:16:57.614000
2024-05-19 13:24:37.840,10843,272,7,100,False,0,car,0 days 00:21:21.246000,0 days 01:16:57.854000
2024-05-19 13:24:38.280,10930,277,7,100,False,0,car,0 days 00:21:21.686000,0 days 01:16:58.294000
2024-05-19 13:24:38.440,11060,279,7,100,False,0,car,0 days 00:21:21.846000,0 days 01:16:58.454000
2024-05-19 13:24:38.680,11172,279,7,100,False,0,car,0 days 00:21:22.086000,0 days 01:16:58.694000
2024-05-19 13:24:38.840,11146,283,7,100,False,0,car,0 days 00:21:22.246000,0 days 01:16:58.854000
2024-05-19 13:24:39.000,11252,284,7,100,False,0,car,0 days 00:21:22.406000,0 days 01:16:59.014000
2024-05-19 13:24:39.280,11252,284,7,100,False,0,car,0 days 00:21:22.686000,0 days 01:16:59.294000
2024-05-19 13:24:39.480,11453,288,7,100,False,0,car,0 days 00:21:22.886000,0 days 01:16:59.494000
2024-05-19 13:24:39.680,11468,290,7,100,False,0,car,0 days 00:21:23.086000,0 days 01:16:59.694000
2024-05-19 13:24:39.960,11377,289,7,100,False,0,car,0 days 00:21:23.366000,0 days 01:16:59.974000
2024-05-19 13:24:40.279,11369,288,7,100,False,0,car,0 days 00:21:23.685000,0 days 01:17:00.293000
2024-05-19 13:24:40.479,11369,287,7,100,False,0,car,0 days 00:21:23.885000,0 days 01:17:00.493000
2024-05-19 13:24:40.799,10776,277,7,0,False,0,car,0 days 00:21:24.205000,0 days 01:17:00.813000
2024-05-19 13:24:41.079,10174,262,7,0,True,0,car,0 days 00:21:24.485000,0 days 01:17:01.093000
2024-05-19 13:24:41.399,9558,219,7,0,True,0,car,0 days 00:21:24.805000,0 days 01:17:01.413000
2024-05-19 13:24:41.839,10645,177,7,0,True,0,car,0 days 00:21:25.245000,0 days 01:17:01.853000
2024-05-19 13:24:42.239,10235,156,4,0,True,0,car,0 days 00:21:25.645000,0 days 01:17:02.253000
2024-05-19 13:24:42.440,9408,139,3,0,True,0,car,0 days 00:21:25.846000,0 days 01:17:02.454000
2024-05-19 13:24:42.800,8957,126,3,0,True,0,car,0 days 00:21:26.206000,0 days 01:17:02.814000
2024-05-19 13:24:43.080,8447,122,3,0,False,0,car,0 days 00:21:26.486000,0 days 01:17:03.094000
2024-05-19 13:24:43.480,8605,115,3,24,False,0,car,0 days 00:21:26.886000,0 days 01:17:03.494000
2024-05-19 13:24:43.720,8483,113,3,42,False,0,car,0 days 00:21:27.126000,0 days 01:17:03.734000
2024-05-19 13:24:44.080,9224,115,3,56,False,0,car,0 days 00:21:27.486000,0 days 01:17:04.094000
2024-05-19 13:24:44.360,9843,126,3,71,False,0,car,0 days 00:21:27.766000,0 days 01:17:04.374000
2024-05-19 13:24:44.640,10545,135,3,89,False,0,car,0 days 00:21:28.046000,0 days 01:17:04.654000
2024-05-19 13:24:44.800,11103,143,3,92,False,0,car,0 days 00:21:28.206000,0 days 01:17:04.814000
2024-05-19 13:24:45.160,10404,156,3,100,False,0,car,0 days 00:21:28.566000,0 days 01:17:05.174000
2024-05-19 13:24:45.400,9531,164,4,4,False,0,car,0 days 00:21:28.806000,0 days 01:17:05.414000
2024-05-19 13:24:45.760,8806,155,4,0,True,0,car,0 days 00:21:29.166000,0 days 01:17:05.774000
2024-05-19 13:24:46.000,8714,147,4,0,True,0,car,0 days 00:21:29.406000,0 days 01:17:06.014000
2024-05-19 13:24:46.160,8527,146,4,2,False,0,car,0 days 00:21:29.566000,0 days 01:17:06.174000
2024-05-19 13:24:46.440,8254,141,4,2,True,0,car,0 days 00:21:29.846000,0 days 01:17:06.454000
2024-05-19 13:24:46.800,8112,135,4,9,False,0,car,0 days 00:21:30.206000,0 days 01:17:06.814000
2024-05-19 13:24:47.039,8437,134,4,48,False,0,car,0 days 00:21:30.445000,0 days 01:17:07.053000
2024-05-19 13:24:47.319,8647,139,4,57,False,0,car,0 days 00:21:30.725000,0 days 01:17:07.333000
2024-05-19 13:24:47.559,9041,143,4,77,False,0,car,0 days 00:21:30.965000,0 days 01:17:07.573000
2024-05-19 13:24:47.799,9953,152,4,95,False,0,car,0 days 00:21:31.205000,0 days 01:17:07.813000
2024-05-19 13:24:47.999,10075,158,4,100,False,0,car,0 days 00:21:31.405000,0 days 01:17:08.013000
2024-05-19 13:24:48.159,10619,163,4,100,False,0,car,0 days 00:21:31.565000,0 days 01:17:08.173000
2024-05-19 13:24:48.319,10733,172,4,100,False,0,car,0 days 00:21:31.725000,0 days 01:17:08.333000
2024-05-19 13:24:48.639,11533,181,4,100,False,0,car,0 days 00:21:32.045000,0 days 01:17:08.653000
2024-05-19 13:24:48.799,11520,189,4,100,False,0,car,0 days 00:21:32.205000,0 days 01:17:08.813000
2024-05-19 13:24:49.040,11380,193,4,100,False,0,car,0 days 00:21:32.446000,0 days 01:17:09.054000
2024-05-19 13:24:49.240,10282,202,5,100,False,0,car,0 days 00:21:32.646000,0 days 01:17:09.254000
2024-05-19 13:24:49.440,10975,205,5,100,False,0,car,0 days 00:21:32.846000,0 days 01:17:09.454000
2024-05-19 13:24:49.600,11017,214,5,100,False,0,car,0 days 00:21:33.006000,0 days 01:17:09.614000
2024-05-19 13:24:49.880,11343,219,5,100,False,0,car,0 days 00:21:33.286000,0 days 01:17:09.894000
2024-05-19 13:24:50.120,11638,227,5,100,False,0,car,0 days 00:21:33.526000,0 days 01:17:10.134000
2024-05-19 13:24:50.440,10605,234,5,100,False,0,car,0 days 00:21:33.846000,0 days 01:17:10.454000
2024-05-19 13:24:50.760,10819,240,6,100,False,0,car,0 days 00:21:34.166000,0 days 01:17:10.774000
2024-05-19 13:24:51.080,11167,246,6,100,False,0,car,0 days 00:21:34.486000,0 days 01:17:11.094000
2024-05-19 13:24:51.400,11296,252,6,100,False,0,car,0 days 00:21:34.806000,0 days 01:17:11.414000
2024-05-19 13:24:51.560,11468,255,6,100,False,0,car,0 days 00:21:34.966000,0 days 01:17:11.574000
2024-05-19 13:24:51.720,11553,258,6,100,False,0,car,0 days 00:21:35.126000,0 days 01:17:11.734000
2024-05-19 13:24:51.960,10573,261,6,100,False,0,car,0 days 00:21:35.366000,0 days 01:17:11.974000
2024-05-19 13:24:52.120,10528,264,7,100,False,0,car,0 days 00:21:35.526000,0 days 01:17:12.134000
2024-05-19 13:24:52.360,10701,267,7,100,False,0,car,0 days 00:21:35.766000,0 days 01:17:12.374000
2024-05-19 13:24:52.560,10787,269,7,100,False,0,car,0 days 00:21:35.966000,0 days 01:17:12.574000
2024-05-19 13:24:52.880,10916,273,7,100,False,0,car,0 days 00:21:36.286000,0 days 01:17:12.894000
2024-05-19 13:24:53.040,10955,274,7,100,False,0,car,0 days 00:21:36.446000,0 days 01:17:13.054000
2024-05-19 13:24:53.440,10994,279,7,100,False,0,car,0 days 00:21:36.846000,0 days 01:17:13.454000
2024-05-19 13:24:53.599,11180,280,7,100,False,0,car,0 days 00:21:37.005000,0 days 01:17:13.613000
2024-05-19 13:24:53.879,11266,283,7,100,False,0,car,0 days 00:21:37.285000,0 days 01:17:13.893000
2024-05-19 13:24:54.159,11440,286,7,100,False,0,car,0 days 00:21:37.565000,0 days 01:17:14.173000
2024-05-19 13:24:54.399,11474,289,7,100,False,0,car,0 days 00:21:37.805000,0 days 01:17:14.413000
2024-05-19 13:24:54.559,11550,290,7,100,False,0,car,0 days 00:21:37.965000,0 days 01:17:14.573000
2024-05-19 13:24:54.799,11550,292,7,100,False,0,car,0 days 00:21:38.205000,0 days 01:17:14.813000
2024-05-19 13:24:54.999,11610,294,7,100,False,0,car,0 days 00:21:38.405000,0 days 01:17:15.013000
2024-05-19 13:24:55.239,10503,294,7,100,False,0,car,0 days 00:21:38.645000,0 days 01:17:15.253000
2024-05-19 13:24:55.560,10635,297,8,100,False,0,car,0 days 00:21:38.966000,0 days 01:17:15.574000
2024-05-19 13:24:55.800,10676,298,8,100,False,0,car,0 days 00:21:39.206000,0 days 01:17:15.814000
2024-05-19 13:24:56.040,10722,301,8,100,False,0,car,0 days 00:21:39.446000,0 days 01:17:16.054000
2024-05-19 13:24:56.280,10830,302,8,100,False,0,car,0 days 00:21:39.686000,0 days 01:17:16.294000
2024-05-19 13:24:56.560,10853,304,8,100,False,0,car,0 days 00:21:39.966000,0 days 01:17:16.574000
2024-05-19 13:24:56.800,10880,305,8,100,False,0,car,0 days 00:21:40.206000,0 days 01:17:16.814000
2024-05-19 13:24:57.120,10930,307,8,100,False,0,car,0 days 00:21:40.526000,0 days 01:17:17.134000
2024-05-19 13:24:57.320,10890,308,8,100,False,0,car,0 days 00:21:40.726000,0 days 01:17:17.334000
2024-05-19 13:24:57.560,10926,308,8,100,False,0,car,0 days 00:21:40.966000,0 days 01:17:17.574000
2024-05-19 13:24:57.840,10970,308,8,100,False,0,car,0 days 00:21:41.246000,0 days 01:17:17.854000
2024-05-19 13:24:58.160,11026,309,8,100,False,0,car,0 days 00:21:41.566000,0 days 01:17:18.174000
2024-05-19 13:24:58.360,11026,309,8,100,False,0,car,0 days 00:21:41.766000,0 days 01:17:18.374000
2024-05-19 13:24:58.680,10955,309,8,100,False,0,car,0 days 00:21:42.086000,0 days 01:17:18.694000
2024-05-19 13:24:58.840,10997,310,8,100,False,0,car,0 days 00:21:42.246000,0 days 01:17:18.854000
2024-05-19 13:24:59.080,10997,310,8,100,False,0,car,0 days 00:21:42.486000,0 days 01:17:19.094000
2024-05-19 13:24:59.240,11019,312,8,100,False,0,car,0 days 00:21:42.646000,0 days 01:17:19.254000
2024-05-19 13:24:59.520,11014,312,8,100,False,0,car,0 days 00:21:42.926000,0 days 01:17:19.534000
2024-05-19 13:24:59.840,10930,310,8,100,False,0,car,0 days 00:21:43.246000,0 days 01:17:19.854000
2024-05-19 13:25:00.040,11043,310,8,100,False,0,car,0 days 00:21:43.446000,0 days 01:17:20.054000
2024-05-19 13:25:00.280,10956,309,8,100,False,0,car,0 days 00:21:43.686000,0 days 01:17:20.294000
2024-05-19 13:25:00.559,10940,309,8,100,False,0,car,0 days 00:21:43.965000,0 days 01:17:20.573000
2024-05-19 13:25:00.919,10908,308,8,100,False,0,car,0 days 00:21:44.325000,0 days 01:17:20.933000
2024-05-19 13:25:01.159,10879,306,8,100,False,0,car,0 days 00:21:44.565000,0 days 01:17:21.173000
2024-05-19 13:25:01.479,10886,307,8,100,False,0,car,0 days 00:21:44.885000,0 days 01:17:21.493000
2024-05-19 13:25:01.639,10847,305,8,100,False,0,car,0 days 00:21:45.045000,0 days 01:17:21.653000
2024-05-19 13:25:01.799,10867,305,8,100,False,0,car,0 days 00:21:45.205000,0 days 01:17:21.813000
2024-05-19 13:25:02.040,10861,305,8,100,False,0,car,0 days 00:21:45.446000,0 days 01:17:22.054000
2024-05-19 13:25:02.320,10724,303,8,100,False,0,car,0 days 00:21:45.726000,0 days 01:17:22.334000
2024-05-19 13:25:02.600,10587,300,8,67,False,0,car,0 days 00:21:46.006000,0 days 01:17:22.614000
2024-05-19 13:25:02.960,10141,293,8,0,False,0,car,0 days 00:21:46.366000,0 days 01:17:22.974000
2024-05-19 13:25:03.200,9587,276,8,0,True,0,car,0 days 00:21:46.606000,0 days 01:17:23.214000
2024-05-19 13:25:03.440,9680,256,8,0,True,0,car,0 days 00:21:46.846000,0 days 01:17:23.454000
2024-05-19 13:25:03.600,9412,231,8,0,True,0,car,0 days 00:21:47.006000,0 days 01:17:23.614000
2024-05-19 13:25:03.800,9596,210,8,0,True,0,car,0 days 00:21:47.206000,0 days 01:17:23.814000
2024-05-19 13:25:03.960,9957,210,8,0,True,0,car,0 days 00:21:47.366000,0 days 01:17:23.974000
2024-05-19 13:25:04.240,10465,178,6,0,True,0,car,0 days 00:21:47.646000,0 days 01:17:24.254000
2024-05-19 13:25:05.280,9003,148,4,15,False,0,car,0 days 00:21:48.686000,0 days 01:17:25.294000
2024-05-19 13:25:05.520,9415,150,4,62,False,0,car,0 days 00:21:48.926000,0 days 01:17:25.534000
2024-05-19 13:25:05.760,9913,154,4,89,False,0,car,0 days 00:21:49.166000,0 days 01:17:25.774000
2024-05-19 13:25:06.000,10056,164,4,85,False,0,car,0 days 00:21:49.406000,0 days 01:17:26.014000
2024-05-19 13:25:06.240,10142,169,4,53,False,0,car,0 days 00:21:49.646000,0 days 01:17:26.254000
2024-05-19 13:25:06.480,10362,169,4,54,False,0,car,0 days 00:21:49.886000,0 days 01:17:26.494000
2024-05-19 13:25:06.680,10687,169,4,81,False,0,car,0 days 00:21:50.086000,0 days 01:17:26.694000
2024-05-19 13:25:06.880,11042,172,4,86,False,0,car,0 days 00:21:50.286000,0 days 01:17:26.894000
2024-05-19 13:25:07.119,11024,178,4,94,False,0,car,0 days 00:21:50.525000,0 days 01:17:27.133000
2024-05-19 13:25:07.439,10833,187,4,100,False,0,car,0 days 00:21:50.845000,0 days 01:17:27.453000
2024-05-19 13:25:07.639,10386,194,5,100,False,0,car,0 days 00:21:51.045000,0 days 01:17:27.653000
2024-05-19 13:25:07.959,10601,201,5,100,False,0,car,0 days 00:21:51.365000,0 days 01:17:27.973000
2024-05-19 13:25:08.159,10959,209,5,100,False,0,car,0 days 00:21:51.565000,0 days 01:17:28.173000
2024-05-19 13:25:08.319,11124,212,5,100,False,0,car,0 days 00:21:51.725000,0 days 01:17:28.333000
2024-05-19 13:25:08.600,11464,218,5,100,False,0,car,0 days 00:21:52.006000,0 days 01:17:28.614000
2024-05-19 13:25:08.760,11549,221,5,100,False,0,car,0 days 00:21:52.166000,0 days 01:17:28.774000
2024-05-19 13:25:09.080,10684,225,5,100,False,0,car,0 days 00:21:52.486000,0 days 01:17:29.094000
2024-05-19 13:25:09.280,10409,228,6,100,False,0,car,0 days 00:21:52.686000,0 days 01:17:29.294000
2024-05-19 13:25:09.520,10677,234,6,100,False,0,car,0 days 00:21:52.926000,0 days 01:17:29.534000
2024-05-19 13:25:09.680,10814,235,6,100,False,0,car,0 days 00:21:53.086000,0 days 01:17:29.694000
2024-05-19 13:25:09.920,11003,241,6,100,False,0,car,0 days 00:21:53.326000,0 days 01:17:29.934000
2024-05-19 13:25:10.240,11112,247,6,100,False,0,car,0 days 00:21:53.646000,0 days 01:17:30.254000
2024-05-19 13:25:10.440,11315,250,6,100,False,0,car,0 days 00:21:53.846000,0 days 01:17:30.454000
2024-05-19 13:25:10.720,11430,256,6,100,False,0,car,0 days 00:21:54.126000,0 days 01:17:30.734000
2024-05-19 13:25:10.960,11615,259,6,100,False,0,car,0 days 00:21:54.366000,0 days 01:17:30.974000
2024-05-19 13:25:11.200,11195,261,6,100,False,0,car,0 days 00:21:54.606000,0 days 01:17:31.214000
2024-05-19 13:25:11.440,10618,265,6,100,False,0,car,0 days 00:21:54.846000,0 days 01:17:31.454000
2024-05-19 13:25:11.760,10742,269,7,100,False,0,car,0 days 00:21:55.166000,0 days 01:17:31.774000
2024-05-19 13:25:12.040,10809,272,7,100,False,0,car,0 days 00:21:55.446000,0 days 01:17:32.054000
2024-05-19 13:25:12.240,10912,275,7,100,False,0,car,0 days 00:21:55.646000,0 days 01:17:32.254000
2024-05-19 13:25:12.440,11013,277,7,100,False,0,car,0 days 00:21:55.846000,0 days 01:17:32.454000
2024-05-19 13:25:12.720,11102,280,7,100,False,0,car,0 days 00:21:56.126000,0 days 01:17:32.734000
2024-05-19 13:25:12.880,11217,281,7,100,False,0,car,0 days 00:21:56.286000,0 days 01:17:32.894000
2024-05-19 13:25:13.080,11151,282,7,100,False,0,car,0 days 00:21:56.486000,0 days 01:17:33.094000
2024-05-19 13:25:13.280,11283,282,7,100,False,0,car,0 days 00:21:56.686000,0 days 01:17:33.294000
2024-05-19 13:25:13.520,11180,282,7,100,False,0,car,0 days 00:21:56.926000,0 days 01:17:33.534000
2024-05-19 13:25:13.680,11199,282,7,75,False,0,car,0 days 00:21:57.086000,0 days 01:17:33.694000
2024-05-19 13:25:13.919,10831,276,7,0,True,0,car,0 days 00:21:57.325000,0 days 01:17:33.933000
2024-05-19 13:25:14.279,10006,254,7,0,True,0,car,0 days 00:21:57.685000,0 days 01:17:34.293000
2024-05-19 13:25:14.439,10410,241,7,0,True,0,car,0 days 00:21:57.845000,0 days 01:17:34.453000
2024-05-19 13:25:14.759,9938,228,6,0,True,0,car,0 days 00:21:58.165000,0 days 01:17:34.773000
2024-05-19 13:25:15.039,9705,221,6,1,True,0,car,0 days 00:21:58.445000,0 days 01:17:35.053000
2024-05-19 13:25:15.400,9058,209,6,0,True,0,car,0 days 00:21:58.806000,0 days 01:17:35.414000
2024-05-19 13:25:15.560,9093,204,6,0,True,0,car,0 days 00:21:58.966000,0 days 01:17:35.574000
2024-05-19 13:25:15.760,9376,191,6,0,True,0,car,0 days 00:21:59.166000,0 days 01:17:35.774000
2024-05-19 13:25:15.920,8987,181,6,0,True,0,car,0 days 00:21:59.326000,0 days 01:17:35.934000
2024-05-19 13:25:16.120,8787,177,5,0,True,0,car,0 days 00:21:59.526000,0 days 01:17:36.134000
2024-05-19 13:25:16.280,8563,174,5,0,True,0,car,0 days 00:21:59.686000,0 days 01:17:36.294000
2024-05-19 13:25:16.480,8557,170,5,12,False,0,car,0 days 00:21:59.886000,0 days 01:17:36.494000
2024-05-19 13:25:16.840,8767,166,5,59,False,0,car,0 days 00:22:00.246000,0 days 01:17:36.854000
2024-05-19 13:25:17.120,8848,167,5,65,False,0,car,0 days 00:22:00.526000,0 days 01:17:37.134000
2024-05-19 13:25:17.480,9300,172,5,99,False,0,car,0 days 00:22:00.886000,0 days 01:17:37.494000
2024-05-19 13:25:17.800,9883,180,5,100,False,0,car,0 days 00:22:01.206000,0 days 01:17:37.814000
2024-05-19 13:25:18.080,9938,187,5,100,False,0,car,0 days 00:22:01.486000,0 days 01:17:38.094000
2024-05-19 13:25:18.440,10588,201,5,100,False,0,car,0 days 00:22:01.846000,0 days 01:17:38.454000
2024-05-19 13:25:18.760,10878,210,5,100,False,0,car,0 days 00:22:02.166000,0 days 01:17:38.774000
2024-05-19 13:25:19.040,11259,215,5,100,False,0,car,0 days 00:22:02.446000,0 days 01:17:39.054000
2024-05-19 13:25:19.280,11254,222,5,100,False,0,car,0 days 00:22:02.686000,0 days 01:17:39.294000
2024-05-19 13:25:19.560,11442,225,5,100,False,0,car,0 days 00:22:02.966000,0 days 01:17:39.574000
2024-05-19 13:25:19.880,11509,227,5,52,False,0,car,0 days 00:22:03.286000,0 days 01:17:39.894000
2024-05-19 13:25:20.719,9771,167,5,0,True,0,car,0 days 00:22:04.125000,0 days 01:17:40.733000
2024-05-19 13:25:20.919,10917,154,5,0,True,0,car,0 days 00:22:04.325000,0 days 01:17:40.933000
2024-05-19 13:25:21.239,9485,138,3,0,True,0,car,0 days 00:22:04.645000,0 days 01:17:41.253000
2024-05-19 13:25:21.559,8531,125,3,0,True,0,car,0 days 00:22:04.965000,0 days 01:17:41.573000
2024-05-19 13:25:21.719,8145,117,3,0,True,0,car,0 days 00:22:05.125000,0 days 01:17:41.733000
2024-05-19 13:25:22.040,7633,110,3,0,True,0,car,0 days 00:22:05.446000,0 days 01:17:42.054000
2024-05-19 13:25:22.240,7369,105,3,0,True,0,car,0 days 00:22:05.646000,0 days 01:17:42.254000
2024-05-19 13:25:22.640,6825,98,3,0,True,0,car,0 days 00:22:06.046000,0 days 01:17:42.654000
2024-05-19 13:25:22.880,6692,93,3,3,False,0,car,0 days 00:22:06.286000,0 days 01:17:42.894000
2024-05-19 13:25:23.240,6918,92,3,28,False,0,car,0 days 00:22:06.646000,0 days 01:17:43.254000
2024-05-19 13:25:23.680,7447,97,3,42,False,0,car,0 days 00:22:07.086000,0 days 01:17:43.694000
2024-05-19 13:25:24.000,7934,102,3,53,False,0,car,0 days 00:22:07.406000,0 days 01:17:44.014000
2024-05-19 13:25:24.160,8273,106,3,62,False,0,car,0 days 00:22:07.566000,0 days 01:17:44.174000
2024-05-19 13:25:24.520,9209,114,3,80,False,0,car,0 days 00:22:07.926000,0 days 01:17:44.534000
2024-05-19 13:25:24.760,10029,126,3,93,False,0,car,0 days 00:22:08.166000,0 days 01:17:44.774000
2024-05-19 13:25:25.120,11507,145,3,100,False,0,car,0 days 00:22:08.526000,0 days 01:17:45.134000
2024-05-19 13:25:25.280,11227,149,3,100,False,0,car,0 days 00:22:08.686000,0 days 01:17:45.294000
2024-05-19 13:25:25.440,10336,157,3,100,False,0,car,0 days 00:22:08.846000,0 days 01:17:45.454000
2024-05-19 13:25:25.640,10466,167,4,100,False,0,car,0 days 00:22:09.046000,0 days 01:17:45.654000
2024-05-19 13:25:25.800,10808,174,4,100,False,0,car,0 days 00:22:09.206000,0 days 01:17:45.814000
2024-05-19 13:25:26.120,11325,185,4,100,False,0,car,0 days 00:22:09.526000,0 days 01:17:46.134000
2024-05-19 13:25:26.360,11865,192,4,100,False,0,car,0 days 00:22:09.766000,0 days 01:17:46.374000
2024-05-19 13:25:26.560,11025,198,4,100,False,0,car,0 days 00:22:09.966000,0 days 01:17:46.574000
2024-05-19 13:25:26.800,10758,204,5,100,False,0,car,0 days 00:22:10.206000,0 days 01:17:46.814000
2024-05-19 13:25:27.120,11116,215,5,100,False,0,car,0 days 00:22:10.526000,0 days 01:17:47.134000
2024-05-19 13:25:27.279,11327,218,5,100,False,0,car,0 days 00:22:10.685000,0 days 01:17:47.293000
2024-05-19 13:25:27.479,11525,223,5,100,False,0,car,0 days 00:22:10.885000,0 days 01:17:47.493000
2024-05-19 13:25:27.759,11747,229,5,100,False,0,car,0 days 00:22:11.165000,0 days 01:17:47.773000
2024-05-19 13:25:27.959,11101,233,5,100,False,0,car,0 days 00:22:11.365000,0 days 01:17:47.973000
2024-05-19 13:25:28.400,10939,243,6,100,False,0,car,0 days 00:22:11.806000,0 days 01:17:48.414000
2024-05-19 13:25:28.560,11079,245,6,100,False,0,car,0 days 00:22:11.966000,0 days 01:17:48.574000
2024-05-19 13:25:28.800,11232,250,6,100,False,0,car,0 days 00:22:12.206000,0 days 01:17:48.814000
2024-05-19 13:25:29.000,11305,253,6,100,False,0,car,0 days 00:22:12.406000,0 days 01:17:49.014000
2024-05-19 13:25:29.240,11447,256,6,100,False,0,car,0 days 00:22:12.646000,0 days 01:17:49.254000
2024-05-19 13:25:29.520,10265,259,6,100,False,0,car,0 days 00:22:12.926000,0 days 01:17:49.534000
2024-05-19 13:25:29.680,10398,260,7,100,False,0,car,0 days 00:22:13.086000,0 days 01:17:49.694000
2024-05-19 13:25:29.960,10542,263,7,100,False,0,car,0 days 00:22:13.366000,0 days 01:17:49.974000
2024-05-19 13:25:30.240,10431,265,7,100,False,0,car,0 days 00:22:13.646000,0 days 01:17:50.254000
2024-05-19 13:25:30.400,10627,266,7,100,False,0,car,0 days 00:22:13.806000,0 days 01:17:50.414000
2024-05-19 13:25:30.560,10598,266,7,100,False,0,car,0 days 00:22:13.966000,0 days 01:17:50.574000
2024-05-19 13:25:30.760,10675,267,7,100,False,0,car,0 days 00:22:14.166000,0 days 01:17:50.774000
2024-05-19 13:25:31.120,10715,268,7,100,False,0,car,0 days 00:22:14.526000,0 days 01:17:51.134000
2024-05-19 13:25:31.320,10744,270,7,100,False,0,car,0 days 00:22:14.726000,0 days 01:17:51.334000
2024-05-19 13:25:31.560,10746,271,7,100,False,0,car,0 days 00:22:14.966000,0 days 01:17:51.574000
2024-05-19 13:25:31.800,10716,271,7,100,False,0,car,0 days 00:22:15.206000,0 days 01:17:51.814000
2024-05-19 13:25:32.000,10450,271,7,23,False,0,car,0 days 00:22:15.406000,0 days 01:17:52.014000
2024-05-19 13:25:32.320,10120,254,7,0,True,0,car,0 days 00:22:15.726000,0 days 01:17:52.334000
2024-05-19 13:25:32.720,11082,225,7,0,True,0,car,0 days 00:22:16.126000,0 days 01:17:52.734000
2024-05-19 13:25:32.960,10505,215,6,0,True,0,car,0 days 00:22:16.366000,0 days 01:17:52.974000
2024-05-19 13:25:33.360,10154,203,5,7,True,0,car,0 days 00:22:16.766000,0 days 01:17:53.374000
2024-05-19 13:25:33.560,9930,197,5,44,False,0,car,0 days 00:22:16.966000,0 days 01:17:53.574000
2024-05-19 13:25:33.800,10096,194,5,76,False,0,car,0 days 00:22:17.206000,0 days 01:17:53.814000
2024-05-19 13:25:34.039,10233,196,5,83,False,0,car,0 days 00:22:17.445000,0 days 01:17:54.053000
2024-05-19 13:25:34.239,10514,199,5,97,False,0,car,0 days 00:22:17.645000,0 days 01:17:54.253000
2024-05-19 13:25:34.639,11012,208,5,100,False,0,car,0 days 00:22:18.045000,0 days 01:17:54.653000
2024-05-19 13:25:35.000,11374,217,5,100,False,0,car,0 days 00:22:18.406000,0 days 01:17:55.014000
2024-05-19 13:25:35.320,11664,224,5,100,False,0,car,0 days 00:22:18.726000,0 days 01:17:55.334000
2024-05-19 13:25:35.600,11146,232,5,100,False,0,car,0 days 00:22:19.006000,0 days 01:17:55.614000
2024-05-19 13:25:36.040,10871,239,6,100,False,0,car,0 days 00:22:19.446000,0 days 01:17:56.054000
2024-05-19 13:25:36.440,11096,247,6,100,False,0,car,0 days 00:22:19.846000,0 days 01:17:56.454000
2024-05-19 13:25:36.680,11367,251,6,100,False,0,car,0 days 00:22:20.086000,0 days 01:17:56.694000
2024-05-19 13:25:37.000,11528,257,6,100,False,0,car,0 days 00:22:20.406000,0 days 01:17:57.014000
2024-05-19 13:25:37.320,11510,263,6,100,False,0,car,0 days 00:22:20.726000,0 days 01:17:57.334000
2024-05-19 13:25:37.600,10564,265,7,100,False,0,car,0 days 00:22:21.006000,0 days 01:17:57.614000
2024-05-19 13:25:37.840,10614,267,7,100,False,0,car,0 days 00:22:21.246000,0 days 01:17:57.854000
2024-05-19 13:25:38.080,10719,269,7,100,False,0,car,0 days 00:22:21.486000,0 days 01:17:58.094000
2024-05-19 13:25:38.520,10755,272,7,100,False,0,car,0 days 00:22:21.926000,0 days 01:17:58.534000
2024-05-19 13:25:38.760,10416,272,7,6,False,0,car,0 days 00:22:22.166000,0 days 01:17:58.774000
2024-05-19 13:25:38.920,10386,269,7,0,False,0,car,0 days 00:22:22.326000,0 days 01:17:58.934000
2024-05-19 13:25:39.080,10234,266,7,0,False,0,car,0 days 00:22:22.486000,0 days 01:17:59.094000
2024-05-19 13:25:39.320,10034,259,7,0,False,0,car,0 days 00:22:22.726000,0 days 01:17:59.334000
2024-05-19 13:25:39.680,9780,250,7,0,True,0,car,0 days 00:22:23.086000,0 days 01:17:59.694000
2024-05-19 13:25:39.920,9220,235,7,0,True,0,car,0 days 00:22:23.326000,0 days 01:17:59.934000
2024-05-19 13:25:40.120,9368,227,7,0,True,0,car,0 days 00:22:23.526000,0 days 01:18:00.134000
2024-05-19 13:25:40.520,9163,183,7,0,True,0,car,0 days 00:22:23.926000,0 days 01:18:00.534000
2024-05-19 13:25:40.959,9100,155,4,0,True,0,car,0 days 00:22:24.365000,0 days 01:18:00.973000
2024-05-19 13:25:41.119,8540,146,4,0,True,0,car,0 days 00:22:24.525000,0 days 01:18:01.133000
2024-05-19 13:25:41.600,7702,131,4,0,True,0,car,0 days 00:22:25.006000,0 days 01:18:01.614000
2024-05-19 13:25:41.840,7481,129,4,2,False,0,car,0 days 00:22:25.246000,0 days 01:18:01.854000
2024-05-19 13:25:42.080,7359,122,4,20,False,0,car,0 days 00:22:25.486000,0 days 01:18:02.094000
2024-05-19 13:25:42.360,7772,123,4,55,False,0,car,0 days 00:22:25.766000,0 days 01:18:02.374000
2024-05-19 13:25:42.720,8244,131,4,76,False,0,car,0 days 00:22:26.126000,0 days 01:18:02.734000
2024-05-19 13:25:43.040,9544,137,4,100,False,0,car,0 days 00:22:26.446000,0 days 01:18:03.054000
2024-05-19 13:25:43.320,9465,153,4,100,False,0,car,0 days 00:22:26.726000,0 days 01:18:03.334000
2024-05-19 13:25:43.520,9988,160,4,100,False,0,car,0 days 00:22:26.926000,0 days 01:18:03.534000
2024-05-19 13:25:43.760,11153,166,4,100,False,0,car,0 days 00:22:27.166000,0 days 01:18:03.774000
2024-05-19 13:25:43.920,10785,174,4,100,False,0,car,0 days 00:22:27.326000,0 days 01:18:03.934000
2024-05-19 13:25:44.240,11579,177,4,100,False,0,car,0 days 00:22:27.646000,0 days 01:18:04.254000
2024-05-19 13:25:44.680,10999,191,4,100,False,0,car,0 days 00:22:28.086000,0 days 01:18:04.694000
2024-05-19 13:25:45.120,11082,212,5,100,False,0,car,0 days 00:22:28.526000,0 days 01:18:05.134000
2024-05-19 13:25:45.320,11073,217,5,100,False,0,car,0 days 00:22:28.726000,0 days 01:18:05.334000
2024-05-19 13:25:45.480,11502,220,5,100,False,0,car,0 days 00:22:28.886000,0 days 01:18:05.494000
2024-05-19 13:25:45.640,11561,222,5,100,False,0,car,0 days 00:22:29.046000,0 days 01:18:05.654000
2024-05-19 13:25:45.800,11755,227,5,100,False,0,car,0 days 00:22:29.206000,0 days 01:18:05.814000
2024-05-19 13:25:46.120,10647,233,5,100,False,0,car,0 days 00:22:29.526000,0 days 01:18:06.134000
2024-05-19 13:25:46.280,10740,233,5,100,False,0,car,0 days 00:22:29.686000,0 days 01:18:06.294000
2024-05-19 13:25:46.440,10827,241,6,100,False,0,car,0 days 00:22:29.846000,0 days 01:18:06.454000
2024-05-19 13:25:46.640,10983,245,6,100,False,0,car,0 days 00:22:30.046000,0 days 01:18:06.654000
2024-05-19 13:25:46.960,11138,245,6,100,False,0,car,0 days 00:22:30.366000,0 days 01:18:06.974000
2024-05-19 13:25:47.399,11306,253,6,100,False,0,car,0 days 00:22:30.805000,0 days 01:18:07.413000
2024-05-19 13:25:47.639,11476,256,6,100,False,0,car,0 days 00:22:31.045000,0 days 01:18:07.653000
2024-05-19 13:25:47.959,11441,257,6,100,False,0,car,0 days 00:22:31.365000,0 days 01:18:07.973000
2024-05-19 13:25:48.160,11401,257,6,100,False,0,car,0 days 00:22:31.566000,0 days 01:18:08.174000
2024-05-19 13:25:48.440,11471,258,6,100,False,0,car,0 days 00:22:31.846000,0 days 01:18:08.454000
2024-05-19 13:25:48.720,11602,258,6,6,False,0,car,0 days 00:22:32.126000,0 days 01:18:08.734000
2024-05-19 13:25:48.880,11176,258,6,0,True,0,car,0 days 00:22:32.286000,0 days 01:18:08.894000
2024-05-19 13:25:49.080,10448,252,6,0,True,0,car,0 days 00:22:32.486000,0 days 01:18:09.094000
2024-05-19 13:25:49.400,9943,199,6,0,True,0,car,0 days 00:22:32.806000,0 days 01:18:09.414000
2024-05-19 13:25:49.600,9946,180,6,0,True,0,car,0 days 00:22:33.006000,0 days 01:18:09.614000
2024-05-19 13:25:49.760,10052,170,5,0,True,0,car,0 days 00:22:33.166000,0 days 01:18:09.774000
2024-05-19 13:25:49.960,9058,157,4,0,True,0,car,0 days 00:22:33.366000,0 days 01:18:09.974000
2024-05-19 13:25:50.160,8321,151,4,0,True,0,car,0 days 00:22:33.566000,0 days 01:18:10.174000
2024-05-19 13:25:50.400,7657,132,4,0,True,0,car,0 days 00:22:33.806000,0 days 01:18:10.414000
2024-05-19 13:25:50.640,7295,128,4,0,True,0,car,0 days 00:22:34.046000,0 days 01:18:10.654000
2024-05-19 13:25:50.880,6998,121,4,0,False,0,car,0 days 00:22:34.286000,0 days 01:18:10.894000
2024-05-19 13:25:51.160,6810,114,4,0,False,0,car,0 days 00:22:34.566000,0 days 01:18:11.174000
2024-05-19 13:25:51.440,7582,110,4,0,False,0,car,0 days 00:22:34.846000,0 days 01:18:11.454000
2024-05-19 13:25:51.760,7582,108,3,0,True,0,car,0 days 00:22:35.166000,0 days 01:18:11.774000
2024-05-19 13:25:52.080,6996,102,3,0,False,0,car,0 days 00:22:35.486000,0 days 01:18:12.094000
2024-05-19 13:25:52.240,6967,98,3,2,False,0,car,0 days 00:22:35.646000,0 days 01:18:12.254000
2024-05-19 13:25:52.520,7482,98,3,32,False,0,car,0 days 00:22:35.926000,0 days 01:18:12.534000
2024-05-19 13:25:52.760,7880,101,3,55,False,0,car,0 days 00:22:36.166000,0 days 01:18:12.774000
2024-05-19 13:25:52.920,8215,106,3,57,False,0,car,0 days 00:22:36.326000,0 days 01:18:12.934000
2024-05-19 13:25:53.160,8539,113,3,74,False,0,car,0 days 00:22:36.566000,0 days 01:18:13.174000
2024-05-19 13:25:53.560,10172,120,3,94,False,0,car,0 days 00:22:36.966000,0 days 01:18:13.574000
2024-05-19 13:25:53.960,10920,142,3,100,False,0,car,0 days 00:22:37.366000,0 days 01:18:13.974000
2024-05-19 13:25:54.119,9998,156,3,100,False,0,car,0 days 00:22:37.525000,0 days 01:18:14.133000
2024-05-19 13:25:54.279,10132,161,3,100,False,0,car,0 days 00:22:37.685000,0 days 01:18:14.293000
2024-05-19 13:25:54.559,10660,173,4,100,False,0,car,0 days 00:22:37.965000,0 days 01:18:14.573000
2024-05-19 13:25:54.920,11426,189,4,100,False,0,car,0 days 00:22:38.326000,0 days 01:18:14.934000
2024-05-19 13:25:55.160,11674,195,4,100,False,0,car,0 days 00:22:38.566000,0 days 01:18:15.174000
2024-05-19 13:25:55.440,10974,202,4,100,False,0,car,0 days 00:22:38.846000,0 days 01:18:15.454000
2024-05-19 13:25:55.640,10554,211,5,100,False,0,car,0 days 00:22:39.046000,0 days 01:18:15.654000
2024-05-19 13:25:55.920,11332,219,5,100,False,0,car,0 days 00:22:39.326000,0 days 01:18:15.934000
2024-05-19 13:25:56.120,11393,219,5,100,False,0,car,0 days 00:22:39.526000,0 days 01:18:16.134000
2024-05-19 13:25:56.480,11930,231,5,100,False,0,car,0 days 00:22:39.886000,0 days 01:18:16.494000
2024-05-19 13:25:56.640,11930,235,5,100,False,0,car,0 days 00:22:40.046000,0 days 01:18:16.654000
2024-05-19 13:25:56.800,10827,239,6,100,False,0,car,0 days 00:22:40.206000,0 days 01:18:16.814000
2024-05-19 13:25:57.040,10982,243,6,100,False,0,car,0 days 00:22:40.446000,0 days 01:18:17.054000
2024-05-19 13:25:57.320,11168,249,6,100,False,0,car,0 days 00:22:40.726000,0 days 01:18:17.334000
2024-05-19 13:25:57.600,11378,251,6,100,False,0,car,0 days 00:22:41.006000,0 days 01:18:17.614000
2024-05-19 13:25:57.840,11479,257,6,100,False,0,car,0 days 00:22:41.246000,0 days 01:18:17.854000
2024-05-19 13:25:58.120,11605,261,6,100,False,0,car,0 days 00:22:41.526000,0 days 01:18:18.134000
2024-05-19 13:25:58.320,11080,264,6,100,False,0,car,0 days 00:22:41.726000,0 days 01:18:18.334000
2024-05-19 13:25:58.800,10750,269,7,100,False,0,car,0 days 00:22:42.206000,0 days 01:18:18.814000
2024-05-19 13:25:59.160,10902,273,7,100,False,0,car,0 days 00:22:42.566000,0 days 01:18:19.174000
2024-05-19 13:25:59.520,10902,277,7,100,False,0,car,0 days 00:22:42.926000,0 days 01:18:19.534000
2024-05-19 13:25:59.840,11094,280,7,100,False,0,car,0 days 00:22:43.246000,0 days 01:18:19.854000
2024-05-19 13:26:00.000,11179,282,7,100,False,0,car,0 days 00:22:43.406000,0 days 01:18:20.014000
2024-05-19 13:26:00.200,11258,283,7,100,False,0,car,0 days 00:22:43.606000,0 days 01:18:20.214000
2024-05-19 13:26:00.600,11375,286,7,100,False,0,car,0 days 00:22:44.006000,0 days 01:18:20.614000
2024-05-19 13:26:00.800,11471,289,7,100,False,0,car,0 days 00:22:44.206000,0 days 01:18:20.814000
2024-05-19 13:26:00.999,11091,290,7,100,False,0,car,0 days 00:22:44.405000,0 days 01:18:21.013000
2024-05-19 13:26:01.480,11368,289,7,100,False,0,car,0 days 00:22:44.886000,0 days 01:18:21.494000
2024-05-19 13:26:01.760,11234,289,7,0,False,0,car,0 days 00:22:45.166000,0 days 01:18:21.774000
2024-05-19 13:26:01.960,10985,285,7,0,False,0,car,0 days 00:22:45.366000,0 days 01:18:21.974000
2024-05-19 13:26:02.280,10697,274,7,0,True,0,car,0 days 00:22:45.686000,0 days 01:18:22.294000
2024-05-19 13:26:02.440,9998,255,7,0,True,0,car,0 days 00:22:45.846000,0 days 01:18:22.454000
2024-05-19 13:26:02.680,9549,233,7,0,True,0,car,0 days 00:22:46.086000,0 days 01:18:22.694000
2024-05-19 13:26:03.120,10455,189,7,0,True,0,car,0 days 00:22:46.526000,0 days 01:18:23.134000
2024-05-19 13:26:03.480,10615,156,4,0,True,0,car,0 days 00:22:46.886000,0 days 01:18:23.494000
2024-05-19 13:26:03.640,9826,142,3,0,True,0,car,0 days 00:22:47.046000,0 days 01:18:23.654000
2024-05-19 13:26:03.800,9363,131,3,0,True,0,car,0 days 00:22:47.206000,0 days 01:18:23.814000
2024-05-19 13:26:04.000,8743,126,3,0,True,0,car,0 days 00:22:47.406000,0 days 01:18:24.014000
2024-05-19 13:26:04.320,8230,119,3,0,True,0,car,0 days 00:22:47.726000,0 days 01:18:24.334000
2024-05-19 13:26:04.640,8432,114,3,7,False,0,car,0 days 00:22:48.046000,0 days 01:18:24.654000
2024-05-19 13:26:04.960,8495,112,3,43,False,0,car,0 days 00:22:48.366000,0 days 01:18:24.974000
2024-05-19 13:26:05.280,8695,116,3,46,False,0,car,0 days 00:22:48.686000,0 days 01:18:25.294000
2024-05-19 13:26:05.440,8937,120,3,57,False,0,car,0 days 00:22:48.846000,0 days 01:18:25.454000
2024-05-19 13:26:05.640,9421,122,3,68,False,0,car,0 days 00:22:49.046000,0 days 01:18:25.654000
2024-05-19 13:26:05.920,10125,134,3,81,False,0,car,0 days 00:22:49.326000,0 days 01:18:25.934000
2024-05-19 13:26:06.160,10923,143,3,100,False,0,car,0 days 00:22:49.566000,0 days 01:18:26.174000
2024-05-19 13:26:06.520,9785,157,4,100,False,0,car,0 days 00:22:49.926000,0 days 01:18:26.534000
2024-05-19 13:26:06.800,10285,162,4,84,True,0,car,0 days 00:22:50.206000,0 days 01:18:26.814000
2024-05-19 13:26:07.120,9065,154,4,0,True,0,car,0 days 00:22:50.526000,0 days 01:18:27.134000
2024-05-19 13:26:07.360,8763,148,4,0,True,0,car,0 days 00:22:50.766000,0 days 01:18:27.374000
2024-05-19 13:26:07.520,8763,145,4,0,True,0,car,0 days 00:22:50.926000,0 days 01:18:27.534000
2024-05-19 13:26:07.679,8270,143,4,0,True,0,car,0 days 00:22:51.085000,0 days 01:18:27.693000
2024-05-19 13:26:08.040,8287,134,4,14,False,0,car,0 days 00:22:51.446000,0 days 01:18:28.054000
2024-05-19 13:26:08.440,8563,137,4,55,False,0,car,0 days 00:22:51.846000,0 days 01:18:28.454000
2024-05-19 13:26:08.800,9191,144,4,65,False,0,car,0 days 00:22:52.206000,0 days 01:18:28.814000
2024-05-19 13:26:09.200,9701,155,4,100,False,0,car,0 days 00:22:52.606000,0 days 01:18:29.214000
2024-05-19 13:26:09.480,10107,163,4,100,False,0,car,0 days 00:22:52.886000,0 days 01:18:29.494000
2024-05-19 13:26:09.720,11035,176,4,100,False,0,car,0 days 00:22:53.126000,0 days 01:18:29.734000
2024-05-19 13:26:09.920,11438,182,4,100,False,0,car,0 days 00:22:53.326000,0 days 01:18:29.934000
2024-05-19 13:26:10.160,11702,190,4,100,False,0,car,0 days 00:22:53.566000,0 days 01:18:30.174000
2024-05-19 13:26:10.400,10723,199,4,100,False,0,car,0 days 00:22:53.806000,0 days 01:18:30.414000
2024-05-19 13:26:10.600,10797,205,5,100,False,0,car,0 days 00:22:54.006000,0 days 01:18:30.614000
2024-05-19 13:26:10.880,11034,211,5,100,False,0,car,0 days 00:22:54.286000,0 days 01:18:30.894000
2024-05-19 13:26:11.320,11537,225,5,100,False,0,car,0 days 00:22:54.726000,0 days 01:18:31.334000
2024-05-19 13:26:11.560,11538,229,5,100,False,0,car,0 days 00:22:54.966000,0 days 01:18:31.574000
2024-05-19 13:26:11.880,10747,236,6,100,False,0,car,0 days 00:22:55.286000,0 days 01:18:31.894000
2024-05-19 13:26:12.080,10901,237,6,100,False,0,car,0 days 00:22:55.486000,0 days 01:18:32.094000
2024-05-19 13:26:12.240,10976,244,6,100,False,0,car,0 days 00:22:55.646000,0 days 01:18:32.254000
2024-05-19 13:26:12.480,11212,248,6,100,False,0,car,0 days 00:22:55.886000,0 days 01:18:32.494000
2024-05-19 13:26:12.840,11415,253,6,100,False,0,car,0 days 00:22:56.246000,0 days 01:18:32.854000
2024-05-19 13:26:13.120,11527,259,6,100,False,0,car,0 days 00:22:56.526000,0 days 01:18:33.134000
2024-05-19 13:26:13.320,11083,262,6,100,False,0,car,0 days 00:22:56.726000,0 days 01:18:33.334000
2024-05-19 13:26:13.600,10656,265,7,100,False,0,car,0 days 00:22:57.006000,0 days 01:18:33.614000
2024-05-19 13:26:13.920,10771,270,7,100,False,0,car,0 days 00:22:57.326000,0 days 01:18:33.934000
2024-05-19 13:26:14.120,10863,272,7,100,False,0,car,0 days 00:22:57.526000,0 days 01:18:34.134000
2024-05-19 13:26:14.319,10924,274,7,100,False,0,car,0 days 00:22:57.725000,0 days 01:18:34.333000
2024-05-19 13:26:14.520,11006,277,7,100,False,0,car,0 days 00:22:57.926000,0 days 01:18:34.534000
2024-05-19 13:26:15.000,11228,281,7,100,False,0,car,0 days 00:22:58.406000,0 days 01:18:35.014000
2024-05-19 13:26:15.280,11341,283,7,100,False,0,car,0 days 00:22:58.686000,0 days 01:18:35.294000
2024-05-19 13:26:15.640,11381,289,7,100,False,0,car,0 days 00:22:59.046000,0 days 01:18:35.654000
2024-05-19 13:26:15.920,11533,290,7,100,False,0,car,0 days 00:22:59.326000,0 days 01:18:35.934000
2024-05-19 13:26:16.240,11541,293,7,100,False,0,car,0 days 00:22:59.646000,0 days 01:18:36.254000
2024-05-19 13:26:16.400,11126,294,7,100,False,0,car,0 days 00:22:59.806000,0 days 01:18:36.414000
2024-05-19 13:26:16.640,10463,295,7,100,False,0,car,0 days 00:23:00.046000,0 days 01:18:36.654000
2024-05-19 13:26:17.000,10648,298,8,100,False,0,car,0 days 00:23:00.406000,0 days 01:18:37.014000
2024-05-19 13:26:17.200,10694,299,8,100,False,0,car,0 days 00:23:00.606000,0 days 01:18:37.214000
2024-05-19 13:26:17.480,10745,301,8,100,False,0,car,0 days 00:23:00.886000,0 days 01:18:37.494000
2024-05-19 13:26:17.720,10760,302,8,100,False,0,car,0 days 00:23:01.126000,0 days 01:18:37.734000
2024-05-19 13:26:17.920,10838,303,8,100,False,0,car,0 days 00:23:01.326000,0 days 01:18:37.934000
2024-05-19 13:26:18.240,10829,304,8,100,False,0,car,0 days 00:23:01.646000,0 days 01:18:38.254000
2024-05-19 13:26:18.480,10880,305,8,100,False,0,car,0 days 00:23:01.886000,0 days 01:18:38.494000
2024-05-19 13:26:18.640,10932,307,8,100,False,0,car,0 days 00:23:02.046000,0 days 01:18:38.654000
2024-05-19 13:26:18.880,10951,308,8,100,False,0,car,0 days 00:23:02.286000,0 days 01:18:38.894000
2024-05-19 13:26:19.120,10961,308,8,100,False,0,car,0 days 00:23:02.526000,0 days 01:18:39.134000
2024-05-19 13:26:19.440,10971,309,8,100,False,0,car,0 days 00:23:02.846000,0 days 01:18:39.454000
2024-05-19 13:26:19.680,10930,309,8,100,False,0,car,0 days 00:23:03.086000,0 days 01:18:39.694000
2024-05-19 13:26:20.120,11072,310,8,100,False,0,car,0 days 00:23:03.526000,0 days 01:18:40.134000
2024-05-19 13:26:20.360,11077,311,8,100,False,0,car,0 days 00:23:03.766000,0 days 01:18:40.374000
2024-05-19 13:26:20.680,11033,312,8,100,False,0,car,0 days 00:23:04.086000,0 days 01:18:40.694000
2024-05-19 13:26:20.880,11086,312,8,100,False,0,car,0 days 00:23:04.286000,0 days 01:18:40.894000
2024-05-19 13:26:21.040,11087,312,8,100,False,0,car,0 days 00:23:04.446000,0 days 01:18:41.054000
2024-05-19 13:26:21.360,10977,311,8,100,False,0,car,0 days 00:23:04.766000,0 days 01:18:41.374000
2024-05-19 13:26:21.640,11044,310,8,100,False,0,car,0 days 00:23:05.046000,0 days 01:18:41.654000
2024-05-19 13:26:21.960,10994,309,8,100,False,0,car,0 days 00:23:05.366000,0 days 01:18:41.974000
2024-05-19 13:26:22.120,10970,308,8,100,False,0,car,0 days 00:23:05.526000,0 days 01:18:42.134000
2024-05-19 13:26:22.320,10888,307,8,100,False,0,car,0 days 00:23:05.726000,0 days 01:18:42.334000
2024-05-19 13:26:22.600,10856,306,8,100,False,0,car,0 days 00:23:06.006000,0 days 01:18:42.614000
2024-05-19 13:26:23.000,10864,306,8,100,False,0,car,0 days 00:23:06.406000,0 days 01:18:43.014000
2024-05-19 13:26:23.320,10789,305,8,100,False,0,car,0 days 00:23:06.726000,0 days 01:18:43.334000
2024-05-19 13:26:23.600,10798,304,8,100,False,0,car,0 days 00:23:07.006000,0 days 01:18:43.614000
2024-05-19 13:26:23.840,10728,302,8,98,False,0,car,0 days 00:23:07.246000,0 days 01:18:43.854000
2024-05-19 13:26:24.000,10620,301,8,40,False,0,car,0 days 00:23:07.406000,0 days 01:18:44.014000
2024-05-19 13:26:24.160,10274,299,8,0,False,0,car,0 days 00:23:07.566000,0 days 01:18:44.174000
2024-05-19 13:26:24.480,9902,288,8,0,True,0,car,0 days 00:23:07.886000,0 days 01:18:44.494000
2024-05-19 13:26:24.640,9843,269,8,0,True,0,car,0 days 00:23:08.046000,0 days 01:18:44.654000
2024-05-19 13:26:24.880,9459,257,8,0,True,0,car,0 days 00:23:08.286000,0 days 01:18:44.894000
2024-05-19 13:26:25.240,10204,202,8,0,True,0,car,0 days 00:23:08.646000,0 days 01:18:45.254000
2024-05-19 13:26:25.720,9816,169,4,0,True,0,car,0 days 00:23:09.126000,0 days 01:18:45.734000
2024-05-19 13:26:25.920,9266,160,4,0,True,0,car,0 days 00:23:09.326000,0 days 01:18:45.934000
2024-05-19 13:26:26.320,9127,152,4,7,False,0,car,0 days 00:23:09.726000,0 days 01:18:46.334000
2024-05-19 13:26:26.480,8951,152,4,24,False,0,car,0 days 00:23:09.886000,0 days 01:18:46.494000
2024-05-19 13:26:26.640,9098,147,4,46,False,0,car,0 days 00:23:10.046000,0 days 01:18:46.654000
2024-05-19 13:26:26.800,9158,149,4,54,False,0,car,0 days 00:23:10.206000,0 days 01:18:46.814000
2024-05-19 13:26:27.160,9833,154,4,93,False,0,car,0 days 00:23:10.566000,0 days 01:18:47.174000
2024-05-19 13:26:27.360,9784,161,4,47,False,0,car,0 days 00:23:10.766000,0 days 01:18:47.374000
2024-05-19 13:26:27.641,10158,166,4,45,False,0,car,0 days 00:23:11.047000,0 days 01:18:47.655000
2024-05-19 13:26:28.000,10310,164,4,75,False,0,car,0 days 00:23:11.406000,0 days 01:18:48.014000
2024-05-19 13:26:28.280,10850,170,4,83,False,0,car,0 days 00:23:11.686000,0 days 01:18:48.294000
2024-05-19 13:26:28.520,11075,175,4,96,False,0,car,0 days 00:23:11.926000,0 days 01:18:48.534000
2024-05-19 13:26:28.720,11179,180,4,100,False,0,car,0 days 00:23:12.126000,0 days 01:18:48.734000
2024-05-19 13:26:28.920,9919,187,4,100,False,0,car,0 days 00:23:12.326000,0 days 01:18:48.934000
2024-05-19 13:26:29.160,10185,190,5,100,False,0,car,0 days 00:23:12.566000,0 days 01:18:49.174000
2024-05-19 13:26:29.400,10508,200,5,100,False,0,car,0 days 00:23:12.806000,0 days 01:18:49.414000
2024-05-19 13:26:29.680,11087,206,5,100,False,0,car,0 days 00:23:13.086000,0 days 01:18:49.694000
2024-05-19 13:26:29.840,11122,214,5,100,False,0,car,0 days 00:23:13.246000,0 days 01:18:49.854000
2024-05-19 13:26:30.280,11822,223,5,100,False,0,car,0 days 00:23:13.686000,0 days 01:18:50.294000
2024-05-19 13:26:30.640,10522,229,5,100,False,0,car,0 days 00:23:14.046000,0 days 01:18:50.654000
2024-05-19 13:26:30.920,10674,234,6,100,False,0,car,0 days 00:23:14.326000,0 days 01:18:50.934000
2024-05-19 13:26:31.200,10847,241,6,100,False,0,car,0 days 00:23:14.606000,0 days 01:18:51.214000
2024-05-19 13:26:31.360,10987,241,6,100,False,0,car,0 days 00:23:14.766000,0 days 01:18:51.374000
2024-05-19 13:26:31.640,11203,248,6,100,False,0,car,0 days 00:23:15.046000,0 days 01:18:51.654000
2024-05-19 13:26:31.880,11394,252,6,100,False,0,car,0 days 00:23:15.286000,0 days 01:18:51.894000
2024-05-19 13:26:32.160,11519,256,6,100,False,0,car,0 days 00:23:15.566000,0 days 01:18:52.174000
2024-05-19 13:26:32.480,11387,259,6,100,False,0,car,0 days 00:23:15.886000,0 days 01:18:52.494000
2024-05-19 13:26:32.640,10461,262,6,100,False,0,car,0 days 00:23:16.046000,0 days 01:18:52.654000
2024-05-19 13:26:32.840,10604,264,7,100,False,0,car,0 days 00:23:16.246000,0 days 01:18:52.854000
2024-05-19 13:26:33.160,10793,270,7,100,False,0,car,0 days 00:23:16.566000,0 days 01:18:53.174000
2024-05-19 13:26:33.320,10825,272,7,100,False,0,car,0 days 00:23:16.726000,0 days 01:18:53.334000
2024-05-19 13:26:33.560,10955,274,7,100,False,0,car,0 days 00:23:16.966000,0 days 01:18:53.574000
2024-05-19 13:26:33.800,11059,276,7,100,False,0,car,0 days 00:23:17.206000,0 days 01:18:53.814000
2024-05-19 13:26:34.121,11080,281,7,100,False,0,car,0 days 00:23:17.527000,0 days 01:18:54.135000
2024-05-19 13:26:34.401,11077,282,7,100,False,0,car,0 days 00:23:17.807000,0 days 01:18:54.415000
2024-05-19 13:26:34.680,11123,284,7,100,False,0,car,0 days 00:23:18.086000,0 days 01:18:54.694000
2024-05-19 13:26:34.960,11176,283,7,100,False,0,car,0 days 00:23:18.366000,0 days 01:18:54.974000
2024-05-19 13:26:35.200,11154,283,7,54,False,0,car,0 days 00:23:18.606000,0 days 01:18:55.214000
2024-05-19 13:26:35.480,10505,276,7,0,True,0,car,0 days 00:23:18.886000,0 days 01:18:55.494000
2024-05-19 13:26:35.840,10020,250,7,0,True,0,car,0 days 00:23:19.246000,0 days 01:18:55.854000
2024-05-19 13:26:36.000,10384,239,7,0,True,0,car,0 days 00:23:19.406000,0 days 01:18:56.014000
2024-05-19 13:26:36.240,10188,233,6,0,True,0,car,0 days 00:23:19.646000,0 days 01:18:56.254000
2024-05-19 13:26:36.400,9888,225,6,3,True,0,car,0 days 00:23:19.806000,0 days 01:18:56.414000
2024-05-19 13:26:36.600,9608,225,6,3,True,0,car,0 days 00:23:20.006000,0 days 01:18:56.614000
2024-05-19 13:26:36.800,9266,210,6,0,True,0,car,0 days 00:23:20.206000,0 days 01:18:56.814000
2024-05-19 13:26:37.040,9561,196,6,0,True,0,car,0 days 00:23:20.446000,0 days 01:18:57.054000
2024-05-19 13:26:37.280,9114,183,5,0,True,0,car,0 days 00:23:20.686000,0 days 01:18:57.294000
2024-05-19 13:26:37.440,8682,175,5,0,True,0,car,0 days 00:23:20.846000,0 days 01:18:57.454000
2024-05-19 13:26:37.600,8372,170,5,0,True,0,car,0 days 00:23:21.006000,0 days 01:18:57.614000
2024-05-19 13:26:37.920,8127,163,5,0,False,0,car,0 days 00:23:21.326000,0 days 01:18:57.934000
2024-05-19 13:26:38.200,8434,158,5,59,False,0,car,0 days 00:23:21.606000,0 days 01:18:58.214000
2024-05-19 13:26:38.360,8511,159,5,74,False,0,car,0 days 00:23:21.766000,0 days 01:18:58.374000
2024-05-19 13:26:38.680,8946,166,5,100,False,0,car,0 days 00:23:22.086000,0 days 01:18:58.694000
2024-05-19 13:26:38.920,8985,175,5,100,False,0,car,0 days 00:23:22.326000,0 days 01:18:58.934000
2024-05-19 13:26:39.120,9539,180,5,100,False,0,car,0 days 00:23:22.526000,0 days 01:18:59.134000
2024-05-19 13:26:39.360,10095,186,5,100,False,0,car,0 days 00:23:22.766000,0 days 01:18:59.374000
2024-05-19 13:26:39.760,10289,197,5,100,False,0,car,0 days 00:23:23.166000,0 days 01:18:59.774000
2024-05-19 13:26:39.960,10735,204,5,100,False,0,car,0 days 00:23:23.366000,0 days 01:18:59.974000
2024-05-19 13:26:40.320,10921,213,5,100,False,0,car,0 days 00:23:23.726000,0 days 01:19:00.334000
2024-05-19 13:26:40.520,11204,215,5,100,False,0,car,0 days 00:23:23.926000,0 days 01:19:00.534000
2024-05-19 13:26:40.721,11073,219,5,100,False,0,car,0 days 00:23:24.127000,0 days 01:19:00.735000
2024-05-19 13:26:40.961,11290,221,5,100,False,0,car,0 days 00:23:24.367000,0 days 01:19:00.975000
2024-05-19 13:26:41.240,11417,224,5,100,False,0,car,0 days 00:23:24.646000,0 days 01:19:01.254000
2024-05-19 13:26:41.440,11228,224,5,0,False,0,car,0 days 00:23:24.846000,0 days 01:19:01.454000
2024-05-19 13:26:41.640,10437,210,5,0,True,0,car,0 days 00:23:25.046000,0 days 01:19:01.654000
2024-05-19 13:26:41.840,9540,191,5,0,True,0,car,0 days 00:23:25.246000,0 days 01:19:01.854000
2024-05-19 13:26:42.240,10825,158,4,0,True,0,car,0 days 00:23:25.646000,0 days 01:19:02.254000
2024-05-19 13:26:42.680,9175,136,3,0,True,0,car,0 days 00:23:26.086000,0 days 01:19:02.694000
2024-05-19 13:26:42.880,8895,128,3,0,True,0,car,0 days 00:23:26.286000,0 days 01:19:02.894000
2024-05-19 13:26:43.240,8082,113,3,0,True,0,car,0 days 00:23:26.646000,0 days 01:19:03.254000
2024-05-19 13:26:43.720,7014,101,3,0,True,0,car,0 days 00:23:27.126000,0 days 01:19:03.734000
2024-05-19 13:26:43.920,6840,98,3,0,False,0,car,0 days 00:23:27.326000,0 days 01:19:03.934000
2024-05-19 13:26:44.080,6736,97,3,1,False,0,car,0 days 00:23:27.486000,0 days 01:19:04.094000
2024-05-19 13:26:44.320,7180,91,3,21,False,0,car,0 days 00:23:27.726000,0 days 01:19:04.334000
2024-05-19 13:26:44.560,6938,93,3,30,False,0,car,0 days 00:23:27.966000,0 days 01:19:04.574000
2024-05-19 13:26:44.920,7298,96,3,34,False,0,car,0 days 00:23:28.326000,0 days 01:19:04.934000
2024-05-19 13:26:45.080,7356,98,3,37,False,0,car,0 days 00:23:28.486000,0 days 01:19:05.094000
2024-05-19 13:26:45.360,7943,102,3,52,False,0,car,0 days 00:23:28.766000,0 days 01:19:05.374000
2024-05-19 13:26:45.640,8355,110,3,65,False,0,car,0 days 00:23:29.046000,0 days 01:19:05.654000
2024-05-19 13:26:46.000,9756,123,3,84,False,0,car,0 days 00:23:29.406000,0 days 01:19:06.014000
2024-05-19 13:26:46.360,10511,136,3,100,False,0,car,0 days 00:23:29.766000,0 days 01:19:06.374000
2024-05-19 13:26:46.600,11339,145,3,100,False,0,car,0 days 00:23:30.006000,0 days 01:19:06.614000
2024-05-19 13:26:46.760,10499,145,3,100,False,0,car,0 days 00:23:30.166000,0 days 01:19:06.774000
2024-05-19 13:26:47.080,10163,165,4,100,False,0,car,0 days 00:23:30.486000,0 days 01:19:07.094000
2024-05-19 13:26:47.441,11286,181,4,100,False,0,car,0 days 00:23:30.847000,0 days 01:19:07.455000
2024-05-19 13:26:47.920,11924,198,4,100,False,0,car,0 days 00:23:31.326000,0 days 01:19:07.934000
2024-05-19 13:26:48.240,10665,207,5,100,False,0,car,0 days 00:23:31.646000,0 days 01:19:08.254000
2024-05-19 13:26:48.520,11152,215,5,100,False,0,car,0 days 00:23:31.926000,0 days 01:19:08.534000
2024-05-19 13:26:48.880,11497,223,5,100,False,0,car,0 days 00:23:32.286000,0 days 01:19:08.894000
2024-05-19 13:26:49.080,11728,223,5,100,False,0,car,0 days 00:23:32.486000,0 days 01:19:09.094000
2024-05-19 13:26:49.400,10725,235,5,100,False,0,car,0 days 00:23:32.806000,0 days 01:19:09.414000
2024-05-19 13:26:49.560,10772,237,6,100,False,0,car,0 days 00:23:32.966000,0 days 01:19:09.574000
2024-05-19 13:26:49.920,10997,245,6,100,False,0,car,0 days 00:23:33.326000,0 days 01:19:09.934000
2024-05-19 13:26:50.080,11129,247,6,100,False,0,car,0 days 00:23:33.486000,0 days 01:19:10.094000
2024-05-19 13:26:50.320,11267,251,6,100,False,0,car,0 days 00:23:33.726000,0 days 01:19:10.334000
2024-05-19 13:26:50.600,11451,255,6,100,False,0,car,0 days 00:23:34.006000,0 days 01:19:10.614000
2024-05-19 13:26:50.760,11539,256,6,100,False,0,car,0 days 00:23:34.166000,0 days 01:19:10.774000
2024-05-19 13:26:51.040,11639,261,6,100,False,0,car,0 days 00:23:34.446000,0 days 01:19:11.054000
2024-05-19 13:26:51.360,10525,263,7,100,False,0,car,0 days 00:23:34.766000,0 days 01:19:11.374000
2024-05-19 13:26:51.600,10632,265,7,100,False,0,car,0 days 00:23:35.006000,0 days 01:19:11.614000
2024-05-19 13:26:51.760,10582,267,7,100,False,0,car,0 days 00:23:35.166000,0 days 01:19:11.774000
2024-05-19 13:26:51.960,10551,268,7,100,False,0,car,0 days 00:23:35.366000,0 days 01:19:11.974000
2024-05-19 13:26:52.120,10681,269,7,100,False,0,car,0 days 00:23:35.526000,0 days 01:19:12.134000
2024-05-19 13:26:52.400,10743,270,7,100,False,0,car,0 days 00:23:35.806000,0 days 01:19:12.414000
2024-05-19 13:26:52.560,10707,270,7,100,False,0,car,0 days 00:23:35.966000,0 days 01:19:12.574000
2024-05-19 13:26:52.880,10690,271,7,100,False,0,car,0 days 00:23:36.286000,0 days 01:19:12.894000
2024-05-19 13:26:53.040,10719,271,7,100,False,0,car,0 days 00:23:36.446000,0 days 01:19:13.054000
2024-05-19 13:26:53.280,10726,271,7,77,False,0,car,0 days 00:23:36.686000,0 days 01:19:13.294000
2024-05-19 13:26:53.520,10061,267,7,0,True,0,car,0 days 00:23:36.926000,0 days 01:19:13.534000
2024-05-19 13:26:53.680,9994,260,7,0,True,0,car,0 days 00:23:37.086000,0 days 01:19:13.694000
2024-05-19 13:26:54.001,9937,238,7,0,True,0,car,0 days 00:23:37.407000,0 days 01:19:14.015000
2024-05-19 13:26:54.361,10948,211,5,1,True,0,car,0 days 00:23:37.767000,0 days 01:19:14.375000
2024-05-19 13:26:54.640,10183,203,5,3,True,0,car,0 days 00:23:38.046000,0 days 01:19:14.654000
2024-05-19 13:26:54.920,9899,196,5,22,False,0,car,0 days 00:23:38.326000,0 days 01:19:14.934000
2024-05-19 13:26:55.160,10135,192,5,85,False,0,car,0 days 00:23:38.566000,0 days 01:19:15.174000
2024-05-19 13:26:55.560,10566,193,5,100,False,0,car,0 days 00:23:38.966000,0 days 01:19:15.574000
2024-05-19 13:26:55.800,10925,207,5,100,False,0,car,0 days 00:23:39.206000,0 days 01:19:15.814000
2024-05-19 13:26:55.960,11115,207,5,100,False,0,car,0 days 00:23:39.366000,0 days 01:19:15.974000
2024-05-19 13:26:56.400,11462,222,5,100,False,0,car,0 days 00:23:39.806000,0 days 01:19:16.414000
2024-05-19 13:26:56.560,11483,224,5,100,False,0,car,0 days 00:23:39.966000,0 days 01:19:16.574000
2024-05-19 13:26:56.720,11105,228,5,100,False,0,car,0 days 00:23:40.126000,0 days 01:19:16.734000
2024-05-19 13:26:57.000,10504,234,6,100,False,0,car,0 days 00:23:40.406000,0 days 01:19:17.014000
2024-05-19 13:26:57.240,10800,238,6,100,False,0,car,0 days 00:23:40.646000,0 days 01:19:17.254000
2024-05-19 13:26:57.680,11262,246,6,100,False,0,car,0 days 00:23:41.086000,0 days 01:19:17.694000
2024-05-19 13:26:57.840,11306,250,6,100,False,0,car,0 days 00:23:41.246000,0 days 01:19:17.854000
2024-05-19 13:26:58.080,11417,253,6,100,False,0,car,0 days 00:23:41.486000,0 days 01:19:18.094000
2024-05-19 13:26:58.360,11671,258,6,100,False,0,car,0 days 00:23:41.766000,0 days 01:19:18.374000
2024-05-19 13:26:58.640,10348,261,6,100,False,0,car,0 days 00:23:42.046000,0 days 01:19:18.654000
2024-05-19 13:26:58.800,10453,263,7,100,False,0,car,0 days 00:23:42.206000,0 days 01:19:18.814000
2024-05-19 13:26:59.040,10532,264,7,100,False,0,car,0 days 00:23:42.446000,0 days 01:19:19.054000
2024-05-19 13:26:59.280,10615,266,7,100,False,0,car,0 days 00:23:42.686000,0 days 01:19:19.294000
2024-05-19 13:26:59.520,10680,269,7,100,False,0,car,0 days 00:23:42.926000,0 days 01:19:19.534000
2024-05-19 13:26:59.840,10699,270,7,100,False,0,car,0 days 00:23:43.246000,0 days 01:19:19.854000
2024-05-19 13:27:00.040,10826,272,7,100,False,0,car,0 days 00:23:43.446000,0 days 01:19:20.054000
2024-05-19 13:27:00.320,10251,271,7,0,False,0,car,0 days 00:23:43.726000,0 days 01:19:20.334000
2024-05-19 13:27:00.521,10406,263,7,0,False,0,car,0 days 00:23:43.927000,0 days 01:19:20.535000
2024-05-19 13:27:00.841,9945,256,7,0,False,0,car,0 days 00:23:44.247000,0 days 01:19:20.855000
2024-05-19 13:27:01.321,9149,235,7,0,True,0,car,0 days 00:23:44.727000,0 days 01:19:21.335000
2024-05-19 13:27:01.520,9722,216,7,0,True,0,car,0 days 00:23:44.926000,0 days 01:19:21.534000
2024-05-19 13:27:01.720,9535,205,6,0,True,0,car,0 days 00:23:45.126000,0 days 01:19:21.734000
2024-05-19 13:27:01.960,9741,178,6,0,True,0,car,0 days 00:23:45.366000,0 days 01:19:21.974000
2024-05-19 13:27:02.400,8432,146,4,0,True,0,car,0 days 00:23:45.806000,0 days 01:19:22.414000
2024-05-19 13:27:02.560,8111,142,4,0,True,0,car,0 days 00:23:45.966000,0 days 01:19:22.574000
2024-05-19 13:27:02.720,7828,135,4,0,True,0,car,0 days 00:23:46.126000,0 days 01:19:22.734000
2024-05-19 13:27:02.880,7730,135,4,0,True,0,car,0 days 00:23:46.286000,0 days 01:19:22.894000
2024-05-19 13:27:03.160,7749,127,4,4,False,0,car,0 days 00:23:46.566000,0 days 01:19:23.174000
2024-05-19 13:27:03.560,7589,122,4,32,False,0,car,0 days 00:23:46.966000,0 days 01:19:23.574000
2024-05-19 13:27:03.800,7883,126,4,58,False,0,car,0 days 00:23:47.206000,0 days 01:19:23.814000
2024-05-19 13:27:04.000,8216,130,4,63,False,0,car,0 days 00:23:47.406000,0 days 01:19:24.014000
2024-05-19 13:27:04.280,9092,135,4,100,False,0,car,0 days 00:23:47.686000,0 days 01:19:24.294000
2024-05-19 13:27:04.560,9491,147,4,100,False,0,car,0 days 00:23:47.966000,0 days 01:19:24.574000
2024-05-19 13:27:04.800,9700,158,4,100,False,0,car,0 days 00:23:48.206000,0 days 01:19:24.814000
2024-05-19 13:27:05.240,11267,172,4,100,False,0,car,0 days 00:23:48.646000,0 days 01:19:25.254000
2024-05-19 13:27:05.560,11381,183,4,100,False,0,car,0 days 00:23:48.966000,0 days 01:19:25.574000
2024-05-19 13:27:05.760,11889,190,4,100,False,0,car,0 days 00:23:49.166000,0 days 01:19:25.774000
2024-05-19 13:27:06.040,11331,199,4,100,False,0,car,0 days 00:23:49.446000,0 days 01:19:26.054000
2024-05-19 13:27:06.400,10881,204,5,100,False,0,car,0 days 00:23:49.806000,0 days 01:19:26.414000
2024-05-19 13:27:06.720,11287,218,5,100,False,0,car,0 days 00:23:50.126000,0 days 01:19:26.734000
2024-05-19 13:27:07.001,11501,225,5,100,False,0,car,0 days 00:23:50.407000,0 days 01:19:27.015000
2024-05-19 13:27:07.361,11023,231,5,100,False,0,car,0 days 00:23:50.767000,0 days 01:19:27.375000
2024-05-19 13:27:07.521,10570,236,6,100,False,0,car,0 days 00:23:50.927000,0 days 01:19:27.535000
2024-05-19 13:27:07.721,10861,239,6,100,False,0,car,0 days 00:23:51.127000,0 days 01:19:27.735000
2024-05-19 13:27:08.120,11091,246,6,100,False,0,car,0 days 00:23:51.526000,0 days 01:19:28.134000
2024-05-19 13:27:08.280,11186,248,6,100,False,0,car,0 days 00:23:51.686000,0 days 01:19:28.294000
2024-05-19 13:27:08.560,11273,253,6,100,False,0,car,0 days 00:23:51.966000,0 days 01:19:28.574000
2024-05-19 13:27:08.840,11381,256,6,100,False,0,car,0 days 00:23:52.246000,0 days 01:19:28.854000
2024-05-19 13:27:09.080,11436,257,6,100,False,0,car,0 days 00:23:52.486000,0 days 01:19:29.094000
2024-05-19 13:27:09.240,11402,258,6,100,False,0,car,0 days 00:23:52.646000,0 days 01:19:29.254000
2024-05-19 13:27:09.480,11531,259,6,100,False,0,car,0 days 00:23:52.886000,0 days 01:19:29.494000
2024-05-19 13:27:09.760,11547,258,6,100,False,0,car,0 days 00:23:53.166000,0 days 01:19:29.774000
2024-05-19 13:27:09.920,11570,259,6,100,False,0,car,0 days 00:23:53.326000,0 days 01:19:29.934000
2024-05-19 13:27:10.240,11042,255,6,0,True,0,car,0 days 00:23:53.646000,0 days 01:19:30.254000
2024-05-19 13:27:10.400,10318,234,6,0,True,0,car,0 days 00:23:53.806000,0 days 01:19:30.414000
2024-05-19 13:27:10.800,9785,191,6,0,True,0,car,0 days 00:23:54.206000,0 days 01:19:30.814000
2024-05-19 13:27:11.000,9911,174,5,0,True,0,car,0 days 00:23:54.406000,0 days 01:19:31.014000
2024-05-19 13:27:11.440,8450,147,4,0,True,0,car,0 days 00:23:54.846000,0 days 01:19:31.454000
2024-05-19 13:27:11.640,7913,136,4,0,True,0,car,0 days 00:23:55.046000,0 days 01:19:31.654000
2024-05-19 13:27:11.840,7529,127,4,0,True,0,car,0 days 00:23:55.246000,0 days 01:19:31.854000
2024-05-19 13:27:12.120,6975,120,4,0,True,0,car,0 days 00:23:55.526000,0 days 01:19:32.134000
2024-05-19 13:27:12.320,6765,115,4,0,False,0,car,0 days 00:23:55.726000,0 days 01:19:32.334000
2024-05-19 13:27:12.520,6638,111,4,0,False,0,car,0 days 00:23:55.926000,0 days 01:19:32.534000
2024-05-19 13:27:12.720,7527,110,4,0,False,0,car,0 days 00:23:56.126000,0 days 01:19:32.734000
2024-05-19 13:27:13.000,7315,106,3,0,True,0,car,0 days 00:23:56.406000,0 days 01:19:33.014000
2024-05-19 13:27:13.240,7285,103,3,0,False,0,car,0 days 00:23:56.646000,0 days 01:19:33.254000
2024-05-19 13:27:13.561,7609,97,3,30,False,0,car,0 days 00:23:56.967000,0 days 01:19:33.575000
2024-05-19 13:27:13.801,7666,100,3,30,False,0,car,0 days 00:23:57.207000,0 days 01:19:33.815000
2024-05-19 13:27:13.961,7769,102,3,46,False,0,car,0 days 00:23:57.367000,0 days 01:19:33.975000
2024-05-19 13:27:14.321,8292,110,3,57,False,0,car,0 days 00:23:57.727000,0 days 01:19:34.335000
2024-05-19 13:27:14.481,8873,113,3,71,False,0,car,0 days 00:23:57.887000,0 days 01:19:34.495000
2024-05-19 13:27:14.681,9638,121,3,79,False,0,car,0 days 00:23:58.087000,0 days 01:19:34.695000
2024-05-19 13:27:14.920,9638,131,3,76,False,0,car,0 days 00:23:58.326000,0 days 01:19:34.934000
2024-05-19 13:27:15.160,10435,140,3,90,False,0,car,0 days 00:23:58.566000,0 days 01:19:35.174000
2024-05-19 13:27:15.560,9854,158,3,100,False,0,car,0 days 00:23:58.966000,0 days 01:19:35.574000
2024-05-19 13:27:15.760,10439,166,4,100,False,0,car,0 days 00:23:59.166000,0 days 01:19:35.774000
2024-05-19 13:27:15.920,10892,175,4,100,False,0,car,0 days 00:23:59.326000,0 days 01:19:35.934000
2024-05-19 13:27:16.160,11490,182,4,100,False,0,car,0 days 00:23:59.566000,0 days 01:19:36.174000
2024-05-19 13:27:16.360,11366,190,4,100,False,0,car,0 days 00:23:59.766000,0 days 01:19:36.374000
2024-05-19 13:27:16.600,12188,197,4,100,False,0,car,0 days 00:24:00.006000,0 days 01:19:36.614000
2024-05-19 13:27:16.960,10769,208,5,100,False,0,car,0 days 00:24:00.366000,0 days 01:19:36.974000
2024-05-19 13:27:17.360,11267,220,5,100,False,0,car,0 days 00:24:00.766000,0 days 01:19:37.374000
2024-05-19 13:27:17.800,11850,232,5,100,False,0,car,0 days 00:24:01.206000,0 days 01:19:37.814000
2024-05-19 13:27:18.000,10870,236,5,100,False,0,car,0 days 00:24:01.406000,0 days 01:19:38.014000
2024-05-19 13:27:18.160,10816,238,6,100,False,0,car,0 days 00:24:01.566000,0 days 01:19:38.174000
2024-05-19 13:27:18.440,10952,244,6,100,False,0,car,0 days 00:24:01.846000,0 days 01:19:38.454000
2024-05-19 13:27:18.840,11228,251,6,100,False,0,car,0 days 00:24:02.246000,0 days 01:19:38.854000
2024-05-19 13:27:19.040,11302,255,6,100,False,0,car,0 days 00:24:02.446000,0 days 01:19:39.054000
2024-05-19 13:27:19.240,11584,258,6,100,False,0,car,0 days 00:24:02.646000,0 days 01:19:39.254000
2024-05-19 13:27:19.480,11699,261,6,100,False,0,car,0 days 00:24:02.886000,0 days 01:19:39.494000
2024-05-19 13:27:19.680,10719,264,6,100,False,0,car,0 days 00:24:03.086000,0 days 01:19:39.694000
2024-05-19 13:27:19.880,10666,266,7,100,False,0,car,0 days 00:24:03.286000,0 days 01:19:39.894000
2024-05-19 13:27:20.241,10761,270,7,100,False,0,car,0 days 00:24:03.647000,0 days 01:19:40.255000
2024-05-19 13:27:20.521,10878,274,7,100,False,0,car,0 days 00:24:03.927000,0 days 01:19:40.535000
2024-05-19 13:27:20.801,11033,278,7,100,False,0,car,0 days 00:24:04.207000,0 days 01:19:40.815000
2024-05-19 13:27:21.161,11100,279,7,100,False,0,car,0 days 00:24:04.567000,0 days 01:19:41.175000
2024-05-19 13:27:21.560,11223,284,7,100,False,0,car,0 days 00:24:04.966000,0 days 01:19:41.574000
2024-05-19 13:27:21.720,11329,287,7,100,False,0,car,0 days 00:24:05.126000,0 days 01:19:41.734000
2024-05-19 13:27:21.920,11394,289,7,100,False,0,car,0 days 00:24:05.326000,0 days 01:19:41.934000
2024-05-19 13:27:22.200,11499,290,7,100,False,0,car,0 days 00:24:05.606000,0 days 01:19:42.214000
2024-05-19 13:27:22.480,11539,292,7,100,False,0,car,0 days 00:24:05.886000,0 days 01:19:42.494000
2024-05-19 13:27:22.720,11435,292,7,100,False,0,car,0 days 00:24:06.126000,0 days 01:19:42.734000
2024-05-19 13:27:22.960,11454,291,7,100,False,0,car,0 days 00:24:06.366000,0 days 01:19:42.974000
2024-05-19 13:27:23.240,11435,287,7,1,False,0,car,0 days 00:24:06.646000,0 days 01:19:43.254000
2024-05-19 13:27:23.600,10626,270,7,0,True,0,car,0 days 00:24:07.006000,0 days 01:19:43.614000
2024-05-19 13:27:23.960,9675,235,7,0,True,0,car,0 days 00:24:07.366000,0 days 01:19:43.974000
2024-05-19 13:27:24.160,9487,213,7,0,True,0,car,0 days 00:24:07.566000,0 days 01:19:44.174000
2024-05-19 13:27:24.480,10482,191,7,0,True,0,car,0 days 00:24:07.886000,0 days 01:19:44.494000
2024-05-19 13:27:24.640,9509,165,6,0,True,0,car,0 days 00:24:08.046000,0 days 01:19:44.654000
2024-05-19 13:27:24.960,10188,151,3,0,True,0,car,0 days 00:24:08.366000,0 days 01:19:44.974000
2024-05-19 13:27:25.280,8996,132,3,0,True,0,car,0 days 00:24:08.686000,0 days 01:19:45.294000
2024-05-19 13:27:25.520,8583,123,3,0,True,0,car,0 days 00:24:08.926000,0 days 01:19:45.534000
2024-05-19 13:27:25.920,8230,118,3,0,False,0,car,0 days 00:24:09.326000,0 days 01:19:45.934000
2024-05-19 13:27:26.280,8339,112,3,27,False,0,car,0 days 00:24:09.686000,0 days 01:19:46.294000
2024-05-19 13:27:26.560,8440,113,3,23,False,0,car,0 days 00:24:09.966000,0 days 01:19:46.574000
2024-05-19 13:27:26.921,8937,118,3,51,False,0,car,0 days 00:24:10.327000,0 days 01:19:46.935000
2024-05-19 13:27:27.161,9333,124,3,69,False,0,car,0 days 00:24:10.567000,0 days 01:19:47.175000
2024-05-19 13:27:27.521,10596,138,3,81,False,0,car,0 days 00:24:10.927000,0 days 01:19:47.535000
2024-05-19 13:27:27.881,11365,151,3,100,False,0,car,0 days 00:24:11.287000,0 days 01:19:47.895000
2024-05-19 13:27:28.081,10525,158,4,80,False,0,car,0 days 00:24:11.487000,0 days 01:19:48.095000
2024-05-19 13:27:28.320,9143,157,4,0,True,0,car,0 days 00:24:11.726000,0 days 01:19:48.334000
2024-05-19 13:27:28.600,8612,148,4,0,True,0,car,0 days 00:24:12.006000,0 days 01:19:48.614000
2024-05-19 13:27:29.040,8184,139,4,1,True,0,car,0 days 00:24:12.446000,0 days 01:19:49.054000
2024-05-19 13:27:29.320,7990,135,4,2,False,0,car,0 days 00:24:12.726000,0 days 01:19:49.334000
2024-05-19 13:27:29.640,8389,134,4,54,False,0,car,0 days 00:24:13.046000,0 days 01:19:49.654000
2024-05-19 13:27:29.880,8588,136,4,57,False,0,car,0 days 00:24:13.286000,0 days 01:19:49.894000
2024-05-19 13:27:30.040,8761,140,4,60,False,0,car,0 days 00:24:13.446000,0 days 01:19:50.054000
2024-05-19 13:27:30.520,9468,153,4,86,False,0,car,0 days 00:24:13.926000,0 days 01:19:50.534000
2024-05-19 13:27:30.720,10122,161,4,94,False,0,car,0 days 00:24:14.126000,0 days 01:19:50.734000
2024-05-19 13:27:30.880,10650,161,4,100,False,0,car,0 days 00:24:14.286000,0 days 01:19:50.894000
2024-05-19 13:27:31.080,11108,174,4,100,False,0,car,0 days 00:24:14.486000,0 days 01:19:51.094000
2024-05-19 13:27:31.360,11307,184,4,100,False,0,car,0 days 00:24:14.766000,0 days 01:19:51.374000
2024-05-19 13:27:31.520,11587,191,4,100,False,0,car,0 days 00:24:14.926000,0 days 01:19:51.534000
2024-05-19 13:27:31.920,10559,203,5,100,False,0,car,0 days 00:24:15.326000,0 days 01:19:51.934000
2024-05-19 13:27:32.080,10884,206,5,100,False,0,car,0 days 00:24:15.486000,0 days 01:19:52.094000
2024-05-19 13:27:32.360,10933,215,5,100,False,0,car,0 days 00:24:15.766000,0 days 01:19:52.374000
2024-05-19 13:27:32.560,11323,220,5,100,False,0,car,0 days 00:24:15.966000,0 days 01:19:52.574000
2024-05-19 13:27:32.920,11322,230,5,100,False,0,car,0 days 00:24:16.326000,0 days 01:19:52.934000
2024-05-19 13:27:33.160,10538,234,6,100,False,0,car,0 days 00:24:16.566000,0 days 01:19:53.174000
2024-05-19 13:27:33.361,10750,239,6,100,False,0,car,0 days 00:24:16.767000,0 days 01:19:53.375000
2024-05-19 13:27:33.521,10914,243,6,100,False,0,car,0 days 00:24:16.927000,0 days 01:19:53.535000
2024-05-19 13:27:33.841,11149,248,6,100,False,0,car,0 days 00:24:17.247000,0 days 01:19:53.855000
2024-05-19 13:27:34.161,11346,254,6,100,False,0,car,0 days 00:24:17.567000,0 days 01:19:54.175000
2024-05-19 13:27:34.441,11575,258,6,100,False,0,car,0 days 00:24:17.847000,0 days 01:19:54.455000
2024-05-19 13:27:34.641,10363,261,6,100,False,0,car,0 days 00:24:18.047000,0 days 01:19:54.655000
2024-05-19 13:27:34.841,10555,264,7,100,False,0,car,0 days 00:24:18.247000,0 days 01:19:54.855000
2024-05-19 13:27:35.040,10679,266,7,100,False,0,car,0 days 00:24:18.446000,0 days 01:19:55.054000
2024-05-19 13:27:35.280,10788,269,7,100,False,0,car,0 days 00:24:18.686000,0 days 01:19:55.294000
2024-05-19 13:27:35.720,10971,275,7,100,False,0,car,0 days 00:24:19.126000,0 days 01:19:55.734000
2024-05-19 13:27:36.040,10976,279,7,100,False,0,car,0 days 00:24:19.446000,0 days 01:19:56.054000
2024-05-19 13:27:36.280,11211,281,7,100,False,0,car,0 days 00:24:19.686000,0 days 01:19:56.294000
2024-05-19 13:27:36.480,11304,283,7,100,False,0,car,0 days 00:24:19.886000,0 days 01:19:56.494000
2024-05-19 13:27:36.760,11278,285,7,100,False,0,car,0 days 00:24:20.166000,0 days 01:19:56.774000
2024-05-19 13:27:36.920,11323,287,7,100,False,0,car,0 days 00:24:20.326000,0 days 01:19:56.934000
2024-05-19 13:27:37.120,11403,288,7,100,False,0,car,0 days 00:24:20.526000,0 days 01:19:57.134000
2024-05-19 13:27:37.320,11454,290,7,100,False,0,car,0 days 00:24:20.726000,0 days 01:19:57.334000
2024-05-19 13:27:37.520,11545,292,7,100,False,0,car,0 days 00:24:20.926000,0 days 01:19:57.534000
2024-05-19 13:27:37.720,11575,293,7,100,False,0,car,0 days 00:24:21.126000,0 days 01:19:57.734000
2024-05-19 13:27:38.000,10595,294,8,100,False,0,car,0 days 00:24:21.406000,0 days 01:19:58.014000
2024-05-19 13:27:38.280,10589,296,8,100,False,0,car,0 days 00:24:21.686000,0 days 01:19:58.294000
2024-05-19 13:27:38.560,10645,298,8,100,False,0,car,0 days 00:24:21.966000,0 days 01:19:58.574000
2024-05-19 13:27:38.840,10687,299,8,100,False,0,car,0 days 00:24:22.246000,0 days 01:19:58.854000
2024-05-19 13:27:39.040,10742,301,8,100,False,0,car,0 days 00:24:22.446000,0 days 01:19:59.054000
2024-05-19 13:27:39.360,10798,303,8,100,False,0,car,0 days 00:24:22.766000,0 days 01:19:59.374000
2024-05-19 13:27:39.600,10828,304,8,100,False,0,car,0 days 00:24:23.006000,0 days 01:19:59.614000
2024-05-19 13:27:39.840,10832,305,8,100,False,0,car,0 days 00:24:23.246000,0 days 01:19:59.854000
2024-05-19 13:27:40.201,10934,307,8,100,False,0,car,0 days 00:24:23.607000,0 days 01:20:00.215000
2024-05-19 13:27:40.441,10902,307,8,100,False,0,car,0 days 00:24:23.847000,0 days 01:20:00.455000
2024-05-19 13:27:40.681,10971,308,8,100,False,0,car,0 days 00:24:24.087000,0 days 01:20:00.695000
2024-05-19 13:27:40.841,10971,308,8,100,False,0,car,0 days 00:24:24.247000,0 days 01:20:00.855000
2024-05-19 13:27:41.201,11006,309,8,100,False,0,car,0 days 00:24:24.607000,0 days 01:20:01.215000
2024-05-19 13:27:41.441,10996,310,8,100,False,0,car,0 days 00:24:24.847000,0 days 01:20:01.455000
2024-05-19 13:27:41.601,11008,311,8,100,False,0,car,0 days 00:24:25.007000,0 days 01:20:01.615000
2024-05-19 13:27:41.840,11137,312,8,100,False,0,car,0 days 00:24:25.246000,0 days 01:20:01.854000
2024-05-19 13:27:42.040,11082,312,8,100,False,0,car,0 days 00:24:25.446000,0 days 01:20:02.054000
2024-05-19 13:27:42.200,11065,312,8,100,False,0,car,0 days 00:24:25.606000,0 days 01:20:02.214000
2024-05-19 13:27:42.440,11028,312,8,100,False,0,car,0 days 00:24:25.846000,0 days 01:20:02.454000
2024-05-19 13:27:42.720,11027,311,8,100,False,0,car,0 days 00:24:26.126000,0 days 01:20:02.734000
2024-05-19 13:27:42.920,11041,310,8,100,False,0,car,0 days 00:24:26.326000,0 days 01:20:02.934000
2024-05-19 13:27:43.400,10962,309,8,100,False,0,car,0 days 00:24:26.806000,0 days 01:20:03.414000
2024-05-19 13:27:43.600,10999,308,8,100,False,0,car,0 days 00:24:27.006000,0 days 01:20:03.614000
2024-05-19 13:27:43.880,10917,308,8,100,False,0,car,0 days 00:24:27.286000,0 days 01:20:03.894000
2024-05-19 13:27:44.080,10928,307,8,100,False,0,car,0 days 00:24:27.486000,0 days 01:20:04.094000
2024-05-19 13:27:44.400,10913,307,8,100,False,0,car,0 days 00:24:27.806000,0 days 01:20:04.414000
2024-05-19 13:27:44.640,10771,307,8,100,False,0,car,0 days 00:24:28.046000,0 days 01:20:04.654000
2024-05-19 13:27:44.840,10871,307,8,100,False,0,car,0 days 00:24:28.246000,0 days 01:20:04.854000
2024-05-19 13:27:45.080,10775,304,8,100,False,0,car,0 days 00:24:28.486000,0 days 01:20:05.094000
2024-05-19 13:27:45.360,10695,302,8,61,False,0,car,0 days 00:24:28.766000,0 days 01:20:05.374000
2024-05-19 13:27:45.520,10474,298,8,5,False,0,car,0 days 00:24:28.926000,0 days 01:20:05.534000
2024-05-19 13:27:45.720,10234,294,8,0,False,0,car,0 days 00:24:29.126000,0 days 01:20:05.734000
2024-05-19 13:27:46.040,9539,275,8,0,True,0,car,0 days 00:24:29.446000,0 days 01:20:06.054000
2024-05-19 13:27:46.240,8994,251,8,0,True,0,car,0 days 00:24:29.646000,0 days 01:20:06.254000
2024-05-19 13:27:46.440,9743,226,8,0,True,0,car,0 days 00:24:29.846000,0 days 01:20:06.454000
2024-05-19 13:27:46.681,9984,203,8,0,True,0,car,0 days 00:24:30.087000,0 days 01:20:06.695000
2024-05-19 13:27:46.841,9984,187,7,0,True,0,car,0 days 00:24:30.247000,0 days 01:20:06.855000
2024-05-19 13:27:47.121,9975,171,4,0,True,0,car,0 days 00:24:30.527000,0 days 01:20:07.135000
2024-05-19 13:27:47.441,9233,159,4,0,True,0,car,0 days 00:24:30.847000,0 days 01:20:07.455000
2024-05-19 13:27:47.601,9154,155,4,0,False,0,car,0 days 00:24:31.007000,0 days 01:20:07.615000
2024-05-19 13:27:47.841,9109,150,4,2,False,0,car,0 days 00:24:31.247000,0 days 01:20:07.855000
2024-05-19 13:27:48.121,9305,149,4,23,False,0,car,0 days 00:24:31.527000,0 days 01:20:08.135000
2024-05-19 13:27:48.401,9433,153,4,56,False,0,car,0 days 00:24:31.807000,0 days 01:20:08.415000
2024-05-19 13:27:48.720,9708,163,4,81,False,0,car,0 days 00:24:32.126000,0 days 01:20:08.734000
2024-05-19 13:27:48.920,9702,162,4,29,False,0,car,0 days 00:24:32.326000,0 days 01:20:08.934000
2024-05-19 13:27:49.120,9728,163,4,30,False,0,car,0 days 00:24:32.526000,0 days 01:20:09.134000
2024-05-19 13:27:49.280,9875,163,4,46,False,0,car,0 days 00:24:32.686000,0 days 01:20:09.294000
2024-05-19 13:27:49.440,10334,164,4,50,False,0,car,0 days 00:24:32.846000,0 days 01:20:09.454000
2024-05-19 13:27:49.640,10362,165,4,57,False,0,car,0 days 00:24:33.046000,0 days 01:20:09.654000
2024-05-19 13:27:49.880,10502,171,4,81,False,0,car,0 days 00:24:33.286000,0 days 01:20:09.894000
2024-05-19 13:27:50.240,11334,180,4,100,False,0,car,0 days 00:24:33.646000,0 days 01:20:10.254000
2024-05-19 13:27:50.840,10422,199,4,100,False,0,car,0 days 00:24:34.246000,0 days 01:20:10.854000
2024-05-19 13:27:51.000,10912,208,5,100,False,0,car,0 days 00:24:34.406000,0 days 01:20:11.014000
2024-05-19 13:27:51.160,11071,208,5,100,False,0,car,0 days 00:24:34.566000,0 days 01:20:11.174000
2024-05-19 13:27:51.320,11238,215,5,100,False,0,car,0 days 00:24:34.726000,0 days 01:20:11.334000
2024-05-19 13:27:51.480,11378,217,5,100,False,0,car,0 days 00:24:34.886000,0 days 01:20:11.494000
2024-05-19 13:27:51.760,11778,224,5,100,False,0,car,0 days 00:24:35.166000,0 days 01:20:11.774000
2024-05-19 13:27:52.080,10626,228,5,100,False,0,car,0 days 00:24:35.486000,0 days 01:20:12.094000
2024-05-19 13:27:52.320,10646,235,6,100,False,0,car,0 days 00:24:35.726000,0 days 01:20:12.334000
2024-05-19 13:27:52.560,10858,235,6,100,False,0,car,0 days 00:24:35.966000,0 days 01:20:12.574000
2024-05-19 13:27:52.760,11014,240,6,100,False,0,car,0 days 00:24:36.166000,0 days 01:20:12.774000
2024-05-19 13:27:53.081,11200,247,6,100,False,0,car,0 days 00:24:36.487000,0 days 01:20:13.095000
2024-05-19 13:27:53.281,11368,251,6,100,False,0,car,0 days 00:24:36.687000,0 days 01:20:13.295000
2024-05-19 13:27:53.441,11456,254,6,100,False,0,car,0 days 00:24:36.847000,0 days 01:20:13.455000
2024-05-19 13:27:53.681,11607,257,6,100,False,0,car,0 days 00:24:37.087000,0 days 01:20:13.695000
2024-05-19 13:27:53.921,10539,260,6,100,False,0,car,0 days 00:24:37.327000,0 days 01:20:13.935000
2024-05-19 13:27:54.121,10542,264,6,100,False,0,car,0 days 00:24:37.527000,0 days 01:20:14.135000
2024-05-19 13:27:54.361,10596,267,7,100,False,0,car,0 days 00:24:37.767000,0 days 01:20:14.375000
2024-05-19 13:27:54.521,10794,270,7,100,False,0,car,0 days 00:24:37.927000,0 days 01:20:14.535000
2024-05-19 13:27:54.721,10839,273,7,100,False,0,car,0 days 00:24:38.127000,0 days 01:20:14.735000
2024-05-19 13:27:55.121,11023,276,7,100,False,0,car,0 days 00:24:38.527000,0 days 01:20:15.135000
2024-05-19 13:27:55.360,11129,279,7,100,False,0,car,0 days 00:24:38.766000,0 days 01:20:15.374000
2024-05-19 13:27:55.520,11158,281,7,100,False,0,car,0 days 00:24:38.926000,0 days 01:20:15.534000
2024-05-19 13:27:55.800,11209,284,7,100,False,0,car,0 days 00:24:39.206000,0 days 01:20:15.814000
2024-05-19 13:27:56.120,11094,285,7,100,False,0,car,0 days 00:24:39.526000,0 days 01:20:16.134000
2024-05-19 13:27:56.400,11225,285,7,100,False,0,car,0 days 00:24:39.806000,0 days 01:20:16.414000
2024-05-19 13:27:56.600,11203,282,7,61,False,0,car,0 days 00:24:40.006000,0 days 01:20:16.614000
2024-05-19 13:27:56.760,10648,275,7,0,True,0,car,0 days 00:24:40.166000,0 days 01:20:16.774000
2024-05-19 13:27:56.920,10061,262,7,0,True,0,car,0 days 00:24:40.326000,0 days 01:20:16.934000
2024-05-19 13:27:57.240,10530,244,7,0,True,0,car,0 days 00:24:40.646000,0 days 01:20:17.254000
2024-05-19 13:27:57.480,9969,232,6,0,True,0,car,0 days 00:24:40.886000,0 days 01:20:17.494000
2024-05-19 13:27:57.800,9641,217,6,0,True,0,car,0 days 00:24:41.206000,0 days 01:20:17.814000
2024-05-19 13:27:58.080,9262,212,6,0,True,0,car,0 days 00:24:41.486000,0 days 01:20:18.094000
2024-05-19 13:27:58.520,9374,188,6,0,True,0,car,0 days 00:24:41.926000,0 days 01:20:18.534000
2024-05-19 13:27:58.680,8853,188,5,0,True,0,car,0 days 00:24:42.086000,0 days 01:20:18.694000
2024-05-19 13:27:58.880,8459,174,5,0,True,0,car,0 days 00:24:42.286000,0 days 01:20:18.894000
2024-05-19 13:27:59.360,8209,162,5,7,False,0,car,0 days 00:24:42.766000,0 days 01:20:19.374000
2024-05-19 13:27:59.681,8353,158,5,56,False,0,car,0 days 00:24:43.087000,0 days 01:20:19.695000
2024-05-19 13:27:59.841,8381,160,5,56,False,0,car,0 days 00:24:43.247000,0 days 01:20:19.855000
2024-05-19 13:28:00.161,8872,164,5,100,False,0,car,0 days 00:24:43.567000,0 days 01:20:20.175000
2024-05-19 13:28:00.481,9155,176,5,100,False,0,car,0 days 00:24:43.887000,0 days 01:20:20.495000
2024-05-19 13:28:00.681,9564,181,5,100,False,0,car,0 days 00:24:44.087000,0 days 01:20:20.695000
2024-05-19 13:28:00.921,9974,186,5,100,False,0,car,0 days 00:24:44.327000,0 days 01:20:20.935000
2024-05-19 13:28:01.201,10443,199,5,100,False,0,car,0 days 00:24:44.607000,0 days 01:20:21.215000
2024-05-19 13:28:01.441,10555,204,5,100,False,0,car,0 days 00:24:44.847000,0 days 01:20:21.455000
2024-05-19 13:28:01.761,11026,212,5,100,False,0,car,0 days 00:24:45.167000,0 days 01:20:21.775000
2024-05-19 13:28:02.000,11093,218,5,100,False,0,car,0 days 00:24:45.406000,0 days 01:20:22.014000
2024-05-19 13:28:02.200,11307,220,5,100,False,0,car,0 days 00:24:45.606000,0 days 01:20:22.214000
2024-05-19 13:28:02.440,11411,223,5,100,False,0,car,0 days 00:24:45.846000,0 days 01:20:22.454000
2024-05-19 13:28:02.840,11041,223,5,16,False,0,car,0 days 00:24:46.246000,0 days 01:20:22.854000
2024-05-19 13:28:03.200,10004,204,5,0,True,0,car,0 days 00:24:46.606000,0 days 01:20:23.214000
2024-05-19 13:28:03.400,9754,178,5,0,True,0,car,0 days 00:24:46.806000,0 days 01:20:23.414000
2024-05-19 13:28:03.600,9835,162,5,0,True,0,car,0 days 00:24:47.006000,0 days 01:20:23.614000
2024-05-19 13:28:03.800,10115,149,4,0,True,0,car,0 days 00:24:47.206000,0 days 01:20:23.814000
2024-05-19 13:28:03.960,9922,143,3,0,True,0,car,0 days 00:24:47.366000,0 days 01:20:23.974000
2024-05-19 13:28:04.280,8766,128,3,0,True,0,car,0 days 00:24:47.686000,0 days 01:20:24.294000
2024-05-19 13:28:04.720,7730,114,3,0,True,0,car,0 days 00:24:48.126000,0 days 01:20:24.734000
2024-05-19 13:28:04.960,7454,107,3,0,True,0,car,0 days 00:24:48.366000,0 days 01:20:24.974000
2024-05-19 13:28:05.280,7079,102,3,0,False,0,car,0 days 00:24:48.686000,0 days 01:20:25.294000
2024-05-19 13:28:05.480,6825,100,3,0,False,0,car,0 days 00:24:48.886000,0 days 01:20:25.494000
2024-05-19 13:28:05.640,6768,95,3,0,False,0,car,0 days 00:24:49.046000,0 days 01:20:25.654000
2024-05-19 13:28:05.840,6664,93,3,2,False,0,car,0 days 00:24:49.246000,0 days 01:20:25.854000
2024-05-19 13:28:06.160,7147,94,3,31,False,0,car,0 days 00:24:49.566000,0 days 01:20:26.174000
2024-05-19 13:28:06.321,7329,97,3,36,False,0,car,0 days 00:24:49.727000,0 days 01:20:26.335000
2024-05-19 13:28:06.721,7799,103,3,45,False,0,car,0 days 00:24:50.127000,0 days 01:20:26.735000
2024-05-19 13:28:06.921,8087,106,3,48,False,0,car,0 days 00:24:50.327000,0 days 01:20:26.935000
2024-05-19 13:28:07.121,8513,111,3,59,False,0,car,0 days 00:24:50.527000,0 days 01:20:27.135000
2024-05-19 13:28:07.321,8937,117,3,67,False,0,car,0 days 00:24:50.727000,0 days 01:20:27.335000
2024-05-19 13:28:07.481,9357,120,3,79,False,0,car,0 days 00:24:50.887000,0 days 01:20:27.495000
2024-05-19 13:28:07.681,9642,128,3,85,False,0,car,0 days 00:24:51.087000,0 days 01:20:27.695000
2024-05-19 13:28:07.961,11327,141,3,100,False,0,car,0 days 00:24:51.367000,0 days 01:20:27.975000
2024-05-19 13:28:08.161,11655,146,3,100,False,0,car,0 days 00:24:51.567000,0 days 01:20:28.175000
2024-05-19 13:28:08.321,10535,158,3,100,False,0,car,0 days 00:24:51.727000,0 days 01:20:28.335000
2024-05-19 13:28:08.600,10659,171,4,100,False,0,car,0 days 00:24:52.006000,0 days 01:20:28.614000
2024-05-19 13:28:09.040,11198,186,4,100,False,0,car,0 days 00:24:52.446000,0 days 01:20:29.054000
2024-05-19 13:28:09.240,11671,189,4,100,False,0,car,0 days 00:24:52.646000,0 days 01:20:29.254000
2024-05-19 13:28:09.520,10727,202,4,100,False,0,car,0 days 00:24:52.926000,0 days 01:20:29.534000
2024-05-19 13:28:09.760,10789,207,5,100,False,0,car,0 days 00:24:53.166000,0 days 01:20:29.774000
2024-05-19 13:28:09.960,11006,213,5,100,False,0,car,0 days 00:24:53.366000,0 days 01:20:29.974000
2024-05-19 13:28:10.200,11233,221,5,100,False,0,car,0 days 00:24:53.606000,0 days 01:20:30.214000
2024-05-19 13:28:10.360,11468,221,5,100,False,0,car,0 days 00:24:53.766000,0 days 01:20:30.374000
2024-05-19 13:28:10.640,11765,229,5,100,False,0,car,0 days 00:24:54.046000,0 days 01:20:30.654000
2024-05-19 13:28:10.800,10785,234,5,100,False,0,car,0 days 00:24:54.206000,0 days 01:20:30.814000
2024-05-19 13:28:11.000,10517,237,6,100,False,0,car,0 days 00:24:54.406000,0 days 01:20:31.014000
2024-05-19 13:28:11.320,10926,244,6,100,False,0,car,0 days 00:24:54.726000,0 days 01:20:31.334000
2024-05-19 13:28:11.520,11078,247,6,100,False,0,car,0 days 00:24:54.926000,0 days 01:20:31.534000
2024-05-19 13:28:11.720,11219,249,6,100,False,0,car,0 days 00:24:55.126000,0 days 01:20:31.734000
2024-05-19 13:28:12.120,11416,256,6,100,False,0,car,0 days 00:24:55.526000,0 days 01:20:32.134000
2024-05-19 13:28:12.400,11484,259,6,100,False,0,car,0 days 00:24:55.806000,0 days 01:20:32.414000
2024-05-19 13:28:12.761,10654,262,6,100,False,0,car,0 days 00:24:56.167000,0 days 01:20:32.775000
2024-05-19 13:28:13.041,10625,266,7,100,False,0,car,0 days 00:24:56.447000,0 days 01:20:33.055000
2024-05-19 13:28:13.321,10664,267,7,100,False,0,car,0 days 00:24:56.727000,0 days 01:20:33.335000
2024-05-19 13:28:13.561,10612,267,7,100,False,0,car,0 days 00:24:56.967000,0 days 01:20:33.575000
2024-05-19 13:28:13.721,10612,268,7,100,False,0,car,0 days 00:24:57.127000,0 days 01:20:33.735000
2024-05-19 13:28:14.001,10715,270,7,100,False,0,car,0 days 00:24:57.407000,0 days 01:20:34.015000
2024-05-19 13:28:14.361,10785,271,7,100,False,0,car,0 days 00:24:57.767000,0 days 01:20:34.375000
2024-05-19 13:28:14.641,10706,271,7,100,False,0,car,0 days 00:24:58.047000,0 days 01:20:34.655000
2024-05-19 13:28:14.801,10731,272,7,100,False,0,car,0 days 00:24:58.207000,0 days 01:20:34.815000
2024-05-19 13:28:15.001,10160,263,7,0,True,0,car,0 days 00:24:58.407000,0 days 01:20:35.015000
2024-05-19 13:28:15.241,9551,249,7,0,True,0,car,0 days 00:24:58.647000,0 days 01:20:35.255000
2024-05-19 13:28:15.560,9988,224,6,0,True,0,car,0 days 00:24:58.966000,0 days 01:20:35.574000
2024-05-19 13:28:15.800,10356,207,5,0,True,0,car,0 days 00:24:59.206000,0 days 01:20:35.814000
2024-05-19 13:28:16.000,10257,204,5,1,True,0,car,0 days 00:24:59.406000,0 days 01:20:36.014000
2024-05-19 13:28:16.320,9954,197,5,12,False,0,car,0 days 00:24:59.726000,0 days 01:20:36.334000
2024-05-19 13:28:16.680,9897,190,5,54,False,0,car,0 days 00:25:00.086000,0 days 01:20:36.694000
2024-05-19 13:28:16.880,10037,192,5,67,False,0,car,0 days 00:25:00.286000,0 days 01:20:36.894000
2024-05-19 13:28:17.040,10238,195,5,86,False,0,car,0 days 00:25:00.446000,0 days 01:20:37.054000
2024-05-19 13:28:17.320,10596,203,5,100,False,0,car,0 days 00:25:00.726000,0 days 01:20:37.334000
2024-05-19 13:28:17.560,10904,208,5,100,False,0,car,0 days 00:25:00.966000,0 days 01:20:37.574000
2024-05-19 13:28:17.960,11256,218,5,100,False,0,car,0 days 00:25:01.366000,0 days 01:20:37.974000
2024-05-19 13:28:18.120,11256,223,5,100,False,0,car,0 days 00:25:01.526000,0 days 01:20:38.134000
2024-05-19 13:28:18.320,10347,227,5,100,False,0,car,0 days 00:25:01.726000,0 days 01:20:38.334000
2024-05-19 13:28:18.600,10620,233,6,100,False,0,car,0 days 00:25:02.006000,0 days 01:20:38.614000
2024-05-19 13:28:18.880,10823,238,6,100,False,0,car,0 days 00:25:02.286000,0 days 01:20:38.894000
2024-05-19 13:28:19.040,10900,242,6,100,False,0,car,0 days 00:25:02.446000,0 days 01:20:39.054000
2024-05-19 13:28:19.361,11130,247,6,100,False,0,car,0 days 00:25:02.767000,0 days 01:20:39.375000
2024-05-19 13:28:19.521,11226,250,6,100,False,0,car,0 days 00:25:02.927000,0 days 01:20:39.535000
2024-05-19 13:28:19.681,11435,252,6,100,False,0,car,0 days 00:25:03.087000,0 days 01:20:39.695000
2024-05-19 13:28:19.961,11463,257,6,100,False,0,car,0 days 00:25:03.367000,0 days 01:20:39.975000
2024-05-19 13:28:20.201,11463,262,6,100,False,0,car,0 days 00:25:03.607000,0 days 01:20:40.215000
2024-05-19 13:28:20.481,10534,264,7,100,False,0,car,0 days 00:25:03.887000,0 days 01:20:40.495000
2024-05-19 13:28:20.761,10577,266,7,100,False,0,car,0 days 00:25:04.167000,0 days 01:20:40.775000
2024-05-19 13:28:20.961,10650,268,7,100,False,0,car,0 days 00:25:04.367000,0 days 01:20:40.975000
2024-05-19 13:28:21.121,10693,270,7,100,False,0,car,0 days 00:25:04.527000,0 days 01:20:41.135000
2024-05-19 13:28:21.361,10685,270,7,100,False,0,car,0 days 00:25:04.767000,0 days 01:20:41.375000
2024-05-19 13:28:21.601,10752,271,7,98,False,0,car,0 days 00:25:05.007000,0 days 01:20:41.615000
2024-05-19 13:28:21.881,10270,269,7,0,False,0,car,0 days 00:25:05.287000,0 days 01:20:41.895000
2024-05-19 13:28:22.200,9987,260,7,0,False,0,car,0 days 00:25:05.606000,0 days 01:20:42.214000
2024-05-19 13:28:22.440,9990,258,7,0,False,0,car,0 days 00:25:05.846000,0 days 01:20:42.454000
2024-05-19 13:28:22.640,9762,249,7,0,True,0,car,0 days 00:25:06.046000,0 days 01:20:42.654000
2024-05-19 13:28:22.840,9553,236,7,0,True,0,car,0 days 00:25:06.246000,0 days 01:20:42.854000
2024-05-19 13:28:23.000,9540,216,7,0,True,0,car,0 days 00:25:06.406000,0 days 01:20:43.014000
2024-05-19 13:28:23.440,9971,177,5,0,True,0,car,0 days 00:25:06.846000,0 days 01:20:43.454000
2024-05-19 13:28:23.760,8984,156,4,0,True,0,car,0 days 00:25:07.166000,0 days 01:20:43.774000
2024-05-19 13:28:24.080,8065,141,4,0,True,0,car,0 days 00:25:07.486000,0 days 01:20:44.094000
2024-05-19 13:28:24.320,7734,132,4,0,True,0,car,0 days 00:25:07.726000,0 days 01:20:44.334000
2024-05-19 13:28:24.640,7500,125,4,0,False,0,car,0 days 00:25:08.046000,0 days 01:20:44.654000
2024-05-19 13:28:25.280,7785,123,4,52,False,0,car,0 days 00:25:08.686000,0 days 01:20:45.294000
2024-05-19 13:28:25.480,8276,127,4,77,False,0,car,0 days 00:25:08.886000,0 days 01:20:45.494000
2024-05-19 13:28:25.680,8591,133,4,95,False,0,car,0 days 00:25:09.086000,0 days 01:20:45.694000
2024-05-19 13:28:25.840,9188,139,4,100,False,0,car,0 days 00:25:09.246000,0 days 01:20:45.854000
2024-05-19 13:28:26.121,9532,151,4,100,False,0,car,0 days 00:25:09.527000,0 days 01:20:46.135000
2024-05-19 13:28:26.441,10259,162,4,100,False,0,car,0 days 00:25:09.847000,0 days 01:20:46.455000
2024-05-19 13:28:26.601,11135,168,4,100,False,0,car,0 days 00:25:10.007000,0 days 01:20:46.615000
2024-05-19 13:28:26.841,10826,177,4,100,False,0,car,0 days 00:25:10.247000,0 days 01:20:46.855000
2024-05-19 13:28:27.001,11312,183,4,100,False,0,car,0 days 00:25:10.407000,0 days 01:20:47.015000
2024-05-19 13:28:27.401,11811,196,4,100,False,0,car,0 days 00:25:10.807000,0 days 01:20:47.415000
2024-05-19 13:28:27.721,10528,204,5,100,False,0,car,0 days 00:25:11.127000,0 days 01:20:47.735000
2024-05-19 13:28:27.921,10862,210,5,100,False,0,car,0 days 00:25:11.327000,0 days 01:20:47.935000
2024-05-19 13:28:28.161,11106,215,5,100,False,0,car,0 days 00:25:11.567000,0 days 01:20:48.175000
2024-05-19 13:28:28.321,11401,220,5,100,False,0,car,0 days 00:25:11.727000,0 days 01:20:48.335000
2024-05-19 13:28:28.561,11437,225,5,100,False,0,car,0 days 00:25:11.967000,0 days 01:20:48.575000
2024-05-19 13:28:29.000,10617,236,5,100,False,0,car,0 days 00:25:12.406000,0 days 01:20:49.014000
2024-05-19 13:28:29.160,10752,237,5,100,False,0,car,0 days 00:25:12.566000,0 days 01:20:49.174000
2024-05-19 13:28:29.360,10869,241,6,100,False,0,car,0 days 00:25:12.766000,0 days 01:20:49.374000
2024-05-19 13:28:29.640,11018,246,6,100,False,0,car,0 days 00:25:13.046000,0 days 01:20:49.654000
2024-05-19 13:28:29.840,11095,248,6,100,False,0,car,0 days 00:25:13.246000,0 days 01:20:49.854000
2024-05-19 13:28:30.000,11211,251,6,100,False,0,car,0 days 00:25:13.406000,0 days 01:20:50.014000
2024-05-19 13:28:30.440,11373,254,6,100,False,0,car,0 days 00:25:13.846000,0 days 01:20:50.454000
2024-05-19 13:28:30.800,11388,257,6,100,False,0,car,0 days 00:25:14.206000,0 days 01:20:50.814000
2024-05-19 13:28:31.040,11388,256,6,100,False,0,car,0 days 00:25:14.446000,0 days 01:20:51.054000
2024-05-19 13:28:31.200,11425,256,6,100,False,0,car,0 days 00:25:14.606000,0 days 01:20:51.214000
2024-05-19 13:28:31.480,11473,258,6,64,False,0,car,0 days 00:25:14.886000,0 days 01:20:51.494000
2024-05-19 13:28:31.720,11223,253,6,0,False,0,car,0 days 00:25:15.126000,0 days 01:20:51.734000
2024-05-19 13:28:32.000,10263,229,6,0,True,0,car,0 days 00:25:15.406000,0 days 01:20:52.014000
2024-05-19 13:28:32.160,9552,218,6,0,True,0,car,0 days 00:25:15.566000,0 days 01:20:52.174000
2024-05-19 13:28:32.400,10062,188,6,0,True,0,car,0 days 00:25:15.806000,0 days 01:20:52.414000
2024-05-19 13:28:32.561,10442,178,6,0,True,0,car,0 days 00:25:15.967000,0 days 01:20:52.575000
2024-05-19 13:28:32.761,9657,161,4,0,True,0,car,0 days 00:25:16.167000,0 days 01:20:52.775000
2024-05-19 13:28:33.041,8414,144,4,0,True,0,car,0 days 00:25:16.447000,0 days 01:20:53.055000
2024-05-19 13:28:33.321,7526,128,4,0,True,0,car,0 days 00:25:16.727000,0 days 01:20:53.335000
2024-05-19 13:28:33.601,7047,120,4,0,True,0,car,0 days 00:25:17.007000,0 days 01:20:53.615000
2024-05-19 13:28:33.841,6796,118,4,0,False,0,car,0 days 00:25:17.247000,0 days 01:20:53.855000
2024-05-19 13:28:34.081,6642,112,4,0,False,0,car,0 days 00:25:17.487000,0 days 01:20:54.095000
2024-05-19 13:28:34.481,7148,104,3,0,False,0,car,0 days 00:25:17.887000,0 days 01:20:54.495000
2024-05-19 13:28:34.761,7139,102,3,0,False,0,car,0 days 00:25:18.167000,0 days 01:20:54.775000
2024-05-19 13:28:34.961,7040,99,3,0,False,0,car,0 days 00:25:18.367000,0 days 01:20:54.975000
2024-05-19 13:28:35.201,7374,98,3,20,False,0,car,0 days 00:25:18.607000,0 days 01:20:55.215000
2024-05-19 13:28:35.560,7597,102,3,35,False,0,car,0 days 00:25:18.966000,0 days 01:20:55.574000
2024-05-19 13:28:35.800,8256,106,3,49,False,0,car,0 days 00:25:19.206000,0 days 01:20:55.814000
2024-05-19 13:28:36.120,9005,117,3,68,False,0,car,0 days 00:25:19.526000,0 days 01:20:56.134000
2024-05-19 13:28:36.280,9470,120,3,78,False,0,car,0 days 00:25:19.686000,0 days 01:20:56.294000
2024-05-19 13:28:36.440,10000,128,3,90,False,0,car,0 days 00:25:19.846000,0 days 01:20:56.454000
2024-05-19 13:28:36.640,10908,138,3,94,False,0,car,0 days 00:25:20.046000,0 days 01:20:56.654000
2024-05-19 13:28:36.880,11352,143,3,100,False,0,car,0 days 00:25:20.286000,0 days 01:20:56.894000
2024-05-19 13:28:37.200,10273,165,4,100,False,0,car,0 days 00:25:20.606000,0 days 01:20:57.214000
2024-05-19 13:28:37.400,10553,175,4,100,False,0,car,0 days 00:25:20.806000,0 days 01:20:57.414000
2024-05-19 13:28:37.600,11285,182,4,100,False,0,car,0 days 00:25:21.006000,0 days 01:20:57.614000
2024-05-19 13:28:37.800,11656,190,4,100,False,0,car,0 days 00:25:21.206000,0 days 01:20:57.814000
2024-05-19 13:28:37.960,11656,193,4,100,False,0,car,0 days 00:25:21.366000,0 days 01:20:57.974000
2024-05-19 13:28:38.120,11500,199,4,100,False,0,car,0 days 00:25:21.526000,0 days 01:20:58.134000
2024-05-19 13:28:38.400,10780,208,4,100,False,0,car,0 days 00:25:21.806000,0 days 01:20:58.414000
2024-05-19 13:28:38.600,11070,215,5,100,False,0,car,0 days 00:25:22.006000,0 days 01:20:58.614000
2024-05-19 13:28:38.960,11261,220,5,100,False,0,car,0 days 00:25:22.366000,0 days 01:20:58.974000
2024-05-19 13:28:39.321,11895,232,5,100,False,0,car,0 days 00:25:22.727000,0 days 01:20:59.335000
2024-05-19 13:28:39.641,10717,238,5,100,False,0,car,0 days 00:25:23.047000,0 days 01:20:59.655000
2024-05-19 13:28:39.881,11010,242,6,100,False,0,car,0 days 00:25:23.287000,0 days 01:20:59.895000
2024-05-19 13:28:40.201,11223,248,6,100,False,0,car,0 days 00:25:23.607000,0 days 01:21:00.215000
2024-05-19 13:28:40.521,11411,255,6,100,False,0,car,0 days 00:25:23.927000,0 days 01:21:00.535000
2024-05-19 13:28:40.961,11678,261,6,100,False,0,car,0 days 00:25:24.367000,0 days 01:21:00.975000
2024-05-19 13:28:41.241,11763,264,6,100,False,0,car,0 days 00:25:24.647000,0 days 01:21:01.255000
2024-05-19 13:28:41.521,10684,268,6,100,False,0,car,0 days 00:25:24.927000,0 days 01:21:01.535000
2024-05-19 13:28:41.681,10766,269,7,100,False,0,car,0 days 00:25:25.087000,0 days 01:21:01.695000
2024-05-19 13:28:41.961,10894,273,7,100,False,0,car,0 days 00:25:25.367000,0 days 01:21:01.975000
2024-05-19 13:28:42.121,10947,275,7,100,False,0,car,0 days 00:25:25.527000,0 days 01:21:02.135000
2024-05-19 13:28:42.280,11016,276,7,100,False,0,car,0 days 00:25:25.686000,0 days 01:21:02.294000
2024-05-19 13:28:42.560,11079,280,7,100,False,0,car,0 days 00:25:25.966000,0 days 01:21:02.574000
2024-05-19 13:28:42.920,11185,283,7,100,False,0,car,0 days 00:25:26.326000,0 days 01:21:02.934000
2024-05-19 13:28:43.200,11298,286,7,100,False,0,car,0 days 00:25:26.606000,0 days 01:21:03.214000
2024-05-19 13:28:43.400,11387,288,7,100,False,0,car,0 days 00:25:26.806000,0 days 01:21:03.414000
2024-05-19 13:28:43.640,11431,290,7,100,False,0,car,0 days 00:25:27.046000,0 days 01:21:03.654000
2024-05-19 13:28:43.880,11329,292,7,100,False,0,car,0 days 00:25:27.286000,0 days 01:21:03.894000
2024-05-19 13:28:44.240,11492,291,7,100,False,0,car,0 days 00:25:27.646000,0 days 01:21:04.254000
2024-05-19 13:28:44.400,11430,289,7,100,False,0,car,0 days 00:25:27.806000,0 days 01:21:04.414000
2024-05-19 13:28:44.600,11311,289,7,100,False,0,car,0 days 00:25:28.006000,0 days 01:21:04.614000
2024-05-19 13:28:44.760,11311,289,7,100,False,0,car,0 days 00:25:28.166000,0 days 01:21:04.774000
2024-05-19 13:28:44.960,10891,286,7,0,True,0,car,0 days 00:25:28.366000,0 days 01:21:04.974000
2024-05-19 13:28:45.240,10218,264,7,0,True,0,car,0 days 00:25:28.646000,0 days 01:21:05.254000
2024-05-19 13:28:45.440,9258,241,7,0,True,0,car,0 days 00:25:28.846000,0 days 01:21:05.454000
2024-05-19 13:28:45.681,9508,218,7,0,True,0,car,0 days 00:25:29.087000,0 days 01:21:05.695000
2024-05-19 13:28:46.001,10070,175,7,0,True,0,car,0 days 00:25:29.407000,0 days 01:21:06.015000
2024-05-19 13:28:46.281,10437,158,7,0,True,0,car,0 days 00:25:29.687000,0 days 01:21:06.295000
2024-05-19 13:28:46.601,9983,136,4,0,True,0,car,0 days 00:25:30.007000,0 days 01:21:06.615000
2024-05-19 13:28:46.801,9025,129,3,0,True,0,car,0 days 00:25:30.207000,0 days 01:21:06.815000
2024-05-19 13:28:47.041,8541,122,3,0,True,0,car,0 days 00:25:30.447000,0 days 01:21:07.055000
2024-05-19 13:28:47.521,8328,116,3,0,False,0,car,0 days 00:25:30.927000,0 days 01:21:07.535000
2024-05-19 13:28:47.841,8559,112,3,4,False,0,car,0 days 00:25:31.247000,0 days 01:21:07.855000
2024-05-19 13:28:48.001,8469,114,3,41,False,0,car,0 days 00:25:31.407000,0 days 01:21:08.015000
2024-05-19 13:28:48.361,9069,119,3,53,False,0,car,0 days 00:25:31.767000,0 days 01:21:08.375000
2024-05-19 13:28:48.641,9716,127,3,69,False,0,car,0 days 00:25:32.047000,0 days 01:21:08.655000
2024-05-19 13:28:48.921,10625,137,3,90,False,0,car,0 days 00:25:32.327000,0 days 01:21:08.935000
2024-05-19 13:28:49.360,9843,154,3,100,False,0,car,0 days 00:25:32.766000,0 days 01:21:09.374000
2024-05-19 13:28:49.600,9500,158,4,31,True,0,car,0 days 00:25:33.006000,0 days 01:21:09.614000
2024-05-19 13:28:49.920,8982,149,4,0,True,0,car,0 days 00:25:33.326000,0 days 01:21:09.934000
2024-05-19 13:28:50.200,8355,143,4,0,True,0,car,0 days 00:25:33.606000,0 days 01:21:10.214000
2024-05-19 13:28:50.360,8172,142,4,0,True,0,car,0 days 00:25:33.766000,0 days 01:21:10.374000
2024-05-19 13:28:50.720,7967,135,4,0,False,0,car,0 days 00:25:34.126000,0 days 01:21:10.734000
2024-05-19 13:28:51.000,8214,132,4,42,False,0,car,0 days 00:25:34.406000,0 days 01:21:11.014000
2024-05-19 13:28:51.200,8394,136,4,51,False,0,car,0 days 00:25:34.606000,0 days 01:21:11.214000
2024-05-19 13:28:51.640,8952,142,4,62,False,0,car,0 days 00:25:35.046000,0 days 01:21:11.654000
2024-05-19 13:28:51.800,9386,147,4,71,False,0,car,0 days 00:25:35.206000,0 days 01:21:11.814000
2024-05-19 13:28:51.960,9397,149,4,81,False,0,car,0 days 00:25:35.366000,0 days 01:21:11.974000
2024-05-19 13:28:52.321,10579,162,4,93,False,0,car,0 days 00:25:35.727000,0 days 01:21:12.335000
2024-05-19 13:28:52.641,11122,176,4,100,False,0,car,0 days 00:25:36.047000,0 days 01:21:12.655000
2024-05-19 13:28:53.081,10920,190,4,100,False,0,car,0 days 00:25:36.487000,0 days 01:21:13.095000
2024-05-19 13:28:53.321,10474,199,5,100,False,0,car,0 days 00:25:36.727000,0 days 01:21:13.335000
2024-05-19 13:28:53.521,10841,205,5,100,False,0,car,0 days 00:25:36.927000,0 days 01:21:13.535000
2024-05-19 13:28:53.841,11117,214,5,100,False,0,car,0 days 00:25:37.247000,0 days 01:21:13.855000
2024-05-19 13:28:54.121,11448,222,5,100,False,0,car,0 days 00:25:37.527000,0 days 01:21:14.135000
2024-05-19 13:28:54.441,11745,229,5,100,False,0,car,0 days 00:25:37.847000,0 days 01:21:14.455000
2024-05-19 13:28:54.761,10658,236,6,100,False,0,car,0 days 00:25:38.167000,0 days 01:21:14.775000
2024-05-19 13:28:55.001,10915,237,6,100,False,0,car,0 days 00:25:38.407000,0 days 01:21:15.015000
2024-05-19 13:28:55.281,11067,246,6,100,False,0,car,0 days 00:25:38.687000,0 days 01:21:15.295000
2024-05-19 13:28:55.441,11067,249,6,100,False,0,car,0 days 00:25:38.847000,0 days 01:21:15.455000
2024-05-19 13:28:55.720,11335,253,6,100,False,0,car,0 days 00:25:39.126000,0 days 01:21:15.734000
2024-05-19 13:28:55.920,11524,258,6,100,False,0,car,0 days 00:25:39.326000,0 days 01:21:15.934000
2024-05-19 13:28:56.240,11094,263,6,100,False,0,car,0 days 00:25:39.646000,0 days 01:21:16.254000
2024-05-19 13:28:56.560,10619,266,7,100,False,0,car,0 days 00:25:39.966000,0 days 01:21:16.574000
2024-05-19 13:28:56.880,10768,269,7,100,False,0,car,0 days 00:25:40.286000,0 days 01:21:16.894000
2024-05-19 13:28:57.080,10910,272,7,100,False,0,car,0 days 00:25:40.486000,0 days 01:21:17.094000
2024-05-19 13:28:57.280,10975,273,7,100,False,0,car,0 days 00:25:40.686000,0 days 01:21:17.294000
2024-05-19 13:28:58.280,11298,284,7,100,False,0,car,0 days 00:25:41.686000,0 days 01:21:18.294000
2024-05-19 13:28:58.440,11283,286,7,100,False,0,car,0 days 00:25:41.846000,0 days 01:21:18.454000
2024-05-19 13:28:58.841,11482,288,7,100,False,0,car,0 days 00:25:42.247000,0 days 01:21:18.855000
2024-05-19 13:28:59.121,11495,290,7,100,False,0,car,0 days 00:25:42.527000,0 days 01:21:19.135000
2024-05-19 13:28:59.521,10605,294,7,100,False,0,car,0 days 00:25:42.927000,0 days 01:21:19.535000
2024-05-19 13:28:59.801,10590,296,8,100,False,0,car,0 days 00:25:43.207000,0 days 01:21:19.815000
2024-05-19 13:29:00.001,10597,297,8,100,False,0,car,0 days 00:25:43.407000,0 days 01:21:20.015000
2024-05-19 13:29:00.281,10657,298,8,100,False,0,car,0 days 00:25:43.687000,0 days 01:21:20.295000
2024-05-19 13:29:00.441,10664,299,8,100,False,0,car,0 days 00:25:43.847000,0 days 01:21:20.455000
2024-05-19 13:29:00.641,10683,299,8,100,False,0,car,0 days 00:25:44.047000,0 days 01:21:20.655000
2024-05-19 13:29:00.921,10781,301,8,100,False,0,car,0 days 00:25:44.327000,0 days 01:21:20.935000
2024-05-19 13:29:01.161,10779,302,8,100,False,0,car,0 days 00:25:44.567000,0 days 01:21:21.175000
2024-05-19 13:29:01.561,10788,304,8,100,False,0,car,0 days 00:25:44.967000,0 days 01:21:21.575000
2024-05-19 13:29:01.881,10864,304,8,100,False,0,car,0 days 00:25:45.287000,0 days 01:21:21.895000
2024-05-19 13:29:02.241,10916,306,8,100,False,0,car,0 days 00:25:45.647000,0 days 01:21:22.255000
2024-05-19 13:29:02.440,10886,307,8,100,False,0,car,0 days 00:25:45.846000,0 days 01:21:22.454000
2024-05-19 13:29:02.600,10886,307,8,100,False,0,car,0 days 00:25:46.006000,0 days 01:21:22.614000
2024-05-19 13:29:02.840,10919,307,8,100,False,0,car,0 days 00:25:46.246000,0 days 01:21:22.854000
2024-05-19 13:29:03.120,10979,309,8,100,False,0,car,0 days 00:25:46.526000,0 days 01:21:23.134000
2024-05-19 13:29:03.360,10996,309,8,100,False,0,car,0 days 00:25:46.766000,0 days 01:21:23.374000
2024-05-19 13:29:03.680,11010,310,8,100,False,0,car,0 days 00:25:47.086000,0 days 01:21:23.694000
2024-05-19 13:29:04.000,11054,311,8,100,False,0,car,0 days 00:25:47.406000,0 days 01:21:24.014000
2024-05-19 13:29:04.360,10949,311,8,100,False,0,car,0 days 00:25:47.766000,0 days 01:21:24.374000
2024-05-19 13:29:04.520,11006,310,8,100,False,0,car,0 days 00:25:47.926000,0 days 01:21:24.534000
2024-05-19 13:29:04.720,11049,310,8,100,False,0,car,0 days 00:25:48.126000,0 days 01:21:24.734000
2024-05-19 13:29:05.000,10936,309,8,100,False,0,car,0 days 00:25:48.406000,0 days 01:21:25.014000
2024-05-19 13:29:05.320,10948,308,8,100,False,0,car,0 days 00:25:48.726000,0 days 01:21:25.334000
2024-05-19 13:29:05.641,10915,308,8,100,False,0,car,0 days 00:25:49.047000,0 days 01:21:25.655000
2024-05-19 13:29:05.881,10939,307,8,100,False,0,car,0 days 00:25:49.287000,0 days 01:21:25.895000
2024-05-19 13:29:06.121,10904,306,8,100,False,0,car,0 days 00:25:49.527000,0 days 01:21:26.135000
2024-05-19 13:29:06.321,10847,305,8,100,False,0,car,0 days 00:25:49.727000,0 days 01:21:26.335000
2024-05-19 13:29:06.561,10762,304,8,100,False,0,car,0 days 00:25:49.967000,0 days 01:21:26.575000
2024-05-19 13:29:06.801,10681,302,8,71,False,0,car,0 days 00:25:50.207000,0 days 01:21:26.815000
2024-05-19 13:29:07.081,10329,297,8,0,False,0,car,0 days 00:25:50.487000,0 days 01:21:27.095000
2024-05-19 13:29:07.321,10074,288,8,0,True,0,car,0 days 00:25:50.727000,0 days 01:21:27.335000
2024-05-19 13:29:07.521,9450,271,8,0,True,0,car,0 days 00:25:50.927000,0 days 01:21:27.535000
2024-05-19 13:29:07.761,9723,247,8,0,True,0,car,0 days 00:25:51.167000,0 days 01:21:27.775000
2024-05-19 13:29:08.241,9745,213,8,0,True,0,car,0 days 00:25:51.647000,0 days 01:21:28.255000
2024-05-19 13:29:08.641,9897,167,4,0,True,0,car,0 days 00:25:52.047000,0 days 01:21:28.655000
2024-05-19 13:29:08.921,9261,156,4,0,True,0,car,0 days 00:25:52.327000,0 days 01:21:28.935000
2024-05-19 13:29:09.200,9159,152,4,2,False,0,car,0 days 00:25:52.606000,0 days 01:21:29.214000
2024-05-19 13:29:09.640,9042,146,4,29,False,0,car,0 days 00:25:53.046000,0 days 01:21:29.654000
2024-05-19 13:29:09.800,9265,147,4,57,False,0,car,0 days 00:25:53.206000,0 days 01:21:29.814000
2024-05-19 13:29:10.040,9648,152,4,72,False,0,car,0 days 00:25:53.446000,0 days 01:21:30.054000
2024-05-19 13:29:10.400,10157,168,4,87,False,0,car,0 days 00:25:53.806000,0 days 01:21:30.414000
2024-05-19 13:29:10.560,10358,168,4,52,False,0,car,0 days 00:25:53.966000,0 days 01:21:30.574000
2024-05-19 13:29:10.880,10402,170,4,59,False,0,car,0 days 00:25:54.286000,0 days 01:21:30.894000
2024-05-19 13:29:11.280,10984,175,4,86,False,0,car,0 days 00:25:54.686000,0 days 01:21:31.294000
2024-05-19 13:29:11.480,11131,180,4,100,False,0,car,0 days 00:25:54.886000,0 days 01:21:31.494000
2024-05-19 13:29:11.840,10024,191,5,100,False,0,car,0 days 00:25:55.246000,0 days 01:21:31.854000
2024-05-19 13:29:12.121,10434,200,5,100,False,0,car,0 days 00:25:55.527000,0 days 01:21:32.135000
2024-05-19 13:29:12.561,11067,213,5,100,False,0,car,0 days 00:25:55.967000,0 days 01:21:32.575000
2024-05-19 13:29:12.721,11345,217,5,100,False,0,car,0 days 00:25:56.127000,0 days 01:21:32.735000
2024-05-19 13:29:12.881,11485,219,5,100,False,0,car,0 days 00:25:56.287000,0 days 01:21:32.895000
2024-05-19 13:29:13.161,11577,224,5,100,False,0,car,0 days 00:25:56.567000,0 days 01:21:33.175000
2024-05-19 13:29:13.361,10478,228,5,100,False,0,car,0 days 00:25:56.767000,0 days 01:21:33.375000
2024-05-19 13:29:13.761,10730,233,6,100,False,0,car,0 days 00:25:57.167000,0 days 01:21:33.775000
2024-05-19 13:29:13.921,10748,240,6,100,False,0,car,0 days 00:25:57.327000,0 days 01:21:33.935000
2024-05-19 13:29:14.281,11113,245,6,100,False,0,car,0 days 00:25:57.687000,0 days 01:21:34.295000
2024-05-19 13:29:14.601,11343,252,6,100,False,0,car,0 days 00:25:58.007000,0 days 01:21:34.615000
2024-05-19 13:29:14.761,11367,252,6,100,False,0,car,0 days 00:25:58.167000,0 days 01:21:34.775000
2024-05-19 13:29:14.921,11513,257,6,100,False,0,car,0 days 00:25:58.327000,0 days 01:21:34.935000
2024-05-19 13:29:15.081,11481,259,6,100,False,0,car,0 days 00:25:58.487000,0 days 01:21:35.095000
2024-05-19 13:29:15.321,11389,261,6,100,False,0,car,0 days 00:25:58.727000,0 days 01:21:35.335000
2024-05-19 13:29:15.561,10599,264,6,100,False,0,car,0 days 00:25:58.967000,0 days 01:21:35.575000
2024-05-19 13:29:15.840,10777,270,7,100,False,0,car,0 days 00:25:59.246000,0 days 01:21:35.854000
2024-05-19 13:29:16.320,10927,276,7,100,False,0,car,0 days 00:25:59.726000,0 days 01:21:36.334000
2024-05-19 13:29:16.480,11053,277,7,100,False,0,car,0 days 00:25:59.886000,0 days 01:21:36.494000
2024-05-19 13:29:16.720,11103,278,7,100,False,0,car,0 days 00:26:00.126000,0 days 01:21:36.734000
2024-05-19 13:29:17.000,11163,283,7,100,False,0,car,0 days 00:26:00.406000,0 days 01:21:37.014000
2024-05-19 13:29:17.200,11383,285,7,100,False,0,car,0 days 00:26:00.606000,0 days 01:21:37.214000
2024-05-19 13:29:17.360,11318,285,7,100,False,0,car,0 days 00:26:00.766000,0 days 01:21:37.374000
2024-05-19 13:29:17.720,11255,285,7,100,False,0,car,0 days 00:26:01.126000,0 days 01:21:37.734000
2024-05-19 13:29:18.080,11056,285,7,49,True,0,car,0 days 00:26:01.486000,0 days 01:21:38.094000
2024-05-19 13:29:18.400,10235,264,7,0,True,0,car,0 days 00:26:01.806000,0 days 01:21:38.414000
2024-05-19 13:29:18.641,9929,251,7,0,True,0,car,0 days 00:26:02.047000,0 days 01:21:38.655000
2024-05-19 13:29:18.921,10459,235,7,0,True,0,car,0 days 00:26:02.327000,0 days 01:21:38.935000
2024-05-19 13:29:19.401,9577,218,6,2,True,0,car,0 days 00:26:02.807000,0 days 01:21:39.415000
2024-05-19 13:29:19.681,9345,213,6,0,True,0,car,0 days 00:26:03.087000,0 days 01:21:39.695000
2024-05-19 13:29:20.001,9163,184,6,0,True,0,car,0 days 00:26:03.407000,0 days 01:21:40.015000
2024-05-19 13:29:20.161,9027,179,5,0,True,0,car,0 days 00:26:03.567000,0 days 01:21:40.175000
2024-05-19 13:29:20.321,8617,174,5,0,True,0,car,0 days 00:26:03.727000,0 days 01:21:40.335000
2024-05-19 13:29:20.681,8424,168,5,5,False,0,car,0 days 00:26:04.087000,0 days 01:21:40.695000
2024-05-19 13:29:20.881,8528,162,5,30,False,0,car,0 days 00:26:04.287000,0 days 01:21:40.895000
2024-05-19 13:29:21.081,8737,163,5,61,False,0,car,0 days 00:26:04.487000,0 days 01:21:41.095000
2024-05-19 13:29:21.401,9064,165,5,75,False,0,car,0 days 00:26:04.807000,0 days 01:21:41.415000
2024-05-19 13:29:21.721,9600,175,5,98,False,0,car,0 days 00:26:05.127000,0 days 01:21:41.735000
2024-05-19 13:29:22.121,9659,178,5,100,False,0,car,0 days 00:26:05.527000,0 days 01:21:42.135000
2024-05-19 13:29:22.401,10607,193,5,100,False,0,car,0 days 00:26:05.807000,0 days 01:21:42.415000
2024-05-19 13:29:22.600,10421,199,5,100,False,0,car,0 days 00:26:06.006000,0 days 01:21:42.614000
2024-05-19 13:29:22.840,10654,206,5,100,False,0,car,0 days 00:26:06.246000,0 days 01:21:42.854000
2024-05-19 13:29:23.160,11050,214,5,100,False,0,car,0 days 00:26:06.566000,0 days 01:21:43.174000
2024-05-19 13:29:23.360,11275,219,5,100,False,0,car,0 days 00:26:06.766000,0 days 01:21:43.374000
2024-05-19 13:29:23.560,11569,224,5,100,False,0,car,0 days 00:26:06.966000,0 days 01:21:43.574000
2024-05-19 13:29:23.760,11551,226,5,100,False,0,car,0 days 00:26:07.166000,0 days 01:21:43.774000
2024-05-19 13:29:23.960,11637,228,5,91,False,0,car,0 days 00:26:07.366000,0 days 01:21:43.974000
2024-05-19 13:29:24.200,11266,225,5,11,False,0,car,0 days 00:26:07.606000,0 days 01:21:44.214000
2024-05-19 13:29:24.640,9625,193,5,0,True,0,car,0 days 00:26:08.046000,0 days 01:21:44.654000
2024-05-19 13:29:24.920,10418,166,4,0,True,0,car,0 days 00:26:08.326000,0 days 01:21:44.934000
2024-05-19 13:29:25.201,10613,148,3,0,True,0,car,0 days 00:26:08.607000,0 days 01:21:45.215000
2024-05-19 13:29:25.441,9927,137,3,0,True,0,car,0 days 00:26:08.847000,0 days 01:21:45.455000
2024-05-19 13:29:25.721,8847,122,3,0,True,0,car,0 days 00:26:09.127000,0 days 01:21:45.735000
2024-05-19 13:29:26.121,7652,110,3,0,True,0,car,0 days 00:26:09.527000,0 days 01:21:46.135000
2024-05-19 13:29:26.321,7361,106,3,0,True,0,car,0 days 00:26:09.727000,0 days 01:21:46.335000
2024-05-19 13:29:26.561,7145,104,3,0,False,0,car,0 days 00:26:09.967000,0 days 01:21:46.575000
2024-05-19 13:29:26.881,6736,99,3,0,False,0,car,0 days 00:26:10.287000,0 days 01:21:46.895000
2024-05-19 13:29:27.361,7012,92,3,25,False,0,car,0 days 00:26:10.767000,0 days 01:21:47.375000
2024-05-19 13:29:27.561,7018,94,3,29,False,0,car,0 days 00:26:10.967000,0 days 01:21:47.575000
2024-05-19 13:29:27.841,7355,97,3,32,False,0,car,0 days 00:26:11.247000,0 days 01:21:47.855000
2024-05-19 13:29:28.161,7664,101,3,48,False,0,car,0 days 00:26:11.567000,0 days 01:21:48.175000
2024-05-19 13:29:28.361,7996,105,3,52,False,0,car,0 days 00:26:11.767000,0 days 01:21:48.375000
2024-05-19 13:29:28.761,9147,116,3,68,False,0,car,0 days 00:26:12.167000,0 days 01:21:48.775000
2024-05-19 13:29:28.961,9220,122,3,74,False,0,car,0 days 00:26:12.367000,0 days 01:21:48.975000
2024-05-19 13:29:29.400,11050,144,3,99,False,0,car,0 days 00:26:12.806000,0 days 01:21:49.414000
2024-05-19 13:29:29.640,10786,154,3,100,False,0,car,0 days 00:26:13.046000,0 days 01:21:49.654000
2024-05-19 13:29:30.000,10439,171,4,100,False,0,car,0 days 00:26:13.406000,0 days 01:21:50.014000
2024-05-19 13:29:30.160,10940,174,4,100,False,0,car,0 days 00:26:13.566000,0 days 01:21:50.174000
2024-05-19 13:29:30.320,11168,181,4,100,False,0,car,0 days 00:26:13.726000,0 days 01:21:50.334000
2024-05-19 13:29:30.480,11213,185,4,100,False,0,car,0 days 00:26:13.886000,0 days 01:21:50.494000
2024-05-19 13:29:30.720,11861,195,4,100,False,0,car,0 days 00:26:14.126000,0 days 01:21:50.734000
2024-05-19 13:29:30.920,11774,198,4,100,False,0,car,0 days 00:26:14.326000,0 days 01:21:50.934000
2024-05-19 13:29:31.200,10753,209,5,100,False,0,car,0 days 00:26:14.606000,0 days 01:21:51.214000
2024-05-19 13:29:31.360,11033,212,5,100,False,0,car,0 days 00:26:14.766000,0 days 01:21:51.374000
2024-05-19 13:29:31.761,11425,223,5,100,False,0,car,0 days 00:26:15.167000,0 days 01:21:51.775000
2024-05-19 13:29:32.081,10966,229,5,100,False,0,car,0 days 00:26:15.487000,0 days 01:21:52.095000
2024-05-19 13:29:32.321,10640,235,6,100,False,0,car,0 days 00:26:15.727000,0 days 01:21:52.335000
2024-05-19 13:29:32.601,10911,242,6,100,False,0,car,0 days 00:26:16.007000,0 days 01:21:52.615000
2024-05-19 13:29:32.841,11033,246,6,100,False,0,car,0 days 00:26:16.247000,0 days 01:21:52.855000
2024-05-19 13:29:33.081,11200,249,6,100,False,0,car,0 days 00:26:16.487000,0 days 01:21:53.095000
2024-05-19 13:29:33.281,11261,252,6,100,False,0,car,0 days 00:26:16.687000,0 days 01:21:53.295000
2024-05-19 13:29:33.481,11373,254,6,100,False,0,car,0 days 00:26:16.887000,0 days 01:21:53.495000
2024-05-19 13:29:33.721,11620,258,6,100,False,0,car,0 days 00:26:17.127000,0 days 01:21:53.735000
2024-05-19 13:29:34.121,10475,262,6,100,False,0,car,0 days 00:26:17.527000,0 days 01:21:54.135000
2024-05-19 13:29:34.401,10591,265,7,100,False,0,car,0 days 00:26:17.807000,0 days 01:21:54.415000
2024-05-19 13:29:34.681,10645,268,7,100,False,0,car,0 days 00:26:18.087000,0 days 01:21:54.695000
2024-05-19 13:29:35.121,10735,269,7,100,False,0,car,0 days 00:26:18.527000,0 days 01:21:55.135000
2024-05-19 13:29:35.561,10904,271,7,100,False,0,car,0 days 00:26:18.967000,0 days 01:21:55.575000
2024-05-19 13:29:35.961,10782,272,7,100,False,0,car,0 days 00:26:19.367000,0 days 01:21:55.975000
2024-05-19 13:29:36.280,10765,272,7,67,True,0,car,0 days 00:26:19.686000,0 days 01:21:56.294000
2024-05-19 13:29:36.560,10022,257,7,0,True,0,car,0 days 00:26:19.966000,0 days 01:21:56.574000
2024-05-19 13:29:36.960,9693,226,6,0,True,0,car,0 days 00:26:20.366000,0 days 01:21:56.974000
2024-05-19 13:29:37.120,10540,213,6,0,True,0,car,0 days 00:26:20.526000,0 days 01:21:57.134000
2024-05-19 13:29:37.360,10191,203,5,0,True,0,car,0 days 00:26:20.766000,0 days 01:21:57.374000
2024-05-19 13:29:37.640,9972,197,5,3,True,0,car,0 days 00:26:21.046000,0 days 01:21:57.654000
2024-05-19 13:29:37.840,9885,191,5,35,False,0,car,0 days 00:26:21.246000,0 days 01:21:57.854000
2024-05-19 13:29:38.281,10271,195,5,87,False,0,car,0 days 00:26:21.687000,0 days 01:21:58.295000
2024-05-19 13:29:38.441,10492,198,5,91,False,0,car,0 days 00:26:21.847000,0 days 01:21:58.455000
2024-05-19 13:29:38.681,10730,203,5,100,False,0,car,0 days 00:26:22.087000,0 days 01:21:58.695000
2024-05-19 13:29:39.001,11106,213,5,100,False,0,car,0 days 00:26:22.407000,0 days 01:21:59.015000
2024-05-19 13:29:39.241,11382,216,5,100,False,0,car,0 days 00:26:22.647000,0 days 01:21:59.255000
2024-05-19 13:29:39.401,11224,223,5,100,False,0,car,0 days 00:26:22.807000,0 days 01:21:59.415000
2024-05-19 13:29:39.721,10316,229,6,100,False,0,car,0 days 00:26:23.127000,0 days 01:21:59.735000
2024-05-19 13:29:39.921,10519,233,6,100,False,0,car,0 days 00:26:23.327000,0 days 01:21:59.935000
2024-05-19 13:29:40.121,10731,237,6,100,False,0,car,0 days 00:26:23.527000,0 days 01:22:00.135000
2024-05-19 13:29:40.281,10816,239,6,100,False,0,car,0 days 00:26:23.687000,0 days 01:22:00.295000
2024-05-19 13:29:40.481,10962,243,6,100,False,0,car,0 days 00:26:23.887000,0 days 01:22:00.495000
2024-05-19 13:29:40.721,11131,248,6,100,False,0,car,0 days 00:26:24.127000,0 days 01:22:00.735000
2024-05-19 13:29:41.081,11320,253,6,100,False,0,car,0 days 00:26:24.487000,0 days 01:22:01.095000
2024-05-19 13:29:41.321,11564,258,6,100,False,0,car,0 days 00:26:24.727000,0 days 01:22:01.335000
2024-05-19 13:29:41.761,10602,263,7,100,False,0,car,0 days 00:26:25.167000,0 days 01:22:01.775000
2024-05-19 13:29:41.921,10546,265,7,100,False,0,car,0 days 00:26:25.327000,0 days 01:22:01.935000
2024-05-19 13:29:42.161,10634,267,7,100,False,0,car,0 days 00:26:25.567000,0 days 01:22:02.175000
2024-05-19 13:29:42.641,10869,271,7,100,False,0,car,0 days 00:26:26.047000,0 days 01:22:02.655000
2024-05-19 13:29:43.320,10306,265,7,0,False,0,car,0 days 00:26:26.726000,0 days 01:22:03.334000
2024-05-19 13:29:43.480,10216,263,7,0,False,0,car,0 days 00:26:26.886000,0 days 01:22:03.494000
2024-05-19 13:29:43.640,10156,259,7,0,False,0,car,0 days 00:26:27.046000,0 days 01:22:03.654000
2024-05-19 13:29:43.960,9789,250,7,0,True,0,car,0 days 00:26:27.366000,0 days 01:22:03.974000
2024-05-19 13:29:44.160,9199,247,7,0,True,0,car,0 days 00:26:27.566000,0 days 01:22:04.174000
2024-05-19 13:29:44.520,9711,206,7,0,True,0,car,0 days 00:26:27.926000,0 days 01:22:04.534000
2024-05-19 13:29:44.680,9712,196,7,0,True,0,car,0 days 00:26:28.086000,0 days 01:22:04.694000
2024-05-19 13:29:45.001,9778,162,5,0,True,0,car,0 days 00:26:28.407000,0 days 01:22:05.015000
2024-05-19 13:29:45.321,8764,148,4,0,True,0,car,0 days 00:26:28.727000,0 days 01:22:05.335000
2024-05-19 13:29:45.561,8220,141,4,0,True,0,car,0 days 00:26:28.967000,0 days 01:22:05.575000
2024-05-19 13:29:45.961,7637,131,4,0,False,0,car,0 days 00:26:29.367000,0 days 01:22:05.975000
2024-05-19 13:29:46.401,7397,121,4,12,False,0,car,0 days 00:26:29.807000,0 days 01:22:06.415000
2024-05-19 13:29:46.601,7573,123,4,35,False,0,car,0 days 00:26:30.007000,0 days 01:22:06.615000
2024-05-19 13:29:46.841,7759,125,4,47,False,0,car,0 days 00:26:30.247000,0 days 01:22:06.855000
2024-05-19 13:29:47.001,8103,130,4,72,False,0,car,0 days 00:26:30.407000,0 days 01:22:07.015000
2024-05-19 13:29:47.241,8758,136,4,80,False,0,car,0 days 00:26:30.647000,0 days 01:22:07.255000
2024-05-19 13:29:47.561,8929,148,4,100,False,0,car,0 days 00:26:30.967000,0 days 01:22:07.575000
2024-05-19 13:29:47.841,10049,157,4,100,False,0,car,0 days 00:26:31.247000,0 days 01:22:07.855000
2024-05-19 13:29:48.001,10370,164,4,100,False,0,car,0 days 00:26:31.407000,0 days 01:22:08.015000
2024-05-19 13:29:48.401,10965,178,4,100,False,0,car,0 days 00:26:31.807000,0 days 01:22:08.415000
2024-05-19 13:29:48.601,11248,185,4,100,False,0,car,0 days 00:26:32.007000,0 days 01:22:08.615000
2024-05-19 13:29:48.801,11388,192,4,100,False,0,car,0 days 00:26:32.207000,0 days 01:22:08.815000
2024-05-19 13:29:49.041,11369,192,4,100,False,0,car,0 days 00:26:32.447000,0 days 01:22:09.055000
2024-05-19 13:29:49.281,10582,203,5,100,False,0,car,0 days 00:26:32.687000,0 days 01:22:09.295000
2024-05-19 13:29:49.680,11258,211,5,100,False,0,car,0 days 00:26:33.086000,0 days 01:22:09.694000
2024-05-19 13:29:49.920,11435,222,5,100,False,0,car,0 days 00:26:33.326000,0 days 01:22:09.934000
2024-05-19 13:29:50.280,11782,226,5,100,False,0,car,0 days 00:26:33.686000,0 days 01:22:10.294000
2024-05-19 13:29:50.600,10696,233,6,100,False,0,car,0 days 00:26:34.006000,0 days 01:22:10.614000
2024-05-19 13:29:50.760,10785,239,6,100,False,0,car,0 days 00:26:34.166000,0 days 01:22:10.774000
2024-05-19 13:29:51.120,11063,246,6,100,False,0,car,0 days 00:26:34.526000,0 days 01:22:11.134000
2024-05-19 13:29:51.481,11143,248,6,100,False,0,car,0 days 00:26:34.887000,0 days 01:22:11.495000
2024-05-19 13:29:51.641,11492,254,6,100,False,0,car,0 days 00:26:35.047000,0 days 01:22:11.655000
2024-05-19 13:29:51.921,11401,255,6,100,False,0,car,0 days 00:26:35.327000,0 days 01:22:11.935000
2024-05-19 13:29:52.361,11490,258,6,100,False,0,car,0 days 00:26:35.767000,0 days 01:22:12.375000
2024-05-19 13:29:52.601,11444,259,6,100,False,0,car,0 days 00:26:36.007000,0 days 01:22:12.615000
2024-05-19 13:29:52.801,11501,259,6,100,False,0,car,0 days 00:26:36.207000,0 days 01:22:12.815000
2024-05-19 13:29:52.961,11148,259,6,27,False,0,car,0 days 00:26:36.367000,0 days 01:22:12.975000
2024-05-19 13:29:53.121,11266,255,6,27,False,0,car,0 days 00:26:36.527000,0 days 01:22:13.135000
2024-05-19 13:29:53.321,10892,243,6,0,True,0,car,0 days 00:26:36.727000,0 days 01:22:13.335000
2024-05-19 13:29:53.641,9610,210,6,0,True,0,car,0 days 00:26:37.047000,0 days 01:22:13.655000
2024-05-19 13:29:53.841,9556,190,6,0,True,0,car,0 days 00:26:37.247000,0 days 01:22:13.855000
2024-05-19 13:29:54.001,9938,173,5,0,True,0,car,0 days 00:26:37.407000,0 days 01:22:14.015000
2024-05-19 13:29:54.161,9452,166,4,0,True,0,car,0 days 00:26:37.567000,0 days 01:22:14.175000
2024-05-19 13:29:54.401,8881,146,4,0,True,0,car,0 days 00:26:37.807000,0 days 01:22:14.415000
2024-05-19 13:29:54.561,8321,141,4,0,True,0,car,0 days 00:26:37.967000,0 days 01:22:14.575000
2024-05-19 13:29:54.721,7674,132,4,0,True,0,car,0 days 00:26:38.127000,0 days 01:22:14.735000
2024-05-19 13:29:54.921,7239,126,4,0,True,0,car,0 days 00:26:38.327000,0 days 01:22:14.935000
2024-05-19 13:29:55.201,6944,119,4,0,True,0,car,0 days 00:26:38.607000,0 days 01:22:15.215000
2024-05-19 13:29:55.481,7014,116,4,0,False,0,car,0 days 00:26:38.887000,0 days 01:22:15.495000
2024-05-19 13:29:55.761,7845,112,4,0,True,0,car,0 days 00:26:39.167000,0 days 01:22:15.775000
2024-05-19 13:29:56.041,7470,107,3,0,True,0,car,0 days 00:26:39.447000,0 days 01:22:16.055000
2024-05-19 13:29:56.280,7301,102,3,0,False,0,car,0 days 00:26:39.686000,0 days 01:22:16.294000
2024-05-19 13:29:56.440,7597,100,3,0,False,0,car,0 days 00:26:39.846000,0 days 01:22:16.454000
2024-05-19 13:29:56.640,7648,100,3,21,False,0,car,0 days 00:26:40.046000,0 days 01:22:16.654000
2024-05-19 13:29:57.120,7892,104,3,36,False,0,car,0 days 00:26:40.526000,0 days 01:22:17.134000
2024-05-19 13:29:57.520,8652,113,3,56,False,0,car,0 days 00:26:40.926000,0 days 01:22:17.534000
2024-05-19 13:29:57.840,9568,122,3,72,False,0,car,0 days 00:26:41.246000,0 days 01:22:17.854000
2024-05-19 13:29:58.121,10401,136,3,94,False,0,car,0 days 00:26:41.527000,0 days 01:22:18.135000
2024-05-19 13:29:58.401,10134,151,3,100,False,0,car,0 days 00:26:41.807000,0 days 01:22:18.415000
2024-05-19 13:29:58.601,9971,160,4,100,False,0,car,0 days 00:26:42.007000,0 days 01:22:18.615000
2024-05-19 13:29:58.801,10402,169,4,100,False,0,car,0 days 00:26:42.207000,0 days 01:22:18.815000
2024-05-19 13:29:59.121,11205,181,4,100,False,0,car,0 days 00:26:42.527000,0 days 01:22:19.135000
2024-05-19 13:29:59.321,11668,189,4,100,False,0,car,0 days 00:26:42.727000,0 days 01:22:19.335000
2024-05-19 13:29:59.681,12013,198,4,100,False,0,car,0 days 00:26:43.087000,0 days 01:22:19.695000
2024-05-19 13:29:59.881,10628,204,4,100,False,0,car,0 days 00:26:43.287000,0 days 01:22:19.895000
2024-05-19 13:30:00.241,10879,213,5,100,False,0,car,0 days 00:26:43.647000,0 days 01:22:20.255000
2024-05-19 13:30:00.441,11247,218,5,100,False,0,car,0 days 00:26:43.847000,0 days 01:22:20.455000
2024-05-19 13:30:00.801,11735,230,5,100,False,0,car,0 days 00:26:44.207000,0 days 01:22:20.815000
2024-05-19 13:30:01.161,10614,237,6,100,False,0,car,0 days 00:26:44.567000,0 days 01:22:21.175000
2024-05-19 13:30:01.441,10988,243,6,100,False,0,car,0 days 00:26:44.847000,0 days 01:22:21.455000
2024-05-19 13:30:01.801,11274,251,6,100,False,0,car,0 days 00:26:45.207000,0 days 01:22:21.815000
2024-05-19 13:30:02.001,11396,254,6,100,False,0,car,0 days 00:26:45.407000,0 days 01:22:22.015000
2024-05-19 13:30:02.241,11500,257,6,100,False,0,car,0 days 00:26:45.647000,0 days 01:22:22.255000
2024-05-19 13:30:02.681,11273,263,6,100,False,0,car,0 days 00:26:46.087000,0 days 01:22:22.695000
2024-05-19 13:30:02.960,10616,266,7,100,False,0,car,0 days 00:26:46.366000,0 days 01:22:22.974000
2024-05-19 13:30:03.320,10807,271,7,100,False,0,car,0 days 00:26:46.726000,0 days 01:22:23.334000
2024-05-19 13:30:03.680,10937,274,7,100,False,0,car,0 days 00:26:47.086000,0 days 01:22:23.694000
2024-05-19 13:30:03.960,11022,277,7,100,False,0,car,0 days 00:26:47.366000,0 days 01:22:23.974000
2024-05-19 13:30:04.200,11154,280,7,100,False,0,car,0 days 00:26:47.606000,0 days 01:22:24.214000
2024-05-19 13:30:04.440,11154,282,7,100,False,0,car,0 days 00:26:47.846000,0 days 01:22:24.454000
2024-05-19 13:30:04.761,11298,286,7,100,False,0,car,0 days 00:26:48.167000,0 days 01:22:24.775000
2024-05-19 13:30:04.921,11392,288,7,100,False,0,car,0 days 00:26:48.327000,0 days 01:22:24.935000
2024-05-19 13:30:05.081,11467,289,7,100,False,0,car,0 days 00:26:48.487000,0 days 01:22:25.095000
2024-05-19 13:30:05.321,11467,291,7,100,False,0,car,0 days 00:26:48.727000,0 days 01:22:25.335000
2024-05-19 13:30:05.481,11578,291,7,100,False,0,car,0 days 00:26:48.887000,0 days 01:22:25.495000
2024-05-19 13:30:05.681,11341,292,7,100,False,0,car,0 days 00:26:49.087000,0 days 01:22:25.695000
2024-05-19 13:30:05.961,11508,291,7,100,False,0,car,0 days 00:26:49.367000,0 days 01:22:25.975000
2024-05-19 13:30:06.361,11322,286,7,0,False,0,car,0 days 00:26:49.767000,0 days 01:22:26.375000
2024-05-19 13:30:06.561,11095,279,7,0,True,0,car,0 days 00:26:49.967000,0 days 01:22:26.575000
2024-05-19 13:30:06.801,10083,253,7,0,True,0,car,0 days 00:26:50.207000,0 days 01:22:26.815000
2024-05-19 13:30:07.041,8972,231,7,0,True,0,car,0 days 00:26:50.447000,0 days 01:22:27.055000
2024-05-19 13:30:07.281,8977,209,7,0,True,0,car,0 days 00:26:50.687000,0 days 01:22:27.295000
2024-05-19 13:30:07.641,10098,169,7,0,True,0,car,0 days 00:26:51.047000,0 days 01:22:27.655000
2024-05-19 13:30:07.841,10783,155,5,0,True,0,car,0 days 00:26:51.247000,0 days 01:22:27.855000
2024-05-19 13:30:08.281,9269,134,3,0,True,0,car,0 days 00:26:51.687000,0 days 01:22:28.295000
2024-05-19 13:30:08.641,8709,124,3,0,True,0,car,0 days 00:26:52.047000,0 days 01:22:28.655000
2024-05-19 13:30:09.041,8273,121,3,0,False,0,car,0 days 00:26:52.447000,0 days 01:22:29.055000
2024-05-19 13:30:09.241,8218,114,3,8,False,0,car,0 days 00:26:52.647000,0 days 01:22:29.255000
2024-05-19 13:30:09.561,8471,115,3,41,False,0,car,0 days 00:26:52.967000,0 days 01:22:29.575000
2024-05-19 13:30:09.760,8916,119,3,45,False,0,car,0 days 00:26:53.166000,0 days 01:22:29.774000
2024-05-19 13:30:10.120,9562,124,3,63,False,0,car,0 days 00:26:53.526000,0 days 01:22:30.134000
2024-05-19 13:30:10.520,10859,141,3,89,False,0,car,0 days 00:26:53.926000,0 days 01:22:30.534000
2024-05-19 13:30:10.960,10148,158,3,77,False,0,car,0 days 00:26:54.366000,0 days 01:22:30.974000
2024-05-19 13:30:11.120,9376,160,3,48,True,0,car,0 days 00:26:54.526000,0 days 01:22:31.134000
2024-05-19 13:30:11.281,9299,160,4,2,True,0,car,0 days 00:26:54.687000,0 days 01:22:31.295000
2024-05-19 13:30:11.561,8761,150,4,1,True,0,car,0 days 00:26:54.967000,0 days 01:22:31.575000
2024-05-19 13:30:11.921,8257,140,4,1,True,0,car,0 days 00:26:55.327000,0 days 01:22:31.935000
2024-05-19 13:30:12.121,8066,137,4,2,True,0,car,0 days 00:26:55.527000,0 days 01:22:32.135000
2024-05-19 13:30:12.281,8028,135,4,3,False,0,car,0 days 00:26:55.687000,0 days 01:22:32.295000
2024-05-19 13:30:12.601,7897,131,4,7,False,0,car,0 days 00:26:56.007000,0 days 01:22:32.615000
2024-05-19 13:30:12.881,8323,134,4,53,False,0,car,0 days 00:26:56.287000,0 days 01:22:32.895000
2024-05-19 13:30:13.081,8534,137,4,58,False,0,car,0 days 00:26:56.487000,0 days 01:22:33.095000
2024-05-19 13:30:13.361,9175,144,4,71,False,0,car,0 days 00:26:56.767000,0 days 01:22:33.375000
2024-05-19 13:30:13.601,9442,152,4,80,False,0,car,0 days 00:26:57.007000,0 days 01:22:33.615000
2024-05-19 13:30:13.801,9889,160,4,100,False,0,car,0 days 00:26:57.207000,0 days 01:22:33.815000
2024-05-19 13:30:14.081,10736,169,4,100,False,0,car,0 days 00:26:57.487000,0 days 01:22:34.095000
2024-05-19 13:30:14.441,11544,184,4,100,False,0,car,0 days 00:26:57.847000,0 days 01:22:34.455000
2024-05-19 13:30:14.841,10309,197,5,100,False,0,car,0 days 00:26:58.247000,0 days 01:22:34.855000
2024-05-19 13:30:15.161,10741,204,5,100,False,0,car,0 days 00:26:58.567000,0 days 01:22:35.175000
2024-05-19 13:30:15.481,11170,216,5,100,False,0,car,0 days 00:26:58.887000,0 days 01:22:35.495000
2024-05-19 13:30:15.641,11334,221,5,100,False,0,car,0 days 00:26:59.047000,0 days 01:22:35.655000
2024-05-19 13:30:15.841,11602,226,5,100,False,0,car,0 days 00:26:59.247000,0 days 01:22:35.855000
2024-05-19 13:30:16.001,11695,230,5,100,False,0,car,0 days 00:26:59.407000,0 days 01:22:36.015000
2024-05-19 13:30:16.201,10855,232,5,100,False,0,car,0 days 00:26:59.607000,0 days 01:22:36.215000
2024-05-19 13:30:16.520,10883,241,6,100,False,0,car,0 days 00:26:59.926000,0 days 01:22:36.534000
2024-05-19 13:30:16.680,10883,243,6,100,False,0,car,0 days 00:27:00.086000,0 days 01:22:36.694000
2024-05-19 13:30:16.880,11097,245,6,100,False,0,car,0 days 00:27:00.286000,0 days 01:22:36.894000
2024-05-19 13:30:17.120,11329,252,6,100,False,0,car,0 days 00:27:00.526000,0 days 01:22:37.134000
2024-05-19 13:30:17.320,11457,256,6,100,False,0,car,0 days 00:27:00.726000,0 days 01:22:37.334000
2024-05-19 13:30:17.480,11567,257,6,100,False,0,car,0 days 00:27:00.886000,0 days 01:22:37.494000
2024-05-19 13:30:17.640,11598,260,6,100,False,0,car,0 days 00:27:01.046000,0 days 01:22:37.654000
2024-05-19 13:30:17.801,11563,263,6,100,False,0,car,0 days 00:27:01.207000,0 days 01:22:37.815000
2024-05-19 13:30:18.041,10577,264,7,100,False,0,car,0 days 00:27:01.447000,0 days 01:22:38.055000
2024-05-19 13:30:18.281,10638,268,7,100,False,0,car,0 days 00:27:01.687000,0 days 01:22:38.295000
2024-05-19 13:30:18.481,10785,268,7,100,False,0,car,0 days 00:27:01.887000,0 days 01:22:38.495000
2024-05-19 13:30:18.681,10879,272,7,100,False,0,car,0 days 00:27:02.087000,0 days 01:22:38.695000
2024-05-19 13:30:18.921,10998,275,7,100,False,0,car,0 days 00:27:02.327000,0 days 01:22:38.935000
2024-05-19 13:30:19.201,11119,279,7,100,False,0,car,0 days 00:27:02.607000,0 days 01:22:39.215000
2024-05-19 13:30:19.481,11172,281,7,100,False,0,car,0 days 00:27:02.887000,0 days 01:22:39.495000
2024-05-19 13:30:19.881,11354,286,7,100,False,0,car,0 days 00:27:03.287000,0 days 01:22:39.895000
2024-05-19 13:30:20.041,11401,288,7,100,False,0,car,0 days 00:27:03.447000,0 days 01:22:40.055000
2024-05-19 13:30:20.281,11469,289,7,100,False,0,car,0 days 00:27:03.687000,0 days 01:22:40.295000
2024-05-19 13:30:20.441,11510,291,7,100,False,0,car,0 days 00:27:03.847000,0 days 01:22:40.455000
2024-05-19 13:30:20.681,11578,292,7,100,False,0,car,0 days 00:27:04.087000,0 days 01:22:40.695000
2024-05-19 13:30:21.001,10579,294,7,100,False,0,car,0 days 00:27:04.407000,0 days 01:22:41.015000
2024-05-19 13:30:21.241,10544,296,8,100,False,0,car,0 days 00:27:04.647000,0 days 01:22:41.255000
2024-05-19 13:30:21.441,10609,297,8,100,False,0,car,0 days 00:27:04.847000,0 days 01:22:41.455000
2024-05-19 13:30:21.761,10671,299,8,100,False,0,car,0 days 00:27:05.167000,0 days 01:22:41.775000
2024-05-19 13:30:21.921,10682,300,8,100,False,0,car,0 days 00:27:05.327000,0 days 01:22:41.935000
2024-05-19 13:30:22.321,10766,301,8,100,False,0,car,0 days 00:27:05.727000,0 days 01:22:42.335000
2024-05-19 13:30:22.561,10742,303,8,100,False,0,car,0 days 00:27:05.967000,0 days 01:22:42.575000
2024-05-19 13:30:22.721,10793,303,8,100,False,0,car,0 days 00:27:06.127000,0 days 01:22:42.735000
2024-05-19 13:30:22.961,10819,304,8,100,False,0,car,0 days 00:27:06.367000,0 days 01:22:42.975000
2024-05-19 13:30:23.240,10868,305,8,100,False,0,car,0 days 00:27:06.646000,0 days 01:22:43.254000
2024-05-19 13:30:23.440,10888,305,8,100,False,0,car,0 days 00:27:06.846000,0 days 01:22:43.454000
2024-05-19 13:30:23.640,10895,306,8,100,False,0,car,0 days 00:27:07.046000,0 days 01:22:43.654000
2024-05-19 13:30:23.880,10880,306,8,100,False,0,car,0 days 00:27:07.286000,0 days 01:22:43.894000
2024-05-19 13:30:24.240,10932,307,8,100,False,0,car,0 days 00:27:07.646000,0 days 01:22:44.254000
2024-05-19 13:30:24.401,10940,308,8,100,False,0,car,0 days 00:27:07.807000,0 days 01:22:44.415000
2024-05-19 13:30:24.841,10982,309,8,100,False,0,car,0 days 00:27:08.247000,0 days 01:22:44.855000
2024-05-19 13:30:25.001,11068,310,8,100,False,0,car,0 days 00:27:08.407000,0 days 01:22:45.015000
2024-05-19 13:30:25.161,11037,309,8,100,False,0,car,0 days 00:27:08.567000,0 days 01:22:45.175000
2024-05-19 13:30:25.441,11052,311,8,100,False,0,car,0 days 00:27:08.847000,0 days 01:22:45.455000
2024-05-19 13:30:25.881,10996,309,8,100,False,0,car,0 days 00:27:09.287000,0 days 01:22:45.895000
2024-05-19 13:30:26.241,10985,308,8,100,False,0,car,0 days 00:27:09.647000,0 days 01:22:46.255000
2024-05-19 13:30:26.601,10919,308,8,100,False,0,car,0 days 00:27:10.007000,0 days 01:22:46.615000
2024-05-19 13:30:26.921,10914,307,8,100,False,0,car,0 days 00:27:10.327000,0 days 01:22:46.935000
2024-05-19 13:30:27.321,10852,306,8,100,False,0,car,0 days 00:27:10.727000,0 days 01:22:47.335000
2024-05-19 13:30:27.521,10850,306,8,100,False,0,car,0 days 00:27:10.927000,0 days 01:22:47.535000
2024-05-19 13:30:27.841,10856,305,8,100,False,0,car,0 days 00:27:11.247000,0 days 01:22:47.855000
2024-05-19 13:30:28.081,10758,304,8,100,False,0,car,0 days 00:27:11.487000,0 days 01:22:48.095000
2024-05-19 13:30:28.401,10508,301,8,5,False,0,car,0 days 00:27:11.807000,0 days 01:22:48.415000
2024-05-19 13:30:28.681,10272,294,8,0,True,0,car,0 days 00:27:12.087000,0 days 01:22:48.695000
2024-05-19 13:30:29.001,9504,269,8,0,True,0,car,0 days 00:27:12.407000,0 days 01:22:49.015000
2024-05-19 13:30:29.241,9341,246,8,0,True,0,car,0 days 00:27:12.647000,0 days 01:22:49.255000
2024-05-19 13:30:29.441,9393,222,8,0,True,0,car,0 days 00:27:12.847000,0 days 01:22:49.455000
2024-05-19 13:30:29.761,9710,196,8,0,True,0,car,0 days 00:27:13.167000,0 days 01:22:49.775000
2024-05-19 13:30:30.080,9972,175,5,0,True,0,car,0 days 00:27:13.486000,0 days 01:22:50.094000
2024-05-19 13:30:30.360,9761,163,4,0,True,0,car,0 days 00:27:13.766000,0 days 01:22:50.374000
2024-05-19 13:30:30.680,9088,156,4,1,False,0,car,0 days 00:27:14.086000,0 days 01:22:50.694000
2024-05-19 13:30:31.041,8877,147,4,5,False,0,car,0 days 00:27:14.447000,0 days 01:22:51.055000
2024-05-19 13:30:31.201,8997,146,4,38,False,0,car,0 days 00:27:14.607000,0 days 01:22:51.215000
2024-05-19 13:30:31.441,9318,149,4,52,False,0,car,0 days 00:27:14.847000,0 days 01:22:51.455000
2024-05-19 13:30:31.601,9301,151,4,59,False,0,car,0 days 00:27:15.007000,0 days 01:22:51.615000
2024-05-19 13:30:31.801,9643,157,4,82,False,0,car,0 days 00:27:15.207000,0 days 01:22:51.815000
2024-05-19 13:30:32.081,10032,164,4,42,False,0,car,0 days 00:27:15.487000,0 days 01:22:52.095000
2024-05-19 13:30:32.361,10076,164,4,46,False,0,car,0 days 00:27:15.767000,0 days 01:22:52.375000
2024-05-19 13:30:32.721,10510,167,4,74,False,0,car,0 days 00:27:16.127000,0 days 01:22:52.735000
2024-05-19 13:30:33.161,11092,178,4,100,False,0,car,0 days 00:27:16.567000,0 days 01:22:53.175000
2024-05-19 13:30:33.401,11384,184,4,100,False,0,car,0 days 00:27:16.807000,0 days 01:22:53.415000
2024-05-19 13:30:33.641,10107,193,4,100,False,0,car,0 days 00:27:17.047000,0 days 01:22:53.655000
2024-05-19 13:30:34.001,10684,207,5,100,False,0,car,0 days 00:27:17.407000,0 days 01:22:54.015000
2024-05-19 13:30:34.201,10985,212,5,100,False,0,car,0 days 00:27:17.607000,0 days 01:22:54.215000
2024-05-19 13:30:34.641,11480,221,5,100,False,0,car,0 days 00:27:18.047000,0 days 01:22:54.655000
2024-05-19 13:30:34.921,10621,224,5,100,False,0,car,0 days 00:27:18.327000,0 days 01:22:54.935000
2024-05-19 13:30:35.241,10548,231,6,100,False,0,car,0 days 00:27:18.647000,0 days 01:22:55.255000
2024-05-19 13:30:35.601,10762,236,6,100,False,0,car,0 days 00:27:19.007000,0 days 01:22:55.615000
2024-05-19 13:30:35.961,11022,244,6,100,False,0,car,0 days 00:27:19.367000,0 days 01:22:55.975000
2024-05-19 13:30:36.201,11245,250,6,100,False,0,car,0 days 00:27:19.607000,0 days 01:22:56.215000
2024-05-19 13:30:36.441,11372,253,6,100,False,0,car,0 days 00:27:19.847000,0 days 01:22:56.455000
2024-05-19 13:30:36.600,11514,257,6,100,False,0,car,0 days 00:27:20.006000,0 days 01:22:56.614000
2024-05-19 13:30:36.920,11682,261,6,100,False,0,car,0 days 00:27:20.326000,0 days 01:22:56.934000
2024-05-19 13:30:37.200,10889,265,6,100,False,0,car,0 days 00:27:20.606000,0 days 01:22:57.214000
2024-05-19 13:30:37.360,10579,266,7,100,False,0,car,0 days 00:27:20.766000,0 days 01:22:57.374000
2024-05-19 13:30:37.521,10742,269,7,100,False,0,car,0 days 00:27:20.927000,0 days 01:22:57.535000
2024-05-19 13:30:37.681,10761,269,7,100,False,0,car,0 days 00:27:21.087000,0 days 01:22:57.695000
2024-05-19 13:30:37.921,10896,275,7,100,False,0,car,0 days 00:27:21.327000,0 days 01:22:57.935000
2024-05-19 13:30:38.201,11060,277,7,100,False,0,car,0 days 00:27:21.607000,0 days 01:22:58.215000
2024-05-19 13:30:38.641,11146,281,7,100,False,0,car,0 days 00:27:22.047000,0 days 01:22:58.655000
2024-05-19 13:30:38.881,11216,283,7,100,False,0,car,0 days 00:27:22.287000,0 days 01:22:58.895000
2024-05-19 13:30:39.041,11165,285,7,100,False,0,car,0 days 00:27:22.447000,0 days 01:22:59.055000
2024-05-19 13:30:39.281,11353,285,7,100,False,0,car,0 days 00:27:22.687000,0 days 01:22:59.295000
2024-05-19 13:30:39.721,11103,284,7,83,False,0,car,0 days 00:27:23.127000,0 days 01:22:59.735000
2024-05-19 13:30:40.041,10692,267,7,0,True,0,car,0 days 00:27:23.447000,0 days 01:23:00.055000
2024-05-19 13:30:40.241,9797,261,7,0,True,0,car,0 days 00:27:23.647000,0 days 01:23:00.255000
2024-05-19 13:30:40.441,10506,241,7,0,True,0,car,0 days 00:27:23.847000,0 days 01:23:00.455000
2024-05-19 13:30:40.641,10133,232,6,0,True,0,car,0 days 00:27:24.047000,0 days 01:23:00.655000
2024-05-19 13:30:40.801,9993,228,6,0,True,0,car,0 days 00:27:24.207000,0 days 01:23:00.815000
2024-05-19 13:30:41.001,9663,217,6,0,True,0,car,0 days 00:27:24.407000,0 days 01:23:01.015000
2024-05-19 13:30:41.241,9173,210,6,3,True,0,car,0 days 00:27:24.647000,0 days 01:23:01.255000
2024-05-19 13:30:41.401,9200,200,6,0,True,0,car,0 days 00:27:24.807000,0 days 01:23:01.415000
2024-05-19 13:30:41.681,9226,188,6,0,True,0,car,0 days 00:27:25.087000,0 days 01:23:01.695000
2024-05-19 13:30:42.161,8366,168,5,0,True,0,car,0 days 00:27:25.567000,0 days 01:23:02.175000
2024-05-19 13:30:42.401,8263,161,5,1,False,0,car,0 days 00:27:25.807000,0 days 01:23:02.415000
2024-05-19 13:30:42.561,8204,159,5,25,False,0,car,0 days 00:27:25.967000,0 days 01:23:02.575000
2024-05-19 13:30:42.921,8577,162,5,67,False,0,car,0 days 00:27:26.327000,0 days 01:23:02.935000
2024-05-19 13:30:43.161,8887,166,5,89,False,0,car,0 days 00:27:26.567000,0 days 01:23:03.175000
2024-05-19 13:30:43.440,9259,174,5,100,False,0,car,0 days 00:27:26.846000,0 days 01:23:03.454000
2024-05-19 13:30:43.800,9686,186,5,100,False,0,car,0 days 00:27:27.206000,0 days 01:23:03.814000
2024-05-19 13:30:44.000,9861,193,5,100,False,0,car,0 days 00:27:27.406000,0 days 01:23:04.014000
2024-05-19 13:30:44.161,10573,195,5,100,False,0,car,0 days 00:27:27.567000,0 days 01:23:04.175000
2024-05-19 13:30:44.321,10597,200,5,100,False,0,car,0 days 00:27:27.727000,0 days 01:23:04.335000
2024-05-19 13:30:44.681,10954,209,5,100,False,0,car,0 days 00:27:28.087000,0 days 01:23:04.695000
2024-05-19 13:30:45.001,11170,217,5,100,False,0,car,0 days 00:27:28.407000,0 days 01:23:05.015000
2024-05-19 13:30:45.521,11444,223,5,100,False,0,car,0 days 00:27:28.927000,0 days 01:23:05.535000
2024-05-19 13:30:45.721,11531,225,5,100,False,0,car,0 days 00:27:29.127000,0 days 01:23:05.735000
2024-05-19 13:30:45.961,11178,224,5,0,True,0,car,0 days 00:27:29.367000,0 days 01:23:05.975000
2024-05-19 13:30:46.161,10693,215,5,0,True,0,car,0 days 00:27:29.567000,0 days 01:23:06.175000
2024-05-19 13:30:46.401,9815,187,5,0,True,0,car,0 days 00:27:29.807000,0 days 01:23:06.415000
2024-05-19 13:30:46.601,10360,169,5,0,True,0,car,0 days 00:27:30.007000,0 days 01:23:06.615000
2024-05-19 13:30:46.841,10832,155,5,0,True,0,car,0 days 00:27:30.247000,0 days 01:23:06.855000
2024-05-19 13:30:47.041,10054,144,3,0,True,0,car,0 days 00:27:30.447000,0 days 01:23:07.055000
2024-05-19 13:30:47.201,9541,132,3,0,True,0,car,0 days 00:27:30.607000,0 days 01:23:07.215000
2024-05-19 13:30:47.401,9088,124,3,0,True,0,car,0 days 00:27:30.807000,0 days 01:23:07.415000
2024-05-19 13:30:47.641,8332,117,3,0,True,0,car,0 days 00:27:31.047000,0 days 01:23:07.655000
2024-05-19 13:30:47.881,7703,111,3,0,True,0,car,0 days 00:27:31.287000,0 days 01:23:07.895000
2024-05-19 13:30:48.041,7408,106,3,0,True,0,car,0 days 00:27:31.447000,0 days 01:23:08.055000
2024-05-19 13:30:48.281,7140,103,3,0,True,0,car,0 days 00:27:31.687000,0 days 01:23:08.295000
2024-05-19 13:30:48.561,6828,98,3,0,False,0,car,0 days 00:27:31.967000,0 days 01:23:08.575000
2024-05-19 13:30:48.841,6986,94,3,0,False,0,car,0 days 00:27:32.247000,0 days 01:23:08.855000
2024-05-19 13:30:49.121,7048,94,3,27,False,0,car,0 days 00:27:32.527000,0 days 01:23:09.135000
2024-05-19 13:30:49.561,7360,97,3,35,False,0,car,0 days 00:27:32.967000,0 days 01:23:09.575000
2024-05-19 13:30:49.721,7599,100,3,35,False,0,car,0 days 00:27:33.127000,0 days 01:23:09.735000
2024-05-19 13:30:50.080,7980,104,3,53,False,0,car,0 days 00:27:33.486000,0 days 01:23:10.094000
2024-05-19 13:30:50.320,8653,112,3,61,False,0,car,0 days 00:27:33.726000,0 days 01:23:10.334000
2024-05-19 13:30:50.520,9108,118,3,73,False,0,car,0 days 00:27:33.926000,0 days 01:23:10.534000
2024-05-19 13:30:50.761,9892,127,3,91,False,0,car,0 days 00:27:34.167000,0 days 01:23:10.775000
2024-05-19 13:30:50.961,10857,136,3,100,False,0,car,0 days 00:27:34.367000,0 days 01:23:10.975000
2024-05-19 13:30:51.121,11309,140,3,100,False,0,car,0 days 00:27:34.527000,0 days 01:23:11.135000
2024-05-19 13:30:51.401,11169,159,3,100,False,0,car,0 days 00:27:34.807000,0 days 01:23:11.415000
2024-05-19 13:30:51.801,10617,175,4,100,False,0,car,0 days 00:27:35.207000,0 days 01:23:11.815000
2024-05-19 13:30:52.041,11169,183,4,100,False,0,car,0 days 00:27:35.447000,0 days 01:23:12.055000
2024-05-19 13:30:52.441,11701,196,4,100,False,0,car,0 days 00:27:35.847000,0 days 01:23:12.455000
2024-05-19 13:30:52.721,10721,205,4,100,False,0,car,0 days 00:27:36.127000,0 days 01:23:12.735000
2024-05-19 13:30:52.921,10945,210,5,100,False,0,car,0 days 00:27:36.327000,0 days 01:23:12.935000
2024-05-19 13:30:53.321,11417,221,5,100,False,0,car,0 days 00:27:36.727000,0 days 01:23:13.335000
2024-05-19 13:30:53.681,11576,228,5,100,False,0,car,0 days 00:27:37.087000,0 days 01:23:13.695000
2024-05-19 13:30:53.881,10906,233,5,100,False,0,car,0 days 00:27:37.287000,0 days 01:23:13.895000
2024-05-19 13:30:54.041,10724,233,5,100,False,0,car,0 days 00:27:37.447000,0 days 01:23:14.055000
2024-05-19 13:30:54.281,10855,241,6,100,False,0,car,0 days 00:27:37.687000,0 days 01:23:14.295000
2024-05-19 13:30:54.521,11027,246,6,100,False,0,car,0 days 00:27:37.927000,0 days 01:23:14.535000
2024-05-19 13:30:54.801,11250,251,6,100,False,0,car,0 days 00:27:38.207000,0 days 01:23:14.815000
2024-05-19 13:30:55.201,11459,257,6,100,False,0,car,0 days 00:27:38.607000,0 days 01:23:15.215000
2024-05-19 13:30:55.521,11636,260,6,100,False,0,car,0 days 00:27:38.927000,0 days 01:23:15.535000
2024-05-19 13:30:55.761,11083,263,6,100,False,0,car,0 days 00:27:39.167000,0 days 01:23:15.775000
2024-05-19 13:30:56.041,10615,265,7,100,False,0,car,0 days 00:27:39.447000,0 days 01:23:16.055000
2024-05-19 13:30:56.441,10671,268,7,100,False,0,car,0 days 00:27:39.847000,0 days 01:23:16.455000
2024-05-19 13:30:56.641,10692,268,7,100,False,0,car,0 days 00:27:40.047000,0 days 01:23:16.655000
2024-05-19 13:30:56.800,10700,269,7,100,False,0,car,0 days 00:27:40.206000,0 days 01:23:16.814000
2024-05-19 13:30:57.281,10726,271,7,100,False,0,car,0 days 00:27:40.687000,0 days 01:23:17.295000
2024-05-19 13:30:57.441,10783,271,7,100,False,0,car,0 days 00:27:40.847000,0 days 01:23:17.455000
2024-05-19 13:30:57.601,10745,271,7,100,False,0,car,0 days 00:27:41.007000,0 days 01:23:17.615000
2024-05-19 13:30:57.761,10750,271,7,100,False,0,car,0 days 00:27:41.167000,0 days 01:23:17.775000
2024-05-19 13:30:57.961,10717,271,7,86,False,0,car,0 days 00:27:41.367000,0 days 01:23:17.975000
2024-05-19 13:30:58.161,10267,267,7,0,True,0,car,0 days 00:27:41.567000,0 days 01:23:18.175000
2024-05-19 13:30:58.401,9712,244,7,0,True,0,car,0 days 00:27:41.807000,0 days 01:23:18.415000
2024-05-19 13:30:58.721,9916,221,7,0,True,0,car,0 days 00:27:42.127000,0 days 01:23:18.735000
2024-05-19 13:30:58.961,10794,212,5,0,True,0,car,0 days 00:27:42.367000,0 days 01:23:18.975000
2024-05-19 13:30:59.321,10087,201,5,5,False,0,car,0 days 00:27:42.727000,0 days 01:23:19.335000
2024-05-19 13:30:59.641,10171,196,5,55,False,0,car,0 days 00:27:43.047000,0 days 01:23:19.655000
2024-05-19 13:30:59.801,10242,197,5,69,False,0,car,0 days 00:27:43.207000,0 days 01:23:19.815000
2024-05-19 13:31:00.001,10434,199,5,79,False,0,car,0 days 00:27:43.407000,0 days 01:23:20.015000
2024-05-19 13:31:00.281,10590,202,5,92,False,0,car,0 days 00:27:43.687000,0 days 01:23:20.295000
2024-05-19 13:31:00.441,10796,206,5,94,False,0,car,0 days 00:27:43.847000,0 days 01:23:20.455000
2024-05-19 13:31:00.721,11159,214,5,100,False,0,car,0 days 00:27:44.127000,0 days 01:23:20.735000
2024-05-19 13:31:00.881,11180,216,5,100,False,0,car,0 days 00:27:44.287000,0 days 01:23:20.895000
2024-05-19 13:31:01.161,11485,223,5,100,False,0,car,0 days 00:27:44.567000,0 days 01:23:21.175000
2024-05-19 13:31:01.321,11668,228,5,100,False,0,car,0 days 00:27:44.727000,0 days 01:23:21.335000
2024-05-19 13:31:01.481,11823,228,5,100,False,0,car,0 days 00:27:44.887000,0 days 01:23:21.495000
2024-05-19 13:31:01.801,10632,237,6,100,False,0,car,0 days 00:27:45.207000,0 days 01:23:21.815000
2024-05-19 13:31:01.961,10805,237,6,100,False,0,car,0 days 00:27:45.367000,0 days 01:23:21.975000
2024-05-19 13:31:02.401,11234,249,6,100,False,0,car,0 days 00:27:45.807000,0 days 01:23:22.415000
2024-05-19 13:31:02.601,11368,253,6,100,False,0,car,0 days 00:27:46.007000,0 days 01:23:22.615000
2024-05-19 13:31:02.761,11368,254,6,100,False,0,car,0 days 00:27:46.167000,0 days 01:23:22.775000
2024-05-19 13:31:03.001,11654,259,6,100,False,0,car,0 days 00:27:46.407000,0 days 01:23:23.015000
2024-05-19 13:31:03.161,11654,260,6,100,False,0,car,0 days 00:27:46.567000,0 days 01:23:23.175000
2024-05-19 13:31:03.440,11251,265,6,100,False,0,car,0 days 00:27:46.846000,0 days 01:23:23.454000
2024-05-19 13:31:03.600,10697,268,7,100,False,0,car,0 days 00:27:47.006000,0 days 01:23:23.614000
2024-05-19 13:31:03.841,10765,271,7,100,False,0,car,0 days 00:27:47.247000,0 days 01:23:23.855000
2024-05-19 13:31:04.001,10768,272,7,100,False,0,car,0 days 00:27:47.407000,0 days 01:23:24.015000
2024-05-19 13:31:04.201,10734,275,7,100,False,0,car,0 days 00:27:47.607000,0 days 01:23:24.215000
2024-05-19 13:31:04.401,10921,275,7,100,False,0,car,0 days 00:27:47.807000,0 days 01:23:24.415000
2024-05-19 13:31:04.841,10838,273,7,2,False,0,car,0 days 00:27:48.247000,0 days 01:23:24.855000
2024-05-19 13:31:05.001,10877,268,7,0,True,0,car,0 days 00:27:48.407000,0 days 01:23:25.015000
2024-05-19 13:31:05.241,10090,261,7,0,True,0,car,0 days 00:27:48.647000,0 days 01:23:25.255000
2024-05-19 13:31:05.641,9707,247,7,0,True,0,car,0 days 00:27:49.047000,0 days 01:23:25.655000
2024-05-19 13:31:05.801,9312,234,7,0,True,0,car,0 days 00:27:49.207000,0 days 01:23:25.815000
2024-05-19 13:31:06.121,9372,209,7,0,True,0,car,0 days 00:27:49.527000,0 days 01:23:26.135000
2024-05-19 13:31:06.361,9492,190,6,0,True,0,car,0 days 00:27:49.767000,0 days 01:23:26.375000
2024-05-19 13:31:06.721,9614,166,5,0,True,0,car,0 days 00:27:50.127000,0 days 01:23:26.735000
2024-05-19 13:31:06.921,9056,150,4,0,True,0,car,0 days 00:27:50.327000,0 days 01:23:26.935000
2024-05-19 13:31:07.081,8411,147,4,0,True,0,car,0 days 00:27:50.487000,0 days 01:23:27.095000
2024-05-19 13:31:07.321,7817,134,4,0,True,0,car,0 days 00:27:50.727000,0 days 01:23:27.335000
2024-05-19 13:31:07.601,7442,128,4,0,False,0,car,0 days 00:27:51.007000,0 days 01:23:27.615000
2024-05-19 13:31:07.961,7307,122,4,25,False,0,car,0 days 00:27:51.367000,0 days 01:23:27.975000
2024-05-19 13:31:08.121,7678,122,4,35,False,0,car,0 days 00:27:51.527000,0 days 01:23:28.135000
2024-05-19 13:31:08.441,7926,126,4,57,False,0,car,0 days 00:27:51.847000,0 days 01:23:28.455000
2024-05-19 13:31:08.721,8568,136,4,80,False,0,car,0 days 00:27:52.127000,0 days 01:23:28.735000
2024-05-19 13:31:08.881,8885,137,4,99,False,0,car,0 days 00:27:52.287000,0 days 01:23:28.895000
2024-05-19 13:31:09.161,9375,151,4,100,False,0,car,0 days 00:27:52.567000,0 days 01:23:29.175000
2024-05-19 13:31:09.401,10015,160,4,100,False,0,car,0 days 00:27:52.807000,0 days 01:23:29.415000
2024-05-19 13:31:09.801,10914,172,4,100,False,0,car,0 days 00:27:53.207000,0 days 01:23:29.815000
2024-05-19 13:31:10.160,11428,184,4,100,False,0,car,0 days 00:27:53.566000,0 days 01:23:30.174000
2024-05-19 13:31:10.441,11685,193,4,100,False,0,car,0 days 00:27:53.847000,0 days 01:23:30.455000
2024-05-19 13:31:10.601,11685,193,4,100,False,0,car,0 days 00:27:54.007000,0 days 01:23:30.615000
2024-05-19 13:31:11.001,10816,211,5,100,False,0,car,0 days 00:27:54.407000,0 days 01:23:31.015000
2024-05-19 13:31:11.321,11302,219,5,100,False,0,car,0 days 00:27:54.727000,0 days 01:23:31.335000
2024-05-19 13:31:11.561,11302,224,5,100,False,0,car,0 days 00:27:54.967000,0 days 01:23:31.575000
2024-05-19 13:31:11.801,11302,230,5,100,False,0,car,0 days 00:27:55.207000,0 days 01:23:31.815000
2024-05-19 13:31:12.081,10457,234,5,100,False,0,car,0 days 00:27:55.487000,0 days 01:23:32.095000
2024-05-19 13:31:12.481,10905,242,6,100,False,0,car,0 days 00:27:55.887000,0 days 01:23:32.495000
2024-05-19 13:31:12.681,10968,245,6,100,False,0,car,0 days 00:27:56.087000,0 days 01:23:32.695000
2024-05-19 13:31:12.841,11058,247,6,100,False,0,car,0 days 00:27:56.247000,0 days 01:23:32.855000
2024-05-19 13:31:13.121,11174,251,6,100,False,0,car,0 days 00:27:56.527000,0 days 01:23:33.135000
2024-05-19 13:31:13.401,11411,255,6,100,False,0,car,0 days 00:27:56.807000,0 days 01:23:33.415000
2024-05-19 13:31:13.641,11455,255,6,100,False,0,car,0 days 00:27:57.047000,0 days 01:23:33.655000
2024-05-19 13:31:13.961,11495,258,6,100,False,0,car,0 days 00:27:57.367000,0 days 01:23:33.975000
2024-05-19 13:31:14.241,11548,258,6,100,False,0,car,0 days 00:27:57.647000,0 days 01:23:34.255000
2024-05-19 13:31:14.601,11382,259,6,89,False,0,car,0 days 00:27:58.007000,0 days 01:23:34.615000
2024-05-19 13:31:14.801,11411,252,6,0,True,0,car,0 days 00:27:58.207000,0 days 01:23:34.815000
2024-05-19 13:31:14.961,11411,245,6,0,True,0,car,0 days 00:27:58.367000,0 days 01:23:34.975000
2024-05-19 13:31:15.121,10571,225,6,0,True,0,car,0 days 00:27:58.527000,0 days 01:23:35.135000
2024-05-19 13:31:15.281,9602,212,6,0,True,0,car,0 days 00:27:58.687000,0 days 01:23:35.295000
2024-05-19 13:31:15.521,9691,182,5,0,True,0,car,0 days 00:27:58.927000,0 days 01:23:35.535000
2024-05-19 13:31:15.721,9814,165,5,0,True,0,car,0 days 00:27:59.127000,0 days 01:23:35.735000
2024-05-19 13:31:16.081,8448,145,4,0,True,0,car,0 days 00:27:59.487000,0 days 01:23:36.095000
2024-05-19 13:31:16.321,7542,129,4,0,True,0,car,0 days 00:27:59.727000,0 days 01:23:36.335000
2024-05-19 13:31:16.681,6891,117,4,0,True,0,car,0 days 00:28:00.087000,0 days 01:23:36.695000
2024-05-19 13:31:16.880,6527,113,4,0,False,0,car,0 days 00:28:00.286000,0 days 01:23:36.894000
2024-05-19 13:31:17.241,6796,106,4,0,False,0,car,0 days 00:28:00.647000,0 days 01:23:37.255000
2024-05-19 13:31:17.401,7438,102,4,0,True,0,car,0 days 00:28:00.807000,0 days 01:23:37.415000
2024-05-19 13:31:17.761,6911,99,3,0,True,0,car,0 days 00:28:01.167000,0 days 01:23:37.775000
2024-05-19 13:31:18.041,6877,95,3,0,False,0,car,0 days 00:28:01.447000,0 days 01:23:38.055000
2024-05-19 13:31:18.241,7161,94,3,9,False,0,car,0 days 00:28:01.647000,0 days 01:23:38.255000
2024-05-19 13:31:18.481,7248,95,3,32,False,0,car,0 days 00:28:01.887000,0 days 01:23:38.495000
2024-05-19 13:31:18.721,7582,98,3,38,False,0,car,0 days 00:28:02.127000,0 days 01:23:38.735000
2024-05-19 13:31:18.921,7990,103,3,46,False,0,car,0 days 00:28:02.327000,0 days 01:23:38.935000
2024-05-19 13:31:19.081,8082,105,3,58,False,0,car,0 days 00:28:02.487000,0 days 01:23:39.095000
2024-05-19 13:31:19.321,8859,116,3,76,False,0,car,0 days 00:28:02.727000,0 days 01:23:39.335000
2024-05-19 13:31:19.521,9689,123,3,79,False,0,car,0 days 00:28:02.927000,0 days 01:23:39.535000
2024-05-19 13:31:19.721,10090,128,3,90,False,0,car,0 days 00:28:03.127000,0 days 01:23:39.735000
2024-05-19 13:31:20.001,10944,148,3,100,False,0,car,0 days 00:28:03.407000,0 days 01:23:40.015000
2024-05-19 13:31:20.361,10777,162,3,100,False,0,car,0 days 00:28:03.767000,0 days 01:23:40.375000
2024-05-19 13:31:20.521,10567,170,3,100,False,0,car,0 days 00:28:03.927000,0 days 01:23:40.535000
2024-05-19 13:31:20.721,10963,179,4,100,False,0,car,0 days 00:28:04.127000,0 days 01:23:40.735000
2024-05-19 13:31:21.041,11714,190,4,100,False,0,car,0 days 00:28:04.447000,0 days 01:23:41.055000
2024-05-19 13:31:21.201,11644,197,4,100,False,0,car,0 days 00:28:04.607000,0 days 01:23:41.215000
2024-05-19 13:31:21.361,11084,200,4,100,False,0,car,0 days 00:28:04.767000,0 days 01:23:41.375000
2024-05-19 13:31:21.601,10801,209,5,100,False,0,car,0 days 00:28:05.007000,0 days 01:23:41.615000
2024-05-19 13:31:22.001,11098,221,5,100,False,0,car,0 days 00:28:05.407000,0 days 01:23:42.015000
2024-05-19 13:31:22.161,11350,221,5,100,False,0,car,0 days 00:28:05.567000,0 days 01:23:42.175000
2024-05-19 13:31:22.401,11825,231,5,100,False,0,car,0 days 00:28:05.807000,0 days 01:23:42.415000
2024-05-19 13:31:22.641,10845,235,5,100,False,0,car,0 days 00:28:06.047000,0 days 01:23:42.655000
2024-05-19 13:31:22.881,10826,237,6,100,False,0,car,0 days 00:28:06.287000,0 days 01:23:42.895000
2024-05-19 13:31:23.281,11118,247,6,100,False,0,car,0 days 00:28:06.687000,0 days 01:23:43.295000
2024-05-19 13:31:23.441,11320,251,6,100,False,0,car,0 days 00:28:06.847000,0 days 01:23:43.455000
2024-05-19 13:31:23.801,11543,257,6,100,False,0,car,0 days 00:28:07.207000,0 days 01:23:43.815000
2024-05-19 13:31:24.001,11624,260,6,100,False,0,car,0 days 00:28:07.407000,0 days 01:23:44.015000
2024-05-19 13:31:24.201,11670,260,6,100,False,0,car,0 days 00:28:07.607000,0 days 01:23:44.215000
2024-05-19 13:31:24.441,10552,265,6,100,False,0,car,0 days 00:28:07.847000,0 days 01:23:44.455000
2024-05-19 13:31:24.601,10659,267,7,100,False,0,car,0 days 00:28:08.007000,0 days 01:23:44.615000
2024-05-19 13:31:24.841,10783,270,7,100,False,0,car,0 days 00:28:08.247000,0 days 01:23:44.855000
2024-05-19 13:31:25.121,10874,274,7,100,False,0,car,0 days 00:28:08.527000,0 days 01:23:45.135000
2024-05-19 13:31:25.361,11000,275,7,100,False,0,car,0 days 00:28:08.767000,0 days 01:23:45.375000
2024-05-19 13:31:25.641,11075,279,7,100,False,0,car,0 days 00:28:09.047000,0 days 01:23:45.655000
2024-05-19 13:31:25.881,11163,280,7,100,False,0,car,0 days 00:28:09.287000,0 days 01:23:45.895000
2024-05-19 13:31:26.121,11163,284,7,100,False,0,car,0 days 00:28:09.527000,0 days 01:23:46.135000
2024-05-19 13:31:26.401,11322,286,7,100,False,0,car,0 days 00:28:09.807000,0 days 01:23:46.415000
2024-05-19 13:31:26.801,11472,291,7,100,False,0,car,0 days 00:28:10.207000,0 days 01:23:46.815000
2024-05-19 13:31:27.241,11406,291,7,100,False,0,car,0 days 00:28:10.647000,0 days 01:23:47.255000
2024-05-19 13:31:27.561,11468,290,7,100,False,0,car,0 days 00:28:10.967000,0 days 01:23:47.575000
2024-05-19 13:31:27.801,11444,288,7,100,False,0,car,0 days 00:28:11.207000,0 days 01:23:47.815000
2024-05-19 13:31:27.961,11291,288,7,11,False,0,car,0 days 00:28:11.367000,0 days 01:23:47.975000
2024-05-19 13:31:28.241,10871,278,7,0,True,0,car,0 days 00:28:11.647000,0 days 01:23:48.255000
2024-05-19 13:31:28.441,10451,262,7,0,True,0,car,0 days 00:28:11.847000,0 days 01:23:48.455000
2024-05-19 13:31:28.601,9740,237,7,0,True,0,car,0 days 00:28:12.007000,0 days 01:23:48.615000
2024-05-19 13:31:29.041,9927,190,7,0,True,0,car,0 days 00:28:12.447000,0 days 01:23:49.055000
2024-05-19 13:31:29.361,10155,164,5,0,True,0,car,0 days 00:28:12.767000,0 days 01:23:49.375000
2024-05-19 13:31:29.601,10444,144,4,0,True,0,car,0 days 00:28:13.007000,0 days 01:23:49.615000
2024-05-19 13:31:30.041,8827,126,3,0,True,0,car,0 days 00:28:13.447000,0 days 01:23:50.055000
2024-05-19 13:31:30.202,8657,121,3,0,True,0,car,0 days 00:28:13.608000,0 days 01:23:50.216000
2024-05-19 13:31:30.361,8445,120,3,0,False,0,car,0 days 00:28:13.767000,0 days 01:23:50.375000
2024-05-19 13:31:30.641,8197,114,3,0,False,0,car,0 days 00:28:14.047000,0 days 01:23:50.655000
2024-05-19 13:31:30.881,8167,113,3,9,False,0,car,0 days 00:28:14.287000,0 days 01:23:50.895000
2024-05-19 13:31:31.121,8527,114,3,40,False,0,car,0 days 00:28:14.527000,0 days 01:23:51.135000
2024-05-19 13:31:31.281,8527,115,3,43,False,0,car,0 days 00:28:14.687000,0 days 01:23:51.295000
2024-05-19 13:31:31.521,9011,120,3,50,False,0,car,0 days 00:28:14.927000,0 days 01:23:51.535000
2024-05-19 13:31:31.721,9529,126,3,64,False,0,car,0 days 00:28:15.127000,0 days 01:23:51.735000
2024-05-19 13:31:31.921,9997,132,3,74,False,0,car,0 days 00:28:15.327000,0 days 01:23:51.935000
2024-05-19 13:31:32.121,10520,140,3,89,False,0,car,0 days 00:28:15.527000,0 days 01:23:52.135000
2024-05-19 13:31:32.401,11399,152,3,100,False,0,car,0 days 00:28:15.807000,0 days 01:23:52.415000
2024-05-19 13:31:32.761,9990,163,4,7,True,0,car,0 days 00:28:16.167000,0 days 01:23:52.775000
2024-05-19 13:31:32.921,9560,159,4,0,True,0,car,0 days 00:28:16.327000,0 days 01:23:52.935000
2024-05-19 13:31:33.321,8556,146,4,0,True,0,car,0 days 00:28:16.727000,0 days 01:23:53.335000
2024-05-19 13:31:33.561,8293,141,4,0,True,0,car,0 days 00:28:16.967000,0 days 01:23:53.575000
2024-05-19 13:31:34.001,8038,132,4,7,False,0,car,0 days 00:28:17.407000,0 days 01:23:54.015000
2024-05-19 13:31:34.241,8247,133,4,44,False,0,car,0 days 00:28:17.647000,0 days 01:23:54.255000
2024-05-19 13:31:34.481,8441,135,4,50,False,0,car,0 days 00:28:17.887000,0 days 01:23:54.495000
2024-05-19 13:31:34.841,9004,143,4,61,False,0,car,0 days 00:28:18.247000,0 days 01:23:54.855000
2024-05-19 13:31:35.201,9609,154,4,80,False,0,car,0 days 00:28:18.607000,0 days 01:23:55.215000
2024-05-19 13:31:35.601,10923,170,4,100,False,0,car,0 days 00:28:19.007000,0 days 01:23:55.615000
2024-05-19 13:31:35.881,11190,178,4,100,False,0,car,0 days 00:28:19.287000,0 days 01:23:55.895000
2024-05-19 13:31:36.161,11480,184,4,100,False,0,car,0 days 00:28:19.567000,0 days 01:23:56.175000
2024-05-19 13:31:36.441,10306,191,4,100,False,0,car,0 days 00:28:19.847000,0 days 01:23:56.455000
2024-05-19 13:31:36.842,10931,207,5,100,False,0,car,0 days 00:28:20.248000,0 days 01:23:56.856000
2024-05-19 13:31:37.002,11018,216,5,100,False,0,car,0 days 00:28:20.408000,0 days 01:23:57.016000
2024-05-19 13:31:37.321,11530,224,5,100,False,0,car,0 days 00:28:20.727000,0 days 01:23:57.335000
2024-05-19 13:31:37.521,11670,229,5,100,False,0,car,0 days 00:28:20.927000,0 days 01:23:57.535000
2024-05-19 13:31:37.681,11858,231,5,100,False,0,car,0 days 00:28:21.087000,0 days 01:23:57.695000
2024-05-19 13:31:38.721,11340,253,6,100,False,0,car,0 days 00:28:22.127000,0 days 01:23:58.735000
2024-05-19 13:31:39.001,11498,258,6,100,False,0,car,0 days 00:28:22.407000,0 days 01:23:59.015000
2024-05-19 13:31:39.201,11630,261,6,100,False,0,car,0 days 00:28:22.607000,0 days 01:23:59.215000
2024-05-19 13:31:39.361,10510,263,7,100,False,0,car,0 days 00:28:22.767000,0 days 01:23:59.375000
2024-05-19 13:31:39.601,10562,267,7,100,False,0,car,0 days 00:28:23.007000,0 days 01:23:59.615000
2024-05-19 13:31:40.041,10821,272,7,100,False,0,car,0 days 00:28:23.447000,0 days 01:24:00.055000
2024-05-19 13:31:40.361,10969,276,7,100,False,0,car,0 days 00:28:23.767000,0 days 01:24:00.375000
2024-05-19 13:31:40.561,11139,279,7,100,False,0,car,0 days 00:28:23.967000,0 days 01:24:00.575000
2024-05-19 13:31:40.801,11055,281,7,100,False,0,car,0 days 00:28:24.207000,0 days 01:24:00.815000
2024-05-19 13:31:41.001,11224,283,7,100,False,0,car,0 days 00:28:24.407000,0 days 01:24:01.015000
2024-05-19 13:31:41.321,11365,286,7,100,False,0,car,0 days 00:28:24.727000,0 days 01:24:01.335000
2024-05-19 13:31:41.681,11417,289,7,100,False,0,car,0 days 00:28:25.087000,0 days 01:24:01.695000
2024-05-19 13:31:41.921,11565,291,7,100,False,0,car,0 days 00:28:25.327000,0 days 01:24:01.935000
2024-05-19 13:31:42.281,11603,292,7,100,False,0,car,0 days 00:28:25.687000,0 days 01:24:02.295000
2024-05-19 13:31:42.441,11587,294,7,100,False,0,car,0 days 00:28:25.847000,0 days 01:24:02.455000
2024-05-19 13:31:42.681,10532,295,7,100,False,0,car,0 days 00:28:26.087000,0 days 01:24:02.695000
2024-05-19 13:31:42.921,10647,297,8,100,False,0,car,0 days 00:28:26.327000,0 days 01:24:02.935000
2024-05-19 13:31:43.081,10642,298,8,100,False,0,car,0 days 00:28:26.487000,0 days 01:24:03.095000
2024-05-19 13:31:43.322,10691,300,8,100,False,0,car,0 days 00:28:26.728000,0 days 01:24:03.336000
2024-05-19 13:31:43.562,10697,302,8,100,False,0,car,0 days 00:28:26.968000,0 days 01:24:03.576000
2024-05-19 13:31:43.762,10765,303,8,100,False,0,car,0 days 00:28:27.168000,0 days 01:24:03.776000
2024-05-19 13:31:43.921,10782,303,8,100,False,0,car,0 days 00:28:27.327000,0 days 01:24:03.935000
2024-05-19 13:31:44.121,10818,305,8,100,False,0,car,0 days 00:28:27.527000,0 days 01:24:04.135000
2024-05-19 13:31:44.281,10824,305,8,100,False,0,car,0 days 00:28:27.687000,0 days 01:24:04.295000
2024-05-19 13:31:44.561,10870,306,8,100,False,0,car,0 days 00:28:27.967000,0 days 01:24:04.575000
2024-05-19 13:31:44.761,10894,307,8,100,False,0,car,0 days 00:28:28.167000,0 days 01:24:04.775000
2024-05-19 13:31:45.121,10931,307,8,100,False,0,car,0 days 00:28:28.527000,0 days 01:24:05.135000
2024-05-19 13:31:45.321,10931,308,8,100,False,0,car,0 days 00:28:28.727000,0 days 01:24:05.335000
2024-05-19 13:31:45.481,11003,308,8,100,False,0,car,0 days 00:28:28.887000,0 days 01:24:05.495000
2024-05-19 13:31:45.721,10999,309,8,100,False,0,car,0 days 00:28:29.127000,0 days 01:24:05.735000
2024-05-19 13:31:46.001,10926,309,8,100,False,0,car,0 days 00:28:29.407000,0 days 01:24:06.015000
2024-05-19 13:31:46.201,11017,311,8,100,False,0,car,0 days 00:28:29.607000,0 days 01:24:06.215000
2024-05-19 13:31:46.361,11030,311,8,100,False,0,car,0 days 00:28:29.767000,0 days 01:24:06.375000
2024-05-19 13:31:46.681,11047,311,8,100,False,0,car,0 days 00:28:30.087000,0 days 01:24:06.695000
2024-05-19 13:31:47.081,11041,312,8,100,False,0,car,0 days 00:28:30.487000,0 days 01:24:07.095000
2024-05-19 13:31:47.241,11187,312,8,100,False,0,car,0 days 00:28:30.647000,0 days 01:24:07.255000
2024-05-19 13:31:47.401,11072,311,8,100,False,0,car,0 days 00:28:30.807000,0 days 01:24:07.415000
2024-05-19 13:31:47.561,11001,311,8,100,False,0,car,0 days 00:28:30.967000,0 days 01:24:07.575000
2024-05-19 13:31:47.801,11001,310,8,100,False,0,car,0 days 00:28:31.207000,0 days 01:24:07.815000
2024-05-19 13:31:47.961,11003,310,8,100,False,0,car,0 days 00:28:31.367000,0 days 01:24:07.975000
2024-05-19 13:31:48.281,10947,309,8,100,False,0,car,0 days 00:28:31.687000,0 days 01:24:08.295000
2024-05-19 13:31:48.521,10934,308,8,100,False,0,car,0 days 00:28:31.927000,0 days 01:24:08.535000
2024-05-19 13:31:48.841,10914,307,8,100,False,0,car,0 days 00:28:32.247000,0 days 01:24:08.855000
2024-05-19 13:31:49.041,10890,306,8,100,False,0,car,0 days 00:28:32.447000,0 days 01:24:09.055000
2024-05-19 13:31:49.201,10879,306,8,100,False,0,car,0 days 00:28:32.607000,0 days 01:24:09.215000
2024-05-19 13:31:49.561,10788,304,8,100,False,0,car,0 days 00:28:32.967000,0 days 01:24:09.575000
2024-05-19 13:31:49.761,10733,303,8,100,False,0,car,0 days 00:28:33.167000,0 days 01:24:09.775000
2024-05-19 13:31:50.042,10408,300,8,48,False,0,car,0 days 00:28:33.448000,0 days 01:24:10.056000
2024-05-19 13:31:50.362,10172,293,8,0,False,0,car,0 days 00:28:33.768000,0 days 01:24:10.376000
2024-05-19 13:31:50.721,9223,262,8,0,True,0,car,0 days 00:28:34.127000,0 days 01:24:10.735000
2024-05-19 13:31:51.001,9903,226,8,0,True,0,car,0 days 00:28:34.407000,0 days 01:24:11.015000
2024-05-19 13:31:51.401,9755,191,6,0,True,0,car,0 days 00:28:34.807000,0 days 01:24:11.415000
2024-05-19 13:31:52.161,9170,155,4,0,False,0,car,0 days 00:28:35.567000,0 days 01:24:12.175000
2024-05-19 13:31:52.481,8890,151,4,9,False,0,car,0 days 00:28:35.887000,0 days 01:24:12.495000
2024-05-19 13:31:52.881,9209,149,4,51,False,0,car,0 days 00:28:36.287000,0 days 01:24:12.895000
2024-05-19 13:31:53.281,9703,156,4,89,False,0,car,0 days 00:28:36.687000,0 days 01:24:13.295000
2024-05-19 13:31:53.681,9892,163,4,32,False,0,car,0 days 00:28:37.087000,0 days 01:24:13.695000
2024-05-19 13:31:53.961,10188,163,4,54,False,0,car,0 days 00:28:37.367000,0 days 01:24:13.975000
2024-05-19 13:31:54.321,10417,168,4,71,False,0,car,0 days 00:28:37.727000,0 days 01:24:14.335000
2024-05-19 13:31:54.481,10541,170,4,88,False,0,car,0 days 00:28:37.887000,0 days 01:24:14.495000
2024-05-19 13:31:54.761,11284,180,4,100,False,0,car,0 days 00:28:38.167000,0 days 01:24:14.775000
2024-05-19 13:31:55.081,11766,190,4,100,False,0,car,0 days 00:28:38.487000,0 days 01:24:15.095000
2024-05-19 13:31:55.241,11547,197,4,100,False,0,car,0 days 00:28:38.647000,0 days 01:24:15.255000
2024-05-19 13:31:55.561,10687,206,5,100,False,0,car,0 days 00:28:38.967000,0 days 01:24:15.575000
2024-05-19 13:31:55.801,11083,214,5,100,False,0,car,0 days 00:28:39.207000,0 days 01:24:15.815000
2024-05-19 13:31:55.961,11268,216,5,100,False,0,car,0 days 00:28:39.367000,0 days 01:24:15.975000
2024-05-19 13:31:56.241,11561,222,5,100,False,0,car,0 days 00:28:39.647000,0 days 01:24:16.255000
2024-05-19 13:31:56.642,10445,229,5,100,False,0,car,0 days 00:28:40.048000,0 days 01:24:16.656000
2024-05-19 13:31:56.842,10630,233,6,100,False,0,car,0 days 00:28:40.248000,0 days 01:24:16.856000
2024-05-19 13:31:57.202,10801,241,6,100,False,0,car,0 days 00:28:40.608000,0 days 01:24:17.216000
2024-05-19 13:31:57.361,10965,243,6,100,False,0,car,0 days 00:28:40.767000,0 days 01:24:17.375000
2024-05-19 13:31:57.521,11105,247,6,100,False,0,car,0 days 00:28:40.927000,0 days 01:24:17.535000
2024-05-19 13:31:57.761,11215,250,6,100,False,0,car,0 days 00:28:41.167000,0 days 01:24:17.775000
2024-05-19 13:31:58.001,11310,254,6,100,False,0,car,0 days 00:28:41.407000,0 days 01:24:18.015000
2024-05-19 13:31:58.201,11432,258,6,100,False,0,car,0 days 00:28:41.607000,0 days 01:24:18.215000
2024-05-19 13:31:58.601,11699,263,6,100,False,0,car,0 days 00:28:42.007000,0 days 01:24:18.615000
2024-05-19 13:31:59.041,10644,267,7,100,False,0,car,0 days 00:28:42.447000,0 days 01:24:19.055000
2024-05-19 13:31:59.241,10794,271,7,100,False,0,car,0 days 00:28:42.647000,0 days 01:24:19.255000
2024-05-19 13:31:59.401,10809,273,7,100,False,0,car,0 days 00:28:42.807000,0 days 01:24:19.415000
2024-05-19 13:31:59.601,10934,276,7,100,False,0,car,0 days 00:28:43.007000,0 days 01:24:19.615000
2024-05-19 13:31:59.841,11054,278,7,100,False,0,car,0 days 00:28:43.247000,0 days 01:24:19.855000
2024-05-19 13:32:00.001,11010,280,7,100,False,0,car,0 days 00:28:43.407000,0 days 01:24:20.015000
2024-05-19 13:32:00.281,11197,282,7,100,False,0,car,0 days 00:28:43.687000,0 days 01:24:20.295000
2024-05-19 13:32:00.521,11302,284,7,100,False,0,car,0 days 00:28:43.927000,0 days 01:24:20.535000
2024-05-19 13:32:00.801,11302,286,7,100,False,0,car,0 days 00:28:44.207000,0 days 01:24:20.815000
2024-05-19 13:32:01.001,11138,285,7,100,False,0,car,0 days 00:28:44.407000,0 days 01:24:21.015000
2024-05-19 13:32:01.321,11174,281,7,16,True,0,car,0 days 00:28:44.727000,0 days 01:24:21.335000
2024-05-19 13:32:01.721,10005,254,7,0,True,0,car,0 days 00:28:45.127000,0 days 01:24:21.735000
2024-05-19 13:32:01.961,10384,246,7,0,True,0,car,0 days 00:28:45.367000,0 days 01:24:21.975000
2024-05-19 13:32:02.321,9715,222,6,0,True,0,car,0 days 00:28:45.727000,0 days 01:24:22.335000
2024-05-19 13:32:02.561,9355,215,6,0,True,0,car,0 days 00:28:45.967000,0 days 01:24:22.575000
2024-05-19 13:32:02.881,9336,213,6,0,True,0,car,0 days 00:28:46.287000,0 days 01:24:22.895000
2024-05-19 13:32:03.122,9444,185,6,0,True,0,car,0 days 00:28:46.528000,0 days 01:24:23.136000
2024-05-19 13:32:03.522,8434,169,5,0,True,0,car,0 days 00:28:46.928000,0 days 01:24:23.536000
2024-05-19 13:32:04.001,8271,159,5,24,False,0,car,0 days 00:28:47.407000,0 days 01:24:24.015000
2024-05-19 13:32:04.441,8688,162,5,68,False,0,car,0 days 00:28:47.847000,0 days 01:24:24.455000
2024-05-19 13:32:04.601,8845,165,5,79,False,0,car,0 days 00:28:48.007000,0 days 01:24:24.615000
2024-05-19 13:32:04.761,9291,168,5,93,False,0,car,0 days 00:28:48.167000,0 days 01:24:24.775000
2024-05-19 13:32:04.921,9450,173,5,78,False,0,car,0 days 00:28:48.327000,0 days 01:24:24.935000
2024-05-19 13:32:05.201,9384,180,5,89,False,0,car,0 days 00:28:48.607000,0 days 01:24:25.215000
2024-05-19 13:32:05.481,9729,185,5,100,False,0,car,0 days 00:28:48.887000,0 days 01:24:25.495000
2024-05-19 13:32:05.801,10301,198,5,100,False,0,car,0 days 00:28:49.207000,0 days 01:24:25.815000
2024-05-19 13:32:05.961,10543,201,5,100,False,0,car,0 days 00:28:49.367000,0 days 01:24:25.975000
2024-05-19 13:32:06.241,10913,210,5,100,False,0,car,0 days 00:28:49.647000,0 days 01:24:26.255000
2024-05-19 13:32:06.481,11142,212,5,100,False,0,car,0 days 00:28:49.887000,0 days 01:24:26.495000
2024-05-19 13:32:06.681,11325,220,5,100,False,0,car,0 days 00:28:50.087000,0 days 01:24:26.695000
2024-05-19 13:32:06.961,11466,224,5,100,False,0,car,0 days 00:28:50.367000,0 days 01:24:26.975000
2024-05-19 13:32:07.121,11580,226,5,100,False,0,car,0 days 00:28:50.527000,0 days 01:24:27.135000
2024-05-19 13:32:07.361,11572,227,5,51,False,0,car,0 days 00:28:50.767000,0 days 01:24:27.375000
2024-05-19 13:32:07.561,11335,223,5,0,True,0,car,0 days 00:28:50.967000,0 days 01:24:27.575000
2024-05-19 13:32:07.721,10663,206,5,0,True,0,car,0 days 00:28:51.127000,0 days 01:24:27.735000
2024-05-19 13:32:07.881,9742,195,5,0,True,0,car,0 days 00:28:51.287000,0 days 01:24:27.895000
2024-05-19 13:32:08.121,9405,167,5,0,True,0,car,0 days 00:28:51.527000,0 days 01:24:28.135000
2024-05-19 13:32:08.321,10566,153,5,0,True,0,car,0 days 00:28:51.727000,0 days 01:24:28.335000
2024-05-19 13:32:08.561,9941,142,3,0,True,0,car,0 days 00:28:51.967000,0 days 01:24:28.575000
2024-05-19 13:32:08.761,9140,131,3,0,True,0,car,0 days 00:28:52.167000,0 days 01:24:28.775000
2024-05-19 13:32:09.161,8279,116,3,0,True,0,car,0 days 00:28:52.567000,0 days 01:24:29.175000
2024-05-19 13:32:09.401,7776,109,3,0,True,0,car,0 days 00:28:52.807000,0 days 01:24:29.415000
2024-05-19 13:32:09.802,7083,100,3,0,True,0,car,0 days 00:28:53.208000,0 days 01:24:29.816000
2024-05-19 13:32:10.042,6779,97,3,0,False,0,car,0 days 00:28:53.448000,0 days 01:24:30.056000
2024-05-19 13:32:10.202,6675,93,3,0,False,0,car,0 days 00:28:53.608000,0 days 01:24:30.216000
2024-05-19 13:32:10.402,6510,91,3,0,False,0,car,0 days 00:28:53.808000,0 days 01:24:30.416000
2024-05-19 13:32:10.602,6510,91,3,0,False,0,car,0 days 00:28:54.008000,0 days 01:24:30.616000
2024-05-19 13:32:10.841,7004,93,3,20,False,0,car,0 days 00:28:54.247000,0 days 01:24:30.855000
2024-05-19 13:32:11.041,7106,94,3,23,False,0,car,0 days 00:28:54.447000,0 days 01:24:31.055000
2024-05-19 13:32:11.281,7286,97,3,38,False,0,car,0 days 00:28:54.687000,0 days 01:24:31.295000
2024-05-19 13:32:11.481,7528,100,3,46,False,0,car,0 days 00:28:54.887000,0 days 01:24:31.495000
2024-05-19 13:32:11.721,8049,107,3,55,False,0,car,0 days 00:28:55.127000,0 days 01:24:31.735000
2024-05-19 13:32:11.881,8253,109,3,64,False,0,car,0 days 00:28:55.287000,0 days 01:24:31.895000
2024-05-19 13:32:12.081,8808,116,3,80,False,0,car,0 days 00:28:55.487000,0 days 01:24:32.095000
2024-05-19 13:32:12.281,9633,124,3,91,False,0,car,0 days 00:28:55.687000,0 days 01:24:32.295000
2024-05-19 13:32:12.521,10657,138,3,97,False,0,car,0 days 00:28:55.927000,0 days 01:24:32.535000
2024-05-19 13:32:12.761,12068,146,3,100,False,0,car,0 days 00:28:56.167000,0 days 01:24:32.775000
2024-05-19 13:32:12.921,11928,156,3,100,False,0,car,0 days 00:28:56.327000,0 days 01:24:32.935000
2024-05-19 13:32:13.161,11546,164,3,100,False,0,car,0 days 00:28:56.567000,0 days 01:24:33.175000
2024-05-19 13:32:13.321,10641,172,4,100,False,0,car,0 days 00:28:56.727000,0 days 01:24:33.335000
2024-05-19 13:32:13.481,10881,176,4,100,False,0,car,0 days 00:28:56.887000,0 days 01:24:33.495000
2024-05-19 13:32:13.801,11354,190,4,100,False,0,car,0 days 00:28:57.207000,0 days 01:24:33.815000
2024-05-19 13:32:14.001,11735,197,4,100,False,0,car,0 days 00:28:57.407000,0 days 01:24:34.015000
2024-05-19 13:32:14.241,10988,202,4,100,False,0,car,0 days 00:28:57.647000,0 days 01:24:34.255000
2024-05-19 13:32:14.601,10959,214,5,100,False,0,car,0 days 00:28:58.007000,0 days 01:24:34.615000
2024-05-19 13:32:14.841,11173,219,5,100,False,0,car,0 days 00:28:58.247000,0 days 01:24:34.855000
2024-05-19 13:32:15.201,11570,229,5,100,False,0,car,0 days 00:28:58.607000,0 days 01:24:35.215000
2024-05-19 13:32:15.601,11194,237,5,100,False,0,car,0 days 00:28:59.007000,0 days 01:24:35.615000
2024-05-19 13:32:15.801,10779,240,6,100,False,0,car,0 days 00:28:59.207000,0 days 01:24:35.815000
2024-05-19 13:32:16.041,10998,245,6,100,False,0,car,0 days 00:28:59.447000,0 days 01:24:36.055000
2024-05-19 13:32:16.282,11095,248,6,100,False,0,car,0 days 00:28:59.688000,0 days 01:24:36.296000
2024-05-19 13:32:16.562,11287,252,6,100,False,0,car,0 days 00:28:59.968000,0 days 01:24:36.576000
2024-05-19 13:32:16.802,11406,257,6,100,False,0,car,0 days 00:29:00.208000,0 days 01:24:36.816000
2024-05-19 13:32:17.042,11532,259,6,100,False,0,car,0 days 00:29:00.448000,0 days 01:24:37.056000
2024-05-19 13:32:17.401,10264,263,7,100,False,0,car,0 days 00:29:00.807000,0 days 01:24:37.415000
2024-05-19 13:32:17.721,10696,265,7,100,False,0,car,0 days 00:29:01.127000,0 days 01:24:37.735000
2024-05-19 13:32:18.081,10648,267,7,100,False,0,car,0 days 00:29:01.487000,0 days 01:24:38.095000
2024-05-19 13:32:18.321,10653,268,7,100,False,0,car,0 days 00:29:01.727000,0 days 01:24:38.335000
2024-05-19 13:32:18.481,10715,268,7,100,False,0,car,0 days 00:29:01.887000,0 days 01:24:38.495000
2024-05-19 13:32:18.721,10595,270,7,100,False,0,car,0 days 00:29:02.127000,0 days 01:24:38.735000
2024-05-19 13:32:19.001,10698,270,7,100,False,0,car,0 days 00:29:02.407000,0 days 01:24:39.015000
2024-05-19 13:32:19.201,10740,270,7,100,False,0,car,0 days 00:29:02.607000,0 days 01:24:39.215000
2024-05-19 13:32:19.561,10500,271,7,44,True,0,car,0 days 00:29:02.967000,0 days 01:24:39.575000
2024-05-19 13:32:19.721,10238,263,7,0,True,0,car,0 days 00:29:03.127000,0 days 01:24:39.735000
2024-05-19 13:32:20.001,9485,239,7,0,True,0,car,0 days 00:29:03.407000,0 days 01:24:40.015000
2024-05-19 13:32:20.281,9940,223,7,0,True,0,car,0 days 00:29:03.687000,0 days 01:24:40.295000
2024-05-19 13:32:20.481,10507,211,7,0,True,0,car,0 days 00:29:03.887000,0 days 01:24:40.495000
2024-05-19 13:32:20.721,10055,202,5,0,True,0,car,0 days 00:29:04.127000,0 days 01:24:40.735000
2024-05-19 13:32:21.041,10090,196,5,13,False,0,car,0 days 00:29:04.447000,0 days 01:24:41.055000
2024-05-19 13:32:21.321,10103,193,5,70,False,0,car,0 days 00:29:04.727000,0 days 01:24:41.335000
2024-05-19 13:32:21.641,10363,197,5,83,False,0,car,0 days 00:29:05.047000,0 days 01:24:41.655000
2024-05-19 13:32:21.841,10561,201,5,93,False,0,car,0 days 00:29:05.247000,0 days 01:24:41.855000
2024-05-19 13:32:22.001,10792,206,5,100,False,0,car,0 days 00:29:05.407000,0 days 01:24:42.015000
2024-05-19 13:32:22.321,11137,214,5,100,False,0,car,0 days 00:29:05.727000,0 days 01:24:42.335000
2024-05-19 13:32:22.641,11503,220,5,100,False,0,car,0 days 00:29:06.047000,0 days 01:24:42.655000
2024-05-19 13:32:22.842,11650,225,5,100,False,0,car,0 days 00:29:06.248000,0 days 01:24:42.856000
2024-05-19 13:32:23.282,10563,233,5,100,False,0,car,0 days 00:29:06.688000,0 days 01:24:43.296000
2024-05-19 13:32:23.562,10855,239,6,100,False,0,car,0 days 00:29:06.968000,0 days 01:24:43.576000
2024-05-19 13:32:23.802,10994,245,6,100,False,0,car,0 days 00:29:07.208000,0 days 01:24:43.816000
2024-05-19 13:32:24.121,11264,251,6,100,False,0,car,0 days 00:29:07.527000,0 days 01:24:44.135000
2024-05-19 13:32:24.561,11496,256,6,100,False,0,car,0 days 00:29:07.967000,0 days 01:24:44.575000
2024-05-19 13:32:24.721,11693,261,6,100,False,0,car,0 days 00:29:08.127000,0 days 01:24:44.735000
2024-05-19 13:32:24.961,10927,264,6,100,False,0,car,0 days 00:29:08.367000,0 days 01:24:44.975000
2024-05-19 13:32:25.281,10729,268,7,100,False,0,car,0 days 00:29:08.687000,0 days 01:24:45.295000
2024-05-19 13:32:25.441,10670,269,7,100,False,0,car,0 days 00:29:08.847000,0 days 01:24:45.455000
2024-05-19 13:32:25.761,10796,272,7,100,False,0,car,0 days 00:29:09.167000,0 days 01:24:45.775000
2024-05-19 13:32:26.001,10910,273,7,100,False,0,car,0 days 00:29:09.407000,0 days 01:24:46.015000
2024-05-19 13:32:26.161,10526,274,7,27,False,0,car,0 days 00:29:09.567000,0 days 01:24:46.175000
2024-05-19 13:32:26.641,10051,265,7,0,True,0,car,0 days 00:29:10.047000,0 days 01:24:46.655000
2024-05-19 13:32:27.041,9634,249,7,0,False,0,car,0 days 00:29:10.447000,0 days 01:24:47.055000
2024-05-19 13:32:27.241,9415,246,7,0,False,0,car,0 days 00:29:10.647000,0 days 01:24:47.255000
2024-05-19 13:32:27.481,9090,236,7,0,True,0,car,0 days 00:29:10.887000,0 days 01:24:47.495000
2024-05-19 13:32:27.721,9428,213,7,0,True,0,car,0 days 00:29:11.127000,0 days 01:24:47.735000
2024-05-19 13:32:28.001,9541,184,6,0,True,0,car,0 days 00:29:11.407000,0 days 01:24:48.015000
2024-05-19 13:32:28.201,9137,169,5,0,True,0,car,0 days 00:29:11.607000,0 days 01:24:48.215000
2024-05-19 13:32:28.361,9685,165,4,0,True,0,car,0 days 00:29:11.767000,0 days 01:24:48.375000
2024-05-19 13:32:28.601,8985,152,4,0,True,0,car,0 days 00:29:12.007000,0 days 01:24:48.615000
2024-05-19 13:32:28.961,7793,135,4,0,True,0,car,0 days 00:29:12.367000,0 days 01:24:48.975000
2024-05-19 13:32:29.281,7540,129,4,0,True,0,car,0 days 00:29:12.687000,0 days 01:24:49.295000
2024-05-19 13:32:29.482,7724,125,4,7,False,0,car,0 days 00:29:12.888000,0 days 01:24:49.496000
2024-05-19 13:32:29.802,7476,120,4,29,False,0,car,0 days 00:29:13.208000,0 days 01:24:49.816000
2024-05-19 13:32:30.202,7878,128,4,65,False,0,car,0 days 00:29:13.608000,0 days 01:24:50.216000
2024-05-19 13:32:30.402,8575,136,4,88,False,0,car,0 days 00:29:13.808000,0 days 01:24:50.416000
2024-05-19 13:32:30.682,8715,142,4,100,False,0,car,0 days 00:29:14.088000,0 days 01:24:50.696000
2024-05-19 13:32:30.881,9268,150,4,100,False,0,car,0 days 00:29:14.287000,0 days 01:24:50.895000
2024-05-19 13:32:31.081,9793,158,4,100,False,0,car,0 days 00:29:14.487000,0 days 01:24:51.095000
2024-05-19 13:32:31.321,10634,164,4,100,False,0,car,0 days 00:29:14.727000,0 days 01:24:51.335000
2024-05-19 13:32:31.641,10703,180,4,100,False,0,car,0 days 00:29:15.047000,0 days 01:24:51.655000
2024-05-19 13:32:32.041,11822,192,4,100,False,0,car,0 days 00:29:15.447000,0 days 01:24:52.055000
2024-05-19 13:32:32.401,10458,201,5,100,False,0,car,0 days 00:29:15.807000,0 days 01:24:52.415000
2024-05-19 13:32:32.561,10714,207,5,100,False,0,car,0 days 00:29:15.967000,0 days 01:24:52.575000
2024-05-19 13:32:32.841,11166,215,5,100,False,0,car,0 days 00:29:16.247000,0 days 01:24:52.855000
2024-05-19 13:32:33.081,11367,220,5,100,False,0,car,0 days 00:29:16.487000,0 days 01:24:53.095000
2024-05-19 13:32:33.321,11668,227,5,100,False,0,car,0 days 00:29:16.727000,0 days 01:24:53.335000
2024-05-19 13:32:33.681,10666,234,5,100,False,0,car,0 days 00:29:17.087000,0 days 01:24:53.695000
2024-05-19 13:32:34.041,10827,241,6,100,False,0,car,0 days 00:29:17.447000,0 days 01:24:54.055000
2024-05-19 13:32:34.481,11088,247,6,100,False,0,car,0 days 00:29:17.887000,0 days 01:24:54.495000
2024-05-19 13:32:34.641,11228,250,6,100,False,0,car,0 days 00:29:18.047000,0 days 01:24:54.655000
2024-05-19 13:32:34.801,11415,253,6,100,False,0,car,0 days 00:29:18.207000,0 days 01:24:54.815000
2024-05-19 13:32:35.121,11400,256,6,100,False,0,car,0 days 00:29:18.527000,0 days 01:24:55.135000
2024-05-19 13:32:35.281,11466,256,6,100,False,0,car,0 days 00:29:18.687000,0 days 01:24:55.295000
2024-05-19 13:32:35.481,11482,258,6,100,False,0,car,0 days 00:29:18.887000,0 days 01:24:55.495000
2024-05-19 13:32:35.641,11586,258,6,100,False,0,car,0 days 00:29:19.047000,0 days 01:24:55.655000
2024-05-19 13:32:35.962,11589,259,6,100,False,0,car,0 days 00:29:19.368000,0 days 01:24:55.976000
2024-05-19 13:32:36.202,11533,258,6,100,False,0,car,0 days 00:29:19.608000,0 days 01:24:56.216000
2024-05-19 13:32:36.482,11010,257,6,0,True,0,car,0 days 00:29:19.888000,0 days 01:24:56.496000
2024-05-19 13:32:36.722,10333,227,6,0,True,0,car,0 days 00:29:20.128000,0 days 01:24:56.736000
2024-05-19 13:32:36.962,10046,215,6,0,True,0,car,0 days 00:29:20.368000,0 days 01:24:56.976000
2024-05-19 13:32:37.122,9754,186,6,0,True,0,car,0 days 00:29:20.528000,0 days 01:24:57.136000
2024-05-19 13:32:37.362,9624,168,6,0,True,0,car,0 days 00:29:20.768000,0 days 01:24:57.376000
2024-05-19 13:32:37.522,9055,160,5,0,True,0,car,0 days 00:29:20.928000,0 days 01:24:57.536000
2024-05-19 13:32:37.921,8015,139,4,0,True,0,car,0 days 00:29:21.327000,0 days 01:24:57.935000
2024-05-19 13:32:38.361,6989,122,4,0,True,0,car,0 days 00:29:21.767000,0 days 01:24:58.375000
2024-05-19 13:32:38.561,7011,118,4,0,False,0,car,0 days 00:29:21.967000,0 days 01:24:58.575000
2024-05-19 13:32:38.721,6687,114,4,0,False,0,car,0 days 00:29:22.127000,0 days 01:24:58.735000
2024-05-19 13:32:39.001,7796,101,4,0,True,0,car,0 days 00:29:22.407000,0 days 01:24:59.015000
2024-05-19 13:32:39.201,7615,107,3,0,True,0,car,0 days 00:29:22.607000,0 days 01:24:59.215000
2024-05-19 13:32:39.481,7312,104,3,0,True,0,car,0 days 00:29:22.887000,0 days 01:24:59.495000
2024-05-19 13:32:39.681,7144,99,3,0,False,0,car,0 days 00:29:23.087000,0 days 01:24:59.695000
2024-05-19 13:32:40.041,7358,96,3,8,False,0,car,0 days 00:29:23.447000,0 days 01:25:00.055000
2024-05-19 13:32:40.201,7428,99,3,35,False,0,car,0 days 00:29:23.607000,0 days 01:25:00.215000
2024-05-19 13:32:40.361,7499,102,3,36,False,0,car,0 days 00:29:23.767000,0 days 01:25:00.375000
2024-05-19 13:32:40.561,7700,103,3,38,False,0,car,0 days 00:29:23.967000,0 days 01:25:00.575000
2024-05-19 13:32:40.761,8180,109,3,40,False,0,car,0 days 00:29:24.167000,0 days 01:25:00.775000
2024-05-19 13:32:41.081,8836,113,3,63,False,0,car,0 days 00:29:24.487000,0 days 01:25:01.095000
2024-05-19 13:32:41.361,9967,124,3,80,False,0,car,0 days 00:29:24.767000,0 days 01:25:01.375000
2024-05-19 13:32:41.681,10557,138,3,91,False,0,car,0 days 00:29:25.087000,0 days 01:25:01.695000
2024-05-19 13:32:41.961,11139,147,3,100,False,0,car,0 days 00:29:25.367000,0 days 01:25:01.975000
2024-05-19 13:32:42.281,11279,161,3,100,False,0,car,0 days 00:29:25.687000,0 days 01:25:02.295000
2024-05-19 13:32:42.722,11396,183,4,100,False,0,car,0 days 00:29:26.128000,0 days 01:25:02.736000
2024-05-19 13:32:42.922,11615,193,4,100,False,0,car,0 days 00:29:26.328000,0 days 01:25:02.936000
2024-05-19 13:32:43.082,11879,196,4,100,False,0,car,0 days 00:29:26.488000,0 days 01:25:03.096000
2024-05-19 13:32:43.242,10899,196,4,100,False,0,car,0 days 00:29:26.648000,0 days 01:25:03.256000
2024-05-19 13:32:43.402,10697,206,4,100,False,0,car,0 days 00:29:26.808000,0 days 01:25:03.416000
2024-05-19 13:32:43.682,11071,206,5,100,False,0,car,0 days 00:29:27.088000,0 days 01:25:03.696000
2024-05-19 13:32:43.842,11213,217,5,100,False,0,car,0 days 00:29:27.248000,0 days 01:25:03.856000
2024-05-19 13:32:44.002,11452,222,5,100,False,0,car,0 days 00:29:27.408000,0 days 01:25:04.016000
2024-05-19 13:32:44.321,11895,232,5,100,False,0,car,0 days 00:29:27.727000,0 days 01:25:04.335000
2024-05-19 13:32:44.601,11895,239,5,100,False,0,car,0 days 00:29:28.007000,0 days 01:25:04.615000
2024-05-19 13:32:44.761,10850,239,5,100,False,0,car,0 days 00:29:28.167000,0 days 01:25:04.775000
2024-05-19 13:32:45.081,11070,244,6,100,False,0,car,0 days 00:29:28.487000,0 days 01:25:05.095000
2024-05-19 13:32:45.321,11308,252,6,100,False,0,car,0 days 00:29:28.727000,0 days 01:25:05.335000
2024-05-19 13:32:45.561,11432,253,6,100,False,0,car,0 days 00:29:28.967000,0 days 01:25:05.575000
2024-05-19 13:32:45.881,11591,258,6,100,False,0,car,0 days 00:29:29.287000,0 days 01:25:05.895000
2024-05-19 13:32:46.081,11732,262,6,100,False,0,car,0 days 00:29:29.487000,0 days 01:25:06.095000
2024-05-19 13:32:46.401,11813,267,6,100,False,0,car,0 days 00:29:29.807000,0 days 01:25:06.415000
2024-05-19 13:32:46.561,11466,268,6,100,False,0,car,0 days 00:29:29.967000,0 days 01:25:06.575000
2024-05-19 13:32:46.961,10872,272,7,100,False,0,car,0 days 00:29:30.367000,0 days 01:25:06.975000
2024-05-19 13:32:47.201,10980,276,7,100,False,0,car,0 days 00:29:30.607000,0 days 01:25:07.215000
2024-05-19 13:32:47.521,11108,278,7,100,False,0,car,0 days 00:29:30.927000,0 days 01:25:07.535000
2024-05-19 13:32:47.881,11201,280,7,100,False,0,car,0 days 00:29:31.287000,0 days 01:25:07.895000
2024-05-19 13:32:48.201,11201,284,7,100,False,0,car,0 days 00:29:31.607000,0 days 01:25:08.215000
2024-05-19 13:32:48.401,11418,288,7,100,False,0,car,0 days 00:29:31.807000,0 days 01:25:08.415000
2024-05-19 13:32:48.921,11479,292,7,100,False,0,car,0 days 00:29:32.327000,0 days 01:25:08.935000
2024-05-19 13:32:49.242,11653,293,7,100,False,0,car,0 days 00:29:32.648000,0 days 01:25:09.256000
2024-05-19 13:32:49.522,11564,294,7,74,False,0,car,0 days 00:29:32.928000,0 days 01:25:09.536000
2024-05-19 13:32:49.762,11637,289,7,0,False,0,car,0 days 00:29:33.168000,0 days 01:25:09.776000
2024-05-19 13:32:50.002,10710,274,7,0,True,0,car,0 days 00:29:33.408000,0 days 01:25:10.016000
2024-05-19 13:32:50.242,9987,252,7,0,True,0,car,0 days 00:29:33.648000,0 days 01:25:10.256000
2024-05-19 13:32:50.562,9433,215,6,0,True,0,car,0 days 00:29:33.968000,0 days 01:25:10.576000
2024-05-19 13:32:50.802,9684,191,6,0,True,0,car,0 days 00:29:34.208000,0 days 01:25:10.816000
2024-05-19 13:32:51.002,10148,162,5,0,True,0,car,0 days 00:29:34.408000,0 days 01:25:11.016000
2024-05-19 13:32:51.241,10573,148,5,0,True,0,car,0 days 00:29:34.647000,0 days 01:25:11.255000
2024-05-19 13:32:51.521,9160,129,3,0,True,0,car,0 days 00:29:34.927000,0 days 01:25:11.535000
2024-05-19 13:32:51.921,8335,117,3,0,True,0,car,0 days 00:29:35.327000,0 days 01:25:11.935000
2024-05-19 13:32:52.201,8108,114,3,0,False,0,car,0 days 00:29:35.607000,0 days 01:25:12.215000
2024-05-19 13:32:52.521,7887,110,3,5,False,0,car,0 days 00:29:35.927000,0 days 01:25:12.535000
2024-05-19 13:32:52.801,8308,111,3,41,False,0,car,0 days 00:29:36.207000,0 days 01:25:12.815000
2024-05-19 13:32:53.121,8811,115,3,50,False,0,car,0 days 00:29:36.527000,0 days 01:25:13.135000
2024-05-19 13:32:53.401,9271,122,3,68,False,0,car,0 days 00:29:36.807000,0 days 01:25:13.415000
2024-05-19 13:32:53.561,9791,129,3,75,False,0,car,0 days 00:29:36.967000,0 days 01:25:13.575000
2024-05-19 13:32:53.761,10441,132,3,87,False,0,car,0 days 00:29:37.167000,0 days 01:25:13.775000
2024-05-19 13:32:54.041,11144,144,3,94,False,0,car,0 days 00:29:37.447000,0 days 01:25:14.055000
2024-05-19 13:32:54.281,9916,157,3,100,False,0,car,0 days 00:29:37.687000,0 days 01:25:14.295000
2024-05-19 13:32:54.641,9252,157,4,0,True,0,car,0 days 00:29:38.047000,0 days 01:25:14.655000
2024-05-19 13:32:54.881,8816,150,4,0,True,0,car,0 days 00:29:38.287000,0 days 01:25:14.895000
2024-05-19 13:32:55.201,8373,143,4,0,True,0,car,0 days 00:29:38.607000,0 days 01:25:15.215000
2024-05-19 13:32:55.481,8028,139,4,0,True,0,car,0 days 00:29:38.887000,0 days 01:25:15.495000
2024-05-19 13:32:55.762,7763,133,4,7,False,0,car,0 days 00:29:39.168000,0 days 01:25:15.776000
2024-05-19 13:32:56.042,8111,131,4,48,False,0,car,0 days 00:29:39.448000,0 days 01:25:16.056000
2024-05-19 13:32:56.482,8580,137,4,59,False,0,car,0 days 00:29:39.888000,0 days 01:25:16.496000
2024-05-19 13:32:56.642,9038,141,4,64,False,0,car,0 days 00:29:40.048000,0 days 01:25:16.656000
2024-05-19 13:32:56.842,9163,146,4,76,False,0,car,0 days 00:29:40.248000,0 days 01:25:16.856000
2024-05-19 13:32:57.162,10131,155,4,100,False,0,car,0 days 00:29:40.568000,0 days 01:25:17.176000
2024-05-19 13:32:57.402,10737,171,4,100,False,0,car,0 days 00:29:40.808000,0 days 01:25:17.416000
2024-05-19 13:32:57.642,11207,179,4,100,False,0,car,0 days 00:29:41.048000,0 days 01:25:17.656000
2024-05-19 13:32:57.881,11734,186,4,100,False,0,car,0 days 00:29:41.287000,0 days 01:25:17.895000
2024-05-19 13:32:58.081,11174,190,4,100,False,0,car,0 days 00:29:41.487000,0 days 01:25:18.095000
2024-05-19 13:32:58.281,10485,200,4,100,False,0,car,0 days 00:29:41.687000,0 days 01:25:18.295000
2024-05-19 13:32:58.481,10805,206,5,100,False,0,car,0 days 00:29:41.887000,0 days 01:25:18.495000
2024-05-19 13:32:58.761,11094,215,5,100,False,0,car,0 days 00:29:42.167000,0 days 01:25:18.775000
2024-05-19 13:32:59.081,11480,221,5,100,False,0,car,0 days 00:29:42.487000,0 days 01:25:19.095000
2024-05-19 13:32:59.361,11829,228,5,100,False,0,car,0 days 00:29:42.767000,0 days 01:25:19.375000
2024-05-19 13:32:59.761,10728,238,5,100,False,0,car,0 days 00:29:43.167000,0 days 01:25:19.775000
2024-05-19 13:32:59.921,10982,243,6,100,False,0,car,0 days 00:29:43.327000,0 days 01:25:19.935000
2024-05-19 13:33:00.241,11140,247,6,100,False,0,car,0 days 00:29:43.647000,0 days 01:25:20.255000
2024-05-19 13:33:00.401,11244,251,6,100,False,0,car,0 days 00:29:43.807000,0 days 01:25:20.415000
2024-05-19 13:33:00.561,11366,254,6,100,False,0,car,0 days 00:29:43.967000,0 days 01:25:20.575000
2024-05-19 13:33:00.761,11509,256,6,100,False,0,car,0 days 00:29:44.167000,0 days 01:25:20.775000
2024-05-19 13:33:01.241,10507,263,6,100,False,0,car,0 days 00:29:44.647000,0 days 01:25:21.255000
2024-05-19 13:33:01.521,10714,268,7,100,False,0,car,0 days 00:29:44.927000,0 days 01:25:21.535000
2024-05-19 13:33:01.841,10867,273,7,100,False,0,car,0 days 00:29:45.247000,0 days 01:25:21.855000
2024-05-19 13:33:02.121,10919,275,7,100,False,0,car,0 days 00:29:45.527000,0 days 01:25:22.135000
2024-05-19 13:33:02.482,11008,277,7,100,False,0,car,0 days 00:29:45.888000,0 days 01:25:22.496000
2024-05-19 13:33:02.682,11186,279,7,100,False,0,car,0 days 00:29:46.088000,0 days 01:25:22.696000
2024-05-19 13:33:03.002,11236,283,7,100,False,0,car,0 days 00:29:46.408000,0 days 01:25:23.016000
2024-05-19 13:33:03.282,11282,285,7,100,False,0,car,0 days 00:29:46.688000,0 days 01:25:23.296000
2024-05-19 13:33:03.482,11409,287,7,100,False,0,car,0 days 00:29:46.888000,0 days 01:25:23.496000
2024-05-19 13:33:03.722,11443,289,7,100,False,0,car,0 days 00:29:47.128000,0 days 01:25:23.736000
2024-05-19 13:33:03.922,11518,291,7,100,False,0,car,0 days 00:29:47.328000,0 days 01:25:23.936000
2024-05-19 13:33:04.322,11327,294,7,100,False,0,car,0 days 00:29:47.728000,0 days 01:25:24.336000
2024-05-19 13:33:04.561,10565,295,8,100,False,0,car,0 days 00:29:47.967000,0 days 01:25:24.575000
2024-05-19 13:33:04.761,10616,297,8,100,False,0,car,0 days 00:29:48.167000,0 days 01:25:24.775000
2024-05-19 13:33:04.921,10691,298,8,100,False,0,car,0 days 00:29:48.327000,0 days 01:25:24.935000
2024-05-19 13:33:05.161,10718,300,8,100,False,0,car,0 days 00:29:48.567000,0 days 01:25:25.175000
2024-05-19 13:33:05.561,10803,301,8,100,False,0,car,0 days 00:29:48.967000,0 days 01:25:25.575000
2024-05-19 13:33:05.721,10786,303,8,100,False,0,car,0 days 00:29:49.127000,0 days 01:25:25.735000
2024-05-19 13:33:05.881,10812,303,8,100,False,0,car,0 days 00:29:49.287000,0 days 01:25:25.895000
2024-05-19 13:33:06.161,10854,304,8,100,False,0,car,0 days 00:29:49.567000,0 days 01:25:26.175000
2024-05-19 13:33:06.361,10838,304,8,100,False,0,car,0 days 00:29:49.767000,0 days 01:25:26.375000
2024-05-19 13:33:06.521,10864,306,8,100,False,0,car,0 days 00:29:49.927000,0 days 01:25:26.535000
2024-05-19 13:33:06.681,10916,306,8,100,False,0,car,0 days 00:29:50.087000,0 days 01:25:26.695000
2024-05-19 13:33:06.961,10899,307,8,100,False,0,car,0 days 00:29:50.367000,0 days 01:25:26.975000
2024-05-19 13:33:07.201,10947,307,8,100,False,0,car,0 days 00:29:50.607000,0 days 01:25:27.215000
2024-05-19 13:33:07.401,10982,308,8,100,False,0,car,0 days 00:29:50.807000,0 days 01:25:27.415000
2024-05-19 13:33:07.681,10982,308,8,100,False,0,car,0 days 00:29:51.087000,0 days 01:25:27.695000
2024-05-19 13:33:08.041,10987,310,8,100,False,0,car,0 days 00:29:51.447000,0 days 01:25:28.055000
2024-05-19 13:33:08.401,11015,311,8,100,False,0,car,0 days 00:29:51.807000,0 days 01:25:28.415000
2024-05-19 13:33:08.641,10998,311,8,100,False,0,car,0 days 00:29:52.047000,0 days 01:25:28.655000
2024-05-19 13:33:08.922,10962,311,8,100,False,0,car,0 days 00:29:52.328000,0 days 01:25:28.936000
2024-05-19 13:33:09.082,11004,310,8,100,False,0,car,0 days 00:29:52.488000,0 days 01:25:29.096000
2024-05-19 13:33:09.322,10978,309,8,100,False,0,car,0 days 00:29:52.728000,0 days 01:25:29.336000
2024-05-19 13:33:09.642,10909,308,8,100,False,0,car,0 days 00:29:53.048000,0 days 01:25:29.656000
2024-05-19 13:33:09.802,10933,308,8,100,False,0,car,0 days 00:29:53.208000,0 days 01:25:29.816000
2024-05-19 13:33:10.002,10924,307,8,100,False,0,car,0 days 00:29:53.408000,0 days 01:25:30.016000
2024-05-19 13:33:10.242,10924,307,8,100,False,0,car,0 days 00:29:53.648000,0 days 01:25:30.256000
2024-05-19 13:33:10.442,10855,306,8,100,False,0,car,0 days 00:29:53.848000,0 days 01:25:30.456000
2024-05-19 13:33:10.682,10845,306,8,100,False,0,car,0 days 00:29:54.088000,0 days 01:25:30.696000
2024-05-19 13:33:10.882,10823,305,8,100,False,0,car,0 days 00:29:54.288000,0 days 01:25:30.896000
2024-05-19 13:33:11.122,10736,304,8,100,False,0,car,0 days 00:29:54.528000,0 days 01:25:31.136000
2024-05-19 13:33:11.521,10723,302,8,100,False,0,car,0 days 00:29:54.927000,0 days 01:25:31.535000
2024-05-19 13:33:11.801,10666,301,8,75,False,0,car,0 days 00:29:55.207000,0 days 01:25:31.815000
2024-05-19 13:33:12.081,10487,297,8,0,False,0,car,0 days 00:29:55.487000,0 days 01:25:32.095000
2024-05-19 13:33:12.241,10207,293,8,0,False,0,car,0 days 00:29:55.647000,0 days 01:25:32.255000
2024-05-19 13:33:12.401,9744,278,8,0,True,0,car,0 days 00:29:55.807000,0 days 01:25:32.415000
2024-05-19 13:33:12.721,9481,256,8,0,True,0,car,0 days 00:29:56.127000,0 days 01:25:32.735000
2024-05-19 13:33:13.121,9965,201,8,0,True,0,car,0 days 00:29:56.527000,0 days 01:25:33.135000
2024-05-19 13:33:13.321,10060,185,7,0,True,0,car,0 days 00:29:56.727000,0 days 01:25:33.335000
2024-05-19 13:33:13.561,9805,174,4,0,True,0,car,0 days 00:29:56.967000,0 days 01:25:33.575000
2024-05-19 13:33:13.841,9112,159,4,0,True,0,car,0 days 00:29:57.247000,0 days 01:25:33.855000
2024-05-19 13:33:14.201,9094,149,4,3,False,0,car,0 days 00:29:57.607000,0 days 01:25:34.215000
2024-05-19 13:33:14.481,8953,148,4,26,False,0,car,0 days 00:29:57.887000,0 days 01:25:34.495000
2024-05-19 13:33:14.801,9433,150,4,60,False,0,car,0 days 00:29:58.207000,0 days 01:25:34.815000
2024-05-19 13:33:15.001,9507,154,4,80,False,0,car,0 days 00:29:58.407000,0 days 01:25:35.015000
2024-05-19 13:33:15.201,9980,167,4,99,False,0,car,0 days 00:29:58.607000,0 days 01:25:35.215000
2024-05-19 13:33:15.362,10275,167,4,50,False,0,car,0 days 00:29:58.768000,0 days 01:25:35.376000
2024-05-19 13:33:15.562,10163,168,4,49,False,0,car,0 days 00:29:58.968000,0 days 01:25:35.576000
2024-05-19 13:33:15.882,10494,168,4,77,False,0,car,0 days 00:29:59.288000,0 days 01:25:35.896000
2024-05-19 13:33:16.042,10641,170,4,82,False,0,car,0 days 00:29:59.448000,0 days 01:25:36.056000
2024-05-19 13:33:16.282,11050,177,4,100,False,0,car,0 days 00:29:59.688000,0 days 01:25:36.296000
2024-05-19 13:33:16.682,11664,186,4,100,False,0,car,0 days 00:30:00.088000,0 days 01:25:36.696000
2024-05-19 13:33:17.082,10726,199,4,100,False,0,car,0 days 00:30:00.488000,0 days 01:25:37.096000
2024-05-19 13:33:17.242,10808,205,5,100,False,0,car,0 days 00:30:00.648000,0 days 01:25:37.256000
2024-05-19 13:33:17.442,11142,212,5,100,False,0,car,0 days 00:30:00.848000,0 days 01:25:37.456000
2024-05-19 13:33:17.882,11683,220,5,100,False,0,car,0 days 00:30:01.288000,0 days 01:25:37.896000
2024-05-19 13:33:18.081,11673,223,5,100,False,0,car,0 days 00:30:01.487000,0 days 01:25:38.095000
2024-05-19 13:33:18.321,10833,227,5,100,False,0,car,0 days 00:30:01.727000,0 days 01:25:38.335000
2024-05-19 13:33:18.481,10566,230,5,100,False,0,car,0 days 00:30:01.887000,0 days 01:25:38.495000
2024-05-19 13:33:18.921,10832,239,6,100,False,0,car,0 days 00:30:02.327000,0 days 01:25:38.935000
2024-05-19 13:33:19.081,11011,243,6,100,False,0,car,0 days 00:30:02.487000,0 days 01:25:39.095000
2024-05-19 13:33:19.281,11075,245,6,100,False,0,car,0 days 00:30:02.687000,0 days 01:25:39.295000
2024-05-19 13:33:19.441,11241,248,6,100,False,0,car,0 days 00:30:02.847000,0 days 01:25:39.455000
2024-05-19 13:33:19.601,11302,251,6,100,False,0,car,0 days 00:30:03.007000,0 days 01:25:39.615000
2024-05-19 13:33:19.961,11505,255,6,100,False,0,car,0 days 00:30:03.367000,0 days 01:25:39.975000
2024-05-19 13:33:20.161,11623,259,6,100,False,0,car,0 days 00:30:03.567000,0 days 01:25:40.175000
2024-05-19 13:33:20.481,10591,263,6,100,False,0,car,0 days 00:30:03.887000,0 days 01:25:40.495000
2024-05-19 13:33:20.681,10619,266,7,100,False,0,car,0 days 00:30:04.087000,0 days 01:25:40.695000
2024-05-19 13:33:20.961,10808,270,7,100,False,0,car,0 days 00:30:04.367000,0 days 01:25:40.975000
2024-05-19 13:33:21.321,10944,275,7,100,False,0,car,0 days 00:30:04.727000,0 days 01:25:41.335000
2024-05-19 13:33:21.561,11043,277,7,100,False,0,car,0 days 00:30:04.967000,0 days 01:25:41.575000
2024-05-19 13:33:21.721,11138,280,7,100,False,0,car,0 days 00:30:05.127000,0 days 01:25:41.735000
2024-05-19 13:33:21.881,11102,281,7,100,False,0,car,0 days 00:30:05.287000,0 days 01:25:41.895000
2024-05-19 13:33:22.202,11208,284,7,100,False,0,car,0 days 00:30:05.608000,0 days 01:25:42.216000
2024-05-19 13:33:22.362,11448,285,7,100,False,0,car,0 days 00:30:05.768000,0 days 01:25:42.376000
2024-05-19 13:33:22.602,11277,286,7,100,False,0,car,0 days 00:30:06.008000,0 days 01:25:42.616000
2024-05-19 13:33:23.002,11336,285,7,68,False,0,car,0 days 00:30:06.408000,0 days 01:25:43.016000
2024-05-19 13:33:23.322,10334,272,7,0,True,0,car,0 days 00:30:06.728000,0 days 01:25:43.336000
2024-05-19 13:33:23.602,10840,250,7,0,True,0,car,0 days 00:30:07.008000,0 days 01:25:43.616000
2024-05-19 13:33:23.962,10392,243,6,0,True,0,car,0 days 00:30:07.368000,0 days 01:25:43.976000
2024-05-19 13:33:24.202,9557,222,6,0,True,0,car,0 days 00:30:07.608000,0 days 01:25:44.216000
2024-05-19 13:33:24.442,9171,216,6,0,True,0,car,0 days 00:30:07.848000,0 days 01:25:44.456000
2024-05-19 13:33:24.602,8972,206,6,0,True,0,car,0 days 00:30:08.008000,0 days 01:25:44.616000
2024-05-19 13:33:25.081,8534,178,5,0,True,0,car,0 days 00:30:08.487000,0 days 01:25:45.095000
2024-05-19 13:33:25.521,8225,163,5,1,False,0,car,0 days 00:30:08.927000,0 days 01:25:45.535000
2024-05-19 13:33:25.921,8297,157,5,44,False,0,car,0 days 00:30:09.327000,0 days 01:25:45.935000
2024-05-19 13:33:26.121,8520,159,5,62,False,0,car,0 days 00:30:09.527000,0 days 01:25:46.135000
2024-05-19 13:33:26.281,8575,159,5,71,False,0,car,0 days 00:30:09.687000,0 days 01:25:46.295000
2024-05-19 13:33:26.441,8837,163,5,85,False,0,car,0 days 00:30:09.847000,0 days 01:25:46.455000
2024-05-19 13:33:26.681,9080,170,5,100,False,0,car,0 days 00:30:10.087000,0 days 01:25:46.695000
2024-05-19 13:33:26.921,9357,179,5,100,False,0,car,0 days 00:30:10.327000,0 days 01:25:46.935000
2024-05-19 13:33:27.241,10316,188,5,100,False,0,car,0 days 00:30:10.647000,0 days 01:25:47.255000
2024-05-19 13:33:27.481,10222,192,5,100,False,0,car,0 days 00:30:10.887000,0 days 01:25:47.495000
2024-05-19 13:33:27.721,10610,199,5,100,False,0,car,0 days 00:30:11.127000,0 days 01:25:47.735000
2024-05-19 13:33:28.041,10899,210,5,100,False,0,car,0 days 00:30:11.447000,0 days 01:25:48.055000
2024-05-19 13:33:28.201,11119,214,5,100,False,0,car,0 days 00:30:11.607000,0 days 01:25:48.215000
2024-05-19 13:33:28.401,11119,218,5,100,False,0,car,0 days 00:30:11.807000,0 days 01:25:48.415000
2024-05-19 13:33:28.802,11481,221,5,100,False,0,car,0 days 00:30:12.208000,0 days 01:25:48.816000
2024-05-19 13:33:29.122,11560,226,5,69,False,0,car,0 days 00:30:12.528000,0 days 01:25:49.136000
2024-05-19 13:33:29.402,10991,220,5,0,True,0,car,0 days 00:30:12.808000,0 days 01:25:49.416000
2024-05-19 13:33:29.562,10216,213,5,0,True,0,car,0 days 00:30:12.968000,0 days 01:25:49.576000
2024-05-19 13:33:29.922,10218,183,5,0,True,0,car,0 days 00:30:13.328000,0 days 01:25:49.936000
2024-05-19 13:33:30.122,10638,159,4,0,True,0,car,0 days 00:30:13.528000,0 days 01:25:50.136000
2024-05-19 13:33:30.402,9963,140,3,0,True,0,car,0 days 00:30:13.808000,0 days 01:25:50.416000
2024-05-19 13:33:30.602,9079,130,3,0,True,0,car,0 days 00:30:14.008000,0 days 01:25:50.616000
2024-05-19 13:33:30.802,8599,123,3,0,True,0,car,0 days 00:30:14.208000,0 days 01:25:50.816000
2024-05-19 13:33:31.282,7493,109,3,0,True,0,car,0 days 00:30:14.688000,0 days 01:25:51.296000
2024-05-19 13:33:31.481,7193,105,3,0,True,0,car,0 days 00:30:14.887000,0 days 01:25:51.495000
2024-05-19 13:33:31.641,6966,103,3,0,True,0,car,0 days 00:30:15.047000,0 days 01:25:51.655000
2024-05-19 13:33:31.841,6686,97,3,0,True,0,car,0 days 00:30:15.247000,0 days 01:25:51.855000
2024-05-19 13:33:32.721,6629,88,3,30,False,0,car,0 days 00:30:16.127000,0 days 01:25:52.735000
2024-05-19 13:33:32.881,6643,89,3,32,False,0,car,0 days 00:30:16.287000,0 days 01:25:52.895000
2024-05-19 13:33:33.201,7239,95,3,46,False,0,car,0 days 00:30:16.607000,0 days 01:25:53.215000
2024-05-19 13:33:33.441,7953,99,3,54,False,0,car,0 days 00:30:16.847000,0 days 01:25:53.455000
2024-05-19 13:33:33.841,8733,106,3,75,False,0,car,0 days 00:30:17.247000,0 days 01:25:53.855000
2024-05-19 13:33:34.001,9443,117,3,87,False,0,car,0 days 00:30:17.407000,0 days 01:25:54.015000
2024-05-19 13:33:34.281,10913,126,3,100,False,0,car,0 days 00:30:17.687000,0 days 01:25:54.295000
2024-05-19 13:33:34.481,11655,135,3,100,False,0,car,0 days 00:30:17.887000,0 days 01:25:54.495000
2024-05-19 13:33:34.641,11511,145,3,100,False,0,car,0 days 00:30:18.047000,0 days 01:25:54.655000
2024-05-19 13:33:34.881,11712,153,3,100,False,0,car,0 days 00:30:18.287000,0 days 01:25:54.895000
2024-05-19 13:33:35.322,10287,174,4,100,False,0,car,0 days 00:30:18.728000,0 days 01:25:55.336000
2024-05-19 13:33:35.722,11597,189,4,100,False,0,car,0 days 00:30:19.128000,0 days 01:25:55.736000
2024-05-19 13:33:35.882,11909,192,4,100,False,0,car,0 days 00:30:19.288000,0 days 01:25:55.896000
2024-05-19 13:33:36.082,11909,198,4,100,False,0,car,0 days 00:30:19.488000,0 days 01:25:56.096000
2024-05-19 13:33:36.322,10899,207,4,100,False,0,car,0 days 00:30:19.728000,0 days 01:25:56.336000
2024-05-19 13:33:36.722,11197,218,5,100,False,0,car,0 days 00:30:20.128000,0 days 01:25:56.736000
2024-05-19 13:33:36.882,11445,221,5,100,False,0,car,0 days 00:30:20.288000,0 days 01:25:56.896000
2024-05-19 13:33:37.042,11668,225,5,100,False,0,car,0 days 00:30:20.448000,0 days 01:25:57.056000
2024-05-19 13:33:37.362,11388,232,5,100,False,0,car,0 days 00:30:20.768000,0 days 01:25:57.376000
2024-05-19 13:33:37.602,10777,238,5,100,False,0,car,0 days 00:30:21.008000,0 days 01:25:57.616000
2024-05-19 13:33:37.762,10850,240,6,100,False,0,car,0 days 00:30:21.168000,0 days 01:25:57.776000
2024-05-19 13:33:38.081,11074,245,6,100,False,0,car,0 days 00:30:21.487000,0 days 01:25:58.095000
2024-05-19 13:33:38.361,11231,250,6,100,False,0,car,0 days 00:30:21.767000,0 days 01:25:58.375000
2024-05-19 13:33:38.561,11363,252,6,100,False,0,car,0 days 00:30:21.967000,0 days 01:25:58.575000
2024-05-19 13:33:38.881,11515,257,6,100,False,0,car,0 days 00:30:22.287000,0 days 01:25:58.895000
2024-05-19 13:33:39.201,11092,262,6,100,False,0,car,0 days 00:30:22.607000,0 days 01:25:59.215000
2024-05-19 13:33:39.481,10478,264,6,100,False,0,car,0 days 00:30:22.887000,0 days 01:25:59.495000
2024-05-19 13:33:39.641,10552,265,7,100,False,0,car,0 days 00:30:23.047000,0 days 01:25:59.655000
2024-05-19 13:33:39.921,10607,266,7,100,False,0,car,0 days 00:30:23.327000,0 days 01:25:59.935000
2024-05-19 13:33:40.161,10670,267,7,100,False,0,car,0 days 00:30:23.567000,0 days 01:26:00.175000
2024-05-19 13:33:40.361,10639,268,7,100,False,0,car,0 days 00:30:23.767000,0 days 01:26:00.375000
2024-05-19 13:33:40.681,10674,270,7,100,False,0,car,0 days 00:30:24.087000,0 days 01:26:00.695000
2024-05-19 13:33:41.041,10731,269,7,100,False,0,car,0 days 00:30:24.447000,0 days 01:26:01.055000
2024-05-19 13:33:41.201,10724,270,7,100,False,0,car,0 days 00:30:24.607000,0 days 01:26:01.215000
2024-05-19 13:33:41.521,10705,270,7,100,False,0,car,0 days 00:30:24.927000,0 days 01:26:01.535000
2024-05-19 13:33:41.922,9891,247,7,0,True,0,car,0 days 00:30:25.328000,0 days 01:26:01.936000
2024-05-19 13:33:42.082,10453,240,7,0,True,0,car,0 days 00:30:25.488000,0 days 01:26:02.096000
2024-05-19 13:33:42.322,10917,218,6,0,True,0,car,0 days 00:30:25.728000,0 days 01:26:02.336000
2024-05-19 13:33:42.562,10418,209,5,1,True,0,car,0 days 00:30:25.968000,0 days 01:26:02.576000
2024-05-19 13:33:42.722,10261,205,5,3,False,0,car,0 days 00:30:26.128000,0 days 01:26:02.736000
2024-05-19 13:33:42.922,10059,200,5,5,False,0,car,0 days 00:30:26.328000,0 days 01:26:02.936000
2024-05-19 13:33:43.162,9803,196,5,30,False,0,car,0 days 00:30:26.568000,0 days 01:26:03.176000
2024-05-19 13:33:43.482,10160,192,5,92,False,0,car,0 days 00:30:26.888000,0 days 01:26:03.496000
2024-05-19 13:33:43.722,10335,198,5,100,False,0,car,0 days 00:30:27.128000,0 days 01:26:03.736000
2024-05-19 13:33:43.882,10593,200,5,100,False,0,car,0 days 00:30:27.288000,0 days 01:26:03.896000
2024-05-19 13:33:44.242,11040,210,5,100,False,0,car,0 days 00:30:27.648000,0 days 01:26:04.256000
2024-05-19 13:33:44.482,11236,214,5,100,False,0,car,0 days 00:30:27.888000,0 days 01:26:04.496000
2024-05-19 13:33:44.841,11580,225,5,100,False,0,car,0 days 00:30:28.247000,0 days 01:26:04.855000
2024-05-19 13:33:45.001,11761,229,5,100,False,0,car,0 days 00:30:28.407000,0 days 01:26:05.015000
2024-05-19 13:33:45.281,10619,232,5,100,False,0,car,0 days 00:30:28.687000,0 days 01:26:05.295000
2024-05-19 13:33:45.441,10815,236,5,100,False,0,car,0 days 00:30:28.847000,0 days 01:26:05.455000
2024-05-19 13:33:45.601,10828,238,6,100,False,0,car,0 days 00:30:29.007000,0 days 01:26:05.615000
2024-05-19 13:33:45.841,10974,244,6,100,False,0,car,0 days 00:30:29.247000,0 days 01:26:05.855000
2024-05-19 13:33:46.081,11255,248,6,100,False,0,car,0 days 00:30:29.487000,0 days 01:26:06.095000
2024-05-19 13:33:46.521,11474,256,6,100,False,0,car,0 days 00:30:29.927000,0 days 01:26:06.535000
2024-05-19 13:33:46.721,11529,258,6,100,False,0,car,0 days 00:30:30.127000,0 days 01:26:06.735000
2024-05-19 13:33:47.001,11654,261,6,100,False,0,car,0 days 00:30:30.407000,0 days 01:26:07.015000
2024-05-19 13:33:47.201,10604,263,6,100,False,0,car,0 days 00:30:30.607000,0 days 01:26:07.215000
2024-05-19 13:33:47.401,10509,265,7,100,False,0,car,0 days 00:30:30.807000,0 days 01:26:07.415000
2024-05-19 13:33:47.761,10540,268,7,100,False,0,car,0 days 00:30:31.167000,0 days 01:26:07.775000
2024-05-19 13:33:47.961,10698,268,7,100,False,0,car,0 days 00:30:31.367000,0 days 01:26:07.975000
2024-05-19 13:33:48.201,10570,269,7,19,False,0,car,0 days 00:30:31.607000,0 days 01:26:08.215000
2024-05-19 13:33:48.362,10347,269,7,0,False,0,car,0 days 00:30:31.768000,0 days 01:26:08.376000
2024-05-19 13:33:48.762,9956,259,7,0,False,0,car,0 days 00:30:32.168000,0 days 01:26:08.776000
2024-05-19 13:33:49.042,9884,252,7,3,False,0,car,0 days 00:30:32.448000,0 days 01:26:09.056000
2024-05-19 13:33:49.442,9960,242,7,0,True,0,car,0 days 00:30:32.848000,0 days 01:26:09.456000
2024-05-19 13:33:49.642,10308,216,7,0,True,0,car,0 days 00:30:33.048000,0 days 01:26:09.656000
2024-05-19 13:33:49.802,9855,196,7,0,True,0,car,0 days 00:30:33.208000,0 days 01:26:09.816000
2024-05-19 13:33:50.082,9939,179,5,0,True,0,car,0 days 00:30:33.488000,0 days 01:26:10.096000
2024-05-19 13:33:50.442,9292,152,4,0,True,0,car,0 days 00:30:33.848000,0 days 01:26:10.456000
2024-05-19 13:33:50.682,8180,144,4,0,True,0,car,0 days 00:30:34.088000,0 days 01:26:10.696000
2024-05-19 13:33:50.882,7826,139,4,0,True,0,car,0 days 00:30:34.288000,0 days 01:26:10.896000
2024-05-19 13:33:51.162,7434,129,4,0,True,0,car,0 days 00:30:34.568000,0 days 01:26:11.176000
2024-05-19 13:33:51.482,7393,123,4,21,False,0,car,0 days 00:30:34.888000,0 days 01:26:11.496000
2024-05-19 13:33:51.801,7480,121,4,39,False,0,car,0 days 00:30:35.207000,0 days 01:26:11.815000
2024-05-19 13:33:52.081,7825,124,4,63,False,0,car,0 days 00:30:35.487000,0 days 01:26:12.095000
2024-05-19 13:33:52.241,8156,126,4,78,False,0,car,0 days 00:30:35.647000,0 days 01:26:12.255000
2024-05-19 13:33:52.521,9269,138,4,100,False,0,car,0 days 00:30:35.927000,0 days 01:26:12.535000
2024-05-19 13:33:52.681,10154,142,4,100,False,0,car,0 days 00:30:36.087000,0 days 01:26:12.695000
2024-05-19 13:33:52.841,10014,150,4,100,False,0,car,0 days 00:30:36.247000,0 days 01:26:12.855000
2024-05-19 13:33:53.041,10127,157,4,100,False,0,car,0 days 00:30:36.447000,0 days 01:26:13.055000
2024-05-19 13:33:53.361,10648,167,4,100,False,0,car,0 days 00:30:36.767000,0 days 01:26:13.375000
2024-05-19 13:33:53.601,11121,180,4,100,False,0,car,0 days 00:30:37.007000,0 days 01:26:13.615000
2024-05-19 13:33:53.841,11562,186,4,100,False,0,car,0 days 00:30:37.247000,0 days 01:26:13.855000
2024-05-19 13:33:54.201,11493,198,4,100,False,0,car,0 days 00:30:37.607000,0 days 01:26:14.215000
2024-05-19 13:33:54.401,10635,204,4,100,False,0,car,0 days 00:30:37.807000,0 days 01:26:14.415000
2024-05-19 13:33:54.641,10968,210,5,100,False,0,car,0 days 00:30:38.047000,0 days 01:26:14.655000
2024-05-19 13:33:54.922,11102,218,5,100,False,0,car,0 days 00:30:38.328000,0 days 01:26:14.936000
2024-05-19 13:33:55.122,11438,223,5,100,False,0,car,0 days 00:30:38.528000,0 days 01:26:15.136000
2024-05-19 13:33:55.442,11553,230,5,100,False,0,car,0 days 00:30:38.848000,0 days 01:26:15.456000
2024-05-19 13:33:55.882,10867,237,6,100,False,0,car,0 days 00:30:39.288000,0 days 01:26:15.896000
2024-05-19 13:33:56.042,10991,242,6,100,False,0,car,0 days 00:30:39.448000,0 days 01:26:16.056000
2024-05-19 13:33:56.282,11013,243,6,100,False,0,car,0 days 00:30:39.688000,0 days 01:26:16.296000
2024-05-19 13:33:56.442,11275,249,6,100,False,0,car,0 days 00:30:39.848000,0 days 01:26:16.456000
2024-05-19 13:33:56.922,11462,256,6,100,False,0,car,0 days 00:30:40.328000,0 days 01:26:16.936000
2024-05-19 13:33:57.082,11497,256,6,100,False,0,car,0 days 00:30:40.488000,0 days 01:26:17.096000
2024-05-19 13:33:57.322,11528,258,6,100,False,0,car,0 days 00:30:40.728000,0 days 01:26:17.336000
2024-05-19 13:33:57.762,11579,259,6,100,False,0,car,0 days 00:30:41.168000,0 days 01:26:17.776000
2024-05-19 13:33:57.922,11631,260,6,100,False,0,car,0 days 00:30:41.328000,0 days 01:26:17.936000
2024-05-19 13:33:58.162,11569,260,6,44,False,0,car,0 days 00:30:41.568000,0 days 01:26:18.176000
2024-05-19 13:33:58.401,11453,259,6,0,True,0,car,0 days 00:30:41.807000,0 days 01:26:18.415000
2024-05-19 13:33:58.601,10893,236,6,0,True,0,car,0 days 00:30:42.007000,0 days 01:26:18.615000
2024-05-19 13:33:59.001,9697,195,6,0,True,0,car,0 days 00:30:42.407000,0 days 01:26:19.015000
2024-05-19 13:33:59.321,9939,170,6,0,True,0,car,0 days 00:30:42.727000,0 days 01:26:19.335000
2024-05-19 13:33:59.561,9127,156,4,0,True,0,car,0 days 00:30:42.967000,0 days 01:26:19.575000
2024-05-19 13:33:59.801,8102,139,4,0,True,0,car,0 days 00:30:43.207000,0 days 01:26:19.815000
2024-05-19 13:33:59.961,7506,134,4,0,True,0,car,0 days 00:30:43.367000,0 days 01:26:19.975000
2024-05-19 13:34:00.201,7227,123,4,0,True,0,car,0 days 00:30:43.607000,0 days 01:26:20.215000
2024-05-19 13:34:00.481,6733,118,4,0,True,0,car,0 days 00:30:43.887000,0 days 01:26:20.495000
2024-05-19 13:34:00.881,7600,109,4,0,True,0,car,0 days 00:30:44.287000,0 days 01:26:20.895000
2024-05-19 13:34:01.081,7448,106,3,0,True,0,car,0 days 00:30:44.487000,0 days 01:26:21.095000
2024-05-19 13:34:01.442,7093,99,3,0,False,0,car,0 days 00:30:44.848000,0 days 01:26:21.456000
2024-05-19 13:34:01.762,7347,95,3,16,False,0,car,0 days 00:30:45.168000,0 days 01:26:21.776000
2024-05-19 13:34:02.002,7127,95,3,20,False,0,car,0 days 00:30:45.408000,0 days 01:26:22.016000
2024-05-19 13:34:02.282,7311,97,3,32,False,0,car,0 days 00:30:45.688000,0 days 01:26:22.296000
2024-05-19 13:34:02.482,7731,99,3,46,False,0,car,0 days 00:30:45.888000,0 days 01:26:22.496000
2024-05-19 13:34:02.682,8150,103,3,60,False,0,car,0 days 00:30:46.088000,0 days 01:26:22.696000
2024-05-19 13:34:02.922,8771,113,3,76,False,0,car,0 days 00:30:46.328000,0 days 01:26:22.936000
2024-05-19 13:34:03.202,9825,121,3,90,False,0,car,0 days 00:30:46.608000,0 days 01:26:23.216000
2024-05-19 13:34:03.602,11327,145,3,100,False,0,car,0 days 00:30:47.008000,0 days 01:26:23.616000
2024-05-19 13:34:03.882,10207,154,4,100,False,0,car,0 days 00:30:47.288000,0 days 01:26:23.896000
2024-05-19 13:34:04.202,10695,168,4,100,False,0,car,0 days 00:30:47.608000,0 days 01:26:24.216000
2024-05-19 13:34:04.482,11231,180,4,100,False,0,car,0 days 00:30:47.888000,0 days 01:26:24.496000
2024-05-19 13:34:04.682,10811,188,4,100,False,0,car,0 days 00:30:48.088000,0 days 01:26:24.696000
2024-05-19 13:34:05.001,10428,200,5,100,False,0,car,0 days 00:30:48.407000,0 days 01:26:25.015000
2024-05-19 13:34:05.401,10837,210,5,100,False,0,car,0 days 00:30:48.807000,0 days 01:26:25.415000
2024-05-19 13:34:05.681,11335,215,5,100,False,0,car,0 days 00:30:49.087000,0 days 01:26:25.695000
2024-05-19 13:34:05.841,11335,223,5,100,False,0,car,0 days 00:30:49.247000,0 days 01:26:25.855000
2024-05-19 13:34:06.001,11749,228,5,100,False,0,car,0 days 00:30:49.407000,0 days 01:26:26.015000
2024-05-19 13:34:06.361,10795,234,5,100,False,0,car,0 days 00:30:49.767000,0 days 01:26:26.375000
2024-05-19 13:34:06.601,10866,241,6,100,False,0,car,0 days 00:30:50.007000,0 days 01:26:26.615000
2024-05-19 13:34:07.001,11173,249,6,100,False,0,car,0 days 00:30:50.407000,0 days 01:26:27.015000
2024-05-19 13:34:07.161,11371,251,6,100,False,0,car,0 days 00:30:50.567000,0 days 01:26:27.175000
2024-05-19 13:34:07.441,11498,254,6,100,False,0,car,0 days 00:30:50.847000,0 days 01:26:27.455000
2024-05-19 13:34:07.721,11635,261,6,100,False,0,car,0 days 00:30:51.127000,0 days 01:26:27.735000
2024-05-19 13:34:07.881,11195,262,6,100,False,0,car,0 days 00:30:51.287000,0 days 01:26:27.895000
2024-05-19 13:34:08.322,10698,268,7,100,False,0,car,0 days 00:30:51.728000,0 days 01:26:28.336000
2024-05-19 13:34:08.522,10710,271,7,100,False,0,car,0 days 00:30:51.928000,0 days 01:26:28.536000
2024-05-19 13:34:08.882,10939,275,7,100,False,0,car,0 days 00:30:52.288000,0 days 01:26:28.896000
2024-05-19 13:34:09.322,11089,281,7,100,False,0,car,0 days 00:30:52.728000,0 days 01:26:29.336000
2024-05-19 13:34:09.722,11237,284,7,100,False,0,car,0 days 00:30:53.128000,0 days 01:26:29.736000
2024-05-19 13:34:09.882,11377,286,7,100,False,0,car,0 days 00:30:53.288000,0 days 01:26:29.896000
2024-05-19 13:34:10.162,11427,289,7,100,False,0,car,0 days 00:30:53.568000,0 days 01:26:30.176000
2024-05-19 13:34:10.442,11427,289,7,100,False,0,car,0 days 00:30:53.848000,0 days 01:26:30.456000
2024-05-19 13:34:10.682,11423,290,7,100,False,0,car,0 days 00:30:54.088000,0 days 01:26:30.696000
2024-05-19 13:34:11.042,11318,289,7,100,False,0,car,0 days 00:30:54.448000,0 days 01:26:31.056000
2024-05-19 13:34:11.402,11308,287,7,100,False,0,car,0 days 00:30:54.808000,0 days 01:26:31.416000
2024-05-19 13:34:11.721,11063,283,7,0,False,0,car,0 days 00:30:55.127000,0 days 01:26:31.735000
2024-05-19 13:34:11.881,10643,277,7,0,True,0,car,0 days 00:30:55.287000,0 days 01:26:31.895000
2024-05-19 13:34:12.081,9673,259,7,0,True,0,car,0 days 00:30:55.487000,0 days 01:26:32.095000
2024-05-19 13:34:12.361,10212,225,7,0,True,0,car,0 days 00:30:55.767000,0 days 01:26:32.375000
2024-05-19 13:34:12.641,10763,193,7,0,True,0,car,0 days 00:30:56.047000,0 days 01:26:32.655000
2024-05-19 13:34:12.801,10223,175,7,0,True,0,car,0 days 00:30:56.207000,0 days 01:26:32.815000
2024-05-19 13:34:13.001,9858,159,5,0,True,0,car,0 days 00:30:56.407000,0 days 01:26:33.015000
2024-05-19 13:34:13.161,10278,153,4,0,True,0,car,0 days 00:30:56.567000,0 days 01:26:33.175000
2024-05-19 13:34:13.481,9379,135,3,0,True,0,car,0 days 00:30:56.887000,0 days 01:26:33.495000
2024-05-19 13:34:13.921,8426,120,3,0,True,0,car,0 days 00:30:57.327000,0 days 01:26:33.935000
2024-05-19 13:34:14.121,8238,117,3,0,True,0,car,0 days 00:30:57.527000,0 days 01:26:34.135000
2024-05-19 13:34:14.281,8071,115,3,0,False,0,car,0 days 00:30:57.687000,0 days 01:26:34.295000
2024-05-19 13:34:14.521,8228,113,3,12,False,0,car,0 days 00:30:57.927000,0 days 01:26:34.535000
2024-05-19 13:34:14.922,8430,113,3,41,False,0,car,0 days 00:30:58.328000,0 days 01:26:34.936000
2024-05-19 13:34:15.362,9414,120,3,69,False,0,car,0 days 00:30:58.768000,0 days 01:26:35.376000
2024-05-19 13:34:15.602,9938,128,3,80,False,0,car,0 days 00:30:59.008000,0 days 01:26:35.616000
2024-05-19 13:34:15.922,10960,141,3,93,False,0,car,0 days 00:30:59.328000,0 days 01:26:35.936000
2024-05-19 13:34:16.082,11136,145,3,100,False,0,car,0 days 00:30:59.488000,0 days 01:26:36.096000
2024-05-19 13:34:16.402,9634,160,4,28,False,0,car,0 days 00:30:59.808000,0 days 01:26:36.416000
2024-05-19 13:34:16.762,8879,153,4,0,True,0,car,0 days 00:31:00.168000,0 days 01:26:36.776000
2024-05-19 13:34:17.042,8425,146,4,0,True,0,car,0 days 00:31:00.448000,0 days 01:26:37.056000
2024-05-19 13:34:17.322,8187,141,4,0,True,0,car,0 days 00:31:00.728000,0 days 01:26:37.336000
2024-05-19 13:34:17.562,7931,136,4,0,False,0,car,0 days 00:31:00.968000,0 days 01:26:37.576000
2024-05-19 13:34:17.722,7901,132,4,2,False,0,car,0 days 00:31:01.128000,0 days 01:26:37.736000
2024-05-19 13:34:17.922,7971,129,4,32,False,0,car,0 days 00:31:01.328000,0 days 01:26:37.936000
2024-05-19 13:34:18.122,8208,131,4,52,False,0,car,0 days 00:31:01.528000,0 days 01:26:38.136000
2024-05-19 13:34:18.362,8384,133,4,56,False,0,car,0 days 00:31:01.768000,0 days 01:26:38.376000
2024-05-19 13:34:18.641,8860,138,4,62,False,0,car,0 days 00:31:02.047000,0 days 01:26:38.655000
2024-05-19 13:34:18.881,9371,144,4,78,False,0,car,0 days 00:31:02.287000,0 days 01:26:38.895000
2024-05-19 13:34:19.161,9757,150,4,100,False,0,car,0 days 00:31:02.567000,0 days 01:26:39.175000
2024-05-19 13:34:19.561,11087,171,4,100,False,0,car,0 days 00:31:02.967000,0 days 01:26:39.575000
2024-05-19 13:34:19.721,10986,175,4,100,False,0,car,0 days 00:31:03.127000,0 days 01:26:39.735000
2024-05-19 13:34:19.881,11247,182,4,100,False,0,car,0 days 00:31:03.287000,0 days 01:26:39.895000
2024-05-19 13:34:20.121,11294,193,4,100,False,0,car,0 days 00:31:03.527000,0 days 01:26:40.135000
2024-05-19 13:34:20.401,10601,202,5,100,False,0,car,0 days 00:31:03.807000,0 days 01:26:40.415000
2024-05-19 13:34:20.721,10953,211,5,100,False,0,car,0 days 00:31:04.127000,0 days 01:26:40.735000
2024-05-19 13:34:20.961,11309,217,5,100,False,0,car,0 days 00:31:04.367000,0 days 01:26:40.975000
2024-05-19 13:34:21.162,11580,222,5,100,False,0,car,0 days 00:31:04.568000,0 days 01:26:41.176000
2024-05-19 13:34:21.402,11085,230,5,100,False,0,car,0 days 00:31:04.808000,0 days 01:26:41.416000
2024-05-19 13:34:21.682,10703,234,6,100,False,0,car,0 days 00:31:05.088000,0 days 01:26:41.696000
2024-05-19 13:34:22.082,11048,238,6,100,False,0,car,0 days 00:31:05.488000,0 days 01:26:42.096000
2024-05-19 13:34:22.482,11344,251,6,100,False,0,car,0 days 00:31:05.888000,0 days 01:26:42.496000
2024-05-19 13:34:22.882,11646,257,6,100,False,0,car,0 days 00:31:06.288000,0 days 01:26:42.896000
2024-05-19 13:34:23.042,11637,261,6,100,False,0,car,0 days 00:31:06.448000,0 days 01:26:43.056000
2024-05-19 13:34:23.322,10464,264,6,100,False,0,car,0 days 00:31:06.728000,0 days 01:26:43.336000
2024-05-19 13:34:23.642,10739,268,7,100,False,0,car,0 days 00:31:07.048000,0 days 01:26:43.656000
2024-05-19 13:34:23.882,10834,271,7,100,False,0,car,0 days 00:31:07.288000,0 days 01:26:43.896000
2024-05-19 13:34:24.122,10908,275,7,100,False,0,car,0 days 00:31:07.528000,0 days 01:26:44.136000
2024-05-19 13:34:24.322,10960,276,7,100,False,0,car,0 days 00:31:07.728000,0 days 01:26:44.336000
2024-05-19 13:34:24.642,11117,280,7,100,False,0,car,0 days 00:31:08.048000,0 days 01:26:44.656000
2024-05-19 13:34:24.962,11278,284,7,100,False,0,car,0 days 00:31:08.368000,0 days 01:26:44.976000
2024-05-19 13:34:25.201,11336,287,7,100,False,0,car,0 days 00:31:08.607000,0 days 01:26:45.215000
2024-05-19 13:34:25.441,11434,289,7,100,False,0,car,0 days 00:31:08.847000,0 days 01:26:45.455000
2024-05-19 13:34:25.801,11498,292,7,100,False,0,car,0 days 00:31:09.207000,0 days 01:26:45.815000
2024-05-19 13:34:26.041,11451,293,7,100,False,0,car,0 days 00:31:09.447000,0 days 01:26:46.055000
2024-05-19 13:34:26.201,10423,294,7,100,False,0,car,0 days 00:31:09.607000,0 days 01:26:46.215000
2024-05-19 13:34:26.401,10543,296,8,100,False,0,car,0 days 00:31:09.807000,0 days 01:26:46.415000
2024-05-19 13:34:26.841,10661,299,8,100,False,0,car,0 days 00:31:10.247000,0 days 01:26:46.855000
2024-05-19 13:34:27.161,10706,300,8,100,False,0,car,0 days 00:31:10.567000,0 days 01:26:47.175000
2024-05-19 13:34:27.401,10775,302,8,100,False,0,car,0 days 00:31:10.807000,0 days 01:26:47.415000
2024-05-19 13:34:27.561,10763,303,8,100,False,0,car,0 days 00:31:10.967000,0 days 01:26:47.575000
2024-05-19 13:34:27.922,10836,305,8,100,False,0,car,0 days 00:31:11.328000,0 days 01:26:47.936000
2024-05-19 13:34:28.282,10953,306,8,100,False,0,car,0 days 00:31:11.688000,0 days 01:26:48.296000
2024-05-19 13:34:28.682,10915,308,8,100,False,0,car,0 days 00:31:12.088000,0 days 01:26:48.696000
2024-05-19 13:34:28.922,10924,307,8,100,False,0,car,0 days 00:31:12.328000,0 days 01:26:48.936000
2024-05-19 13:34:29.242,10989,309,8,100,False,0,car,0 days 00:31:12.648000,0 days 01:26:49.256000
2024-05-19 13:34:29.642,11047,310,8,100,False,0,car,0 days 00:31:13.048000,0 days 01:26:49.656000
2024-05-19 13:34:29.922,11021,311,8,100,False,0,car,0 days 00:31:13.328000,0 days 01:26:49.936000
2024-05-19 13:34:30.162,11122,312,8,100,False,0,car,0 days 00:31:13.568000,0 days 01:26:50.176000
2024-05-19 13:34:30.402,11012,312,8,100,False,0,car,0 days 00:31:13.808000,0 days 01:26:50.416000
2024-05-19 13:34:30.762,10909,313,8,100,False,0,car,0 days 00:31:14.168000,0 days 01:26:50.776000
2024-05-19 13:34:31.082,11138,313,8,100,False,0,car,0 days 00:31:14.488000,0 days 01:26:51.096000
2024-05-19 13:34:31.402,11038,311,8,100,False,0,car,0 days 00:31:14.808000,0 days 01:26:51.416000
2024-05-19 13:34:31.722,10979,310,8,100,False,0,car,0 days 00:31:15.128000,0 days 01:26:51.736000
2024-05-19 13:34:32.161,10910,309,8,100,False,0,car,0 days 00:31:15.567000,0 days 01:26:52.175000
2024-05-19 13:34:32.601,10884,307,8,100,False,0,car,0 days 00:31:16.007000,0 days 01:26:52.615000
2024-05-19 13:34:32.961,10921,306,8,100,False,0,car,0 days 00:31:16.367000,0 days 01:26:52.975000
2024-05-19 13:34:33.281,10740,304,8,100,False,0,car,0 days 00:31:16.687000,0 days 01:26:53.295000
2024-05-19 13:34:33.561,10725,302,8,100,False,0,car,0 days 00:31:16.967000,0 days 01:26:53.575000
2024-05-19 13:34:33.761,10685,302,8,50,False,0,car,0 days 00:31:17.167000,0 days 01:26:53.775000
2024-05-19 13:34:34.041,10446,300,8,0,False,0,car,0 days 00:31:17.447000,0 days 01:26:54.055000
2024-05-19 13:34:34.362,9664,284,8,0,True,0,car,0 days 00:31:17.768000,0 days 01:26:54.376000
2024-05-19 13:34:34.522,9411,263,8,0,True,0,car,0 days 00:31:17.928000,0 days 01:26:54.536000
2024-05-19 13:34:34.722,9529,237,8,0,True,0,car,0 days 00:31:18.128000,0 days 01:26:54.736000
2024-05-19 13:34:34.962,9724,215,8,0,True,0,car,0 days 00:31:18.368000,0 days 01:26:54.976000
2024-05-19 13:34:35.282,10478,188,6,0,True,0,car,0 days 00:31:18.688000,0 days 01:26:55.296000
2024-05-19 13:34:35.442,10044,181,5,0,True,0,car,0 days 00:31:18.848000,0 days 01:26:55.456000
2024-05-19 13:34:35.922,8968,152,4,0,True,0,car,0 days 00:31:19.328000,0 days 01:26:55.936000
2024-05-19 13:34:36.122,8803,148,4,0,False,0,car,0 days 00:31:19.528000,0 days 01:26:56.136000
2024-05-19 13:34:36.322,8717,145,4,16,False,0,car,0 days 00:31:19.728000,0 days 01:26:56.336000
2024-05-19 13:34:36.482,8964,144,4,57,False,0,car,0 days 00:31:19.888000,0 days 01:26:56.496000
2024-05-19 13:34:36.762,9221,148,4,67,False,0,car,0 days 00:31:20.168000,0 days 01:26:56.776000
2024-05-19 13:34:37.162,9959,158,4,97,False,0,car,0 days 00:31:20.568000,0 days 01:26:57.176000
2024-05-19 13:34:37.562,10369,167,4,53,False,0,car,0 days 00:31:20.968000,0 days 01:26:57.576000
2024-05-19 13:34:37.802,10369,170,4,53,False,0,car,0 days 00:31:21.208000,0 days 01:26:57.816000
2024-05-19 13:34:38.202,10891,175,4,82,False,0,car,0 days 00:31:21.608000,0 days 01:26:58.216000
2024-05-19 13:34:38.522,11441,183,4,100,False,0,car,0 days 00:31:21.928000,0 days 01:26:58.536000
2024-05-19 13:34:38.761,10029,188,4,100,False,0,car,0 days 00:31:22.167000,0 days 01:26:58.775000
2024-05-19 13:34:39.041,10318,194,5,100,False,0,car,0 days 00:31:22.447000,0 days 01:26:59.055000
2024-05-19 13:34:39.321,10817,207,5,100,False,0,car,0 days 00:31:22.727000,0 days 01:26:59.335000
2024-05-19 13:34:39.601,11164,215,5,100,False,0,car,0 days 00:31:23.007000,0 days 01:26:59.615000
2024-05-19 13:34:39.801,11455,219,5,100,False,0,car,0 days 00:31:23.207000,0 days 01:26:59.815000
2024-05-19 13:34:40.081,11711,224,5,100,False,0,car,0 days 00:31:23.487000,0 days 01:27:00.095000
2024-05-19 13:34:40.401,10496,230,6,100,False,0,car,0 days 00:31:23.807000,0 days 01:27:00.415000
2024-05-19 13:34:40.841,10749,236,6,100,False,0,car,0 days 00:31:24.247000,0 days 01:27:00.855000
2024-05-19 13:34:41.002,10749,239,6,100,False,0,car,0 days 00:31:24.408000,0 days 01:27:01.016000
2024-05-19 13:34:41.282,11098,244,6,100,False,0,car,0 days 00:31:24.688000,0 days 01:27:01.296000
2024-05-19 13:34:41.642,11301,252,6,100,False,0,car,0 days 00:31:25.048000,0 days 01:27:01.656000
2024-05-19 13:34:41.802,11433,255,6,100,False,0,car,0 days 00:31:25.208000,0 days 01:27:01.816000
2024-05-19 13:34:42.082,11628,255,6,100,False,0,car,0 days 00:31:25.488000,0 days 01:27:02.096000
2024-05-19 13:34:42.442,10551,264,6,100,False,0,car,0 days 00:31:25.848000,0 days 01:27:02.456000
2024-05-19 13:34:42.682,10660,265,7,100,False,0,car,0 days 00:31:26.088000,0 days 01:27:02.696000
2024-05-19 13:34:43.002,10845,272,7,100,False,0,car,0 days 00:31:26.408000,0 days 01:27:03.016000
2024-05-19 13:34:43.322,10987,276,7,100,False,0,car,0 days 00:31:26.728000,0 days 01:27:03.336000
2024-05-19 13:34:43.642,11117,279,7,100,False,0,car,0 days 00:31:27.048000,0 days 01:27:03.656000
2024-05-19 13:34:44.002,11174,284,7,100,False,0,car,0 days 00:31:27.408000,0 days 01:27:04.016000
2024-05-19 13:34:44.402,11262,285,7,100,False,0,car,0 days 00:31:27.808000,0 days 01:27:04.416000
2024-05-19 13:34:44.802,10884,284,7,35,False,0,car,0 days 00:31:28.208000,0 days 01:27:04.816000
2024-05-19 13:34:45.042,10717,277,7,0,True,0,car,0 days 00:31:28.448000,0 days 01:27:05.056000
2024-05-19 13:34:45.361,10145,254,7,0,True,0,car,0 days 00:31:28.767000,0 days 01:27:05.375000
2024-05-19 13:34:45.561,10399,241,7,0,True,0,car,0 days 00:31:28.967000,0 days 01:27:05.575000
2024-05-19 13:34:45.721,10040,230,6,0,True,0,car,0 days 00:31:29.127000,0 days 01:27:05.735000
2024-05-19 13:34:46.081,9624,223,6,0,True,0,car,0 days 00:31:29.487000,0 days 01:27:06.095000
2024-05-19 13:34:46.321,9221,215,6,0,True,0,car,0 days 00:31:29.727000,0 days 01:27:06.335000
2024-05-19 13:34:46.641,8828,204,6,0,True,0,car,0 days 00:31:30.047000,0 days 01:27:06.655000
2024-05-19 13:34:46.801,9697,198,6,0,True,0,car,0 days 00:31:30.207000,0 days 01:27:06.815000
2024-05-19 13:34:47.041,8857,185,5,0,True,0,car,0 days 00:31:30.447000,0 days 01:27:07.055000
2024-05-19 13:34:47.361,8323,166,5,0,True,0,car,0 days 00:31:30.767000,0 days 01:27:07.375000
2024-05-19 13:34:47.602,7943,160,5,1,False,0,car,0 days 00:31:31.008000,0 days 01:27:07.616000
2024-05-19 13:34:47.842,8205,155,5,44,False,0,car,0 days 00:31:31.248000,0 days 01:27:07.856000
2024-05-19 13:34:48.042,8345,155,5,54,False,0,car,0 days 00:31:31.448000,0 days 01:27:08.056000
2024-05-19 13:34:48.282,8514,159,5,77,False,0,car,0 days 00:31:31.688000,0 days 01:27:08.296000
2024-05-19 13:34:48.442,8914,163,5,82,False,0,car,0 days 00:31:31.848000,0 days 01:27:08.456000
2024-05-19 13:34:48.642,9054,168,5,87,False,0,car,0 days 00:31:32.048000,0 days 01:27:08.656000
2024-05-19 13:34:48.802,9657,174,5,92,False,0,car,0 days 00:31:32.208000,0 days 01:27:08.816000
2024-05-19 13:34:49.082,9397,176,5,100,False,0,car,0 days 00:31:32.488000,0 days 01:27:09.096000
2024-05-19 13:34:49.322,9852,186,5,100,False,0,car,0 days 00:31:32.728000,0 days 01:27:09.336000
2024-05-19 13:34:49.482,10360,191,5,100,False,0,car,0 days 00:31:32.888000,0 days 01:27:09.496000
2024-05-19 13:34:49.762,10538,199,5,100,False,0,car,0 days 00:31:33.168000,0 days 01:27:09.776000
2024-05-19 13:34:50.122,10912,212,5,100,False,0,car,0 days 00:31:33.528000,0 days 01:27:10.136000
2024-05-19 13:34:50.482,11232,218,5,100,False,0,car,0 days 00:31:33.888000,0 days 01:27:10.496000
2024-05-19 13:34:50.762,11455,223,5,100,False,0,car,0 days 00:31:34.168000,0 days 01:27:10.776000
2024-05-19 13:34:51.002,11574,226,5,100,False,0,car,0 days 00:31:34.408000,0 days 01:27:11.016000
2024-05-19 13:34:51.202,11637,227,5,77,False,0,car,0 days 00:31:34.608000,0 days 01:27:11.216000
2024-05-19 13:34:51.362,11316,227,5,0,True,0,car,0 days 00:31:34.768000,0 days 01:27:11.376000
2024-05-19 13:34:51.642,10597,203,5,0,True,0,car,0 days 00:31:35.048000,0 days 01:27:11.656000
2024-05-19 13:34:52.042,10966,166,4,0,True,0,car,0 days 00:31:35.448000,0 days 01:27:12.056000
2024-05-19 13:34:52.321,10345,159,3,0,True,0,car,0 days 00:31:35.727000,0 days 01:27:12.335000
2024-05-19 13:34:52.521,9408,136,3,0,True,0,car,0 days 00:31:35.927000,0 days 01:27:12.535000
2024-05-19 13:34:52.721,8914,126,3,0,True,0,car,0 days 00:31:36.127000,0 days 01:27:12.735000
2024-05-19 13:34:52.921,8336,120,3,0,True,0,car,0 days 00:31:36.327000,0 days 01:27:12.935000
2024-05-19 13:34:53.161,7680,113,3,0,True,0,car,0 days 00:31:36.567000,0 days 01:27:13.175000
2024-05-19 13:34:53.441,7287,105,3,0,True,0,car,0 days 00:31:36.847000,0 days 01:27:13.455000
2024-05-19 13:34:53.881,6773,97,3,0,False,0,car,0 days 00:31:37.287000,0 days 01:27:13.895000
2024-05-19 13:34:54.242,6455,90,3,7,False,0,car,0 days 00:31:37.648000,0 days 01:27:14.256000
2024-05-19 13:34:54.482,6852,90,3,24,False,0,car,0 days 00:31:37.888000,0 days 01:27:14.496000
2024-05-19 13:34:54.682,6787,92,3,21,False,0,car,0 days 00:31:38.088000,0 days 01:27:14.696000
2024-05-19 13:34:54.882,7000,92,3,30,False,0,car,0 days 00:31:38.288000,0 days 01:27:14.896000
2024-05-19 13:34:55.042,7140,95,3,30,False,0,car,0 days 00:31:38.448000,0 days 01:27:15.056000
2024-05-19 13:34:55.362,7285,98,3,36,False,0,car,0 days 00:31:38.768000,0 days 01:27:15.376000
2024-05-19 13:34:55.522,7633,101,3,42,False,0,car,0 days 00:31:38.928000,0 days 01:27:15.536000
2024-05-19 13:34:55.962,8544,109,3,80,False,0,car,0 days 00:31:39.368000,0 days 01:27:15.976000
2024-05-19 13:34:56.162,9124,118,3,84,False,0,car,0 days 00:31:39.568000,0 days 01:27:16.176000
2024-05-19 13:34:56.522,10705,135,3,100,False,0,car,0 days 00:31:39.928000,0 days 01:27:16.536000
2024-05-19 13:34:56.762,11317,145,3,100,False,0,car,0 days 00:31:40.168000,0 days 01:27:16.776000
2024-05-19 13:34:56.922,11697,153,3,100,False,0,car,0 days 00:31:40.328000,0 days 01:27:16.936000
2024-05-19 13:34:57.082,11348,159,3,100,False,0,car,0 days 00:31:40.488000,0 days 01:27:17.096000
2024-05-19 13:34:57.362,10147,170,4,100,False,0,car,0 days 00:31:40.768000,0 days 01:27:17.376000
2024-05-19 13:34:57.562,11157,178,4,100,False,0,car,0 days 00:31:40.968000,0 days 01:27:17.576000
2024-05-19 13:34:57.922,11484,192,4,100,False,0,car,0 days 00:31:41.328000,0 days 01:27:17.936000
2024-05-19 13:34:58.202,11445,202,4,100,False,0,car,0 days 00:31:41.608000,0 days 01:27:18.216000
2024-05-19 13:34:58.482,10905,204,4,100,False,0,car,0 days 00:31:41.888000,0 days 01:27:18.496000
2024-05-19 13:34:58.682,11150,213,5,100,False,0,car,0 days 00:31:42.088000,0 days 01:27:18.696000
2024-05-19 13:34:58.921,11355,221,5,100,False,0,car,0 days 00:31:42.327000,0 days 01:27:18.935000
2024-05-19 13:34:59.121,11569,226,5,100,False,0,car,0 days 00:31:42.527000,0 days 01:27:19.135000
2024-05-19 13:34:59.401,11854,232,5,100,False,0,car,0 days 00:31:42.807000,0 days 01:27:19.415000
2024-05-19 13:34:59.641,10727,237,5,100,False,0,car,0 days 00:31:43.047000,0 days 01:27:19.655000
2024-05-19 13:34:59.921,10861,240,6,100,False,0,car,0 days 00:31:43.327000,0 days 01:27:19.935000
2024-05-19 13:35:00.281,11166,248,6,100,False,0,car,0 days 00:31:43.687000,0 days 01:27:20.295000
2024-05-19 13:35:00.481,11276,251,6,100,False,0,car,0 days 00:31:43.887000,0 days 01:27:20.495000
2024-05-19 13:35:00.922,11485,257,6,100,False,0,car,0 days 00:31:44.328000,0 days 01:27:20.936000
2024-05-19 13:35:01.122,11627,260,6,100,False,0,car,0 days 00:31:44.528000,0 days 01:27:21.136000
2024-05-19 13:35:01.402,10550,263,6,100,False,0,car,0 days 00:31:44.808000,0 days 01:27:21.416000
2024-05-19 13:35:01.682,10639,264,7,100,False,0,car,0 days 00:31:45.088000,0 days 01:27:21.696000
2024-05-19 13:35:01.882,10575,266,7,100,False,0,car,0 days 00:31:45.288000,0 days 01:27:21.896000
2024-05-19 13:35:02.322,10730,269,7,100,False,0,car,0 days 00:31:45.728000,0 days 01:27:22.336000
2024-05-19 13:35:02.482,10705,269,7,100,False,0,car,0 days 00:31:45.888000,0 days 01:27:22.496000
2024-05-19 13:35:02.882,10767,271,7,100,False,0,car,0 days 00:31:46.288000,0 days 01:27:22.896000
2024-05-19 13:35:03.162,10708,271,7,100,False,0,car,0 days 00:31:46.568000,0 days 01:27:23.176000
2024-05-19 13:35:03.362,10750,271,7,100,False,0,car,0 days 00:31:46.768000,0 days 01:27:23.376000
2024-05-19 13:35:03.602,10397,269,7,2,True,0,car,0 days 00:31:47.008000,0 days 01:27:23.616000
2024-05-19 13:35:03.802,9929,256,7,0,True,0,car,0 days 00:31:47.208000,0 days 01:27:23.816000
2024-05-19 13:35:04.002,10460,249,7,0,True,0,car,0 days 00:31:47.408000,0 days 01:27:24.016000
2024-05-19 13:35:04.322,10633,216,6,0,True,0,car,0 days 00:31:47.728000,0 days 01:27:24.336000
2024-05-19 13:35:04.522,10247,206,5,1,True,0,car,0 days 00:31:47.928000,0 days 01:27:24.536000
2024-05-19 13:35:04.722,10054,201,5,1,True,0,car,0 days 00:31:48.128000,0 days 01:27:24.736000
2024-05-19 13:35:05.122,9938,191,5,64,False,0,car,0 days 00:31:48.528000,0 days 01:27:25.136000
2024-05-19 13:35:05.521,10171,194,5,78,False,0,car,0 days 00:31:48.927000,0 days 01:27:25.535000
2024-05-19 13:35:05.761,10250,197,5,83,False,0,car,0 days 00:31:49.167000,0 days 01:27:25.775000
2024-05-19 13:35:06.001,10577,200,5,99,False,0,car,0 days 00:31:49.407000,0 days 01:27:26.015000
2024-05-19 13:35:06.201,10696,208,5,100,False,0,car,0 days 00:31:49.607000,0 days 01:27:26.215000
2024-05-19 13:35:06.561,11338,215,5,100,False,0,car,0 days 00:31:49.967000,0 days 01:27:26.575000
2024-05-19 13:35:06.801,11491,223,5,100,False,0,car,0 days 00:31:50.207000,0 days 01:27:26.815000
2024-05-19 13:35:07.081,11720,227,5,100,False,0,car,0 days 00:31:50.487000,0 days 01:27:27.095000
2024-05-19 13:35:07.402,10621,235,6,100,False,0,car,0 days 00:31:50.808000,0 days 01:27:27.416000
2024-05-19 13:35:07.682,10943,240,6,100,False,0,car,0 days 00:31:51.088000,0 days 01:27:27.696000
2024-05-19 13:35:07.962,11152,246,6,100,False,0,car,0 days 00:31:51.368000,0 days 01:27:27.976000
2024-05-19 13:35:08.242,11270,251,6,100,False,0,car,0 days 00:31:51.648000,0 days 01:27:28.256000
2024-05-19 13:35:08.522,11828,256,6,100,False,0,car,0 days 00:31:51.928000,0 days 01:27:28.536000
2024-05-19 13:35:08.802,11719,260,6,100,False,0,car,0 days 00:31:52.208000,0 days 01:27:28.816000
2024-05-19 13:35:09.042,11779,264,6,100,False,0,car,0 days 00:31:52.448000,0 days 01:27:29.056000
2024-05-19 13:35:09.322,10580,269,6,100,False,0,car,0 days 00:31:52.728000,0 days 01:27:29.336000
2024-05-19 13:35:09.482,10988,270,7,100,False,0,car,0 days 00:31:52.888000,0 days 01:27:29.496000
2024-05-19 13:35:09.802,10844,273,7,100,False,0,car,0 days 00:31:53.208000,0 days 01:27:29.816000
2024-05-19 13:35:10.122,10856,275,7,100,False,0,car,0 days 00:31:53.528000,0 days 01:27:30.136000
2024-05-19 13:35:10.282,10880,275,7,7,False,0,car,0 days 00:31:53.688000,0 days 01:27:30.296000
2024-05-19 13:35:10.562,10377,270,7,0,False,0,car,0 days 00:31:53.968000,0 days 01:27:30.576000
2024-05-19 13:35:10.962,9945,263,7,0,False,0,car,0 days 00:31:54.368000,0 days 01:27:30.976000
2024-05-19 13:35:11.322,9495,246,7,0,True,0,car,0 days 00:31:54.728000,0 days 01:27:31.336000
2024-05-19 13:35:11.482,9433,239,7,0,True,0,car,0 days 00:31:54.888000,0 days 01:27:31.496000
2024-05-19 13:35:11.682,9987,222,7,0,True,0,car,0 days 00:31:55.088000,0 days 01:27:31.696000
2024-05-19 13:35:11.962,9916,195,6,0,True,0,car,0 days 00:31:55.368000,0 days 01:27:31.976000
2024-05-19 13:35:12.122,10519,178,5,0,True,0,car,0 days 00:31:55.528000,0 days 01:27:32.136000
2024-05-19 13:35:12.281,9660,168,5,0,True,0,car,0 days 00:31:55.687000,0 days 01:27:32.295000
2024-05-19 13:35:12.601,8479,146,4,0,True,0,car,0 days 00:31:56.007000,0 days 01:27:32.615000
2024-05-19 13:35:12.961,7639,133,4,0,True,0,car,0 days 00:31:56.367000,0 days 01:27:32.975000
2024-05-19 13:35:13.361,7249,128,4,0,False,0,car,0 days 00:31:56.767000,0 days 01:27:33.375000
2024-05-19 13:35:13.762,7305,117,4,37,False,0,car,0 days 00:31:57.168000,0 days 01:27:33.776000
2024-05-19 13:35:13.922,7376,119,4,50,False,0,car,0 days 00:31:57.328000,0 days 01:27:33.936000
2024-05-19 13:35:14.122,7631,121,4,64,False,0,car,0 days 00:31:57.528000,0 days 01:27:34.136000
2024-05-19 13:35:14.402,8302,132,4,98,False,0,car,0 days 00:31:57.808000,0 days 01:27:34.416000
2024-05-19 13:35:14.642,8804,139,4,100,False,0,car,0 days 00:31:58.048000,0 days 01:27:34.656000
2024-05-19 13:35:15.002,9821,155,4,100,False,0,car,0 days 00:31:58.408000,0 days 01:27:35.016000
2024-05-19 13:35:15.242,10619,159,4,100,False,0,car,0 days 00:31:58.648000,0 days 01:27:35.256000
2024-05-19 13:35:15.642,11045,172,4,100,False,0,car,0 days 00:31:59.048000,0 days 01:27:35.656000
2024-05-19 13:35:15.882,11458,183,4,100,False,0,car,0 days 00:31:59.288000,0 days 01:27:35.896000
2024-05-19 13:35:16.122,11682,193,4,100,False,0,car,0 days 00:31:59.528000,0 days 01:27:36.136000
2024-05-19 13:35:16.322,10422,199,4,100,False,0,car,0 days 00:31:59.728000,0 days 01:27:36.336000
2024-05-19 13:35:16.522,10597,202,5,100,False,0,car,0 days 00:31:59.928000,0 days 01:27:36.536000
2024-05-19 13:35:16.882,11265,213,5,100,False,0,car,0 days 00:32:00.288000,0 days 01:27:36.896000
2024-05-19 13:35:17.162,11466,221,5,100,False,0,car,0 days 00:32:00.568000,0 days 01:27:37.176000
2024-05-19 13:35:17.482,11674,229,5,100,False,0,car,0 days 00:32:00.888000,0 days 01:27:37.496000
2024-05-19 13:35:17.762,10693,234,6,100,False,0,car,0 days 00:32:01.168000,0 days 01:27:37.776000
2024-05-19 13:35:17.962,10849,238,6,100,False,0,car,0 days 00:32:01.368000,0 days 01:27:37.976000
2024-05-19 13:35:18.322,11041,246,6,100,False,0,car,0 days 00:32:01.728000,0 days 01:27:38.336000
2024-05-19 13:35:18.522,11224,250,6,100,False,0,car,0 days 00:32:01.928000,0 days 01:27:38.536000
2024-05-19 13:35:18.682,11333,252,6,100,False,0,car,0 days 00:32:02.088000,0 days 01:27:38.696000
2024-05-19 13:35:18.882,11333,254,6,100,False,0,car,0 days 00:32:02.288000,0 days 01:27:38.896000
2024-05-19 13:35:19.121,11438,255,6,100,False,0,car,0 days 00:32:02.527000,0 days 01:27:39.135000
2024-05-19 13:35:19.281,11484,257,6,100,False,0,car,0 days 00:32:02.687000,0 days 01:27:39.295000
2024-05-19 13:35:19.481,11455,258,6,100,False,0,car,0 days 00:32:02.887000,0 days 01:27:39.495000
2024-05-19 13:35:19.721,11525,258,6,100,False,0,car,0 days 00:32:03.127000,0 days 01:27:39.735000
2024-05-19 13:35:19.881,11567,260,6,100,False,0,car,0 days 00:32:03.287000,0 days 01:27:39.895000
2024-05-19 13:35:20.121,11513,260,6,100,False,0,car,0 days 00:32:03.527000,0 days 01:27:40.135000
2024-05-19 13:35:20.442,11370,260,6,2,False,0,car,0 days 00:32:03.848000,0 days 01:27:40.456000
2024-05-19 13:35:20.722,9970,230,6,0,True,0,car,0 days 00:32:04.128000,0 days 01:27:40.736000
2024-05-19 13:35:21.122,9807,185,6,0,True,0,car,0 days 00:32:04.528000,0 days 01:27:41.136000
2024-05-19 13:35:21.442,9587,160,5,0,True,0,car,0 days 00:32:04.848000,0 days 01:27:41.456000
2024-05-19 13:35:21.762,8417,142,4,0,True,0,car,0 days 00:32:05.168000,0 days 01:27:41.776000
2024-05-19 13:35:22.162,8283,123,4,0,True,0,car,0 days 00:32:05.568000,0 days 01:27:42.176000
2024-05-19 13:35:22.362,7904,115,3,0,True,0,car,0 days 00:32:05.768000,0 days 01:27:42.376000
2024-05-19 13:35:22.562,7750,111,3,0,True,0,car,0 days 00:32:05.968000,0 days 01:27:42.576000
2024-05-19 13:35:22.962,7246,104,3,0,False,0,car,0 days 00:32:06.368000,0 days 01:27:42.976000
2024-05-19 13:35:23.162,7251,102,3,0,False,0,car,0 days 00:32:06.568000,0 days 01:27:43.176000
2024-05-19 13:35:23.322,7127,100,3,0,True,0,car,0 days 00:32:06.728000,0 days 01:27:43.336000
2024-05-19 13:35:23.722,7114,95,3,9,False,0,car,0 days 00:32:07.128000,0 days 01:27:43.736000
2024-05-19 13:35:23.882,7163,94,3,26,False,0,car,0 days 00:32:07.288000,0 days 01:27:43.896000
2024-05-19 13:35:24.202,7657,98,3,31,False,0,car,0 days 00:32:07.608000,0 days 01:27:44.216000
2024-05-19 13:35:24.402,7534,101,3,39,False,0,car,0 days 00:32:07.808000,0 days 01:27:44.416000
2024-05-19 13:35:24.602,8238,105,3,57,False,0,car,0 days 00:32:08.008000,0 days 01:27:44.616000
2024-05-19 13:35:24.962,9229,114,3,79,False,0,car,0 days 00:32:08.368000,0 days 01:27:44.976000
2024-05-19 13:35:25.162,9748,122,3,81,False,0,car,0 days 00:32:08.568000,0 days 01:27:45.176000
2024-05-19 13:35:25.482,10619,134,3,96,False,0,car,0 days 00:32:08.888000,0 days 01:27:45.496000
2024-05-19 13:35:25.721,11799,149,3,100,False,0,car,0 days 00:32:09.127000,0 days 01:27:45.735000
2024-05-19 13:35:26.041,10475,162,3,100,False,0,car,0 days 00:32:09.447000,0 days 01:27:46.055000
2024-05-19 13:35:26.321,10834,172,4,100,False,0,car,0 days 00:32:09.727000,0 days 01:27:46.335000
2024-05-19 13:35:26.601,11355,187,4,100,False,0,car,0 days 00:32:10.007000,0 days 01:27:46.615000
2024-05-19 13:35:26.962,10588,198,4,100,False,0,car,0 days 00:32:10.368000,0 days 01:27:46.976000
2024-05-19 13:35:27.202,10595,207,5,100,False,0,car,0 days 00:32:10.608000,0 days 01:27:47.216000
2024-05-19 13:35:27.442,11037,214,5,100,False,0,car,0 days 00:32:10.848000,0 days 01:27:47.456000
2024-05-19 13:35:27.682,11037,214,5,100,False,0,car,0 days 00:32:11.088000,0 days 01:27:47.696000
2024-05-19 13:35:28.082,11345,229,5,100,False,0,car,0 days 00:32:11.488000,0 days 01:27:48.096000
2024-05-19 13:35:28.442,10855,239,6,100,False,0,car,0 days 00:32:11.848000,0 days 01:27:48.456000
2024-05-19 13:35:28.682,11022,243,6,100,False,0,car,0 days 00:32:12.088000,0 days 01:27:48.696000
2024-05-19 13:35:28.922,11184,249,6,100,False,0,car,0 days 00:32:12.328000,0 days 01:27:48.936000
2024-05-19 13:35:29.282,11383,254,6,100,False,0,car,0 days 00:32:12.688000,0 days 01:27:49.296000
2024-05-19 13:35:29.522,11585,259,6,100,False,0,car,0 days 00:32:12.928000,0 days 01:27:49.536000
2024-05-19 13:35:29.762,11426,262,6,100,False,0,car,0 days 00:32:13.168000,0 days 01:27:49.776000
2024-05-19 13:35:30.002,10524,266,6,100,False,0,car,0 days 00:32:13.408000,0 days 01:27:50.016000
2024-05-19 13:35:30.242,10781,267,7,100,False,0,car,0 days 00:32:13.648000,0 days 01:27:50.256000
2024-05-19 13:35:30.602,10888,274,7,100,False,0,car,0 days 00:32:14.008000,0 days 01:27:50.616000
2024-05-19 13:35:30.922,10977,277,7,100,False,0,car,0 days 00:32:14.328000,0 days 01:27:50.936000
2024-05-19 13:35:31.162,11122,279,7,100,False,0,car,0 days 00:32:14.568000,0 days 01:27:51.176000
2024-05-19 13:35:31.562,11198,284,7,100,False,0,car,0 days 00:32:14.968000,0 days 01:27:51.576000
2024-05-19 13:35:31.722,11198,286,7,100,False,0,car,0 days 00:32:15.128000,0 days 01:27:51.736000
2024-05-19 13:35:32.002,11356,288,7,100,False,0,car,0 days 00:32:15.408000,0 days 01:27:52.016000
2024-05-19 13:35:32.282,11478,290,7,100,False,0,car,0 days 00:32:15.688000,0 days 01:27:52.296000
2024-05-19 13:35:32.601,11583,294,7,100,False,0,car,0 days 00:32:16.007000,0 days 01:27:52.615000
2024-05-19 13:35:32.841,11653,295,7,100,False,0,car,0 days 00:32:16.247000,0 days 01:27:52.855000
2024-05-19 13:35:33.241,11523,293,7,100,False,0,car,0 days 00:32:16.647000,0 days 01:27:53.255000
2024-05-19 13:35:33.562,11373,292,7,0,False,0,car,0 days 00:32:16.968000,0 days 01:27:53.576000
2024-05-19 13:35:33.722,11120,289,7,0,False,0,car,0 days 00:32:17.128000,0 days 01:27:53.736000
2024-05-19 13:35:34.042,10098,265,7,0,True,0,car,0 days 00:32:17.448000,0 days 01:27:54.056000
2024-05-19 13:35:34.202,9548,254,7,0,True,0,car,0 days 00:32:17.608000,0 days 01:27:54.216000
2024-05-19 13:35:34.442,9915,217,7,0,True,0,car,0 days 00:32:17.848000,0 days 01:27:54.456000
2024-05-19 13:35:34.602,10335,196,7,0,True,0,car,0 days 00:32:18.008000,0 days 01:27:54.616000
2024-05-19 13:35:34.802,10400,175,7,0,True,0,car,0 days 00:32:18.208000,0 days 01:27:54.816000
2024-05-19 13:35:35.282,9894,145,3,0,True,0,car,0 days 00:32:18.688000,0 days 01:27:55.296000
2024-05-19 13:35:35.642,8698,127,3,0,True,0,car,0 days 00:32:19.048000,0 days 01:27:55.656000
2024-05-19 13:35:35.922,8291,118,3,0,True,0,car,0 days 00:32:19.328000,0 days 01:27:55.936000
2024-05-19 13:35:36.282,7890,114,3,0,False,0,car,0 days 00:32:19.688000,0 days 01:27:56.296000
2024-05-19 13:35:36.682,8173,109,3,37,False,0,car,0 days 00:32:20.088000,0 days 01:27:56.696000
2024-05-19 13:35:36.842,8393,111,3,34,False,0,car,0 days 00:32:20.248000,0 days 01:27:56.856000
2024-05-19 13:35:37.002,8589,112,3,48,False,0,car,0 days 00:32:20.408000,0 days 01:27:57.016000
2024-05-19 13:35:37.282,9077,118,3,68,False,0,car,0 days 00:32:20.688000,0 days 01:27:57.296000
2024-05-19 13:35:37.442,9664,124,3,75,False,0,car,0 days 00:32:20.848000,0 days 01:27:57.456000
2024-05-19 13:35:37.602,10386,131,3,86,False,0,car,0 days 00:32:21.008000,0 days 01:27:57.616000
2024-05-19 13:35:37.802,10715,138,3,96,False,0,car,0 days 00:32:21.208000,0 days 01:27:57.816000
2024-05-19 13:35:38.082,10934,148,3,100,False,0,car,0 days 00:32:21.488000,0 days 01:27:58.096000
2024-05-19 13:35:38.402,9636,161,4,5,False,0,car,0 days 00:32:21.808000,0 days 01:27:58.416000
2024-05-19 13:35:38.722,9180,151,4,0,True,0,car,0 days 00:32:22.128000,0 days 01:27:58.736000
2024-05-19 13:35:38.882,8548,148,4,0,True,0,car,0 days 00:32:22.288000,0 days 01:27:58.896000
2024-05-19 13:35:39.082,8294,143,4,0,True,0,car,0 days 00:32:22.488000,0 days 01:27:59.096000
2024-05-19 13:35:39.321,8125,138,4,0,False,0,car,0 days 00:32:22.727000,0 days 01:27:59.335000
2024-05-19 13:35:39.561,7944,135,4,0,False,0,car,0 days 00:32:22.967000,0 days 01:27:59.575000
2024-05-19 13:35:39.841,8043,130,4,36,False,0,car,0 days 00:32:23.247000,0 days 01:27:59.855000
2024-05-19 13:35:40.001,8125,132,4,53,False,0,car,0 days 00:32:23.407000,0 days 01:28:00.015000
2024-05-19 13:35:40.242,8473,135,4,47,False,0,car,0 days 00:32:23.648000,0 days 01:28:00.256000
2024-05-19 13:35:40.442,8639,137,4,50,False,0,car,0 days 00:32:23.848000,0 days 01:28:00.456000
2024-05-19 13:35:40.802,8790,143,4,59,False,0,car,0 days 00:32:24.208000,0 days 01:28:00.816000
2024-05-19 13:35:41.082,9696,149,4,89,False,0,car,0 days 00:32:24.488000,0 days 01:28:01.096000
2024-05-19 13:35:41.242,9708,155,4,100,False,0,car,0 days 00:32:24.648000,0 days 01:28:01.256000
2024-05-19 13:35:41.442,10540,160,4,100,False,0,car,0 days 00:32:24.848000,0 days 01:28:01.456000
2024-05-19 13:35:41.682,10943,173,4,100,False,0,car,0 days 00:32:25.088000,0 days 01:28:01.696000
2024-05-19 13:35:41.922,11356,180,4,100,False,0,car,0 days 00:32:25.328000,0 days 01:28:01.936000
2024-05-19 13:35:42.122,11756,191,4,100,False,0,car,0 days 00:32:25.528000,0 days 01:28:02.136000
2024-05-19 13:35:42.322,11959,199,4,100,False,0,car,0 days 00:32:25.728000,0 days 01:28:02.336000
2024-05-19 13:35:42.562,10702,199,4,100,False,0,car,0 days 00:32:25.968000,0 days 01:28:02.576000
2024-05-19 13:35:42.722,10702,210,5,100,False,0,car,0 days 00:32:26.128000,0 days 01:28:02.736000
2024-05-19 13:35:43.002,11294,218,5,100,False,0,car,0 days 00:32:26.408000,0 days 01:28:03.016000
2024-05-19 13:35:43.362,11657,226,5,100,False,0,car,0 days 00:32:26.768000,0 days 01:28:03.376000
2024-05-19 13:35:43.522,11851,231,5,100,False,0,car,0 days 00:32:26.928000,0 days 01:28:03.536000
2024-05-19 13:35:43.762,12073,233,5,100,False,0,car,0 days 00:32:27.168000,0 days 01:28:03.776000
2024-05-19 13:35:43.922,11515,238,5,1,False,0,car,0 days 00:32:27.328000,0 days 01:28:03.936000
2024-05-19 13:35:44.162,11606,227,5,0,True,0,car,0 days 00:32:27.568000,0 days 01:28:04.176000
2024-05-19 13:35:44.442,10170,205,5,0,True,0,car,0 days 00:32:27.848000,0 days 01:28:04.456000
2024-05-19 13:35:44.882,10143,158,5,0,True,0,car,0 days 00:32:28.288000,0 days 01:28:04.896000
2024-05-19 13:35:45.042,10099,139,4,0,True,0,car,0 days 00:32:28.448000,0 days 01:28:05.056000
2024-05-19 13:35:45.282,10568,125,3,0,True,0,car,0 days 00:32:28.688000,0 days 01:28:05.296000
2024-05-19 13:35:45.442,9931,117,2,0,True,0,car,0 days 00:32:28.848000,0 days 01:28:05.456000
2024-05-19 13:35:45.682,8251,95,2,0,True,0,car,0 days 00:32:29.088000,0 days 01:28:05.696000
2024-05-19 13:35:46.001,7079,76,2,0,True,0,car,0 days 00:32:29.407000,0 days 01:28:06.015000
2024-05-19 13:35:46.241,6768,72,2,16,True,0,car,0 days 00:32:29.647000,0 days 01:28:06.255000
2024-05-19 13:35:46.642,6800,79,2,35,False,0,car,0 days 00:32:30.048000,0 days 01:28:06.656000
2024-05-19 13:35:46.882,6807,79,2,27,False,0,car,0 days 00:32:30.288000,0 days 01:28:06.896000
2024-05-19 13:35:47.202,6841,79,2,23,False,0,car,0 days 00:32:30.608000,0 days 01:28:07.216000
2024-05-19 13:35:47.442,6864,79,2,27,False,0,car,0 days 00:32:30.848000,0 days 01:28:07.456000
2024-05-19 13:35:47.602,6915,80,2,35,False,0,car,0 days 00:32:31.008000,0 days 01:28:07.616000
2024-05-19 13:35:47.842,7041,80,2,38,False,0,car,0 days 00:32:31.248000,0 days 01:28:07.856000
2024-05-19 13:35:48.082,7018,80,2,48,False,0,car,0 days 00:32:31.488000,0 days 01:28:08.096000
2024-05-19 13:35:48.242,7036,80,2,48,False,0,car,0 days 00:32:31.648000,0 days 01:28:08.256000
2024-05-19 13:35:48.562,6985,80,2,42,False,0,car,0 days 00:32:31.968000,0 days 01:28:08.576000
2024-05-19 13:35:48.762,6879,80,2,47,False,0,car,0 days 00:32:32.168000,0 days 01:28:08.776000
2024-05-19 13:35:49.162,6996,79,2,52,False,0,car,0 days 00:32:32.568000,0 days 01:28:09.176000
2024-05-19 13:35:49.322,6927,79,2,55,False,0,car,0 days 00:32:32.728000,0 days 01:28:09.336000
2024-05-19 13:35:49.562,6885,79,2,52,False,0,car,0 days 00:32:32.968000,0 days 01:28:09.576000
2024-05-19 13:35:50.002,6930,79,2,54,False,0,car,0 days 00:32:33.408000,0 days 01:28:10.016000
2024-05-19 13:35:50.322,6983,79,2,54,False,0,car,0 days 00:32:33.728000,0 days 01:28:10.336000
2024-05-19 13:35:50.642,6948,80,2,56,False,0,car,0 days 00:32:34.048000,0 days 01:28:10.656000
2024-05-19 13:35:50.962,6958,80,2,55,False,0,car,0 days 00:32:34.368000,0 days 01:28:10.976000
2024-05-19 13:35:51.202,6975,79,2,35,False,0,car,0 days 00:32:34.608000,0 days 01:28:11.216000
2024-05-19 13:35:51.562,6579,77,2,0,True,0,car,0 days 00:32:34.968000,0 days 01:28:11.576000
2024-05-19 13:35:51.722,6328,75,2,0,True,0,car,0 days 00:32:35.128000,0 days 01:28:11.736000
2024-05-19 13:35:51.962,6671,71,2,0,True,0,car,0 days 00:32:35.368000,0 days 01:28:11.976000
2024-05-19 13:35:52.122,6734,66,2,0,True,0,car,0 days 00:32:35.528000,0 days 01:28:12.136000
2024-05-19 13:35:52.402,6215,59,1,0,True,0,car,0 days 00:32:35.808000,0 days 01:28:12.416000
2024-05-19 13:35:52.562,5973,59,1,0,True,0,car,0 days 00:32:35.968000,0 days 01:28:12.576000
2024-05-19 13:35:52.801,5489,51,1,0,True,0,car,0 days 00:32:36.207000,0 days 01:28:12.815000
2024-05-19 13:35:53.001,4707,48,1,0,True,0,car,0 days 00:32:36.407000,0 days 01:28:13.015000
2024-05-19 13:35:53.201,3724,43,1,0,True,0,car,0 days 00:32:36.607000,0 days 01:28:13.215000
2024-05-19 13:35:53.482,3581,38,1,0,True,0,car,0 days 00:32:36.888000,0 days 01:28:13.496000
2024-05-19 13:35:53.722,3532,32,1,0,True,0,car,0 days 00:32:37.128000,0 days 01:28:13.736000
2024-05-19 13:35:54.042,3453,28,1,0,True,0,car,0 days 00:32:37.448000,0 days 01:28:14.056000
2024-05-19 13:35:54.282,3583,20,1,0,True,0,car,0 days 00:32:37.688000,0 days 01:28:14.296000
2024-05-19 13:35:54.642,3314,11,1,0,True,0,car,0 days 00:32:38.048000,0 days 01:28:14.656000
2024-05-19 13:35:54.802,3465,5,1,0,True,0,car,0 days 00:32:38.208000,0 days 01:28:14.816000
2024-05-19 13:35:55.002,3608,0,1,0,True,0,car,0 days 00:32:38.408000,0 days 01:28:15.016000
2024-05-19 13:35:55.362,3501,0,1,0,True,0,car,0 days 00:32:38.768000,0 days 01:28:15.376000
2024-05-19 13:35:55.562,3529,0,1,0,True,0,car,0 days 00:32:38.968000,0 days 01:28:15.576000
2024-05-19 13:35:55.802,4246,0,1,4,True,0,car,0 days 00:32:39.208000,0 days 01:28:15.816000
2024-05-19 13:35:56.202,7046,0,1,8,True,0,car,0 days 00:32:39.608000,0 days 01:28:16.216000
2024-05-19 13:35:56.402,8446,0,1,13,True,0,car,0 days 00:32:39.808000,0 days 01:28:16.416000
2024-05-19 13:35:56.602,9846,0,1,13,True,0,car,0 days 00:32:40.008000,0 days 01:28:16.616000
2024-05-19 13:35:56.802,10164,0,1,13,True,0,car,0 days 00:32:40.208000,0 days 01:28:16.816000
2024-05-19 13:35:57.282,10109,0,1,13,True,0,car,0 days 00:32:40.688000,0 days 01:28:17.296000
2024-05-19 13:35:57.642,8556,0,1,32,False,0,car,0 days 00:32:41.048000,0 days 01:28:17.656000
2024-05-19 13:35:58.082,5642,14,1,49,False,0,car,0 days 00:32:41.488000,0 days 01:28:18.096000
2024-05-19 13:35:58.482,5998,25,1,61,False,0,car,0 days 00:32:41.888000,0 days 01:28:18.496000
2024-05-19 13:35:58.722,5731,35,1,59,False,0,car,0 days 00:32:42.128000,0 days 01:28:18.736000
2024-05-19 13:35:58.922,5860,41,1,62,False,0,car,0 days 00:32:42.328000,0 days 01:28:18.936000
2024-05-19 13:35:59.082,6408,44,1,65,False,0,car,0 days 00:32:42.488000,0 days 01:28:19.096000
2024-05-19 13:35:59.242,6724,51,1,68,False,0,car,0 days 00:32:42.648000,0 days 01:28:19.256000
2024-05-19 13:35:59.441,8124,58,1,73,False,0,car,0 days 00:32:42.847000,0 days 01:28:19.455000
2024-05-19 13:35:59.721,9596,68,1,69,False,0,car,0 days 00:32:43.127000,0 days 01:28:19.735000
2024-05-19 13:36:00.122,8009,78,1,74,False,0,car,0 days 00:32:43.528000,0 days 01:28:20.136000
2024-05-19 13:36:00.402,8569,79,1,75,False,0,car,0 days 00:32:43.808000,0 days 01:28:20.416000
2024-05-19 13:36:00.562,8654,79,1,57,False,0,car,0 days 00:32:43.968000,0 days 01:28:20.576000
2024-05-19 13:36:00.882,8677,79,1,62,False,0,car,0 days 00:32:44.288000,0 days 01:28:20.896000
2024-05-19 13:36:01.162,8737,79,1,61,False,0,car,0 days 00:32:44.568000,0 days 01:28:21.176000
2024-05-19 13:36:01.402,8791,80,1,64,False,0,car,0 days 00:32:44.808000,0 days 01:28:21.416000
2024-05-19 13:36:01.762,8719,80,1,65,False,0,car,0 days 00:32:45.168000,0 days 01:28:21.776000
2024-05-19 13:36:01.922,8772,80,1,64,False,0,car,0 days 00:32:45.328000,0 days 01:28:21.936000
2024-05-19 13:36:02.202,8352,80,1,64,False,0,car,0 days 00:32:45.608000,0 days 01:28:22.216000
2024-05-19 13:36:02.362,7232,80,1,64,False,0,car,0 days 00:32:45.768000,0 days 01:28:22.376000
2024-05-19 13:36:02.562,7013,80,2,64,False,0,car,0 days 00:32:45.968000,0 days 01:28:22.576000
2024-05-19 13:36:02.802,6925,80,2,64,False,0,car,0 days 00:32:46.208000,0 days 01:28:22.816000
2024-05-19 13:36:03.162,6945,80,2,64,False,0,car,0 days 00:32:46.568000,0 days 01:28:23.176000
2024-05-19 13:36:03.442,7040,79,2,64,False,0,car,0 days 00:32:46.848000,0 days 01:28:23.456000
2024-05-19 13:36:03.682,6836,79,2,63,False,0,car,0 days 00:32:47.088000,0 days 01:28:23.696000
2024-05-19 13:36:03.962,7038,80,2,62,False,0,car,0 days 00:32:47.368000,0 days 01:28:23.976000
2024-05-19 13:36:04.162,6970,80,2,63,False,0,car,0 days 00:32:47.568000,0 days 01:28:24.176000
2024-05-19 13:36:04.442,7072,80,2,63,False,0,car,0 days 00:32:47.848000,0 days 01:28:24.456000
2024-05-19 13:36:04.642,6957,80,2,63,False,0,car,0 days 00:32:48.048000,0 days 01:28:24.656000
2024-05-19 13:36:04.802,6907,80,2,62,False,0,car,0 days 00:32:48.208000,0 days 01:28:24.816000
2024-05-19 13:36:05.002,7009,80,2,62,False,0,car,0 days 00:32:48.408000,0 days 01:28:25.016000
2024-05-19 13:36:05.322,6988,80,2,62,False,0,car,0 days 00:32:48.728000,0 days 01:28:25.336000
2024-05-19 13:36:05.482,6974,80,2,62,False,0,car,0 days 00:32:48.888000,0 days 01:28:25.496000
2024-05-19 13:36:05.682,7016,80,2,62,False,0,car,0 days 00:32:49.088000,0 days 01:28:25.696000
2024-05-19 13:36:06.161,6964,80,2,61,False,0,car,0 days 00:32:49.567000,0 days 01:28:26.175000
2024-05-19 13:36:06.361,6973,80,2,59,False,0,car,0 days 00:32:49.767000,0 days 01:28:26.375000
2024-05-19 13:36:06.642,6965,80,2,60,False,0,car,0 days 00:32:50.048000,0 days 01:28:26.656000
2024-05-19 13:36:06.962,6998,80,2,58,False,0,car,0 days 00:32:50.368000,0 days 01:28:26.976000
2024-05-19 13:36:07.402,7005,80,2,62,False,0,car,0 days 00:32:50.808000,0 days 01:28:27.416000
2024-05-19 13:36:07.602,7019,80,2,61,False,0,car,0 days 00:32:51.008000,0 days 01:28:27.616000
2024-05-19 13:36:08.002,6998,80,2,58,False,0,car,0 days 00:32:51.408000,0 days 01:28:28.016000
2024-05-19 13:36:08.162,6962,80,2,53,False,0,car,0 days 00:32:51.568000,0 days 01:28:28.176000
2024-05-19 13:36:08.402,6947,80,2,55,False,0,car,0 days 00:32:51.808000,0 days 01:28:28.416000
2024-05-19 13:36:08.722,7013,80,2,58,False,0,car,0 days 00:32:52.128000,0 days 01:28:28.736000
2024-05-19 13:36:09.082,6967,80,2,61,False,0,car,0 days 00:32:52.488000,0 days 01:28:29.096000
2024-05-19 13:36:09.482,7037,80,2,59,False,0,car,0 days 00:32:52.888000,0 days 01:28:29.496000
2024-05-19 13:36:09.882,7003,80,2,61,False,0,car,0 days 00:32:53.288000,0 days 01:28:29.896000
2024-05-19 13:36:10.162,7013,80,2,61,False,0,car,0 days 00:32:53.568000,0 days 01:28:30.176000
2024-05-19 13:36:10.362,6925,80,2,63,False,0,car,0 days 00:32:53.768000,0 days 01:28:30.376000
2024-05-19 13:36:10.562,7019,80,2,61,False,0,car,0 days 00:32:53.968000,0 days 01:28:30.576000
2024-05-19 13:36:10.922,6928,80,2,60,False,0,car,0 days 00:32:54.328000,0 days 01:28:30.936000
2024-05-19 13:36:11.122,6947,80,2,60,False,0,car,0 days 00:32:54.528000,0 days 01:28:31.136000
2024-05-19 13:36:11.482,6986,80,2,59,False,0,car,0 days 00:32:54.888000,0 days 01:28:31.496000
2024-05-19 13:36:11.762,6977,80,2,59,False,0,car,0 days 00:32:55.168000,0 days 01:28:31.776000
2024-05-19 13:36:12.202,6906,80,2,59,False,0,car,0 days 00:32:55.608000,0 days 01:28:32.216000
2024-05-19 13:36:12.482,6968,80,2,59,False,0,car,0 days 00:32:55.888000,0 days 01:28:32.496000
2024-05-19 13:36:12.682,6992,80,2,59,False,0,car,0 days 00:32:56.088000,0 days 01:28:32.696000
2024-05-19 13:36:12.881,7121,80,2,58,False,0,car,0 days 00:32:56.287000,0 days 01:28:32.895000
2024-05-19 13:36:13.082,6867,80,2,59,False,0,car,0 days 00:32:56.488000,0 days 01:28:33.096000
2024-05-19 13:36:13.362,7086,80,2,59,False,0,car,0 days 00:32:56.768000,0 days 01:28:33.376000
2024-05-19 13:36:13.522,6855,80,2,59,False,0,car,0 days 00:32:56.928000,0 days 01:28:33.536000
2024-05-19 13:36:13.762,6963,80,2,59,False,0,car,0 days 00:32:57.168000,0 days 01:28:33.776000
2024-05-19 13:36:14.042,6996,80,2,60,False,0,car,0 days 00:32:57.448000,0 days 01:28:34.056000
2024-05-19 13:36:14.282,6924,80,2,59,False,0,car,0 days 00:32:57.688000,0 days 01:28:34.296000
2024-05-19 13:36:14.682,7012,80,2,58,False,0,car,0 days 00:32:58.088000,0 days 01:28:34.696000
2024-05-19 13:36:14.922,6972,80,2,59,False,0,car,0 days 00:32:58.328000,0 days 01:28:34.936000
2024-05-19 13:36:15.162,6953,80,2,58,False,0,car,0 days 00:32:58.568000,0 days 01:28:35.176000
2024-05-19 13:36:15.482,6932,80,2,61,False,0,car,0 days 00:32:58.888000,0 days 01:28:35.496000
2024-05-19 13:36:15.722,6952,80,2,57,False,0,car,0 days 00:32:59.128000,0 days 01:28:35.736000
2024-05-19 13:36:16.082,6881,80,2,55,False,0,car,0 days 00:32:59.488000,0 days 01:28:36.096000
2024-05-19 13:36:16.362,7005,80,2,57,False,0,car,0 days 00:32:59.768000,0 days 01:28:36.376000
2024-05-19 13:36:16.722,6951,80,2,57,False,0,car,0 days 00:33:00.128000,0 days 01:28:36.736000
2024-05-19 13:36:16.922,7588,80,2,52,False,0,car,0 days 00:33:00.328000,0 days 01:28:36.936000
2024-05-19 13:36:17.402,8648,92,2,62,False,0,car,0 days 00:33:00.808000,0 days 01:28:37.416000
2024-05-19 13:36:17.602,10048,92,2,67,False,0,car,0 days 00:33:01.008000,0 days 01:28:37.616000
2024-05-19 13:36:17.842,11223,102,2,79,False,0,car,0 days 00:33:01.248000,0 days 01:28:37.856000
2024-05-19 13:36:18.082,11187,113,2,84,False,0,car,0 days 00:33:01.488000,0 days 01:28:38.096000
2024-05-19 13:36:18.282,10225,120,2,87,False,0,car,0 days 00:33:01.688000,0 days 01:28:38.296000
2024-05-19 13:36:18.522,9773,126,3,84,False,0,car,0 days 00:33:01.928000,0 days 01:28:38.536000
2024-05-19 13:36:18.802,11522,145,3,100,False,0,car,0 days 00:33:02.208000,0 days 01:28:38.816000
2024-05-19 13:36:19.202,11234,159,3,100,False,0,car,0 days 00:33:02.608000,0 days 01:28:39.216000
2024-05-19 13:36:19.362,10394,166,4,100,False,0,car,0 days 00:33:02.768000,0 days 01:28:39.376000
2024-05-19 13:36:19.562,10897,171,4,100,False,0,car,0 days 00:33:02.968000,0 days 01:28:39.576000
2024-05-19 13:36:19.762,11081,183,4,100,False,0,car,0 days 00:33:03.168000,0 days 01:28:39.776000
2024-05-19 13:36:19.962,11698,187,4,100,False,0,car,0 days 00:33:03.368000,0 days 01:28:39.976000
2024-05-19 13:36:20.202,11278,199,4,100,False,0,car,0 days 00:33:03.608000,0 days 01:28:40.216000
2024-05-19 13:36:20.362,10519,203,5,100,False,0,car,0 days 00:33:03.768000,0 days 01:28:40.376000
2024-05-19 13:36:20.562,10850,209,5,100,False,0,car,0 days 00:33:03.968000,0 days 01:28:40.576000
2024-05-19 13:36:20.842,11012,217,5,100,False,0,car,0 days 00:33:04.248000,0 days 01:28:40.856000
2024-05-19 13:36:21.002,11369,222,5,100,False,0,car,0 days 00:33:04.408000,0 days 01:28:41.016000
2024-05-19 13:36:21.162,11595,225,5,100,False,0,car,0 days 00:33:04.568000,0 days 01:28:41.176000
2024-05-19 13:36:21.322,11662,229,5,100,False,0,car,0 days 00:33:04.728000,0 days 01:28:41.336000
2024-05-19 13:36:21.722,10582,237,5,100,False,0,car,0 days 00:33:05.128000,0 days 01:28:41.736000
2024-05-19 13:36:22.002,10894,241,6,100,False,0,car,0 days 00:33:05.408000,0 days 01:28:42.016000
2024-05-19 13:36:22.162,11049,245,6,100,False,0,car,0 days 00:33:05.568000,0 days 01:28:42.176000
2024-05-19 13:36:22.482,11223,251,6,100,False,0,car,0 days 00:33:05.888000,0 days 01:28:42.496000
2024-05-19 13:36:22.642,11223,254,6,100,False,0,car,0 days 00:33:06.048000,0 days 01:28:42.656000
2024-05-19 13:36:22.802,11459,257,6,100,False,0,car,0 days 00:33:06.208000,0 days 01:28:42.816000
2024-05-19 13:36:23.122,11111,260,6,100,False,0,car,0 days 00:33:06.528000,0 days 01:28:43.136000
2024-05-19 13:36:23.482,10585,263,7,100,False,0,car,0 days 00:33:06.888000,0 days 01:28:43.496000
2024-05-19 13:36:23.802,10083,259,7,0,True,0,car,0 days 00:33:07.208000,0 days 01:28:43.816000
2024-05-19 13:36:24.002,9392,243,7,0,True,0,car,0 days 00:33:07.408000,0 days 01:28:44.016000
2024-05-19 13:36:24.362,10451,216,7,0,True,0,car,0 days 00:33:07.768000,0 days 01:28:44.376000
2024-05-19 13:36:24.522,9963,200,7,0,True,0,car,0 days 00:33:07.928000,0 days 01:28:44.536000
2024-05-19 13:36:24.802,10341,179,5,0,True,0,car,0 days 00:33:08.208000,0 days 01:28:44.816000
2024-05-19 13:36:25.202,9238,159,4,0,True,0,car,0 days 00:33:08.608000,0 days 01:28:45.216000
2024-05-19 13:36:25.602,9061,151,4,5,False,0,car,0 days 00:33:09.008000,0 days 01:28:45.616000
2024-05-19 13:36:25.802,8843,147,4,8,False,0,car,0 days 00:33:09.208000,0 days 01:28:45.816000
2024-05-19 13:36:26.082,8821,146,4,36,False,0,car,0 days 00:33:09.488000,0 days 01:28:46.096000
2024-05-19 13:36:26.282,9078,147,4,64,False,0,car,0 days 00:33:09.688000,0 days 01:28:46.296000
2024-05-19 13:36:26.642,9688,156,4,90,False,0,car,0 days 00:33:10.048000,0 days 01:28:46.656000
2024-05-19 13:36:26.962,10079,166,4,58,False,0,car,0 days 00:33:10.368000,0 days 01:28:46.976000
2024-05-19 13:36:27.122,10079,168,4,58,False,0,car,0 days 00:33:10.528000,0 days 01:28:47.136000
2024-05-19 13:36:27.362,10358,168,4,65,False,0,car,0 days 00:33:10.768000,0 days 01:28:47.376000
2024-05-19 13:36:27.882,11263,179,4,100,False,0,car,0 days 00:33:11.288000,0 days 01:28:47.896000
2024-05-19 13:36:28.202,11686,192,4,100,False,0,car,0 days 00:33:11.608000,0 days 01:28:48.216000
2024-05-19 13:36:28.402,11435,198,4,100,False,0,car,0 days 00:33:11.808000,0 days 01:28:48.416000
2024-05-19 13:36:28.642,10618,204,5,100,False,0,car,0 days 00:33:12.048000,0 days 01:28:48.656000
2024-05-19 13:36:29.122,11261,217,5,100,False,0,car,0 days 00:33:12.528000,0 days 01:28:49.136000
2024-05-19 13:36:29.322,11481,221,5,100,False,0,car,0 days 00:33:12.728000,0 days 01:28:49.336000
2024-05-19 13:36:29.682,10746,227,5,100,False,0,car,0 days 00:33:13.088000,0 days 01:28:49.696000
2024-05-19 13:36:29.842,10454,229,5,100,False,0,car,0 days 00:33:13.248000,0 days 01:28:49.856000
2024-05-19 13:36:30.162,10776,236,6,100,False,0,car,0 days 00:33:13.568000,0 days 01:28:50.176000
2024-05-19 13:36:30.442,10899,242,6,100,False,0,car,0 days 00:33:13.848000,0 days 01:28:50.456000
2024-05-19 13:36:30.602,11013,245,6,100,False,0,car,0 days 00:33:14.008000,0 days 01:28:50.616000
2024-05-19 13:36:30.882,11143,249,6,100,False,0,car,0 days 00:33:14.288000,0 days 01:28:50.896000
2024-05-19 13:36:31.282,11412,256,6,100,False,0,car,0 days 00:33:14.688000,0 days 01:28:51.296000
2024-05-19 13:36:31.562,11609,260,6,100,False,0,car,0 days 00:33:14.968000,0 days 01:28:51.576000
2024-05-19 13:36:31.842,10741,264,6,100,False,0,car,0 days 00:33:15.248000,0 days 01:28:51.856000
2024-05-19 13:36:32.202,10712,269,7,100,False,0,car,0 days 00:33:15.608000,0 days 01:28:52.216000
2024-05-19 13:36:32.482,10830,272,7,100,False,0,car,0 days 00:33:15.888000,0 days 01:28:52.496000
2024-05-19 13:36:32.803,10974,276,7,100,False,0,car,0 days 00:33:16.209000,0 days 01:28:52.817000
2024-05-19 13:36:33.202,11059,280,7,100,False,0,car,0 days 00:33:16.608000,0 days 01:28:53.216000
2024-05-19 13:36:33.602,11293,284,7,100,False,0,car,0 days 00:33:17.008000,0 days 01:28:53.616000
2024-05-19 13:36:34.002,11185,284,7,100,False,0,car,0 days 00:33:17.408000,0 days 01:28:54.016000
2024-05-19 13:36:34.242,11139,283,7,100,False,0,car,0 days 00:33:17.648000,0 days 01:28:54.256000
2024-05-19 13:36:34.482,11150,283,7,57,False,0,car,0 days 00:33:17.888000,0 days 01:28:54.496000
2024-05-19 13:36:34.802,10426,269,7,0,True,0,car,0 days 00:33:18.208000,0 days 01:28:54.816000
2024-05-19 13:36:35.042,9767,254,7,0,True,0,car,0 days 00:33:18.448000,0 days 01:28:55.056000
2024-05-19 13:36:35.442,10138,233,6,0,True,0,car,0 days 00:33:18.848000,0 days 01:28:55.456000
2024-05-19 13:36:35.802,9853,222,6,1,False,0,car,0 days 00:33:19.208000,0 days 01:28:55.816000
2024-05-19 13:36:36.282,9770,203,6,0,True,0,car,0 days 00:33:19.688000,0 days 01:28:56.296000
2024-05-19 13:36:36.522,9276,186,5,0,True,0,car,0 days 00:33:19.928000,0 days 01:28:56.536000
2024-05-19 13:36:36.922,8529,174,5,0,True,0,car,0 days 00:33:20.328000,0 days 01:28:56.936000
2024-05-19 13:36:37.242,8386,166,5,8,False,0,car,0 days 00:33:20.648000,0 days 01:28:57.256000
2024-05-19 13:36:37.522,8697,167,5,55,False,0,car,0 days 00:33:20.928000,0 days 01:28:57.536000
2024-05-19 13:36:37.682,8792,168,5,65,False,0,car,0 days 00:33:21.088000,0 days 01:28:57.696000
2024-05-19 13:36:37.842,8948,171,5,78,False,0,car,0 days 00:33:21.248000,0 days 01:28:57.856000
2024-05-19 13:36:38.122,9503,178,5,100,False,0,car,0 days 00:33:21.528000,0 days 01:28:58.136000
2024-05-19 13:36:38.522,10030,189,5,100,False,0,car,0 days 00:33:21.928000,0 days 01:28:58.536000
2024-05-19 13:36:38.842,10560,199,5,100,False,0,car,0 days 00:33:22.248000,0 days 01:28:58.856000
2024-05-19 13:36:39.002,10692,205,5,100,False,0,car,0 days 00:33:22.408000,0 days 01:28:59.016000
2024-05-19 13:36:39.283,10852,211,5,100,False,0,car,0 days 00:33:22.689000,0 days 01:28:59.297000
2024-05-19 13:36:39.483,11331,213,5,100,False,0,car,0 days 00:33:22.889000,0 days 01:28:59.497000
2024-05-19 13:36:39.802,11283,224,5,100,False,0,car,0 days 00:33:23.208000,0 days 01:28:59.816000
2024-05-19 13:36:40.162,11530,227,5,100,False,0,car,0 days 00:33:23.568000,0 days 01:29:00.176000
2024-05-19 13:36:40.602,11690,231,5,0,False,0,car,0 days 00:33:24.008000,0 days 01:29:00.616000
2024-05-19 13:36:40.802,11268,224,5,0,True,0,car,0 days 00:33:24.208000,0 days 01:29:00.816000
2024-05-19 13:36:41.122,10476,189,5,0,True,0,car,0 days 00:33:24.528000,0 days 01:29:01.136000
2024-05-19 13:36:41.402,10424,173,5,0,True,0,car,0 days 00:33:24.808000,0 days 01:29:01.416000
2024-05-19 13:36:41.642,10564,152,4,0,True,0,car,0 days 00:33:25.048000,0 days 01:29:01.656000
2024-05-19 13:36:41.882,9524,139,3,0,True,0,car,0 days 00:33:25.288000,0 days 01:29:01.896000
2024-05-19 13:36:42.162,8987,128,3,0,True,0,car,0 days 00:33:25.568000,0 days 01:29:02.176000
2024-05-19 13:36:42.402,8567,118,3,0,True,0,car,0 days 00:33:25.808000,0 days 01:29:02.416000
2024-05-19 13:36:42.722,7523,109,3,0,True,0,car,0 days 00:33:26.128000,0 days 01:29:02.736000
2024-05-19 13:36:43.082,7194,102,3,0,False,0,car,0 days 00:33:26.488000,0 days 01:29:03.096000
2024-05-19 13:36:43.282,6995,99,3,3,False,0,car,0 days 00:33:26.688000,0 days 01:29:03.296000
2024-05-19 13:36:43.642,7213,96,3,22,False,0,car,0 days 00:33:27.048000,0 days 01:29:03.656000
2024-05-19 13:36:43.842,7436,99,3,35,False,0,car,0 days 00:33:27.248000,0 days 01:29:03.856000
2024-05-19 13:36:44.082,7729,102,3,52,False,0,car,0 days 00:33:27.488000,0 days 01:29:04.096000
2024-05-19 13:36:44.362,8107,108,3,55,False,0,car,0 days 00:33:27.768000,0 days 01:29:04.376000
2024-05-19 13:36:44.722,9047,120,3,74,False,0,car,0 days 00:33:28.128000,0 days 01:29:04.736000
2024-05-19 13:36:44.882,9462,123,3,88,False,0,car,0 days 00:33:28.288000,0 days 01:29:04.896000
2024-05-19 13:36:45.202,10715,141,3,100,False,0,car,0 days 00:33:28.608000,0 days 01:29:05.216000
2024-05-19 13:36:45.402,11338,150,3,100,False,0,car,0 days 00:33:28.808000,0 days 01:29:05.416000
2024-05-19 13:36:45.762,10885,163,3,100,False,0,car,0 days 00:33:29.168000,0 days 01:29:05.776000
2024-05-19 13:36:45.923,10550,172,4,100,False,0,car,0 days 00:33:29.329000,0 days 01:29:05.937000
2024-05-19 13:36:46.123,10867,180,4,100,False,0,car,0 days 00:33:29.529000,0 days 01:29:06.137000
2024-05-19 13:36:46.283,11437,183,4,100,False,0,car,0 days 00:33:29.689000,0 days 01:29:06.297000
2024-05-19 13:36:46.602,11929,193,4,100,False,0,car,0 days 00:33:30.008000,0 days 01:29:06.616000
2024-05-19 13:36:47.002,10860,208,5,100,False,0,car,0 days 00:33:30.408000,0 days 01:29:07.016000
2024-05-19 13:36:47.322,10991,216,5,100,False,0,car,0 days 00:33:30.728000,0 days 01:29:07.336000
2024-05-19 13:36:47.482,11379,219,5,100,False,0,car,0 days 00:33:30.888000,0 days 01:29:07.496000
2024-05-19 13:36:47.762,11617,226,5,100,False,0,car,0 days 00:33:31.168000,0 days 01:29:07.776000
2024-05-19 13:36:48.002,11851,230,5,100,False,0,car,0 days 00:33:31.408000,0 days 01:29:08.016000
2024-05-19 13:36:48.202,11851,236,5,100,False,0,car,0 days 00:33:31.608000,0 days 01:29:08.216000
2024-05-19 13:36:48.482,10854,240,6,100,False,0,car,0 days 00:33:31.888000,0 days 01:29:08.496000
2024-05-19 13:36:48.722,11005,245,6,100,False,0,car,0 days 00:33:32.128000,0 days 01:29:08.736000
2024-05-19 13:36:48.962,11167,247,6,100,False,0,car,0 days 00:33:32.368000,0 days 01:29:08.976000
2024-05-19 13:36:49.242,11264,253,6,100,False,0,car,0 days 00:33:32.648000,0 days 01:29:09.256000
2024-05-19 13:36:49.442,11264,255,6,100,False,0,car,0 days 00:33:32.848000,0 days 01:29:09.456000
2024-05-19 13:36:49.682,11465,257,6,100,False,0,car,0 days 00:33:33.088000,0 days 01:29:09.696000
2024-05-19 13:36:49.922,11465,261,6,100,False,0,car,0 days 00:33:33.328000,0 days 01:29:09.936000
2024-05-19 13:36:50.282,11489,264,6,100,False,0,car,0 days 00:33:33.688000,0 days 01:29:10.296000
2024-05-19 13:36:50.642,10535,266,6,100,False,0,car,0 days 00:33:34.048000,0 days 01:29:10.656000
2024-05-19 13:36:50.842,10636,267,7,100,False,0,car,0 days 00:33:34.248000,0 days 01:29:10.856000
2024-05-19 13:36:51.162,10655,268,7,100,False,0,car,0 days 00:33:34.568000,0 days 01:29:11.176000
2024-05-19 13:36:51.442,10822,269,7,100,False,0,car,0 days 00:33:34.848000,0 days 01:29:11.456000
2024-05-19 13:36:51.602,10732,270,7,100,False,0,car,0 days 00:33:35.008000,0 days 01:29:11.616000
2024-05-19 13:36:51.962,10732,271,7,100,False,0,car,0 days 00:33:35.368000,0 days 01:29:11.976000
2024-05-19 13:36:52.162,10720,270,7,100,False,0,car,0 days 00:33:35.568000,0 days 01:29:12.176000
2024-05-19 13:36:52.322,10524,271,7,30,False,0,car,0 days 00:33:35.728000,0 days 01:29:12.336000
2024-05-19 13:36:53.242,10523,211,6,0,True,0,car,0 days 00:33:36.648000,0 days 01:29:13.256000
2024-05-19 13:36:53.482,10273,205,5,5,True,0,car,0 days 00:33:36.888000,0 days 01:29:13.496000
2024-05-19 13:36:53.642,10124,202,5,9,False,0,car,0 days 00:33:37.048000,0 days 01:29:13.656000
2024-05-19 13:36:53.882,10050,197,5,59,False,0,car,0 days 00:33:37.288000,0 days 01:29:13.896000
2024-05-19 13:36:54.162,10343,197,5,88,False,0,car,0 days 00:33:37.568000,0 days 01:29:14.176000
2024-05-19 13:36:54.482,10782,203,5,100,False,0,car,0 days 00:33:37.888000,0 days 01:29:14.496000
2024-05-19 13:36:54.642,10902,208,5,100,False,0,car,0 days 00:33:38.048000,0 days 01:29:14.656000
2024-05-19 13:36:54.802,11079,210,5,100,False,0,car,0 days 00:33:38.208000,0 days 01:29:14.816000
2024-05-19 13:36:55.002,11162,214,5,100,False,0,car,0 days 00:33:38.408000,0 days 01:29:15.016000
2024-05-19 13:36:55.322,11537,225,5,100,False,0,car,0 days 00:33:38.728000,0 days 01:29:15.336000
2024-05-19 13:36:55.482,11386,225,5,100,False,0,car,0 days 00:33:38.888000,0 days 01:29:15.496000
2024-05-19 13:36:55.922,10704,237,6,100,False,0,car,0 days 00:33:39.328000,0 days 01:29:15.936000
2024-05-19 13:36:56.162,10904,242,6,100,False,0,car,0 days 00:33:39.568000,0 days 01:29:16.176000
2024-05-19 13:36:56.522,11128,248,6,100,False,0,car,0 days 00:33:39.928000,0 days 01:29:16.536000
2024-05-19 13:36:57.002,11423,255,6,100,False,0,car,0 days 00:33:40.408000,0 days 01:29:17.016000
2024-05-19 13:36:57.242,10915,259,6,100,False,0,car,0 days 00:33:40.648000,0 days 01:29:17.256000
2024-05-19 13:36:57.442,10467,262,6,100,False,0,car,0 days 00:33:40.848000,0 days 01:29:17.456000
2024-05-19 13:36:57.802,10605,267,7,100,False,0,car,0 days 00:33:41.208000,0 days 01:29:17.816000
2024-05-19 13:36:57.962,10656,268,7,100,False,0,car,0 days 00:33:41.368000,0 days 01:29:17.976000
2024-05-19 13:36:58.442,10709,271,7,100,False,0,car,0 days 00:33:41.848000,0 days 01:29:18.456000
2024-05-19 13:36:58.682,10841,273,7,100,False,0,car,0 days 00:33:42.088000,0 days 01:29:18.696000
2024-05-19 13:36:59.003,10416,274,7,2,False,0,car,0 days 00:33:42.409000,0 days 01:29:19.017000
2024-05-19 13:36:59.323,10052,264,7,0,True,0,car,0 days 00:33:42.729000,0 days 01:29:19.337000
2024-05-19 13:36:59.643,9835,257,7,0,False,0,car,0 days 00:33:43.049000,0 days 01:29:19.657000
2024-05-19 13:37:00.042,9236,245,7,0,True,0,car,0 days 00:33:43.448000,0 days 01:29:20.056000
2024-05-19 13:37:00.282,9601,235,7,0,True,0,car,0 days 00:33:43.688000,0 days 01:29:20.296000
2024-05-19 13:37:00.482,9601,219,7,0,True,0,car,0 days 00:33:43.888000,0 days 01:29:20.496000
2024-05-19 13:37:00.842,10301,184,5,0,True,0,car,0 days 00:33:44.248000,0 days 01:29:20.856000
2024-05-19 13:37:01.002,10181,169,5,0,True,0,car,0 days 00:33:44.408000,0 days 01:29:21.016000
2024-05-19 13:37:01.482,8276,145,4,0,True,0,car,0 days 00:33:44.888000,0 days 01:29:21.496000
2024-05-19 13:37:01.802,7636,132,4,0,True,0,car,0 days 00:33:45.208000,0 days 01:29:21.816000
2024-05-19 13:37:02.122,7409,124,4,1,False,0,car,0 days 00:33:45.528000,0 days 01:29:22.136000
2024-05-19 13:37:02.442,7830,122,4,39,False,0,car,0 days 00:33:45.848000,0 days 01:29:22.456000
2024-05-19 13:37:02.682,7924,124,4,69,False,0,car,0 days 00:33:46.088000,0 days 01:29:22.696000
2024-05-19 13:37:02.842,8027,126,4,78,False,0,car,0 days 00:33:46.248000,0 days 01:29:22.856000
2024-05-19 13:37:03.162,8854,139,4,100,False,0,car,0 days 00:33:46.568000,0 days 01:29:23.176000
2024-05-19 13:37:03.322,9224,148,4,100,False,0,car,0 days 00:33:46.728000,0 days 01:29:23.336000
2024-05-19 13:37:03.562,9914,152,4,100,False,0,car,0 days 00:33:46.968000,0 days 01:29:23.576000
2024-05-19 13:37:03.722,10063,163,4,100,False,0,car,0 days 00:33:47.128000,0 days 01:29:23.736000
2024-05-19 13:37:03.922,10764,170,4,100,False,0,car,0 days 00:33:47.328000,0 days 01:29:23.936000
2024-05-19 13:37:04.202,11268,181,4,100,False,0,car,0 days 00:33:47.608000,0 days 01:29:24.216000
2024-05-19 13:37:04.442,11268,188,4,100,False,0,car,0 days 00:33:47.848000,0 days 01:29:24.456000
2024-05-19 13:37:04.802,10988,201,4,100,False,0,car,0 days 00:33:48.208000,0 days 01:29:24.816000
2024-05-19 13:37:04.962,10036,204,4,100,False,0,car,0 days 00:33:48.368000,0 days 01:29:24.976000
2024-05-19 13:37:05.162,10864,209,5,100,False,0,car,0 days 00:33:48.568000,0 days 01:29:25.176000
2024-05-19 13:37:05.562,11427,217,5,100,False,0,car,0 days 00:33:48.968000,0 days 01:29:25.576000
2024-05-19 13:37:05.723,11524,225,5,100,False,0,car,0 days 00:33:49.129000,0 days 01:29:25.737000
2024-05-19 13:37:05.883,11732,227,5,100,False,0,car,0 days 00:33:49.289000,0 days 01:29:25.897000
2024-05-19 13:37:06.123,11172,234,5,100,False,0,car,0 days 00:33:49.529000,0 days 01:29:26.137000
2024-05-19 13:37:06.323,10685,236,6,100,False,0,car,0 days 00:33:49.729000,0 days 01:29:26.337000
2024-05-19 13:37:06.562,10930,241,6,100,False,0,car,0 days 00:33:49.968000,0 days 01:29:26.576000
2024-05-19 13:37:06.802,11110,248,6,100,False,0,car,0 days 00:33:50.208000,0 days 01:29:26.816000
2024-05-19 13:37:07.042,11266,251,6,100,False,0,car,0 days 00:33:50.448000,0 days 01:29:27.056000
2024-05-19 13:37:07.202,11191,253,6,100,False,0,car,0 days 00:33:50.608000,0 days 01:29:27.216000
2024-05-19 13:37:07.362,11380,254,6,100,False,0,car,0 days 00:33:50.768000,0 days 01:29:27.376000
2024-05-19 13:37:07.562,11461,255,6,100,False,0,car,0 days 00:33:50.968000,0 days 01:29:27.576000
2024-05-19 13:37:07.762,11461,258,6,100,False,0,car,0 days 00:33:51.168000,0 days 01:29:27.776000
2024-05-19 13:37:08.042,11586,258,6,100,False,0,car,0 days 00:33:51.448000,0 days 01:29:28.056000
2024-05-19 13:37:08.282,11595,260,6,100,False,0,car,0 days 00:33:51.688000,0 days 01:29:28.296000
2024-05-19 13:37:08.522,11410,260,6,100,False,0,car,0 days 00:33:51.928000,0 days 01:29:28.536000
2024-05-19 13:37:08.722,11598,260,6,100,False,0,car,0 days 00:33:52.128000,0 days 01:29:28.736000
2024-05-19 13:37:08.922,11345,258,6,7,True,0,car,0 days 00:33:52.328000,0 days 01:29:28.936000
2024-05-19 13:37:09.082,11065,254,6,0,True,0,car,0 days 00:33:52.488000,0 days 01:29:29.096000
2024-05-19 13:37:09.442,9788,215,6,0,True,0,car,0 days 00:33:52.848000,0 days 01:29:29.456000
2024-05-19 13:37:09.602,9562,194,6,0,True,0,car,0 days 00:33:53.008000,0 days 01:29:29.616000
2024-05-19 13:37:09.922,10128,168,5,0,True,0,car,0 days 00:33:53.328000,0 days 01:29:29.936000
2024-05-19 13:37:10.322,8511,142,4,0,True,0,car,0 days 00:33:53.728000,0 days 01:29:30.336000
2024-05-19 13:37:10.482,7691,137,4,0,True,0,car,0 days 00:33:53.888000,0 days 01:29:30.496000
2024-05-19 13:37:10.842,7178,123,4,0,True,0,car,0 days 00:33:54.248000,0 days 01:29:30.856000
2024-05-19 13:37:11.082,6821,118,4,0,False,0,car,0 days 00:33:54.488000,0 days 01:29:31.096000
2024-05-19 13:37:11.242,6788,115,4,0,False,0,car,0 days 00:33:54.648000,0 days 01:29:31.256000
2024-05-19 13:37:11.482,6788,111,4,0,True,0,car,0 days 00:33:54.888000,0 days 01:29:31.496000
2024-05-19 13:37:11.802,7579,107,3,0,True,0,car,0 days 00:33:55.208000,0 days 01:29:31.816000
2024-05-19 13:37:12.042,7089,101,3,0,False,0,car,0 days 00:33:55.448000,0 days 01:29:32.056000
2024-05-19 13:37:12.323,7335,97,3,16,False,0,car,0 days 00:33:55.729000,0 days 01:29:32.337000
2024-05-19 13:37:12.603,7527,100,3,35,False,0,car,0 days 00:33:56.009000,0 days 01:29:32.617000
2024-05-19 13:37:13.003,8339,109,3,63,False,0,car,0 days 00:33:56.409000,0 days 01:29:33.017000
2024-05-19 13:37:13.362,9163,120,3,88,False,0,car,0 days 00:33:56.768000,0 days 01:29:33.376000
2024-05-19 13:37:13.562,9866,128,3,95,False,0,car,0 days 00:33:56.968000,0 days 01:29:33.576000
2024-05-19 13:37:13.842,11087,144,3,100,False,0,car,0 days 00:33:57.248000,0 days 01:29:33.856000
2024-05-19 13:37:14.242,10899,162,3,100,False,0,car,0 days 00:33:57.648000,0 days 01:29:34.256000
2024-05-19 13:37:14.522,10250,175,4,100,False,0,car,0 days 00:33:57.928000,0 days 01:29:34.536000
2024-05-19 13:37:14.722,11237,184,4,100,False,0,car,0 days 00:33:58.128000,0 days 01:29:34.736000
2024-05-19 13:37:14.962,11562,191,4,100,False,0,car,0 days 00:33:58.368000,0 days 01:29:34.976000
2024-05-19 13:37:15.322,10497,204,4,100,False,0,car,0 days 00:33:58.728000,0 days 01:29:35.336000
2024-05-19 13:37:16.162,11680,227,5,100,False,0,car,0 days 00:33:59.568000,0 days 01:29:36.176000
2024-05-19 13:37:16.482,10738,234,5,100,False,0,car,0 days 00:33:59.888000,0 days 01:29:36.496000
2024-05-19 13:37:16.682,10657,238,6,100,False,0,car,0 days 00:34:00.088000,0 days 01:29:36.696000
2024-05-19 13:37:16.842,10891,242,6,100,False,0,car,0 days 00:34:00.248000,0 days 01:29:36.856000
2024-05-19 13:37:17.002,11035,246,6,100,False,0,car,0 days 00:34:00.408000,0 days 01:29:37.016000
2024-05-19 13:37:17.362,11358,251,6,100,False,0,car,0 days 00:34:00.768000,0 days 01:29:37.376000
2024-05-19 13:37:17.522,11380,255,6,100,False,0,car,0 days 00:34:00.928000,0 days 01:29:37.536000
2024-05-19 13:37:17.682,11580,256,6,100,False,0,car,0 days 00:34:01.088000,0 days 01:29:37.696000
2024-05-19 13:37:18.122,11224,264,6,100,False,0,car,0 days 00:34:01.528000,0 days 01:29:38.136000
2024-05-19 13:37:18.282,10566,265,6,100,False,0,car,0 days 00:34:01.688000,0 days 01:29:38.296000
2024-05-19 13:37:18.442,10566,267,7,100,False,0,car,0 days 00:34:01.848000,0 days 01:29:38.456000
2024-05-19 13:37:18.763,10566,271,7,100,False,0,car,0 days 00:34:02.169000,0 days 01:29:38.777000
2024-05-19 13:37:18.923,10853,273,7,100,False,0,car,0 days 00:34:02.329000,0 days 01:29:38.937000
2024-05-19 13:37:19.203,10932,277,7,100,False,0,car,0 days 00:34:02.609000,0 days 01:29:39.217000
2024-05-19 13:37:19.363,10994,277,7,100,False,0,car,0 days 00:34:02.769000,0 days 01:29:39.377000
2024-05-19 13:37:19.763,11148,282,7,100,False,0,car,0 days 00:34:03.169000,0 days 01:29:39.777000
2024-05-19 13:37:20.042,11266,285,7,100,False,0,car,0 days 00:34:03.448000,0 days 01:29:40.056000
2024-05-19 13:37:20.282,11343,285,7,100,False,0,car,0 days 00:34:03.688000,0 days 01:29:40.296000
2024-05-19 13:37:20.642,11395,288,7,100,False,0,car,0 days 00:34:04.048000,0 days 01:29:40.656000
2024-05-19 13:37:20.802,11395,291,7,100,False,0,car,0 days 00:34:04.208000,0 days 01:29:40.816000
2024-05-19 13:37:21.042,11550,290,7,100,False,0,car,0 days 00:34:04.448000,0 days 01:29:41.056000
2024-05-19 13:37:21.442,11381,289,7,100,False,0,car,0 days 00:34:04.848000,0 days 01:29:41.456000
2024-05-19 13:37:21.602,11348,288,7,100,False,0,car,0 days 00:34:05.008000,0 days 01:29:41.616000
2024-05-19 13:37:21.842,11286,287,7,100,False,0,car,0 days 00:34:05.248000,0 days 01:29:41.856000
2024-05-19 13:37:22.282,10496,276,7,0,True,0,car,0 days 00:34:05.688000,0 days 01:29:42.296000
2024-05-19 13:37:22.482,9789,268,7,0,True,0,car,0 days 00:34:05.888000,0 days 01:29:42.496000
2024-05-19 13:37:22.722,9657,236,7,0,True,0,car,0 days 00:34:06.128000,0 days 01:29:42.736000
2024-05-19 13:37:22.962,10075,204,6,0,True,0,car,0 days 00:34:06.368000,0 days 01:29:42.976000
2024-05-19 13:37:23.122,10635,193,6,0,True,0,car,0 days 00:34:06.528000,0 days 01:29:43.136000
2024-05-19 13:37:23.482,10684,159,4,0,True,0,car,0 days 00:34:06.888000,0 days 01:29:43.496000
2024-05-19 13:37:23.762,9814,141,3,0,True,0,car,0 days 00:34:07.168000,0 days 01:29:43.776000
2024-05-19 13:37:24.042,9052,129,3,0,True,0,car,0 days 00:34:07.448000,0 days 01:29:44.056000
2024-05-19 13:37:24.322,8493,121,3,0,True,0,car,0 days 00:34:07.728000,0 days 01:29:44.336000
2024-05-19 13:37:24.602,8428,117,3,10,False,0,car,0 days 00:34:08.008000,0 days 01:29:44.616000
2024-05-19 13:37:24.762,8389,117,3,13,False,0,car,0 days 00:34:08.168000,0 days 01:29:44.776000
2024-05-19 13:37:25.082,8935,117,3,51,False,0,car,0 days 00:34:08.488000,0 days 01:29:45.096000
2024-05-19 13:37:25.242,8987,120,3,60,False,0,car,0 days 00:34:08.648000,0 days 01:29:45.256000
2024-05-19 13:37:25.403,9393,120,3,69,False,0,car,0 days 00:34:08.809000,0 days 01:29:45.417000
2024-05-19 13:37:25.563,9814,128,3,80,False,0,car,0 days 00:34:08.969000,0 days 01:29:45.577000
2024-05-19 13:37:25.883,10963,139,3,94,False,0,car,0 days 00:34:09.289000,0 days 01:29:45.897000
2024-05-19 13:37:26.043,10611,147,3,94,False,0,car,0 days 00:34:09.449000,0 days 01:29:46.057000
2024-05-19 13:37:26.283,9798,156,4,100,False,0,car,0 days 00:34:09.689000,0 days 01:29:46.297000
2024-05-19 13:37:26.523,10223,168,4,64,False,0,car,0 days 00:34:09.929000,0 days 01:29:46.537000
2024-05-19 13:37:26.683,9943,168,4,0,True,0,car,0 days 00:34:10.089000,0 days 01:29:46.697000
2024-05-19 13:37:26.842,9413,163,4,0,True,0,car,0 days 00:34:10.248000,0 days 01:29:46.856000
2024-05-19 13:37:27.122,9096,154,4,0,True,0,car,0 days 00:34:10.528000,0 days 01:29:47.136000
2024-05-19 13:37:27.362,8753,149,4,1,True,0,car,0 days 00:34:10.768000,0 days 01:29:47.376000
2024-05-19 13:37:27.722,8674,145,4,1,False,0,car,0 days 00:34:11.128000,0 days 01:29:47.736000
2024-05-19 13:37:27.882,8711,141,4,29,False,0,car,0 days 00:34:11.288000,0 days 01:29:47.896000
2024-05-19 13:37:28.122,8711,143,4,29,False,0,car,0 days 00:34:11.528000,0 days 01:29:48.136000
2024-05-19 13:37:28.482,9532,149,4,80,False,0,car,0 days 00:34:11.888000,0 days 01:29:48.496000
2024-05-19 13:37:28.642,9537,151,4,81,False,0,car,0 days 00:34:12.048000,0 days 01:29:48.656000
2024-05-19 13:37:29.002,10711,170,4,100,False,0,car,0 days 00:34:12.408000,0 days 01:29:49.016000
2024-05-19 13:37:29.162,10872,174,4,100,False,0,car,0 days 00:34:12.568000,0 days 01:29:49.176000
2024-05-19 13:37:29.322,11373,181,4,100,False,0,car,0 days 00:34:12.728000,0 days 01:29:49.336000
2024-05-19 13:37:29.562,11693,189,4,100,False,0,car,0 days 00:34:12.968000,0 days 01:29:49.576000
2024-05-19 13:37:29.762,10853,195,4,100,False,0,car,0 days 00:34:13.168000,0 days 01:29:49.776000
2024-05-19 13:37:29.962,10592,198,5,100,False,0,car,0 days 00:34:13.368000,0 days 01:29:49.976000
2024-05-19 13:37:30.202,10925,211,5,100,False,0,car,0 days 00:34:13.608000,0 days 01:29:50.216000
2024-05-19 13:37:30.602,11326,222,5,100,False,0,car,0 days 00:34:14.008000,0 days 01:29:50.616000
2024-05-19 13:37:30.762,11555,224,5,100,False,0,car,0 days 00:34:14.168000,0 days 01:29:50.776000
2024-05-19 13:37:30.962,11805,226,5,100,False,0,car,0 days 00:34:14.368000,0 days 01:29:50.976000
2024-05-19 13:37:31.162,11267,233,5,100,False,0,car,0 days 00:34:14.568000,0 days 01:29:51.176000
2024-05-19 13:37:31.322,10664,238,5,100,False,0,car,0 days 00:34:14.728000,0 days 01:29:51.336000
2024-05-19 13:37:31.562,10931,242,6,100,False,0,car,0 days 00:34:14.968000,0 days 01:29:51.576000
2024-05-19 13:37:31.842,11115,246,6,100,False,0,car,0 days 00:34:15.248000,0 days 01:29:51.856000
2024-05-19 13:37:32.043,11223,251,6,100,False,0,car,0 days 00:34:15.449000,0 days 01:29:52.057000
2024-05-19 13:37:32.203,11441,253,6,100,False,0,car,0 days 00:34:15.609000,0 days 01:29:52.217000
2024-05-19 13:37:32.363,11594,256,6,100,False,0,car,0 days 00:34:15.769000,0 days 01:29:52.377000
2024-05-19 13:37:32.683,11713,261,6,100,False,0,car,0 days 00:34:16.089000,0 days 01:29:52.697000
2024-05-19 13:37:33.003,10678,266,7,100,False,0,car,0 days 00:34:16.409000,0 days 01:29:53.017000
2024-05-19 13:37:33.243,10637,269,7,100,False,0,car,0 days 00:34:16.649000,0 days 01:29:53.257000
2024-05-19 13:37:33.403,10845,272,7,100,False,0,car,0 days 00:34:16.809000,0 days 01:29:53.417000
2024-05-19 13:37:33.602,10865,274,7,100,False,0,car,0 days 00:34:17.008000,0 days 01:29:53.616000
2024-05-19 13:37:33.962,11137,276,7,100,False,0,car,0 days 00:34:17.368000,0 days 01:29:53.976000
2024-05-19 13:37:34.162,11127,280,7,100,False,0,car,0 days 00:34:17.568000,0 days 01:29:54.176000
2024-05-19 13:37:34.322,11193,282,7,100,False,0,car,0 days 00:34:17.728000,0 days 01:29:54.336000
2024-05-19 13:37:34.522,11260,284,7,100,False,0,car,0 days 00:34:17.928000,0 days 01:29:54.536000
2024-05-19 13:37:34.762,11361,285,7,100,False,0,car,0 days 00:34:18.168000,0 days 01:29:54.776000
2024-05-19 13:37:34.962,11422,288,7,100,False,0,car,0 days 00:34:18.368000,0 days 01:29:54.976000
2024-05-19 13:37:35.242,11440,290,7,100,False,0,car,0 days 00:34:18.648000,0 days 01:29:55.256000
2024-05-19 13:37:35.522,11525,292,7,100,False,0,car,0 days 00:34:18.928000,0 days 01:29:55.536000
2024-05-19 13:37:35.682,11586,292,7,100,False,0,car,0 days 00:34:19.088000,0 days 01:29:55.696000
2024-05-19 13:37:35.962,11641,294,7,100,False,0,car,0 days 00:34:19.368000,0 days 01:29:55.976000
2024-05-19 13:37:36.242,10560,296,8,100,False,0,car,0 days 00:34:19.648000,0 days 01:29:56.256000
2024-05-19 13:37:36.402,10549,297,8,100,False,0,car,0 days 00:34:19.808000,0 days 01:29:56.416000
2024-05-19 13:37:36.722,10648,300,8,100,False,0,car,0 days 00:34:20.128000,0 days 01:29:56.736000
2024-05-19 13:37:37.082,10752,301,8,100,False,0,car,0 days 00:34:20.488000,0 days 01:29:57.096000
2024-05-19 13:37:37.282,10755,302,8,100,False,0,car,0 days 00:34:20.688000,0 days 01:29:57.296000
2024-05-19 13:37:37.562,10816,303,8,100,False,0,car,0 days 00:34:20.968000,0 days 01:29:57.576000
2024-05-19 13:37:37.722,10830,305,8,100,False,0,car,0 days 00:34:21.128000,0 days 01:29:57.736000
2024-05-19 13:37:37.922,10820,305,8,100,False,0,car,0 days 00:34:21.328000,0 days 01:29:57.936000
2024-05-19 13:37:38.122,10882,307,8,100,False,0,car,0 days 00:34:21.528000,0 days 01:29:58.136000
2024-05-19 13:37:38.523,10905,307,8,100,False,0,car,0 days 00:34:21.929000,0 days 01:29:58.537000
2024-05-19 13:37:38.683,10917,308,8,100,False,0,car,0 days 00:34:22.089000,0 days 01:29:58.697000
2024-05-19 13:37:39.043,10993,309,8,100,False,0,car,0 days 00:34:22.449000,0 days 01:29:59.057000
2024-05-19 13:37:39.283,10993,309,8,100,False,0,car,0 days 00:34:22.689000,0 days 01:29:59.297000
2024-05-19 13:37:39.483,11027,309,8,100,False,0,car,0 days 00:34:22.889000,0 days 01:29:59.497000
2024-05-19 13:37:39.683,11010,311,8,100,False,0,car,0 days 00:34:23.089000,0 days 01:29:59.697000
2024-05-19 13:37:39.923,11012,311,8,100,False,0,car,0 days 00:34:23.329000,0 days 01:29:59.937000
2024-05-19 13:37:40.322,11003,311,8,100,False,0,car,0 days 00:34:23.728000,0 days 01:30:00.336000
2024-05-19 13:37:40.562,11021,311,8,100,False,0,car,0 days 00:34:23.968000,0 days 01:30:00.576000
2024-05-19 13:37:40.762,11009,310,8,100,False,0,car,0 days 00:34:24.168000,0 days 01:30:00.776000
2024-05-19 13:37:40.962,10921,309,8,100,False,0,car,0 days 00:34:24.368000,0 days 01:30:00.976000
2024-05-19 13:37:41.162,10893,309,8,100,False,0,car,0 days 00:34:24.568000,0 days 01:30:01.176000
2024-05-19 13:37:41.482,10880,307,8,100,False,0,car,0 days 00:34:24.888000,0 days 01:30:01.496000
2024-05-19 13:37:41.722,10905,307,8,100,False,0,car,0 days 00:34:25.128000,0 days 01:30:01.736000
2024-05-19 13:37:41.962,10874,306,8,100,False,0,car,0 days 00:34:25.368000,0 days 01:30:01.976000
2024-05-19 13:37:42.122,10833,306,8,100,False,0,car,0 days 00:34:25.528000,0 days 01:30:02.136000
2024-05-19 13:37:42.282,10832,305,8,100,False,0,car,0 days 00:34:25.688000,0 days 01:30:02.296000
2024-05-19 13:37:42.642,10818,305,8,100,False,0,car,0 days 00:34:26.048000,0 days 01:30:02.656000
2024-05-19 13:37:42.802,10662,305,8,100,False,0,car,0 days 00:34:26.208000,0 days 01:30:02.816000
2024-05-19 13:37:43.042,10781,304,8,100,False,0,car,0 days 00:34:26.448000,0 days 01:30:03.056000
2024-05-19 13:37:43.442,10718,302,8,100,False,0,car,0 days 00:34:26.848000,0 days 01:30:03.456000
2024-05-19 13:37:44.242,9599,278,8,0,True,0,car,0 days 00:34:27.648000,0 days 01:30:04.256000
2024-05-19 13:37:44.442,9941,258,8,0,True,0,car,0 days 00:34:27.848000,0 days 01:30:04.456000
2024-05-19 13:37:44.722,9664,223,8,0,True,0,car,0 days 00:34:28.128000,0 days 01:30:04.736000
2024-05-19 13:37:45.043,9799,194,8,0,True,0,car,0 days 00:34:28.449000,0 days 01:30:05.057000
2024-05-19 13:37:45.283,10291,181,5,0,True,0,car,0 days 00:34:28.689000,0 days 01:30:05.297000
2024-05-19 13:37:45.523,9569,163,4,0,True,0,car,0 days 00:34:28.929000,0 days 01:30:05.537000
2024-05-19 13:37:45.763,9228,158,4,0,True,0,car,0 days 00:34:29.169000,0 days 01:30:05.777000
2024-05-19 13:37:45.963,9160,156,4,3,False,0,car,0 days 00:34:29.369000,0 days 01:30:05.977000
2024-05-19 13:37:46.323,9302,150,4,58,False,0,car,0 days 00:34:29.729000,0 days 01:30:06.337000
2024-05-19 13:37:46.483,9593,153,4,63,False,0,car,0 days 00:34:29.889000,0 days 01:30:06.497000
2024-05-19 13:37:46.683,9894,157,4,79,False,0,car,0 days 00:34:30.089000,0 days 01:30:06.697000
2024-05-19 13:37:47.002,10481,172,4,76,False,0,car,0 days 00:34:30.408000,0 days 01:30:07.016000
2024-05-19 13:37:47.202,10607,174,4,64,False,0,car,0 days 00:34:30.608000,0 days 01:30:07.216000
2024-05-19 13:37:47.362,10791,174,4,52,False,0,car,0 days 00:34:30.768000,0 days 01:30:07.376000
2024-05-19 13:37:47.682,10965,176,4,80,False,0,car,0 days 00:34:31.088000,0 days 01:30:07.696000
2024-05-19 13:37:47.962,11306,179,4,98,False,0,car,0 days 00:34:31.368000,0 days 01:30:07.976000
2024-05-19 13:37:48.122,11149,188,4,100,False,0,car,0 days 00:34:31.528000,0 days 01:30:08.136000
2024-05-19 13:37:48.442,10191,196,5,100,False,0,car,0 days 00:34:31.848000,0 days 01:30:08.456000
2024-05-19 13:37:48.602,10191,202,5,100,False,0,car,0 days 00:34:32.008000,0 days 01:30:08.616000
2024-05-19 13:37:48.962,11109,212,5,100,False,0,car,0 days 00:34:32.368000,0 days 01:30:08.976000
2024-05-19 13:37:49.122,11273,217,5,100,False,0,car,0 days 00:34:32.528000,0 days 01:30:09.136000
2024-05-19 13:37:49.442,11535,223,5,100,False,0,car,0 days 00:34:32.848000,0 days 01:30:09.456000
2024-05-19 13:37:49.602,11622,227,5,100,False,0,car,0 days 00:34:33.008000,0 days 01:30:09.616000
2024-05-19 13:37:49.922,10562,232,6,100,False,0,car,0 days 00:34:33.328000,0 days 01:30:09.936000
2024-05-19 13:37:50.162,10787,234,6,100,False,0,car,0 days 00:34:33.568000,0 days 01:30:10.176000
2024-05-19 13:37:50.322,10787,237,6,100,False,0,car,0 days 00:34:33.728000,0 days 01:30:10.336000
2024-05-19 13:37:50.642,11012,244,6,100,False,0,car,0 days 00:34:34.048000,0 days 01:30:10.656000
2024-05-19 13:37:50.962,11297,250,6,100,False,0,car,0 days 00:34:34.368000,0 days 01:30:10.976000
2024-05-19 13:37:51.202,11397,254,6,100,False,0,car,0 days 00:34:34.608000,0 days 01:30:11.216000
2024-05-19 13:37:51.442,11534,258,6,100,False,0,car,0 days 00:34:34.848000,0 days 01:30:11.456000
2024-05-19 13:37:51.843,11142,264,6,100,False,0,car,0 days 00:34:35.249000,0 days 01:30:11.857000
2024-05-19 13:37:52.123,10660,268,7,100,False,0,car,0 days 00:34:35.529000,0 days 01:30:12.137000
2024-05-19 13:37:52.323,10768,270,7,100,False,0,car,0 days 00:34:35.729000,0 days 01:30:12.337000
2024-05-19 13:37:52.603,10941,274,7,100,False,0,car,0 days 00:34:36.009000,0 days 01:30:12.617000
2024-05-19 13:37:52.843,10985,276,7,100,False,0,car,0 days 00:34:36.249000,0 days 01:30:12.857000
2024-05-19 13:37:53.083,11106,278,7,100,False,0,car,0 days 00:34:36.489000,0 days 01:30:13.097000
2024-05-19 13:37:53.243,11141,281,7,100,False,0,car,0 days 00:34:36.649000,0 days 01:30:13.257000
2024-05-19 13:37:53.563,11194,283,7,100,False,0,car,0 days 00:34:36.969000,0 days 01:30:13.577000
2024-05-19 13:37:53.922,11374,285,7,100,False,0,car,0 days 00:34:37.328000,0 days 01:30:13.936000
2024-05-19 13:37:54.122,11316,286,7,100,False,0,car,0 days 00:34:37.528000,0 days 01:30:14.136000
2024-05-19 13:37:54.282,11246,285,7,100,False,0,car,0 days 00:34:37.688000,0 days 01:30:14.296000
2024-05-19 13:37:54.442,11235,284,7,100,False,0,car,0 days 00:34:37.848000,0 days 01:30:14.456000
2024-05-19 13:37:54.722,10818,283,7,100,True,0,car,0 days 00:34:38.128000,0 days 01:30:14.736000
2024-05-19 13:37:54.882,10779,283,7,0,True,0,car,0 days 00:34:38.288000,0 days 01:30:14.896000
2024-05-19 13:37:55.042,10449,265,7,0,True,0,car,0 days 00:34:38.448000,0 days 01:30:15.056000
2024-05-19 13:37:55.242,10449,251,7,0,True,0,car,0 days 00:34:38.648000,0 days 01:30:15.256000
2024-05-19 13:37:55.602,10100,233,6,0,True,0,car,0 days 00:34:39.008000,0 days 01:30:15.616000
2024-05-19 13:37:55.802,9886,227,6,0,True,0,car,0 days 00:34:39.208000,0 days 01:30:15.816000
2024-05-19 13:37:56.042,9518,220,6,0,True,0,car,0 days 00:34:39.448000,0 days 01:30:16.056000
2024-05-19 13:37:56.242,9364,210,6,0,True,0,car,0 days 00:34:39.648000,0 days 01:30:16.256000
2024-05-19 13:37:56.642,9065,184,5,0,True,0,car,0 days 00:34:40.048000,0 days 01:30:16.656000
2024-05-19 13:37:57.002,8625,171,5,0,True,0,car,0 days 00:34:40.408000,0 days 01:30:17.016000
2024-05-19 13:37:57.162,8312,169,5,2,False,0,car,0 days 00:34:40.568000,0 days 01:30:17.176000
2024-05-19 13:37:57.482,8542,164,5,39,False,0,car,0 days 00:34:40.888000,0 days 01:30:17.496000
2024-05-19 13:37:57.642,8688,165,5,62,False,0,car,0 days 00:34:41.048000,0 days 01:30:17.656000
2024-05-19 13:37:57.842,8811,167,5,76,False,0,car,0 days 00:34:41.248000,0 days 01:30:17.856000
2024-05-19 13:37:58.283,9430,176,5,100,False,0,car,0 days 00:34:41.689000,0 days 01:30:18.297000
2024-05-19 13:37:58.603,9932,189,5,100,False,0,car,0 days 00:34:42.009000,0 days 01:30:18.617000
2024-05-19 13:37:58.843,10193,193,5,100,False,0,car,0 days 00:34:42.249000,0 days 01:30:18.857000
2024-05-19 13:37:59.003,10463,203,5,100,False,0,car,0 days 00:34:42.409000,0 days 01:30:19.017000
2024-05-19 13:37:59.323,10942,210,5,100,False,0,car,0 days 00:34:42.729000,0 days 01:30:19.337000
2024-05-19 13:37:59.763,11358,221,5,100,False,0,car,0 days 00:34:43.169000,0 days 01:30:19.777000
2024-05-19 13:37:59.963,11496,223,5,100,False,0,car,0 days 00:34:43.369000,0 days 01:30:19.977000
2024-05-19 13:38:00.163,11563,225,5,100,False,0,car,0 days 00:34:43.569000,0 days 01:30:20.177000
2024-05-19 13:38:00.402,11622,228,5,100,False,0,car,0 days 00:34:43.808000,0 days 01:30:20.416000
2024-05-19 13:38:00.642,11584,229,5,74,False,0,car,0 days 00:34:44.048000,0 days 01:30:20.656000
2024-05-19 13:38:00.842,10877,222,5,0,True,0,car,0 days 00:34:44.248000,0 days 01:30:20.856000
2024-05-19 13:38:01.202,9871,189,5,0,True,0,car,0 days 00:34:44.608000,0 days 01:30:21.216000
2024-05-19 13:38:01.482,10001,171,5,0,True,0,car,0 days 00:34:44.888000,0 days 01:30:21.496000
2024-05-19 13:38:01.722,10569,150,4,0,True,0,car,0 days 00:34:45.128000,0 days 01:30:21.736000
2024-05-19 13:38:01.922,9727,139,3,0,True,0,car,0 days 00:34:45.328000,0 days 01:30:21.936000
2024-05-19 13:38:02.162,8865,134,3,0,True,0,car,0 days 00:34:45.568000,0 days 01:30:22.176000
2024-05-19 13:38:02.402,8280,119,3,0,True,0,car,0 days 00:34:45.808000,0 days 01:30:22.416000
2024-05-19 13:38:02.562,8067,116,3,0,True,0,car,0 days 00:34:45.968000,0 days 01:30:22.576000
2024-05-19 13:38:02.722,7680,110,3,0,True,0,car,0 days 00:34:46.128000,0 days 01:30:22.736000
2024-05-19 13:38:03.002,7329,105,3,0,True,0,car,0 days 00:34:46.408000,0 days 01:30:23.016000
2024-05-19 13:38:03.242,7051,102,3,0,False,0,car,0 days 00:34:46.648000,0 days 01:30:23.256000
2024-05-19 13:38:03.442,7250,98,3,1,False,0,car,0 days 00:34:46.848000,0 days 01:30:23.456000
2024-05-19 13:38:03.802,7520,98,3,29,False,0,car,0 days 00:34:47.208000,0 days 01:30:23.816000
2024-05-19 13:38:03.962,7574,100,3,35,False,0,car,0 days 00:34:47.368000,0 days 01:30:23.976000
2024-05-19 13:38:04.322,8025,107,3,51,False,0,car,0 days 00:34:47.728000,0 days 01:30:24.336000
2024-05-19 13:38:04.482,8225,109,3,54,False,0,car,0 days 00:34:47.888000,0 days 01:30:24.496000
2024-05-19 13:38:04.682,8709,111,3,59,False,0,car,0 days 00:34:48.088000,0 days 01:30:24.696000
2024-05-19 13:38:05.043,9508,126,3,76,False,0,car,0 days 00:34:48.449000,0 days 01:30:25.057000
2024-05-19 13:38:05.243,10252,133,3,87,False,0,car,0 days 00:34:48.649000,0 days 01:30:25.257000
2024-05-19 13:38:05.443,10897,142,3,92,False,0,car,0 days 00:34:48.849000,0 days 01:30:25.457000
2024-05-19 13:38:05.643,11422,151,3,98,False,0,car,0 days 00:34:49.049000,0 days 01:30:25.657000
2024-05-19 13:38:05.843,10162,158,3,100,False,0,car,0 days 00:34:49.249000,0 days 01:30:25.857000
2024-05-19 13:38:06.043,10557,158,4,100,False,0,car,0 days 00:34:49.449000,0 days 01:30:26.057000
2024-05-19 13:38:06.323,11028,180,4,100,False,0,car,0 days 00:34:49.729000,0 days 01:30:26.337000
2024-05-19 13:38:06.763,11671,193,4,100,False,0,car,0 days 00:34:50.169000,0 days 01:30:26.777000
2024-05-19 13:38:06.923,11251,199,4,100,False,0,car,0 days 00:34:50.329000,0 days 01:30:26.937000
2024-05-19 13:38:07.162,10676,205,5,100,False,0,car,0 days 00:34:50.568000,0 days 01:30:27.176000
2024-05-19 13:38:07.562,11143,217,5,100,False,0,car,0 days 00:34:50.968000,0 days 01:30:27.576000
2024-05-19 13:38:07.802,11478,222,5,100,False,0,car,0 days 00:34:51.208000,0 days 01:30:27.816000
2024-05-19 13:38:08.002,11677,228,5,100,False,0,car,0 days 00:34:51.408000,0 days 01:30:28.016000
2024-05-19 13:38:08.442,10644,237,6,100,False,0,car,0 days 00:34:51.848000,0 days 01:30:28.456000
2024-05-19 13:38:08.642,10757,241,6,100,False,0,car,0 days 00:34:52.048000,0 days 01:30:28.656000
2024-05-19 13:38:09.042,11110,249,6,100,False,0,car,0 days 00:34:52.448000,0 days 01:30:29.056000
2024-05-19 13:38:09.442,11384,255,6,100,False,0,car,0 days 00:34:52.848000,0 days 01:30:29.456000
2024-05-19 13:38:09.602,11503,257,6,100,False,0,car,0 days 00:34:53.008000,0 days 01:30:29.616000
2024-05-19 13:38:09.762,11572,258,6,100,False,0,car,0 days 00:34:53.168000,0 days 01:30:29.776000
2024-05-19 13:38:10.042,10946,262,6,100,False,0,car,0 days 00:34:53.448000,0 days 01:30:30.056000
2024-05-19 13:38:10.242,10503,263,7,100,False,0,car,0 days 00:34:53.648000,0 days 01:30:30.256000
2024-05-19 13:38:10.442,10621,266,7,100,False,0,car,0 days 00:34:53.848000,0 days 01:30:30.456000
2024-05-19 13:38:10.922,10732,271,7,100,False,0,car,0 days 00:34:54.328000,0 days 01:30:30.936000
2024-05-19 13:38:11.322,10798,271,7,100,False,0,car,0 days 00:34:54.728000,0 days 01:30:31.336000
2024-05-19 13:38:11.483,10833,272,7,100,False,0,car,0 days 00:34:54.889000,0 days 01:30:31.497000
2024-05-19 13:38:11.683,10807,273,7,100,False,0,car,0 days 00:34:55.089000,0 days 01:30:31.697000
2024-05-19 13:38:12.723,9630,250,7,0,True,0,car,0 days 00:34:56.129000,0 days 01:30:32.737000
2024-05-19 13:38:12.883,9762,250,7,0,True,0,car,0 days 00:34:56.289000,0 days 01:30:32.897000
2024-05-19 13:38:13.083,10401,228,6,0,True,0,car,0 days 00:34:56.489000,0 days 01:30:33.097000
2024-05-19 13:38:13.403,10174,205,5,0,True,0,car,0 days 00:34:56.809000,0 days 01:30:33.417000
2024-05-19 13:38:13.643,9979,199,5,0,True,0,car,0 days 00:34:57.049000,0 days 01:30:33.657000
2024-05-19 13:38:13.802,9940,195,5,0,True,0,car,0 days 00:34:57.208000,0 days 01:30:33.816000
2024-05-19 13:38:14.082,9799,189,5,23,False,0,car,0 days 00:34:57.488000,0 days 01:30:34.096000
2024-05-19 13:38:14.442,9994,192,5,78,False,0,car,0 days 00:34:57.848000,0 days 01:30:34.456000
2024-05-19 13:38:14.682,10453,196,5,95,False,0,car,0 days 00:34:58.088000,0 days 01:30:34.696000
2024-05-19 13:38:15.002,10770,207,5,100,False,0,car,0 days 00:34:58.408000,0 days 01:30:35.016000
2024-05-19 13:38:15.322,11156,216,5,100,False,0,car,0 days 00:34:58.728000,0 days 01:30:35.336000
2024-05-19 13:38:15.562,10642,219,5,100,False,0,car,0 days 00:34:58.968000,0 days 01:30:35.576000
2024-05-19 13:38:15.802,10298,224,5,100,False,0,car,0 days 00:34:59.208000,0 days 01:30:35.816000
2024-05-19 13:38:16.042,10498,232,6,100,False,0,car,0 days 00:34:59.448000,0 days 01:30:36.056000
2024-05-19 13:38:16.322,10715,233,6,100,False,0,car,0 days 00:34:59.728000,0 days 01:30:36.336000
2024-05-19 13:38:16.722,11048,246,6,100,False,0,car,0 days 00:35:00.128000,0 days 01:30:36.736000
2024-05-19 13:38:16.922,11048,250,6,100,False,0,car,0 days 00:35:00.328000,0 days 01:30:36.936000
2024-05-19 13:38:17.242,11410,255,6,100,False,0,car,0 days 00:35:00.648000,0 days 01:30:37.256000
2024-05-19 13:38:17.442,11491,258,6,100,False,0,car,0 days 00:35:00.848000,0 days 01:30:37.456000
2024-05-19 13:38:17.722,10402,263,6,100,False,0,car,0 days 00:35:01.128000,0 days 01:30:37.736000
2024-05-19 13:38:18.003,10561,266,7,100,False,0,car,0 days 00:35:01.409000,0 days 01:30:38.017000
2024-05-19 13:38:18.323,10684,268,7,100,False,0,car,0 days 00:35:01.729000,0 days 01:30:38.337000
2024-05-19 13:38:18.483,10769,269,7,100,False,0,car,0 days 00:35:01.889000,0 days 01:30:38.497000
2024-05-19 13:38:18.643,10766,272,7,100,False,0,car,0 days 00:35:02.049000,0 days 01:30:38.657000
2024-05-19 13:38:18.923,10849,272,7,100,False,0,car,0 days 00:35:02.329000,0 days 01:30:38.937000
2024-05-19 13:38:19.123,10530,272,7,23,False,0,car,0 days 00:35:02.529000,0 days 01:30:39.137000
2024-05-19 13:38:19.363,10452,268,7,0,True,0,car,0 days 00:35:02.769000,0 days 01:30:39.377000
2024-05-19 13:38:19.563,10104,262,7,0,True,0,car,0 days 00:35:02.969000,0 days 01:30:39.577000
2024-05-19 13:38:19.803,9837,254,7,0,False,0,car,0 days 00:35:03.209000,0 days 01:30:39.817000
2024-05-19 13:38:20.083,9697,249,7,0,True,0,car,0 days 00:35:03.489000,0 days 01:30:40.097000
2024-05-19 13:38:20.283,9180,242,7,0,True,0,car,0 days 00:35:03.689000,0 days 01:30:40.297000
2024-05-19 13:38:20.443,9687,230,7,0,True,0,car,0 days 00:35:03.849000,0 days 01:30:40.457000
2024-05-19 13:38:20.722,10100,206,7,0,True,0,car,0 days 00:35:04.128000,0 days 01:30:40.736000
2024-05-19 13:38:20.962,10453,186,5,0,True,0,car,0 days 00:35:04.368000,0 days 01:30:40.976000
2024-05-19 13:38:21.162,9833,168,4,0,True,0,car,0 days 00:35:04.568000,0 days 01:30:41.176000
2024-05-19 13:38:21.362,9002,158,4,0,True,0,car,0 days 00:35:04.768000,0 days 01:30:41.376000
2024-05-19 13:38:21.802,7676,152,4,0,True,0,car,0 days 00:35:05.208000,0 days 01:30:41.816000
2024-05-19 13:38:22.242,7137,126,4,0,False,0,car,0 days 00:35:05.648000,0 days 01:30:42.256000
2024-05-19 13:38:22.682,7382,118,4,40,False,0,car,0 days 00:35:06.088000,0 days 01:30:42.696000
2024-05-19 13:38:23.042,7936,126,4,61,False,0,car,0 days 00:35:06.448000,0 days 01:30:43.056000
2024-05-19 13:38:23.362,8596,138,4,100,False,0,car,0 days 00:35:06.768000,0 days 01:30:43.376000
2024-05-19 13:38:23.642,9195,150,4,100,False,0,car,0 days 00:35:07.048000,0 days 01:30:43.656000
2024-05-19 13:38:23.882,9765,156,4,100,False,0,car,0 days 00:35:07.288000,0 days 01:30:43.896000
2024-05-19 13:38:24.122,10701,168,4,100,False,0,car,0 days 00:35:07.528000,0 days 01:30:44.136000
2024-05-19 13:38:24.402,10956,179,4,100,False,0,car,0 days 00:35:07.808000,0 days 01:30:44.416000
2024-05-19 13:38:24.643,11203,186,4,100,False,0,car,0 days 00:35:08.049000,0 days 01:30:44.657000
2024-05-19 13:38:24.883,11851,193,4,100,False,0,car,0 days 00:35:08.289000,0 days 01:30:44.897000
2024-05-19 13:38:25.283,10647,204,5,100,False,0,car,0 days 00:35:08.689000,0 days 01:30:45.297000
2024-05-19 13:38:25.563,10880,212,5,100,False,0,car,0 days 00:35:08.969000,0 days 01:30:45.577000
2024-05-19 13:38:25.763,11440,218,5,100,False,0,car,0 days 00:35:09.169000,0 days 01:30:45.777000
2024-05-19 13:38:26.043,11546,226,5,100,False,0,car,0 days 00:35:09.449000,0 days 01:30:46.057000
2024-05-19 13:38:26.403,10963,234,5,100,False,0,car,0 days 00:35:09.809000,0 days 01:30:46.417000
2024-05-19 13:38:26.603,10723,239,6,100,False,0,car,0 days 00:35:10.009000,0 days 01:30:46.617000
2024-05-19 13:38:26.963,10857,243,6,100,False,0,car,0 days 00:35:10.369000,0 days 01:30:46.977000
2024-05-19 13:38:27.362,11188,250,6,100,False,0,car,0 days 00:35:10.768000,0 days 01:30:47.376000
2024-05-19 13:38:27.722,11442,253,6,100,False,0,car,0 days 00:35:11.128000,0 days 01:30:47.736000
2024-05-19 13:38:27.922,11491,257,6,100,False,0,car,0 days 00:35:11.328000,0 days 01:30:47.936000
2024-05-19 13:38:28.202,11444,259,6,100,False,0,car,0 days 00:35:11.608000,0 days 01:30:48.216000
2024-05-19 13:38:28.362,11444,259,6,100,False,0,car,0 days 00:35:11.768000,0 days 01:30:48.376000
2024-05-19 13:38:28.522,11521,259,6,100,False,0,car,0 days 00:35:11.928000,0 days 01:30:48.536000
2024-05-19 13:38:28.722,11637,261,6,100,False,0,car,0 days 00:35:12.128000,0 days 01:30:48.736000
2024-05-19 13:38:28.882,11616,260,6,100,False,0,car,0 days 00:35:12.288000,0 days 01:30:48.896000
2024-05-19 13:38:29.162,11543,260,6,1,False,0,car,0 days 00:35:12.568000,0 days 01:30:49.176000
2024-05-19 13:38:29.402,11155,251,6,0,True,0,car,0 days 00:35:12.808000,0 days 01:30:49.416000
2024-05-19 13:38:29.562,10455,232,6,0,True,0,car,0 days 00:35:12.968000,0 days 01:30:49.576000
2024-05-19 13:38:29.802,10040,222,6,0,True,0,car,0 days 00:35:13.208000,0 days 01:30:49.816000
2024-05-19 13:38:29.962,10066,192,5,0,True,0,car,0 days 00:35:13.368000,0 days 01:30:49.976000
2024-05-19 13:38:30.242,9942,167,5,0,True,0,car,0 days 00:35:13.648000,0 days 01:30:50.256000
2024-05-19 13:38:30.442,8902,152,4,0,True,0,car,0 days 00:35:13.848000,0 days 01:30:50.456000
2024-05-19 13:38:30.722,7856,134,4,0,True,0,car,0 days 00:35:14.128000,0 days 01:30:50.736000
2024-05-19 13:38:30.882,7515,131,4,0,True,0,car,0 days 00:35:14.288000,0 days 01:30:50.896000
2024-05-19 13:38:31.123,7060,118,4,0,True,0,car,0 days 00:35:14.529000,0 days 01:30:51.137000
2024-05-19 13:38:31.563,6923,112,4,0,False,0,car,0 days 00:35:14.969000,0 days 01:30:51.577000
2024-05-19 13:38:31.963,7317,106,3,0,True,0,car,0 days 00:35:15.369000,0 days 01:30:51.977000
2024-05-19 13:38:32.203,7082,103,3,0,False,0,car,0 days 00:35:15.609000,0 days 01:30:52.217000
2024-05-19 13:38:32.363,7204,103,3,2,False,0,car,0 days 00:35:15.769000,0 days 01:30:52.377000
2024-05-19 13:38:32.563,7305,98,3,21,False,0,car,0 days 00:35:15.969000,0 days 01:30:52.577000
2024-05-19 13:38:32.963,7850,100,3,37,False,0,car,0 days 00:35:16.369000,0 days 01:30:52.977000
2024-05-19 13:38:33.243,8023,105,3,48,False,0,car,0 days 00:35:16.649000,0 days 01:30:53.257000
2024-05-19 13:38:33.603,9080,121,3,72,False,0,car,0 days 00:35:17.009000,0 days 01:30:53.617000
2024-05-19 13:38:33.763,9780,125,3,85,False,0,car,0 days 00:35:17.169000,0 days 01:30:53.777000
2024-05-19 13:38:33.923,10241,133,3,85,False,0,car,0 days 00:35:17.329000,0 days 01:30:53.937000
2024-05-19 13:38:34.202,10585,147,3,96,False,0,car,0 days 00:35:17.608000,0 days 01:30:54.216000
2024-05-19 13:38:34.482,9855,156,4,100,False,0,car,0 days 00:35:17.888000,0 days 01:30:54.496000
2024-05-19 13:38:34.722,10577,169,4,100,False,0,car,0 days 00:35:18.128000,0 days 01:30:54.736000
2024-05-19 13:38:34.962,10716,178,4,100,False,0,car,0 days 00:35:18.368000,0 days 01:30:54.976000
2024-05-19 13:38:35.162,11606,186,4,100,False,0,car,0 days 00:35:18.568000,0 days 01:30:55.176000
2024-05-19 13:38:35.482,11171,196,4,100,False,0,car,0 days 00:35:18.888000,0 days 01:30:55.496000
2024-05-19 13:38:35.922,10858,212,5,100,False,0,car,0 days 00:35:19.328000,0 days 01:30:55.936000
2024-05-19 13:38:36.122,11142,212,5,100,False,0,car,0 days 00:35:19.528000,0 days 01:30:56.136000
2024-05-19 13:38:36.402,11557,223,5,100,False,0,car,0 days 00:35:19.808000,0 days 01:30:56.416000
2024-05-19 13:38:36.642,11845,230,5,100,False,0,car,0 days 00:35:20.048000,0 days 01:30:56.656000
2024-05-19 13:38:36.802,11035,235,5,100,False,0,car,0 days 00:35:20.208000,0 days 01:30:56.816000
2024-05-19 13:38:37.122,10861,236,6,100,False,0,car,0 days 00:35:20.528000,0 days 01:30:57.136000
2024-05-19 13:38:37.362,11010,245,6,100,False,0,car,0 days 00:35:20.768000,0 days 01:30:57.376000
2024-05-19 13:38:37.602,11288,251,6,100,False,0,car,0 days 00:35:21.008000,0 days 01:30:57.616000
2024-05-19 13:38:37.843,11418,254,6,100,False,0,car,0 days 00:35:21.249000,0 days 01:30:57.857000
2024-05-19 13:38:38.163,11524,259,6,100,False,0,car,0 days 00:35:21.569000,0 days 01:30:58.177000
2024-05-19 13:38:38.483,10878,263,6,100,False,0,car,0 days 00:35:21.889000,0 days 01:30:58.497000
2024-05-19 13:38:38.683,10672,266,7,100,False,0,car,0 days 00:35:22.089000,0 days 01:30:58.697000
2024-05-19 13:38:38.843,10713,269,7,100,False,0,car,0 days 00:35:22.249000,0 days 01:30:58.857000
2024-05-19 13:38:39.083,10831,270,7,100,False,0,car,0 days 00:35:22.489000,0 days 01:30:59.097000
2024-05-19 13:38:39.403,10931,276,7,100,False,0,car,0 days 00:35:22.809000,0 days 01:30:59.417000
2024-05-19 13:38:39.603,11076,278,7,100,False,0,car,0 days 00:35:23.009000,0 days 01:30:59.617000
2024-05-19 13:38:39.843,11124,281,7,100,False,0,car,0 days 00:35:23.249000,0 days 01:30:59.857000
2024-05-19 13:38:40.003,11134,281,7,100,False,0,car,0 days 00:35:23.409000,0 days 01:31:00.017000
2024-05-19 13:38:40.403,11321,287,7,100,False,0,car,0 days 00:35:23.809000,0 days 01:31:00.417000
2024-05-19 13:38:40.802,11443,290,7,100,False,0,car,0 days 00:35:24.208000,0 days 01:31:00.816000
2024-05-19 13:38:41.042,11487,291,7,100,False,0,car,0 days 00:35:24.448000,0 days 01:31:01.056000
2024-05-19 13:38:41.402,11387,292,7,100,False,0,car,0 days 00:35:24.808000,0 days 01:31:01.416000
2024-05-19 13:38:41.722,11422,290,7,100,False,0,car,0 days 00:35:25.128000,0 days 01:31:01.736000
2024-05-19 13:38:42.082,11293,289,7,100,False,0,car,0 days 00:35:25.488000,0 days 01:31:02.096000
2024-05-19 13:38:42.402,10882,279,7,0,True,0,car,0 days 00:35:25.808000,0 days 01:31:02.416000
2024-05-19 13:38:42.602,10307,263,7,0,True,0,car,0 days 00:35:26.008000,0 days 01:31:02.616000
2024-05-19 13:38:42.802,9588,240,7,0,True,0,car,0 days 00:35:26.208000,0 days 01:31:02.816000
2024-05-19 13:38:43.122,9932,217,7,0,True,0,car,0 days 00:35:26.528000,0 days 01:31:03.136000
2024-05-19 13:38:43.282,9933,196,7,0,True,0,car,0 days 00:35:26.688000,0 days 01:31:03.296000
2024-05-19 13:38:43.682,10303,161,5,0,True,0,car,0 days 00:35:27.088000,0 days 01:31:03.696000
2024-05-19 13:38:43.842,10319,148,4,0,True,0,car,0 days 00:35:27.248000,0 days 01:31:03.856000
2024-05-19 13:38:44.082,9709,137,3,0,True,0,car,0 days 00:35:27.488000,0 days 01:31:04.096000
2024-05-19 13:38:44.323,8985,131,3,0,True,0,car,0 days 00:35:27.729000,0 days 01:31:04.337000
2024-05-19 13:38:44.483,8785,126,3,0,True,0,car,0 days 00:35:27.889000,0 days 01:31:04.497000
2024-05-19 13:38:44.763,8446,121,3,0,False,0,car,0 days 00:35:28.169000,0 days 01:31:04.777000
2024-05-19 13:38:45.083,8419,116,3,4,False,0,car,0 days 00:35:28.489000,0 days 01:31:05.097000
2024-05-19 13:38:45.363,8711,116,3,44,False,0,car,0 days 00:35:28.769000,0 days 01:31:05.377000
2024-05-19 13:38:45.603,8922,120,3,47,False,0,car,0 days 00:35:29.009000,0 days 01:31:05.617000
2024-05-19 13:38:45.803,9179,124,3,59,False,0,car,0 days 00:35:29.209000,0 days 01:31:05.817000
2024-05-19 13:38:46.203,10457,134,3,85,False,0,car,0 days 00:35:29.609000,0 days 01:31:06.217000
2024-05-19 13:38:46.443,10736,145,3,84,False,0,car,0 days 00:35:29.849000,0 days 01:31:06.457000
2024-05-19 13:38:46.843,10164,161,4,100,False,0,car,0 days 00:35:30.249000,0 days 01:31:06.857000
2024-05-19 13:38:47.003,9467,165,4,46,True,0,car,0 days 00:35:30.409000,0 days 01:31:07.017000
2024-05-19 13:38:47.203,9558,160,4,0,True,0,car,0 days 00:35:30.609000,0 days 01:31:07.217000
2024-05-19 13:38:47.602,8754,150,4,0,True,0,car,0 days 00:35:31.008000,0 days 01:31:07.616000
2024-05-19 13:38:47.802,8597,148,4,0,False,0,car,0 days 00:35:31.208000,0 days 01:31:07.816000
2024-05-19 13:38:47.962,8570,145,4,1,False,0,car,0 days 00:35:31.368000,0 days 01:31:07.976000
2024-05-19 13:38:48.202,8430,139,4,2,False,0,car,0 days 00:35:31.608000,0 days 01:31:08.216000
2024-05-19 13:38:48.482,8780,139,4,56,False,0,car,0 days 00:35:31.888000,0 days 01:31:08.496000
2024-05-19 13:38:48.722,8780,145,4,61,False,0,car,0 days 00:35:32.128000,0 days 01:31:08.736000
2024-05-19 13:38:48.962,9364,148,4,71,False,0,car,0 days 00:35:32.368000,0 days 01:31:08.976000
2024-05-19 13:38:49.282,9646,156,4,85,False,0,car,0 days 00:35:32.688000,0 days 01:31:09.296000
2024-05-19 13:38:49.522,10428,166,4,90,False,0,car,0 days 00:35:32.928000,0 days 01:31:09.536000
2024-05-19 13:38:50.162,11315,189,4,100,False,0,car,0 days 00:35:33.568000,0 days 01:31:10.176000
2024-05-19 13:38:50.362,10615,195,4,100,False,0,car,0 days 00:35:33.768000,0 days 01:31:10.376000
2024-05-19 13:38:50.642,10436,205,4,100,False,0,car,0 days 00:35:34.048000,0 days 01:31:10.656000
2024-05-19 13:38:50.923,11032,214,5,100,False,0,car,0 days 00:35:34.329000,0 days 01:31:10.937000
2024-05-19 13:38:51.323,11381,222,5,100,False,0,car,0 days 00:35:34.729000,0 days 01:31:11.337000
2024-05-19 13:38:51.683,10541,231,6,100,False,0,car,0 days 00:35:35.089000,0 days 01:31:11.697000
2024-05-19 13:38:51.843,10541,234,6,100,False,0,car,0 days 00:35:35.249000,0 days 01:31:11.857000
2024-05-19 13:38:52.003,10864,241,6,100,False,0,car,0 days 00:35:35.409000,0 days 01:31:12.017000
2024-05-19 13:38:52.363,11057,247,6,100,False,0,car,0 days 00:35:35.769000,0 days 01:31:12.377000
2024-05-19 13:38:52.763,11266,254,6,100,False,0,car,0 days 00:35:36.169000,0 days 01:31:12.777000
2024-05-19 13:38:52.963,11590,256,6,100,False,0,car,0 days 00:35:36.369000,0 days 01:31:12.977000
2024-05-19 13:38:53.283,10509,261,7,100,False,0,car,0 days 00:35:36.689000,0 days 01:31:13.297000
2024-05-19 13:38:53.643,10687,268,7,100,False,0,car,0 days 00:35:37.049000,0 days 01:31:13.657000
2024-05-19 13:38:53.843,10794,271,7,100,False,0,car,0 days 00:35:37.249000,0 days 01:31:13.857000
2024-05-19 13:38:54.043,10840,272,7,100,False,0,car,0 days 00:35:37.449000,0 days 01:31:14.057000
2024-05-19 13:38:54.202,10955,276,7,100,False,0,car,0 days 00:35:37.608000,0 days 01:31:14.216000
2024-05-19 13:38:54.362,11016,277,7,100,False,0,car,0 days 00:35:37.768000,0 days 01:31:14.376000
2024-05-19 13:38:54.602,11132,281,7,100,False,0,car,0 days 00:35:38.008000,0 days 01:31:14.616000
2024-05-19 13:38:54.962,11211,283,7,100,False,0,car,0 days 00:35:38.368000,0 days 01:31:14.976000
2024-05-19 13:38:55.282,11381,286,7,100,False,0,car,0 days 00:35:38.688000,0 days 01:31:15.296000
2024-05-19 13:38:55.562,11381,289,7,100,False,0,car,0 days 00:35:38.968000,0 days 01:31:15.576000
2024-05-19 13:38:55.842,11505,291,7,100,False,0,car,0 days 00:35:39.248000,0 days 01:31:15.856000
2024-05-19 13:38:56.042,11546,292,7,100,False,0,car,0 days 00:35:39.448000,0 days 01:31:16.056000
2024-05-19 13:38:56.202,11267,294,7,100,False,0,car,0 days 00:35:39.608000,0 days 01:31:16.216000
2024-05-19 13:38:56.402,10522,295,7,100,False,0,car,0 days 00:35:39.808000,0 days 01:31:16.416000
2024-05-19 13:38:56.562,10553,296,8,100,False,0,car,0 days 00:35:39.968000,0 days 01:31:16.576000
2024-05-19 13:38:56.842,10631,299,8,100,False,0,car,0 days 00:35:40.248000,0 days 01:31:16.856000
2024-05-19 13:38:57.082,10725,300,8,100,False,0,car,0 days 00:35:40.488000,0 days 01:31:17.096000
2024-05-19 13:38:57.242,10748,302,8,100,False,0,car,0 days 00:35:40.648000,0 days 01:31:17.256000
2024-05-19 13:38:57.523,10775,303,8,100,False,0,car,0 days 00:35:40.929000,0 days 01:31:17.537000
2024-05-19 13:38:57.803,10849,305,8,100,False,0,car,0 days 00:35:41.209000,0 days 01:31:17.817000
2024-05-19 13:38:58.003,10903,306,8,100,False,0,car,0 days 00:35:41.409000,0 days 01:31:18.017000
2024-05-19 13:38:58.243,10929,307,8,100,False,0,car,0 days 00:35:41.649000,0 days 01:31:18.257000
2024-05-19 13:38:58.483,10934,309,8,100,False,0,car,0 days 00:35:41.889000,0 days 01:31:18.497000
2024-05-19 13:38:58.763,10982,309,8,100,False,0,car,0 days 00:35:42.169000,0 days 01:31:18.777000
2024-05-19 13:38:59.003,11082,311,8,100,False,0,car,0 days 00:35:42.409000,0 days 01:31:19.017000
2024-05-19 13:38:59.203,11056,312,8,100,False,0,car,0 days 00:35:42.609000,0 days 01:31:19.217000
2024-05-19 13:38:59.523,11055,311,8,100,False,0,car,0 days 00:35:42.929000,0 days 01:31:19.537000
2024-05-19 13:38:59.803,11055,312,8,100,False,0,car,0 days 00:35:43.209000,0 days 01:31:19.817000
2024-05-19 13:39:00.003,11096,312,8,100,False,0,car,0 days 00:35:43.409000,0 days 01:31:20.017000
2024-05-19 13:39:00.283,11107,314,8,100,False,0,car,0 days 00:35:43.689000,0 days 01:31:20.297000
2024-05-19 13:39:00.523,11125,315,8,100,False,0,car,0 days 00:35:43.929000,0 days 01:31:20.537000
2024-05-19 13:39:00.723,11099,315,8,100,False,0,car,0 days 00:35:44.129000,0 days 01:31:20.737000
2024-05-19 13:39:00.962,11005,315,8,100,False,0,car,0 days 00:35:44.368000,0 days 01:31:20.976000
2024-05-19 13:39:01.202,11233,315,8,100,False,0,car,0 days 00:35:44.608000,0 days 01:31:21.216000
2024-05-19 13:39:01.442,11062,313,8,100,False,0,car,0 days 00:35:44.848000,0 days 01:31:21.456000
2024-05-19 13:39:01.842,11130,312,8,100,False,0,car,0 days 00:35:45.248000,0 days 01:31:21.856000
2024-05-19 13:39:02.202,11151,312,8,100,False,0,car,0 days 00:35:45.608000,0 days 01:31:22.216000
2024-05-19 13:39:02.442,11025,311,8,100,False,0,car,0 days 00:35:45.848000,0 days 01:31:22.456000
2024-05-19 13:39:02.682,11011,311,8,100,False,0,car,0 days 00:35:46.088000,0 days 01:31:22.696000
2024-05-19 13:39:02.882,11108,311,8,100,False,0,car,0 days 00:35:46.288000,0 days 01:31:22.896000
2024-05-19 13:39:03.042,11100,311,8,100,False,0,car,0 days 00:35:46.448000,0 days 01:31:23.056000
2024-05-19 13:39:03.202,11083,310,8,100,False,0,car,0 days 00:35:46.608000,0 days 01:31:23.216000
2024-05-19 13:39:03.442,10931,308,8,100,False,0,car,0 days 00:35:46.848000,0 days 01:31:23.456000
2024-05-19 13:39:03.642,10874,308,8,100,False,0,car,0 days 00:35:47.048000,0 days 01:31:23.656000
2024-05-19 13:39:03.802,10833,306,8,43,False,0,car,0 days 00:35:47.208000,0 days 01:31:23.816000
2024-05-19 13:39:04.083,10548,301,8,0,False,0,car,0 days 00:35:47.489000,0 days 01:31:24.097000
2024-05-19 13:39:04.283,10244,296,8,0,True,0,car,0 days 00:35:47.689000,0 days 01:31:24.297000
2024-05-19 13:39:04.523,9523,284,8,0,True,0,car,0 days 00:35:47.929000,0 days 01:31:24.537000
2024-05-19 13:39:04.883,9514,241,8,0,True,0,car,0 days 00:35:48.289000,0 days 01:31:24.897000
2024-05-19 13:39:05.043,9726,230,8,0,True,0,car,0 days 00:35:48.449000,0 days 01:31:25.057000
2024-05-19 13:39:05.363,9656,194,6,0,True,0,car,0 days 00:35:48.769000,0 days 01:31:25.377000
2024-05-19 13:39:05.723,9903,170,5,0,True,0,car,0 days 00:35:49.129000,0 days 01:31:25.737000
2024-05-19 13:39:06.003,9361,159,4,0,True,0,car,0 days 00:35:49.409000,0 days 01:31:26.017000
2024-05-19 13:39:06.323,9211,153,4,1,False,0,car,0 days 00:35:49.729000,0 days 01:31:26.337000
2024-05-19 13:39:06.563,9151,149,4,35,False,0,car,0 days 00:35:49.969000,0 days 01:31:26.577000
2024-05-19 13:39:06.963,9344,153,4,61,False,0,car,0 days 00:35:50.369000,0 days 01:31:26.977000
2024-05-19 13:39:07.163,10000,158,4,87,False,0,car,0 days 00:35:50.569000,0 days 01:31:27.177000
2024-05-19 13:39:07.443,10342,171,4,96,False,0,car,0 days 00:35:50.849000,0 days 01:31:27.457000
2024-05-19 13:39:07.602,10437,172,4,60,False,0,car,0 days 00:35:51.008000,0 days 01:31:27.616000
2024-05-19 13:39:07.882,10636,174,4,55,False,0,car,0 days 00:35:51.288000,0 days 01:31:27.896000
2024-05-19 13:39:08.282,10917,177,4,74,False,0,car,0 days 00:35:51.688000,0 days 01:31:28.296000
2024-05-19 13:39:08.442,11273,181,4,87,False,0,car,0 days 00:35:51.848000,0 days 01:31:28.456000
2024-05-19 13:39:08.602,11097,187,4,100,False,0,car,0 days 00:35:52.008000,0 days 01:31:28.616000
2024-05-19 13:39:08.762,9977,189,5,100,False,0,car,0 days 00:35:52.168000,0 days 01:31:28.776000
2024-05-19 13:39:09.042,10369,199,5,100,False,0,car,0 days 00:35:52.448000,0 days 01:31:29.056000
2024-05-19 13:39:09.282,10718,205,5,100,False,0,car,0 days 00:35:52.688000,0 days 01:31:29.296000
2024-05-19 13:39:09.482,11078,212,5,100,False,0,car,0 days 00:35:52.888000,0 days 01:31:29.496000
2024-05-19 13:39:09.722,11345,218,5,100,False,0,car,0 days 00:35:53.128000,0 days 01:31:29.736000
2024-05-19 13:39:09.922,11531,218,5,100,False,0,car,0 days 00:35:53.328000,0 days 01:31:29.936000
2024-05-19 13:39:10.122,10638,227,5,100,False,0,car,0 days 00:35:53.528000,0 days 01:31:30.136000
2024-05-19 13:39:10.362,10478,230,6,100,False,0,car,0 days 00:35:53.768000,0 days 01:31:30.376000
2024-05-19 13:39:10.603,10657,235,6,100,False,0,car,0 days 00:35:54.009000,0 days 01:31:30.617000
2024-05-19 13:39:10.843,10889,239,6,100,False,0,car,0 days 00:35:54.249000,0 days 01:31:30.857000
2024-05-19 13:39:11.003,10999,242,6,100,False,0,car,0 days 00:35:54.409000,0 days 01:31:31.017000
2024-05-19 13:39:11.243,11075,246,6,100,False,0,car,0 days 00:35:54.649000,0 days 01:31:31.257000
2024-05-19 13:39:11.523,11261,252,6,100,False,0,car,0 days 00:35:54.929000,0 days 01:31:31.537000
2024-05-19 13:39:12.123,11659,260,6,100,False,0,car,0 days 00:35:55.529000,0 days 01:31:32.137000
2024-05-19 13:39:12.483,10579,266,7,100,False,0,car,0 days 00:35:55.889000,0 days 01:31:32.497000
2024-05-19 13:39:12.803,10776,271,7,100,False,0,car,0 days 00:35:56.209000,0 days 01:31:32.817000
2024-05-19 13:39:13.123,10922,275,7,100,False,0,car,0 days 00:35:56.529000,0 days 01:31:33.137000
2024-05-19 13:39:13.323,11031,277,7,100,False,0,car,0 days 00:35:56.729000,0 days 01:31:33.337000
2024-05-19 13:39:13.483,11131,278,7,100,False,0,car,0 days 00:35:56.889000,0 days 01:31:33.497000
2024-05-19 13:39:13.843,11210,283,7,100,False,0,car,0 days 00:35:57.249000,0 days 01:31:33.857000
2024-05-19 13:39:14.003,11165,284,7,100,False,0,car,0 days 00:35:57.409000,0 days 01:31:34.017000
2024-05-19 13:39:14.203,11287,284,7,100,False,0,car,0 days 00:35:57.609000,0 days 01:31:34.217000
2024-05-19 13:39:14.482,11192,284,7,100,False,0,car,0 days 00:35:57.888000,0 days 01:31:34.496000
2024-05-19 13:39:14.722,11285,285,7,100,False,0,car,0 days 00:35:58.128000,0 days 01:31:34.736000
2024-05-19 13:39:15.042,11092,281,7,23,False,0,car,0 days 00:35:58.448000,0 days 01:31:35.056000
2024-05-19 13:39:15.362,10142,263,7,0,True,0,car,0 days 00:35:58.768000,0 days 01:31:35.376000
2024-05-19 13:39:15.682,10344,243,7,0,True,0,car,0 days 00:35:59.088000,0 days 01:31:35.696000
2024-05-19 13:39:15.882,10000,231,6,0,True,0,car,0 days 00:35:59.288000,0 days 01:31:35.896000
2024-05-19 13:39:16.162,9681,220,6,0,False,0,car,0 days 00:35:59.568000,0 days 01:31:36.176000
2024-05-19 13:39:16.602,9066,207,6,0,True,0,car,0 days 00:36:00.008000,0 days 01:31:36.616000
2024-05-19 13:39:17.002,9566,191,6,0,True,0,car,0 days 00:36:00.408000,0 days 01:31:37.016000
2024-05-19 13:39:17.163,9168,186,5,0,True,0,car,0 days 00:36:00.569000,0 days 01:31:37.177000
2024-05-19 13:39:17.443,8828,176,5,0,True,0,car,0 days 00:36:00.849000,0 days 01:31:37.457000
2024-05-19 13:39:17.723,8452,172,5,2,False,0,car,0 days 00:36:01.129000,0 days 01:31:37.737000
2024-05-19 13:39:18.003,8635,166,5,34,False,0,car,0 days 00:36:01.409000,0 days 01:31:38.017000
2024-05-19 13:39:18.323,8685,166,5,51,False,0,car,0 days 00:36:01.729000,0 days 01:31:38.337000
2024-05-19 13:39:18.563,8889,169,5,76,False,0,car,0 days 00:36:01.969000,0 days 01:31:38.577000
2024-05-19 13:39:18.843,9167,175,5,92,False,0,car,0 days 00:36:02.249000,0 days 01:31:38.857000
2024-05-19 13:39:19.003,9698,181,5,100,False,0,car,0 days 00:36:02.409000,0 days 01:31:39.017000
2024-05-19 13:39:19.163,9734,185,5,100,False,0,car,0 days 00:36:02.569000,0 days 01:31:39.177000
2024-05-19 13:39:19.403,10132,193,5,100,False,0,car,0 days 00:36:02.809000,0 days 01:31:39.417000
2024-05-19 13:39:19.603,10443,200,5,100,False,0,car,0 days 00:36:03.009000,0 days 01:31:39.617000
2024-05-19 13:39:19.763,10615,203,5,100,False,0,car,0 days 00:36:03.169000,0 days 01:31:39.777000
2024-05-19 13:39:20.003,10988,209,5,100,False,0,car,0 days 00:36:03.409000,0 days 01:31:40.017000
2024-05-19 13:39:20.203,11298,217,5,100,False,0,car,0 days 00:36:03.609000,0 days 01:31:40.217000
2024-05-19 13:39:20.563,11315,222,5,100,False,0,car,0 days 00:36:03.969000,0 days 01:31:40.577000
2024-05-19 13:39:20.803,11518,226,5,100,False,0,car,0 days 00:36:04.209000,0 days 01:31:40.817000
2024-05-19 13:39:21.162,11441,228,5,22,True,0,car,0 days 00:36:04.568000,0 days 01:31:41.176000
2024-05-19 13:39:21.562,10394,208,5,0,True,0,car,0 days 00:36:04.968000,0 days 01:31:41.576000
2024-05-19 13:39:21.882,9471,180,5,0,True,0,car,0 days 00:36:05.288000,0 days 01:31:41.896000
2024-05-19 13:39:22.202,10507,151,5,0,True,0,car,0 days 00:36:05.608000,0 days 01:31:42.216000
2024-05-19 13:39:22.562,9482,135,3,0,True,0,car,0 days 00:36:05.968000,0 days 01:31:42.576000
2024-05-19 13:39:22.762,8791,127,3,0,True,0,car,0 days 00:36:06.168000,0 days 01:31:42.776000
2024-05-19 13:39:23.002,8050,115,3,0,True,0,car,0 days 00:36:06.408000,0 days 01:31:43.016000
2024-05-19 13:39:23.162,7902,113,3,0,True,0,car,0 days 00:36:06.568000,0 days 01:31:43.176000
2024-05-19 13:39:23.362,7613,110,3,0,True,0,car,0 days 00:36:06.768000,0 days 01:31:43.376000
2024-05-19 13:39:23.562,7413,107,3,0,False,0,car,0 days 00:36:06.968000,0 days 01:31:43.576000
2024-05-19 13:39:23.803,7175,101,3,0,False,0,car,0 days 00:36:07.209000,0 days 01:31:43.817000
2024-05-19 13:39:23.963,7109,101,3,1,False,0,car,0 days 00:36:07.369000,0 days 01:31:43.977000
2024-05-19 13:39:24.163,6989,98,3,6,False,0,car,0 days 00:36:07.569000,0 days 01:31:44.177000
2024-05-19 13:39:24.403,7267,98,3,26,False,0,car,0 days 00:36:07.809000,0 days 01:31:44.417000
2024-05-19 13:39:24.723,7652,100,3,36,False,0,car,0 days 00:36:08.129000,0 days 01:31:44.737000
2024-05-19 13:39:24.923,7821,104,3,35,False,0,car,0 days 00:36:08.329000,0 days 01:31:44.937000
2024-05-19 13:39:25.123,8011,107,3,45,False,0,car,0 days 00:36:08.529000,0 days 01:31:45.137000
2024-05-19 13:39:25.283,8333,109,3,50,False,0,car,0 days 00:36:08.689000,0 days 01:31:45.297000
2024-05-19 13:39:25.483,8723,113,3,59,False,0,car,0 days 00:36:08.889000,0 days 01:31:45.497000
2024-05-19 13:39:25.723,9201,122,3,67,False,0,car,0 days 00:36:09.129000,0 days 01:31:45.737000
2024-05-19 13:39:26.123,10414,137,3,96,False,0,car,0 days 00:36:09.529000,0 days 01:31:46.137000
2024-05-19 13:39:26.443,11381,151,3,100,False,0,car,0 days 00:36:09.849000,0 days 01:31:46.457000
2024-05-19 13:39:26.643,11401,161,3,100,False,0,car,0 days 00:36:10.049000,0 days 01:31:46.657000
2024-05-19 13:39:26.923,10505,172,3,100,False,0,car,0 days 00:36:10.329000,0 days 01:31:46.937000
2024-05-19 13:39:27.123,11047,180,4,100,False,0,car,0 days 00:36:10.529000,0 days 01:31:47.137000
2024-05-19 13:39:27.403,11565,191,4,100,False,0,car,0 days 00:36:10.809000,0 days 01:31:47.417000
2024-05-19 13:39:27.723,10415,200,4,100,False,0,car,0 days 00:36:11.129000,0 days 01:31:47.737000
2024-05-19 13:39:28.082,10933,206,5,100,False,0,car,0 days 00:36:11.488000,0 days 01:31:48.096000
2024-05-19 13:39:28.282,11187,215,5,100,False,0,car,0 days 00:36:11.688000,0 days 01:31:48.296000
2024-05-19 13:39:28.442,11360,220,5,100,False,0,car,0 days 00:36:11.848000,0 days 01:31:48.456000
2024-05-19 13:39:28.642,11553,225,5,100,False,0,car,0 days 00:36:12.048000,0 days 01:31:48.656000
2024-05-19 13:39:28.802,11758,228,5,100,False,0,car,0 days 00:36:12.208000,0 days 01:31:48.816000
2024-05-19 13:39:29.082,11795,232,5,100,False,0,car,0 days 00:36:12.488000,0 days 01:31:49.096000
2024-05-19 13:39:29.282,10714,238,5,100,False,0,car,0 days 00:36:12.688000,0 days 01:31:49.296000
2024-05-19 13:39:29.642,11036,244,6,100,False,0,car,0 days 00:36:13.048000,0 days 01:31:49.656000
2024-05-19 13:39:29.842,11142,249,6,100,False,0,car,0 days 00:36:13.248000,0 days 01:31:49.856000
2024-05-19 13:39:30.002,11307,252,6,100,False,0,car,0 days 00:36:13.408000,0 days 01:31:50.016000
2024-05-19 13:39:30.323,11439,256,6,100,False,0,car,0 days 00:36:13.729000,0 days 01:31:50.337000
2024-05-19 13:39:30.483,11518,258,6,100,False,0,car,0 days 00:36:13.889000,0 days 01:31:50.497000
2024-05-19 13:39:30.683,11634,260,6,100,False,0,car,0 days 00:36:14.089000,0 days 01:31:50.697000
2024-05-19 13:39:30.923,11710,264,6,100,False,0,car,0 days 00:36:14.329000,0 days 01:31:50.937000
2024-05-19 13:39:31.083,10870,264,6,100,False,0,car,0 days 00:36:14.489000,0 days 01:31:51.097000
2024-05-19 13:39:31.523,10743,268,7,100,False,0,car,0 days 00:36:14.929000,0 days 01:31:51.537000
2024-05-19 13:39:31.923,10762,270,7,100,False,0,car,0 days 00:36:15.329000,0 days 01:31:51.937000
2024-05-19 13:39:32.203,10772,272,7,100,False,0,car,0 days 00:36:15.609000,0 days 01:31:52.217000
2024-05-19 13:39:32.443,10767,272,7,100,False,0,car,0 days 00:36:15.849000,0 days 01:31:52.457000
2024-05-19 13:39:32.683,10847,273,7,100,False,0,car,0 days 00:36:16.089000,0 days 01:31:52.697000
2024-05-19 13:39:32.963,10756,274,7,100,False,0,car,0 days 00:36:16.369000,0 days 01:31:52.977000
2024-05-19 13:39:33.363,10223,261,7,0,True,0,car,0 days 00:36:16.769000,0 days 01:31:53.377000
2024-05-19 13:39:33.563,10290,246,7,0,True,0,car,0 days 00:36:16.969000,0 days 01:31:53.577000
2024-05-19 13:39:34.003,10583,209,6,0,True,0,car,0 days 00:36:17.409000,0 days 01:31:54.017000
2024-05-19 13:39:34.163,10250,206,5,0,True,0,car,0 days 00:36:17.569000,0 days 01:31:54.177000
2024-05-19 13:39:34.323,10036,201,5,0,True,0,car,0 days 00:36:17.729000,0 days 01:31:54.337000
2024-05-19 13:39:34.522,9778,195,5,0,True,0,car,0 days 00:36:17.928000,0 days 01:31:54.536000
2024-05-19 13:39:34.762,9874,191,5,46,False,0,car,0 days 00:36:18.168000,0 days 01:31:54.776000
2024-05-19 13:39:35.002,9979,191,5,63,False,0,car,0 days 00:36:18.408000,0 days 01:31:55.016000
2024-05-19 13:39:35.402,10445,200,5,100,False,0,car,0 days 00:36:18.808000,0 days 01:31:55.416000
2024-05-19 13:39:35.642,10717,206,5,100,False,0,car,0 days 00:36:19.048000,0 days 01:31:55.656000
2024-05-19 13:39:35.802,10859,211,5,100,False,0,car,0 days 00:36:19.208000,0 days 01:31:55.816000
2024-05-19 13:39:36.042,11260,217,5,100,False,0,car,0 days 00:36:19.448000,0 days 01:31:56.056000
2024-05-19 13:39:36.242,11500,221,5,100,False,0,car,0 days 00:36:19.648000,0 days 01:31:56.256000
2024-05-19 13:39:36.442,10360,226,5,100,False,0,car,0 days 00:36:19.848000,0 days 01:31:56.456000
2024-05-19 13:39:36.682,10393,230,6,100,False,0,car,0 days 00:36:20.088000,0 days 01:31:56.696000
2024-05-19 13:39:37.043,10789,239,6,100,False,0,car,0 days 00:36:20.449000,0 days 01:31:57.057000
2024-05-19 13:39:37.203,10989,243,6,100,False,0,car,0 days 00:36:20.609000,0 days 01:31:57.217000
2024-05-19 13:39:37.443,11156,247,6,100,False,0,car,0 days 00:36:20.849000,0 days 01:31:57.457000
2024-05-19 13:39:37.643,11307,249,6,100,False,0,car,0 days 00:36:21.049000,0 days 01:31:57.657000
2024-05-19 13:39:37.803,11511,254,6,100,False,0,car,0 days 00:36:21.209000,0 days 01:31:57.817000
2024-05-19 13:39:38.203,10434,260,7,100,False,0,car,0 days 00:36:21.609000,0 days 01:31:58.217000
2024-05-19 13:39:38.443,10398,261,7,100,False,0,car,0 days 00:36:21.849000,0 days 01:31:58.457000
2024-05-19 13:39:38.763,10536,265,7,100,False,0,car,0 days 00:36:22.169000,0 days 01:31:58.777000
2024-05-19 13:39:38.963,10596,267,7,100,False,0,car,0 days 00:36:22.369000,0 days 01:31:58.977000
2024-05-19 13:39:39.323,10713,272,7,100,False,0,car,0 days 00:36:22.729000,0 days 01:31:59.337000
2024-05-19 13:39:39.483,10726,272,7,100,False,0,car,0 days 00:36:22.889000,0 days 01:31:59.497000
2024-05-19 13:39:39.923,10414,268,7,0,True,0,car,0 days 00:36:23.329000,0 days 01:31:59.937000
2024-05-19 13:39:40.363,9968,257,7,0,False,0,car,0 days 00:36:23.769000,0 days 01:32:00.377000
2024-05-19 13:39:40.763,9580,250,7,0,False,0,car,0 days 00:36:24.169000,0 days 01:32:00.777000
2024-05-19 13:39:40.923,9056,242,7,0,True,0,car,0 days 00:36:24.329000,0 days 01:32:00.937000
2024-05-19 13:39:41.123,9340,232,7,0,True,0,car,0 days 00:36:24.529000,0 days 01:32:01.137000
2024-05-19 13:39:41.322,9676,217,7,0,True,0,car,0 days 00:36:24.728000,0 days 01:32:01.336000
2024-05-19 13:39:41.482,10133,208,7,0,True,0,car,0 days 00:36:24.888000,0 days 01:32:01.496000
2024-05-19 13:39:41.722,9972,182,5,0,True,0,car,0 days 00:36:25.128000,0 days 01:32:01.736000
2024-05-19 13:39:41.962,9330,168,4,0,True,0,car,0 days 00:36:25.368000,0 days 01:32:01.976000
2024-05-19 13:39:42.202,8652,149,4,0,True,0,car,0 days 00:36:25.608000,0 days 01:32:02.216000
2024-05-19 13:39:42.602,7736,134,4,0,True,0,car,0 days 00:36:26.008000,0 days 01:32:02.616000
2024-05-19 13:39:42.842,7541,129,4,0,True,0,car,0 days 00:36:26.248000,0 days 01:32:02.856000
2024-05-19 13:39:43.082,7630,124,4,10,False,0,car,0 days 00:36:26.488000,0 days 01:32:03.096000
2024-05-19 13:39:43.443,7706,122,4,35,False,0,car,0 days 00:36:26.849000,0 days 01:32:03.457000
2024-05-19 13:39:43.723,8007,127,4,60,False,0,car,0 days 00:36:27.129000,0 days 01:32:03.737000
2024-05-19 13:39:44.003,8548,137,4,85,False,0,car,0 days 00:36:27.409000,0 days 01:32:04.017000
2024-05-19 13:39:44.243,9767,145,4,100,False,0,car,0 days 00:36:27.649000,0 days 01:32:04.257000
2024-05-19 13:39:44.443,9397,152,4,100,False,0,car,0 days 00:36:27.849000,0 days 01:32:04.457000
2024-05-19 13:39:44.923,11397,170,4,100,False,0,car,0 days 00:36:28.329000,0 days 01:32:04.937000
2024-05-19 13:39:45.203,11039,183,4,100,False,0,car,0 days 00:36:28.609000,0 days 01:32:05.217000
2024-05-19 13:39:45.483,11385,189,4,100,False,0,car,0 days 00:36:28.889000,0 days 01:32:05.497000
2024-05-19 13:39:45.683,11738,189,4,100,False,0,car,0 days 00:36:29.089000,0 days 01:32:05.697000
2024-05-19 13:39:45.843,10618,201,4,100,False,0,car,0 days 00:36:29.249000,0 days 01:32:05.857000
2024-05-19 13:39:46.003,10707,207,5,100,False,0,car,0 days 00:36:29.409000,0 days 01:32:06.017000
2024-05-19 13:39:46.323,11173,215,5,100,False,0,car,0 days 00:36:29.729000,0 days 01:32:06.337000
2024-05-19 13:39:46.483,11387,215,5,100,False,0,car,0 days 00:36:29.889000,0 days 01:32:06.497000
2024-05-19 13:39:46.923,11243,229,5,100,False,0,car,0 days 00:36:30.329000,0 days 01:32:06.937000
2024-05-19 13:39:47.163,10625,234,6,100,False,0,car,0 days 00:36:30.569000,0 days 01:32:07.177000
2024-05-19 13:39:47.603,10947,245,6,100,False,0,car,0 days 00:36:31.009000,0 days 01:32:07.617000
2024-05-19 13:39:47.883,11118,246,6,100,False,0,car,0 days 00:36:31.289000,0 days 01:32:07.897000
2024-05-19 13:39:48.082,11240,251,6,100,False,0,car,0 days 00:36:31.488000,0 days 01:32:08.096000
2024-05-19 13:39:48.322,11367,254,6,100,False,0,car,0 days 00:36:31.728000,0 days 01:32:08.336000
2024-05-19 13:39:48.602,11459,256,6,100,False,0,car,0 days 00:36:32.008000,0 days 01:32:08.616000
2024-05-19 13:39:48.882,11442,258,6,100,False,0,car,0 days 00:36:32.288000,0 days 01:32:08.896000
2024-05-19 13:39:49.042,11539,259,6,100,False,0,car,0 days 00:36:32.448000,0 days 01:32:09.056000
2024-05-19 13:39:49.482,11580,260,6,100,False,0,car,0 days 00:36:32.888000,0 days 01:32:09.496000
2024-05-19 13:39:49.642,11571,259,6,73,False,0,car,0 days 00:36:33.048000,0 days 01:32:09.656000
2024-05-19 13:39:49.882,11268,255,6,0,True,0,car,0 days 00:36:33.288000,0 days 01:32:09.896000
2024-05-19 13:39:50.243,9906,227,6,0,True,0,car,0 days 00:36:33.649000,0 days 01:32:10.257000
2024-05-19 13:39:50.523,9714,195,6,0,True,0,car,0 days 00:36:33.929000,0 days 01:32:10.537000
2024-05-19 13:39:50.803,10096,169,6,0,True,0,car,0 days 00:36:34.209000,0 days 01:32:10.817000
2024-05-19 13:39:51.003,9535,153,4,0,True,0,car,0 days 00:36:34.409000,0 days 01:32:11.017000
2024-05-19 13:39:51.243,8266,148,4,0,True,0,car,0 days 00:36:34.649000,0 days 01:32:11.257000
2024-05-19 13:39:51.443,7689,133,4,0,True,0,car,0 days 00:36:34.849000,0 days 01:32:11.457000
2024-05-19 13:39:51.763,7138,125,4,0,True,0,car,0 days 00:36:35.169000,0 days 01:32:11.777000
2024-05-19 13:39:52.163,6595,114,4,0,False,0,car,0 days 00:36:35.569000,0 days 01:32:12.177000
2024-05-19 13:39:52.603,7129,105,4,0,False,0,car,0 days 00:36:36.009000,0 days 01:32:12.617000
2024-05-19 13:39:52.843,7606,106,3,0,True,0,car,0 days 00:36:36.249000,0 days 01:32:12.857000
2024-05-19 13:39:53.203,7225,99,3,8,False,0,car,0 days 00:36:36.609000,0 days 01:32:13.217000
2024-05-19 13:39:53.443,7358,99,3,17,False,0,car,0 days 00:36:36.849000,0 days 01:32:13.457000
2024-05-19 13:39:53.843,7717,101,3,37,False,0,car,0 days 00:36:37.249000,0 days 01:32:13.857000
2024-05-19 13:39:54.163,8094,108,3,53,False,0,car,0 days 00:36:37.569000,0 days 01:32:14.177000
2024-05-19 13:39:54.363,8923,115,3,67,False,0,car,0 days 00:36:37.769000,0 days 01:32:14.377000
2024-05-19 13:39:54.603,9526,126,3,78,False,0,car,0 days 00:36:38.009000,0 days 01:32:14.617000
2024-05-19 13:39:54.802,10247,126,3,80,False,0,car,0 days 00:36:38.208000,0 days 01:32:14.816000
2024-05-19 13:39:55.082,10813,143,3,94,False,0,car,0 days 00:36:38.488000,0 days 01:32:15.096000
2024-05-19 13:39:55.242,10393,152,3,94,False,0,car,0 days 00:36:38.648000,0 days 01:32:15.256000
2024-05-19 13:39:55.402,10097,156,4,100,False,0,car,0 days 00:36:38.808000,0 days 01:32:15.416000
2024-05-19 13:39:55.602,10450,170,4,100,False,0,car,0 days 00:36:39.008000,0 days 01:32:15.616000
2024-05-19 13:39:55.802,10941,178,4,100,False,0,car,0 days 00:36:39.208000,0 days 01:32:15.816000
2024-05-19 13:39:56.082,11389,186,4,100,False,0,car,0 days 00:36:39.488000,0 days 01:32:16.096000
2024-05-19 13:39:56.322,11712,196,4,100,False,0,car,0 days 00:36:39.728000,0 days 01:32:16.336000
2024-05-19 13:39:56.723,10780,209,4,100,False,0,car,0 days 00:36:40.129000,0 days 01:32:16.737000
2024-05-19 13:39:57.083,11236,218,5,100,False,0,car,0 days 00:36:40.489000,0 days 01:32:17.097000
2024-05-19 13:39:57.243,11557,223,5,100,False,0,car,0 days 00:36:40.649000,0 days 01:32:17.257000
2024-05-19 13:39:57.563,11824,230,5,100,False,0,car,0 days 00:36:40.969000,0 days 01:32:17.577000
2024-05-19 13:39:57.963,10722,239,5,100,False,0,car,0 days 00:36:41.369000,0 days 01:32:17.977000
2024-05-19 13:39:58.203,11048,246,6,100,False,0,car,0 days 00:36:41.609000,0 days 01:32:18.217000
2024-05-19 13:39:58.523,11284,251,6,100,False,0,car,0 days 00:36:41.929000,0 days 01:32:18.537000
2024-05-19 13:39:58.723,11413,255,6,100,False,0,car,0 days 00:36:42.129000,0 days 01:32:18.737000
2024-05-19 13:39:58.923,11531,258,6,100,False,0,car,0 days 00:36:42.329000,0 days 01:32:18.937000
2024-05-19 13:39:59.163,11610,259,6,100,False,0,car,0 days 00:36:42.569000,0 days 01:32:19.177000
2024-05-19 13:39:59.323,11720,263,6,100,False,0,car,0 days 00:36:42.729000,0 days 01:32:19.337000
2024-05-19 13:39:59.603,10642,267,7,100,False,0,car,0 days 00:36:43.009000,0 days 01:32:19.617000
2024-05-19 13:39:59.803,10733,270,7,100,False,0,car,0 days 00:36:43.209000,0 days 01:32:19.817000
2024-05-19 13:40:00.043,10842,272,7,100,False,0,car,0 days 00:36:43.449000,0 days 01:32:20.057000
2024-05-19 13:40:00.443,10981,277,7,100,False,0,car,0 days 00:36:43.849000,0 days 01:32:20.457000
2024-05-19 13:40:00.683,11086,278,7,100,False,0,car,0 days 00:36:44.089000,0 days 01:32:20.697000
2024-05-19 13:40:00.883,11070,281,7,100,False,0,car,0 days 00:36:44.289000,0 days 01:32:20.897000
2024-05-19 13:40:01.123,11070,281,7,100,False,0,car,0 days 00:36:44.529000,0 days 01:32:21.137000
2024-05-19 13:40:01.283,11199,284,7,100,False,0,car,0 days 00:36:44.689000,0 days 01:32:21.297000
2024-05-19 13:40:01.442,11328,284,7,100,False,0,car,0 days 00:36:44.848000,0 days 01:32:21.456000
2024-05-19 13:40:02.282,11449,291,7,100,False,0,car,0 days 00:36:45.688000,0 days 01:32:22.296000
2024-05-19 13:40:02.442,11438,291,7,100,False,0,car,0 days 00:36:45.848000,0 days 01:32:22.456000
2024-05-19 13:40:02.842,11405,289,7,100,False,0,car,0 days 00:36:46.248000,0 days 01:32:22.856000
2024-05-19 13:40:03.042,10945,286,7,16,False,0,car,0 days 00:36:46.448000,0 days 01:32:23.056000
2024-05-19 13:40:03.283,10953,280,7,0,True,0,car,0 days 00:36:46.689000,0 days 01:32:23.297000
2024-05-19 13:40:03.443,10382,267,7,0,True,0,car,0 days 00:36:46.849000,0 days 01:32:23.457000
2024-05-19 13:40:03.723,9178,235,7,0,True,0,car,0 days 00:36:47.129000,0 days 01:32:23.737000
2024-05-19 13:40:04.123,9764,205,7,0,True,0,car,0 days 00:36:47.529000,0 days 01:32:24.137000
2024-05-19 13:40:04.323,10358,175,7,0,True,0,car,0 days 00:36:47.729000,0 days 01:32:24.337000
2024-05-19 13:40:04.563,9815,158,5,0,True,0,car,0 days 00:36:47.969000,0 days 01:32:24.577000
2024-05-19 13:40:04.723,10254,147,4,0,True,0,car,0 days 00:36:48.129000,0 days 01:32:24.737000
2024-05-19 13:40:04.963,9474,138,3,0,True,0,car,0 days 00:36:48.369000,0 days 01:32:24.977000
2024-05-19 13:40:05.323,8812,126,3,0,True,0,car,0 days 00:36:48.729000,0 days 01:32:25.337000
2024-05-19 13:40:05.483,8645,124,3,0,False,0,car,0 days 00:36:48.889000,0 days 01:32:25.497000
2024-05-19 13:40:05.683,8623,122,3,2,False,0,car,0 days 00:36:49.089000,0 days 01:32:25.697000
2024-05-19 13:40:06.043,8467,118,3,11,False,0,car,0 days 00:36:49.449000,0 days 01:32:26.057000
2024-05-19 13:40:06.443,8971,120,3,37,False,0,car,0 days 00:36:49.849000,0 days 01:32:26.457000
2024-05-19 13:40:06.803,9742,129,3,69,False,0,car,0 days 00:36:50.209000,0 days 01:32:26.817000
2024-05-19 13:40:07.043,9992,135,3,74,False,0,car,0 days 00:36:50.449000,0 days 01:32:27.057000
2024-05-19 13:40:07.203,10506,142,3,80,False,0,car,0 days 00:36:50.609000,0 days 01:32:27.217000
2024-05-19 13:40:07.403,10101,150,3,89,False,0,car,0 days 00:36:50.809000,0 days 01:32:27.417000
2024-05-19 13:40:07.563,9473,154,4,92,False,0,car,0 days 00:36:50.969000,0 days 01:32:27.577000
2024-05-19 13:40:07.923,9574,162,4,9,True,0,car,0 days 00:36:51.329000,0 days 01:32:27.937000
2024-05-19 13:40:08.122,9350,157,4,0,True,0,car,0 days 00:36:51.528000,0 days 01:32:28.136000
2024-05-19 13:40:08.442,8616,146,4,0,True,0,car,0 days 00:36:51.848000,0 days 01:32:28.456000
2024-05-19 13:40:08.682,8465,144,4,0,True,0,car,0 days 00:36:52.088000,0 days 01:32:28.696000
2024-05-19 13:40:08.962,8099,139,4,0,False,0,car,0 days 00:36:52.368000,0 days 01:32:28.976000
2024-05-19 13:40:09.322,8361,134,4,44,False,0,car,0 days 00:36:52.728000,0 days 01:32:29.336000
2024-05-19 13:40:09.602,8671,139,4,56,False,0,car,0 days 00:36:53.008000,0 days 01:32:29.616000
2024-05-19 13:40:09.883,9142,143,4,70,False,0,car,0 days 00:36:53.289000,0 days 01:32:29.897000
2024-05-19 13:40:10.123,9657,146,4,77,False,0,car,0 days 00:36:53.529000,0 days 01:32:30.137000
2024-05-19 13:40:10.563,10498,168,4,100,False,0,car,0 days 00:36:53.969000,0 days 01:32:30.577000
2024-05-19 13:40:10.843,11038,179,4,100,False,0,car,0 days 00:36:54.249000,0 days 01:32:30.857000
2024-05-19 13:40:11.203,11579,191,4,100,False,0,car,0 days 00:36:54.609000,0 days 01:32:31.217000
2024-05-19 13:40:11.523,10600,205,5,100,False,0,car,0 days 00:36:54.929000,0 days 01:32:31.537000
2024-05-19 13:40:11.963,11173,216,5,100,False,0,car,0 days 00:36:55.369000,0 days 01:32:31.977000
2024-05-19 13:40:12.203,11459,224,5,100,False,0,car,0 days 00:36:55.609000,0 days 01:32:32.217000
2024-05-19 13:40:12.443,10467,229,5,100,False,0,car,0 days 00:36:55.849000,0 days 01:32:32.457000
2024-05-19 13:40:12.643,10547,233,5,100,False,0,car,0 days 00:36:56.049000,0 days 01:32:32.657000
2024-05-19 13:40:12.803,10719,238,6,100,False,0,car,0 days 00:36:56.209000,0 days 01:32:32.817000
2024-05-19 13:40:12.963,10816,240,6,100,False,0,car,0 days 00:36:56.369000,0 days 01:32:32.977000
2024-05-19 13:40:13.363,11146,244,6,100,False,0,car,0 days 00:36:56.769000,0 days 01:32:33.377000
2024-05-19 13:40:13.603,11316,251,6,100,False,0,car,0 days 00:36:57.009000,0 days 01:32:33.617000
2024-05-19 13:40:13.763,11399,255,6,100,False,0,car,0 days 00:36:57.169000,0 days 01:32:33.777000
2024-05-19 13:40:13.963,11531,257,6,100,False,0,car,0 days 00:36:57.369000,0 days 01:32:33.977000
2024-05-19 13:40:14.203,11536,263,6,100,False,0,car,0 days 00:36:57.609000,0 days 01:32:34.217000
2024-05-19 13:40:14.483,10589,265,7,100,False,0,car,0 days 00:36:57.889000,0 days 01:32:34.497000
2024-05-19 13:40:14.643,10685,268,7,100,False,0,car,0 days 00:36:58.049000,0 days 01:32:34.657000
2024-05-19 13:40:14.922,10838,272,7,100,False,0,car,0 days 00:36:58.328000,0 days 01:32:34.936000
2024-05-19 13:40:15.202,10998,275,7,100,False,0,car,0 days 00:36:58.608000,0 days 01:32:35.216000
2024-05-19 13:40:15.362,10996,277,7,100,False,0,car,0 days 00:36:58.768000,0 days 01:32:35.376000
2024-05-19 13:40:15.522,11109,279,7,100,False,0,car,0 days 00:36:58.928000,0 days 01:32:35.536000
2024-05-19 13:40:15.802,11180,281,7,100,False,0,car,0 days 00:36:59.208000,0 days 01:32:35.816000
2024-05-19 13:40:16.082,11254,283,7,100,False,0,car,0 days 00:36:59.488000,0 days 01:32:36.096000
2024-05-19 13:40:16.282,11295,285,7,100,False,0,car,0 days 00:36:59.688000,0 days 01:32:36.296000
2024-05-19 13:40:16.643,11386,288,7,100,False,0,car,0 days 00:37:00.049000,0 days 01:32:36.657000
2024-05-19 13:40:16.963,11609,291,7,100,False,0,car,0 days 00:37:00.369000,0 days 01:32:36.977000
2024-05-19 13:40:17.403,11440,294,7,100,False,0,car,0 days 00:37:00.809000,0 days 01:32:37.417000
2024-05-19 13:40:17.643,10537,295,8,100,False,0,car,0 days 00:37:01.049000,0 days 01:32:37.657000
2024-05-19 13:40:17.883,10563,297,8,100,False,0,car,0 days 00:37:01.289000,0 days 01:32:37.897000
2024-05-19 13:40:18.043,10642,297,8,100,False,0,car,0 days 00:37:01.449000,0 days 01:32:38.057000
2024-05-19 13:40:18.243,10666,297,8,100,False,0,car,0 days 00:37:01.649000,0 days 01:32:38.257000
2024-05-19 13:40:18.483,10697,299,8,100,False,0,car,0 days 00:37:01.889000,0 days 01:32:38.497000
2024-05-19 13:40:18.763,10695,302,8,100,False,0,car,0 days 00:37:02.169000,0 days 01:32:38.777000
2024-05-19 13:40:18.923,10733,302,8,100,False,0,car,0 days 00:37:02.329000,0 days 01:32:38.937000
2024-05-19 13:40:19.083,10740,303,8,100,False,0,car,0 days 00:37:02.489000,0 days 01:32:39.097000
2024-05-19 13:40:19.283,10754,303,8,100,False,0,car,0 days 00:37:02.689000,0 days 01:32:39.297000
2024-05-19 13:40:19.523,10854,305,8,100,False,0,car,0 days 00:37:02.929000,0 days 01:32:39.537000
2024-05-19 13:40:19.763,10877,306,8,100,False,0,car,0 days 00:37:03.169000,0 days 01:32:39.777000
2024-05-19 13:40:20.003,10860,306,8,100,False,0,car,0 days 00:37:03.409000,0 days 01:32:40.017000
2024-05-19 13:40:20.163,10903,306,8,100,False,0,car,0 days 00:37:03.569000,0 days 01:32:40.177000
2024-05-19 13:40:20.483,10931,306,8,100,False,0,car,0 days 00:37:03.889000,0 days 01:32:40.497000
2024-05-19 13:40:20.923,10921,306,8,100,False,0,car,0 days 00:37:04.329000,0 days 01:32:40.937000
2024-05-19 13:40:21.083,10953,308,8,100,False,0,car,0 days 00:37:04.489000,0 days 01:32:41.097000
2024-05-19 13:40:21.562,10990,309,8,100,False,0,car,0 days 00:37:04.968000,0 days 01:32:41.576000
2024-05-19 13:40:21.722,11060,309,8,100,False,0,car,0 days 00:37:05.128000,0 days 01:32:41.736000
2024-05-19 13:40:21.922,11048,310,8,100,False,0,car,0 days 00:37:05.328000,0 days 01:32:41.936000
2024-05-19 13:40:22.122,10995,310,8,100,False,0,car,0 days 00:37:05.528000,0 days 01:32:42.136000
2024-05-19 13:40:22.282,11079,310,8,100,False,0,car,0 days 00:37:05.688000,0 days 01:32:42.296000
2024-05-19 13:40:22.562,10945,308,8,100,False,0,car,0 days 00:37:05.968000,0 days 01:32:42.576000
2024-05-19 13:40:22.802,10871,308,8,100,False,0,car,0 days 00:37:06.208000,0 days 01:32:42.816000
2024-05-19 13:40:23.163,10930,307,8,100,False,0,car,0 days 00:37:06.569000,0 days 01:32:43.177000
2024-05-19 13:40:23.483,10870,307,8,100,False,0,car,0 days 00:37:06.889000,0 days 01:32:43.497000
2024-05-19 13:40:23.723,10911,307,8,100,False,0,car,0 days 00:37:07.129000,0 days 01:32:43.737000
2024-05-19 13:40:23.963,10934,307,8,100,False,0,car,0 days 00:37:07.369000,0 days 01:32:43.977000
2024-05-19 13:40:24.203,10918,307,8,100,False,0,car,0 days 00:37:07.609000,0 days 01:32:44.217000
2024-05-19 13:40:24.643,10926,308,8,100,False,0,car,0 days 00:37:08.049000,0 days 01:32:44.657000
2024-05-19 13:40:24.843,10848,308,8,89,False,0,car,0 days 00:37:08.249000,0 days 01:32:44.857000
2024-05-19 13:40:25.003,10626,305,8,3,False,0,car,0 days 00:37:08.409000,0 days 01:32:45.017000
2024-05-19 13:40:25.203,10550,302,8,0,False,0,car,0 days 00:37:08.609000,0 days 01:32:45.217000
2024-05-19 13:40:25.403,10121,288,8,0,True,0,car,0 days 00:37:08.809000,0 days 01:32:45.417000
2024-05-19 13:40:25.643,9348,270,8,0,True,0,car,0 days 00:37:09.049000,0 days 01:32:45.657000
2024-05-19 13:40:26.083,9613,224,8,0,True,0,car,0 days 00:37:09.489000,0 days 01:32:46.097000
2024-05-19 13:40:26.483,9839,190,6,0,True,0,car,0 days 00:37:09.889000,0 days 01:32:46.497000
2024-05-19 13:40:26.683,10224,174,5,0,True,0,car,0 days 00:37:10.089000,0 days 01:32:46.697000
2024-05-19 13:40:26.923,9405,163,4,0,True,0,car,0 days 00:37:10.329000,0 days 01:32:46.937000
2024-05-19 13:40:27.243,9038,156,4,0,True,0,car,0 days 00:37:10.649000,0 days 01:32:47.257000
2024-05-19 13:40:27.523,8973,148,4,6,False,0,car,0 days 00:37:10.929000,0 days 01:32:47.537000
2024-05-19 13:40:27.763,9173,148,4,55,False,0,car,0 days 00:37:11.169000,0 days 01:32:47.777000
2024-05-19 13:40:28.003,9564,154,4,69,False,0,car,0 days 00:37:11.409000,0 days 01:32:48.017000
2024-05-19 13:40:28.362,10177,164,4,95,False,0,car,0 days 00:37:11.768000,0 days 01:32:48.376000
2024-05-19 13:40:28.602,10556,173,4,69,False,0,car,0 days 00:37:12.008000,0 days 01:32:48.616000
2024-05-19 13:40:28.762,10506,172,4,51,False,0,car,0 days 00:37:12.168000,0 days 01:32:48.776000
2024-05-19 13:40:29.042,10860,173,4,68,False,0,car,0 days 00:37:12.448000,0 days 01:32:49.056000
2024-05-19 13:40:29.202,11198,177,4,83,False,0,car,0 days 00:37:12.608000,0 days 01:32:49.216000
2024-05-19 13:40:29.442,10548,180,4,91,False,0,car,0 days 00:37:12.848000,0 days 01:32:49.456000
2024-05-19 13:40:29.803,10149,194,5,100,False,0,car,0 days 00:37:13.209000,0 days 01:32:49.817000
2024-05-19 13:40:30.803,11292,222,5,100,False,0,car,0 days 00:37:14.209000,0 days 01:32:50.817000
2024-05-19 13:40:31.003,10054,225,6,100,False,0,car,0 days 00:37:14.409000,0 days 01:32:51.017000
2024-05-19 13:40:31.443,10569,232,6,100,False,0,car,0 days 00:37:14.849000,0 days 01:32:51.457000
2024-05-19 13:40:31.723,10724,237,6,100,False,0,car,0 days 00:37:15.129000,0 days 01:32:51.737000
2024-05-19 13:40:32.083,10957,242,6,100,False,0,car,0 days 00:37:15.489000,0 days 01:32:52.097000
2024-05-19 13:40:32.243,11094,244,6,100,False,0,car,0 days 00:37:15.649000,0 days 01:32:52.257000
2024-05-19 13:40:32.403,11220,249,6,100,False,0,car,0 days 00:37:15.809000,0 days 01:32:52.417000
2024-05-19 13:40:32.603,11265,253,6,100,False,0,car,0 days 00:37:16.009000,0 days 01:32:52.617000
2024-05-19 13:40:32.883,11523,256,6,100,False,0,car,0 days 00:37:16.289000,0 days 01:32:52.897000
2024-05-19 13:40:33.083,11543,259,6,100,False,0,car,0 days 00:37:16.489000,0 days 01:32:53.097000
2024-05-19 13:40:33.283,11514,261,6,100,False,0,car,0 days 00:37:16.689000,0 days 01:32:53.297000
2024-05-19 13:40:33.723,10666,269,7,100,False,0,car,0 days 00:37:17.129000,0 days 01:32:53.737000
2024-05-19 13:40:33.883,10752,270,7,100,False,0,car,0 days 00:37:17.289000,0 days 01:32:53.897000
2024-05-19 13:40:34.043,10858,272,7,100,False,0,car,0 days 00:37:17.449000,0 days 01:32:54.057000
2024-05-19 13:40:34.323,10880,276,7,100,False,0,car,0 days 00:37:17.729000,0 days 01:32:54.337000
2024-05-19 13:40:34.723,11055,279,7,100,False,0,car,0 days 00:37:18.129000,0 days 01:32:54.737000
2024-05-19 13:40:35.082,11002,280,7,100,False,0,car,0 days 00:37:18.488000,0 days 01:32:55.096000
2024-05-19 13:40:35.242,11144,280,7,100,False,0,car,0 days 00:37:18.648000,0 days 01:32:55.256000
2024-05-19 13:40:35.522,11075,280,7,100,False,0,car,0 days 00:37:18.928000,0 days 01:32:55.536000
2024-05-19 13:40:35.722,11070,279,7,100,False,0,car,0 days 00:37:19.128000,0 days 01:32:55.736000
2024-05-19 13:40:36.083,11072,279,7,91,False,0,car,0 days 00:37:19.489000,0 days 01:32:56.097000
2024-05-19 13:40:36.363,10384,275,7,0,True,0,car,0 days 00:37:19.769000,0 days 01:32:56.377000
2024-05-19 13:40:36.803,10448,240,7,0,True,0,car,0 days 00:37:20.209000,0 days 01:32:56.817000
2024-05-19 13:40:37.203,9922,226,6,0,True,0,car,0 days 00:37:20.609000,0 days 01:32:57.217000
2024-05-19 13:40:37.443,9657,220,6,0,True,0,car,0 days 00:37:20.849000,0 days 01:32:57.457000
2024-05-19 13:40:37.683,9186,213,6,0,True,0,car,0 days 00:37:21.089000,0 days 01:32:57.697000
2024-05-19 13:40:37.963,9732,197,6,0,True,0,car,0 days 00:37:21.369000,0 days 01:32:57.977000
2024-05-19 13:40:38.323,8760,181,5,0,True,0,car,0 days 00:37:21.729000,0 days 01:32:58.337000
2024-05-19 13:40:38.563,8518,172,5,0,True,0,car,0 days 00:37:21.969000,0 days 01:32:58.577000
2024-05-19 13:40:38.843,8584,166,5,0,False,0,car,0 days 00:37:22.249000,0 days 01:32:58.857000
2024-05-19 13:40:39.043,8497,165,5,45,False,0,car,0 days 00:37:22.449000,0 days 01:32:59.057000
2024-05-19 13:40:39.243,8733,166,5,59,False,0,car,0 days 00:37:22.649000,0 days 01:32:59.257000
2024-05-19 13:40:39.443,8894,167,5,77,False,0,car,0 days 00:37:22.849000,0 days 01:32:59.457000
2024-05-19 13:40:39.643,9208,175,5,91,False,0,car,0 days 00:37:23.049000,0 days 01:32:59.657000
2024-05-19 13:40:40.083,10256,187,5,100,False,0,car,0 days 00:37:23.489000,0 days 01:33:00.097000
2024-05-19 13:40:40.483,10473,197,5,100,False,0,car,0 days 00:37:23.889000,0 days 01:33:00.497000
2024-05-19 13:40:40.683,10547,203,5,100,False,0,car,0 days 00:37:24.089000,0 days 01:33:00.697000
2024-05-19 13:40:40.923,11016,212,5,100,False,0,car,0 days 00:37:24.329000,0 days 01:33:00.937000
2024-05-19 13:40:41.203,11104,218,5,100,False,0,car,0 days 00:37:24.609000,0 days 01:33:01.217000
2024-05-19 13:40:41.523,11368,220,5,100,False,0,car,0 days 00:37:24.929000,0 days 01:33:01.537000
2024-05-19 13:40:41.722,11448,223,5,100,False,0,car,0 days 00:37:25.128000,0 days 01:33:01.736000
2024-05-19 13:40:41.922,11549,226,5,100,False,0,car,0 days 00:37:25.328000,0 days 01:33:01.936000
2024-05-19 13:40:42.122,11544,227,5,97,False,0,car,0 days 00:37:25.528000,0 days 01:33:02.136000
2024-05-19 13:40:42.282,11376,227,5,6,False,0,car,0 days 00:37:25.688000,0 days 01:33:02.296000
2024-05-19 13:40:42.442,10974,227,5,0,True,0,car,0 days 00:37:25.848000,0 days 01:33:02.456000
2024-05-19 13:40:42.643,10089,199,5,0,True,0,car,0 days 00:37:26.049000,0 days 01:33:02.657000
2024-05-19 13:40:42.963,10071,199,5,0,True,0,car,0 days 00:37:26.369000,0 days 01:33:02.977000
2024-05-19 13:40:43.323,10405,146,4,0,True,0,car,0 days 00:37:26.729000,0 days 01:33:03.337000
2024-05-19 13:40:43.563,9592,134,3,0,True,0,car,0 days 00:37:26.969000,0 days 01:33:03.577000
2024-05-19 13:40:43.803,8612,122,3,0,True,0,car,0 days 00:37:27.209000,0 days 01:33:03.817000
2024-05-19 13:40:44.043,8034,116,3,0,True,0,car,0 days 00:37:27.449000,0 days 01:33:04.057000
2024-05-19 13:40:44.283,7663,110,3,0,True,0,car,0 days 00:37:27.689000,0 days 01:33:04.297000
2024-05-19 13:40:44.523,7232,105,3,0,False,0,car,0 days 00:37:27.929000,0 days 01:33:04.537000
2024-05-19 13:40:44.763,7018,102,3,0,False,0,car,0 days 00:37:28.169000,0 days 01:33:04.777000
2024-05-19 13:40:44.923,7144,97,3,0,False,0,car,0 days 00:37:28.329000,0 days 01:33:04.937000
2024-05-19 13:40:45.083,7054,96,3,6,False,0,car,0 days 00:37:28.489000,0 days 01:33:05.097000
2024-05-19 13:40:45.283,7214,96,3,26,False,0,car,0 days 00:37:28.689000,0 days 01:33:05.297000
2024-05-19 13:40:45.563,7480,99,3,38,False,0,car,0 days 00:37:28.969000,0 days 01:33:05.577000
2024-05-19 13:40:45.763,7612,102,3,42,False,0,car,0 days 00:37:29.169000,0 days 01:33:05.777000
2024-05-19 13:40:46.003,8025,106,3,48,False,0,car,0 days 00:37:29.409000,0 days 01:33:06.017000
2024-05-19 13:40:46.243,8542,111,3,58,False,0,car,0 days 00:37:29.649000,0 days 01:33:06.257000
2024-05-19 13:40:46.443,8879,116,3,62,False,0,car,0 days 00:37:29.849000,0 days 01:33:06.457000
2024-05-19 13:40:46.643,9429,123,3,74,False,0,car,0 days 00:37:30.049000,0 days 01:33:06.657000
2024-05-19 13:40:46.843,9966,131,3,82,False,0,car,0 days 00:37:30.249000,0 days 01:33:06.857000
2024-05-19 13:40:47.003,10510,139,3,94,False,0,car,0 days 00:37:30.409000,0 days 01:33:07.017000
2024-05-19 13:40:47.203,11350,149,3,100,False,0,car,0 days 00:37:30.609000,0 days 01:33:07.217000
2024-05-19 13:40:47.483,10146,157,3,100,False,0,car,0 days 00:37:30.889000,0 days 01:33:07.497000
2024-05-19 13:40:47.923,11052,174,4,100,False,0,car,0 days 00:37:31.329000,0 days 01:33:07.937000
2024-05-19 13:40:48.123,11313,185,4,100,False,0,car,0 days 00:37:31.529000,0 days 01:33:08.137000
2024-05-19 13:40:48.442,11780,196,4,100,False,0,car,0 days 00:37:31.848000,0 days 01:33:08.456000
2024-05-19 13:40:48.682,10525,201,5,100,False,0,car,0 days 00:37:32.088000,0 days 01:33:08.696000
2024-05-19 13:40:49.002,11007,213,5,100,False,0,car,0 days 00:37:32.408000,0 days 01:33:09.016000
2024-05-19 13:40:49.202,11197,218,5,100,False,0,car,0 days 00:37:32.608000,0 days 01:33:09.216000
2024-05-19 13:40:49.563,11435,226,5,100,False,0,car,0 days 00:37:32.969000,0 days 01:33:09.577000
2024-05-19 13:40:49.923,10777,234,5,100,False,0,car,0 days 00:37:33.329000,0 days 01:33:09.937000
2024-05-19 13:40:50.083,10730,237,6,100,False,0,car,0 days 00:37:33.489000,0 days 01:33:10.097000
2024-05-19 13:40:50.283,10796,241,6,100,False,0,car,0 days 00:37:33.689000,0 days 01:33:10.297000
2024-05-19 13:40:50.523,10880,247,6,100,False,0,car,0 days 00:37:33.929000,0 days 01:33:10.537000
2024-05-19 13:40:50.763,11173,249,6,100,False,0,car,0 days 00:37:34.169000,0 days 01:33:10.777000
2024-05-19 13:40:51.003,11268,254,6,100,False,0,car,0 days 00:37:34.409000,0 days 01:33:11.017000
2024-05-19 13:40:51.323,11557,258,6,100,False,0,car,0 days 00:37:34.729000,0 days 01:33:11.337000
2024-05-19 13:40:51.483,11610,259,6,100,False,0,car,0 days 00:37:34.889000,0 days 01:33:11.497000
2024-05-19 13:40:51.643,10490,261,6,100,False,0,car,0 days 00:37:35.049000,0 days 01:33:11.657000
2024-05-19 13:40:51.843,10216,263,7,100,False,0,car,0 days 00:37:35.249000,0 days 01:33:11.857000
2024-05-19 13:40:52.043,10537,265,7,100,False,0,car,0 days 00:37:35.449000,0 days 01:33:12.057000
2024-05-19 13:40:52.403,10604,266,7,100,False,0,car,0 days 00:37:35.809000,0 days 01:33:12.417000
2024-05-19 13:40:52.603,10625,267,7,100,False,0,car,0 days 00:37:36.009000,0 days 01:33:12.617000
2024-05-19 13:40:52.803,10717,268,7,100,False,0,car,0 days 00:37:36.209000,0 days 01:33:12.817000
2024-05-19 13:40:53.043,10728,268,7,100,False,0,car,0 days 00:37:36.449000,0 days 01:33:13.057000
2024-05-19 13:40:53.243,10631,269,7,100,False,0,car,0 days 00:37:36.649000,0 days 01:33:13.257000
2024-05-19 13:40:53.483,10682,269,7,100,False,0,car,0 days 00:37:36.889000,0 days 01:33:13.497000
2024-05-19 13:40:53.843,10680,270,7,100,False,0,car,0 days 00:37:37.249000,0 days 01:33:13.857000
2024-05-19 13:40:54.043,10512,270,7,89,False,0,car,0 days 00:37:37.449000,0 days 01:33:14.057000
2024-05-19 13:40:54.403,9982,247,7,0,True,0,car,0 days 00:37:37.809000,0 days 01:33:14.417000
2024-05-19 13:40:54.723,10155,225,6,0,True,0,car,0 days 00:37:38.129000,0 days 01:33:14.737000
2024-05-19 13:40:54.963,10634,218,6,0,True,0,car,0 days 00:37:38.369000,0 days 01:33:14.977000
2024-05-19 13:40:55.362,10120,201,5,5,False,0,car,0 days 00:37:38.768000,0 days 01:33:15.376000
2024-05-19 13:40:55.722,9965,194,5,40,False,0,car,0 days 00:37:39.128000,0 days 01:33:15.736000
2024-05-19 13:40:55.883,9989,193,5,67,False,0,car,0 days 00:37:39.289000,0 days 01:33:15.897000
2024-05-19 13:40:56.083,10053,196,5,85,False,0,car,0 days 00:37:39.489000,0 days 01:33:16.097000
2024-05-19 13:40:56.403,10749,204,5,100,False,0,car,0 days 00:37:39.809000,0 days 01:33:16.417000
2024-05-19 13:40:56.563,10825,207,5,100,False,0,car,0 days 00:37:39.969000,0 days 01:33:16.577000
2024-05-19 13:40:56.803,11218,213,5,100,False,0,car,0 days 00:37:40.209000,0 days 01:33:16.817000
2024-05-19 13:40:57.003,11428,220,5,100,False,0,car,0 days 00:37:40.409000,0 days 01:33:17.017000
2024-05-19 13:40:57.163,10889,222,5,100,False,0,car,0 days 00:37:40.569000,0 days 01:33:17.177000
2024-05-19 13:40:57.323,10282,227,6,100,False,0,car,0 days 00:37:40.729000,0 days 01:33:17.337000
2024-05-19 13:40:57.483,10395,230,6,100,False,0,car,0 days 00:37:40.889000,0 days 01:33:17.497000
2024-05-19 13:40:57.843,10718,237,6,100,False,0,car,0 days 00:37:41.249000,0 days 01:33:17.857000
2024-05-19 13:40:58.003,10718,239,6,100,False,0,car,0 days 00:37:41.409000,0 days 01:33:18.017000
2024-05-19 13:40:58.163,10997,239,6,100,False,0,car,0 days 00:37:41.569000,0 days 01:33:18.177000
2024-05-19 13:40:58.363,11129,247,6,100,False,0,car,0 days 00:37:41.769000,0 days 01:33:18.377000
2024-05-19 13:40:58.763,11359,255,6,100,False,0,car,0 days 00:37:42.169000,0 days 01:33:18.777000
2024-05-19 13:40:59.043,10372,258,6,100,False,0,car,0 days 00:37:42.449000,0 days 01:33:19.057000
2024-05-19 13:40:59.203,10377,260,6,100,False,0,car,0 days 00:37:42.609000,0 days 01:33:19.217000
2024-05-19 13:40:59.483,10441,262,7,100,False,0,car,0 days 00:37:42.889000,0 days 01:33:19.497000
2024-05-19 13:40:59.723,10563,265,7,100,False,0,car,0 days 00:37:43.129000,0 days 01:33:19.737000
2024-05-19 13:41:00.043,10734,268,7,100,False,0,car,0 days 00:37:43.449000,0 days 01:33:20.057000
2024-05-19 13:41:00.363,10705,270,7,100,False,0,car,0 days 00:37:43.769000,0 days 01:33:20.377000
2024-05-19 13:41:00.563,10716,269,7,80,False,0,car,0 days 00:37:43.969000,0 days 01:33:20.577000
2024-05-19 13:41:00.763,10297,269,7,0,True,0,car,0 days 00:37:44.169000,0 days 01:33:20.777000
2024-05-19 13:41:01.083,9952,260,7,0,True,0,car,0 days 00:37:44.489000,0 days 01:33:21.097000
2024-05-19 13:41:01.243,9795,253,7,0,True,0,car,0 days 00:37:44.649000,0 days 01:33:21.257000
2024-05-19 13:41:01.403,9661,251,7,0,True,0,car,0 days 00:37:44.809000,0 days 01:33:21.417000
2024-05-19 13:41:01.763,9110,242,7,0,True,0,car,0 days 00:37:45.169000,0 days 01:33:21.777000
2024-05-19 13:41:01.922,8990,232,7,0,True,0,car,0 days 00:37:45.328000,0 days 01:33:21.936000
2024-05-19 13:41:02.282,9435,215,6,0,True,0,car,0 days 00:37:45.688000,0 days 01:33:22.296000
2024-05-19 13:41:02.443,9855,197,6,0,True,0,car,0 days 00:37:45.849000,0 days 01:33:22.457000
2024-05-19 13:41:02.603,9507,181,6,0,True,0,car,0 days 00:37:46.009000,0 days 01:33:22.617000
2024-05-19 13:41:02.923,9569,160,4,0,True,0,car,0 days 00:37:46.329000,0 days 01:33:22.937000
2024-05-19 13:41:03.083,9295,155,4,0,True,0,car,0 days 00:37:46.489000,0 days 01:33:23.097000
2024-05-19 13:41:03.323,8366,144,4,0,True,0,car,0 days 00:37:46.729000,0 days 01:33:23.337000
2024-05-19 13:41:03.723,7883,133,4,0,False,0,car,0 days 00:37:47.129000,0 days 01:33:23.737000
2024-05-19 13:41:03.963,7704,131,4,5,False,0,car,0 days 00:37:47.369000,0 days 01:33:23.977000
2024-05-19 13:41:04.203,7750,125,4,21,False,0,car,0 days 00:37:47.609000,0 days 01:33:24.217000
2024-05-19 13:41:04.403,7888,127,4,44,False,0,car,0 days 00:37:47.809000,0 days 01:33:24.417000
2024-05-19 13:41:04.603,8049,131,4,59,False,0,car,0 days 00:37:48.009000,0 days 01:33:24.617000
2024-05-19 13:41:04.843,8690,138,4,80,False,0,car,0 days 00:37:48.249000,0 days 01:33:24.857000
2024-05-19 13:41:05.163,10112,143,4,100,False,0,car,0 days 00:37:48.569000,0 days 01:33:25.177000
2024-05-19 13:41:05.523,10235,162,4,100,False,0,car,0 days 00:37:48.929000,0 days 01:33:25.537000
2024-05-19 13:41:05.723,10515,168,4,100,False,0,car,0 days 00:37:49.129000,0 days 01:33:25.737000
2024-05-19 13:41:06.043,10865,179,4,100,False,0,car,0 days 00:37:49.449000,0 days 01:33:26.057000
2024-05-19 13:41:06.403,11332,192,4,100,False,0,car,0 days 00:37:49.809000,0 days 01:33:26.417000
2024-05-19 13:41:06.643,10398,198,4,100,False,0,car,0 days 00:37:50.049000,0 days 01:33:26.657000
2024-05-19 13:41:06.883,10671,204,5,100,False,0,car,0 days 00:37:50.289000,0 days 01:33:26.897000
2024-05-19 13:41:07.163,11099,213,5,100,False,0,car,0 days 00:37:50.569000,0 days 01:33:27.177000
2024-05-19 13:41:07.443,11373,213,5,100,False,0,car,0 days 00:37:50.849000,0 days 01:33:27.457000
2024-05-19 13:41:07.923,11343,232,5,100,False,0,car,0 days 00:37:51.329000,0 days 01:33:27.937000
2024-05-19 13:41:08.163,10643,236,6,100,False,0,car,0 days 00:37:51.569000,0 days 01:33:28.177000
2024-05-19 13:41:08.403,10926,242,6,100,False,0,car,0 days 00:37:51.809000,0 days 01:33:28.417000
2024-05-19 13:41:08.762,11118,247,6,100,False,0,car,0 days 00:37:52.168000,0 days 01:33:28.776000
2024-05-19 13:41:09.123,11213,252,6,100,False,0,car,0 days 00:37:52.529000,0 days 01:33:29.137000
2024-05-19 13:41:09.283,11382,253,6,100,False,0,car,0 days 00:37:52.689000,0 days 01:33:29.297000
2024-05-19 13:41:09.723,11404,256,6,100,False,0,car,0 days 00:37:53.129000,0 days 01:33:29.737000
2024-05-19 13:41:10.163,11451,256,6,100,False,0,car,0 days 00:37:53.569000,0 days 01:33:30.177000
2024-05-19 13:41:10.523,11487,257,6,64,False,0,car,0 days 00:37:53.929000,0 days 01:33:30.537000
2024-05-19 13:41:10.923,10766,244,6,0,True,0,car,0 days 00:37:54.329000,0 days 01:33:30.937000
2024-05-19 13:41:11.083,10290,237,6,0,True,0,car,0 days 00:37:54.489000,0 days 01:33:31.097000
2024-05-19 13:41:11.403,9558,198,6,0,True,0,car,0 days 00:37:54.809000,0 days 01:33:31.417000
2024-05-19 13:41:11.683,10123,181,5,0,True,0,car,0 days 00:37:55.089000,0 days 01:33:31.697000
2024-05-19 13:41:12.043,9094,154,4,0,True,0,car,0 days 00:37:55.449000,0 days 01:33:32.057000
2024-05-19 13:41:12.443,7789,134,4,0,True,0,car,0 days 00:37:55.849000,0 days 01:33:32.457000
2024-05-19 13:41:12.803,7134,123,4,0,True,0,car,0 days 00:37:56.209000,0 days 01:33:32.817000
2024-05-19 13:41:13.003,6959,117,4,0,False,0,car,0 days 00:37:56.409000,0 days 01:33:33.017000
2024-05-19 13:41:13.243,7272,114,4,0,False,0,car,0 days 00:37:56.649000,0 days 01:33:33.257000
2024-05-19 13:41:13.643,7618,109,3,0,True,0,car,0 days 00:37:57.049000,0 days 01:33:33.657000
2024-05-19 13:41:13.883,7436,107,3,0,False,0,car,0 days 00:37:57.289000,0 days 01:33:33.897000
2024-05-19 13:41:14.163,7092,99,3,0,False,0,car,0 days 00:37:57.569000,0 days 01:33:34.177000
2024-05-19 13:41:14.483,7290,97,3,26,False,0,car,0 days 00:37:57.889000,0 days 01:33:34.497000
2024-05-19 13:41:14.683,7597,100,3,39,False,0,car,0 days 00:37:58.089000,0 days 01:33:34.697000
2024-05-19 13:41:15.123,8515,112,3,69,False,0,car,0 days 00:37:58.529000,0 days 01:33:35.137000
2024-05-19 13:41:15.402,9456,124,3,81,False,0,car,0 days 00:37:58.808000,0 days 01:33:35.416000
2024-05-19 13:41:15.643,10030,133,3,89,False,0,car,0 days 00:37:59.049000,0 days 01:33:35.657000
2024-05-19 13:41:15.843,10865,143,3,98,False,0,car,0 days 00:37:59.249000,0 days 01:33:35.857000
2024-05-19 13:41:16.123,10509,158,3,100,False,0,car,0 days 00:37:59.529000,0 days 01:33:36.137000
2024-05-19 13:41:16.363,10244,166,4,100,False,0,car,0 days 00:37:59.769000,0 days 01:33:36.377000
2024-05-19 13:41:16.563,10648,175,4,100,False,0,car,0 days 00:37:59.969000,0 days 01:33:36.577000
2024-05-19 13:41:16.883,11479,186,4,100,False,0,car,0 days 00:38:00.289000,0 days 01:33:36.897000
2024-05-19 13:41:17.203,11509,199,4,100,False,0,car,0 days 00:38:00.609000,0 days 01:33:37.217000
2024-05-19 13:41:17.563,10789,208,5,100,False,0,car,0 days 00:38:00.969000,0 days 01:33:37.577000
2024-05-19 13:41:17.763,10941,215,5,100,False,0,car,0 days 00:38:01.169000,0 days 01:33:37.777000
2024-05-19 13:41:17.923,11221,220,5,100,False,0,car,0 days 00:38:01.329000,0 days 01:33:37.937000
2024-05-19 13:41:18.083,11397,220,5,100,False,0,car,0 days 00:38:01.489000,0 days 01:33:38.097000
2024-05-19 13:41:18.443,11348,232,5,100,False,0,car,0 days 00:38:01.849000,0 days 01:33:38.457000
2024-05-19 13:41:18.603,10508,234,5,100,False,0,car,0 days 00:38:02.009000,0 days 01:33:38.617000
2024-05-19 13:41:18.763,10746,238,6,100,False,0,car,0 days 00:38:02.169000,0 days 01:33:38.777000
2024-05-19 13:41:18.963,10926,243,6,100,False,0,car,0 days 00:38:02.369000,0 days 01:33:38.977000
2024-05-19 13:41:19.243,11130,248,6,100,False,0,car,0 days 00:38:02.649000,0 days 01:33:39.257000
2024-05-19 13:41:19.603,11375,255,6,100,False,0,car,0 days 00:38:03.009000,0 days 01:33:39.617000
2024-05-19 13:41:19.883,11493,258,6,100,False,0,car,0 days 00:38:03.289000,0 days 01:33:39.897000
2024-05-19 13:41:20.243,10704,264,6,100,False,0,car,0 days 00:38:03.649000,0 days 01:33:40.257000
2024-05-19 13:41:20.563,10624,267,7,100,False,0,car,0 days 00:38:03.969000,0 days 01:33:40.577000
2024-05-19 13:41:20.763,10759,269,7,100,False,0,car,0 days 00:38:04.169000,0 days 01:33:40.777000
2024-05-19 13:41:20.963,10814,272,7,100,False,0,car,0 days 00:38:04.369000,0 days 01:33:40.977000
2024-05-19 13:41:21.323,11031,276,7,100,False,0,car,0 days 00:38:04.729000,0 days 01:33:41.337000
2024-05-19 13:41:21.523,11036,278,7,100,False,0,car,0 days 00:38:04.929000,0 days 01:33:41.537000
2024-05-19 13:41:21.683,11052,278,7,100,False,0,car,0 days 00:38:05.089000,0 days 01:33:41.697000
2024-05-19 13:41:21.963,11192,280,7,100,False,0,car,0 days 00:38:05.369000,0 days 01:33:41.977000
2024-05-19 13:41:22.203,11211,284,7,100,False,0,car,0 days 00:38:05.609000,0 days 01:33:42.217000
2024-05-19 13:41:22.443,11256,286,7,100,False,0,car,0 days 00:38:05.849000,0 days 01:33:42.457000
2024-05-19 13:41:22.683,11256,286,7,100,False,0,car,0 days 00:38:06.089000,0 days 01:33:42.697000
2024-05-19 13:41:22.963,11489,290,7,100,False,0,car,0 days 00:38:06.369000,0 days 01:33:42.977000
2024-05-19 13:41:23.123,11502,292,7,100,False,0,car,0 days 00:38:06.529000,0 days 01:33:43.137000
2024-05-19 13:41:23.363,11606,292,7,100,False,0,car,0 days 00:38:06.769000,0 days 01:33:43.377000
2024-05-19 13:41:23.643,11591,291,7,100,False,0,car,0 days 00:38:07.049000,0 days 01:33:43.657000
2024-05-19 13:41:23.883,11417,290,7,27,False,0,car,0 days 00:38:07.289000,0 days 01:33:43.897000
2024-05-19 13:41:24.243,10726,274,7,0,True,0,car,0 days 00:38:07.649000,0 days 01:33:44.257000
2024-05-19 13:41:24.643,9557,232,7,0,True,0,car,0 days 00:38:08.049000,0 days 01:33:44.657000
2024-05-19 13:41:24.923,9986,211,7,0,True,0,car,0 days 00:38:08.329000,0 days 01:33:44.937000
2024-05-19 13:41:25.123,10750,179,7,0,True,0,car,0 days 00:38:08.529000,0 days 01:33:45.137000
2024-05-19 13:41:25.323,10750,161,6,0,True,0,car,0 days 00:38:08.729000,0 days 01:33:45.337000
2024-05-19 13:41:25.683,10037,143,3,0,True,0,car,0 days 00:38:09.089000,0 days 01:33:45.697000
2024-05-19 13:41:26.123,8679,124,3,0,True,0,car,0 days 00:38:09.529000,0 days 01:33:46.137000
2024-05-19 13:41:26.483,8314,119,3,0,False,0,car,0 days 00:38:09.889000,0 days 01:33:46.497000
2024-05-19 13:41:26.683,8236,116,3,3,False,0,car,0 days 00:38:10.089000,0 days 01:33:46.697000
2024-05-19 13:41:26.923,8740,115,3,39,False,0,car,0 days 00:38:10.329000,0 days 01:33:46.937000
2024-05-19 13:41:27.203,8933,121,3,51,False,0,car,0 days 00:38:10.609000,0 days 01:33:47.217000
2024-05-19 13:41:27.483,9526,125,3,64,False,0,car,0 days 00:38:10.889000,0 days 01:33:47.497000
2024-05-19 13:41:27.643,10044,131,3,70,False,0,car,0 days 00:38:11.049000,0 days 01:33:47.657000
2024-05-19 13:41:27.923,10453,142,3,84,False,0,car,0 days 00:38:11.329000,0 days 01:33:47.937000
2024-05-19 13:41:28.083,11153,146,3,100,False,0,car,0 days 00:38:11.489000,0 days 01:33:48.097000
2024-05-19 13:41:28.323,9885,159,3,100,False,0,car,0 days 00:38:11.729000,0 days 01:33:48.337000
2024-05-19 13:41:28.764,9425,163,4,0,True,0,car,0 days 00:38:12.170000,0 days 01:33:48.778000
2024-05-19 13:41:29.003,9059,155,4,0,True,0,car,0 days 00:38:12.409000,0 days 01:33:49.017000
2024-05-19 13:41:29.163,8901,152,4,0,True,0,car,0 days 00:38:12.569000,0 days 01:33:49.177000
2024-05-19 13:41:29.563,8447,146,4,0,True,0,car,0 days 00:38:12.969000,0 days 01:33:49.577000
2024-05-19 13:41:29.723,8476,141,4,0,False,0,car,0 days 00:38:13.129000,0 days 01:33:49.737000
2024-05-19 13:41:29.923,8552,138,4,8,False,0,car,0 days 00:38:13.329000,0 days 01:33:49.937000
2024-05-19 13:41:30.163,8770,141,4,57,False,0,car,0 days 00:38:13.569000,0 days 01:33:50.177000
2024-05-19 13:41:30.363,8912,144,4,59,False,0,car,0 days 00:38:13.769000,0 days 01:33:50.377000
2024-05-19 13:41:30.523,9278,147,4,64,False,0,car,0 days 00:38:13.929000,0 days 01:33:50.537000
2024-05-19 13:41:30.683,9186,149,4,71,False,0,car,0 days 00:38:14.089000,0 days 01:33:50.697000
2024-05-19 13:41:30.923,10080,157,4,84,False,0,car,0 days 00:38:14.329000,0 days 01:33:50.937000
2024-05-19 13:41:31.123,10167,165,4,94,False,0,car,0 days 00:38:14.529000,0 days 01:33:51.137000
2024-05-19 13:41:31.363,10862,173,4,100,False,0,car,0 days 00:38:14.769000,0 days 01:33:51.377000
2024-05-19 13:41:31.523,11142,181,4,100,False,0,car,0 days 00:38:14.929000,0 days 01:33:51.537000
2024-05-19 13:41:31.763,10756,188,4,100,False,0,car,0 days 00:38:15.169000,0 days 01:33:51.777000
2024-05-19 13:41:32.043,10304,199,5,100,False,0,car,0 days 00:38:15.449000,0 days 01:33:52.057000
2024-05-19 13:41:32.283,10601,204,5,100,False,0,car,0 days 00:38:15.689000,0 days 01:33:52.297000
2024-05-19 13:41:32.523,11093,214,5,100,False,0,car,0 days 00:38:15.929000,0 days 01:33:52.537000
2024-05-19 13:41:32.883,11443,221,5,100,False,0,car,0 days 00:38:16.289000,0 days 01:33:52.897000
2024-05-19 13:41:33.323,11316,234,5,100,False,0,car,0 days 00:38:16.729000,0 days 01:33:53.337000
2024-05-19 13:41:33.643,10836,240,6,100,False,0,car,0 days 00:38:17.049000,0 days 01:33:53.657000
2024-05-19 13:41:33.963,11138,246,6,100,False,0,car,0 days 00:38:17.369000,0 days 01:33:53.977000
2024-05-19 13:41:34.163,11143,250,6,100,False,0,car,0 days 00:38:17.569000,0 days 01:33:54.177000
2024-05-19 13:41:34.323,11309,253,6,100,False,0,car,0 days 00:38:17.729000,0 days 01:33:54.337000
2024-05-19 13:41:34.643,11581,258,6,100,False,0,car,0 days 00:38:18.049000,0 days 01:33:54.657000
2024-05-19 13:41:34.883,10881,260,6,100,False,0,car,0 days 00:38:18.289000,0 days 01:33:54.897000
2024-05-19 13:41:35.163,10569,265,7,100,False,0,car,0 days 00:38:18.569000,0 days 01:33:55.177000
2024-05-19 13:41:35.803,10890,273,7,100,False,0,car,0 days 00:38:19.209000,0 days 01:33:55.817000
2024-05-19 13:41:36.043,10937,276,7,100,False,0,car,0 days 00:38:19.449000,0 days 01:33:56.057000
2024-05-19 13:41:36.443,11100,280,7,100,False,0,car,0 days 00:38:19.849000,0 days 01:33:56.457000
2024-05-19 13:41:36.603,11138,282,7,100,False,0,car,0 days 00:38:20.009000,0 days 01:33:56.617000
2024-05-19 13:41:36.883,11273,284,7,100,False,0,car,0 days 00:38:20.289000,0 days 01:33:56.897000
2024-05-19 13:41:37.083,11319,286,7,100,False,0,car,0 days 00:38:20.489000,0 days 01:33:57.097000
2024-05-19 13:41:37.443,11395,287,7,100,False,0,car,0 days 00:38:20.849000,0 days 01:33:57.457000
2024-05-19 13:41:37.763,11577,292,7,100,False,0,car,0 days 00:38:21.169000,0 days 01:33:57.777000
2024-05-19 13:41:38.083,11506,293,7,100,False,0,car,0 days 00:38:21.489000,0 days 01:33:58.097000
2024-05-19 13:41:38.283,10806,295,8,100,False,0,car,0 days 00:38:21.689000,0 days 01:33:58.297000
2024-05-19 13:41:38.523,10556,297,8,100,False,0,car,0 days 00:38:21.929000,0 days 01:33:58.537000
2024-05-19 13:41:38.803,10626,298,8,100,False,0,car,0 days 00:38:22.209000,0 days 01:33:58.817000
2024-05-19 13:41:39.043,10668,299,8,100,False,0,car,0 days 00:38:22.449000,0 days 01:33:59.057000
2024-05-19 13:41:39.203,10691,301,8,100,False,0,car,0 days 00:38:22.609000,0 days 01:33:59.217000
2024-05-19 13:41:39.523,10812,302,8,100,False,0,car,0 days 00:38:22.929000,0 days 01:33:59.537000
2024-05-19 13:41:39.723,10780,303,8,100,False,0,car,0 days 00:38:23.129000,0 days 01:33:59.737000
2024-05-19 13:41:39.923,10791,304,8,100,False,0,car,0 days 00:38:23.329000,0 days 01:33:59.937000
2024-05-19 13:41:40.203,10829,305,8,100,False,0,car,0 days 00:38:23.609000,0 days 01:34:00.217000
2024-05-19 13:41:40.483,10859,306,8,100,False,0,car,0 days 00:38:23.889000,0 days 01:34:00.497000
2024-05-19 13:41:40.723,10876,306,8,100,False,0,car,0 days 00:38:24.129000,0 days 01:34:00.737000
2024-05-19 13:41:40.883,10943,307,8,100,False,0,car,0 days 00:38:24.289000,0 days 01:34:00.897000
2024-05-19 13:41:41.123,10933,307,8,100,False,0,car,0 days 00:38:24.529000,0 days 01:34:01.137000
2024-05-19 13:41:41.403,10985,309,8,100,False,0,car,0 days 00:38:24.809000,0 days 01:34:01.417000
2024-05-19 13:41:41.643,11004,309,8,100,False,0,car,0 days 00:38:25.049000,0 days 01:34:01.657000
2024-05-19 13:41:41.924,11020,311,8,100,False,0,car,0 days 00:38:25.330000,0 days 01:34:01.938000
2024-05-19 13:41:42.124,11044,311,8,100,False,0,car,0 days 00:38:25.530000,0 days 01:34:02.138000
2024-05-19 13:41:42.323,11021,311,8,100,False,0,car,0 days 00:38:25.729000,0 days 01:34:02.337000
2024-05-19 13:41:42.763,11058,312,8,100,False,0,car,0 days 00:38:26.169000,0 days 01:34:02.777000
2024-05-19 13:41:43.083,11055,313,8,100,False,0,car,0 days 00:38:26.489000,0 days 01:34:03.097000
2024-05-19 13:41:43.443,11069,313,8,100,False,0,car,0 days 00:38:26.849000,0 days 01:34:03.457000
2024-05-19 13:41:43.843,11158,313,8,100,False,0,car,0 days 00:38:27.249000,0 days 01:34:03.857000
2024-05-19 13:41:44.243,11159,314,8,100,False,0,car,0 days 00:38:27.649000,0 days 01:34:04.257000
2024-05-19 13:41:44.403,11138,315,8,100,False,0,car,0 days 00:38:27.809000,0 days 01:34:04.417000
2024-05-19 13:41:44.683,11172,315,8,100,False,0,car,0 days 00:38:28.089000,0 days 01:34:04.697000
2024-05-19 13:41:44.883,11188,315,8,100,False,0,car,0 days 00:38:28.289000,0 days 01:34:04.897000
2024-05-19 13:41:45.043,11196,315,8,100,False,0,car,0 days 00:38:28.449000,0 days 01:34:05.057000
2024-05-19 13:41:45.283,11124,316,8,100,False,0,car,0 days 00:38:28.689000,0 days 01:34:05.297000
2024-05-19 13:41:45.483,11083,316,8,98,False,0,car,0 days 00:38:28.889000,0 days 01:34:05.497000
2024-05-19 13:41:45.723,10703,314,8,13,False,0,car,0 days 00:38:29.129000,0 days 01:34:05.737000
2024-05-19 13:41:45.963,10482,308,8,0,True,0,car,0 days 00:38:29.369000,0 days 01:34:05.977000
2024-05-19 13:41:46.363,9602,265,8,0,True,0,car,0 days 00:38:29.769000,0 days 01:34:06.377000
2024-05-19 13:41:46.643,9705,229,8,0,True,0,car,0 days 00:38:30.049000,0 days 01:34:06.657000
2024-05-19 13:41:46.883,10518,210,8,0,True,0,car,0 days 00:38:30.289000,0 days 01:34:06.897000
2024-05-19 13:41:47.203,10667,179,5,0,True,0,car,0 days 00:38:30.609000,0 days 01:34:07.217000
2024-05-19 13:41:47.443,9780,168,4,0,True,0,car,0 days 00:38:30.849000,0 days 01:34:07.457000
2024-05-19 13:41:47.723,9220,160,4,0,True,0,car,0 days 00:38:31.129000,0 days 01:34:07.737000
2024-05-19 13:41:48.203,9110,147,4,18,False,0,car,0 days 00:38:31.609000,0 days 01:34:08.217000
2024-05-19 13:41:48.564,9266,151,4,65,False,0,car,0 days 00:38:31.970000,0 days 01:34:08.578000
2024-05-19 13:41:48.844,9953,159,4,79,False,0,car,0 days 00:38:32.250000,0 days 01:34:08.858000
2024-05-19 13:41:49.083,9995,167,4,91,False,0,car,0 days 00:38:32.489000,0 days 01:34:09.097000
2024-05-19 13:41:49.283,10394,168,4,50,False,0,car,0 days 00:38:32.689000,0 days 01:34:09.297000
2024-05-19 13:41:49.523,10319,170,4,51,False,0,car,0 days 00:38:32.929000,0 days 01:34:09.537000
2024-05-19 13:41:49.723,10528,171,4,61,False,0,car,0 days 00:38:33.129000,0 days 01:34:09.737000
2024-05-19 13:41:50.003,10742,178,4,95,False,0,car,0 days 00:38:33.409000,0 days 01:34:10.017000
2024-05-19 13:41:50.283,9776,185,5,100,False,0,car,0 days 00:38:33.689000,0 days 01:34:10.297000
2024-05-19 13:41:51.203,11179,215,5,100,False,0,car,0 days 00:38:34.609000,0 days 01:34:11.217000
2024-05-19 13:41:51.443,10907,220,5,100,False,0,car,0 days 00:38:34.849000,0 days 01:34:11.457000
2024-05-19 13:41:51.723,10220,225,6,100,False,0,car,0 days 00:38:35.129000,0 days 01:34:11.737000
2024-05-19 13:41:51.963,10397,229,6,100,False,0,car,0 days 00:38:35.369000,0 days 01:34:11.977000
2024-05-19 13:41:52.363,10774,236,6,100,False,0,car,0 days 00:38:35.769000,0 days 01:34:12.377000
2024-05-19 13:41:52.563,10870,239,6,100,False,0,car,0 days 00:38:35.969000,0 days 01:34:12.577000
2024-05-19 13:41:52.963,11095,247,6,100,False,0,car,0 days 00:38:36.369000,0 days 01:34:12.977000
2024-05-19 13:41:53.203,11258,252,6,100,False,0,car,0 days 00:38:36.609000,0 days 01:34:13.217000
2024-05-19 13:41:53.403,11406,256,6,100,False,0,car,0 days 00:38:36.809000,0 days 01:34:13.417000
2024-05-19 13:41:53.563,11517,257,6,100,False,0,car,0 days 00:38:36.969000,0 days 01:34:13.577000
2024-05-19 13:41:53.843,11548,262,6,100,False,0,car,0 days 00:38:37.249000,0 days 01:34:13.857000
2024-05-19 13:41:54.123,10620,266,7,100,False,0,car,0 days 00:38:37.529000,0 days 01:34:14.137000
2024-05-19 13:41:54.563,10806,270,7,100,False,0,car,0 days 00:38:37.969000,0 days 01:34:14.577000
2024-05-19 13:41:54.883,10911,275,7,100,False,0,car,0 days 00:38:38.289000,0 days 01:34:14.897000
2024-05-19 13:41:55.244,10991,279,7,100,False,0,car,0 days 00:38:38.650000,0 days 01:34:15.258000
2024-05-19 13:41:55.644,11100,280,7,100,False,0,car,0 days 00:38:39.050000,0 days 01:34:15.658000
2024-05-19 13:41:55.803,11082,280,7,100,False,0,car,0 days 00:38:39.209000,0 days 01:34:15.817000
2024-05-19 13:41:56.243,11090,281,7,100,False,0,car,0 days 00:38:39.649000,0 days 01:34:16.257000
2024-05-19 13:41:56.683,11076,280,7,100,False,0,car,0 days 00:38:40.089000,0 days 01:34:16.697000
2024-05-19 13:41:56.883,10651,278,7,0,True,0,car,0 days 00:38:40.289000,0 days 01:34:16.897000
2024-05-19 13:41:57.123,10212,264,7,0,True,0,car,0 days 00:38:40.529000,0 days 01:34:17.137000
2024-05-19 13:41:57.363,9651,258,7,0,True,0,car,0 days 00:38:40.769000,0 days 01:34:17.377000
2024-05-19 13:41:57.563,9651,241,7,0,True,0,car,0 days 00:38:40.969000,0 days 01:34:17.577000
2024-05-19 13:41:57.883,10339,230,6,0,True,0,car,0 days 00:38:41.289000,0 days 01:34:17.897000
2024-05-19 13:41:58.043,9669,223,6,0,True,0,car,0 days 00:38:41.449000,0 days 01:34:18.057000
2024-05-19 13:41:58.203,9613,214,6,0,True,0,car,0 days 00:38:41.609000,0 days 01:34:18.217000
2024-05-19 13:41:58.403,9144,201,6,0,True,0,car,0 days 00:38:41.809000,0 days 01:34:18.417000
2024-05-19 13:41:58.723,9138,184,5,0,True,0,car,0 days 00:38:42.129000,0 days 01:34:18.737000
2024-05-19 13:41:58.963,8622,175,5,0,True,0,car,0 days 00:38:42.369000,0 days 01:34:18.977000
2024-05-19 13:41:59.163,8466,169,5,0,False,0,car,0 days 00:38:42.569000,0 days 01:34:19.177000
2024-05-19 13:41:59.563,8435,160,5,40,False,0,car,0 days 00:38:42.969000,0 days 01:34:19.577000
2024-05-19 13:41:59.723,8527,162,5,54,False,0,car,0 days 00:38:43.129000,0 days 01:34:19.737000
2024-05-19 13:42:00.003,8671,167,5,72,False,0,car,0 days 00:38:43.409000,0 days 01:34:20.017000
2024-05-19 13:42:00.243,9105,170,5,86,False,0,car,0 days 00:38:43.649000,0 days 01:34:20.257000
2024-05-19 13:42:00.603,9637,184,5,100,False,0,car,0 days 00:38:44.009000,0 days 01:34:20.617000
2024-05-19 13:42:00.763,9783,187,5,100,False,0,car,0 days 00:38:44.169000,0 days 01:34:20.777000
2024-05-19 13:42:00.963,10164,193,5,100,False,0,car,0 days 00:38:44.369000,0 days 01:34:20.977000
2024-05-19 13:42:01.163,10240,198,5,100,False,0,car,0 days 00:38:44.569000,0 days 01:34:21.177000
2024-05-19 13:42:01.403,10760,208,5,100,False,0,car,0 days 00:38:44.809000,0 days 01:34:21.417000
2024-05-19 13:42:01.844,11125,215,5,100,False,0,car,0 days 00:38:45.250000,0 days 01:34:21.858000
2024-05-19 13:42:02.244,11310,221,5,100,False,0,car,0 days 00:38:45.650000,0 days 01:34:22.258000
2024-05-19 13:42:02.603,11460,224,5,100,False,0,car,0 days 00:38:46.009000,0 days 01:34:22.617000
2024-05-19 13:42:02.843,11193,226,5,70,False,0,car,0 days 00:38:46.249000,0 days 01:34:22.857000
2024-05-19 13:42:03.043,10930,223,5,0,False,0,car,0 days 00:38:46.449000,0 days 01:34:23.057000
2024-05-19 13:42:03.283,10227,204,5,0,True,0,car,0 days 00:38:46.689000,0 days 01:34:23.297000
2024-05-19 13:42:03.563,10376,176,5,0,True,0,car,0 days 00:38:46.969000,0 days 01:34:23.577000
2024-05-19 13:42:03.923,10699,149,4,0,True,0,car,0 days 00:38:47.329000,0 days 01:34:23.937000
2024-05-19 13:42:04.203,9625,132,3,0,True,0,car,0 days 00:38:47.609000,0 days 01:34:24.217000
2024-05-19 13:42:04.483,8681,125,3,0,True,0,car,0 days 00:38:47.889000,0 days 01:34:24.497000
2024-05-19 13:42:04.763,7947,115,3,0,True,0,car,0 days 00:38:48.169000,0 days 01:34:24.777000
2024-05-19 13:42:05.043,7520,109,3,0,True,0,car,0 days 00:38:48.449000,0 days 01:34:25.057000
2024-05-19 13:42:05.243,7361,106,3,0,False,0,car,0 days 00:38:48.649000,0 days 01:34:25.257000
2024-05-19 13:42:05.443,7318,103,3,0,False,0,car,0 days 00:38:48.849000,0 days 01:34:25.457000
2024-05-19 13:42:05.643,6998,101,3,0,False,0,car,0 days 00:38:49.049000,0 days 01:34:25.657000
2024-05-19 13:42:05.923,7195,96,3,16,False,0,car,0 days 00:38:49.329000,0 days 01:34:25.937000
2024-05-19 13:42:06.163,7356,98,3,32,False,0,car,0 days 00:38:49.569000,0 days 01:34:26.177000
2024-05-19 13:42:06.323,7481,99,3,37,False,0,car,0 days 00:38:49.729000,0 days 01:34:26.337000
2024-05-19 13:42:06.643,8004,105,3,48,False,0,car,0 days 00:38:50.049000,0 days 01:34:26.657000
2024-05-19 13:42:06.843,8323,110,3,57,False,0,car,0 days 00:38:50.249000,0 days 01:34:26.857000
2024-05-19 13:42:07.043,8574,115,3,64,False,0,car,0 days 00:38:50.449000,0 days 01:34:27.057000
2024-05-19 13:42:07.323,9669,126,3,82,False,0,car,0 days 00:38:50.729000,0 days 01:34:27.337000
2024-05-19 13:42:07.643,10468,139,3,94,False,0,car,0 days 00:38:51.049000,0 days 01:34:27.657000
2024-05-19 13:42:08.043,11254,157,3,100,False,0,car,0 days 00:38:51.449000,0 days 01:34:28.057000
2024-05-19 13:42:08.284,10389,166,4,100,False,0,car,0 days 00:38:51.690000,0 days 01:34:28.298000
2024-05-19 13:42:08.484,10917,174,4,100,False,0,car,0 days 00:38:51.890000,0 days 01:34:28.498000
2024-05-19 13:42:08.844,11432,189,4,100,False,0,car,0 days 00:38:52.250000,0 days 01:34:28.858000
2024-05-19 13:42:09.243,12044,201,4,100,False,0,car,0 days 00:38:52.649000,0 days 01:34:29.257000
2024-05-19 13:42:09.403,11204,208,5,100,False,0,car,0 days 00:38:52.809000,0 days 01:34:29.417000
2024-05-19 13:42:09.563,10921,210,5,100,False,0,car,0 days 00:38:52.969000,0 days 01:34:29.577000
2024-05-19 13:42:09.843,11286,219,5,100,False,0,car,0 days 00:38:53.249000,0 days 01:34:29.857000
2024-05-19 13:42:10.243,11644,228,5,100,False,0,car,0 days 00:38:53.649000,0 days 01:34:30.257000
2024-05-19 13:42:10.523,10606,234,5,100,False,0,car,0 days 00:38:53.929000,0 days 01:34:30.537000
2024-05-19 13:42:11.643,11368,254,6,100,False,0,car,0 days 00:38:55.049000,0 days 01:34:31.657000
2024-05-19 13:42:11.883,11380,256,6,100,False,0,car,0 days 00:38:55.289000,0 days 01:34:31.897000
2024-05-19 13:42:12.043,11571,259,6,100,False,0,car,0 days 00:38:55.449000,0 days 01:34:32.057000
2024-05-19 13:42:12.403,10399,263,7,100,False,0,car,0 days 00:38:55.809000,0 days 01:34:32.417000
2024-05-19 13:42:12.603,10410,263,7,100,False,0,car,0 days 00:38:56.009000,0 days 01:34:32.617000
2024-05-19 13:42:12.803,10565,265,7,100,False,0,car,0 days 00:38:56.209000,0 days 01:34:32.817000
2024-05-19 13:42:13.003,10504,266,7,100,False,0,car,0 days 00:38:56.409000,0 days 01:34:33.017000
2024-05-19 13:42:13.443,10643,267,7,100,False,0,car,0 days 00:38:56.849000,0 days 01:34:33.457000
2024-05-19 13:42:13.803,10634,268,7,100,False,0,car,0 days 00:38:57.209000,0 days 01:34:33.817000
2024-05-19 13:42:14.003,10637,269,7,100,False,0,car,0 days 00:38:57.409000,0 days 01:34:34.017000
2024-05-19 13:42:14.163,10669,269,7,100,False,0,car,0 days 00:38:57.569000,0 days 01:34:34.177000
2024-05-19 13:42:14.403,10689,269,7,100,False,0,car,0 days 00:38:57.809000,0 days 01:34:34.417000
2024-05-19 13:42:14.844,10180,260,7,0,True,0,car,0 days 00:38:58.250000,0 days 01:34:34.858000
2024-05-19 13:42:15.084,10656,246,7,0,True,0,car,0 days 00:38:58.490000,0 days 01:34:35.098000
2024-05-19 13:42:15.244,10112,229,7,0,True,0,car,0 days 00:38:58.650000,0 days 01:34:35.258000
2024-05-19 13:42:15.564,10538,214,5,0,True,0,car,0 days 00:38:58.970000,0 days 01:34:35.578000
2024-05-19 13:42:15.764,10385,207,5,0,True,0,car,0 days 00:38:59.170000,0 days 01:34:35.778000
2024-05-19 13:42:16.083,10262,201,5,5,False,0,car,0 days 00:38:59.489000,0 days 01:34:36.097000
2024-05-19 13:42:16.243,9880,197,5,12,False,0,car,0 days 00:38:59.649000,0 days 01:34:36.257000
2024-05-19 13:42:16.403,10074,193,5,50,False,0,car,0 days 00:38:59.809000,0 days 01:34:36.417000
2024-05-19 13:42:16.643,10168,196,5,71,False,0,car,0 days 00:39:00.049000,0 days 01:34:36.657000
2024-05-19 13:42:16.883,10361,199,5,90,False,0,car,0 days 00:39:00.289000,0 days 01:34:36.897000
2024-05-19 13:42:17.163,10793,206,5,100,False,0,car,0 days 00:39:00.569000,0 days 01:34:37.177000
2024-05-19 13:42:17.403,11011,213,5,100,False,0,car,0 days 00:39:00.809000,0 days 01:34:37.417000
2024-05-19 13:42:17.603,11218,219,5,100,False,0,car,0 days 00:39:01.009000,0 days 01:34:37.617000
2024-05-19 13:42:17.763,11403,221,5,100,False,0,car,0 days 00:39:01.169000,0 days 01:34:37.777000
2024-05-19 13:42:18.163,11199,230,5,100,False,0,car,0 days 00:39:01.569000,0 days 01:34:38.177000
2024-05-19 13:42:18.483,10570,236,6,100,False,0,car,0 days 00:39:01.889000,0 days 01:34:38.497000
2024-05-19 13:42:18.683,10906,240,6,100,False,0,car,0 days 00:39:02.089000,0 days 01:34:38.697000
2024-05-19 13:42:18.883,11053,245,6,100,False,0,car,0 days 00:39:02.289000,0 days 01:34:38.897000
2024-05-19 13:42:19.163,11238,250,6,100,False,0,car,0 days 00:39:02.569000,0 days 01:34:39.177000
2024-05-19 13:42:19.603,11531,258,6,100,False,0,car,0 days 00:39:03.009000,0 days 01:34:39.617000
2024-05-19 13:42:19.963,10618,264,7,100,False,0,car,0 days 00:39:03.369000,0 days 01:34:39.977000
2024-05-19 13:42:20.283,10577,266,7,100,False,0,car,0 days 00:39:03.689000,0 days 01:34:40.297000
2024-05-19 13:42:20.443,10673,268,7,100,False,0,car,0 days 00:39:03.849000,0 days 01:34:40.457000
2024-05-19 13:42:20.803,10841,271,7,100,False,0,car,0 days 00:39:04.209000,0 days 01:34:40.817000
2024-05-19 13:42:21.203,10628,271,7,73,False,0,car,0 days 00:39:04.609000,0 days 01:34:41.217000
2024-05-19 13:42:21.444,10214,267,7,0,False,0,car,0 days 00:39:04.850000,0 days 01:34:41.458000
2024-05-19 13:42:21.604,10298,263,7,0,True,0,car,0 days 00:39:05.010000,0 days 01:34:41.618000
2024-05-19 13:42:21.844,9960,258,7,0,False,0,car,0 days 00:39:05.250000,0 days 01:34:41.858000
2024-05-19 13:42:22.044,9817,254,7,0,False,0,car,0 days 00:39:05.450000,0 days 01:34:42.058000
2024-05-19 13:42:22.324,9427,244,7,0,True,0,car,0 days 00:39:05.730000,0 days 01:34:42.338000
2024-05-19 13:42:22.603,8968,231,7,0,True,0,car,0 days 00:39:06.009000,0 days 01:34:42.617000
2024-05-19 13:42:22.883,8968,217,6,0,True,0,car,0 days 00:39:06.289000,0 days 01:34:42.897000
2024-05-19 13:42:23.043,9944,199,6,0,True,0,car,0 days 00:39:06.449000,0 days 01:34:43.057000
2024-05-19 13:42:23.323,10084,175,6,0,True,0,car,0 days 00:39:06.729000,0 days 01:34:43.337000
2024-05-19 13:42:23.483,9554,166,4,0,True,0,car,0 days 00:39:06.889000,0 days 01:34:43.497000
2024-05-19 13:42:23.683,9065,155,4,0,True,0,car,0 days 00:39:07.089000,0 days 01:34:43.697000
2024-05-19 13:42:23.843,8708,147,4,0,True,0,car,0 days 00:39:07.249000,0 days 01:34:43.857000
2024-05-19 13:42:24.123,7901,136,4,0,True,0,car,0 days 00:39:07.529000,0 days 01:34:44.137000
2024-05-19 13:42:24.403,7543,131,4,0,False,0,car,0 days 00:39:07.809000,0 days 01:34:44.417000
2024-05-19 13:42:24.723,7586,125,4,8,False,0,car,0 days 00:39:08.129000,0 days 01:34:44.737000
2024-05-19 13:42:24.963,7545,122,4,29,False,0,car,0 days 00:39:08.369000,0 days 01:34:44.977000
2024-05-19 13:42:25.403,8321,129,4,76,False,0,car,0 days 00:39:08.809000,0 days 01:34:45.417000
2024-05-19 13:42:25.603,8526,138,4,84,False,0,car,0 days 00:39:09.009000,0 days 01:34:45.617000
2024-05-19 13:42:25.803,9063,146,4,96,False,0,car,0 days 00:39:09.209000,0 days 01:34:45.817000
2024-05-19 13:42:26.723,11143,181,4,100,False,0,car,0 days 00:39:10.129000,0 days 01:34:46.737000
2024-05-19 13:42:26.963,11506,187,4,100,False,0,car,0 days 00:39:10.369000,0 days 01:34:46.977000
2024-05-19 13:42:27.243,11037,196,4,100,False,0,car,0 days 00:39:10.649000,0 days 01:34:47.257000
2024-05-19 13:42:27.483,10504,199,5,100,False,0,car,0 days 00:39:10.889000,0 days 01:34:47.497000
2024-05-19 13:42:27.763,10916,210,5,100,False,0,car,0 days 00:39:11.169000,0 days 01:34:47.777000
2024-05-19 13:42:27.924,11141,216,5,100,False,0,car,0 days 00:39:11.330000,0 days 01:34:47.938000
2024-05-19 13:42:28.164,11378,222,5,100,False,0,car,0 days 00:39:11.570000,0 days 01:34:48.178000
2024-05-19 13:42:28.404,11605,228,5,100,False,0,car,0 days 00:39:11.810000,0 days 01:34:48.418000
2024-05-19 13:42:28.604,10382,233,5,100,False,0,car,0 days 00:39:12.010000,0 days 01:34:48.618000
2024-05-19 13:42:28.844,10650,235,6,100,False,0,car,0 days 00:39:12.250000,0 days 01:34:48.858000
2024-05-19 13:42:29.204,10857,241,6,100,False,0,car,0 days 00:39:12.610000,0 days 01:34:49.218000
2024-05-19 13:42:29.363,11066,247,6,100,False,0,car,0 days 00:39:12.769000,0 days 01:34:49.377000
2024-05-19 13:42:29.643,11390,250,6,100,False,0,car,0 days 00:39:13.049000,0 days 01:34:49.657000
2024-05-19 13:42:29.963,11355,254,6,100,False,0,car,0 days 00:39:13.369000,0 days 01:34:49.977000
2024-05-19 13:42:30.163,11367,256,6,100,False,0,car,0 days 00:39:13.569000,0 days 01:34:50.177000
2024-05-19 13:42:30.443,11438,256,6,100,False,0,car,0 days 00:39:13.849000,0 days 01:34:50.457000
2024-05-19 13:42:30.683,11459,257,6,100,False,0,car,0 days 00:39:14.089000,0 days 01:34:50.697000
2024-05-19 13:42:30.843,11628,258,6,100,False,0,car,0 days 00:39:14.249000,0 days 01:34:50.857000
2024-05-19 13:42:31.043,11521,258,6,100,False,0,car,0 days 00:39:14.449000,0 days 01:34:51.057000
2024-05-19 13:42:31.283,11212,258,6,22,False,0,car,0 days 00:39:14.689000,0 days 01:34:51.297000
2024-05-19 13:42:31.603,10828,243,6,0,True,0,car,0 days 00:39:15.009000,0 days 01:34:51.617000
2024-05-19 13:42:31.803,10197,224,6,0,True,0,car,0 days 00:39:15.209000,0 days 01:34:51.817000
2024-05-19 13:42:32.003,9197,204,6,0,True,0,car,0 days 00:39:15.409000,0 days 01:34:52.017000
2024-05-19 13:42:32.163,9551,193,6,0,True,0,car,0 days 00:39:15.569000,0 days 01:34:52.177000
2024-05-19 13:42:32.523,9631,161,5,0,True,0,car,0 days 00:39:15.929000,0 days 01:34:52.537000
2024-05-19 13:42:32.843,8334,144,4,0,True,0,car,0 days 00:39:16.249000,0 days 01:34:52.857000
2024-05-19 13:42:33.043,7818,134,4,0,True,0,car,0 days 00:39:16.449000,0 days 01:34:53.057000
2024-05-19 13:42:33.403,7182,121,4,0,True,0,car,0 days 00:39:16.809000,0 days 01:34:53.417000
2024-05-19 13:42:33.723,6864,117,4,0,False,0,car,0 days 00:39:17.129000,0 days 01:34:53.737000
2024-05-19 13:42:33.963,7301,112,4,0,False,0,car,0 days 00:39:17.369000,0 days 01:34:53.977000
2024-05-19 13:42:34.163,7586,105,3,0,True,0,car,0 days 00:39:17.569000,0 days 01:34:54.177000
2024-05-19 13:42:34.443,7282,106,3,0,False,0,car,0 days 00:39:17.849000,0 days 01:34:54.457000
2024-05-19 13:42:34.684,7192,102,3,0,False,0,car,0 days 00:39:18.090000,0 days 01:34:54.698000
2024-05-19 13:42:34.964,7776,100,3,29,False,0,car,0 days 00:39:18.370000,0 days 01:34:54.978000
2024-05-19 13:42:35.364,8034,105,3,48,False,0,car,0 days 00:39:18.770000,0 days 01:34:55.378000
2024-05-19 13:42:35.804,8914,118,3,68,False,0,car,0 days 00:39:19.210000,0 days 01:34:55.818000
2024-05-19 13:42:36.043,9660,126,3,78,False,0,car,0 days 00:39:19.449000,0 days 01:34:56.057000
2024-05-19 13:42:36.283,10122,129,3,89,False,0,car,0 days 00:39:19.689000,0 days 01:34:56.297000
2024-05-19 13:42:36.563,10547,149,3,100,False,0,car,0 days 00:39:19.969000,0 days 01:34:56.577000
2024-05-19 13:42:36.763,9825,157,4,100,False,0,car,0 days 00:39:20.169000,0 days 01:34:56.777000
2024-05-19 13:42:37.043,10274,170,4,100,False,0,car,0 days 00:39:20.449000,0 days 01:34:57.057000
2024-05-19 13:42:37.363,11153,178,4,100,False,0,car,0 days 00:39:20.769000,0 days 01:34:57.377000
2024-05-19 13:42:37.523,11519,190,4,100,False,0,car,0 days 00:39:20.929000,0 days 01:34:57.537000
2024-05-19 13:42:37.683,11610,193,4,100,False,0,car,0 days 00:39:21.089000,0 days 01:34:57.697000
2024-05-19 13:42:37.963,10532,203,5,100,False,0,car,0 days 00:39:21.369000,0 days 01:34:57.977000
2024-05-19 13:42:38.203,10848,212,5,100,False,0,car,0 days 00:39:21.609000,0 days 01:34:58.217000
2024-05-19 13:42:38.483,11277,215,5,100,False,0,car,0 days 00:39:21.889000,0 days 01:34:58.497000
2024-05-19 13:42:38.683,11277,221,5,100,False,0,car,0 days 00:39:22.089000,0 days 01:34:58.697000
2024-05-19 13:42:38.923,11778,230,5,100,False,0,car,0 days 00:39:22.329000,0 days 01:34:58.937000
2024-05-19 13:42:39.203,10621,237,5,100,False,0,car,0 days 00:39:22.609000,0 days 01:34:59.217000
2024-05-19 13:42:39.603,10983,243,6,100,False,0,car,0 days 00:39:23.009000,0 days 01:34:59.617000
2024-05-19 13:42:39.843,11258,249,6,100,False,0,car,0 days 00:39:23.249000,0 days 01:34:59.857000
2024-05-19 13:42:40.083,11361,251,6,100,False,0,car,0 days 00:39:23.489000,0 days 01:35:00.097000
2024-05-19 13:42:40.283,11447,256,6,100,False,0,car,0 days 00:39:23.689000,0 days 01:35:00.297000
2024-05-19 13:42:40.723,11503,263,6,100,False,0,car,0 days 00:39:24.129000,0 days 01:35:00.737000
2024-05-19 13:42:41.003,10590,267,7,100,False,0,car,0 days 00:39:24.409000,0 days 01:35:01.017000
2024-05-19 13:42:41.324,10802,271,7,100,False,0,car,0 days 00:39:24.730000,0 days 01:35:01.338000
2024-05-19 13:42:41.524,10879,273,7,100,False,0,car,0 days 00:39:24.930000,0 days 01:35:01.538000
2024-05-19 13:42:41.724,10966,275,7,100,False,0,car,0 days 00:39:25.130000,0 days 01:35:01.738000
2024-05-19 13:42:42.204,11043,279,7,100,False,0,car,0 days 00:39:25.610000,0 days 01:35:02.218000
2024-05-19 13:42:42.364,11134,281,7,100,False,0,car,0 days 00:39:25.770000,0 days 01:35:02.378000
2024-05-19 13:42:42.604,11256,283,7,100,False,0,car,0 days 00:39:26.010000,0 days 01:35:02.618000
2024-05-19 13:42:42.763,11256,283,7,100,False,0,car,0 days 00:39:26.169000,0 days 01:35:02.777000
2024-05-19 13:42:43.123,11343,286,7,100,False,0,car,0 days 00:39:26.529000,0 days 01:35:03.137000
2024-05-19 13:42:43.403,11442,290,7,100,False,0,car,0 days 00:39:26.809000,0 days 01:35:03.417000
2024-05-19 13:42:43.683,11600,293,7,100,False,0,car,0 days 00:39:27.089000,0 days 01:35:03.697000
2024-05-19 13:42:43.923,11598,293,7,100,False,0,car,0 days 00:39:27.329000,0 days 01:35:03.937000
2024-05-19 13:42:44.083,11596,294,7,100,False,0,car,0 days 00:39:27.489000,0 days 01:35:04.097000
2024-05-19 13:42:44.443,11271,290,7,11,False,0,car,0 days 00:39:27.849000,0 days 01:35:04.457000
2024-05-19 13:42:44.803,10566,268,7,0,True,0,car,0 days 00:39:28.209000,0 days 01:35:04.817000
2024-05-19 13:42:44.963,10085,257,7,0,True,0,car,0 days 00:39:28.369000,0 days 01:35:04.977000
2024-05-19 13:42:45.123,9374,233,7,0,True,0,car,0 days 00:39:28.529000,0 days 01:35:05.137000
2024-05-19 13:42:45.403,9293,204,6,0,True,0,car,0 days 00:39:28.809000,0 days 01:35:05.417000
2024-05-19 13:42:45.603,9561,185,6,0,True,0,car,0 days 00:39:29.009000,0 days 01:35:05.617000
2024-05-19 13:42:45.843,10018,167,6,0,True,0,car,0 days 00:39:29.249000,0 days 01:35:05.857000
2024-05-19 13:42:46.003,10514,153,4,0,True,0,car,0 days 00:39:29.409000,0 days 01:35:06.017000
2024-05-19 13:42:46.203,10496,141,3,0,True,0,car,0 days 00:39:29.609000,0 days 01:35:06.217000
2024-05-19 13:42:46.403,9419,133,3,0,True,0,car,0 days 00:39:29.809000,0 days 01:35:06.417000
2024-05-19 13:42:46.603,8923,129,3,0,True,0,car,0 days 00:39:30.009000,0 days 01:35:06.617000
2024-05-19 13:42:46.843,8472,122,3,0,True,0,car,0 days 00:39:30.249000,0 days 01:35:06.857000
2024-05-19 13:42:47.163,8342,118,3,3,False,0,car,0 days 00:39:30.569000,0 days 01:35:07.177000
2024-05-19 13:42:47.403,8306,113,3,23,False,0,car,0 days 00:39:30.809000,0 days 01:35:07.417000
2024-05-19 13:42:47.644,8617,115,3,44,False,0,car,0 days 00:39:31.050000,0 days 01:35:07.658000
2024-05-19 13:42:47.844,9062,120,3,50,False,0,car,0 days 00:39:31.250000,0 days 01:35:07.858000
2024-05-19 13:42:48.124,9483,127,3,64,False,0,car,0 days 00:39:31.530000,0 days 01:35:08.138000
2024-05-19 13:42:48.284,9671,130,3,71,False,0,car,0 days 00:39:31.690000,0 days 01:35:08.298000
2024-05-19 13:42:48.444,10150,137,3,78,False,0,car,0 days 00:39:31.850000,0 days 01:35:08.458000
2024-05-19 13:42:48.724,11195,149,3,96,False,0,car,0 days 00:39:32.130000,0 days 01:35:08.738000
2024-05-19 13:42:48.964,10075,157,3,98,False,0,car,0 days 00:39:32.370000,0 days 01:35:08.978000
2024-05-19 13:42:49.124,9957,165,4,92,False,0,car,0 days 00:39:32.530000,0 days 01:35:09.138000
2024-05-19 13:42:49.483,9237,158,4,0,True,0,car,0 days 00:39:32.889000,0 days 01:35:09.497000
2024-05-19 13:42:49.723,8989,154,4,0,True,0,car,0 days 00:39:33.129000,0 days 01:35:09.737000
2024-05-19 13:42:50.163,8624,146,4,1,False,0,car,0 days 00:39:33.569000,0 days 01:35:10.177000
2024-05-19 13:42:50.323,8547,141,4,1,False,0,car,0 days 00:39:33.729000,0 days 01:35:10.337000
2024-05-19 13:42:50.523,8696,140,4,30,False,0,car,0 days 00:39:33.929000,0 days 01:35:10.537000
2024-05-19 13:42:50.763,8723,142,4,57,False,0,car,0 days 00:39:34.169000,0 days 01:35:10.777000
2024-05-19 13:42:51.083,9188,147,4,70,False,0,car,0 days 00:39:34.489000,0 days 01:35:11.097000
2024-05-19 13:42:51.363,9829,155,4,82,False,0,car,0 days 00:39:34.769000,0 days 01:35:11.377000
2024-05-19 13:42:51.603,10035,163,4,86,False,0,car,0 days 00:39:35.009000,0 days 01:35:11.617000
2024-05-19 13:42:51.763,10483,167,4,99,False,0,car,0 days 00:39:35.169000,0 days 01:35:11.777000
2024-05-19 13:42:52.003,10744,180,4,100,False,0,car,0 days 00:39:35.409000,0 days 01:35:12.017000
2024-05-19 13:42:52.203,10744,185,4,100,False,0,car,0 days 00:39:35.609000,0 days 01:35:12.217000
2024-05-19 13:42:52.363,10060,188,4,100,False,0,car,0 days 00:39:35.769000,0 days 01:35:12.377000
2024-05-19 13:42:52.603,10213,199,5,100,False,0,car,0 days 00:39:36.009000,0 days 01:35:12.617000
2024-05-19 13:42:52.803,10594,205,5,100,False,0,car,0 days 00:39:36.209000,0 days 01:35:12.817000
2024-05-19 13:42:53.043,10904,211,5,100,False,0,car,0 days 00:39:36.449000,0 days 01:35:13.057000
2024-05-19 13:42:53.523,11507,224,5,100,False,0,car,0 days 00:39:36.929000,0 days 01:35:13.537000
2024-05-19 13:42:53.683,10947,227,5,100,False,0,car,0 days 00:39:37.089000,0 days 01:35:13.697000
2024-05-19 13:42:53.923,10518,231,5,100,False,0,car,0 days 00:39:37.329000,0 days 01:35:13.937000
2024-05-19 13:42:54.083,10604,235,6,100,False,0,car,0 days 00:39:37.489000,0 days 01:35:14.097000
2024-05-19 13:42:54.244,10837,240,6,100,False,0,car,0 days 00:39:37.650000,0 days 01:35:14.258000
2024-05-19 13:42:54.524,11059,246,6,100,False,0,car,0 days 00:39:37.930000,0 days 01:35:14.538000
2024-05-19 13:42:54.764,11227,249,6,100,False,0,car,0 days 00:39:38.170000,0 days 01:35:14.778000
2024-05-19 13:42:55.044,11448,255,6,100,False,0,car,0 days 00:39:38.450000,0 days 01:35:15.058000
2024-05-19 13:42:55.284,11586,258,6,100,False,0,car,0 days 00:39:38.690000,0 days 01:35:15.298000
2024-05-19 13:42:55.604,10777,263,6,100,False,0,car,0 days 00:39:39.010000,0 days 01:35:15.618000
2024-05-19 13:42:56.004,10607,269,7,100,False,0,car,0 days 00:39:39.410000,0 days 01:35:16.018000
2024-05-19 13:42:56.363,10892,272,7,100,False,0,car,0 days 00:39:39.769000,0 days 01:35:16.377000
2024-05-19 13:42:56.803,11069,278,7,100,False,0,car,0 days 00:39:40.209000,0 days 01:35:16.817000
2024-05-19 13:42:57.123,11114,281,7,100,False,0,car,0 days 00:39:40.529000,0 days 01:35:17.137000
2024-05-19 13:42:57.443,11228,283,7,100,False,0,car,0 days 00:39:40.849000,0 days 01:35:17.457000
2024-05-19 13:42:57.803,11338,287,7,100,False,0,car,0 days 00:39:41.209000,0 days 01:35:17.817000
2024-05-19 13:42:57.963,11385,289,7,100,False,0,car,0 days 00:39:41.369000,0 days 01:35:17.977000
2024-05-19 13:42:58.203,11455,290,7,100,False,0,car,0 days 00:39:41.609000,0 days 01:35:18.217000
2024-05-19 13:42:58.483,11547,291,7,100,False,0,car,0 days 00:39:41.889000,0 days 01:35:18.497000
2024-05-19 13:42:58.883,10661,294,7,100,False,0,car,0 days 00:39:42.289000,0 days 01:35:18.897000
2024-05-19 13:42:59.123,10587,297,8,100,False,0,car,0 days 00:39:42.529000,0 days 01:35:19.137000
2024-05-19 13:42:59.403,10582,298,8,100,False,0,car,0 days 00:39:42.809000,0 days 01:35:19.417000
2024-05-19 13:42:59.603,10643,300,8,100,False,0,car,0 days 00:39:43.009000,0 days 01:35:19.617000
2024-05-19 13:42:59.803,10685,301,8,100,False,0,car,0 days 00:39:43.209000,0 days 01:35:19.817000
2024-05-19 13:42:59.963,10741,301,8,100,False,0,car,0 days 00:39:43.369000,0 days 01:35:19.977000
2024-05-19 13:43:00.323,10824,303,8,100,False,0,car,0 days 00:39:43.729000,0 days 01:35:20.337000
2024-05-19 13:43:00.723,10869,305,8,100,False,0,car,0 days 00:39:44.129000,0 days 01:35:20.737000
2024-05-19 13:43:00.884,10869,306,8,100,False,0,car,0 days 00:39:44.290000,0 days 01:35:20.898000
2024-05-19 13:43:01.364,10968,308,8,100,False,0,car,0 days 00:39:44.770000,0 days 01:35:21.378000
2024-05-19 13:43:01.564,10999,308,8,100,False,0,car,0 days 00:39:44.970000,0 days 01:35:21.578000
2024-05-19 13:43:01.764,10998,309,8,100,False,0,car,0 days 00:39:45.170000,0 days 01:35:21.778000
2024-05-19 13:43:02.004,11015,309,8,100,False,0,car,0 days 00:39:45.410000,0 days 01:35:22.018000
2024-05-19 13:43:02.204,11028,311,8,100,False,0,car,0 days 00:39:45.610000,0 days 01:35:22.218000
2024-05-19 13:43:02.564,11053,311,8,100,False,0,car,0 days 00:39:45.970000,0 days 01:35:22.578000
2024-05-19 13:43:02.764,11040,312,8,100,False,0,car,0 days 00:39:46.170000,0 days 01:35:22.778000
2024-05-19 13:43:02.923,10999,312,8,100,False,0,car,0 days 00:39:46.329000,0 days 01:35:22.937000
2024-05-19 13:43:03.083,11054,312,8,100,False,0,car,0 days 00:39:46.489000,0 days 01:35:23.097000
2024-05-19 13:43:03.323,11070,313,8,100,False,0,car,0 days 00:39:46.729000,0 days 01:35:23.337000
2024-05-19 13:43:03.483,11070,313,8,100,False,0,car,0 days 00:39:46.889000,0 days 01:35:23.497000
2024-05-19 13:43:03.723,11105,313,8,100,False,0,car,0 days 00:39:47.129000,0 days 01:35:23.737000
2024-05-19 13:43:04.003,11142,314,8,100,False,0,car,0 days 00:39:47.409000,0 days 01:35:24.017000
2024-05-19 13:43:04.363,11089,313,8,100,False,0,car,0 days 00:39:47.769000,0 days 01:35:24.377000
2024-05-19 13:43:04.563,11155,314,8,100,False,0,car,0 days 00:39:47.969000,0 days 01:35:24.577000
2024-05-19 13:43:04.843,11132,315,8,100,False,0,car,0 days 00:39:48.249000,0 days 01:35:24.857000
2024-05-19 13:43:05.043,11146,315,8,100,False,0,car,0 days 00:39:48.449000,0 days 01:35:25.057000
2024-05-19 13:43:05.323,11158,315,8,100,False,0,car,0 days 00:39:48.729000,0 days 01:35:25.337000
2024-05-19 13:43:05.723,11199,315,8,100,False,0,car,0 days 00:39:49.129000,0 days 01:35:25.737000
2024-05-19 13:43:05.923,11148,316,8,100,False,0,car,0 days 00:39:49.329000,0 days 01:35:25.937000
2024-05-19 13:43:06.243,11130,314,8,61,False,0,car,0 days 00:39:49.649000,0 days 01:35:26.257000
2024-05-19 13:43:06.563,10452,305,8,0,True,0,car,0 days 00:39:49.969000,0 days 01:35:26.577000
2024-05-19 13:43:06.763,10032,284,8,0,True,0,car,0 days 00:39:50.169000,0 days 01:35:26.777000
2024-05-19 13:43:07.123,9862,241,8,0,True,0,car,0 days 00:39:50.529000,0 days 01:35:27.137000
2024-05-19 13:43:07.283,10077,241,8,0,True,0,car,0 days 00:39:50.689000,0 days 01:35:27.297000
2024-05-19 13:43:07.524,10229,201,8,0,True,0,car,0 days 00:39:50.930000,0 days 01:35:27.538000
2024-05-19 13:43:07.804,10738,178,6,0,True,0,car,0 days 00:39:51.210000,0 days 01:35:27.818000
2024-05-19 13:43:08.044,9867,168,4,0,True,0,car,0 days 00:39:51.450000,0 days 01:35:28.058000
2024-05-19 13:43:08.324,9148,158,4,0,True,0,car,0 days 00:39:51.730000,0 days 01:35:28.338000
2024-05-19 13:43:08.484,9018,158,4,0,False,0,car,0 days 00:39:51.890000,0 days 01:35:28.498000
2024-05-19 13:43:08.724,9128,150,4,11,False,0,car,0 days 00:39:52.130000,0 days 01:35:28.738000
2024-05-19 13:43:08.884,9085,149,4,38,False,0,car,0 days 00:39:52.290000,0 days 01:35:28.898000
2024-05-19 13:43:09.084,9258,150,4,59,False,0,car,0 days 00:39:52.490000,0 days 01:35:29.098000
2024-05-19 13:43:09.444,9897,159,4,82,False,0,car,0 days 00:39:52.850000,0 days 01:35:29.458000
2024-05-19 13:43:09.683,10313,168,4,82,False,0,car,0 days 00:39:53.089000,0 days 01:35:29.697000
2024-05-19 13:43:09.923,9255,172,4,55,False,0,car,0 days 00:39:53.329000,0 days 01:35:29.937000
2024-05-19 13:43:10.283,9109,175,5,59,False,0,car,0 days 00:39:53.689000,0 days 01:35:30.297000
2024-05-19 13:43:10.563,9573,179,5,81,False,0,car,0 days 00:39:53.969000,0 days 01:35:30.577000
2024-05-19 13:43:10.763,9793,181,5,97,False,0,car,0 days 00:39:54.169000,0 days 01:35:30.777000
2024-05-19 13:43:11.043,10152,194,5,100,False,0,car,0 days 00:39:54.449000,0 days 01:35:31.057000
2024-05-19 13:43:11.363,10669,203,5,100,False,0,car,0 days 00:39:54.769000,0 days 01:35:31.377000
2024-05-19 13:43:11.603,10896,213,5,100,False,0,car,0 days 00:39:55.009000,0 days 01:35:31.617000
2024-05-19 13:43:11.883,10645,218,5,100,False,0,car,0 days 00:39:55.289000,0 days 01:35:31.897000
2024-05-19 13:43:12.083,10118,218,6,100,False,0,car,0 days 00:39:55.489000,0 days 01:35:32.097000
2024-05-19 13:43:12.483,10460,229,6,100,False,0,car,0 days 00:39:55.889000,0 days 01:35:32.497000
2024-05-19 13:43:12.643,10652,231,6,100,False,0,car,0 days 00:39:56.049000,0 days 01:35:32.657000
2024-05-19 13:43:12.963,10843,236,6,100,False,0,car,0 days 00:39:56.369000,0 days 01:35:32.977000
2024-05-19 13:43:13.403,10994,247,6,100,False,0,car,0 days 00:39:56.809000,0 days 01:35:33.417000
2024-05-19 13:43:13.723,11365,250,6,100,False,0,car,0 days 00:39:57.129000,0 days 01:35:33.737000
2024-05-19 13:43:13.964,11483,255,6,100,False,0,car,0 days 00:39:57.370000,0 days 01:35:33.978000
2024-05-19 13:43:14.204,11609,260,6,100,False,0,car,0 days 00:39:57.610000,0 days 01:35:34.218000
2024-05-19 13:43:14.524,10769,263,6,100,False,0,car,0 days 00:39:57.930000,0 days 01:35:34.538000
2024-05-19 13:43:14.804,10667,268,7,100,False,0,car,0 days 00:39:58.210000,0 days 01:35:34.818000
2024-05-19 13:43:15.244,10894,274,7,100,False,0,car,0 days 00:39:58.650000,0 days 01:35:35.258000
2024-05-19 13:43:15.484,10904,276,7,100,False,0,car,0 days 00:39:58.890000,0 days 01:35:35.498000
2024-05-19 13:43:15.804,10997,278,7,100,False,0,car,0 days 00:39:59.210000,0 days 01:35:35.818000
2024-05-19 13:43:16.044,11044,279,7,100,False,0,car,0 days 00:39:59.450000,0 days 01:35:36.058000
2024-05-19 13:43:16.284,11118,280,7,100,False,0,car,0 days 00:39:59.690000,0 days 01:35:36.298000
2024-05-19 13:43:16.603,11076,280,7,100,False,0,car,0 days 00:40:00.009000,0 days 01:35:36.617000
2024-05-19 13:43:16.763,11092,281,7,100,False,0,car,0 days 00:40:00.169000,0 days 01:35:36.777000
2024-05-19 13:43:17.003,11046,280,7,100,False,0,car,0 days 00:40:00.409000,0 days 01:35:37.017000
2024-05-19 13:43:17.163,10846,280,7,30,False,0,car,0 days 00:40:00.569000,0 days 01:35:37.177000
2024-05-19 13:43:17.403,10615,274,7,0,True,0,car,0 days 00:40:00.809000,0 days 01:35:37.417000
2024-05-19 13:43:17.603,10100,256,7,0,True,0,car,0 days 00:40:01.009000,0 days 01:35:37.617000
2024-05-19 13:43:17.843,10685,247,7,0,True,0,car,0 days 00:40:01.249000,0 days 01:35:37.857000
2024-05-19 13:43:18.083,10245,236,6,0,True,0,car,0 days 00:40:01.489000,0 days 01:35:38.097000
2024-05-19 13:43:18.363,9801,229,6,0,True,0,car,0 days 00:40:01.769000,0 days 01:35:38.377000
2024-05-19 13:43:18.563,9591,220,6,0,True,0,car,0 days 00:40:01.969000,0 days 01:35:38.577000
2024-05-19 13:43:18.803,9517,216,6,0,True,0,car,0 days 00:40:02.209000,0 days 01:35:38.817000
2024-05-19 13:43:19.003,9055,207,6,0,True,0,car,0 days 00:40:02.409000,0 days 01:35:39.017000
2024-05-19 13:43:19.203,9772,190,6,0,True,0,car,0 days 00:40:02.609000,0 days 01:35:39.217000
2024-05-19 13:43:19.403,9152,180,5,0,True,0,car,0 days 00:40:02.809000,0 days 01:35:39.417000
2024-05-19 13:43:19.763,8586,175,5,0,True,0,car,0 days 00:40:03.169000,0 days 01:35:39.777000
2024-05-19 13:43:20.123,8502,163,5,8,False,0,car,0 days 00:40:03.529000,0 days 01:35:40.137000
2024-05-19 13:43:20.524,8732,166,5,69,False,0,car,0 days 00:40:03.930000,0 days 01:35:40.538000
2024-05-19 13:43:20.764,9114,171,5,89,False,0,car,0 days 00:40:04.170000,0 days 01:35:40.778000
2024-05-19 13:43:20.964,9354,176,5,100,False,0,car,0 days 00:40:04.370000,0 days 01:35:40.978000
2024-05-19 13:43:21.164,9610,179,5,100,False,0,car,0 days 00:40:04.570000,0 days 01:35:41.178000
2024-05-19 13:43:21.444,10080,191,5,100,False,0,car,0 days 00:40:04.850000,0 days 01:35:41.458000
2024-05-19 13:43:21.724,10263,199,5,100,False,0,car,0 days 00:40:05.130000,0 days 01:35:41.738000
2024-05-19 13:43:22.004,10617,209,5,100,False,0,car,0 days 00:40:05.410000,0 days 01:35:42.018000
2024-05-19 13:43:22.164,10856,209,5,100,False,0,car,0 days 00:40:05.570000,0 days 01:35:42.178000
2024-05-19 13:43:22.324,11045,213,5,100,False,0,car,0 days 00:40:05.730000,0 days 01:35:42.338000
2024-05-19 13:43:23.283,11429,225,5,80,False,0,car,0 days 00:40:06.689000,0 days 01:35:43.297000
2024-05-19 13:43:23.443,10961,224,5,13,False,0,car,0 days 00:40:06.849000,0 days 01:35:43.457000
2024-05-19 13:43:23.643,10746,215,5,0,False,0,car,0 days 00:40:07.049000,0 days 01:35:43.657000
2024-05-19 13:43:23.883,9905,200,5,0,True,0,car,0 days 00:40:07.289000,0 days 01:35:43.897000
2024-05-19 13:43:24.123,9732,191,5,0,True,0,car,0 days 00:40:07.529000,0 days 01:35:44.137000
2024-05-19 13:43:24.283,10054,173,5,0,True,0,car,0 days 00:40:07.689000,0 days 01:35:44.297000
2024-05-19 13:43:24.763,9586,137,3,0,True,0,car,0 days 00:40:08.169000,0 days 01:35:44.777000
2024-05-19 13:43:25.003,8938,127,3,0,True,0,car,0 days 00:40:08.409000,0 days 01:35:45.017000
2024-05-19 13:43:25.323,8307,118,3,0,True,0,car,0 days 00:40:08.729000,0 days 01:35:45.337000
2024-05-19 13:43:25.483,8009,115,3,0,True,0,car,0 days 00:40:08.889000,0 days 01:35:45.497000
2024-05-19 13:43:25.683,7691,113,3,0,True,0,car,0 days 00:40:09.089000,0 days 01:35:45.697000
2024-05-19 13:43:25.963,7436,105,3,0,False,0,car,0 days 00:40:09.369000,0 days 01:35:45.977000
2024-05-19 13:43:26.243,7090,103,3,0,False,0,car,0 days 00:40:09.649000,0 days 01:35:46.257000
2024-05-19 13:43:26.483,7069,97,3,4,False,0,car,0 days 00:40:09.889000,0 days 01:35:46.497000
2024-05-19 13:43:26.723,7372,97,3,30,False,0,car,0 days 00:40:10.129000,0 days 01:35:46.737000
2024-05-19 13:43:26.923,7517,99,3,32,False,0,car,0 days 00:40:10.329000,0 days 01:35:46.937000
2024-05-19 13:43:27.124,7748,102,3,41,False,0,car,0 days 00:40:10.530000,0 days 01:35:47.138000
2024-05-19 13:43:27.364,8071,105,3,51,False,0,car,0 days 00:40:10.770000,0 days 01:35:47.378000
2024-05-19 13:43:27.564,8376,109,3,58,False,0,car,0 days 00:40:10.970000,0 days 01:35:47.578000
2024-05-19 13:43:27.724,8516,115,3,58,False,0,car,0 days 00:40:11.130000,0 days 01:35:47.738000
2024-05-19 13:43:28.044,9670,126,3,82,False,0,car,0 days 00:40:11.450000,0 days 01:35:48.058000
2024-05-19 13:43:28.204,10050,135,3,88,False,0,car,0 days 00:40:11.610000,0 days 01:35:48.218000
2024-05-19 13:43:28.444,10989,144,3,100,False,0,car,0 days 00:40:11.850000,0 days 01:35:48.458000
2024-05-19 13:43:28.644,10709,153,3,100,False,0,car,0 days 00:40:12.050000,0 days 01:35:48.658000
2024-05-19 13:43:28.804,10363,157,3,100,False,0,car,0 days 00:40:12.210000,0 days 01:35:48.818000
2024-05-19 13:43:29.084,10611,169,4,100,False,0,car,0 days 00:40:12.490000,0 days 01:35:49.098000
2024-05-19 13:43:29.244,11018,174,4,100,False,0,car,0 days 00:40:12.650000,0 days 01:35:49.258000
2024-05-19 13:43:29.444,11298,185,4,100,False,0,car,0 days 00:40:12.850000,0 days 01:35:49.458000
2024-05-19 13:43:29.684,11690,192,4,100,False,0,car,0 days 00:40:13.090000,0 days 01:35:49.698000
2024-05-19 13:43:29.843,11540,199,4,100,False,0,car,0 days 00:40:13.249000,0 days 01:35:49.857000
2024-05-19 13:43:30.083,10676,204,5,100,False,0,car,0 days 00:40:13.489000,0 days 01:35:50.097000
2024-05-19 13:43:30.403,11090,213,5,100,False,0,car,0 days 00:40:13.809000,0 days 01:35:50.417000
2024-05-19 13:43:30.763,11487,224,5,100,False,0,car,0 days 00:40:14.169000,0 days 01:35:50.777000
2024-05-19 13:43:30.923,11708,226,5,100,False,0,car,0 days 00:40:14.329000,0 days 01:35:50.937000
2024-05-19 13:43:31.163,10618,233,5,100,False,0,car,0 days 00:40:14.569000,0 days 01:35:51.177000
2024-05-19 13:43:31.603,10887,241,6,100,False,0,car,0 days 00:40:15.009000,0 days 01:35:51.617000
2024-05-19 13:43:31.963,11103,247,6,100,False,0,car,0 days 00:40:15.369000,0 days 01:35:51.977000
2024-05-19 13:43:32.163,11295,251,6,100,False,0,car,0 days 00:40:15.569000,0 days 01:35:52.177000
2024-05-19 13:43:32.603,11380,256,6,100,False,0,car,0 days 00:40:16.009000,0 days 01:35:52.617000
2024-05-19 13:43:32.803,11617,260,6,100,False,0,car,0 days 00:40:16.209000,0 days 01:35:52.817000
2024-05-19 13:43:33.203,10338,263,6,100,False,0,car,0 days 00:40:16.609000,0 days 01:35:53.217000
2024-05-19 13:43:33.403,10529,263,7,100,False,0,car,0 days 00:40:16.809000,0 days 01:35:53.417000
2024-05-19 13:43:33.603,10533,264,7,100,False,0,car,0 days 00:40:17.009000,0 days 01:35:53.617000
2024-05-19 13:43:33.804,10546,266,7,100,False,0,car,0 days 00:40:17.210000,0 days 01:35:53.818000
2024-05-19 13:43:34.084,10605,266,7,100,False,0,car,0 days 00:40:17.490000,0 days 01:35:54.098000
2024-05-19 13:43:34.484,10641,267,7,100,False,0,car,0 days 00:40:17.890000,0 days 01:35:54.498000
2024-05-19 13:43:34.884,10691,268,7,100,False,0,car,0 days 00:40:18.290000,0 days 01:35:54.898000
2024-05-19 13:43:35.124,10663,268,7,100,False,0,car,0 days 00:40:18.530000,0 days 01:35:55.138000
2024-05-19 13:43:35.404,10236,268,7,4,False,0,car,0 days 00:40:18.810000,0 days 01:35:55.418000
2024-05-19 13:43:35.724,9523,252,7,0,True,0,car,0 days 00:40:19.130000,0 days 01:35:55.738000
2024-05-19 13:43:36.084,10414,222,6,0,True,0,car,0 days 00:40:19.490000,0 days 01:35:56.098000
2024-05-19 13:43:36.324,10519,208,6,0,True,0,car,0 days 00:40:19.730000,0 days 01:35:56.338000
2024-05-19 13:43:36.763,9880,199,5,10,False,0,car,0 days 00:40:20.169000,0 days 01:35:56.777000
2024-05-19 13:43:37.083,10066,194,5,61,False,0,car,0 days 00:40:20.489000,0 days 01:35:57.097000
2024-05-19 13:43:37.363,10177,196,5,82,False,0,car,0 days 00:40:20.769000,0 days 01:35:57.377000
2024-05-19 13:43:37.683,10485,199,5,96,False,0,car,0 days 00:40:21.089000,0 days 01:35:57.697000
2024-05-19 13:43:37.843,10772,206,5,100,False,0,car,0 days 00:40:21.249000,0 days 01:35:57.857000
2024-05-19 13:43:38.123,11098,209,5,100,False,0,car,0 days 00:40:21.529000,0 days 01:35:58.137000
2024-05-19 13:43:38.403,11398,220,5,100,False,0,car,0 days 00:40:21.809000,0 days 01:35:58.417000
2024-05-19 13:43:38.603,10796,224,5,100,False,0,car,0 days 00:40:22.009000,0 days 01:35:58.617000
2024-05-19 13:43:38.763,10416,226,6,100,False,0,car,0 days 00:40:22.169000,0 days 01:35:58.777000
2024-05-19 13:43:39.083,10716,234,6,100,False,0,car,0 days 00:40:22.489000,0 days 01:35:59.097000
2024-05-19 13:43:39.283,10863,239,6,100,False,0,car,0 days 00:40:22.689000,0 days 01:35:59.297000
2024-05-19 13:43:39.603,11065,244,6,100,False,0,car,0 days 00:40:23.009000,0 days 01:35:59.617000
2024-05-19 13:43:39.923,11408,251,6,100,False,0,car,0 days 00:40:23.329000,0 days 01:35:59.937000
2024-05-19 13:43:40.163,11540,255,6,100,False,0,car,0 days 00:40:23.569000,0 days 01:36:00.177000
2024-05-19 13:43:40.484,10409,260,6,100,False,0,car,0 days 00:40:23.890000,0 days 01:36:00.498000
2024-05-19 13:43:40.804,10523,265,7,100,False,0,car,0 days 00:40:24.210000,0 days 01:36:00.818000
2024-05-19 13:43:40.964,10603,265,7,100,False,0,car,0 days 00:40:24.370000,0 days 01:36:00.978000
2024-05-19 13:43:41.284,10649,269,7,100,False,0,car,0 days 00:40:24.690000,0 days 01:36:01.298000
2024-05-19 13:43:41.444,10732,270,7,100,False,0,car,0 days 00:40:24.850000,0 days 01:36:01.458000
2024-05-19 13:43:41.724,10709,271,7,100,False,0,car,0 days 00:40:25.130000,0 days 01:36:01.738000
2024-05-19 13:43:41.964,10343,271,7,0,True,0,car,0 days 00:40:25.370000,0 days 01:36:01.978000
2024-05-19 13:43:42.284,10105,262,7,0,True,0,car,0 days 00:40:25.690000,0 days 01:36:02.298000
2024-05-19 13:43:42.444,9794,251,7,0,True,0,car,0 days 00:40:25.850000,0 days 01:36:02.458000
2024-05-19 13:43:42.604,9519,244,7,0,True,0,car,0 days 00:40:26.010000,0 days 01:36:02.618000
2024-05-19 13:43:42.844,9215,241,7,0,True,0,car,0 days 00:40:26.250000,0 days 01:36:02.858000
2024-05-19 13:43:43.363,8815,227,7,0,True,0,car,0 days 00:40:26.769000,0 days 01:36:03.377000
2024-05-19 13:43:43.683,9046,201,6,0,True,0,car,0 days 00:40:27.089000,0 days 01:36:03.697000
2024-05-19 13:43:43.923,9443,186,6,0,True,0,car,0 days 00:40:27.329000,0 days 01:36:03.937000
2024-05-19 13:43:44.123,9861,179,6,0,True,0,car,0 days 00:40:27.529000,0 days 01:36:04.137000
2024-05-19 13:43:44.323,9334,158,5,0,True,0,car,0 days 00:40:27.729000,0 days 01:36:04.337000
2024-05-19 13:43:44.563,8570,150,4,0,True,0,car,0 days 00:40:27.969000,0 days 01:36:04.577000
2024-05-19 13:43:44.723,8271,143,4,0,True,0,car,0 days 00:40:28.129000,0 days 01:36:04.737000
2024-05-19 13:43:44.883,8024,138,4,0,True,0,car,0 days 00:40:28.289000,0 days 01:36:04.897000
2024-05-19 13:43:45.043,7862,134,4,0,True,0,car,0 days 00:40:28.449000,0 days 01:36:05.057000
2024-05-19 13:43:45.363,7877,132,4,6,False,0,car,0 days 00:40:28.769000,0 days 01:36:05.377000
2024-05-19 13:43:45.643,8059,126,4,38,False,0,car,0 days 00:40:29.049000,0 days 01:36:05.657000
2024-05-19 13:43:45.843,8044,129,4,44,False,0,car,0 days 00:40:29.249000,0 days 01:36:05.857000
2024-05-19 13:43:46.123,8545,133,4,81,False,0,car,0 days 00:40:29.529000,0 days 01:36:06.137000
2024-05-19 13:43:46.283,8708,139,4,87,False,0,car,0 days 00:40:29.689000,0 days 01:36:06.297000
2024-05-19 13:43:46.443,9128,142,4,97,False,0,car,0 days 00:40:29.849000,0 days 01:36:06.457000
2024-05-19 13:43:46.683,9629,151,4,100,False,0,car,0 days 00:40:30.089000,0 days 01:36:06.697000
2024-05-19 13:43:46.884,10088,151,4,100,False,0,car,0 days 00:40:30.290000,0 days 01:36:06.898000
2024-05-19 13:43:47.164,10681,172,4,100,False,0,car,0 days 00:40:30.570000,0 days 01:36:07.178000
2024-05-19 13:43:47.444,11309,180,4,100,False,0,car,0 days 00:40:30.850000,0 days 01:36:07.458000
2024-05-19 13:43:47.804,10974,197,4,100,False,0,car,0 days 00:40:31.210000,0 days 01:36:07.818000
2024-05-19 13:43:48.084,10603,199,5,100,False,0,car,0 days 00:40:31.490000,0 days 01:36:08.098000
2024-05-19 13:43:48.484,11140,211,5,100,False,0,car,0 days 00:40:31.890000,0 days 01:36:08.498000
2024-05-19 13:43:48.644,11140,216,5,100,False,0,car,0 days 00:40:32.050000,0 days 01:36:08.658000
2024-05-19 13:43:49.084,11127,224,5,100,False,0,car,0 days 00:40:32.490000,0 days 01:36:09.098000
2024-05-19 13:43:49.284,10486,231,5,100,False,0,car,0 days 00:40:32.690000,0 days 01:36:09.298000
2024-05-19 13:43:49.644,10838,240,6,100,False,0,car,0 days 00:40:33.050000,0 days 01:36:09.658000
2024-05-19 13:43:49.804,10946,243,6,100,False,0,car,0 days 00:40:33.210000,0 days 01:36:09.818000
2024-05-19 13:43:50.043,11109,247,6,100,False,0,car,0 days 00:40:33.449000,0 days 01:36:10.057000
2024-05-19 13:43:50.283,11202,250,6,100,False,0,car,0 days 00:40:33.689000,0 days 01:36:10.297000
2024-05-19 13:43:50.523,11322,252,6,100,False,0,car,0 days 00:40:33.929000,0 days 01:36:10.537000
2024-05-19 13:43:50.683,11373,254,6,100,False,0,car,0 days 00:40:34.089000,0 days 01:36:10.697000
2024-05-19 13:43:50.843,11448,254,6,100,False,0,car,0 days 00:40:34.249000,0 days 01:36:10.857000
2024-05-19 13:43:51.123,11381,255,6,100,False,0,car,0 days 00:40:34.529000,0 days 01:36:11.137000
2024-05-19 13:43:51.523,11504,257,6,100,False,0,car,0 days 00:40:34.929000,0 days 01:36:11.537000
2024-05-19 13:43:51.763,11497,257,6,99,False,0,car,0 days 00:40:35.169000,0 days 01:36:11.777000
2024-05-19 13:43:52.203,10827,246,6,0,True,0,car,0 days 00:40:35.609000,0 days 01:36:12.217000
2024-05-19 13:43:52.363,10654,246,6,0,True,0,car,0 days 00:40:35.769000,0 days 01:36:12.377000
2024-05-19 13:43:52.603,9628,228,6,0,True,0,car,0 days 00:40:36.009000,0 days 01:36:12.617000
2024-05-19 13:43:52.803,9791,199,6,0,True,0,car,0 days 00:40:36.209000,0 days 01:36:12.817000
2024-05-19 13:43:52.963,9852,189,5,0,True,0,car,0 days 00:40:36.369000,0 days 01:36:12.977000
2024-05-19 13:43:53.203,9578,166,5,0,True,0,car,0 days 00:40:36.609000,0 days 01:36:13.217000
2024-05-19 13:43:53.403,9078,153,4,0,True,0,car,0 days 00:40:36.809000,0 days 01:36:13.417000
2024-05-19 13:43:53.604,8323,142,4,0,True,0,car,0 days 00:40:37.010000,0 days 01:36:13.618000
2024-05-19 13:43:53.964,7466,131,4,0,True,0,car,0 days 00:40:37.370000,0 days 01:36:13.978000
2024-05-19 13:43:54.164,7239,124,4,0,True,0,car,0 days 00:40:37.570000,0 days 01:36:14.178000
2024-05-19 13:43:54.524,7086,116,4,0,False,0,car,0 days 00:40:37.930000,0 days 01:36:14.538000
2024-05-19 13:43:54.764,7796,114,4,0,True,0,car,0 days 00:40:38.170000,0 days 01:36:14.778000
2024-05-19 13:43:55.004,7533,109,3,0,True,0,car,0 days 00:40:38.410000,0 days 01:36:15.018000
2024-05-19 13:43:55.364,7484,106,3,6,False,0,car,0 days 00:40:38.770000,0 days 01:36:15.378000
2024-05-19 13:43:55.564,7946,100,3,29,False,0,car,0 days 00:40:38.970000,0 days 01:36:15.578000
2024-05-19 13:43:55.804,7764,102,3,37,False,0,car,0 days 00:40:39.210000,0 days 01:36:15.818000
2024-05-19 13:43:56.084,8075,106,3,44,False,0,car,0 days 00:40:39.490000,0 days 01:36:16.098000
2024-05-19 13:43:56.444,8847,115,3,67,False,0,car,0 days 00:40:39.850000,0 days 01:36:16.458000
2024-05-19 13:43:56.644,9581,125,3,79,False,0,car,0 days 00:40:40.050000,0 days 01:36:16.658000
2024-05-19 13:43:56.843,10236,129,3,87,False,0,car,0 days 00:40:40.249000,0 days 01:36:16.857000
2024-05-19 13:43:57.123,10913,144,3,100,False,0,car,0 days 00:40:40.529000,0 days 01:36:17.137000
2024-05-19 13:43:57.443,10035,158,3,100,False,0,car,0 days 00:40:40.849000,0 days 01:36:17.457000
2024-05-19 13:43:57.683,10705,167,4,100,False,0,car,0 days 00:40:41.089000,0 days 01:36:17.697000
2024-05-19 13:43:58.083,11355,184,4,100,False,0,car,0 days 00:40:41.489000,0 days 01:36:18.097000
2024-05-19 13:43:58.443,10722,197,4,100,False,0,car,0 days 00:40:41.849000,0 days 01:36:18.457000
2024-05-19 13:43:58.603,10653,204,4,100,False,0,car,0 days 00:40:42.009000,0 days 01:36:18.617000
2024-05-19 13:43:58.803,10890,210,5,100,False,0,car,0 days 00:40:42.209000,0 days 01:36:18.817000
2024-05-19 13:43:59.083,11324,216,5,100,False,0,car,0 days 00:40:42.489000,0 days 01:36:19.097000
2024-05-19 13:43:59.283,11583,222,5,100,False,0,car,0 days 00:40:42.689000,0 days 01:36:19.297000
2024-05-19 13:43:59.563,11363,229,5,100,False,0,car,0 days 00:40:42.969000,0 days 01:36:19.577000
2024-05-19 13:43:59.963,10805,238,5,100,False,0,car,0 days 00:40:43.369000,0 days 01:36:19.977000
2024-05-19 13:44:00.124,10978,242,6,100,False,0,car,0 days 00:40:43.530000,0 days 01:36:20.138000
2024-05-19 13:44:00.324,11214,247,6,100,False,0,car,0 days 00:40:43.730000,0 days 01:36:20.338000
2024-05-19 13:44:00.604,11334,253,6,100,False,0,car,0 days 00:40:44.010000,0 days 01:36:20.618000
2024-05-19 13:44:01.004,11511,259,6,100,False,0,car,0 days 00:40:44.410000,0 days 01:36:21.018000
2024-05-19 13:44:01.204,11668,260,6,100,False,0,car,0 days 00:40:44.610000,0 days 01:36:21.218000
2024-05-19 13:44:01.524,10622,266,6,100,False,0,car,0 days 00:40:44.930000,0 days 01:36:21.538000
2024-05-19 13:44:01.804,10762,269,7,100,False,0,car,0 days 00:40:45.210000,0 days 01:36:21.818000
2024-05-19 13:44:02.044,10857,272,7,100,False,0,car,0 days 00:40:45.450000,0 days 01:36:22.058000
2024-05-19 13:44:02.324,11006,275,7,100,False,0,car,0 days 00:40:45.730000,0 days 01:36:22.338000
2024-05-19 13:44:02.644,11020,278,7,100,False,0,car,0 days 00:40:46.050000,0 days 01:36:22.658000
2024-05-19 13:44:03.004,11122,280,7,100,False,0,car,0 days 00:40:46.410000,0 days 01:36:23.018000
2024-05-19 13:44:03.244,11173,283,7,100,False,0,car,0 days 00:40:46.650000,0 days 01:36:23.258000
2024-05-19 13:44:03.563,11333,286,7,100,False,0,car,0 days 00:40:46.969000,0 days 01:36:23.577000
2024-05-19 13:44:03.843,11333,286,7,100,False,0,car,0 days 00:40:47.249000,0 days 01:36:23.857000
2024-05-19 13:44:04.003,11450,289,7,100,False,0,car,0 days 00:40:47.409000,0 days 01:36:24.017000
2024-05-19 13:44:04.283,11569,291,7,100,False,0,car,0 days 00:40:47.689000,0 days 01:36:24.297000
2024-05-19 13:44:04.603,11653,294,7,100,False,0,car,0 days 00:40:48.009000,0 days 01:36:24.617000
2024-05-19 13:44:04.803,11720,294,7,100,False,0,car,0 days 00:40:48.209000,0 days 01:36:24.817000
2024-05-19 13:44:05.123,11387,291,7,19,False,0,car,0 days 00:40:48.529000,0 days 01:36:25.137000
2024-05-19 13:44:05.323,11247,285,7,19,False,0,car,0 days 00:40:48.729000,0 days 01:36:25.337000
2024-05-19 13:44:05.483,10623,278,7,0,True,0,car,0 days 00:40:48.889000,0 days 01:36:25.497000
2024-05-19 13:44:05.723,9572,252,7,0,True,0,car,0 days 00:40:49.129000,0 days 01:36:25.737000
2024-05-19 13:44:06.003,9627,217,7,0,True,0,car,0 days 00:40:49.409000,0 days 01:36:26.017000
2024-05-19 13:44:06.163,10103,207,7,0,True,0,car,0 days 00:40:49.569000,0 days 01:36:26.177000
2024-05-19 13:44:06.483,9904,176,7,0,True,0,car,0 days 00:40:49.889000,0 days 01:36:26.497000
2024-05-19 13:44:06.884,9916,150,3,0,True,0,car,0 days 00:40:50.290000,0 days 01:36:26.898000
2024-05-19 13:44:07.044,9539,138,3,0,True,0,car,0 days 00:40:50.450000,0 days 01:36:27.058000
2024-05-19 13:44:07.244,8891,130,3,0,True,0,car,0 days 00:40:50.650000,0 days 01:36:27.258000
2024-05-19 13:44:07.404,8685,130,3,0,True,0,car,0 days 00:40:50.810000,0 days 01:36:27.418000
2024-05-19 13:44:07.644,8309,120,3,0,True,0,car,0 days 00:40:51.050000,0 days 01:36:27.658000
2024-05-19 13:44:07.964,8320,118,3,25,False,0,car,0 days 00:40:51.370000,0 days 01:36:27.978000
2024-05-19 13:44:08.244,8454,114,3,34,False,0,car,0 days 00:40:51.650000,0 days 01:36:28.258000
2024-05-19 13:44:08.484,8780,116,3,46,False,0,car,0 days 00:40:51.890000,0 days 01:36:28.498000
2024-05-19 13:44:08.804,9501,123,3,74,False,0,car,0 days 00:40:52.210000,0 days 01:36:28.818000
2024-05-19 13:44:09.004,9862,131,3,85,False,0,car,0 days 00:40:52.410000,0 days 01:36:29.018000
2024-05-19 13:44:09.244,10921,138,3,94,False,0,car,0 days 00:40:52.650000,0 days 01:36:29.258000
2024-05-19 13:44:09.404,11139,148,3,100,False,0,car,0 days 00:40:52.810000,0 days 01:36:29.418000
2024-05-19 13:44:09.564,10159,153,3,100,False,0,car,0 days 00:40:52.970000,0 days 01:36:29.578000
2024-05-19 13:44:09.764,9760,160,4,16,False,0,car,0 days 00:40:53.170000,0 days 01:36:29.778000
2024-05-19 13:44:10.044,9106,161,4,0,False,0,car,0 days 00:40:53.450000,0 days 01:36:30.058000
2024-05-19 13:44:10.323,8923,152,4,0,True,0,car,0 days 00:40:53.729000,0 days 01:36:30.337000
2024-05-19 13:44:10.523,8614,148,4,0,True,0,car,0 days 00:40:53.929000,0 days 01:36:30.537000
2024-05-19 13:44:10.843,8280,143,4,0,False,0,car,0 days 00:40:54.249000,0 days 01:36:30.857000
2024-05-19 13:44:11.003,8594,139,4,20,False,0,car,0 days 00:40:54.409000,0 days 01:36:31.017000
2024-05-19 13:44:11.163,8533,136,4,50,False,0,car,0 days 00:40:54.569000,0 days 01:36:31.177000
2024-05-19 13:44:11.403,8660,140,4,57,False,0,car,0 days 00:40:54.809000,0 days 01:36:31.417000
2024-05-19 13:44:11.643,9327,144,4,68,False,0,car,0 days 00:40:55.049000,0 days 01:36:31.657000
2024-05-19 13:44:11.923,9611,150,4,78,False,0,car,0 days 00:40:55.329000,0 days 01:36:31.937000
2024-05-19 13:44:12.283,10389,160,4,100,False,0,car,0 days 00:40:55.689000,0 days 01:36:32.297000
2024-05-19 13:44:12.523,10942,169,4,100,False,0,car,0 days 00:40:55.929000,0 days 01:36:32.537000
2024-05-19 13:44:12.683,11253,177,4,100,False,0,car,0 days 00:40:56.089000,0 days 01:36:32.697000
2024-05-19 13:44:12.923,11648,188,4,100,False,0,car,0 days 00:40:56.329000,0 days 01:36:32.937000
2024-05-19 13:44:13.204,10583,198,4,100,False,0,car,0 days 00:40:56.610000,0 days 01:36:33.218000
2024-05-19 13:44:13.604,11001,210,5,100,False,0,car,0 days 00:40:57.010000,0 days 01:36:33.618000
2024-05-19 13:44:13.844,11259,216,5,100,False,0,car,0 days 00:40:57.250000,0 days 01:36:33.858000
2024-05-19 13:44:14.204,11649,224,5,100,False,0,car,0 days 00:40:57.610000,0 days 01:36:34.218000
2024-05-19 13:44:14.404,10372,230,5,100,False,0,car,0 days 00:40:57.810000,0 days 01:36:34.418000
2024-05-19 13:44:14.644,10687,235,5,100,False,0,car,0 days 00:40:58.050000,0 days 01:36:34.658000
2024-05-19 13:44:14.884,10875,239,6,100,False,0,car,0 days 00:40:58.290000,0 days 01:36:34.898000
2024-05-19 13:44:15.244,11067,247,6,100,False,0,car,0 days 00:40:58.650000,0 days 01:36:35.258000
2024-05-19 13:44:15.404,11067,249,6,100,False,0,car,0 days 00:40:58.810000,0 days 01:36:35.418000
2024-05-19 13:44:15.884,11533,257,6,100,False,0,car,0 days 00:40:59.290000,0 days 01:36:35.898000
2024-05-19 13:44:16.084,10344,259,6,100,False,0,car,0 days 00:40:59.490000,0 days 01:36:36.098000
2024-05-19 13:44:16.244,10545,262,6,100,False,0,car,0 days 00:40:59.650000,0 days 01:36:36.258000
2024-05-19 13:44:16.444,10668,266,7,100,False,0,car,0 days 00:40:59.850000,0 days 01:36:36.458000
2024-05-19 13:44:16.644,10690,268,7,100,False,0,car,0 days 00:41:00.050000,0 days 01:36:36.658000
2024-05-19 13:44:16.923,10910,271,7,100,False,0,car,0 days 00:41:00.329000,0 days 01:36:36.937000
2024-05-19 13:44:17.203,10956,275,7,100,False,0,car,0 days 00:41:00.609000,0 days 01:36:37.217000
2024-05-19 13:44:17.443,10999,277,7,100,False,0,car,0 days 00:41:00.849000,0 days 01:36:37.457000
2024-05-19 13:44:17.683,11129,279,7,100,False,0,car,0 days 00:41:01.089000,0 days 01:36:37.697000
2024-05-19 13:44:17.883,11160,281,7,100,False,0,car,0 days 00:41:01.289000,0 days 01:36:37.897000
2024-05-19 13:44:18.243,11329,284,7,100,False,0,car,0 days 00:41:01.649000,0 days 01:36:38.257000
2024-05-19 13:44:18.523,11413,287,7,100,False,0,car,0 days 00:41:01.929000,0 days 01:36:38.537000
2024-05-19 13:44:18.763,11464,289,7,100,False,0,car,0 days 00:41:02.169000,0 days 01:36:38.777000
2024-05-19 13:44:18.923,11553,290,7,100,False,0,car,0 days 00:41:02.329000,0 days 01:36:38.937000
2024-05-19 13:44:19.163,11532,292,7,100,False,0,car,0 days 00:41:02.569000,0 days 01:36:39.177000
2024-05-19 13:44:19.403,11040,294,7,100,False,0,car,0 days 00:41:02.809000,0 days 01:36:39.417000
2024-05-19 13:44:19.724,10523,296,8,100,False,0,car,0 days 00:41:03.130000,0 days 01:36:39.738000
2024-05-19 13:44:20.204,10656,299,8,100,False,0,car,0 days 00:41:03.610000,0 days 01:36:40.218000
2024-05-19 13:44:20.604,10744,301,8,100,False,0,car,0 days 00:41:04.010000,0 days 01:36:40.618000
2024-05-19 13:44:20.764,10755,302,8,100,False,0,car,0 days 00:41:04.170000,0 days 01:36:40.778000
2024-05-19 13:44:21.044,10794,303,8,100,False,0,car,0 days 00:41:04.450000,0 days 01:36:41.058000
2024-05-19 13:44:21.204,10826,304,8,100,False,0,car,0 days 00:41:04.610000,0 days 01:36:41.218000
2024-05-19 13:44:21.604,10836,306,8,100,False,0,car,0 days 00:41:05.010000,0 days 01:36:41.618000
2024-05-19 13:44:21.764,10889,306,8,100,False,0,car,0 days 00:41:05.170000,0 days 01:36:41.778000
2024-05-19 13:44:21.964,10952,307,8,100,False,0,car,0 days 00:41:05.370000,0 days 01:36:41.978000
2024-05-19 13:44:22.124,10951,308,8,100,False,0,car,0 days 00:41:05.530000,0 days 01:36:42.138000
2024-05-19 13:44:22.484,10972,308,8,100,False,0,car,0 days 00:41:05.890000,0 days 01:36:42.498000
2024-05-19 13:44:22.644,10972,308,8,100,False,0,car,0 days 00:41:06.050000,0 days 01:36:42.658000
2024-05-19 13:44:22.924,10994,309,8,100,False,0,car,0 days 00:41:06.330000,0 days 01:36:42.938000
2024-05-19 13:44:23.284,11024,310,8,100,False,0,car,0 days 00:41:06.690000,0 days 01:36:43.298000
2024-05-19 13:44:23.484,11076,311,8,100,False,0,car,0 days 00:41:06.890000,0 days 01:36:43.498000
2024-05-19 13:44:23.683,11026,311,8,100,False,0,car,0 days 00:41:07.089000,0 days 01:36:43.697000
2024-05-19 13:44:24.163,11057,312,8,100,False,0,car,0 days 00:41:07.569000,0 days 01:36:44.177000
2024-05-19 13:44:24.323,11039,312,8,100,False,0,car,0 days 00:41:07.729000,0 days 01:36:44.337000
2024-05-19 13:44:24.683,11041,313,8,100,False,0,car,0 days 00:41:08.089000,0 days 01:36:44.697000
2024-05-19 13:44:25.003,11076,313,8,100,False,0,car,0 days 00:41:08.409000,0 days 01:36:45.017000
2024-05-19 13:44:25.203,11087,313,8,100,False,0,car,0 days 00:41:08.609000,0 days 01:36:45.217000
2024-05-19 13:44:25.403,11096,313,8,100,False,0,car,0 days 00:41:08.809000,0 days 01:36:45.417000
2024-05-19 13:44:25.603,11113,314,8,100,False,0,car,0 days 00:41:09.009000,0 days 01:36:45.617000
2024-05-19 13:44:25.763,11183,315,8,100,False,0,car,0 days 00:41:09.169000,0 days 01:36:45.777000
2024-05-19 13:44:26.083,11141,315,8,100,False,0,car,0 days 00:41:09.489000,0 days 01:36:46.097000
2024-05-19 13:44:26.484,11118,315,8,100,False,0,car,0 days 00:41:09.890000,0 days 01:36:46.498000
2024-05-19 13:44:26.844,10868,315,8,26,False,0,car,0 days 00:41:10.250000,0 days 01:36:46.858000
2024-05-19 13:44:27.084,10568,313,8,0,True,0,car,0 days 00:41:10.490000,0 days 01:36:47.098000
2024-05-19 13:44:27.364,9870,300,8,0,True,0,car,0 days 00:41:10.770000,0 days 01:36:47.378000
2024-05-19 13:44:27.684,9528,260,8,0,True,0,car,0 days 00:41:11.090000,0 days 01:36:47.698000
2024-05-19 13:44:27.844,9924,236,8,0,True,0,car,0 days 00:41:11.250000,0 days 01:36:47.858000
2024-05-19 13:44:28.004,10484,215,8,0,True,0,car,0 days 00:41:11.410000,0 days 01:36:48.018000
2024-05-19 13:44:28.324,10772,198,7,0,True,0,car,0 days 00:41:11.730000,0 days 01:36:48.338000
2024-05-19 13:44:28.484,10310,185,5,0,True,0,car,0 days 00:41:11.890000,0 days 01:36:48.498000
2024-05-19 13:44:28.684,9826,172,4,0,True,0,car,0 days 00:41:12.090000,0 days 01:36:48.698000
2024-05-19 13:44:28.844,9686,165,4,0,True,0,car,0 days 00:41:12.250000,0 days 01:36:48.858000
2024-05-19 13:44:29.124,9368,159,4,1,False,0,car,0 days 00:41:12.530000,0 days 01:36:49.138000
2024-05-19 13:44:29.324,9154,155,4,15,False,0,car,0 days 00:41:12.730000,0 days 01:36:49.338000
2024-05-19 13:44:29.484,9365,153,4,51,False,0,car,0 days 00:41:12.890000,0 days 01:36:49.498000
2024-05-19 13:44:29.684,9678,153,4,68,False,0,car,0 days 00:41:13.090000,0 days 01:36:49.698000
2024-05-19 13:44:29.884,9970,157,4,78,False,0,car,0 days 00:41:13.290000,0 days 01:36:49.898000
2024-05-19 13:44:30.084,10158,161,4,94,False,0,car,0 days 00:41:13.490000,0 days 01:36:50.098000
2024-05-19 13:44:30.363,10000,173,4,48,False,0,car,0 days 00:41:13.769000,0 days 01:36:50.377000
2024-05-19 13:44:30.563,8998,174,5,45,False,0,car,0 days 00:41:13.969000,0 days 01:36:50.577000
2024-05-19 13:44:30.843,9078,175,5,62,False,0,car,0 days 00:41:14.249000,0 days 01:36:50.857000
2024-05-19 13:44:31.043,9190,177,5,70,False,0,car,0 days 00:41:14.449000,0 days 01:36:51.057000
2024-05-19 13:44:31.483,10035,186,5,100,False,0,car,0 days 00:41:14.889000,0 days 01:36:51.497000
2024-05-19 13:44:31.763,10438,195,5,100,False,0,car,0 days 00:41:15.169000,0 days 01:36:51.777000
2024-05-19 13:44:32.003,10632,204,5,100,False,0,car,0 days 00:41:15.409000,0 days 01:36:52.017000
2024-05-19 13:44:32.243,11104,211,5,100,False,0,car,0 days 00:41:15.649000,0 days 01:36:52.257000
2024-05-19 13:44:32.523,10264,218,5,100,False,0,car,0 days 00:41:15.929000,0 days 01:36:52.537000
2024-05-19 13:44:32.683,10213,218,5,100,False,0,car,0 days 00:41:16.089000,0 days 01:36:52.697000
2024-05-19 13:44:32.884,10310,224,6,100,False,0,car,0 days 00:41:16.290000,0 days 01:36:52.898000
2024-05-19 13:44:33.044,10512,228,6,100,False,0,car,0 days 00:41:16.450000,0 days 01:36:53.058000
2024-05-19 13:44:33.484,10775,234,6,100,False,0,car,0 days 00:41:16.890000,0 days 01:36:53.498000
2024-05-19 13:44:33.684,10850,238,6,100,False,0,car,0 days 00:41:17.090000,0 days 01:36:53.698000
2024-05-19 13:44:33.964,11131,243,6,100,False,0,car,0 days 00:41:17.370000,0 days 01:36:53.978000
2024-05-19 13:44:34.244,11171,249,6,100,False,0,car,0 days 00:41:17.650000,0 days 01:36:54.258000
2024-05-19 13:44:34.404,11357,253,6,100,False,0,car,0 days 00:41:17.810000,0 days 01:36:54.418000
2024-05-19 13:44:34.684,11516,255,6,100,False,0,car,0 days 00:41:18.090000,0 days 01:36:54.698000
2024-05-19 13:44:34.964,11656,260,6,100,False,0,car,0 days 00:41:18.370000,0 days 01:36:54.978000
2024-05-19 13:44:35.364,10669,266,7,100,False,0,car,0 days 00:41:18.770000,0 days 01:36:55.378000
2024-05-19 13:44:35.524,10719,269,7,100,False,0,car,0 days 00:41:18.930000,0 days 01:36:55.538000
2024-05-19 13:44:35.804,10846,273,7,100,False,0,car,0 days 00:41:19.210000,0 days 01:36:55.818000
2024-05-19 13:44:36.004,10903,275,7,100,False,0,car,0 days 00:41:19.410000,0 days 01:36:56.018000
2024-05-19 13:44:36.364,11048,277,7,100,False,0,car,0 days 00:41:19.770000,0 days 01:36:56.378000
2024-05-19 13:44:36.604,10974,278,7,100,False,0,car,0 days 00:41:20.010000,0 days 01:36:56.618000
2024-05-19 13:44:36.804,11120,279,7,100,False,0,car,0 days 00:41:20.210000,0 days 01:36:56.818000
2024-05-19 13:44:37.123,11054,280,7,100,False,0,car,0 days 00:41:20.529000,0 days 01:36:57.137000
2024-05-19 13:44:37.443,11069,280,7,100,False,0,car,0 days 00:41:20.849000,0 days 01:36:57.457000
2024-05-19 13:44:37.643,11065,279,7,100,False,0,car,0 days 00:41:21.049000,0 days 01:36:57.657000
2024-05-19 13:44:37.843,11002,279,7,100,False,0,car,0 days 00:41:21.249000,0 days 01:36:57.857000
2024-05-19 13:44:38.243,10226,269,7,0,True,0,car,0 days 00:41:21.649000,0 days 01:36:58.257000
2024-05-19 13:44:38.683,10612,248,7,0,True,0,car,0 days 00:41:22.089000,0 days 01:36:58.697000
2024-05-19 13:44:38.883,10360,248,6,0,True,0,car,0 days 00:41:22.289000,0 days 01:36:58.897000
2024-05-19 13:44:39.083,9865,231,6,4,True,0,car,0 days 00:41:22.489000,0 days 01:36:59.097000
2024-05-19 13:44:39.243,9795,223,6,1,True,0,car,0 days 00:41:22.649000,0 days 01:36:59.257000
2024-05-19 13:44:39.524,9208,217,6,0,True,0,car,0 days 00:41:22.930000,0 days 01:36:59.538000
2024-05-19 13:44:39.764,9734,196,6,0,True,0,car,0 days 00:41:23.170000,0 days 01:36:59.778000
2024-05-19 13:44:40.084,8622,179,5,0,True,0,car,0 days 00:41:23.490000,0 days 01:37:00.098000
2024-05-19 13:44:40.324,8557,171,5,0,True,0,car,0 days 00:41:23.730000,0 days 01:37:00.338000
2024-05-19 13:44:40.564,8531,165,5,19,True,0,car,0 days 00:41:23.970000,0 days 01:37:00.578000
2024-05-19 13:44:40.924,8617,165,5,61,False,0,car,0 days 00:41:24.330000,0 days 01:37:00.938000
2024-05-19 13:44:41.324,9081,172,5,95,False,0,car,0 days 00:41:24.730000,0 days 01:37:01.338000
2024-05-19 13:44:41.604,9413,181,5,100,False,0,car,0 days 00:41:25.010000,0 days 01:37:01.618000
2024-05-19 13:44:41.924,10052,181,5,100,False,0,car,0 days 00:41:25.330000,0 days 01:37:01.938000
2024-05-19 13:44:42.084,10315,192,5,100,False,0,car,0 days 00:41:25.490000,0 days 01:37:02.098000
2024-05-19 13:44:42.364,10659,201,5,100,False,0,car,0 days 00:41:25.770000,0 days 01:37:02.378000
2024-05-19 13:44:42.764,11064,212,5,100,False,0,car,0 days 00:41:26.170000,0 days 01:37:02.778000
2024-05-19 13:44:42.964,11198,216,5,100,False,0,car,0 days 00:41:26.370000,0 days 01:37:02.978000
2024-05-19 13:44:43.124,11148,219,5,100,False,0,car,0 days 00:41:26.530000,0 days 01:37:03.138000
2024-05-19 13:44:43.324,11304,221,5,100,False,0,car,0 days 00:41:26.730000,0 days 01:37:03.338000
2024-05-19 13:44:43.564,11477,224,5,100,False,0,car,0 days 00:41:26.970000,0 days 01:37:03.578000
2024-05-19 13:44:43.724,11477,226,5,100,False,0,car,0 days 00:41:27.130000,0 days 01:37:03.738000
2024-05-19 13:44:43.963,11248,227,5,1,False,0,car,0 days 00:41:27.369000,0 days 01:37:03.977000
2024-05-19 13:44:44.323,10441,207,5,0,True,0,car,0 days 00:41:27.729000,0 days 01:37:04.337000
2024-05-19 13:44:44.563,9745,189,5,0,True,0,car,0 days 00:41:27.969000,0 days 01:37:04.577000
2024-05-19 13:44:44.843,10804,164,5,0,True,0,car,0 days 00:41:28.249000,0 days 01:37:04.857000
2024-05-19 13:44:45.123,10153,146,4,0,True,0,car,0 days 00:41:28.529000,0 days 01:37:05.137000
2024-05-19 13:44:45.443,9138,132,3,0,True,0,car,0 days 00:41:28.849000,0 days 01:37:05.457000
2024-05-19 13:44:45.683,8634,124,3,0,True,0,car,0 days 00:41:29.089000,0 days 01:37:05.697000
2024-05-19 13:44:45.923,8073,115,3,0,True,0,car,0 days 00:41:29.329000,0 days 01:37:05.937000
2024-05-19 13:44:46.084,7752,113,3,0,True,0,car,0 days 00:41:29.490000,0 days 01:37:06.098000
2024-05-19 13:44:46.364,7341,109,3,0,True,0,car,0 days 00:41:29.770000,0 days 01:37:06.378000
2024-05-19 13:44:46.564,7076,104,3,0,False,0,car,0 days 00:41:29.970000,0 days 01:37:06.578000
2024-05-19 13:44:46.764,7001,100,3,0,False,0,car,0 days 00:41:30.170000,0 days 01:37:06.778000
2024-05-19 13:44:46.924,7331,96,3,26,False,0,car,0 days 00:41:30.330000,0 days 01:37:06.938000
2024-05-19 13:44:47.124,7495,98,3,30,False,0,car,0 days 00:41:30.530000,0 days 01:37:07.138000
2024-05-19 13:44:47.284,7536,99,3,30,False,0,car,0 days 00:41:30.690000,0 days 01:37:07.298000
2024-05-19 13:44:47.564,7738,102,3,42,False,0,car,0 days 00:41:30.970000,0 days 01:37:07.578000
2024-05-19 13:44:47.844,8169,106,3,50,False,0,car,0 days 00:41:31.250000,0 days 01:37:07.858000
2024-05-19 13:44:48.244,8600,113,3,57,False,0,car,0 days 00:41:31.650000,0 days 01:37:08.258000
2024-05-19 13:44:48.564,9963,125,3,87,False,0,car,0 days 00:41:31.970000,0 days 01:37:08.578000
2024-05-19 13:44:48.764,10271,134,3,93,False,0,car,0 days 00:41:32.170000,0 days 01:37:08.778000
2024-05-19 13:44:49.044,11581,148,3,100,False,0,car,0 days 00:41:32.450000,0 days 01:37:09.058000
2024-05-19 13:44:49.284,10501,157,3,100,False,0,car,0 days 00:41:32.690000,0 days 01:37:09.298000
2024-05-19 13:44:49.484,10371,165,4,100,False,0,car,0 days 00:41:32.890000,0 days 01:37:09.498000
2024-05-19 13:44:49.644,10651,174,4,100,False,0,car,0 days 00:41:33.050000,0 days 01:37:09.658000
2024-05-19 13:44:49.844,11237,181,4,100,False,0,car,0 days 00:41:33.250000,0 days 01:37:09.858000
2024-05-19 13:44:50.044,11616,189,4,100,False,0,car,0 days 00:41:33.450000,0 days 01:37:10.058000
2024-05-19 13:44:50.284,11260,195,4,100,False,0,car,0 days 00:41:33.690000,0 days 01:37:10.298000
2024-05-19 13:44:50.723,10740,210,5,100,False,0,car,0 days 00:41:34.129000,0 days 01:37:10.737000
2024-05-19 13:44:50.883,11194,213,5,100,False,0,car,0 days 00:41:34.289000,0 days 01:37:10.897000
2024-05-19 13:44:51.363,11628,226,5,100,False,0,car,0 days 00:41:34.769000,0 days 01:37:11.377000
2024-05-19 13:44:51.763,10771,234,6,100,False,0,car,0 days 00:41:35.169000,0 days 01:37:11.777000
2024-05-19 13:44:52.163,10960,242,6,100,False,0,car,0 days 00:41:35.569000,0 days 01:37:12.177000
2024-05-19 13:44:52.363,11091,246,6,100,False,0,car,0 days 00:41:35.769000,0 days 01:37:12.377000
2024-05-19 13:44:52.603,11187,251,6,100,False,0,car,0 days 00:41:36.009000,0 days 01:37:12.617000
2024-05-19 13:44:52.964,11366,254,6,100,False,0,car,0 days 00:41:36.370000,0 days 01:37:12.978000
2024-05-19 13:44:53.164,11597,258,6,100,False,0,car,0 days 00:41:36.570000,0 days 01:37:13.178000
2024-05-19 13:44:53.364,11697,260,6,100,False,0,car,0 days 00:41:36.770000,0 days 01:37:13.378000
2024-05-19 13:44:53.684,10577,262,6,100,False,0,car,0 days 00:41:37.090000,0 days 01:37:13.698000
2024-05-19 13:44:53.924,10494,263,7,100,False,0,car,0 days 00:41:37.330000,0 days 01:37:13.938000
2024-05-19 13:44:54.124,10525,264,7,100,False,0,car,0 days 00:41:37.530000,0 days 01:37:14.138000
2024-05-19 13:44:54.444,10585,266,7,100,False,0,car,0 days 00:41:37.850000,0 days 01:37:14.458000
2024-05-19 13:44:54.844,10570,266,7,100,False,0,car,0 days 00:41:38.250000,0 days 01:37:14.858000
2024-05-19 13:44:55.124,10631,266,7,100,False,0,car,0 days 00:41:38.530000,0 days 01:37:15.138000
2024-05-19 13:44:55.444,10623,267,7,100,False,0,car,0 days 00:41:38.850000,0 days 01:37:15.458000
2024-05-19 13:44:55.884,10608,268,7,93,False,0,car,0 days 00:41:39.290000,0 days 01:37:15.898000
2024-05-19 13:44:56.084,10148,263,7,0,True,0,car,0 days 00:41:39.490000,0 days 01:37:16.098000
2024-05-19 13:44:56.284,9375,249,7,0,True,0,car,0 days 00:41:39.690000,0 days 01:37:16.298000
2024-05-19 13:44:56.444,9893,234,7,0,True,0,car,0 days 00:41:39.850000,0 days 01:37:16.458000
2024-05-19 13:44:56.644,10584,220,6,0,True,0,car,0 days 00:41:40.050000,0 days 01:37:16.658000
2024-05-19 13:44:56.924,10399,210,5,0,True,0,car,0 days 00:41:40.330000,0 days 01:37:16.938000
2024-05-19 13:44:57.084,9948,202,5,2,True,0,car,0 days 00:41:40.490000,0 days 01:37:17.098000
2024-05-19 13:44:57.363,9898,196,5,54,False,0,car,0 days 00:41:40.769000,0 days 01:37:17.377000
2024-05-19 13:44:57.723,10154,195,5,80,False,0,car,0 days 00:41:41.129000,0 days 01:37:17.737000
2024-05-19 13:44:57.923,10348,198,5,90,False,0,car,0 days 00:41:41.329000,0 days 01:37:17.937000
2024-05-19 13:44:58.203,10669,205,5,100,False,0,car,0 days 00:41:41.609000,0 days 01:37:18.217000
2024-05-19 13:44:58.403,11058,211,5,100,False,0,car,0 days 00:41:41.809000,0 days 01:37:18.417000
2024-05-19 13:44:58.643,11349,215,5,100,False,0,car,0 days 00:41:42.049000,0 days 01:37:18.657000
2024-05-19 13:44:58.843,11398,221,5,100,False,0,car,0 days 00:41:42.249000,0 days 01:37:18.857000
2024-05-19 13:44:59.123,10397,227,5,100,False,0,car,0 days 00:41:42.529000,0 days 01:37:19.137000
2024-05-19 13:44:59.364,10625,232,6,100,False,0,car,0 days 00:41:42.770000,0 days 01:37:19.378000
2024-05-19 13:44:59.564,10794,236,6,100,False,0,car,0 days 00:41:42.970000,0 days 01:37:19.578000
2024-05-19 13:44:59.724,10865,240,6,100,False,0,car,0 days 00:41:43.130000,0 days 01:37:19.738000
2024-05-19 13:44:59.924,11095,242,6,100,False,0,car,0 days 00:41:43.330000,0 days 01:37:19.938000
2024-05-19 13:45:00.084,11192,242,6,100,False,0,car,0 days 00:41:43.490000,0 days 01:37:20.098000
2024-05-19 13:45:00.324,11297,251,6,100,False,0,car,0 days 00:41:43.730000,0 days 01:37:20.338000
2024-05-19 13:45:00.524,11311,253,6,100,False,0,car,0 days 00:41:43.930000,0 days 01:37:20.538000
2024-05-19 13:45:00.804,10939,257,6,100,False,0,car,0 days 00:41:44.210000,0 days 01:37:20.818000
2024-05-19 13:45:00.964,10325,259,6,100,False,0,car,0 days 00:41:44.370000,0 days 01:37:20.978000
2024-05-19 13:45:01.324,10434,262,7,100,False,0,car,0 days 00:41:44.730000,0 days 01:37:21.338000
2024-05-19 13:45:01.524,10519,264,7,100,False,0,car,0 days 00:41:44.930000,0 days 01:37:21.538000
2024-05-19 13:45:01.804,10725,267,7,100,False,0,car,0 days 00:41:45.210000,0 days 01:37:21.818000
2024-05-19 13:45:02.244,10704,269,7,100,False,0,car,0 days 00:41:45.650000,0 days 01:37:22.258000
2024-05-19 13:45:02.444,10539,270,7,30,False,0,car,0 days 00:41:45.850000,0 days 01:37:22.458000
2024-05-19 13:45:02.724,10097,263,7,0,True,0,car,0 days 00:41:46.130000,0 days 01:37:22.738000
2024-05-19 13:45:03.124,9831,250,7,0,True,0,car,0 days 00:41:46.530000,0 days 01:37:23.138000
2024-05-19 13:45:03.524,9434,243,7,0,False,0,car,0 days 00:41:46.930000,0 days 01:37:23.538000
2024-05-19 13:45:03.804,9225,231,7,0,True,0,car,0 days 00:41:47.210000,0 days 01:37:23.818000
2024-05-19 13:45:04.123,9405,208,7,0,True,0,car,0 days 00:41:47.529000,0 days 01:37:24.137000
2024-05-19 13:45:04.523,10122,173,5,0,True,0,car,0 days 00:41:47.929000,0 days 01:37:24.537000
2024-05-19 13:45:04.723,9592,160,4,0,True,0,car,0 days 00:41:48.129000,0 days 01:37:24.737000
2024-05-19 13:45:04.923,8837,151,4,0,True,0,car,0 days 00:41:48.329000,0 days 01:37:24.937000
2024-05-19 13:45:05.083,8310,151,4,0,True,0,car,0 days 00:41:48.489000,0 days 01:37:25.097000
2024-05-19 13:45:05.243,8310,140,4,0,True,0,car,0 days 00:41:48.649000,0 days 01:37:25.257000
2024-05-19 13:45:05.563,7827,134,4,3,False,0,car,0 days 00:41:48.969000,0 days 01:37:25.577000
2024-05-19 13:45:05.804,8063,128,4,18,False,0,car,0 days 00:41:49.210000,0 days 01:37:25.818000
2024-05-19 13:45:06.044,7964,126,4,35,False,0,car,0 days 00:41:49.450000,0 days 01:37:26.058000
2024-05-19 13:45:06.204,8122,128,4,45,False,0,car,0 days 00:41:49.610000,0 days 01:37:26.218000
2024-05-19 13:45:06.484,8470,131,4,76,False,0,car,0 days 00:41:49.890000,0 days 01:37:26.498000
2024-05-19 13:45:06.684,8745,136,4,81,False,0,car,0 days 00:41:50.090000,0 days 01:37:26.698000
2024-05-19 13:45:07.044,9653,150,4,100,False,0,car,0 days 00:41:50.450000,0 days 01:37:27.058000
2024-05-19 13:45:07.324,10148,162,4,100,False,0,car,0 days 00:41:50.730000,0 days 01:37:27.338000
2024-05-19 13:45:07.564,10947,168,4,100,False,0,car,0 days 00:41:50.970000,0 days 01:37:27.578000
2024-05-19 13:45:07.724,11046,176,4,100,False,0,car,0 days 00:41:51.130000,0 days 01:37:27.738000
2024-05-19 13:45:07.964,11558,184,4,100,False,0,car,0 days 00:41:51.370000,0 days 01:37:27.978000
2024-05-19 13:45:08.204,11881,193,4,100,False,0,car,0 days 00:41:51.610000,0 days 01:37:28.218000
2024-05-19 13:45:08.644,10825,205,5,100,False,0,car,0 days 00:41:52.050000,0 days 01:37:28.658000
2024-05-19 13:45:08.924,11086,211,5,100,False,0,car,0 days 00:41:52.330000,0 days 01:37:28.938000
2024-05-19 13:45:09.084,11237,216,5,100,False,0,car,0 days 00:41:52.490000,0 days 01:37:29.098000
2024-05-19 13:45:09.244,11538,219,5,100,False,0,car,0 days 00:41:52.650000,0 days 01:37:29.258000
2024-05-19 13:45:09.404,11627,219,5,100,False,0,car,0 days 00:41:52.810000,0 days 01:37:29.418000
2024-05-19 13:45:09.644,10484,230,5,100,False,0,car,0 days 00:41:53.050000,0 days 01:37:29.658000
2024-05-19 13:45:09.924,10687,236,6,100,False,0,car,0 days 00:41:53.330000,0 days 01:37:29.938000
2024-05-19 13:45:10.324,10963,243,6,100,False,0,car,0 days 00:41:53.730000,0 days 01:37:30.338000
2024-05-19 13:45:10.564,11139,248,6,100,False,0,car,0 days 00:41:53.970000,0 days 01:37:30.578000
2024-05-19 13:45:10.923,11305,252,6,100,False,0,car,0 days 00:41:54.329000,0 days 01:37:30.937000
2024-05-19 13:45:11.403,11357,255,6,100,False,0,car,0 days 00:41:54.809000,0 days 01:37:31.417000
2024-05-19 13:45:11.723,11445,256,6,100,False,0,car,0 days 00:41:55.129000,0 days 01:37:31.737000
2024-05-19 13:45:11.923,11436,257,6,100,False,0,car,0 days 00:41:55.329000,0 days 01:37:31.937000
2024-05-19 13:45:12.163,11497,258,6,100,False,0,car,0 days 00:41:55.569000,0 days 01:37:32.177000
2024-05-19 13:45:12.364,11402,258,6,64,False,0,car,0 days 00:41:55.770000,0 days 01:37:32.378000
2024-05-19 13:45:12.524,11305,258,6,3,False,0,car,0 days 00:41:55.930000,0 days 01:37:32.538000
2024-05-19 13:45:12.924,10407,229,6,0,True,0,car,0 days 00:41:56.330000,0 days 01:37:32.938000
2024-05-19 13:45:13.084,9566,219,6,0,True,0,car,0 days 00:41:56.490000,0 days 01:37:33.098000
2024-05-19 13:45:13.284,9566,199,6,0,True,0,car,0 days 00:41:56.690000,0 days 01:37:33.298000
2024-05-19 13:45:13.524,9795,181,6,0,True,0,car,0 days 00:41:56.930000,0 days 01:37:33.538000
2024-05-19 13:45:13.804,8813,151,4,0,True,0,car,0 days 00:41:57.210000,0 days 01:37:33.818000
2024-05-19 13:45:14.124,8113,135,4,0,True,0,car,0 days 00:41:57.530000,0 days 01:37:34.138000
2024-05-19 13:45:14.324,7443,132,4,0,True,0,car,0 days 00:41:57.730000,0 days 01:37:34.338000
2024-05-19 13:45:14.644,7056,122,4,0,True,0,car,0 days 00:41:58.050000,0 days 01:37:34.658000
2024-05-19 13:45:14.884,6969,119,4,0,False,0,car,0 days 00:41:58.290000,0 days 01:37:34.898000
2024-05-19 13:45:15.284,7739,111,4,0,True,0,car,0 days 00:41:58.690000,0 days 01:37:35.298000
2024-05-19 13:45:15.444,7602,109,3,0,True,0,car,0 days 00:41:58.850000,0 days 01:37:35.458000
2024-05-19 13:45:15.644,7380,106,3,0,False,0,car,0 days 00:41:59.050000,0 days 01:37:35.658000
2024-05-19 13:45:15.884,7618,101,3,14,False,0,car,0 days 00:41:59.290000,0 days 01:37:35.898000
2024-05-19 13:45:16.044,7399,100,3,24,False,0,car,0 days 00:41:59.450000,0 days 01:37:36.058000
2024-05-19 13:45:16.244,7756,101,3,31,False,0,car,0 days 00:41:59.650000,0 days 01:37:36.258000
2024-05-19 13:45:16.564,8087,105,3,51,False,0,car,0 days 00:41:59.970000,0 days 01:37:36.578000
2024-05-19 13:45:16.884,8819,112,3,70,False,0,car,0 days 00:42:00.290000,0 days 01:37:36.898000
2024-05-19 13:45:17.324,10412,130,3,87,False,0,car,0 days 00:42:00.730000,0 days 01:37:37.338000
2024-05-19 13:45:17.483,10815,136,3,99,False,0,car,0 days 00:42:00.889000,0 days 01:37:37.497000
2024-05-19 13:45:17.723,11428,151,3,100,False,0,car,0 days 00:42:01.129000,0 days 01:37:37.737000
2024-05-19 13:45:18.043,10568,165,4,100,False,0,car,0 days 00:42:01.449000,0 days 01:37:38.057000
2024-05-19 13:45:18.363,11169,178,4,100,False,0,car,0 days 00:42:01.769000,0 days 01:37:38.377000
2024-05-19 13:45:18.723,11887,193,4,100,False,0,car,0 days 00:42:02.129000,0 days 01:37:38.737000
2024-05-19 13:45:18.964,11144,200,4,100,False,0,car,0 days 00:42:02.370000,0 days 01:37:38.978000
2024-05-19 13:45:19.124,10701,206,5,100,False,0,car,0 days 00:42:02.530000,0 days 01:37:39.138000
2024-05-19 13:45:19.524,11284,218,5,100,False,0,car,0 days 00:42:02.930000,0 days 01:37:39.538000
2024-05-19 13:45:19.684,11341,220,5,100,False,0,car,0 days 00:42:03.090000,0 days 01:37:39.698000
2024-05-19 13:45:20.004,11672,230,5,100,False,0,car,0 days 00:42:03.410000,0 days 01:37:40.018000
2024-05-19 13:45:20.164,10692,233,5,100,False,0,car,0 days 00:42:03.570000,0 days 01:37:40.178000
2024-05-19 13:45:20.444,10903,240,6,100,False,0,car,0 days 00:42:03.850000,0 days 01:37:40.458000
2024-05-19 13:45:20.604,10986,243,6,100,False,0,car,0 days 00:42:04.010000,0 days 01:37:40.618000
2024-05-19 13:45:20.884,11227,245,6,100,False,0,car,0 days 00:42:04.290000,0 days 01:37:40.898000
2024-05-19 13:45:21.124,11311,252,6,100,False,0,car,0 days 00:42:04.530000,0 days 01:37:41.138000
2024-05-19 13:45:21.364,11464,256,6,100,False,0,car,0 days 00:42:04.770000,0 days 01:37:41.378000
2024-05-19 13:45:21.684,11170,260,6,100,False,0,car,0 days 00:42:05.090000,0 days 01:37:41.698000
2024-05-19 13:45:21.964,10584,264,7,100,False,0,car,0 days 00:42:05.370000,0 days 01:37:41.978000
2024-05-19 13:45:22.684,10909,273,7,100,False,0,car,0 days 00:42:06.090000,0 days 01:37:42.698000
2024-05-19 13:45:22.924,10959,276,7,100,False,0,car,0 days 00:42:06.330000,0 days 01:37:42.938000
2024-05-19 13:45:23.404,11126,282,7,100,False,0,car,0 days 00:42:06.810000,0 days 01:37:43.418000
2024-05-19 13:45:23.644,11251,282,7,100,False,0,car,0 days 00:42:07.050000,0 days 01:37:43.658000
2024-05-19 13:45:23.804,11257,283,7,100,False,0,car,0 days 00:42:07.210000,0 days 01:37:43.818000
2024-05-19 13:45:23.964,11313,287,7,100,False,0,car,0 days 00:42:07.370000,0 days 01:37:43.978000
2024-05-19 13:45:24.243,11428,287,7,100,False,0,car,0 days 00:42:07.649000,0 days 01:37:44.257000
2024-05-19 13:45:24.443,11428,289,7,100,False,0,car,0 days 00:42:07.849000,0 days 01:37:44.457000
2024-05-19 13:45:24.643,11532,291,7,100,False,0,car,0 days 00:42:08.049000,0 days 01:37:44.657000
2024-05-19 13:45:24.963,11586,294,7,100,False,0,car,0 days 00:42:08.369000,0 days 01:37:44.977000
2024-05-19 13:45:25.203,11416,296,7,100,False,0,car,0 days 00:42:08.609000,0 days 01:37:45.217000
2024-05-19 13:45:25.403,11416,295,7,100,False,0,car,0 days 00:42:08.809000,0 days 01:37:45.417000
2024-05-19 13:45:25.564,11495,294,7,1,False,0,car,0 days 00:42:08.970000,0 days 01:37:45.578000
2024-05-19 13:45:25.884,10713,283,7,0,True,0,car,0 days 00:42:09.290000,0 days 01:37:45.898000
2024-05-19 13:45:26.124,9932,276,7,0,True,0,car,0 days 00:42:09.530000,0 days 01:37:46.138000
2024-05-19 13:45:26.284,9739,241,7,0,True,0,car,0 days 00:42:09.690000,0 days 01:37:46.298000
2024-05-19 13:45:26.484,9799,231,7,0,True,0,car,0 days 00:42:09.890000,0 days 01:37:46.498000
2024-05-19 13:45:26.764,10346,186,6,0,True,0,car,0 days 00:42:10.170000,0 days 01:37:46.778000
2024-05-19 13:45:26.964,10168,167,5,0,True,0,car,0 days 00:42:10.370000,0 days 01:37:46.978000
2024-05-19 13:45:27.364,9928,142,3,0,True,0,car,0 days 00:42:10.770000,0 days 01:37:47.378000
2024-05-19 13:45:27.524,9231,134,3,0,True,0,car,0 days 00:42:10.930000,0 days 01:37:47.538000
2024-05-19 13:45:27.724,8826,129,3,0,True,0,car,0 days 00:42:11.130000,0 days 01:37:47.738000
2024-05-19 13:45:27.884,8604,129,3,0,True,0,car,0 days 00:42:11.290000,0 days 01:37:47.898000
2024-05-19 13:45:28.204,8432,120,3,0,False,0,car,0 days 00:42:11.610000,0 days 01:37:48.218000
2024-05-19 13:45:28.364,8316,116,3,14,False,0,car,0 days 00:42:11.770000,0 days 01:37:48.378000
2024-05-19 13:45:28.524,8376,113,3,37,False,0,car,0 days 00:42:11.930000,0 days 01:37:48.538000
2024-05-19 13:45:28.844,9050,118,3,50,False,0,car,0 days 00:42:12.250000,0 days 01:37:48.858000
2024-05-19 13:45:29.124,9371,122,3,61,False,0,car,0 days 00:42:12.530000,0 days 01:37:49.138000
2024-05-19 13:45:29.284,9550,126,3,67,False,0,car,0 days 00:42:12.690000,0 days 01:37:49.298000
2024-05-19 13:45:29.564,10700,136,3,88,False,0,car,0 days 00:42:12.970000,0 days 01:37:49.578000
2024-05-19 13:45:29.804,10412,147,3,97,False,0,car,0 days 00:42:13.210000,0 days 01:37:49.818000
2024-05-19 13:45:30.004,9704,156,3,100,False,0,car,0 days 00:42:13.410000,0 days 01:37:50.018000
2024-05-19 13:45:30.204,9663,164,4,26,False,0,car,0 days 00:42:13.610000,0 days 01:37:50.218000
2024-05-19 13:45:30.404,9511,163,4,0,True,0,car,0 days 00:42:13.810000,0 days 01:37:50.418000
2024-05-19 13:45:30.564,9060,159,4,0,True,0,car,0 days 00:42:13.970000,0 days 01:37:50.578000
2024-05-19 13:45:30.804,8801,150,4,0,True,0,car,0 days 00:42:14.210000,0 days 01:37:50.818000
2024-05-19 13:45:31.043,8509,147,4,0,True,0,car,0 days 00:42:14.449000,0 days 01:37:51.057000
2024-05-19 13:45:31.483,8176,140,4,6,False,0,car,0 days 00:42:14.889000,0 days 01:37:51.497000
2024-05-19 13:45:31.803,8496,136,4,55,False,0,car,0 days 00:42:15.209000,0 days 01:37:51.817000
2024-05-19 13:45:31.963,8663,138,4,58,False,0,car,0 days 00:42:15.369000,0 days 01:37:51.977000
2024-05-19 13:45:32.324,9287,146,4,71,False,0,car,0 days 00:42:15.730000,0 days 01:37:52.338000
2024-05-19 13:45:32.684,10091,153,4,92,False,0,car,0 days 00:42:16.090000,0 days 01:37:52.698000
2024-05-19 13:45:32.844,10311,160,4,92,False,0,car,0 days 00:42:16.250000,0 days 01:37:52.858000
2024-05-19 13:45:33.204,10870,176,4,100,False,0,car,0 days 00:42:16.610000,0 days 01:37:53.218000
2024-05-19 13:45:33.484,10847,184,4,100,False,0,car,0 days 00:42:16.890000,0 days 01:37:53.498000
2024-05-19 13:45:33.804,10281,198,5,100,False,0,car,0 days 00:42:17.210000,0 days 01:37:53.818000
2024-05-19 13:45:34.204,10927,210,5,100,False,0,car,0 days 00:42:17.610000,0 days 01:37:54.218000
2024-05-19 13:45:34.444,11256,213,5,100,False,0,car,0 days 00:42:17.850000,0 days 01:37:54.458000
2024-05-19 13:45:34.764,11192,224,5,100,False,0,car,0 days 00:42:18.170000,0 days 01:37:54.778000
2024-05-19 13:45:34.924,10389,229,5,100,False,0,car,0 days 00:42:18.330000,0 days 01:37:54.938000
2024-05-19 13:45:35.164,10670,234,6,100,False,0,car,0 days 00:42:18.570000,0 days 01:37:55.178000
2024-05-19 13:45:35.524,10851,242,6,100,False,0,car,0 days 00:42:18.930000,0 days 01:37:55.538000
2024-05-19 13:45:35.804,11153,248,6,100,False,0,car,0 days 00:42:19.210000,0 days 01:37:55.818000
2024-05-19 13:45:36.164,11403,254,6,100,False,0,car,0 days 00:42:19.570000,0 days 01:37:56.178000
2024-05-19 13:45:36.364,11599,256,6,100,False,0,car,0 days 00:42:19.770000,0 days 01:37:56.378000
2024-05-19 13:45:36.564,11277,259,6,100,False,0,car,0 days 00:42:19.970000,0 days 01:37:56.578000
2024-05-19 13:45:36.764,10552,262,6,100,False,0,car,0 days 00:42:20.170000,0 days 01:37:56.778000
2024-05-19 13:45:37.044,10646,266,7,100,False,0,car,0 days 00:42:20.450000,0 days 01:37:57.058000
2024-05-19 13:45:37.324,10732,270,7,100,False,0,car,0 days 00:42:20.730000,0 days 01:37:57.338000
2024-05-19 13:45:37.564,10842,273,7,100,False,0,car,0 days 00:42:20.970000,0 days 01:37:57.578000
2024-05-19 13:45:37.763,10916,274,7,100,False,0,car,0 days 00:42:21.169000,0 days 01:37:57.777000
2024-05-19 13:45:38.043,11130,278,7,100,False,0,car,0 days 00:42:21.449000,0 days 01:37:58.057000
2024-05-19 13:45:38.283,11159,280,7,100,False,0,car,0 days 00:42:21.689000,0 days 01:37:58.297000
2024-05-19 13:45:38.443,11218,281,7,100,False,0,car,0 days 00:42:21.849000,0 days 01:37:58.457000
2024-05-19 13:45:38.684,11237,283,7,100,False,0,car,0 days 00:42:22.090000,0 days 01:37:58.698000
2024-05-19 13:45:38.924,11327,286,7,100,False,0,car,0 days 00:42:22.330000,0 days 01:37:58.938000
2024-05-19 13:45:39.164,11408,288,7,100,False,0,car,0 days 00:42:22.570000,0 days 01:37:59.178000
2024-05-19 13:45:39.364,11451,289,7,100,False,0,car,0 days 00:42:22.770000,0 days 01:37:59.378000
2024-05-19 13:45:39.564,11466,291,7,100,False,0,car,0 days 00:42:22.970000,0 days 01:37:59.578000
2024-05-19 13:45:39.804,11561,292,7,100,False,0,car,0 days 00:42:23.210000,0 days 01:37:59.818000
2024-05-19 13:45:40.124,11574,294,7,100,False,0,car,0 days 00:42:23.530000,0 days 01:38:00.138000
2024-05-19 13:45:40.284,10567,295,7,100,False,0,car,0 days 00:42:23.690000,0 days 01:38:00.298000
2024-05-19 13:45:40.684,10611,297,8,100,False,0,car,0 days 00:42:24.090000,0 days 01:38:00.698000
2024-05-19 13:45:40.884,10611,298,8,100,False,0,car,0 days 00:42:24.290000,0 days 01:38:00.898000
2024-05-19 13:45:41.164,10681,300,8,100,False,0,car,0 days 00:42:24.570000,0 days 01:38:01.178000
2024-05-19 13:45:41.364,10760,300,8,100,False,0,car,0 days 00:42:24.770000,0 days 01:38:01.378000
2024-05-19 13:45:41.604,10774,303,8,100,False,0,car,0 days 00:42:25.010000,0 days 01:38:01.618000
2024-05-19 13:45:41.764,10757,303,8,100,False,0,car,0 days 00:42:25.170000,0 days 01:38:01.778000
2024-05-19 13:45:42.004,10805,304,8,100,False,0,car,0 days 00:42:25.410000,0 days 01:38:02.018000
2024-05-19 13:45:42.164,10824,304,8,100,False,0,car,0 days 00:42:25.570000,0 days 01:38:02.178000
2024-05-19 13:45:42.604,10847,305,8,100,False,0,car,0 days 00:42:26.010000,0 days 01:38:02.618000
2024-05-19 13:45:42.884,10906,306,8,100,False,0,car,0 days 00:42:26.290000,0 days 01:38:02.898000
2024-05-19 13:45:43.204,10906,306,8,100,False,0,car,0 days 00:42:26.610000,0 days 01:38:03.218000
2024-05-19 13:45:43.684,11027,309,8,100,False,0,car,0 days 00:42:27.090000,0 days 01:38:03.698000
2024-05-19 13:45:43.884,11003,310,8,100,False,0,car,0 days 00:42:27.290000,0 days 01:38:03.898000
2024-05-19 13:45:44.683,11083,312,8,100,False,0,car,0 days 00:42:28.089000,0 days 01:38:04.697000
2024-05-19 13:45:44.923,11120,312,8,100,False,0,car,0 days 00:42:28.329000,0 days 01:38:04.937000
2024-05-19 13:45:45.163,11108,313,8,100,False,0,car,0 days 00:42:28.569000,0 days 01:38:05.177000
2024-05-19 13:45:45.404,11120,313,8,100,False,0,car,0 days 00:42:28.810000,0 days 01:38:05.418000
2024-05-19 13:45:45.644,11132,313,8,100,False,0,car,0 days 00:42:29.050000,0 days 01:38:05.658000
2024-05-19 13:45:46.004,11121,314,8,100,False,0,car,0 days 00:42:29.410000,0 days 01:38:06.018000
2024-05-19 13:45:46.364,11118,315,8,100,False,0,car,0 days 00:42:29.770000,0 days 01:38:06.378000
2024-05-19 13:45:46.564,11196,315,8,100,False,0,car,0 days 00:42:29.970000,0 days 01:38:06.578000
2024-05-19 13:45:46.804,11151,315,8,100,False,0,car,0 days 00:42:30.210000,0 days 01:38:06.818000
2024-05-19 13:45:47.124,11183,315,8,100,False,0,car,0 days 00:42:30.530000,0 days 01:38:07.138000
2024-05-19 13:45:47.524,10884,311,8,0,False,0,car,0 days 00:42:30.930000,0 days 01:38:07.538000
2024-05-19 13:45:47.724,10713,306,8,0,True,0,car,0 days 00:42:31.130000,0 days 01:38:07.738000
2024-05-19 13:45:48.084,9638,279,8,0,True,0,car,0 days 00:42:31.490000,0 days 01:38:08.098000
2024-05-19 13:45:48.244,9644,268,8,0,True,0,car,0 days 00:42:31.650000,0 days 01:38:08.258000
2024-05-19 13:45:48.564,10253,223,8,0,True,0,car,0 days 00:42:31.970000,0 days 01:38:08.578000
2024-05-19 13:45:48.724,10217,204,8,0,True,0,car,0 days 00:42:32.130000,0 days 01:38:08.738000
2024-05-19 13:45:49.044,10332,187,5,0,True,0,car,0 days 00:42:32.450000,0 days 01:38:09.058000
2024-05-19 13:45:49.204,9907,170,4,0,True,0,car,0 days 00:42:32.610000,0 days 01:38:09.218000
2024-05-19 13:45:49.524,9251,160,4,0,True,0,car,0 days 00:42:32.930000,0 days 01:38:09.538000
2024-05-19 13:45:49.764,9231,157,4,9,False,0,car,0 days 00:42:33.170000,0 days 01:38:09.778000
2024-05-19 13:45:50.004,9231,152,4,9,False,0,car,0 days 00:42:33.410000,0 days 01:38:10.018000
2024-05-19 13:45:50.284,9468,153,4,59,False,0,car,0 days 00:42:33.690000,0 days 01:38:10.298000
2024-05-19 13:45:50.644,10175,162,4,91,False,0,car,0 days 00:42:34.050000,0 days 01:38:10.658000
2024-05-19 13:45:50.804,10272,171,4,92,False,0,car,0 days 00:42:34.210000,0 days 01:38:10.818000
2024-05-19 13:45:51.203,8684,172,5,54,False,0,car,0 days 00:42:34.609000,0 days 01:38:11.217000
2024-05-19 13:45:51.643,9522,176,5,85,False,0,car,0 days 00:42:35.049000,0 days 01:38:11.657000
2024-05-19 13:45:52.004,9893,186,5,100,False,0,car,0 days 00:42:35.410000,0 days 01:38:12.018000
2024-05-19 13:45:52.244,10242,193,5,100,False,0,car,0 days 00:42:35.650000,0 days 01:38:12.258000
2024-05-19 13:45:52.404,10367,199,5,100,False,0,car,0 days 00:42:35.810000,0 days 01:38:12.418000
2024-05-19 13:45:52.604,10678,205,5,100,False,0,car,0 days 00:42:36.010000,0 days 01:38:12.618000
2024-05-19 13:45:52.844,11098,212,5,100,False,0,car,0 days 00:42:36.250000,0 days 01:38:12.858000
2024-05-19 13:45:53.004,11282,217,5,100,False,0,car,0 days 00:42:36.410000,0 days 01:38:13.018000
2024-05-19 13:45:53.284,10230,221,5,100,False,0,car,0 days 00:42:36.690000,0 days 01:38:13.298000
2024-05-19 13:45:53.524,10348,227,6,100,False,0,car,0 days 00:42:36.930000,0 days 01:38:13.538000
2024-05-19 13:45:53.924,10635,232,6,100,False,0,car,0 days 00:42:37.330000,0 days 01:38:13.938000
2024-05-19 13:45:54.084,10814,235,6,100,False,0,car,0 days 00:42:37.490000,0 days 01:38:14.098000
2024-05-19 13:45:54.284,11009,239,6,100,False,0,car,0 days 00:42:37.690000,0 days 01:38:14.298000
2024-05-19 13:45:54.524,11032,245,6,100,False,0,car,0 days 00:42:37.930000,0 days 01:38:14.538000
2024-05-19 13:45:54.724,11151,248,6,100,False,0,car,0 days 00:42:38.130000,0 days 01:38:14.738000
2024-05-19 13:45:55.084,11416,254,6,100,False,0,car,0 days 00:42:38.490000,0 days 01:38:15.098000
2024-05-19 13:45:55.524,11416,262,6,100,False,0,car,0 days 00:42:38.930000,0 days 01:38:15.538000
2024-05-19 13:45:55.684,10482,263,6,100,False,0,car,0 days 00:42:39.090000,0 days 01:38:15.698000
2024-05-19 13:45:55.964,10689,267,7,100,False,0,car,0 days 00:42:39.370000,0 days 01:38:15.978000
2024-05-19 13:45:56.444,10950,274,7,100,False,0,car,0 days 00:42:39.850000,0 days 01:38:16.458000
2024-05-19 13:45:56.724,10999,277,7,100,False,0,car,0 days 00:42:40.130000,0 days 01:38:16.738000
2024-05-19 13:45:57.004,11080,278,7,100,False,0,car,0 days 00:42:40.410000,0 days 01:38:17.018000
2024-05-19 13:45:57.164,11064,279,7,100,False,0,car,0 days 00:42:40.570000,0 days 01:38:17.178000
2024-05-19 13:45:57.484,11210,280,7,100,False,0,car,0 days 00:42:40.890000,0 days 01:38:17.498000
2024-05-19 13:45:57.883,11108,280,7,100,False,0,car,0 days 00:42:41.289000,0 days 01:38:17.897000
2024-05-19 13:45:58.283,11110,280,7,100,False,0,car,0 days 00:42:41.689000,0 days 01:38:18.297000
2024-05-19 13:45:58.484,10864,280,7,9,False,0,car,0 days 00:42:41.890000,0 days 01:38:18.498000
2024-05-19 13:45:58.644,10528,275,7,0,True,0,car,0 days 00:42:42.050000,0 days 01:38:18.658000
2024-05-19 13:45:58.884,9847,262,7,0,True,0,car,0 days 00:42:42.290000,0 days 01:38:18.898000
2024-05-19 13:45:59.684,9709,226,6,1,True,0,car,0 days 00:42:43.090000,0 days 01:38:19.698000
2024-05-19 13:45:59.844,9709,220,6,1,True,0,car,0 days 00:42:43.250000,0 days 01:38:19.858000
2024-05-19 13:46:00.124,9014,207,6,0,True,0,car,0 days 00:42:43.530000,0 days 01:38:20.138000
2024-05-19 13:46:00.404,9394,188,5,0,True,0,car,0 days 00:42:43.810000,0 days 01:38:20.418000
2024-05-19 13:46:00.684,8660,179,5,0,True,0,car,0 days 00:42:44.090000,0 days 01:38:20.698000
2024-05-19 13:46:00.844,8535,173,5,0,True,0,car,0 days 00:42:44.250000,0 days 01:38:20.858000
2024-05-19 13:46:01.084,8495,169,5,14,False,0,car,0 days 00:42:44.490000,0 days 01:38:21.098000
2024-05-19 13:46:01.404,8554,165,5,54,False,0,car,0 days 00:42:44.810000,0 days 01:38:21.418000
2024-05-19 13:46:01.844,9206,171,5,83,False,0,car,0 days 00:42:45.250000,0 days 01:38:21.858000
2024-05-19 13:46:02.164,9646,179,5,100,False,0,car,0 days 00:42:45.570000,0 days 01:38:22.178000
2024-05-19 13:46:02.324,9819,184,5,100,False,0,car,0 days 00:42:45.730000,0 days 01:38:22.338000
2024-05-19 13:46:02.644,10018,193,5,100,False,0,car,0 days 00:42:46.050000,0 days 01:38:22.658000
2024-05-19 13:46:02.804,10578,200,5,100,False,0,car,0 days 00:42:46.210000,0 days 01:38:22.818000
2024-05-19 13:46:03.204,11045,211,5,100,False,0,car,0 days 00:42:46.610000,0 days 01:38:23.218000
2024-05-19 13:46:03.444,11096,213,5,100,False,0,car,0 days 00:42:46.850000,0 days 01:38:23.458000
2024-05-19 13:46:03.804,11335,221,5,100,False,0,car,0 days 00:42:47.210000,0 days 01:38:23.818000
2024-05-19 13:46:04.004,11466,223,5,100,False,0,car,0 days 00:42:47.410000,0 days 01:38:24.018000
2024-05-19 13:46:04.244,11505,224,5,100,False,0,car,0 days 00:42:47.650000,0 days 01:38:24.258000
2024-05-19 13:46:04.444,11580,226,5,96,False,0,car,0 days 00:42:47.850000,0 days 01:38:24.458000
2024-05-19 13:46:04.643,11283,226,5,3,False,0,car,0 days 00:42:48.049000,0 days 01:38:24.657000
2024-05-19 13:46:04.803,10635,214,5,0,True,0,car,0 days 00:42:48.209000,0 days 01:38:24.817000
2024-05-19 13:46:05.084,10082,195,5,0,True,0,car,0 days 00:42:48.490000,0 days 01:38:25.098000
2024-05-19 13:46:05.404,11205,162,5,0,True,0,car,0 days 00:42:48.810000,0 days 01:38:25.418000
2024-05-19 13:46:05.564,10422,155,4,0,True,0,car,0 days 00:42:48.970000,0 days 01:38:25.578000
2024-05-19 13:46:05.804,9611,137,3,0,True,0,car,0 days 00:42:49.210000,0 days 01:38:25.818000
2024-05-19 13:46:06.084,8575,129,3,0,True,0,car,0 days 00:42:49.490000,0 days 01:38:26.098000
2024-05-19 13:46:06.444,7809,118,3,0,True,0,car,0 days 00:42:49.850000,0 days 01:38:26.458000
2024-05-19 13:46:06.684,7528,110,3,0,True,0,car,0 days 00:42:50.090000,0 days 01:38:26.698000
2024-05-19 13:46:06.924,7239,104,3,0,True,0,car,0 days 00:42:50.330000,0 days 01:38:26.938000
2024-05-19 13:46:07.084,7112,103,3,0,False,0,car,0 days 00:42:50.490000,0 days 01:38:27.098000
2024-05-19 13:46:07.284,6791,99,3,0,False,0,car,0 days 00:42:50.690000,0 days 01:38:27.298000
2024-05-19 13:46:07.444,7003,97,3,8,False,0,car,0 days 00:42:50.850000,0 days 01:38:27.458000
2024-05-19 13:46:07.604,7204,95,3,30,False,0,car,0 days 00:42:51.010000,0 days 01:38:27.618000
2024-05-19 13:46:07.964,7387,98,3,35,False,0,car,0 days 00:42:51.370000,0 days 01:38:27.978000
2024-05-19 13:46:08.204,7643,101,3,40,False,0,car,0 days 00:42:51.610000,0 days 01:38:28.218000
2024-05-19 13:46:08.404,7739,103,3,45,False,0,car,0 days 00:42:51.810000,0 days 01:38:28.418000
2024-05-19 13:46:08.684,8502,109,3,61,False,0,car,0 days 00:42:52.090000,0 days 01:38:28.698000
2024-05-19 13:46:08.884,8967,114,3,68,False,0,car,0 days 00:42:52.290000,0 days 01:38:28.898000
2024-05-19 13:46:09.124,9501,124,3,82,False,0,car,0 days 00:42:52.530000,0 days 01:38:29.138000
2024-05-19 13:46:09.284,10328,128,3,90,False,0,car,0 days 00:42:52.690000,0 days 01:38:29.298000
2024-05-19 13:46:09.604,11465,145,3,100,False,0,car,0 days 00:42:53.010000,0 days 01:38:29.618000
2024-05-19 13:46:10.684,11617,187,4,100,False,0,car,0 days 00:42:54.090000,0 days 01:38:30.698000
2024-05-19 13:46:11.004,11479,200,4,100,False,0,car,0 days 00:42:54.410000,0 days 01:38:31.018000
2024-05-19 13:46:11.203,10658,206,5,100,False,0,car,0 days 00:42:54.609000,0 days 01:38:31.217000
2024-05-19 13:46:11.403,11008,212,5,100,False,0,car,0 days 00:42:54.809000,0 days 01:38:31.417000
2024-05-19 13:46:11.764,11451,220,5,100,False,0,car,0 days 00:42:55.170000,0 days 01:38:31.778000
2024-05-19 13:46:12.044,11596,227,5,100,False,0,car,0 days 00:42:55.450000,0 days 01:38:32.058000
2024-05-19 13:46:12.204,10476,231,5,100,False,0,car,0 days 00:42:55.610000,0 days 01:38:32.218000
2024-05-19 13:46:12.444,10751,231,6,100,False,0,car,0 days 00:42:55.850000,0 days 01:38:32.458000
2024-05-19 13:46:12.644,10887,240,6,100,False,0,car,0 days 00:42:56.050000,0 days 01:38:32.658000
2024-05-19 13:46:12.804,10961,244,6,100,False,0,car,0 days 00:42:56.210000,0 days 01:38:32.818000
2024-05-19 13:46:13.004,11024,247,6,100,False,0,car,0 days 00:42:56.410000,0 days 01:38:33.018000
2024-05-19 13:46:13.324,11252,249,6,100,False,0,car,0 days 00:42:56.730000,0 days 01:38:33.338000
2024-05-19 13:46:13.604,11457,256,6,100,False,0,car,0 days 00:42:57.010000,0 days 01:38:33.618000
2024-05-19 13:46:13.844,11545,258,6,100,False,0,car,0 days 00:42:57.250000,0 days 01:38:33.858000
2024-05-19 13:46:14.044,10705,260,6,100,False,0,car,0 days 00:42:57.450000,0 days 01:38:34.058000
2024-05-19 13:46:14.324,10311,262,7,100,False,0,car,0 days 00:42:57.730000,0 days 01:38:34.338000
2024-05-19 13:46:14.524,10506,263,7,100,False,0,car,0 days 00:42:57.930000,0 days 01:38:34.538000
2024-05-19 13:46:14.964,10516,264,7,100,False,0,car,0 days 00:42:58.370000,0 days 01:38:34.978000
2024-05-19 13:46:15.124,10550,265,7,100,False,0,car,0 days 00:42:58.530000,0 days 01:38:35.138000
2024-05-19 13:46:15.364,10473,266,7,100,False,0,car,0 days 00:42:58.770000,0 days 01:38:35.378000
2024-05-19 13:46:15.564,10606,266,7,100,False,0,car,0 days 00:42:58.970000,0 days 01:38:35.578000
2024-05-19 13:46:15.724,10626,266,7,100,False,0,car,0 days 00:42:59.130000,0 days 01:38:35.738000
2024-05-19 13:46:16.164,10590,267,7,100,False,0,car,0 days 00:42:59.570000,0 days 01:38:36.178000
2024-05-19 13:46:16.524,10511,267,7,51,False,0,car,0 days 00:42:59.930000,0 days 01:38:36.538000
2024-05-19 13:46:16.884,9455,265,7,0,True,0,car,0 days 00:43:00.290000,0 days 01:38:36.898000
2024-05-19 13:46:17.204,9806,220,6,0,True,0,car,0 days 00:43:00.610000,0 days 01:38:37.218000
2024-05-19 13:46:17.444,10301,209,6,0,True,0,car,0 days 00:43:00.850000,0 days 01:38:37.458000
2024-05-19 13:46:17.844,9982,202,5,1,True,0,car,0 days 00:43:01.250000,0 days 01:38:37.858000
2024-05-19 13:46:18.124,9731,193,5,30,False,0,car,0 days 00:43:01.530000,0 days 01:38:38.138000
2024-05-19 13:46:18.324,9795,190,5,50,False,0,car,0 days 00:43:01.730000,0 days 01:38:38.338000
2024-05-19 13:46:18.524,10143,193,5,94,False,0,car,0 days 00:43:01.930000,0 days 01:38:38.538000
2024-05-19 13:46:18.804,10536,200,5,100,False,0,car,0 days 00:43:02.210000,0 days 01:38:38.818000
2024-05-19 13:46:19.004,10854,206,5,100,False,0,car,0 days 00:43:02.410000,0 days 01:38:39.018000
2024-05-19 13:46:19.244,11185,212,5,100,False,0,car,0 days 00:43:02.650000,0 days 01:38:39.258000
2024-05-19 13:46:19.484,11243,218,5,100,False,0,car,0 days 00:43:02.890000,0 days 01:38:39.498000
2024-05-19 13:46:19.884,10426,226,5,100,False,0,car,0 days 00:43:03.290000,0 days 01:38:39.898000
2024-05-19 13:46:20.164,10683,233,6,100,False,0,car,0 days 00:43:03.570000,0 days 01:38:40.178000
2024-05-19 13:46:20.484,10977,239,6,100,False,0,car,0 days 00:43:03.890000,0 days 01:38:40.498000
2024-05-19 13:46:20.724,11064,246,6,100,False,0,car,0 days 00:43:04.130000,0 days 01:38:40.738000
2024-05-19 13:46:21.004,11200,249,6,100,False,0,car,0 days 00:43:04.410000,0 days 01:38:41.018000
2024-05-19 13:46:21.324,11360,254,6,100,False,0,car,0 days 00:43:04.730000,0 days 01:38:41.338000
2024-05-19 13:46:21.604,11469,254,6,100,False,0,car,0 days 00:43:05.010000,0 days 01:38:41.618000
2024-05-19 13:46:21.964,11589,260,6,100,False,0,car,0 days 00:43:05.370000,0 days 01:38:41.978000
2024-05-19 13:46:22.124,11029,262,6,100,False,0,car,0 days 00:43:05.530000,0 days 01:38:42.138000
2024-05-19 13:46:22.604,10522,266,7,100,False,0,car,0 days 00:43:06.010000,0 days 01:38:42.618000
2024-05-19 13:46:22.764,10584,267,7,100,False,0,car,0 days 00:43:06.170000,0 days 01:38:42.778000
2024-05-19 13:46:23.084,10390,269,7,5,False,0,car,0 days 00:43:06.490000,0 days 01:38:43.098000
2024-05-19 13:46:23.324,10005,267,7,0,True,0,car,0 days 00:43:06.730000,0 days 01:38:43.338000
2024-05-19 13:46:23.604,9846,255,7,0,True,0,car,0 days 00:43:07.010000,0 days 01:38:43.618000
2024-05-19 13:46:24.004,9569,248,7,1,False,0,car,0 days 00:43:07.410000,0 days 01:38:44.018000
2024-05-19 13:46:24.244,9421,243,7,0,False,0,car,0 days 00:43:07.650000,0 days 01:38:44.258000
2024-05-19 13:46:24.444,9078,233,7,0,True,0,car,0 days 00:43:07.850000,0 days 01:38:44.458000
2024-05-19 13:46:24.643,9218,217,7,0,True,0,car,0 days 00:43:08.049000,0 days 01:38:44.657000
2024-05-19 13:46:24.964,9375,191,6,0,True,0,car,0 days 00:43:08.370000,0 days 01:38:44.978000
2024-05-19 13:46:25.124,9905,176,5,0,True,0,car,0 days 00:43:08.530000,0 days 01:38:45.138000
2024-05-19 13:46:25.324,9368,163,4,0,True,0,car,0 days 00:43:08.730000,0 days 01:38:45.338000
2024-05-19 13:46:25.644,8440,147,4,0,True,0,car,0 days 00:43:09.050000,0 days 01:38:45.658000
2024-05-19 13:46:25.924,7956,137,4,0,True,0,car,0 days 00:43:09.330000,0 days 01:38:45.938000
2024-05-19 13:46:26.124,7707,133,4,0,True,0,car,0 days 00:43:09.530000,0 days 01:38:46.138000
2024-05-19 13:46:26.444,7897,126,4,17,False,0,car,0 days 00:43:09.850000,0 days 01:38:46.458000
2024-05-19 13:46:26.724,7754,123,4,36,False,0,car,0 days 00:43:10.130000,0 days 01:38:46.738000
2024-05-19 13:46:27.004,7995,128,4,53,False,0,car,0 days 00:43:10.410000,0 days 01:38:47.018000
2024-05-19 13:46:27.284,8748,132,4,87,False,0,car,0 days 00:43:10.690000,0 days 01:38:47.298000
2024-05-19 13:46:27.444,8899,135,4,91,False,0,car,0 days 00:43:10.850000,0 days 01:38:47.458000
2024-05-19 13:46:27.724,9487,150,4,100,False,0,car,0 days 00:43:11.130000,0 days 01:38:47.738000
2024-05-19 13:46:27.924,9866,157,4,100,False,0,car,0 days 00:43:11.330000,0 days 01:38:47.938000
2024-05-19 13:46:28.204,10843,168,4,100,False,0,car,0 days 00:43:11.610000,0 days 01:38:48.218000
2024-05-19 13:46:28.564,11001,179,4,100,False,0,car,0 days 00:43:11.970000,0 days 01:38:48.578000
2024-05-19 13:46:28.804,11567,191,4,100,False,0,car,0 days 00:43:12.210000,0 days 01:38:48.818000
2024-05-19 13:46:29.244,10728,202,4,100,False,0,car,0 days 00:43:12.650000,0 days 01:38:49.258000
2024-05-19 13:46:29.524,10994,211,5,100,False,0,car,0 days 00:43:12.930000,0 days 01:38:49.538000
2024-05-19 13:46:29.684,11222,213,5,100,False,0,car,0 days 00:43:13.090000,0 days 01:38:49.698000
2024-05-19 13:46:30.044,11542,224,5,100,False,0,car,0 days 00:43:13.450000,0 days 01:38:50.058000
2024-05-19 13:46:30.484,10586,233,5,100,False,0,car,0 days 00:43:13.890000,0 days 01:38:50.498000
2024-05-19 13:46:30.804,10851,241,6,100,False,0,car,0 days 00:43:14.210000,0 days 01:38:50.818000
2024-05-19 13:46:31.084,11076,244,6,100,False,0,car,0 days 00:43:14.490000,0 days 01:38:51.098000
2024-05-19 13:46:31.484,11247,248,6,100,False,0,car,0 days 00:43:14.890000,0 days 01:38:51.498000
2024-05-19 13:46:31.644,11398,253,6,100,False,0,car,0 days 00:43:15.050000,0 days 01:38:51.658000
2024-05-19 13:46:31.924,11236,255,6,100,False,0,car,0 days 00:43:15.330000,0 days 01:38:51.938000
2024-05-19 13:46:32.124,11427,256,6,100,False,0,car,0 days 00:43:15.530000,0 days 01:38:52.138000
2024-05-19 13:46:32.284,11424,256,6,100,False,0,car,0 days 00:43:15.690000,0 days 01:38:52.298000
2024-05-19 13:46:32.524,11461,258,6,100,False,0,car,0 days 00:43:15.930000,0 days 01:38:52.538000
2024-05-19 13:46:32.964,11435,259,6,93,False,0,car,0 days 00:43:16.370000,0 days 01:38:52.978000
2024-05-19 13:46:33.164,11255,259,6,38,False,0,car,0 days 00:43:16.570000,0 days 01:38:53.178000
2024-05-19 13:46:33.484,10718,249,6,0,True,0,car,0 days 00:43:16.890000,0 days 01:38:53.498000
2024-05-19 13:46:33.804,9570,208,6,0,True,0,car,0 days 00:43:17.210000,0 days 01:38:53.818000
2024-05-19 13:46:34.124,9917,179,5,0,True,0,car,0 days 00:43:17.530000,0 days 01:38:54.138000
2024-05-19 13:46:34.324,9684,163,5,0,True,0,car,0 days 00:43:17.730000,0 days 01:38:54.338000
2024-05-19 13:46:34.644,8277,149,4,0,True,0,car,0 days 00:43:18.050000,0 days 01:38:54.658000
2024-05-19 13:46:35.004,7396,127,4,0,True,0,car,0 days 00:43:18.410000,0 days 01:38:55.018000
2024-05-19 13:46:35.244,7080,120,4,0,True,0,car,0 days 00:43:18.650000,0 days 01:38:55.258000
2024-05-19 13:46:35.524,6744,113,4,0,False,0,car,0 days 00:43:18.930000,0 days 01:38:55.538000
2024-05-19 13:46:35.884,7304,111,4,0,True,0,car,0 days 00:43:19.290000,0 days 01:38:55.898000
2024-05-19 13:46:36.124,7467,107,3,0,False,0,car,0 days 00:43:19.530000,0 days 01:38:56.138000
2024-05-19 13:46:36.484,7278,103,3,0,False,0,car,0 days 00:43:19.890000,0 days 01:38:56.498000
2024-05-19 13:46:36.724,7397,99,3,16,False,0,car,0 days 00:43:20.130000,0 days 01:38:56.738000
2024-05-19 13:46:36.924,7415,99,3,30,False,0,car,0 days 00:43:20.330000,0 days 01:38:56.938000
2024-05-19 13:46:37.204,7823,103,3,40,False,0,car,0 days 00:43:20.610000,0 days 01:38:57.218000
2024-05-19 13:46:37.484,8334,107,3,61,False,0,car,0 days 00:43:20.890000,0 days 01:38:57.498000
2024-05-19 13:46:37.724,8877,116,3,61,False,0,car,0 days 00:43:21.130000,0 days 01:38:57.738000
2024-05-19 13:46:38.164,10322,123,3,92,False,0,car,0 days 00:43:21.570000,0 days 01:38:58.178000
2024-05-19 13:46:38.324,10860,142,3,99,False,0,car,0 days 00:43:21.730000,0 days 01:38:58.338000
2024-05-19 13:46:38.484,10966,142,3,100,False,0,car,0 days 00:43:21.890000,0 days 01:38:58.498000
2024-05-19 13:46:38.644,9850,156,3,100,False,0,car,0 days 00:43:22.050000,0 days 01:38:58.658000
2024-05-19 13:46:38.964,10853,161,4,100,False,0,car,0 days 00:43:22.370000,0 days 01:38:58.978000
2024-05-19 13:46:39.364,11568,186,4,100,False,0,car,0 days 00:43:22.770000,0 days 01:38:59.378000
2024-05-19 13:46:39.804,10568,203,4,100,False,0,car,0 days 00:43:23.210000,0 days 01:38:59.818000
2024-05-19 13:46:40.164,11071,212,5,100,False,0,car,0 days 00:43:23.570000,0 days 01:39:00.178000
2024-05-19 13:46:40.444,11376,221,5,100,False,0,car,0 days 00:43:23.850000,0 days 01:39:00.458000
2024-05-19 13:46:40.644,11796,226,5,100,False,0,car,0 days 00:43:24.050000,0 days 01:39:00.658000
2024-05-19 13:46:40.924,10568,233,5,100,False,0,car,0 days 00:43:24.330000,0 days 01:39:00.938000
2024-05-19 13:46:41.204,10836,240,6,100,False,0,car,0 days 00:43:24.610000,0 days 01:39:01.218000
2024-05-19 13:46:41.364,10965,242,6,100,False,0,car,0 days 00:43:24.770000,0 days 01:39:01.378000
2024-05-19 13:46:41.764,11298,250,6,100,False,0,car,0 days 00:43:25.170000,0 days 01:39:01.778000
2024-05-19 13:46:41.964,11412,254,6,100,False,0,car,0 days 00:43:25.370000,0 days 01:39:01.978000
2024-05-19 13:46:42.164,11571,257,6,100,False,0,car,0 days 00:43:25.570000,0 days 01:39:02.178000
2024-05-19 13:46:42.324,11599,260,6,100,False,0,car,0 days 00:43:25.730000,0 days 01:39:02.338000
2024-05-19 13:46:42.684,10572,264,7,100,False,0,car,0 days 00:43:26.090000,0 days 01:39:02.698000
2024-05-19 13:46:42.964,10767,269,7,100,False,0,car,0 days 00:43:26.370000,0 days 01:39:02.978000
2024-05-19 13:46:43.244,10917,272,7,100,False,0,car,0 days 00:43:26.650000,0 days 01:39:03.258000
2024-05-19 13:46:43.484,11008,275,7,100,False,0,car,0 days 00:43:26.890000,0 days 01:39:03.498000
2024-05-19 13:46:43.964,11193,282,7,100,False,0,car,0 days 00:43:27.370000,0 days 01:39:03.978000
2024-05-19 13:46:44.164,11173,284,7,100,False,0,car,0 days 00:43:27.570000,0 days 01:39:04.178000
2024-05-19 13:46:44.364,11304,284,7,100,False,0,car,0 days 00:43:27.770000,0 days 01:39:04.378000
2024-05-19 13:46:44.685,11379,287,7,100,False,0,car,0 days 00:43:28.091000,0 days 01:39:04.699000
2024-05-19 13:46:44.924,11379,290,7,100,False,0,car,0 days 00:43:28.330000,0 days 01:39:04.938000
2024-05-19 13:46:45.124,11379,290,7,100,False,0,car,0 days 00:43:28.530000,0 days 01:39:05.138000
2024-05-19 13:46:45.404,11636,294,7,100,False,0,car,0 days 00:43:28.810000,0 days 01:39:05.418000
2024-05-19 13:46:45.604,11576,295,7,100,False,0,car,0 days 00:43:29.010000,0 days 01:39:05.618000
2024-05-19 13:46:45.804,11649,296,7,100,False,0,car,0 days 00:43:29.210000,0 days 01:39:05.818000
2024-05-19 13:46:46.004,11460,295,7,100,False,0,car,0 days 00:43:29.410000,0 days 01:39:06.018000
2024-05-19 13:46:46.364,11209,292,7,0,False,0,car,0 days 00:43:29.770000,0 days 01:39:06.378000
2024-05-19 13:46:46.524,11091,285,7,0,True,0,car,0 days 00:43:29.930000,0 days 01:39:06.538000
2024-05-19 13:46:46.684,10579,279,7,0,True,0,car,0 days 00:43:30.090000,0 days 01:39:06.698000
2024-05-19 13:46:46.884,9721,260,7,0,True,0,car,0 days 00:43:30.290000,0 days 01:39:06.898000
2024-05-19 13:46:47.164,9760,224,7,0,True,0,car,0 days 00:43:30.570000,0 days 01:39:07.178000
2024-05-19 13:46:47.404,10180,191,7,0,True,0,car,0 days 00:43:30.810000,0 days 01:39:07.418000
2024-05-19 13:46:47.724,10654,163,6,0,True,0,car,0 days 00:43:31.130000,0 days 01:39:07.738000
2024-05-19 13:46:47.884,10617,157,4,0,True,0,car,0 days 00:43:31.290000,0 days 01:39:07.898000
2024-05-19 13:46:48.124,9389,137,3,0,True,0,car,0 days 00:43:31.530000,0 days 01:39:08.138000
2024-05-19 13:46:48.324,8895,137,3,0,True,0,car,0 days 00:43:31.730000,0 days 01:39:08.338000
2024-05-19 13:46:48.644,8426,120,3,0,True,0,car,0 days 00:43:32.050000,0 days 01:39:08.658000
2024-05-19 13:46:48.964,8348,115,3,9,False,0,car,0 days 00:43:32.370000,0 days 01:39:08.978000
2024-05-19 13:46:49.164,8266,113,3,34,False,0,car,0 days 00:43:32.570000,0 days 01:39:09.178000
2024-05-19 13:46:49.364,8679,114,3,44,False,0,car,0 days 00:43:32.770000,0 days 01:39:09.378000
2024-05-19 13:46:49.684,9122,117,3,56,False,0,car,0 days 00:43:33.090000,0 days 01:39:09.698000
2024-05-19 13:46:50.004,9647,128,3,72,False,0,car,0 days 00:43:33.410000,0 days 01:39:10.018000
2024-05-19 13:46:50.244,10347,135,3,90,False,0,car,0 days 00:43:33.650000,0 days 01:39:10.258000
2024-05-19 13:46:50.444,10674,143,3,91,False,0,car,0 days 00:43:33.850000,0 days 01:39:10.458000
2024-05-19 13:46:50.644,10522,147,3,100,False,0,car,0 days 00:43:34.050000,0 days 01:39:10.658000
2024-05-19 13:46:50.804,9959,160,4,100,False,0,car,0 days 00:43:34.210000,0 days 01:39:10.818000
2024-05-19 13:46:51.045,9749,165,4,7,True,0,car,0 days 00:43:34.451000,0 days 01:39:11.059000
2024-05-19 13:46:51.205,9402,160,4,0,True,0,car,0 days 00:43:34.611000,0 days 01:39:11.219000
2024-05-19 13:46:51.525,8954,154,4,0,True,0,car,0 days 00:43:34.931000,0 days 01:39:11.539000
2024-05-19 13:46:51.844,8451,145,4,0,True,0,car,0 days 00:43:35.250000,0 days 01:39:11.858000
2024-05-19 13:46:52.124,8167,139,4,1,False,0,car,0 days 00:43:35.530000,0 days 01:39:12.138000
2024-05-19 13:46:52.484,8499,136,4,53,False,0,car,0 days 00:43:35.890000,0 days 01:39:12.498000
2024-05-19 13:46:52.844,8768,141,4,61,False,0,car,0 days 00:43:36.250000,0 days 01:39:12.858000
2024-05-19 13:46:53.204,9529,151,4,74,False,0,car,0 days 00:43:36.610000,0 days 01:39:13.218000
2024-05-19 13:46:53.364,9994,153,4,85,False,0,car,0 days 00:43:36.770000,0 days 01:39:13.378000
2024-05-19 13:46:53.684,10510,163,4,100,False,0,car,0 days 00:43:37.090000,0 days 01:39:13.698000
2024-05-19 13:46:54.124,10895,184,4,100,False,0,car,0 days 00:43:37.530000,0 days 01:39:14.138000
2024-05-19 13:46:54.284,11183,187,4,100,False,0,car,0 days 00:43:37.690000,0 days 01:39:14.298000
2024-05-19 13:46:54.524,10344,197,4,100,False,0,car,0 days 00:43:37.930000,0 days 01:39:14.538000
2024-05-19 13:46:54.844,10611,207,5,100,False,0,car,0 days 00:43:38.250000,0 days 01:39:14.858000
2024-05-19 13:46:55.124,11214,216,5,100,False,0,car,0 days 00:43:38.530000,0 days 01:39:15.138000
2024-05-19 13:46:55.564,11744,223,5,100,False,0,car,0 days 00:43:38.970000,0 days 01:39:15.578000
2024-05-19 13:46:55.724,11184,231,5,100,False,0,car,0 days 00:43:39.130000,0 days 01:39:15.738000
2024-05-19 13:46:55.924,10642,236,5,100,False,0,car,0 days 00:43:39.330000,0 days 01:39:15.938000
2024-05-19 13:46:56.284,10978,241,6,100,False,0,car,0 days 00:43:39.690000,0 days 01:39:16.298000
2024-05-19 13:46:56.524,11155,248,6,100,False,0,car,0 days 00:43:39.930000,0 days 01:39:16.538000
2024-05-19 13:46:56.724,11272,252,6,100,False,0,car,0 days 00:43:40.130000,0 days 01:39:16.738000
2024-05-19 13:46:57.004,11427,257,6,100,False,0,car,0 days 00:43:40.410000,0 days 01:39:17.018000
2024-05-19 13:46:57.284,10711,260,6,100,False,0,car,0 days 00:43:40.690000,0 days 01:39:17.298000
2024-05-19 13:46:57.484,10526,263,7,100,False,0,car,0 days 00:43:40.890000,0 days 01:39:17.498000
2024-05-19 13:46:57.725,10629,267,7,100,False,0,car,0 days 00:43:41.131000,0 days 01:39:17.739000
2024-05-19 13:46:58.005,10757,271,7,100,False,0,car,0 days 00:43:41.411000,0 days 01:39:18.019000
2024-05-19 13:46:58.205,10904,272,7,100,False,0,car,0 days 00:43:41.611000,0 days 01:39:18.219000
2024-05-19 13:46:58.364,10939,274,7,100,False,0,car,0 days 00:43:41.770000,0 days 01:39:18.378000
2024-05-19 13:46:58.684,11082,278,7,100,False,0,car,0 days 00:43:42.090000,0 days 01:39:18.698000
2024-05-19 13:46:58.844,11047,279,7,100,False,0,car,0 days 00:43:42.250000,0 days 01:39:18.858000
2024-05-19 13:46:59.084,11196,281,7,100,False,0,car,0 days 00:43:42.490000,0 days 01:39:19.098000
2024-05-19 13:46:59.284,11241,283,7,100,False,0,car,0 days 00:43:42.690000,0 days 01:39:19.298000
2024-05-19 13:46:59.604,11392,287,7,100,False,0,car,0 days 00:43:43.010000,0 days 01:39:19.618000
2024-05-19 13:46:59.844,11462,288,7,100,False,0,car,0 days 00:43:43.250000,0 days 01:39:19.858000
2024-05-19 13:47:00.324,11535,292,7,100,False,0,car,0 days 00:43:43.730000,0 days 01:39:20.338000
2024-05-19 13:47:00.684,10562,294,7,100,False,0,car,0 days 00:43:44.090000,0 days 01:39:20.698000
2024-05-19 13:47:00.844,10537,295,7,100,False,0,car,0 days 00:43:44.250000,0 days 01:39:20.858000
2024-05-19 13:47:01.124,10554,296,8,100,False,0,car,0 days 00:43:44.530000,0 days 01:39:21.138000
2024-05-19 13:47:01.444,10640,299,8,100,False,0,car,0 days 00:43:44.850000,0 days 01:39:21.458000
2024-05-19 13:47:01.684,10732,300,8,100,False,0,car,0 days 00:43:45.090000,0 days 01:39:21.698000
2024-05-19 13:47:01.924,10744,302,8,100,False,0,car,0 days 00:43:45.330000,0 days 01:39:21.938000
2024-05-19 13:47:02.124,10758,302,8,100,False,0,car,0 days 00:43:45.530000,0 days 01:39:22.138000
2024-05-19 13:47:02.284,10783,302,8,100,False,0,car,0 days 00:43:45.690000,0 days 01:39:22.298000
2024-05-19 13:47:02.764,10836,305,8,100,False,0,car,0 days 00:43:46.170000,0 days 01:39:22.778000
2024-05-19 13:47:03.044,10877,306,8,100,False,0,car,0 days 00:43:46.450000,0 days 01:39:23.058000
2024-05-19 13:47:03.284,10954,306,8,100,False,0,car,0 days 00:43:46.690000,0 days 01:39:23.298000
2024-05-19 13:47:03.484,11005,308,8,100,False,0,car,0 days 00:43:46.890000,0 days 01:39:23.498000
2024-05-19 13:47:03.764,10996,309,8,100,False,0,car,0 days 00:43:47.170000,0 days 01:39:23.778000
2024-05-19 13:47:03.964,10996,309,8,100,False,0,car,0 days 00:43:47.370000,0 days 01:39:23.978000
2024-05-19 13:47:04.205,10998,311,8,100,False,0,car,0 days 00:43:47.611000,0 days 01:39:24.219000
2024-05-19 13:47:04.485,11071,311,8,100,False,0,car,0 days 00:43:47.891000,0 days 01:39:24.499000
2024-05-19 13:47:04.765,11009,310,8,100,False,0,car,0 days 00:43:48.171000,0 days 01:39:24.779000
2024-05-19 13:47:05.004,11075,312,8,100,False,0,car,0 days 00:43:48.410000,0 days 01:39:25.018000
2024-05-19 13:47:05.484,11151,313,8,100,False,0,car,0 days 00:43:48.890000,0 days 01:39:25.498000
2024-05-19 13:47:05.804,11117,314,8,100,False,0,car,0 days 00:43:49.210000,0 days 01:39:25.818000
2024-05-19 13:47:06.044,11139,314,8,100,False,0,car,0 days 00:43:49.450000,0 days 01:39:26.058000
2024-05-19 13:47:06.524,11135,315,8,100,False,0,car,0 days 00:43:49.930000,0 days 01:39:26.538000
2024-05-19 13:47:06.884,11175,315,8,100,False,0,car,0 days 00:43:50.290000,0 days 01:39:26.898000
2024-05-19 13:47:07.284,11241,316,8,100,False,0,car,0 days 00:43:50.690000,0 days 01:39:27.298000
2024-05-19 13:47:07.564,11268,316,8,100,False,0,car,0 days 00:43:50.970000,0 days 01:39:27.578000
2024-05-19 13:47:07.764,11204,316,8,100,False,0,car,0 days 00:43:51.170000,0 days 01:39:27.778000
2024-05-19 13:47:07.964,11174,317,8,100,False,0,car,0 days 00:43:51.370000,0 days 01:39:27.978000
2024-05-19 13:47:08.244,11015,314,8,0,False,0,car,0 days 00:43:51.650000,0 days 01:39:28.258000
2024-05-19 13:47:08.404,10916,311,8,0,True,0,car,0 days 00:43:51.810000,0 days 01:39:28.418000
2024-05-19 13:47:08.644,10216,300,8,0,True,0,car,0 days 00:43:52.050000,0 days 01:39:28.658000
2024-05-19 13:47:09.004,9521,241,8,0,True,0,car,0 days 00:43:52.410000,0 days 01:39:29.018000
2024-05-19 13:47:09.404,9962,199,8,0,True,0,car,0 days 00:43:52.810000,0 days 01:39:29.418000
2024-05-19 13:47:09.724,10321,179,5,0,True,0,car,0 days 00:43:53.130000,0 days 01:39:29.738000
2024-05-19 13:47:09.964,9665,166,4,0,True,0,car,0 days 00:43:53.370000,0 days 01:39:29.978000
2024-05-19 13:47:10.204,9053,155,4,0,True,0,car,0 days 00:43:53.610000,0 days 01:39:30.218000
2024-05-19 13:47:10.404,8940,150,4,0,False,0,car,0 days 00:43:53.810000,0 days 01:39:30.418000
2024-05-19 13:47:10.724,8915,145,4,39,False,0,car,0 days 00:43:54.130000,0 days 01:39:30.738000
2024-05-19 13:47:11.005,9200,148,4,57,False,0,car,0 days 00:43:54.411000,0 days 01:39:31.019000
2024-05-19 13:47:11.445,9958,160,4,93,False,0,car,0 days 00:43:54.851000,0 days 01:39:31.459000
2024-05-19 13:47:11.605,10151,166,4,52,False,0,car,0 days 00:43:55.011000,0 days 01:39:31.619000
2024-05-19 13:47:11.844,10081,167,4,52,False,0,car,0 days 00:43:55.250000,0 days 01:39:31.858000
2024-05-19 13:47:12.004,8961,168,4,58,False,0,car,0 days 00:43:55.410000,0 days 01:39:32.018000
2024-05-19 13:47:12.164,8979,169,5,74,False,0,car,0 days 00:43:55.570000,0 days 01:39:32.178000
2024-05-19 13:47:12.404,9219,174,5,73,False,0,car,0 days 00:43:55.810000,0 days 01:39:32.418000
2024-05-19 13:47:12.564,9219,176,5,73,False,0,car,0 days 00:43:55.970000,0 days 01:39:32.578000
2024-05-19 13:47:12.804,9746,185,5,100,False,0,car,0 days 00:43:56.210000,0 days 01:39:32.818000
2024-05-19 13:47:13.084,10257,192,5,100,False,0,car,0 days 00:43:56.490000,0 days 01:39:33.098000
2024-05-19 13:47:13.364,10638,198,5,100,False,0,car,0 days 00:43:56.770000,0 days 01:39:33.378000
2024-05-19 13:47:13.524,10803,208,5,100,False,0,car,0 days 00:43:56.930000,0 days 01:39:33.538000
2024-05-19 13:47:13.764,11260,214,5,100,False,0,car,0 days 00:43:57.170000,0 days 01:39:33.778000
2024-05-19 13:47:14.164,10638,220,5,100,False,0,car,0 days 00:43:57.570000,0 days 01:39:34.178000
2024-05-19 13:47:14.324,10350,225,6,100,False,0,car,0 days 00:43:57.730000,0 days 01:39:34.338000
2024-05-19 13:47:14.604,10606,232,6,100,False,0,car,0 days 00:43:58.010000,0 days 01:39:34.618000
2024-05-19 13:47:15.004,10835,239,6,100,False,0,car,0 days 00:43:58.410000,0 days 01:39:35.018000
2024-05-19 13:47:15.284,10945,243,6,100,False,0,car,0 days 00:43:58.690000,0 days 01:39:35.298000
2024-05-19 13:47:15.524,11208,249,6,100,False,0,car,0 days 00:43:58.930000,0 days 01:39:35.538000
2024-05-19 13:47:15.684,11285,249,6,100,False,0,car,0 days 00:43:59.090000,0 days 01:39:35.698000
2024-05-19 13:47:15.924,11418,256,6,100,False,0,car,0 days 00:43:59.330000,0 days 01:39:35.938000
2024-05-19 13:47:16.284,11374,261,6,100,False,0,car,0 days 00:43:59.690000,0 days 01:39:36.298000
2024-05-19 13:47:16.524,10488,265,6,100,False,0,car,0 days 00:43:59.930000,0 days 01:39:36.538000
2024-05-19 13:47:16.844,10723,269,7,100,False,0,car,0 days 00:44:00.250000,0 days 01:39:36.858000
2024-05-19 13:47:17.004,10851,272,7,100,False,0,car,0 days 00:44:00.410000,0 days 01:39:37.018000
2024-05-19 13:47:17.284,10924,274,7,100,False,0,car,0 days 00:44:00.690000,0 days 01:39:37.298000
2024-05-19 13:47:17.565,10997,276,7,100,False,0,car,0 days 00:44:00.971000,0 days 01:39:37.579000
2024-05-19 13:47:17.885,11030,278,7,100,False,0,car,0 days 00:44:01.291000,0 days 01:39:37.899000
2024-05-19 13:47:18.085,11068,279,7,100,False,0,car,0 days 00:44:01.491000,0 days 01:39:38.099000
2024-05-19 13:47:18.564,11142,281,7,100,False,0,car,0 days 00:44:01.970000,0 days 01:39:38.578000
2024-05-19 13:47:18.964,11102,282,7,100,False,0,car,0 days 00:44:02.370000,0 days 01:39:38.978000
2024-05-19 13:47:19.124,11152,282,7,100,False,0,car,0 days 00:44:02.530000,0 days 01:39:39.138000
2024-05-19 13:47:19.284,10836,282,7,0,True,0,car,0 days 00:44:02.690000,0 days 01:39:39.298000
2024-05-19 13:47:19.444,10631,273,7,0,True,0,car,0 days 00:44:02.850000,0 days 01:39:39.458000
2024-05-19 13:47:19.644,10375,260,7,0,True,0,car,0 days 00:44:03.050000,0 days 01:39:39.658000
2024-05-19 13:47:19.844,9483,246,7,0,True,0,car,0 days 00:44:03.250000,0 days 01:39:39.858000
2024-05-19 13:47:20.084,10085,236,7,0,True,0,car,0 days 00:44:03.490000,0 days 01:39:40.098000
2024-05-19 13:47:20.284,9805,228,6,0,True,0,car,0 days 00:44:03.690000,0 days 01:39:40.298000
2024-05-19 13:47:20.444,9734,223,6,0,True,0,car,0 days 00:44:03.850000,0 days 01:39:40.458000
2024-05-19 13:47:20.804,9094,208,6,0,True,0,car,0 days 00:44:04.210000,0 days 01:39:40.818000
2024-05-19 13:47:21.204,9364,181,5,0,True,0,car,0 days 00:44:04.610000,0 days 01:39:41.218000
2024-05-19 13:47:21.404,8568,172,5,0,True,0,car,0 days 00:44:04.810000,0 days 01:39:41.418000
2024-05-19 13:47:21.644,8364,168,5,0,True,0,car,0 days 00:44:05.050000,0 days 01:39:41.658000
2024-05-19 13:47:21.804,8431,163,5,3,False,0,car,0 days 00:44:05.210000,0 days 01:39:41.818000
2024-05-19 13:47:22.004,8209,159,5,19,False,0,car,0 days 00:44:05.410000,0 days 01:39:42.018000
2024-05-19 13:47:22.244,8080,159,5,0,False,0,car,0 days 00:44:05.650000,0 days 01:39:42.258000
2024-05-19 13:47:22.524,7877,155,5,30,False,0,car,0 days 00:44:05.930000,0 days 01:39:42.538000
2024-05-19 13:47:22.764,9149,154,5,47,False,0,car,0 days 00:44:06.170000,0 days 01:39:42.778000
2024-05-19 13:47:23.084,9941,156,4,100,False,0,car,0 days 00:44:06.490000,0 days 01:39:43.098000
2024-05-19 13:47:23.364,10732,166,4,100,False,0,car,0 days 00:44:06.770000,0 days 01:39:43.378000
2024-05-19 13:47:23.564,11268,171,4,100,False,0,car,0 days 00:44:06.970000,0 days 01:39:43.578000
2024-05-19 13:47:23.764,11295,181,4,100,False,0,car,0 days 00:44:07.170000,0 days 01:39:43.778000
2024-05-19 13:47:24.085,11680,192,4,100,False,0,car,0 days 00:44:07.491000,0 days 01:39:44.099000
2024-05-19 13:47:24.245,10980,195,4,100,False,0,car,0 days 00:44:07.651000,0 days 01:39:44.259000
2024-05-19 13:47:24.525,10950,207,5,100,False,0,car,0 days 00:44:07.931000,0 days 01:39:44.539000
2024-05-19 13:47:24.885,10986,212,5,100,False,0,car,0 days 00:44:08.291000,0 days 01:39:44.899000
2024-05-19 13:47:25.045,10986,215,5,100,False,0,car,0 days 00:44:08.451000,0 days 01:39:45.059000
2024-05-19 13:47:25.244,11133,216,5,100,False,0,car,0 days 00:44:08.650000,0 days 01:39:45.258000
2024-05-19 13:47:25.484,11237,220,5,100,False,0,car,0 days 00:44:08.890000,0 days 01:39:45.498000
2024-05-19 13:47:25.844,10420,209,5,0,True,0,car,0 days 00:44:09.250000,0 days 01:39:45.858000
2024-05-19 13:47:26.044,9547,192,5,0,True,0,car,0 days 00:44:09.450000,0 days 01:39:46.058000
2024-05-19 13:47:26.244,10162,175,5,0,True,0,car,0 days 00:44:09.650000,0 days 01:39:46.258000
2024-05-19 13:47:26.484,10442,160,4,0,True,0,car,0 days 00:44:09.890000,0 days 01:39:46.498000
2024-05-19 13:47:26.644,10435,146,4,0,True,0,car,0 days 00:44:10.050000,0 days 01:39:46.658000
2024-05-19 13:47:26.924,9378,135,3,0,True,0,car,0 days 00:44:10.330000,0 days 01:39:46.938000
2024-05-19 13:47:27.084,8700,125,3,0,True,0,car,0 days 00:44:10.490000,0 days 01:39:47.098000
2024-05-19 13:47:27.324,8140,114,3,0,True,0,car,0 days 00:44:10.730000,0 days 01:39:47.338000
2024-05-19 13:47:27.484,7527,110,3,0,True,0,car,0 days 00:44:10.890000,0 days 01:39:47.498000
2024-05-19 13:47:27.764,7087,104,3,0,True,0,car,0 days 00:44:11.170000,0 days 01:39:47.778000
2024-05-19 13:47:27.964,6945,101,3,0,False,0,car,0 days 00:44:11.370000,0 days 01:39:47.978000
2024-05-19 13:47:28.204,6709,95,3,0,False,0,car,0 days 00:44:11.610000,0 days 01:39:48.218000
2024-05-19 13:47:28.364,6826,93,3,7,False,0,car,0 days 00:44:11.770000,0 days 01:39:48.378000
2024-05-19 13:47:28.524,6948,92,3,20,False,0,car,0 days 00:44:11.930000,0 days 01:39:48.538000
2024-05-19 13:47:28.724,6883,93,3,23,False,0,car,0 days 00:44:12.130000,0 days 01:39:48.738000
2024-05-19 13:47:29.044,7273,95,3,36,False,0,car,0 days 00:44:12.450000,0 days 01:39:49.058000
2024-05-19 13:47:29.284,7567,98,3,44,False,0,car,0 days 00:44:12.690000,0 days 01:39:49.298000
2024-05-19 13:47:29.644,8067,105,3,55,False,0,car,0 days 00:44:13.050000,0 days 01:39:49.658000
2024-05-19 13:47:29.804,8412,110,3,61,False,0,car,0 days 00:44:13.210000,0 days 01:39:49.818000
2024-05-19 13:47:30.004,8985,116,3,72,False,0,car,0 days 00:44:13.410000,0 days 01:39:50.018000
2024-05-19 13:47:30.244,9451,122,3,76,False,0,car,0 days 00:44:13.650000,0 days 01:39:50.258000
2024-05-19 13:47:30.485,9843,126,3,92,False,0,car,0 days 00:44:13.891000,0 days 01:39:50.499000
2024-05-19 13:47:30.925,10829,152,3,100,False,0,car,0 days 00:44:14.331000,0 days 01:39:50.939000
2024-05-19 13:47:31.085,9949,155,3,100,False,0,car,0 days 00:44:14.491000,0 days 01:39:51.099000
2024-05-19 13:47:31.245,10520,165,4,100,False,0,car,0 days 00:44:14.651000,0 days 01:39:51.259000
2024-05-19 13:47:31.525,10660,177,4,100,False,0,car,0 days 00:44:14.931000,0 days 01:39:51.539000
2024-05-19 13:47:31.685,11374,177,4,100,False,0,car,0 days 00:44:15.091000,0 days 01:39:51.699000
2024-05-19 13:47:31.924,11666,191,4,100,False,0,car,0 days 00:44:15.330000,0 days 01:39:51.938000
2024-05-19 13:47:32.124,11268,198,4,100,False,0,car,0 days 00:44:15.530000,0 days 01:39:52.138000
2024-05-19 13:47:32.484,10871,207,5,100,False,0,car,0 days 00:44:15.890000,0 days 01:39:52.498000
2024-05-19 13:47:32.644,11038,213,5,100,False,0,car,0 days 00:44:16.050000,0 days 01:39:52.658000
2024-05-19 13:47:32.844,11283,219,5,100,False,0,car,0 days 00:44:16.250000,0 days 01:39:52.858000
2024-05-19 13:47:33.124,11621,226,5,100,False,0,car,0 days 00:44:16.530000,0 days 01:39:53.138000
2024-05-19 13:47:33.324,11200,230,5,100,False,0,car,0 days 00:44:16.730000,0 days 01:39:53.338000
2024-05-19 13:47:33.484,10624,233,5,100,False,0,car,0 days 00:44:16.890000,0 days 01:39:53.498000
2024-05-19 13:47:33.764,10944,239,6,100,False,0,car,0 days 00:44:17.170000,0 days 01:39:53.778000
2024-05-19 13:47:33.924,10954,243,6,100,False,0,car,0 days 00:44:17.330000,0 days 01:39:53.938000
2024-05-19 13:47:34.084,11062,245,6,100,False,0,car,0 days 00:44:17.490000,0 days 01:39:54.098000
2024-05-19 13:47:34.364,11241,251,6,100,False,0,car,0 days 00:44:17.770000,0 days 01:39:54.378000
2024-05-19 13:47:34.604,11405,255,6,100,False,0,car,0 days 00:44:18.010000,0 days 01:39:54.618000
2024-05-19 13:47:34.844,11545,257,6,100,False,0,car,0 days 00:44:18.250000,0 days 01:39:54.858000
2024-05-19 13:47:35.204,10481,262,6,100,False,0,car,0 days 00:44:18.610000,0 days 01:39:55.218000
2024-05-19 13:47:35.404,10470,263,7,100,False,0,car,0 days 00:44:18.810000,0 days 01:39:55.418000
2024-05-19 13:47:35.844,10538,265,7,100,False,0,car,0 days 00:44:19.250000,0 days 01:39:55.858000
2024-05-19 13:47:36.204,10659,267,7,100,False,0,car,0 days 00:44:19.610000,0 days 01:39:56.218000
2024-05-19 13:47:36.364,10674,267,7,100,False,0,car,0 days 00:44:19.770000,0 days 01:39:56.378000
2024-05-19 13:47:36.644,10612,268,7,100,False,0,car,0 days 00:44:20.050000,0 days 01:39:56.658000
2024-05-19 13:47:36.804,10714,268,7,100,False,0,car,0 days 00:44:20.210000,0 days 01:39:56.818000
2024-05-19 13:47:37.004,10720,269,7,100,False,0,car,0 days 00:44:20.410000,0 days 01:39:57.018000
2024-05-19 13:47:37.285,10703,270,7,100,False,0,car,0 days 00:44:20.691000,0 days 01:39:57.299000
2024-05-19 13:47:37.445,10716,270,7,100,False,0,car,0 days 00:44:20.851000,0 days 01:39:57.459000
2024-05-19 13:47:37.685,10380,270,7,0,False,0,car,0 days 00:44:21.091000,0 days 01:39:57.699000
2024-05-19 13:47:37.925,10271,260,7,0,True,0,car,0 days 00:44:21.331000,0 days 01:39:57.939000
2024-05-19 13:47:38.245,9843,237,7,0,True,0,car,0 days 00:44:21.651000,0 days 01:39:58.259000
2024-05-19 13:47:38.405,10815,215,6,0,True,0,car,0 days 00:44:21.811000,0 days 01:39:58.419000
2024-05-19 13:47:38.684,10341,208,5,2,False,0,car,0 days 00:44:22.090000,0 days 01:39:58.698000
2024-05-19 13:47:38.924,10113,202,5,4,False,0,car,0 days 00:44:22.330000,0 days 01:39:58.938000
2024-05-19 13:47:39.204,10038,195,5,51,False,0,car,0 days 00:44:22.610000,0 days 01:39:59.218000
2024-05-19 13:47:39.444,10126,195,5,71,False,0,car,0 days 00:44:22.850000,0 days 01:39:59.458000
2024-05-19 13:47:39.764,10514,199,5,98,False,0,car,0 days 00:44:23.170000,0 days 01:39:59.778000
2024-05-19 13:47:39.924,10701,201,5,100,False,0,car,0 days 00:44:23.330000,0 days 01:39:59.938000
2024-05-19 13:47:40.244,11063,211,5,100,False,0,car,0 days 00:44:23.650000,0 days 01:40:00.258000
2024-05-19 13:47:40.604,11481,221,5,100,False,0,car,0 days 00:44:24.010000,0 days 01:40:00.618000
2024-05-19 13:47:40.964,10402,227,6,100,False,0,car,0 days 00:44:24.370000,0 days 01:40:00.978000
2024-05-19 13:47:41.244,10588,235,6,100,False,0,car,0 days 00:44:24.650000,0 days 01:40:01.258000
2024-05-19 13:47:41.564,10841,241,6,100,False,0,car,0 days 00:44:24.970000,0 days 01:40:01.578000
2024-05-19 13:47:41.844,11114,247,6,100,False,0,car,0 days 00:44:25.250000,0 days 01:40:01.858000
2024-05-19 13:47:42.004,11296,251,6,100,False,0,car,0 days 00:44:25.410000,0 days 01:40:02.018000
2024-05-19 13:47:42.204,11342,254,6,100,False,0,car,0 days 00:44:25.610000,0 days 01:40:02.218000
2024-05-19 13:47:42.444,11464,254,6,100,False,0,car,0 days 00:44:25.850000,0 days 01:40:02.458000
2024-05-19 13:47:43.164,10521,264,7,100,False,0,car,0 days 00:44:26.570000,0 days 01:40:03.178000
2024-05-19 13:47:43.484,10646,267,7,100,False,0,car,0 days 00:44:26.890000,0 days 01:40:03.498000
2024-05-19 13:47:43.685,10674,268,7,100,False,0,car,0 days 00:44:27.091000,0 days 01:40:03.699000
2024-05-19 13:47:43.885,10706,269,7,100,False,0,car,0 days 00:44:27.291000,0 days 01:40:03.899000
2024-05-19 13:47:44.325,10660,270,7,46,False,0,car,0 days 00:44:27.731000,0 days 01:40:04.339000
2024-05-19 13:47:44.525,10028,269,7,0,False,0,car,0 days 00:44:27.931000,0 days 01:40:04.539000
2024-05-19 13:47:44.925,10002,257,7,0,False,0,car,0 days 00:44:28.331000,0 days 01:40:04.939000
2024-05-19 13:47:45.085,9732,253,7,0,True,0,car,0 days 00:44:28.491000,0 days 01:40:05.099000
2024-05-19 13:47:45.364,9360,244,7,0,True,0,car,0 days 00:44:28.770000,0 days 01:40:05.378000
2024-05-19 13:47:45.564,9440,234,7,0,True,0,car,0 days 00:44:28.970000,0 days 01:40:05.578000
2024-05-19 13:47:45.884,9914,210,7,0,True,0,car,0 days 00:44:29.290000,0 days 01:40:05.898000
2024-05-19 13:47:46.164,10239,184,5,0,True,0,car,0 days 00:44:29.570000,0 days 01:40:06.178000
2024-05-19 13:47:46.604,8900,152,4,0,True,0,car,0 days 00:44:30.010000,0 days 01:40:06.618000
2024-05-19 13:47:46.804,8250,142,4,0,True,0,car,0 days 00:44:30.210000,0 days 01:40:06.818000
2024-05-19 13:47:47.004,8086,135,4,0,True,0,car,0 days 00:44:30.410000,0 days 01:40:07.018000
2024-05-19 13:47:47.284,7806,131,4,2,False,0,car,0 days 00:44:30.690000,0 days 01:40:07.298000
2024-05-19 13:47:47.604,7705,124,4,21,False,0,car,0 days 00:44:31.010000,0 days 01:40:07.618000
2024-05-19 13:47:48.004,7888,125,4,50,False,0,car,0 days 00:44:31.410000,0 days 01:40:08.018000
2024-05-19 13:47:48.244,7888,130,4,50,False,0,car,0 days 00:44:31.650000,0 days 01:40:08.258000
2024-05-19 13:47:48.404,8514,137,4,85,False,0,car,0 days 00:44:31.810000,0 days 01:40:08.418000
2024-05-19 13:47:48.564,8819,138,4,87,False,0,car,0 days 00:44:31.970000,0 days 01:40:08.578000
2024-05-19 13:47:48.764,9325,147,4,100,False,0,car,0 days 00:44:32.170000,0 days 01:40:08.778000
2024-05-19 13:47:48.964,9649,154,4,100,False,0,car,0 days 00:44:32.370000,0 days 01:40:08.978000
2024-05-19 13:47:49.164,10319,161,4,100,False,0,car,0 days 00:44:32.570000,0 days 01:40:09.178000
2024-05-19 13:47:49.364,10319,163,4,100,False,0,car,0 days 00:44:32.770000,0 days 01:40:09.378000
2024-05-19 13:47:49.644,11048,180,4,100,False,0,car,0 days 00:44:33.050000,0 days 01:40:09.658000
2024-05-19 13:47:49.884,11541,187,4,100,False,0,car,0 days 00:44:33.290000,0 days 01:40:09.898000
2024-05-19 13:47:50.204,10430,199,4,100,False,0,car,0 days 00:44:33.610000,0 days 01:40:10.218000
2024-05-19 13:47:50.365,10695,202,5,100,False,0,car,0 days 00:44:33.771000,0 days 01:40:10.379000
2024-05-19 13:47:50.725,10983,214,5,100,False,0,car,0 days 00:44:34.131000,0 days 01:40:10.739000
2024-05-19 13:47:51.045,11404,222,5,100,False,0,car,0 days 00:44:34.451000,0 days 01:40:11.059000
2024-05-19 13:47:51.285,11350,226,5,100,False,0,car,0 days 00:44:34.691000,0 days 01:40:11.299000
2024-05-19 13:47:51.525,10529,233,5,100,False,0,car,0 days 00:44:34.931000,0 days 01:40:11.539000
2024-05-19 13:47:51.765,10758,238,6,100,False,0,car,0 days 00:44:35.171000,0 days 01:40:11.779000
2024-05-19 13:47:51.925,10848,241,6,100,False,0,car,0 days 00:44:35.331000,0 days 01:40:11.939000
2024-05-19 13:47:52.284,11062,247,6,100,False,0,car,0 days 00:44:35.690000,0 days 01:40:12.298000
2024-05-19 13:47:52.444,11203,250,6,100,False,0,car,0 days 00:44:35.850000,0 days 01:40:12.458000
2024-05-19 13:47:52.644,11240,252,6,100,False,0,car,0 days 00:44:36.050000,0 days 01:40:12.658000
2024-05-19 13:47:52.964,11270,254,6,100,False,0,car,0 days 00:44:36.370000,0 days 01:40:12.978000
2024-05-19 13:47:53.404,11435,256,6,100,False,0,car,0 days 00:44:36.810000,0 days 01:40:13.418000
2024-05-19 13:47:53.724,11643,257,6,100,False,0,car,0 days 00:44:37.130000,0 days 01:40:13.738000
2024-05-19 13:47:53.964,11518,258,6,97,False,0,car,0 days 00:44:37.370000,0 days 01:40:13.978000
2024-05-19 13:47:54.124,11346,259,6,38,False,0,car,0 days 00:44:37.530000,0 days 01:40:14.138000
2024-05-19 13:47:54.404,11137,252,6,7,True,0,car,0 days 00:44:37.810000,0 days 01:40:14.418000
2024-05-19 13:47:54.844,9305,216,6,0,True,0,car,0 days 00:44:38.250000,0 days 01:40:14.858000
2024-05-19 13:47:55.004,9617,194,6,0,True,0,car,0 days 00:44:38.410000,0 days 01:40:15.018000
2024-05-19 13:47:55.444,9096,169,5,0,True,0,car,0 days 00:44:38.850000,0 days 01:40:15.458000
2024-05-19 13:47:55.764,8331,142,4,0,True,0,car,0 days 00:44:39.170000,0 days 01:40:15.778000
2024-05-19 13:47:56.004,7911,128,4,0,True,0,car,0 days 00:44:39.410000,0 days 01:40:16.018000
2024-05-19 13:47:56.164,7202,126,4,0,True,0,car,0 days 00:44:39.570000,0 days 01:40:16.178000
2024-05-19 13:47:56.324,7017,120,4,0,True,0,car,0 days 00:44:39.730000,0 days 01:40:16.338000
2024-05-19 13:47:56.604,6735,116,4,0,False,0,car,0 days 00:44:40.010000,0 days 01:40:16.618000
2024-05-19 13:47:56.764,6836,116,4,0,False,0,car,0 days 00:44:40.170000,0 days 01:40:16.778000
2024-05-19 13:47:57.125,7714,108,3,0,True,0,car,0 days 00:44:40.531000,0 days 01:40:17.139000
2024-05-19 13:47:57.365,7133,107,3,0,False,0,car,0 days 00:44:40.771000,0 days 01:40:17.379000
2024-05-19 13:47:57.685,7371,100,3,28,False,0,car,0 days 00:44:41.091000,0 days 01:40:17.699000
2024-05-19 13:47:57.885,7384,99,3,19,False,0,car,0 days 00:44:41.291000,0 days 01:40:17.899000
2024-05-19 13:47:58.045,7650,99,3,29,False,0,car,0 days 00:44:41.451000,0 days 01:40:18.059000
2024-05-19 13:47:58.325,7914,104,3,43,False,0,car,0 days 00:44:41.731000,0 days 01:40:18.339000
2024-05-19 13:47:58.565,8194,109,3,53,False,0,car,0 days 00:44:41.971000,0 days 01:40:18.579000
2024-05-19 13:47:58.924,8869,122,3,72,False,0,car,0 days 00:44:42.330000,0 days 01:40:18.938000
2024-05-19 13:47:59.084,9849,126,3,94,False,0,car,0 days 00:44:42.490000,0 days 01:40:19.098000
2024-05-19 13:47:59.284,10722,136,3,100,False,0,car,0 days 00:44:42.690000,0 days 01:40:19.298000
2024-05-19 13:47:59.604,9723,153,4,100,False,0,car,0 days 00:44:43.010000,0 days 01:40:19.618000
2024-05-19 13:47:59.804,10143,158,4,100,False,0,car,0 days 00:44:43.210000,0 days 01:40:19.818000
2024-05-19 13:48:00.004,10754,172,4,100,False,0,car,0 days 00:44:43.410000,0 days 01:40:20.018000
2024-05-19 13:48:00.244,11012,180,4,100,False,0,car,0 days 00:44:43.650000,0 days 01:40:20.258000
2024-05-19 13:48:00.404,11441,188,4,100,False,0,car,0 days 00:44:43.810000,0 days 01:40:20.418000
2024-05-19 13:48:00.804,10474,201,4,100,False,0,car,0 days 00:44:44.210000,0 days 01:40:20.818000
2024-05-19 13:48:01.164,10798,208,5,100,False,0,car,0 days 00:44:44.570000,0 days 01:40:21.178000
2024-05-19 13:48:01.444,11308,219,5,100,False,0,car,0 days 00:44:44.850000,0 days 01:40:21.458000
2024-05-19 13:48:01.804,11635,230,5,100,False,0,car,0 days 00:44:45.210000,0 days 01:40:21.818000
2024-05-19 13:48:02.004,10655,235,5,100,False,0,car,0 days 00:44:45.410000,0 days 01:40:22.018000
2024-05-19 13:48:02.204,10785,239,6,100,False,0,car,0 days 00:44:45.610000,0 days 01:40:22.218000
2024-05-19 13:48:02.444,10975,244,6,100,False,0,car,0 days 00:44:45.850000,0 days 01:40:22.458000
2024-05-19 13:48:02.644,11167,246,6,100,False,0,car,0 days 00:44:46.050000,0 days 01:40:22.658000
2024-05-19 13:48:02.924,11355,251,6,100,False,0,car,0 days 00:44:46.330000,0 days 01:40:22.938000
2024-05-19 13:48:03.124,11473,255,6,100,False,0,car,0 days 00:44:46.530000,0 days 01:40:23.138000
2024-05-19 13:48:03.324,11646,259,6,100,False,0,car,0 days 00:44:46.730000,0 days 01:40:23.338000
2024-05-19 13:48:03.725,10597,264,6,100,False,0,car,0 days 00:44:47.131000,0 days 01:40:23.739000
2024-05-19 13:48:03.885,10740,264,6,100,False,0,car,0 days 00:44:47.291000,0 days 01:40:23.899000
2024-05-19 13:48:04.045,10791,270,7,100,False,0,car,0 days 00:44:47.451000,0 days 01:40:24.059000
2024-05-19 13:48:04.285,10891,272,7,100,False,0,car,0 days 00:44:47.691000,0 days 01:40:24.299000
2024-05-19 13:48:04.525,10960,276,7,100,False,0,car,0 days 00:44:47.931000,0 days 01:40:24.539000
2024-05-19 13:48:04.765,11129,278,7,100,False,0,car,0 days 00:44:48.171000,0 days 01:40:24.779000
2024-05-19 13:48:05.045,11171,282,7,100,False,0,car,0 days 00:44:48.451000,0 days 01:40:25.059000
2024-05-19 13:48:05.285,11305,282,7,100,False,0,car,0 days 00:44:48.691000,0 days 01:40:25.299000
2024-05-19 13:48:05.564,11366,285,7,100,False,0,car,0 days 00:44:48.970000,0 days 01:40:25.578000
2024-05-19 13:48:05.844,11366,290,7,100,False,0,car,0 days 00:44:49.250000,0 days 01:40:25.858000
2024-05-19 13:48:06.284,11576,292,7,100,False,0,car,0 days 00:44:49.690000,0 days 01:40:26.298000
2024-05-19 13:48:06.644,10507,295,8,100,False,0,car,0 days 00:44:50.050000,0 days 01:40:26.658000
2024-05-19 13:48:06.964,10488,296,8,100,False,0,car,0 days 00:44:50.370000,0 days 01:40:26.978000
2024-05-19 13:48:07.324,10277,294,8,25,False,0,car,0 days 00:44:50.730000,0 days 01:40:27.338000
2024-05-19 13:48:07.524,10107,288,8,0,True,0,car,0 days 00:44:50.930000,0 days 01:40:27.538000
2024-05-19 13:48:07.684,9479,281,8,0,True,0,car,0 days 00:44:51.090000,0 days 01:40:27.698000
2024-05-19 13:48:07.924,9541,250,8,0,True,0,car,0 days 00:44:51.330000,0 days 01:40:27.938000
2024-05-19 13:48:08.204,9759,226,8,0,True,0,car,0 days 00:44:51.610000,0 days 01:40:28.218000
2024-05-19 13:48:08.524,9869,192,7,0,True,0,car,0 days 00:44:51.930000,0 days 01:40:28.538000
2024-05-19 13:48:08.724,9439,164,5,0,True,0,car,0 days 00:44:52.130000,0 days 01:40:28.738000
2024-05-19 13:48:09.004,10055,144,4,0,True,0,car,0 days 00:44:52.410000,0 days 01:40:29.018000
2024-05-19 13:48:09.164,9501,144,3,0,True,0,car,0 days 00:44:52.570000,0 days 01:40:29.178000
2024-05-19 13:48:09.524,8641,124,3,0,True,0,car,0 days 00:44:52.930000,0 days 01:40:29.538000
2024-05-19 13:48:09.724,8401,120,3,0,True,0,car,0 days 00:44:53.130000,0 days 01:40:29.738000
2024-05-19 13:48:10.005,8073,116,3,0,False,0,car,0 days 00:44:53.411000,0 days 01:40:30.019000
2024-05-19 13:48:10.445,8249,112,3,39,False,0,car,0 days 00:44:53.851000,0 days 01:40:30.459000
2024-05-19 13:48:10.685,8776,115,3,49,False,0,car,0 days 00:44:54.091000,0 days 01:40:30.699000
2024-05-19 13:48:11.085,9382,123,3,65,False,0,car,0 days 00:44:54.491000,0 days 01:40:31.099000
2024-05-19 13:48:11.525,10793,138,3,91,False,0,car,0 days 00:44:54.931000,0 days 01:40:31.539000
2024-05-19 13:48:11.845,9675,155,3,100,False,0,car,0 days 00:44:55.251000,0 days 01:40:31.859000
2024-05-19 13:48:12.125,9569,163,4,1,True,0,car,0 days 00:44:55.531000,0 days 01:40:32.139000
2024-05-19 13:48:12.404,9091,152,4,0,True,0,car,0 days 00:44:55.810000,0 days 01:40:32.418000
2024-05-19 13:48:12.764,8528,146,4,0,True,0,car,0 days 00:44:56.170000,0 days 01:40:32.778000
2024-05-19 13:48:13.164,8024,137,4,1,False,0,car,0 days 00:44:56.570000,0 days 01:40:33.178000
2024-05-19 13:48:13.324,8166,133,4,17,False,0,car,0 days 00:44:56.730000,0 days 01:40:33.338000
2024-05-19 13:48:13.564,8320,132,4,57,False,0,car,0 days 00:44:56.970000,0 days 01:40:33.578000
2024-05-19 13:48:14.004,8857,142,4,67,False,0,car,0 days 00:44:57.410000,0 days 01:40:34.018000
2024-05-19 13:48:14.244,9173,147,4,70,False,0,car,0 days 00:44:57.650000,0 days 01:40:34.258000
2024-05-19 13:48:14.564,10086,156,4,97,False,0,car,0 days 00:44:57.970000,0 days 01:40:34.578000
2024-05-19 13:48:14.804,10619,169,4,100,False,0,car,0 days 00:44:58.210000,0 days 01:40:34.818000
2024-05-19 13:48:14.964,10974,173,4,100,False,0,car,0 days 00:44:58.370000,0 days 01:40:34.978000
2024-05-19 13:48:15.244,11220,184,4,100,False,0,car,0 days 00:44:58.650000,0 days 01:40:35.258000
2024-05-19 13:48:15.404,11640,191,4,100,False,0,car,0 days 00:44:58.810000,0 days 01:40:35.418000
2024-05-19 13:48:15.564,11080,195,4,100,False,0,car,0 days 00:44:58.970000,0 days 01:40:35.578000
2024-05-19 13:48:15.764,10568,201,4,100,False,0,car,0 days 00:44:59.170000,0 days 01:40:35.778000
2024-05-19 13:48:15.964,10869,204,5,100,False,0,car,0 days 00:44:59.370000,0 days 01:40:35.978000
2024-05-19 13:48:16.244,11089,215,5,100,False,0,car,0 days 00:44:59.650000,0 days 01:40:36.258000
2024-05-19 13:48:16.484,11488,221,5,100,False,0,car,0 days 00:44:59.890000,0 days 01:40:36.498000
2024-05-19 13:48:16.925,11958,233,5,100,False,0,car,0 days 00:45:00.331000,0 days 01:40:36.939000
2024-05-19 13:48:17.165,10698,237,6,100,False,0,car,0 days 00:45:00.571000,0 days 01:40:37.179000
2024-05-19 13:48:17.525,11042,243,6,100,False,0,car,0 days 00:45:00.931000,0 days 01:40:37.539000
2024-05-19 13:48:17.765,11191,249,6,100,False,0,car,0 days 00:45:01.171000,0 days 01:40:37.779000
2024-05-19 13:48:18.045,11449,255,6,100,False,0,car,0 days 00:45:01.451000,0 days 01:40:38.059000
2024-05-19 13:48:18.285,11565,258,6,100,False,0,car,0 days 00:45:01.691000,0 days 01:40:38.299000
2024-05-19 13:48:18.565,10799,262,6,100,False,0,car,0 days 00:45:01.971000,0 days 01:40:38.579000
2024-05-19 13:48:18.885,10623,266,7,100,False,0,car,0 days 00:45:02.291000,0 days 01:40:38.899000
2024-05-19 13:48:19.164,10812,271,7,100,False,0,car,0 days 00:45:02.570000,0 days 01:40:39.178000
2024-05-19 13:48:19.444,10955,273,7,100,False,0,car,0 days 00:45:02.850000,0 days 01:40:39.458000
2024-05-19 13:48:19.644,10958,277,7,100,False,0,car,0 days 00:45:03.050000,0 days 01:40:39.658000
2024-05-19 13:48:19.884,11095,278,7,100,False,0,car,0 days 00:45:03.290000,0 days 01:40:39.898000
2024-05-19 13:48:20.044,11204,281,7,100,False,0,car,0 days 00:45:03.450000,0 days 01:40:40.058000
2024-05-19 13:48:20.404,11264,285,7,100,False,0,car,0 days 00:45:03.810000,0 days 01:40:40.418000
2024-05-19 13:48:20.804,11456,288,7,100,False,0,car,0 days 00:45:04.210000,0 days 01:40:40.818000
2024-05-19 13:48:21.084,11479,290,7,100,False,0,car,0 days 00:45:04.490000,0 days 01:40:41.098000
2024-05-19 13:48:21.444,11503,292,7,100,False,0,car,0 days 00:45:04.850000,0 days 01:40:41.458000
2024-05-19 13:48:21.724,10972,294,7,100,False,0,car,0 days 00:45:05.130000,0 days 01:40:41.738000
2024-05-19 13:48:22.004,10549,296,8,100,False,0,car,0 days 00:45:05.410000,0 days 01:40:42.018000
2024-05-19 13:48:22.164,10589,297,8,100,False,0,car,0 days 00:45:05.570000,0 days 01:40:42.178000
2024-05-19 13:48:22.484,10658,298,8,100,False,0,car,0 days 00:45:05.890000,0 days 01:40:42.498000
2024-05-19 13:48:22.764,10750,299,8,100,False,0,car,0 days 00:45:06.170000,0 days 01:40:42.778000
2024-05-19 13:48:23.004,10762,302,8,100,False,0,car,0 days 00:45:06.410000,0 days 01:40:43.018000
2024-05-19 13:48:23.325,10749,303,8,100,False,0,car,0 days 00:45:06.731000,0 days 01:40:43.339000
2024-05-19 13:48:23.605,10830,304,8,100,False,0,car,0 days 00:45:07.011000,0 days 01:40:43.619000
2024-05-19 13:48:23.925,10844,306,8,100,False,0,car,0 days 00:45:07.331000,0 days 01:40:43.939000
2024-05-19 13:48:24.365,10899,307,8,100,False,0,car,0 days 00:45:07.771000,0 days 01:40:44.379000
2024-05-19 13:48:24.525,10880,307,8,100,False,0,car,0 days 00:45:07.931000,0 days 01:40:44.539000
2024-05-19 13:48:24.685,10897,307,8,100,False,0,car,0 days 00:45:08.091000,0 days 01:40:44.699000
2024-05-19 13:48:24.845,10905,308,8,100,False,0,car,0 days 00:45:08.251000,0 days 01:40:44.859000
2024-05-19 13:48:25.085,11059,309,8,100,False,0,car,0 days 00:45:08.491000,0 days 01:40:45.099000
2024-05-19 13:48:25.325,11060,310,8,100,False,0,car,0 days 00:45:08.731000,0 days 01:40:45.339000
2024-05-19 13:48:25.605,11033,311,8,100,False,0,car,0 days 00:45:09.011000,0 days 01:40:45.619000
2024-05-19 13:48:25.964,11096,312,8,100,False,0,car,0 days 00:45:09.370000,0 days 01:40:45.978000
2024-05-19 13:48:26.204,11089,312,8,100,False,0,car,0 days 00:45:09.610000,0 days 01:40:46.218000
2024-05-19 13:48:26.484,11106,313,8,100,False,0,car,0 days 00:45:09.890000,0 days 01:40:46.498000
2024-05-19 13:48:26.684,11108,314,8,100,False,0,car,0 days 00:45:10.090000,0 days 01:40:46.698000
2024-05-19 13:48:26.884,11156,312,8,100,False,0,car,0 days 00:45:10.290000,0 days 01:40:46.898000
2024-05-19 13:48:27.164,11157,314,8,100,False,0,car,0 days 00:45:10.570000,0 days 01:40:47.178000
2024-05-19 13:48:27.324,11152,314,8,100,False,0,car,0 days 00:45:10.730000,0 days 01:40:47.338000
2024-05-19 13:48:27.644,11115,315,8,100,False,0,car,0 days 00:45:11.050000,0 days 01:40:47.658000
2024-05-19 13:48:27.804,11109,314,8,100,False,0,car,0 days 00:45:11.210000,0 days 01:40:47.818000
2024-05-19 13:48:28.004,11162,315,8,100,False,0,car,0 days 00:45:11.410000,0 days 01:40:48.018000
2024-05-19 13:48:28.164,11140,315,8,100,False,0,car,0 days 00:45:11.570000,0 days 01:40:48.178000
2024-05-19 13:48:28.484,11175,315,8,100,False,0,car,0 days 00:45:11.890000,0 days 01:40:48.498000
2024-05-19 13:48:28.684,11142,315,8,100,False,0,car,0 days 00:45:12.090000,0 days 01:40:48.698000
2024-05-19 13:48:28.884,11161,316,8,100,False,0,car,0 days 00:45:12.290000,0 days 01:40:48.898000
2024-05-19 13:48:29.164,11161,316,8,100,False,0,car,0 days 00:45:12.570000,0 days 01:40:49.178000
2024-05-19 13:48:29.484,11011,310,8,0,True,0,car,0 days 00:45:12.890000,0 days 01:40:49.498000
2024-05-19 13:48:29.644,10505,297,8,0,True,0,car,0 days 00:45:13.050000,0 days 01:40:49.658000
2024-05-19 13:48:29.845,9627,275,8,0,True,0,car,0 days 00:45:13.251000,0 days 01:40:49.859000
2024-05-19 13:48:30.205,9917,229,8,0,True,0,car,0 days 00:45:13.611000,0 days 01:40:50.219000
2024-05-19 13:48:30.525,10091,202,8,0,True,0,car,0 days 00:45:13.931000,0 days 01:40:50.539000
2024-05-19 13:48:30.925,10259,174,4,0,True,0,car,0 days 00:45:14.331000,0 days 01:40:50.939000
2024-05-19 13:48:31.245,9610,162,4,0,True,0,car,0 days 00:45:14.651000,0 days 01:40:51.259000
2024-05-19 13:48:31.525,9174,156,4,0,False,0,car,0 days 00:45:14.931000,0 days 01:40:51.539000
2024-05-19 13:48:31.685,9176,153,4,10,False,0,car,0 days 00:45:15.091000,0 days 01:40:51.699000
2024-05-19 13:48:31.885,9378,151,4,57,False,0,car,0 days 00:45:15.291000,0 days 01:40:51.899000
2024-05-19 13:48:32.205,9770,157,4,76,False,0,car,0 days 00:45:15.611000,0 days 01:40:52.219000
2024-05-19 13:48:32.524,10305,167,4,90,False,0,car,0 days 00:45:15.930000,0 days 01:40:52.538000
2024-05-19 13:48:32.764,10307,172,4,58,False,0,car,0 days 00:45:16.170000,0 days 01:40:52.778000
2024-05-19 13:48:33.004,8917,175,5,59,False,0,car,0 days 00:45:16.410000,0 days 01:40:53.018000
2024-05-19 13:48:33.204,9254,176,5,63,False,0,car,0 days 00:45:16.610000,0 days 01:40:53.218000
2024-05-19 13:48:33.564,9690,181,5,100,False,0,car,0 days 00:45:16.970000,0 days 01:40:53.578000
2024-05-19 13:48:33.724,9839,187,5,100,False,0,car,0 days 00:45:17.130000,0 days 01:40:53.738000
2024-05-19 13:48:33.924,10189,193,5,100,False,0,car,0 days 00:45:17.330000,0 days 01:40:53.938000
2024-05-19 13:48:34.084,10440,196,5,100,False,0,car,0 days 00:45:17.490000,0 days 01:40:54.098000
2024-05-19 13:48:34.324,10652,202,5,100,False,0,car,0 days 00:45:17.730000,0 days 01:40:54.338000
2024-05-19 13:48:34.484,10892,208,5,100,False,0,car,0 days 00:45:17.890000,0 days 01:40:54.498000
2024-05-19 13:48:34.844,11065,216,5,100,False,0,car,0 days 00:45:18.250000,0 days 01:40:54.858000
2024-05-19 13:48:35.044,10365,222,5,100,False,0,car,0 days 00:45:18.450000,0 days 01:40:55.058000
2024-05-19 13:48:35.404,10613,230,6,100,False,0,car,0 days 00:45:18.810000,0 days 01:40:55.418000
2024-05-19 13:48:35.604,10621,233,6,100,False,0,car,0 days 00:45:19.010000,0 days 01:40:55.618000
2024-05-19 13:48:35.964,10790,236,6,100,False,0,car,0 days 00:45:19.370000,0 days 01:40:55.978000
2024-05-19 13:48:36.164,10790,242,6,100,False,0,car,0 days 00:45:19.570000,0 days 01:40:56.178000
2024-05-19 13:48:36.325,11040,244,6,100,False,0,car,0 days 00:45:19.731000,0 days 01:40:56.339000
2024-05-19 13:48:36.565,11205,249,6,100,False,0,car,0 days 00:45:19.971000,0 days 01:40:56.579000
2024-05-19 13:48:36.965,11516,256,6,100,False,0,car,0 days 00:45:20.371000,0 days 01:40:56.979000
2024-05-19 13:48:37.245,11579,261,6,100,False,0,car,0 days 00:45:20.651000,0 days 01:40:57.259000
2024-05-19 13:48:37.565,10578,264,7,100,False,0,car,0 days 00:45:20.971000,0 days 01:40:57.579000
2024-05-19 13:48:37.885,10738,269,7,100,False,0,car,0 days 00:45:21.291000,0 days 01:40:57.899000
2024-05-19 13:48:38.125,10833,273,7,100,False,0,car,0 days 00:45:21.531000,0 days 01:40:58.139000
2024-05-19 13:48:38.485,10976,276,7,100,False,0,car,0 days 00:45:21.891000,0 days 01:40:58.499000
2024-05-19 13:48:38.925,11073,278,7,100,False,0,car,0 days 00:45:22.331000,0 days 01:40:58.939000
2024-05-19 13:48:39.204,11125,280,7,100,False,0,car,0 days 00:45:22.610000,0 days 01:40:59.218000
2024-05-19 13:48:39.444,11218,281,7,100,False,0,car,0 days 00:45:22.850000,0 days 01:40:59.458000
2024-05-19 13:48:39.684,11131,281,7,100,False,0,car,0 days 00:45:23.090000,0 days 01:40:59.698000
2024-05-19 13:48:40.124,11055,281,7,100,False,0,car,0 days 00:45:23.530000,0 days 01:41:00.138000
2024-05-19 13:48:40.364,10609,278,7,0,True,0,car,0 days 00:45:23.770000,0 days 01:41:00.378000
2024-05-19 13:48:40.564,10289,267,7,0,True,0,car,0 days 00:45:23.970000,0 days 01:41:00.578000
2024-05-19 13:48:40.964,10568,244,6,0,True,0,car,0 days 00:45:24.370000,0 days 01:41:00.978000
2024-05-19 13:48:41.324,10070,230,6,0,True,0,car,0 days 00:45:24.730000,0 days 01:41:01.338000
2024-05-19 13:48:41.524,9767,222,6,0,True,0,car,0 days 00:45:24.930000,0 days 01:41:01.538000
2024-05-19 13:48:41.844,9322,212,6,0,True,0,car,0 days 00:45:25.250000,0 days 01:41:01.858000
2024-05-19 13:48:42.044,9923,199,6,0,True,0,car,0 days 00:45:25.450000,0 days 01:41:02.058000
2024-05-19 13:48:42.404,8779,178,5,0,True,0,car,0 days 00:45:25.810000,0 days 01:41:02.418000
2024-05-19 13:48:42.764,8468,171,5,0,True,0,car,0 days 00:45:26.170000,0 days 01:41:02.778000
2024-05-19 13:48:43.205,8387,159,5,23,False,0,car,0 days 00:45:26.611000,0 days 01:41:03.219000
2024-05-19 13:48:43.405,8342,158,5,38,False,0,car,0 days 00:45:26.811000,0 days 01:41:03.419000
2024-05-19 13:48:43.565,8475,159,5,70,False,0,car,0 days 00:45:26.971000,0 days 01:41:03.579000
2024-05-19 13:48:43.725,8641,164,5,79,False,0,car,0 days 00:45:27.131000,0 days 01:41:03.739000
2024-05-19 13:48:44.005,9141,172,5,100,False,0,car,0 days 00:45:27.411000,0 days 01:41:04.019000
2024-05-19 13:48:44.205,9175,179,5,100,False,0,car,0 days 00:45:27.611000,0 days 01:41:04.219000
2024-05-19 13:48:44.445,9473,185,5,100,False,0,car,0 days 00:45:27.851000,0 days 01:41:04.459000
2024-05-19 13:48:44.605,10443,191,5,100,False,0,car,0 days 00:45:28.011000,0 days 01:41:04.619000
2024-05-19 13:48:44.925,10523,200,5,100,False,0,car,0 days 00:45:28.331000,0 days 01:41:04.939000
2024-05-19 13:48:45.125,10314,207,5,100,False,0,car,0 days 00:45:28.531000,0 days 01:41:05.139000
2024-05-19 13:48:45.445,10843,213,5,100,False,0,car,0 days 00:45:28.851000,0 days 01:41:05.459000
2024-05-19 13:48:45.645,11074,216,5,100,False,0,car,0 days 00:45:29.051000,0 days 01:41:05.659000
2024-05-19 13:48:45.924,11322,220,5,100,False,0,car,0 days 00:45:29.330000,0 days 01:41:05.938000
2024-05-19 13:48:46.124,11363,223,5,100,False,0,car,0 days 00:45:29.530000,0 days 01:41:06.138000
2024-05-19 13:48:46.324,11484,225,5,99,False,0,car,0 days 00:45:29.730000,0 days 01:41:06.338000
2024-05-19 13:48:46.724,10494,209,5,0,True,0,car,0 days 00:45:30.130000,0 days 01:41:06.738000
2024-05-19 13:48:47.084,10481,181,5,0,True,0,car,0 days 00:45:30.490000,0 days 01:41:07.098000
2024-05-19 13:48:47.244,10578,163,5,0,True,0,car,0 days 00:45:30.650000,0 days 01:41:07.258000
2024-05-19 13:48:47.484,10137,150,3,0,True,0,car,0 days 00:45:30.890000,0 days 01:41:07.498000
2024-05-19 13:48:47.804,8998,128,3,0,True,0,car,0 days 00:45:31.210000,0 days 01:41:07.818000
2024-05-19 13:48:48.044,8447,121,3,0,True,0,car,0 days 00:45:31.450000,0 days 01:41:08.058000
2024-05-19 13:48:48.404,7780,111,3,0,True,0,car,0 days 00:45:31.810000,0 days 01:41:08.418000
2024-05-19 13:48:48.604,7483,108,3,0,True,0,car,0 days 00:45:32.010000,0 days 01:41:08.618000
2024-05-19 13:48:48.924,7179,103,3,0,False,0,car,0 days 00:45:32.330000,0 days 01:41:08.938000
2024-05-19 13:48:49.124,6887,99,3,0,False,0,car,0 days 00:45:32.530000,0 days 01:41:09.138000
2024-05-19 13:48:49.324,6973,94,3,0,False,0,car,0 days 00:45:32.730000,0 days 01:41:09.338000
2024-05-19 13:48:49.565,7170,94,3,25,False,0,car,0 days 00:45:32.971000,0 days 01:41:09.579000
2024-05-19 13:48:49.845,7312,97,3,26,False,0,car,0 days 00:45:33.251000,0 days 01:41:09.859000
2024-05-19 13:48:50.205,7664,102,3,35,False,0,car,0 days 00:45:33.611000,0 days 01:41:10.219000
2024-05-19 13:48:50.645,8465,107,3,55,False,0,car,0 days 00:45:34.051000,0 days 01:41:10.659000
2024-05-19 13:48:50.845,8781,115,3,61,False,0,car,0 days 00:45:34.251000,0 days 01:41:10.859000
2024-05-19 13:48:51.165,9670,126,3,84,False,0,car,0 days 00:45:34.571000,0 days 01:41:11.179000
2024-05-19 13:48:51.485,11045,134,3,100,False,0,car,0 days 00:45:34.891000,0 days 01:41:11.499000
2024-05-19 13:48:51.645,11521,149,3,100,False,0,car,0 days 00:45:35.051000,0 days 01:41:11.659000
2024-05-19 13:48:51.805,11477,158,3,100,False,0,car,0 days 00:45:35.211000,0 days 01:41:11.819000
2024-05-19 13:48:52.125,10659,170,4,100,False,0,car,0 days 00:45:35.531000,0 days 01:41:12.139000
2024-05-19 13:48:52.365,11050,178,4,100,False,0,car,0 days 00:45:35.771000,0 days 01:41:12.379000
2024-05-19 13:48:52.724,11328,193,4,100,False,0,car,0 days 00:45:36.130000,0 days 01:41:12.738000
2024-05-19 13:48:53.124,10709,205,5,100,False,0,car,0 days 00:45:36.530000,0 days 01:41:13.138000
2024-05-19 13:48:53.404,11018,214,5,100,False,0,car,0 days 00:45:36.810000,0 days 01:41:13.418000
2024-05-19 13:48:53.724,11377,222,5,100,False,0,car,0 days 00:45:37.130000,0 days 01:41:13.738000
2024-05-19 13:48:53.884,11656,224,5,100,False,0,car,0 days 00:45:37.290000,0 days 01:41:13.898000
2024-05-19 13:48:54.164,10985,231,5,100,False,0,car,0 days 00:45:37.570000,0 days 01:41:14.178000
2024-05-19 13:48:54.524,10819,240,6,100,False,0,car,0 days 00:45:37.930000,0 days 01:41:14.538000
2024-05-19 13:48:54.964,11111,248,6,100,False,0,car,0 days 00:45:38.370000,0 days 01:41:14.978000
2024-05-19 13:48:55.324,11333,254,6,100,False,0,car,0 days 00:45:38.730000,0 days 01:41:15.338000
2024-05-19 13:48:55.684,11546,258,6,100,False,0,car,0 days 00:45:39.090000,0 days 01:41:15.698000
2024-05-19 13:48:55.924,11522,259,6,100,False,0,car,0 days 00:45:39.330000,0 days 01:41:15.938000
2024-05-19 13:48:56.125,10402,261,6,100,False,0,car,0 days 00:45:39.531000,0 days 01:41:16.139000
2024-05-19 13:48:56.405,10451,263,7,100,False,0,car,0 days 00:45:39.811000,0 days 01:41:16.419000
2024-05-19 13:48:56.565,10471,263,7,100,False,0,car,0 days 00:45:39.971000,0 days 01:41:16.579000
2024-05-19 13:48:56.845,10535,265,7,100,False,0,car,0 days 00:45:40.251000,0 days 01:41:16.859000
2024-05-19 13:48:57.045,10640,267,7,100,False,0,car,0 days 00:45:40.451000,0 days 01:41:17.059000
2024-05-19 13:48:57.245,10670,268,7,100,False,0,car,0 days 00:45:40.651000,0 days 01:41:17.259000
2024-05-19 13:48:57.565,10646,268,7,100,False,0,car,0 days 00:45:40.971000,0 days 01:41:17.579000
2024-05-19 13:48:57.805,10681,269,7,100,False,0,car,0 days 00:45:41.211000,0 days 01:41:17.819000
2024-05-19 13:48:58.045,10705,270,7,100,False,0,car,0 days 00:45:41.451000,0 days 01:41:18.059000
2024-05-19 13:48:58.285,10623,270,7,100,False,0,car,0 days 00:45:41.691000,0 days 01:41:18.299000
2024-05-19 13:48:58.525,10702,268,7,47,True,0,car,0 days 00:45:41.931000,0 days 01:41:18.539000
2024-05-19 13:48:58.725,9967,254,7,0,True,0,car,0 days 00:45:42.131000,0 days 01:41:18.739000
2024-05-19 13:48:59.005,10047,230,7,0,True,0,car,0 days 00:45:42.411000,0 days 01:41:19.019000
2024-05-19 13:48:59.285,10426,215,6,0,True,0,car,0 days 00:45:42.691000,0 days 01:41:19.299000
2024-05-19 13:48:59.564,10095,203,5,2,True,0,car,0 days 00:45:42.970000,0 days 01:41:19.578000
2024-05-19 13:48:59.804,9839,197,5,7,False,0,car,0 days 00:45:43.210000,0 days 01:41:19.818000
2024-05-19 13:49:00.004,9980,193,5,48,False,0,car,0 days 00:45:43.410000,0 days 01:41:20.018000
2024-05-19 13:49:00.204,10169,194,5,72,False,0,car,0 days 00:45:43.610000,0 days 01:41:20.218000
2024-05-19 13:49:00.524,10280,196,5,93,False,0,car,0 days 00:45:43.930000,0 days 01:41:20.538000
2024-05-19 13:49:00.804,10881,208,5,100,False,0,car,0 days 00:45:44.210000,0 days 01:41:20.818000
2024-05-19 13:49:01.084,11243,213,5,100,False,0,car,0 days 00:45:44.490000,0 days 01:41:21.098000
2024-05-19 13:49:01.324,11453,218,5,100,False,0,car,0 days 00:45:44.730000,0 days 01:41:21.338000
2024-05-19 13:49:01.484,11312,223,5,100,False,0,car,0 days 00:45:44.890000,0 days 01:41:21.498000
2024-05-19 13:49:01.724,10516,229,6,100,False,0,car,0 days 00:45:45.130000,0 days 01:41:21.738000
2024-05-19 13:49:02.084,10769,235,6,100,False,0,car,0 days 00:45:45.490000,0 days 01:41:22.098000
2024-05-19 13:49:02.364,11022,242,6,100,False,0,car,0 days 00:45:45.770000,0 days 01:41:22.378000
2024-05-19 13:49:02.564,11094,246,6,100,False,0,car,0 days 00:45:45.970000,0 days 01:41:22.578000
2024-05-19 13:49:02.845,11229,249,6,100,False,0,car,0 days 00:45:46.251000,0 days 01:41:22.859000
2024-05-19 13:49:03.085,11390,253,6,100,False,0,car,0 days 00:45:46.491000,0 days 01:41:23.099000
2024-05-19 13:49:03.405,11504,256,6,100,False,0,car,0 days 00:45:46.811000,0 days 01:41:23.419000
2024-05-19 13:49:03.645,11591,260,6,100,False,0,car,0 days 00:45:47.051000,0 days 01:41:23.659000
2024-05-19 13:49:03.885,10450,262,7,100,False,0,car,0 days 00:45:47.291000,0 days 01:41:23.899000
2024-05-19 13:49:04.205,10555,266,7,100,False,0,car,0 days 00:45:47.611000,0 days 01:41:24.219000
2024-05-19 13:49:04.645,10632,268,7,100,False,0,car,0 days 00:45:48.051000,0 days 01:41:24.659000
2024-05-19 13:49:04.965,10700,270,7,100,False,0,car,0 days 00:45:48.371000,0 days 01:41:24.979000
2024-05-19 13:49:05.205,10794,268,7,5,False,0,car,0 days 00:45:48.611000,0 days 01:41:25.219000
2024-05-19 13:49:05.485,10150,264,7,0,False,0,car,0 days 00:45:48.891000,0 days 01:41:25.499000
2024-05-19 13:49:05.685,10042,264,7,0,False,0,car,0 days 00:45:49.091000,0 days 01:41:25.699000
2024-05-19 13:49:05.845,9886,254,7,0,False,0,car,0 days 00:45:49.251000,0 days 01:41:25.859000
2024-05-19 13:49:06.164,9483,246,7,0,True,0,car,0 days 00:45:49.570000,0 days 01:41:26.178000
2024-05-19 13:49:06.524,10287,218,7,0,True,0,car,0 days 00:45:49.930000,0 days 01:41:26.538000
2024-05-19 13:49:06.724,9890,198,7,0,True,0,car,0 days 00:45:50.130000,0 days 01:41:26.738000
2024-05-19 13:49:06.924,10705,183,5,0,True,0,car,0 days 00:45:50.330000,0 days 01:41:26.938000
2024-05-19 13:49:07.124,9901,168,4,0,True,0,car,0 days 00:45:50.530000,0 days 01:41:27.138000
2024-05-19 13:49:07.284,9225,162,4,0,True,0,car,0 days 00:45:50.690000,0 days 01:41:27.298000
2024-05-19 13:49:07.484,8697,151,4,0,True,0,car,0 days 00:45:50.890000,0 days 01:41:27.498000
2024-05-19 13:49:07.644,8383,143,4,0,True,0,car,0 days 00:45:51.050000,0 days 01:41:27.658000
2024-05-19 13:49:07.884,8008,139,4,0,True,0,car,0 days 00:45:51.290000,0 days 01:41:27.898000
2024-05-19 13:49:08.164,7826,135,4,0,False,0,car,0 days 00:45:51.570000,0 days 01:41:28.178000
2024-05-19 13:49:08.324,7835,129,4,5,False,0,car,0 days 00:45:51.730000,0 days 01:41:28.338000
2024-05-19 13:49:08.564,7815,126,4,29,False,0,car,0 days 00:45:51.970000,0 days 01:41:28.578000
2024-05-19 13:49:08.724,7835,127,4,37,False,0,car,0 days 00:45:52.130000,0 days 01:41:28.738000
2024-05-19 13:49:08.964,8160,131,4,64,False,0,car,0 days 00:45:52.370000,0 days 01:41:28.978000
2024-05-19 13:49:09.205,8498,138,4,84,False,0,car,0 days 00:45:52.611000,0 days 01:41:29.219000
2024-05-19 13:49:09.405,9316,146,4,96,False,0,car,0 days 00:45:52.811000,0 days 01:41:29.419000
2024-05-19 13:49:09.805,10130,161,4,100,False,0,car,0 days 00:45:53.211000,0 days 01:41:29.819000
2024-05-19 13:49:10.165,10432,172,4,100,False,0,car,0 days 00:45:53.571000,0 days 01:41:30.179000
2024-05-19 13:49:10.405,11194,183,4,100,False,0,car,0 days 00:45:53.811000,0 days 01:41:30.419000
2024-05-19 13:49:10.645,11544,190,4,100,False,0,car,0 days 00:45:54.051000,0 days 01:41:30.659000
2024-05-19 13:49:10.965,10403,196,4,100,False,0,car,0 days 00:45:54.371000,0 days 01:41:30.979000
2024-05-19 13:49:11.245,10754,208,5,100,False,0,car,0 days 00:45:54.651000,0 days 01:41:31.259000
2024-05-19 13:49:11.485,11060,214,5,100,False,0,car,0 days 00:45:54.891000,0 days 01:41:31.499000
2024-05-19 13:49:11.645,11437,219,5,100,False,0,car,0 days 00:45:55.051000,0 days 01:41:31.659000
2024-05-19 13:49:12.125,11357,232,5,100,False,0,car,0 days 00:45:55.531000,0 days 01:41:32.139000
2024-05-19 13:49:12.445,10751,238,6,100,False,0,car,0 days 00:45:55.851000,0 days 01:41:32.459000
2024-05-19 13:49:12.685,10940,241,6,100,False,0,car,0 days 00:45:56.091000,0 days 01:41:32.699000
2024-05-19 13:49:13.124,11213,250,6,100,False,0,car,0 days 00:45:56.530000,0 days 01:41:33.138000
2024-05-19 13:49:13.524,11452,255,6,100,False,0,car,0 days 00:45:56.930000,0 days 01:41:33.538000
2024-05-19 13:49:13.804,11367,257,6,100,False,0,car,0 days 00:45:57.210000,0 days 01:41:33.818000
2024-05-19 13:49:14.084,11520,258,6,100,False,0,car,0 days 00:45:57.490000,0 days 01:41:34.098000
2024-05-19 13:49:14.324,11504,259,6,100,False,0,car,0 days 00:45:57.730000,0 days 01:41:34.338000
2024-05-19 13:49:14.804,11567,260,6,100,False,0,car,0 days 00:45:58.210000,0 days 01:41:34.818000
2024-05-19 13:49:14.964,11471,260,6,30,False,0,car,0 days 00:45:58.370000,0 days 01:41:34.978000
2024-05-19 13:49:15.124,11362,255,6,4,False,0,car,0 days 00:45:58.530000,0 days 01:41:35.138000
2024-05-19 13:49:15.324,10942,238,6,0,True,0,car,0 days 00:45:58.730000,0 days 01:41:35.338000
2024-05-19 13:49:15.484,9857,238,6,0,True,0,car,0 days 00:45:58.890000,0 days 01:41:35.498000
2024-05-19 13:49:15.725,9925,196,6,0,True,0,car,0 days 00:45:59.131000,0 days 01:41:35.739000
2024-05-19 13:49:15.885,9754,187,6,0,True,0,car,0 days 00:45:59.291000,0 days 01:41:35.899000
2024-05-19 13:49:16.205,9557,153,4,0,True,0,car,0 days 00:45:59.611000,0 days 01:41:36.219000
2024-05-19 13:49:16.645,7804,133,4,0,True,0,car,0 days 00:46:00.051000,0 days 01:41:36.659000
2024-05-19 13:49:16.805,7281,125,4,0,True,0,car,0 days 00:46:00.211000,0 days 01:41:36.819000
2024-05-19 13:49:17.045,7011,119,4,0,True,0,car,0 days 00:46:00.451000,0 days 01:41:37.059000
2024-05-19 13:49:17.325,6607,113,4,0,False,0,car,0 days 00:46:00.731000,0 days 01:41:37.339000
2024-05-19 13:49:17.525,6952,111,4,0,False,0,car,0 days 00:46:00.931000,0 days 01:41:37.539000
2024-05-19 13:49:17.845,7831,108,3,0,True,0,car,0 days 00:46:01.251000,0 days 01:41:37.859000
2024-05-19 13:49:18.165,7415,101,3,0,False,0,car,0 days 00:46:01.571000,0 days 01:41:38.179000
2024-05-19 13:49:18.485,7402,99,3,14,False,0,car,0 days 00:46:01.891000,0 days 01:41:38.499000
2024-05-19 13:49:18.725,7594,99,3,23,False,0,car,0 days 00:46:02.131000,0 days 01:41:38.739000
2024-05-19 13:49:18.925,7710,102,3,37,False,0,car,0 days 00:46:02.331000,0 days 01:41:38.939000
2024-05-19 13:49:19.245,8504,109,3,59,False,0,car,0 days 00:46:02.651000,0 days 01:41:39.259000
2024-05-19 13:49:19.405,8828,115,3,63,False,0,car,0 days 00:46:02.811000,0 days 01:41:39.419000
2024-05-19 13:49:19.684,9800,123,3,78,False,0,car,0 days 00:46:03.090000,0 days 01:41:39.698000
2024-05-19 13:49:20.044,10413,140,3,88,False,0,car,0 days 00:46:03.450000,0 days 01:41:40.058000
2024-05-19 13:49:20.284,9594,149,4,100,False,0,car,0 days 00:46:03.690000,0 days 01:41:40.298000
2024-05-19 13:49:20.484,10047,154,4,100,False,0,car,0 days 00:46:03.890000,0 days 01:41:40.498000
2024-05-19 13:49:20.764,10665,172,4,100,False,0,car,0 days 00:46:04.170000,0 days 01:41:40.778000
2024-05-19 13:49:20.964,11124,181,4,100,False,0,car,0 days 00:46:04.370000,0 days 01:41:40.978000
2024-05-19 13:49:21.244,11912,188,4,100,False,0,car,0 days 00:46:04.650000,0 days 01:41:41.258000
2024-05-19 13:49:21.484,11060,199,4,100,False,0,car,0 days 00:46:04.890000,0 days 01:41:41.498000
2024-05-19 13:49:21.684,10776,205,5,100,False,0,car,0 days 00:46:05.090000,0 days 01:41:41.698000
2024-05-19 13:49:21.884,11080,211,5,100,False,0,car,0 days 00:46:05.290000,0 days 01:41:41.898000
2024-05-19 13:49:22.044,11238,217,5,100,False,0,car,0 days 00:46:05.450000,0 days 01:41:42.058000
2024-05-19 13:49:22.284,11447,223,5,100,False,0,car,0 days 00:46:05.690000,0 days 01:41:42.298000
2024-05-19 13:49:22.525,11861,230,5,100,False,0,car,0 days 00:46:05.931000,0 days 01:41:42.539000
2024-05-19 13:49:22.805,10743,235,6,100,False,0,car,0 days 00:46:06.211000,0 days 01:41:42.819000
2024-05-19 13:49:22.965,10802,240,6,100,False,0,car,0 days 00:46:06.371000,0 days 01:41:42.979000
2024-05-19 13:49:23.445,11294,249,6,100,False,0,car,0 days 00:46:06.851000,0 days 01:41:43.459000
2024-05-19 13:49:23.885,11495,257,6,100,False,0,car,0 days 00:46:07.291000,0 days 01:41:43.899000
2024-05-19 13:49:24.285,11693,263,6,100,False,0,car,0 days 00:46:07.691000,0 days 01:41:44.299000
2024-05-19 13:49:24.525,10624,267,6,100,False,0,car,0 days 00:46:07.931000,0 days 01:41:44.539000
2024-05-19 13:49:24.965,10822,272,7,100,False,0,car,0 days 00:46:08.371000,0 days 01:41:44.979000
2024-05-19 13:49:25.365,11000,277,7,100,False,0,car,0 days 00:46:08.771000,0 days 01:41:45.379000
2024-05-19 13:49:25.725,11153,282,7,100,False,0,car,0 days 00:46:09.131000,0 days 01:41:45.739000
2024-05-19 13:49:26.005,11256,284,7,100,False,0,car,0 days 00:46:09.411000,0 days 01:41:46.019000
2024-05-19 13:49:26.244,11357,285,7,100,False,0,car,0 days 00:46:09.650000,0 days 01:41:46.258000
2024-05-19 13:49:26.484,11463,287,7,100,False,0,car,0 days 00:46:09.890000,0 days 01:41:46.498000
2024-05-19 13:49:26.644,11462,289,7,100,False,0,car,0 days 00:46:10.050000,0 days 01:41:46.658000
2024-05-19 13:49:27.004,11518,292,7,100,False,0,car,0 days 00:46:10.410000,0 days 01:41:47.018000
2024-05-19 13:49:27.364,11664,296,7,100,False,0,car,0 days 00:46:10.770000,0 days 01:41:47.378000
2024-05-19 13:49:27.524,11690,295,7,100,False,0,car,0 days 00:46:10.930000,0 days 01:41:47.538000
2024-05-19 13:49:27.724,11788,296,7,100,False,0,car,0 days 00:46:11.130000,0 days 01:41:47.738000
2024-05-19 13:49:27.884,11645,296,7,99,False,0,car,0 days 00:46:11.290000,0 days 01:41:47.898000
2024-05-19 13:49:28.164,11630,294,7,5,False,0,car,0 days 00:46:11.570000,0 days 01:41:48.178000
2024-05-19 13:49:28.404,10844,278,7,0,False,0,car,0 days 00:46:11.810000,0 days 01:41:48.418000
2024-05-19 13:49:28.844,9341,232,7,0,True,0,car,0 days 00:46:12.250000,0 days 01:41:48.858000
2024-05-19 13:49:29.085,10004,209,7,0,True,0,car,0 days 00:46:12.491000,0 days 01:41:49.099000
2024-05-19 13:49:29.325,10067,177,7,0,True,0,car,0 days 00:46:12.731000,0 days 01:41:49.339000
2024-05-19 13:49:29.725,10454,153,4,0,True,0,car,0 days 00:46:13.131000,0 days 01:41:49.739000
2024-05-19 13:49:30.045,9426,130,3,0,True,0,car,0 days 00:46:13.451000,0 days 01:41:50.059000
2024-05-19 13:49:30.365,8640,121,3,0,True,0,car,0 days 00:46:13.771000,0 days 01:41:50.379000
2024-05-19 13:49:30.565,8037,115,3,0,True,0,car,0 days 00:46:13.971000,0 days 01:41:50.579000
2024-05-19 13:49:30.885,7558,111,3,0,False,0,car,0 days 00:46:14.291000,0 days 01:41:50.899000
2024-05-19 13:49:31.125,7796,105,3,14,False,0,car,0 days 00:46:14.531000,0 days 01:41:51.139000
2024-05-19 13:49:31.365,8236,107,3,45,False,0,car,0 days 00:46:14.771000,0 days 01:41:51.379000
2024-05-19 13:49:31.725,8489,116,3,53,False,0,car,0 days 00:46:15.131000,0 days 01:41:51.739000
2024-05-19 13:49:32.125,9517,129,3,80,False,0,car,0 days 00:46:15.531000,0 days 01:41:52.139000
2024-05-19 13:49:32.605,9993,151,3,100,False,0,car,0 days 00:46:16.011000,0 days 01:41:52.619000
2024-05-19 13:49:32.765,9606,155,4,100,False,0,car,0 days 00:46:16.171000,0 days 01:41:52.779000
2024-05-19 13:49:33.004,9431,161,4,10,False,0,car,0 days 00:46:16.410000,0 days 01:41:53.018000
2024-05-19 13:49:33.244,8845,155,4,0,True,0,car,0 days 00:46:16.650000,0 days 01:41:53.258000
2024-05-19 13:49:33.404,8915,149,4,0,True,0,car,0 days 00:46:16.810000,0 days 01:41:53.418000
2024-05-19 13:49:33.844,8460,142,4,0,False,0,car,0 days 00:46:17.250000,0 days 01:41:53.858000
2024-05-19 13:49:34.044,8326,138,4,0,False,0,car,0 days 00:46:17.450000,0 days 01:41:54.058000
2024-05-19 13:49:34.284,8390,135,4,18,False,0,car,0 days 00:46:17.690000,0 days 01:41:54.298000
2024-05-19 13:49:34.644,8612,138,4,55,False,0,car,0 days 00:46:18.050000,0 days 01:41:54.658000
2024-05-19 13:49:34.924,9228,146,4,76,False,0,car,0 days 00:46:18.330000,0 days 01:41:54.938000
2024-05-19 13:49:35.124,9357,151,4,78,False,0,car,0 days 00:46:18.530000,0 days 01:41:55.138000
2024-05-19 13:49:35.404,10188,162,4,99,False,0,car,0 days 00:46:18.810000,0 days 01:41:55.418000
2024-05-19 13:49:35.685,10853,170,4,100,False,0,car,0 days 00:46:19.091000,0 days 01:41:55.699000
2024-05-19 13:49:35.925,11304,182,4,100,False,0,car,0 days 00:46:19.331000,0 days 01:41:55.939000
2024-05-19 13:49:36.325,10595,196,4,100,False,0,car,0 days 00:46:19.731000,0 days 01:41:56.339000
2024-05-19 13:49:36.525,10468,202,5,100,False,0,car,0 days 00:46:19.931000,0 days 01:41:56.539000
2024-05-19 13:49:36.805,10969,206,5,100,False,0,car,0 days 00:46:20.211000,0 days 01:41:56.819000
2024-05-19 13:49:37.165,11293,220,5,100,False,0,car,0 days 00:46:20.571000,0 days 01:41:57.179000
2024-05-19 13:49:37.485,11534,228,5,100,False,0,car,0 days 00:46:20.891000,0 days 01:41:57.499000
2024-05-19 13:49:37.765,10569,234,5,100,False,0,car,0 days 00:46:21.171000,0 days 01:41:57.779000
2024-05-19 13:49:38.085,10977,241,6,100,False,0,car,0 days 00:46:21.491000,0 days 01:41:58.099000
2024-05-19 13:49:38.245,11012,245,6,100,False,0,car,0 days 00:46:21.651000,0 days 01:41:58.259000
2024-05-19 13:49:38.525,11201,250,6,100,False,0,car,0 days 00:46:21.931000,0 days 01:41:58.539000
2024-05-19 13:49:38.685,11341,252,6,100,False,0,car,0 days 00:46:22.091000,0 days 01:41:58.699000
2024-05-19 13:49:38.845,11414,256,6,100,False,0,car,0 days 00:46:22.251000,0 days 01:41:58.859000
2024-05-19 13:49:39.165,11613,260,6,100,False,0,car,0 days 00:46:22.571000,0 days 01:41:59.179000
2024-05-19 13:49:39.405,10568,265,7,100,False,0,car,0 days 00:46:22.811000,0 days 01:41:59.419000
2024-05-19 13:49:39.605,10679,267,7,100,False,0,car,0 days 00:46:23.011000,0 days 01:41:59.619000
2024-05-19 13:49:39.764,10729,268,7,100,False,0,car,0 days 00:46:23.170000,0 days 01:41:59.778000
2024-05-19 13:49:40.004,10869,272,7,100,False,0,car,0 days 00:46:23.410000,0 days 01:42:00.018000
2024-05-19 13:49:40.244,10961,272,7,100,False,0,car,0 days 00:46:23.650000,0 days 01:42:00.258000
2024-05-19 13:49:40.644,11049,280,7,100,False,0,car,0 days 00:46:24.050000,0 days 01:42:00.658000
2024-05-19 13:49:40.844,11137,282,7,100,False,0,car,0 days 00:46:24.250000,0 days 01:42:00.858000
2024-05-19 13:49:41.044,11244,283,7,100,False,0,car,0 days 00:46:24.450000,0 days 01:42:01.058000
2024-05-19 13:49:41.484,11396,288,7,100,False,0,car,0 days 00:46:24.890000,0 days 01:42:01.498000
2024-05-19 13:49:41.724,11430,291,7,100,False,0,car,0 days 00:46:25.130000,0 days 01:42:01.738000
2024-05-19 13:49:42.004,11543,291,7,100,False,0,car,0 days 00:46:25.410000,0 days 01:42:02.018000
2024-05-19 13:49:42.285,11527,294,7,100,False,0,car,0 days 00:46:25.691000,0 days 01:42:02.299000
2024-05-19 13:49:42.725,10593,297,8,100,False,0,car,0 days 00:46:26.131000,0 days 01:42:02.739000
2024-05-19 13:49:43.005,10697,299,8,100,False,0,car,0 days 00:46:26.411000,0 days 01:42:03.019000
2024-05-19 13:49:43.325,10722,301,8,100,False,0,car,0 days 00:46:26.731000,0 days 01:42:03.339000
2024-05-19 13:49:43.525,10768,302,8,100,False,0,car,0 days 00:46:26.931000,0 days 01:42:03.539000
2024-05-19 13:49:43.685,10742,302,8,100,False,0,car,0 days 00:46:27.091000,0 days 01:42:03.699000
2024-05-19 13:49:43.885,10757,304,8,100,False,0,car,0 days 00:46:27.291000,0 days 01:42:03.899000
2024-05-19 13:49:44.085,10884,304,8,100,False,0,car,0 days 00:46:27.491000,0 days 01:42:04.099000
2024-05-19 13:49:44.245,10841,305,8,100,False,0,car,0 days 00:46:27.651000,0 days 01:42:04.259000
2024-05-19 13:49:44.445,10879,306,8,100,False,0,car,0 days 00:46:27.851000,0 days 01:42:04.459000
2024-05-19 13:49:44.685,10930,307,8,100,False,0,car,0 days 00:46:28.091000,0 days 01:42:04.699000
2024-05-19 13:49:44.965,10950,308,8,100,False,0,car,0 days 00:46:28.371000,0 days 01:42:04.979000
2024-05-19 13:49:45.125,10934,309,8,100,False,0,car,0 days 00:46:28.531000,0 days 01:42:05.139000
2024-05-19 13:49:45.405,10970,309,8,100,False,0,car,0 days 00:46:28.811000,0 days 01:42:05.419000
2024-05-19 13:49:45.565,10993,309,8,100,False,0,car,0 days 00:46:28.971000,0 days 01:42:05.579000
2024-05-19 13:49:45.805,11031,309,8,100,False,0,car,0 days 00:46:29.211000,0 days 01:42:05.819000
2024-05-19 13:49:46.085,11028,311,8,100,False,0,car,0 days 00:46:29.491000,0 days 01:42:06.099000
2024-05-19 13:49:46.325,11060,312,8,100,False,0,car,0 days 00:46:29.731000,0 days 01:42:06.339000
2024-05-19 13:49:46.524,11060,312,8,100,False,0,car,0 days 00:46:29.930000,0 days 01:42:06.538000
2024-05-19 13:49:46.804,11074,313,8,100,False,0,car,0 days 00:46:30.210000,0 days 01:42:06.818000
2024-05-19 13:49:47.044,11029,313,8,100,False,0,car,0 days 00:46:30.450000,0 days 01:42:07.058000
2024-05-19 13:49:47.204,11029,313,8,100,False,0,car,0 days 00:46:30.610000,0 days 01:42:07.218000
2024-05-19 13:49:47.484,11148,313,8,100,False,0,car,0 days 00:46:30.890000,0 days 01:42:07.498000
2024-05-19 13:49:47.724,11137,314,8,100,False,0,car,0 days 00:46:31.130000,0 days 01:42:07.738000
2024-05-19 13:49:48.044,11149,314,8,100,False,0,car,0 days 00:46:31.450000,0 days 01:42:08.058000
2024-05-19 13:49:48.444,11124,314,8,100,False,0,car,0 days 00:46:31.850000,0 days 01:42:08.458000
2024-05-19 13:49:48.765,11158,315,8,100,False,0,car,0 days 00:46:32.171000,0 days 01:42:08.779000
2024-05-19 13:49:49.125,11158,316,8,100,False,0,car,0 days 00:46:32.531000,0 days 01:42:09.139000
2024-05-19 13:49:49.365,11187,316,8,100,False,0,car,0 days 00:46:32.771000,0 days 01:42:09.379000
2024-05-19 13:49:49.645,11224,316,8,100,False,0,car,0 days 00:46:33.051000,0 days 01:42:09.659000
2024-05-19 13:49:49.965,11181,315,8,17,False,0,car,0 days 00:46:33.371000,0 days 01:42:09.979000
2024-05-19 13:49:50.125,10770,309,8,0,False,0,car,0 days 00:46:33.531000,0 days 01:42:10.139000
2024-05-19 13:49:50.285,10630,306,8,0,True,0,car,0 days 00:46:33.691000,0 days 01:42:10.299000
2024-05-19 13:49:50.605,9496,270,8,0,True,0,car,0 days 00:46:34.011000,0 days 01:42:10.619000
2024-05-19 13:49:50.965,10046,235,8,0,True,0,car,0 days 00:46:34.371000,0 days 01:42:10.979000
2024-05-19 13:49:51.405,9528,195,7,0,True,0,car,0 days 00:46:34.811000,0 days 01:42:11.419000
2024-05-19 13:49:51.645,10088,174,5,0,True,0,car,0 days 00:46:35.051000,0 days 01:42:11.659000
2024-05-19 13:49:52.045,9541,169,4,0,True,0,car,0 days 00:46:35.451000,0 days 01:42:12.059000
2024-05-19 13:49:52.285,9003,152,4,1,False,0,car,0 days 00:46:35.691000,0 days 01:42:12.299000
2024-05-19 13:49:52.565,8930,147,4,37,False,0,car,0 days 00:46:35.971000,0 days 01:42:12.579000
2024-05-19 13:49:52.765,9165,148,4,62,False,0,car,0 days 00:46:36.171000,0 days 01:42:12.779000
2024-05-19 13:49:52.965,9304,152,4,67,False,0,car,0 days 00:46:36.371000,0 days 01:42:12.979000
2024-05-19 13:49:53.364,9968,166,4,71,False,0,car,0 days 00:46:36.770000,0 days 01:42:13.378000
2024-05-19 13:49:53.644,8531,169,5,39,False,0,car,0 days 00:46:37.050000,0 days 01:42:13.658000
2024-05-19 13:49:53.924,8740,167,5,51,False,0,car,0 days 00:46:37.330000,0 days 01:42:13.938000
2024-05-19 13:49:54.204,9162,173,5,75,False,0,car,0 days 00:46:37.610000,0 days 01:42:14.218000
2024-05-19 13:49:54.364,9162,175,5,84,False,0,car,0 days 00:46:37.770000,0 days 01:42:14.378000
2024-05-19 13:49:54.604,9728,184,5,100,False,0,car,0 days 00:46:38.010000,0 days 01:42:14.618000
2024-05-19 13:49:54.924,10004,193,5,100,False,0,car,0 days 00:46:38.330000,0 days 01:42:14.938000
2024-05-19 13:49:55.084,10313,197,5,100,False,0,car,0 days 00:46:38.490000,0 days 01:42:15.098000
2024-05-19 13:49:55.285,10453,203,5,100,False,0,car,0 days 00:46:38.691000,0 days 01:42:15.299000
2024-05-19 13:49:55.445,10910,209,5,100,False,0,car,0 days 00:46:38.851000,0 days 01:42:15.459000
2024-05-19 13:49:55.605,11021,214,5,100,False,0,car,0 days 00:46:39.011000,0 days 01:42:15.619000
2024-05-19 13:49:55.925,11560,221,5,100,False,0,car,0 days 00:46:39.331000,0 days 01:42:15.939000
2024-05-19 13:49:56.365,10495,229,6,100,False,0,car,0 days 00:46:39.771000,0 days 01:42:16.379000
2024-05-19 13:49:56.685,10741,234,6,100,False,0,car,0 days 00:46:40.091000,0 days 01:42:16.699000
2024-05-19 13:49:56.885,10978,239,6,100,False,0,car,0 days 00:46:40.291000,0 days 01:42:16.899000
2024-05-19 13:49:57.205,11138,246,6,100,False,0,car,0 days 00:46:40.611000,0 days 01:42:17.219000
2024-05-19 13:49:57.405,11238,248,6,100,False,0,car,0 days 00:46:40.811000,0 days 01:42:17.419000
2024-05-19 13:49:57.605,11376,253,6,100,False,0,car,0 days 00:46:41.011000,0 days 01:42:17.619000
2024-05-19 13:49:57.925,11519,258,6,100,False,0,car,0 days 00:46:41.331000,0 days 01:42:17.939000
2024-05-19 13:49:58.205,11694,261,6,100,False,0,car,0 days 00:46:41.611000,0 days 01:42:18.219000
2024-05-19 13:49:58.605,10670,268,7,100,False,0,car,0 days 00:46:42.011000,0 days 01:42:18.619000
2024-05-19 13:49:58.845,10764,270,7,100,False,0,car,0 days 00:46:42.251000,0 days 01:42:18.859000
2024-05-19 13:49:59.005,10814,273,7,100,False,0,car,0 days 00:46:42.411000,0 days 01:42:19.019000
2024-05-19 13:49:59.165,10814,274,7,100,False,0,car,0 days 00:46:42.571000,0 days 01:42:19.179000
2024-05-19 13:49:59.325,10826,274,7,100,False,0,car,0 days 00:46:42.731000,0 days 01:42:19.339000
2024-05-19 13:49:59.565,10826,275,7,100,False,0,car,0 days 00:46:42.971000,0 days 01:42:19.579000
2024-05-19 13:49:59.805,10971,278,7,100,False,0,car,0 days 00:46:43.211000,0 days 01:42:19.819000
2024-05-19 13:50:00.084,10971,279,7,100,False,0,car,0 days 00:46:43.490000,0 days 01:42:20.098000
2024-05-19 13:50:00.244,10971,279,7,100,False,0,car,0 days 00:46:43.650000,0 days 01:42:20.258000
2024-05-19 13:50:00.484,11050,279,7,100,False,0,car,0 days 00:46:43.890000,0 days 01:42:20.498000
2024-05-19 13:50:00.844,11066,279,7,100,False,0,car,0 days 00:46:44.250000,0 days 01:42:20.858000
2024-05-19 13:50:01.084,10926,279,7,100,False,0,car,0 days 00:46:44.490000,0 days 01:42:21.098000
2024-05-19 13:50:01.524,9965,257,7,0,True,0,car,0 days 00:46:44.930000,0 days 01:42:21.538000
2024-05-19 13:50:01.764,10022,251,7,0,True,0,car,0 days 00:46:45.170000,0 days 01:42:21.778000
2024-05-19 13:50:01.965,10177,234,6,0,True,0,car,0 days 00:46:45.371000,0 days 01:42:21.979000
2024-05-19 13:50:02.325,9675,218,6,0,True,0,car,0 days 00:46:45.731000,0 days 01:42:22.339000
2024-05-19 13:50:02.485,9597,218,6,0,True,0,car,0 days 00:46:45.891000,0 days 01:42:22.499000
2024-05-19 13:50:02.725,9389,205,6,0,True,0,car,0 days 00:46:46.131000,0 days 01:42:22.739000
2024-05-19 13:50:02.885,9694,196,6,0,True,0,car,0 days 00:46:46.291000,0 days 01:42:22.899000
2024-05-19 13:50:03.245,8723,179,5,0,True,0,car,0 days 00:46:46.651000,0 days 01:42:23.259000
2024-05-19 13:50:03.525,8414,169,5,0,True,0,car,0 days 00:46:46.931000,0 days 01:42:23.539000
2024-05-19 13:50:03.725,8306,167,5,0,False,0,car,0 days 00:46:47.131000,0 days 01:42:23.739000
2024-05-19 13:50:04.085,8568,162,5,62,False,0,car,0 days 00:46:47.491000,0 days 01:42:24.099000
2024-05-19 13:50:04.245,8700,163,5,62,False,0,car,0 days 00:46:47.651000,0 days 01:42:24.259000
2024-05-19 13:50:04.405,9127,166,5,82,False,0,car,0 days 00:46:47.811000,0 days 01:42:24.419000
2024-05-19 13:50:04.645,9121,174,5,95,False,0,car,0 days 00:46:48.051000,0 days 01:42:24.659000
2024-05-19 13:50:04.965,9707,183,5,100,False,0,car,0 days 00:46:48.371000,0 days 01:42:24.979000
2024-05-19 13:50:05.205,10234,192,5,100,False,0,car,0 days 00:46:48.611000,0 days 01:42:25.219000
2024-05-19 13:50:05.405,10346,197,5,100,False,0,car,0 days 00:46:48.811000,0 days 01:42:25.419000
2024-05-19 13:50:05.685,10670,203,5,100,False,0,car,0 days 00:46:49.091000,0 days 01:42:25.699000
2024-05-19 13:50:06.005,10884,214,5,100,False,0,car,0 days 00:46:49.411000,0 days 01:42:26.019000
2024-05-19 13:50:06.245,11001,217,5,100,False,0,car,0 days 00:46:49.651000,0 days 01:42:26.259000
2024-05-19 13:50:06.525,11350,222,5,100,False,0,car,0 days 00:46:49.931000,0 days 01:42:26.539000
2024-05-19 13:50:06.844,11471,225,5,100,False,0,car,0 days 00:46:50.250000,0 days 01:42:26.858000
2024-05-19 13:50:07.044,11562,226,5,100,False,0,car,0 days 00:46:50.450000,0 days 01:42:27.058000
2024-05-19 13:50:07.244,11411,227,5,35,False,0,car,0 days 00:46:50.650000,0 days 01:42:27.258000
2024-05-19 13:50:07.444,10934,217,5,0,True,0,car,0 days 00:46:50.850000,0 days 01:42:27.458000
2024-05-19 13:50:07.604,10166,199,5,0,True,0,car,0 days 00:46:51.010000,0 days 01:42:27.618000
2024-05-19 13:50:07.764,9423,190,5,0,True,0,car,0 days 00:46:51.170000,0 days 01:42:27.778000
2024-05-19 13:50:08.124,10859,156,5,0,True,0,car,0 days 00:46:51.530000,0 days 01:42:28.138000
2024-05-19 13:50:08.365,10084,151,3,0,True,0,car,0 days 00:46:51.771000,0 days 01:42:28.379000
2024-05-19 13:50:09.205,7974,110,3,0,True,0,car,0 days 00:46:52.611000,0 days 01:42:29.219000
2024-05-19 13:50:09.445,7448,104,3,0,True,0,car,0 days 00:46:52.851000,0 days 01:42:29.459000
2024-05-19 13:50:09.645,6984,101,3,0,True,0,car,0 days 00:46:53.051000,0 days 01:42:29.659000
2024-05-19 13:50:09.845,6984,97,3,0,True,0,car,0 days 00:46:53.251000,0 days 01:42:29.859000
2024-05-19 13:50:10.085,6542,94,3,0,False,0,car,0 days 00:46:53.491000,0 days 01:42:30.099000
2024-05-19 13:50:10.285,7052,92,3,18,False,0,car,0 days 00:46:53.691000,0 days 01:42:30.299000
2024-05-19 13:50:10.485,6883,91,3,31,False,0,car,0 days 00:46:53.891000,0 days 01:42:30.499000
2024-05-19 13:50:10.685,7142,93,3,35,False,0,car,0 days 00:46:54.091000,0 days 01:42:30.699000
2024-05-19 13:50:11.125,7773,102,3,49,False,0,car,0 days 00:46:54.531000,0 days 01:42:31.139000
2024-05-19 13:50:11.325,8249,107,3,57,False,0,car,0 days 00:46:54.731000,0 days 01:42:31.339000
2024-05-19 13:50:11.605,8654,116,3,68,False,0,car,0 days 00:46:55.011000,0 days 01:42:31.619000
2024-05-19 13:50:11.805,9525,119,3,76,False,0,car,0 days 00:46:55.211000,0 days 01:42:31.819000
2024-05-19 13:50:12.045,10264,132,3,87,False,0,car,0 days 00:46:55.451000,0 days 01:42:32.059000
2024-05-19 13:50:12.245,10824,132,3,92,False,0,car,0 days 00:46:55.651000,0 days 01:42:32.259000
2024-05-19 13:50:12.525,10445,156,3,100,False,0,car,0 days 00:46:55.931000,0 days 01:42:32.539000
2024-05-19 13:50:12.885,10809,168,4,100,False,0,car,0 days 00:46:56.291000,0 days 01:42:32.899000
2024-05-19 13:50:13.085,10949,176,4,100,False,0,car,0 days 00:46:56.491000,0 days 01:42:33.099000
2024-05-19 13:50:13.284,11303,184,4,100,False,0,car,0 days 00:46:56.690000,0 days 01:42:33.298000
2024-05-19 13:50:13.604,11823,197,4,100,False,0,car,0 days 00:46:57.010000,0 days 01:42:33.618000
2024-05-19 13:50:14.004,10863,206,5,100,False,0,car,0 days 00:46:57.410000,0 days 01:42:34.018000
2024-05-19 13:50:14.164,10934,206,5,100,False,0,car,0 days 00:46:57.570000,0 days 01:42:34.178000
2024-05-19 13:50:14.364,11207,218,5,100,False,0,car,0 days 00:46:57.770000,0 days 01:42:34.378000
2024-05-19 13:50:14.564,11470,223,5,100,False,0,car,0 days 00:46:57.970000,0 days 01:42:34.578000
2024-05-19 13:50:14.724,11708,228,5,100,False,0,car,0 days 00:46:58.130000,0 days 01:42:34.738000
2024-05-19 13:50:14.965,10906,232,5,100,False,0,car,0 days 00:46:58.371000,0 days 01:42:34.979000
2024-05-19 13:50:15.165,10644,235,6,100,False,0,car,0 days 00:46:58.571000,0 days 01:42:35.179000
2024-05-19 13:50:15.485,11028,241,6,100,False,0,car,0 days 00:46:58.891000,0 days 01:42:35.499000
2024-05-19 13:50:15.805,11219,250,6,100,False,0,car,0 days 00:46:59.211000,0 days 01:42:35.819000
2024-05-19 13:50:16.045,11347,253,6,100,False,0,car,0 days 00:46:59.451000,0 days 01:42:36.059000
2024-05-19 13:50:16.365,11538,257,6,100,False,0,car,0 days 00:46:59.771000,0 days 01:42:36.379000
2024-05-19 13:50:16.605,11599,261,6,100,False,0,car,0 days 00:47:00.011000,0 days 01:42:36.619000
2024-05-19 13:50:16.885,10413,262,7,100,False,0,car,0 days 00:47:00.291000,0 days 01:42:36.899000
2024-05-19 13:50:17.205,10520,264,7,100,False,0,car,0 days 00:47:00.611000,0 days 01:42:37.219000
2024-05-19 13:50:17.525,10548,266,7,100,False,0,car,0 days 00:47:00.931000,0 days 01:42:37.539000
2024-05-19 13:50:17.885,10720,268,7,100,False,0,car,0 days 00:47:01.291000,0 days 01:42:37.899000
2024-05-19 13:50:18.205,10702,269,7,100,False,0,car,0 days 00:47:01.611000,0 days 01:42:38.219000
2024-05-19 13:50:18.485,10701,269,7,100,False,0,car,0 days 00:47:01.891000,0 days 01:42:38.499000
2024-05-19 13:50:18.805,10648,269,7,100,False,0,car,0 days 00:47:02.211000,0 days 01:42:38.819000
2024-05-19 13:50:19.165,10684,270,7,100,False,0,car,0 days 00:47:02.571000,0 days 01:42:39.179000
2024-05-19 13:50:19.325,10545,270,7,34,True,0,car,0 days 00:47:02.731000,0 days 01:42:39.339000
2024-05-19 13:50:19.525,10125,253,7,0,True,0,car,0 days 00:47:02.931000,0 days 01:42:39.539000
2024-05-19 13:50:19.805,10233,245,7,0,True,0,car,0 days 00:47:03.211000,0 days 01:42:39.819000
2024-05-19 13:50:20.044,10670,215,7,0,True,0,car,0 days 00:47:03.450000,0 days 01:42:40.058000
2024-05-19 13:50:20.324,10255,206,5,2,False,0,car,0 days 00:47:03.730000,0 days 01:42:40.338000
2024-05-19 13:50:20.564,10116,202,5,11,False,0,car,0 days 00:47:03.970000,0 days 01:42:40.578000
2024-05-19 13:50:20.844,10218,197,5,50,False,0,car,0 days 00:47:04.250000,0 days 01:42:40.858000
2024-05-19 13:50:21.044,10291,197,5,71,False,0,car,0 days 00:47:04.450000,0 days 01:42:41.058000
2024-05-19 13:50:21.444,10572,202,5,94,False,0,car,0 days 00:47:04.850000,0 days 01:42:41.458000
2024-05-19 13:50:21.685,11071,207,5,100,False,0,car,0 days 00:47:05.091000,0 days 01:42:41.699000
2024-05-19 13:50:22.005,11457,220,5,100,False,0,car,0 days 00:47:05.411000,0 days 01:42:42.019000
2024-05-19 13:50:22.285,11387,223,5,100,False,0,car,0 days 00:47:05.691000,0 days 01:42:42.299000
2024-05-19 13:50:22.725,10692,236,6,100,False,0,car,0 days 00:47:06.131000,0 days 01:42:42.739000
2024-05-19 13:50:22.925,10846,239,6,100,False,0,car,0 days 00:47:06.331000,0 days 01:42:42.939000
2024-05-19 13:50:23.125,11005,243,6,100,False,0,car,0 days 00:47:06.531000,0 days 01:42:43.139000
2024-05-19 13:50:23.525,11294,251,6,100,False,0,car,0 days 00:47:06.931000,0 days 01:42:43.539000
2024-05-19 13:50:23.725,11317,255,6,100,False,0,car,0 days 00:47:07.131000,0 days 01:42:43.739000
2024-05-19 13:50:24.045,11625,257,6,100,False,0,car,0 days 00:47:07.451000,0 days 01:42:44.059000
2024-05-19 13:50:24.325,11498,261,6,100,False,0,car,0 days 00:47:07.731000,0 days 01:42:44.339000
2024-05-19 13:50:24.485,11358,263,6,100,False,0,car,0 days 00:47:07.891000,0 days 01:42:44.499000
2024-05-19 13:50:24.765,10603,263,7,100,False,0,car,0 days 00:47:08.171000,0 days 01:42:44.779000
2024-05-19 13:50:24.965,10645,268,7,100,False,0,car,0 days 00:47:08.371000,0 days 01:42:44.979000
2024-05-19 13:50:25.205,10683,270,7,100,False,0,car,0 days 00:47:08.611000,0 days 01:42:45.219000
2024-05-19 13:50:25.365,10751,270,7,100,False,0,car,0 days 00:47:08.771000,0 days 01:42:45.379000
2024-05-19 13:50:25.605,10757,271,7,100,False,0,car,0 days 00:47:09.011000,0 days 01:42:45.619000
2024-05-19 13:50:25.885,10299,271,7,3,True,0,car,0 days 00:47:09.291000,0 days 01:42:45.899000
2024-05-19 13:50:26.285,9978,266,7,0,False,0,car,0 days 00:47:09.691000,0 days 01:42:46.299000
2024-05-19 13:50:26.685,9790,251,7,0,False,0,car,0 days 00:47:10.091000,0 days 01:42:46.699000
2024-05-19 13:50:26.924,9772,242,7,0,True,0,car,0 days 00:47:10.330000,0 days 01:42:46.938000
2024-05-19 13:50:27.324,9520,210,6,0,True,0,car,0 days 00:47:10.730000,0 days 01:42:47.338000
2024-05-19 13:50:27.564,9917,200,5,0,True,0,car,0 days 00:47:10.970000,0 days 01:42:47.578000
2024-05-19 13:50:27.844,9818,165,5,0,True,0,car,0 days 00:47:11.250000,0 days 01:42:47.858000
2024-05-19 13:50:28.165,8647,149,4,0,True,0,car,0 days 00:47:11.571000,0 days 01:42:48.179000
2024-05-19 13:50:28.365,8121,140,4,0,True,0,car,0 days 00:47:11.771000,0 days 01:42:48.379000
2024-05-19 13:50:28.725,7531,129,4,0,False,0,car,0 days 00:47:12.131000,0 days 01:42:48.739000
2024-05-19 13:50:29.085,7471,122,4,14,False,0,car,0 days 00:47:12.491000,0 days 01:42:49.099000
2024-05-19 13:50:29.285,7630,122,4,29,False,0,car,0 days 00:47:12.691000,0 days 01:42:49.299000
2024-05-19 13:50:29.485,7641,123,4,39,False,0,car,0 days 00:47:12.891000,0 days 01:42:49.499000
2024-05-19 13:50:29.765,7949,126,4,67,False,0,car,0 days 00:47:13.171000,0 days 01:42:49.779000
2024-05-19 13:50:30.165,9388,137,4,100,False,0,car,0 days 00:47:13.571000,0 days 01:42:50.179000
2024-05-19 13:50:30.525,9716,157,4,100,False,0,car,0 days 00:47:13.931000,0 days 01:42:50.539000
2024-05-19 13:50:30.685,10152,161,4,100,False,0,car,0 days 00:47:14.091000,0 days 01:42:50.699000
2024-05-19 13:50:30.965,11552,172,4,100,False,0,car,0 days 00:47:14.371000,0 days 01:42:50.979000
2024-05-19 13:50:31.245,11183,183,4,100,False,0,car,0 days 00:47:14.651000,0 days 01:42:51.259000
2024-05-19 13:50:31.605,11605,190,4,100,False,0,car,0 days 00:47:15.011000,0 days 01:42:51.619000
2024-05-19 13:50:31.965,10722,205,5,100,False,0,car,0 days 00:47:15.371000,0 days 01:42:51.979000
2024-05-19 13:50:32.125,11027,211,5,100,False,0,car,0 days 00:47:15.531000,0 days 01:42:52.139000
2024-05-19 13:50:32.405,11473,216,5,100,False,0,car,0 days 00:47:15.811000,0 days 01:42:52.419000
2024-05-19 13:50:32.805,11746,229,5,100,False,0,car,0 days 00:47:16.211000,0 days 01:42:52.819000
2024-05-19 13:50:33.005,11833,233,5,100,False,0,car,0 days 00:47:16.411000,0 days 01:42:53.019000
2024-05-19 13:50:33.205,10853,237,6,100,False,0,car,0 days 00:47:16.611000,0 days 01:42:53.219000
2024-05-19 13:50:33.365,10796,239,6,100,False,0,car,0 days 00:47:16.771000,0 days 01:42:53.379000
2024-05-19 13:50:33.764,11086,247,6,100,False,0,car,0 days 00:47:17.170000,0 days 01:42:53.778000
2024-05-19 13:50:34.084,11251,251,6,100,False,0,car,0 days 00:47:17.490000,0 days 01:42:54.098000
2024-05-19 13:50:34.364,11355,253,6,100,False,0,car,0 days 00:47:17.770000,0 days 01:42:54.378000
2024-05-19 13:50:34.685,11410,255,6,100,False,0,car,0 days 00:47:18.091000,0 days 01:42:54.699000
2024-05-19 13:50:34.965,11429,257,6,100,False,0,car,0 days 00:47:18.371000,0 days 01:42:54.979000
2024-05-19 13:50:35.165,11491,258,6,100,False,0,car,0 days 00:47:18.571000,0 days 01:42:55.179000
2024-05-19 13:50:35.405,11536,259,6,100,False,0,car,0 days 00:47:18.811000,0 days 01:42:55.419000
2024-05-19 13:50:35.645,11536,260,6,97,False,0,car,0 days 00:47:19.051000,0 days 01:42:55.659000
2024-05-19 13:50:36.005,11173,248,6,0,True,0,car,0 days 00:47:19.411000,0 days 01:42:56.019000
2024-05-19 13:50:36.245,9948,228,6,0,True,0,car,0 days 00:47:19.651000,0 days 01:42:56.259000
2024-05-19 13:50:36.485,10348,206,6,0,True,0,car,0 days 00:47:19.891000,0 days 01:42:56.499000
2024-05-19 13:50:36.645,10908,195,6,0,True,0,car,0 days 00:47:20.051000,0 days 01:42:56.659000
2024-05-19 13:50:36.925,9821,161,4,0,True,0,car,0 days 00:47:20.331000,0 days 01:42:56.939000
2024-05-19 13:50:37.285,9385,144,4,0,True,0,car,0 days 00:47:20.691000,0 days 01:42:57.299000
2024-05-19 13:50:37.685,7278,127,4,0,True,0,car,0 days 00:47:21.091000,0 days 01:42:57.699000
2024-05-19 13:50:37.925,6847,120,4,0,True,0,car,0 days 00:47:21.331000,0 days 01:42:57.939000
2024-05-19 13:50:38.325,6337,111,4,2,False,0,car,0 days 00:47:21.731000,0 days 01:42:58.339000
2024-05-19 13:50:38.485,7042,109,4,0,True,0,car,0 days 00:47:21.891000,0 days 01:42:58.499000
2024-05-19 13:50:38.645,7439,108,3,0,True,0,car,0 days 00:47:22.051000,0 days 01:42:58.659000
2024-05-19 13:50:38.805,7089,105,3,0,False,0,car,0 days 00:47:22.211000,0 days 01:42:58.819000
2024-05-19 13:50:39.005,7146,100,3,0,False,0,car,0 days 00:47:22.411000,0 days 01:42:59.019000
2024-05-19 13:50:39.245,7225,98,3,9,False,0,car,0 days 00:47:22.651000,0 days 01:42:59.259000
2024-05-19 13:50:39.525,7561,100,3,27,False,0,car,0 days 00:47:22.931000,0 days 01:42:59.539000
2024-05-19 13:50:39.685,7848,101,3,35,False,0,car,0 days 00:47:23.091000,0 days 01:42:59.699000
2024-05-19 13:50:39.925,8115,107,3,43,False,0,car,0 days 00:47:23.331000,0 days 01:42:59.939000
2024-05-19 13:50:40.085,8512,107,3,53,False,0,car,0 days 00:47:23.491000,0 days 01:43:00.099000
2024-05-19 13:50:40.324,9222,115,3,64,False,0,car,0 days 00:47:23.730000,0 days 01:43:00.338000
2024-05-19 13:50:40.604,9768,130,3,86,False,0,car,0 days 00:47:24.010000,0 days 01:43:00.618000
2024-05-19 13:50:40.804,10748,135,3,96,False,0,car,0 days 00:47:24.210000,0 days 01:43:00.818000
2024-05-19 13:50:41.164,9791,155,3,100,False,0,car,0 days 00:47:24.570000,0 days 01:43:01.178000
2024-05-19 13:50:41.365,10371,163,4,100,False,0,car,0 days 00:47:24.771000,0 days 01:43:01.379000
2024-05-19 13:50:41.605,10929,173,4,100,False,0,car,0 days 00:47:25.011000,0 days 01:43:01.619000
2024-05-19 13:50:41.765,11164,181,4,100,False,0,car,0 days 00:47:25.171000,0 days 01:43:01.779000
2024-05-19 13:50:42.245,10574,199,4,100,False,0,car,0 days 00:47:25.651000,0 days 01:43:02.259000
2024-05-19 13:50:42.605,10828,211,5,100,False,0,car,0 days 00:47:26.011000,0 days 01:43:02.619000
2024-05-19 13:50:43.005,11353,218,5,100,False,0,car,0 days 00:47:26.411000,0 days 01:43:03.019000
2024-05-19 13:50:43.285,11767,228,5,100,False,0,car,0 days 00:47:26.691000,0 days 01:43:03.299000
2024-05-19 13:50:43.565,10636,235,5,100,False,0,car,0 days 00:47:26.971000,0 days 01:43:03.579000
2024-05-19 13:50:43.805,10931,241,6,100,False,0,car,0 days 00:47:27.211000,0 days 01:43:03.819000
2024-05-19 13:50:44.045,10931,246,6,100,False,0,car,0 days 00:47:27.451000,0 days 01:43:04.059000
2024-05-19 13:50:44.285,11213,250,6,100,False,0,car,0 days 00:47:27.691000,0 days 01:43:04.299000
2024-05-19 13:50:44.485,11335,253,6,100,False,0,car,0 days 00:47:27.891000,0 days 01:43:04.499000
2024-05-19 13:50:44.725,11461,258,6,100,False,0,car,0 days 00:47:28.131000,0 days 01:43:04.739000
2024-05-19 13:50:45.045,11053,262,6,100,False,0,car,0 days 00:47:28.451000,0 days 01:43:05.059000
2024-05-19 13:50:45.205,10571,265,7,100,False,0,car,0 days 00:47:28.611000,0 days 01:43:05.219000
2024-05-19 13:50:45.485,10717,268,7,100,False,0,car,0 days 00:47:28.891000,0 days 01:43:05.499000
2024-05-19 13:50:45.845,10842,273,7,100,False,0,car,0 days 00:47:29.251000,0 days 01:43:05.859000
2024-05-19 13:50:46.005,10925,276,7,100,False,0,car,0 days 00:47:29.411000,0 days 01:43:06.019000
2024-05-19 13:50:46.365,11065,279,7,100,False,0,car,0 days 00:47:29.771000,0 days 01:43:06.379000
2024-05-19 13:50:46.765,11278,284,7,100,False,0,car,0 days 00:47:30.171000,0 days 01:43:06.779000
2024-05-19 13:50:47.084,11378,284,7,100,False,0,car,0 days 00:47:30.490000,0 days 01:43:07.098000
2024-05-19 13:50:47.364,11378,287,7,100,False,0,car,0 days 00:47:30.770000,0 days 01:43:07.378000
2024-05-19 13:50:47.524,11378,287,7,100,False,0,car,0 days 00:47:30.930000,0 days 01:43:07.538000
2024-05-19 13:50:47.684,11530,287,7,100,False,0,car,0 days 00:47:31.090000,0 days 01:43:07.698000
2024-05-19 13:50:47.845,11520,293,7,100,False,0,car,0 days 00:47:31.251000,0 days 01:43:07.859000
2024-05-19 13:50:48.165,11721,296,7,100,False,0,car,0 days 00:47:31.571000,0 days 01:43:08.179000
2024-05-19 13:50:48.605,11753,297,7,100,False,0,car,0 days 00:47:32.011000,0 days 01:43:08.619000
2024-05-19 13:50:48.765,11753,296,7,70,False,0,car,0 days 00:47:32.171000,0 days 01:43:08.779000
2024-05-19 13:50:49.045,11222,288,7,0,False,0,car,0 days 00:47:32.451000,0 days 01:43:09.059000
2024-05-19 13:50:49.245,10580,288,7,0,True,0,car,0 days 00:47:32.651000,0 days 01:43:09.259000
2024-05-19 13:50:49.485,10580,250,7,0,True,0,car,0 days 00:47:32.891000,0 days 01:43:09.499000
2024-05-19 13:50:49.845,10177,214,7,0,True,0,car,0 days 00:47:33.251000,0 days 01:43:09.859000
2024-05-19 13:50:50.165,9938,171,6,0,True,0,car,0 days 00:47:33.571000,0 days 01:43:10.179000
2024-05-19 13:50:50.325,9674,153,5,0,True,0,car,0 days 00:47:33.731000,0 days 01:43:10.339000
2024-05-19 13:50:50.565,10039,143,3,0,True,0,car,0 days 00:47:33.971000,0 days 01:43:10.579000
2024-05-19 13:50:50.765,9196,134,3,0,True,0,car,0 days 00:47:34.171000,0 days 01:43:10.779000
2024-05-19 13:50:51.045,8675,124,3,0,True,0,car,0 days 00:47:34.451000,0 days 01:43:11.059000
2024-05-19 13:50:51.365,8272,120,3,0,False,0,car,0 days 00:47:34.771000,0 days 01:43:11.379000
2024-05-19 13:50:51.525,8175,116,3,0,False,0,car,0 days 00:47:34.931000,0 days 01:43:11.539000
2024-05-19 13:50:51.765,8002,113,3,15,False,0,car,0 days 00:47:35.171000,0 days 01:43:11.779000
2024-05-19 13:50:52.045,8593,113,3,40,False,0,car,0 days 00:47:35.451000,0 days 01:43:12.059000
2024-05-19 13:50:52.205,8828,117,3,49,False,0,car,0 days 00:47:35.611000,0 days 01:43:12.219000
2024-05-19 13:50:52.485,9224,122,3,58,False,0,car,0 days 00:47:35.891000,0 days 01:43:12.499000
2024-05-19 13:50:52.725,9883,130,3,68,False,0,car,0 days 00:47:36.131000,0 days 01:43:12.739000
2024-05-19 13:50:53.005,10675,139,3,83,False,0,car,0 days 00:47:36.411000,0 days 01:43:13.019000
2024-05-19 13:50:53.365,9113,152,3,100,False,0,car,0 days 00:47:36.771000,0 days 01:43:13.379000
2024-05-19 13:50:53.684,9637,162,4,15,True,0,car,0 days 00:47:37.090000,0 days 01:43:13.698000
2024-05-19 13:50:53.924,8970,159,4,0,True,0,car,0 days 00:47:37.330000,0 days 01:43:13.938000
2024-05-19 13:50:54.164,8794,150,4,0,True,0,car,0 days 00:47:37.570000,0 days 01:43:14.178000
2024-05-19 13:50:54.324,8663,145,4,0,True,0,car,0 days 00:47:37.730000,0 days 01:43:14.338000
2024-05-19 13:50:54.525,8272,142,4,0,False,0,car,0 days 00:47:37.931000,0 days 01:43:14.539000
2024-05-19 13:50:54.765,8250,139,4,5,False,0,car,0 days 00:47:38.171000,0 days 01:43:14.779000
2024-05-19 13:50:55.125,8389,134,4,38,False,0,car,0 days 00:47:38.531000,0 days 01:43:15.139000
2024-05-19 13:50:55.285,8389,136,4,44,False,0,car,0 days 00:47:38.691000,0 days 01:43:15.299000
2024-05-19 13:50:55.565,8877,141,4,62,False,0,car,0 days 00:47:38.971000,0 days 01:43:15.579000
2024-05-19 13:50:55.845,9548,148,4,69,False,0,car,0 days 00:47:39.251000,0 days 01:43:15.859000
2024-05-19 13:50:56.165,9954,156,4,89,False,0,car,0 days 00:47:39.571000,0 days 01:43:16.179000
2024-05-19 13:50:56.365,10240,164,4,100,False,0,car,0 days 00:47:39.771000,0 days 01:43:16.379000
2024-05-19 13:50:56.645,11118,177,4,100,False,0,car,0 days 00:47:40.051000,0 days 01:43:16.659000
2024-05-19 13:50:56.845,11362,185,4,100,False,0,car,0 days 00:47:40.251000,0 days 01:43:16.859000
2024-05-19 13:50:57.045,11516,192,4,100,False,0,car,0 days 00:47:40.451000,0 days 01:43:17.059000
2024-05-19 13:50:57.405,10631,206,5,100,False,0,car,0 days 00:47:40.811000,0 days 01:43:17.419000
2024-05-19 13:50:57.645,10855,208,5,100,False,0,car,0 days 00:47:41.051000,0 days 01:43:17.659000
2024-05-19 13:50:57.845,11167,216,5,100,False,0,car,0 days 00:47:41.251000,0 days 01:43:17.859000
2024-05-19 13:50:58.085,11399,222,5,100,False,0,car,0 days 00:47:41.491000,0 days 01:43:18.099000
2024-05-19 13:50:58.405,11957,227,5,100,False,0,car,0 days 00:47:41.811000,0 days 01:43:18.419000
2024-05-19 13:50:58.565,11397,227,5,100,False,0,car,0 days 00:47:41.971000,0 days 01:43:18.579000
2024-05-19 13:50:58.845,10786,240,6,100,False,0,car,0 days 00:47:42.251000,0 days 01:43:18.859000
2024-05-19 13:50:59.045,11033,245,6,100,False,0,car,0 days 00:47:42.451000,0 days 01:43:19.059000
2024-05-19 13:50:59.205,11074,248,6,100,False,0,car,0 days 00:47:42.611000,0 days 01:43:19.219000
2024-05-19 13:50:59.445,11195,250,6,100,False,0,car,0 days 00:47:42.851000,0 days 01:43:19.459000
2024-05-19 13:50:59.605,11420,255,6,100,False,0,car,0 days 00:47:43.011000,0 days 01:43:19.619000
2024-05-19 13:50:59.925,11564,260,6,100,False,0,car,0 days 00:47:43.331000,0 days 01:43:19.939000
2024-05-19 13:51:00.165,10971,263,6,100,False,0,car,0 days 00:47:43.571000,0 days 01:43:20.179000
2024-05-19 13:51:00.524,10749,269,6,100,False,0,car,0 days 00:47:43.930000,0 days 01:43:20.538000
2024-05-19 13:51:00.724,10733,271,6,100,False,0,car,0 days 00:47:44.130000,0 days 01:43:20.738000
2024-05-19 13:51:00.884,10733,272,7,100,False,0,car,0 days 00:47:44.290000,0 days 01:43:20.898000
2024-05-19 13:51:01.285,11071,275,7,100,False,0,car,0 days 00:47:44.691000,0 days 01:43:21.299000
2024-05-19 13:51:01.525,11068,281,7,100,False,0,car,0 days 00:47:44.931000,0 days 01:43:21.539000
2024-05-19 13:51:01.685,11068,281,7,100,False,0,car,0 days 00:47:45.091000,0 days 01:43:21.699000
2024-05-19 13:51:02.165,11358,287,7,100,False,0,car,0 days 00:47:45.571000,0 days 01:43:22.179000
2024-05-19 13:51:02.525,11480,291,7,100,False,0,car,0 days 00:47:45.931000,0 days 01:43:22.539000
2024-05-19 13:51:02.765,11545,292,7,100,False,0,car,0 days 00:47:46.171000,0 days 01:43:22.779000
2024-05-19 13:51:03.005,11237,295,7,100,False,0,car,0 days 00:47:46.411000,0 days 01:43:23.019000
2024-05-19 13:51:03.205,10577,296,8,100,False,0,car,0 days 00:47:46.611000,0 days 01:43:23.219000
2024-05-19 13:51:03.445,10612,297,8,100,False,0,car,0 days 00:47:46.851000,0 days 01:43:23.459000
2024-05-19 13:51:03.805,10682,300,8,100,False,0,car,0 days 00:47:47.211000,0 days 01:43:23.819000
2024-05-19 13:51:04.045,10769,301,8,100,False,0,car,0 days 00:47:47.451000,0 days 01:43:24.059000
2024-05-19 13:51:04.205,10757,303,8,100,False,0,car,0 days 00:47:47.611000,0 days 01:43:24.219000
2024-05-19 13:51:04.485,10832,304,8,100,False,0,car,0 days 00:47:47.891000,0 days 01:43:24.499000
2024-05-19 13:51:04.645,10837,305,8,100,False,0,car,0 days 00:47:48.051000,0 days 01:43:24.659000
2024-05-19 13:51:04.805,10857,306,8,100,False,0,car,0 days 00:47:48.211000,0 days 01:43:24.819000
2024-05-19 13:51:05.085,10922,307,8,100,False,0,car,0 days 00:47:48.491000,0 days 01:43:25.099000
2024-05-19 13:51:05.405,11086,310,8,100,False,0,car,0 days 00:47:48.811000,0 days 01:43:25.419000
2024-05-19 13:51:05.725,11036,311,8,100,False,0,car,0 days 00:47:49.131000,0 days 01:43:25.739000
2024-05-19 13:51:06.045,11154,312,8,100,False,0,car,0 days 00:47:49.451000,0 days 01:43:26.059000
2024-05-19 13:51:06.405,11080,314,8,100,False,0,car,0 days 00:47:49.811000,0 days 01:43:26.419000
2024-05-19 13:51:06.605,11080,314,8,100,False,0,car,0 days 00:47:50.011000,0 days 01:43:26.619000
2024-05-19 13:51:06.845,11149,315,8,100,False,0,car,0 days 00:47:50.251000,0 days 01:43:26.859000
2024-05-19 13:51:07.164,11227,316,8,100,False,0,car,0 days 00:47:50.570000,0 days 01:43:27.178000
2024-05-19 13:51:07.324,11207,316,8,100,False,0,car,0 days 00:47:50.730000,0 days 01:43:27.338000
2024-05-19 13:51:07.565,11208,317,8,100,False,0,car,0 days 00:47:50.971000,0 days 01:43:27.579000
2024-05-19 13:51:07.845,11272,318,8,100,False,0,car,0 days 00:47:51.251000,0 days 01:43:27.859000
2024-05-19 13:51:08.045,11272,318,8,100,False,0,car,0 days 00:47:51.451000,0 days 01:43:28.059000
2024-05-19 13:51:08.245,11293,318,8,100,False,0,car,0 days 00:47:51.651000,0 days 01:43:28.259000
2024-05-19 13:51:08.605,11357,318,8,100,False,0,car,0 days 00:47:52.011000,0 days 01:43:28.619000
2024-05-19 13:51:08.805,11243,319,8,100,False,0,car,0 days 00:47:52.211000,0 days 01:43:28.819000
2024-05-19 13:51:08.965,11224,319,8,100,False,0,car,0 days 00:47:52.371000,0 days 01:43:28.979000
2024-05-19 13:51:09.165,11279,319,8,100,False,0,car,0 days 00:47:52.571000,0 days 01:43:29.179000
2024-05-19 13:51:09.365,11258,319,8,100,False,0,car,0 days 00:47:52.771000,0 days 01:43:29.379000
2024-05-19 13:51:09.605,11319,320,8,100,False,0,car,0 days 00:47:53.011000,0 days 01:43:29.619000
2024-05-19 13:51:09.805,11243,320,8,100,False,0,car,0 days 00:47:53.211000,0 days 01:43:29.819000
2024-05-19 13:51:10.005,11325,320,8,100,False,0,car,0 days 00:47:53.411000,0 days 01:43:30.019000
2024-05-19 13:51:10.485,11257,320,8,100,False,0,car,0 days 00:47:53.891000,0 days 01:43:30.499000
2024-05-19 13:51:10.685,11241,320,8,72,False,0,car,0 days 00:47:54.091000,0 days 01:43:30.699000
2024-05-19 13:51:11.045,10758,307,8,14,True,0,car,0 days 00:47:54.451000,0 days 01:43:31.059000
2024-05-19 13:51:11.485,9161,286,8,0,True,0,car,0 days 00:47:54.891000,0 days 01:43:31.499000
2024-05-19 13:51:11.805,9837,225,8,0,True,0,car,0 days 00:47:55.211000,0 days 01:43:31.819000
2024-05-19 13:51:12.085,9597,196,7,0,True,0,car,0 days 00:47:55.491000,0 days 01:43:32.099000
2024-05-19 13:51:12.325,10491,173,5,0,True,0,car,0 days 00:47:55.731000,0 days 01:43:32.339000
2024-05-19 13:51:12.725,9256,157,4,0,True,0,car,0 days 00:47:56.131000,0 days 01:43:32.739000
2024-05-19 13:51:12.965,9049,153,4,2,False,0,car,0 days 00:47:56.371000,0 days 01:43:32.979000
2024-05-19 13:51:13.165,9065,149,4,13,False,0,car,0 days 00:47:56.571000,0 days 01:43:33.179000
2024-05-19 13:51:13.365,9073,148,4,43,False,0,car,0 days 00:47:56.771000,0 days 01:43:33.379000
2024-05-19 13:51:13.765,9437,153,4,74,False,0,car,0 days 00:47:57.171000,0 days 01:43:33.779000
2024-05-19 13:51:14.084,10008,165,4,71,False,0,car,0 days 00:47:57.490000,0 days 01:43:34.098000
2024-05-19 13:51:14.365,8541,164,5,37,False,0,car,0 days 00:47:57.771000,0 days 01:43:34.379000
2024-05-19 13:51:14.525,8574,165,5,44,False,0,car,0 days 00:47:57.931000,0 days 01:43:34.539000
2024-05-19 13:51:14.685,8609,166,5,55,False,0,car,0 days 00:47:58.091000,0 days 01:43:34.699000
2024-05-19 13:51:15.005,8962,172,5,69,False,0,car,0 days 00:47:58.411000,0 days 01:43:35.019000
2024-05-19 13:51:15.405,9752,185,5,100,False,0,car,0 days 00:47:58.811000,0 days 01:43:35.419000
2024-05-19 13:51:15.645,9892,191,5,100,False,0,car,0 days 00:47:59.051000,0 days 01:43:35.659000
2024-05-19 13:51:15.805,10302,197,5,100,False,0,car,0 days 00:47:59.211000,0 days 01:43:35.819000
2024-05-19 13:51:16.125,10745,208,5,100,False,0,car,0 days 00:47:59.531000,0 days 01:43:36.139000
2024-05-19 13:51:16.325,11108,212,5,100,False,0,car,0 days 00:47:59.731000,0 days 01:43:36.339000
2024-05-19 13:51:16.525,11245,217,5,100,False,0,car,0 days 00:47:59.931000,0 days 01:43:36.539000
2024-05-19 13:51:16.725,11432,222,5,100,False,0,car,0 days 00:48:00.131000,0 days 01:43:36.739000
2024-05-19 13:51:16.965,11695,225,5,100,False,0,car,0 days 00:48:00.371000,0 days 01:43:36.979000
2024-05-19 13:51:17.205,10500,231,5,100,False,0,car,0 days 00:48:00.611000,0 days 01:43:37.219000
2024-05-19 13:51:17.405,10731,235,6,100,False,0,car,0 days 00:48:00.811000,0 days 01:43:37.419000
2024-05-19 13:51:17.805,10861,242,6,100,False,0,car,0 days 00:48:01.211000,0 days 01:43:37.819000
2024-05-19 13:51:18.085,11156,246,6,100,False,0,car,0 days 00:48:01.491000,0 days 01:43:38.099000
2024-05-19 13:51:18.405,11360,254,6,100,False,0,car,0 days 00:48:01.811000,0 days 01:43:38.419000
2024-05-19 13:51:18.725,11583,258,6,100,False,0,car,0 days 00:48:02.131000,0 days 01:43:38.739000
2024-05-19 13:51:19.045,11227,263,6,100,False,0,car,0 days 00:48:02.451000,0 days 01:43:39.059000
2024-05-19 13:51:19.205,10550,266,6,100,False,0,car,0 days 00:48:02.611000,0 days 01:43:39.219000
2024-05-19 13:51:19.485,10687,269,7,100,False,0,car,0 days 00:48:02.891000,0 days 01:43:39.499000
2024-05-19 13:51:19.885,10818,272,7,100,False,0,car,0 days 00:48:03.291000,0 days 01:43:39.899000
2024-05-19 13:51:20.125,10895,275,7,100,False,0,car,0 days 00:48:03.531000,0 days 01:43:40.139000
2024-05-19 13:51:20.285,10911,275,7,100,False,0,car,0 days 00:48:03.691000,0 days 01:43:40.299000
2024-05-19 13:51:20.445,10996,277,7,100,False,0,car,0 days 00:48:03.851000,0 days 01:43:40.459000
2024-05-19 13:51:20.644,11008,278,7,100,False,0,car,0 days 00:48:04.050000,0 days 01:43:40.658000
2024-05-19 13:51:20.845,11049,279,7,100,False,0,car,0 days 00:48:04.251000,0 days 01:43:40.859000
2024-05-19 13:51:21.085,10927,279,7,100,False,0,car,0 days 00:48:04.491000,0 days 01:43:41.099000
2024-05-19 13:51:21.325,11044,279,7,100,False,0,car,0 days 00:48:04.731000,0 days 01:43:41.339000
2024-05-19 13:51:21.525,11041,279,7,100,False,0,car,0 days 00:48:04.931000,0 days 01:43:41.539000
2024-05-19 13:51:21.765,10987,279,7,100,False,0,car,0 days 00:48:05.171000,0 days 01:43:41.779000
2024-05-19 13:51:21.965,10668,277,7,3,True,0,car,0 days 00:48:05.371000,0 days 01:43:41.979000
2024-05-19 13:51:22.125,10315,267,7,0,True,0,car,0 days 00:48:05.531000,0 days 01:43:42.139000
2024-05-19 13:51:22.405,9790,250,7,0,True,0,car,0 days 00:48:05.811000,0 days 01:43:42.419000
2024-05-19 13:51:22.805,10149,236,6,0,True,0,car,0 days 00:48:06.211000,0 days 01:43:42.819000
2024-05-19 13:51:22.965,9946,228,6,0,True,0,car,0 days 00:48:06.371000,0 days 01:43:42.979000
2024-05-19 13:51:23.325,9431,217,6,0,True,0,car,0 days 00:48:06.731000,0 days 01:43:43.339000
2024-05-19 13:51:23.525,9769,198,6,0,True,0,car,0 days 00:48:06.931000,0 days 01:43:43.539000
2024-05-19 13:51:23.885,8764,185,5,0,True,0,car,0 days 00:48:07.291000,0 days 01:43:43.899000
2024-05-19 13:51:24.045,8959,168,5,0,True,0,car,0 days 00:48:07.451000,0 days 01:43:44.059000
2024-05-19 13:51:24.445,9375,158,4,0,False,0,car,0 days 00:48:07.851000,0 days 01:43:44.459000
2024-05-19 13:51:24.725,9586,155,4,50,False,0,car,0 days 00:48:08.131000,0 days 01:43:44.739000
2024-05-19 13:51:25.005,9986,158,4,78,False,0,car,0 days 00:48:08.411000,0 days 01:43:45.019000
2024-05-19 13:51:25.285,10459,166,4,94,False,0,car,0 days 00:48:08.691000,0 days 01:43:45.299000
2024-05-19 13:51:25.525,11182,177,4,100,False,0,car,0 days 00:48:08.931000,0 days 01:43:45.539000
2024-05-19 13:51:25.845,11416,186,4,100,False,0,car,0 days 00:48:09.251000,0 days 01:43:45.859000
2024-05-19 13:51:26.045,11184,192,4,100,False,0,car,0 days 00:48:09.451000,0 days 01:43:46.059000
2024-05-19 13:51:26.205,10465,199,5,100,False,0,car,0 days 00:48:09.611000,0 days 01:43:46.219000
2024-05-19 13:51:26.445,10774,202,5,100,False,0,car,0 days 00:48:09.851000,0 days 01:43:46.459000
2024-05-19 13:51:26.645,10921,210,5,100,False,0,car,0 days 00:48:10.051000,0 days 01:43:46.659000
2024-05-19 13:51:26.805,11152,216,5,100,False,0,car,0 days 00:48:10.211000,0 days 01:43:46.819000
2024-05-19 13:51:27.085,11310,220,5,100,False,0,car,0 days 00:48:10.491000,0 days 01:43:47.099000
2024-05-19 13:51:27.244,11379,222,5,100,False,0,car,0 days 00:48:10.650000,0 days 01:43:47.258000
2024-05-19 13:51:27.525,11495,225,5,100,False,0,car,0 days 00:48:10.931000,0 days 01:43:47.539000
2024-05-19 13:51:27.765,11546,227,5,100,False,0,car,0 days 00:48:11.171000,0 days 01:43:47.779000
2024-05-19 13:51:28.005,11596,227,5,54,False,0,car,0 days 00:48:11.411000,0 days 01:43:48.019000
2024-05-19 13:51:28.245,11176,213,5,54,True,0,car,0 days 00:48:11.651000,0 days 01:43:48.259000
2024-05-19 13:51:28.525,10435,183,5,0,True,0,car,0 days 00:48:11.931000,0 days 01:43:48.539000
2024-05-19 13:51:28.725,10933,168,5,0,True,0,car,0 days 00:48:12.131000,0 days 01:43:48.739000
2024-05-19 13:51:28.885,11081,161,5,0,True,0,car,0 days 00:48:12.291000,0 days 01:43:48.899000
2024-05-19 13:51:29.085,10294,154,3,0,True,0,car,0 days 00:48:12.491000,0 days 01:43:49.099000
2024-05-19 13:51:29.365,9129,132,3,0,True,0,car,0 days 00:48:12.771000,0 days 01:43:49.379000
2024-05-19 13:51:29.525,8554,123,3,0,True,0,car,0 days 00:48:12.931000,0 days 01:43:49.539000
2024-05-19 13:51:29.765,8055,116,3,0,True,0,car,0 days 00:48:13.171000,0 days 01:43:49.779000
2024-05-19 13:51:30.045,7478,107,3,0,True,0,car,0 days 00:48:13.451000,0 days 01:43:50.059000
2024-05-19 13:51:30.485,6918,100,3,0,False,0,car,0 days 00:48:13.891000,0 days 01:43:50.499000
2024-05-19 13:51:30.805,6756,92,3,1,False,0,car,0 days 00:48:14.211000,0 days 01:43:50.819000
2024-05-19 13:51:30.965,6871,92,3,22,False,0,car,0 days 00:48:14.371000,0 days 01:43:50.979000
2024-05-19 13:51:31.325,7159,95,3,29,False,0,car,0 days 00:48:14.731000,0 days 01:43:51.339000
2024-05-19 13:51:31.565,7431,98,3,37,False,0,car,0 days 00:48:14.971000,0 days 01:43:51.579000
2024-05-19 13:51:31.845,7851,103,3,44,False,0,car,0 days 00:48:15.251000,0 days 01:43:51.859000
2024-05-19 13:51:32.005,8171,107,3,52,False,0,car,0 days 00:48:15.411000,0 days 01:43:52.019000
2024-05-19 13:51:32.245,8678,112,3,58,False,0,car,0 days 00:48:15.651000,0 days 01:43:52.259000
2024-05-19 13:51:32.485,9420,118,3,71,False,0,car,0 days 00:48:15.891000,0 days 01:43:52.499000
2024-05-19 13:51:32.765,10321,129,3,87,False,0,car,0 days 00:48:16.171000,0 days 01:43:52.779000
2024-05-19 13:51:33.045,10933,142,3,96,False,0,car,0 days 00:48:16.451000,0 days 01:43:53.059000
2024-05-19 13:51:33.205,11042,152,3,100,False,0,car,0 days 00:48:16.611000,0 days 01:43:53.219000
2024-05-19 13:51:33.485,9961,160,4,100,False,0,car,0 days 00:48:16.891000,0 days 01:43:53.499000
2024-05-19 13:51:33.765,10672,172,4,100,False,0,car,0 days 00:48:17.171000,0 days 01:43:53.779000
2024-05-19 13:51:34.205,11645,191,4,100,False,0,car,0 days 00:48:17.611000,0 days 01:43:54.219000
2024-05-19 13:51:34.525,11683,200,4,100,False,0,car,0 days 00:48:17.931000,0 days 01:43:54.539000
2024-05-19 13:51:34.845,10821,209,5,100,False,0,car,0 days 00:48:18.251000,0 days 01:43:54.859000
2024-05-19 13:51:35.125,11253,218,5,100,False,0,car,0 days 00:48:18.531000,0 days 01:43:55.139000
2024-05-19 13:51:35.445,11564,225,5,100,False,0,car,0 days 00:48:18.851000,0 days 01:43:55.459000
2024-05-19 13:51:35.845,10562,234,5,100,False,0,car,0 days 00:48:19.251000,0 days 01:43:55.859000
2024-05-19 13:51:36.085,10762,239,6,100,False,0,car,0 days 00:48:19.491000,0 days 01:43:56.099000
2024-05-19 13:51:36.525,11072,246,6,100,False,0,car,0 days 00:48:19.931000,0 days 01:43:56.539000
2024-05-19 13:51:37.205,11567,257,6,100,False,0,car,0 days 00:48:20.611000,0 days 01:43:57.219000
2024-05-19 13:51:37.405,11621,260,6,100,False,0,car,0 days 00:48:20.811000,0 days 01:43:57.419000
2024-05-19 13:51:37.725,10420,263,7,100,False,0,car,0 days 00:48:21.131000,0 days 01:43:57.739000
2024-05-19 13:51:37.885,10534,264,7,100,False,0,car,0 days 00:48:21.291000,0 days 01:43:57.899000
2024-05-19 13:51:38.085,10557,264,7,100,False,0,car,0 days 00:48:21.491000,0 days 01:43:58.099000
2024-05-19 13:51:38.325,10602,265,7,100,False,0,car,0 days 00:48:21.731000,0 days 01:43:58.339000
2024-05-19 13:51:38.685,10632,267,7,100,False,0,car,0 days 00:48:22.091000,0 days 01:43:58.699000
2024-05-19 13:51:38.845,10724,268,7,100,False,0,car,0 days 00:48:22.251000,0 days 01:43:58.859000
2024-05-19 13:51:39.085,10682,269,7,100,False,0,car,0 days 00:48:22.491000,0 days 01:43:59.099000
2024-05-19 13:51:39.245,10706,269,7,100,False,0,car,0 days 00:48:22.651000,0 days 01:43:59.259000
2024-05-19 13:51:39.565,10714,270,7,100,False,0,car,0 days 00:48:22.971000,0 days 01:43:59.579000
2024-05-19 13:51:39.845,10708,270,7,100,False,0,car,0 days 00:48:23.251000,0 days 01:43:59.859000
2024-05-19 13:51:40.085,10284,271,7,9,True,0,car,0 days 00:48:23.491000,0 days 01:44:00.099000
2024-05-19 13:51:40.285,10214,260,7,0,True,0,car,0 days 00:48:23.691000,0 days 01:44:00.299000
2024-05-19 13:51:40.526,10135,236,7,0,True,0,car,0 days 00:48:23.932000,0 days 01:44:00.540000
2024-05-19 13:51:40.765,9853,223,7,0,True,0,car,0 days 00:48:24.171000,0 days 01:44:00.779000
2024-05-19 13:51:41.005,10535,211,5,0,True,0,car,0 days 00:48:24.411000,0 days 01:44:01.019000
2024-05-19 13:51:41.205,10399,207,5,2,True,0,car,0 days 00:48:24.611000,0 days 01:44:01.219000
2024-05-19 13:51:41.405,10196,202,5,14,False,0,car,0 days 00:48:24.811000,0 days 01:44:01.419000
2024-05-19 13:51:41.765,10260,198,5,69,False,0,car,0 days 00:48:25.171000,0 days 01:44:01.779000
2024-05-19 13:51:41.925,10463,200,5,76,False,0,car,0 days 00:48:25.331000,0 days 01:44:01.939000
2024-05-19 13:51:42.285,10545,203,5,69,False,0,car,0 days 00:48:25.691000,0 days 01:44:02.299000
2024-05-19 13:51:42.445,10856,205,5,88,False,0,car,0 days 00:48:25.851000,0 days 01:44:02.459000
2024-05-19 13:51:42.645,11074,209,5,100,False,0,car,0 days 00:48:26.051000,0 days 01:44:02.659000
2024-05-19 13:51:43.005,11384,218,5,100,False,0,car,0 days 00:48:26.411000,0 days 01:44:03.019000
2024-05-19 13:51:43.245,11714,225,5,100,False,0,car,0 days 00:48:26.651000,0 days 01:44:03.259000
2024-05-19 13:51:43.725,10705,234,5,100,False,0,car,0 days 00:48:27.131000,0 days 01:44:03.739000
2024-05-19 13:51:44.125,11029,243,6,100,False,0,car,0 days 00:48:27.531000,0 days 01:44:04.139000
2024-05-19 13:51:44.365,11250,249,6,100,False,0,car,0 days 00:48:27.771000,0 days 01:44:04.379000
2024-05-19 13:51:44.725,11483,257,6,100,False,0,car,0 days 00:48:28.131000,0 days 01:44:04.739000
2024-05-19 13:51:44.925,11437,260,6,100,False,0,car,0 days 00:48:28.331000,0 days 01:44:04.939000
2024-05-19 13:51:45.285,11048,263,6,100,False,0,car,0 days 00:48:28.691000,0 days 01:44:05.299000
2024-05-19 13:51:45.485,10520,265,7,100,False,0,car,0 days 00:48:28.891000,0 days 01:44:05.499000
2024-05-19 13:51:45.725,10634,268,7,100,False,0,car,0 days 00:48:29.131000,0 days 01:44:05.739000
2024-05-19 13:51:45.885,10661,269,7,100,False,0,car,0 days 00:48:29.291000,0 days 01:44:05.899000
2024-05-19 13:51:46.245,10751,270,7,100,False,0,car,0 days 00:48:29.651000,0 days 01:44:06.259000
2024-05-19 13:51:46.485,10768,272,7,100,False,0,car,0 days 00:48:29.891000,0 days 01:44:06.499000
2024-05-19 13:51:46.845,10317,267,7,0,False,0,car,0 days 00:48:30.251000,0 days 01:44:06.859000
2024-05-19 13:51:47.086,10332,264,7,0,True,0,car,0 days 00:48:30.492000,0 days 01:44:07.100000
2024-05-19 13:51:47.326,9831,256,7,0,False,0,car,0 days 00:48:30.732000,0 days 01:44:07.340000
2024-05-19 13:51:47.605,9500,247,7,0,True,0,car,0 days 00:48:31.011000,0 days 01:44:07.619000
2024-05-19 13:51:47.885,9825,235,7,0,True,0,car,0 days 00:48:31.291000,0 days 01:44:07.899000
2024-05-19 13:51:48.285,10018,196,6,0,True,0,car,0 days 00:48:31.691000,0 days 01:44:08.299000
2024-05-19 13:51:48.565,9919,172,4,0,True,0,car,0 days 00:48:31.971000,0 days 01:44:08.579000
2024-05-19 13:51:48.885,8811,153,4,0,True,0,car,0 days 00:48:32.291000,0 days 01:44:08.899000
2024-05-19 13:51:49.285,7985,138,4,0,True,0,car,0 days 00:48:32.691000,0 days 01:44:09.299000
2024-05-19 13:51:49.565,7712,132,4,0,False,0,car,0 days 00:48:32.971000,0 days 01:44:09.579000
2024-05-19 13:51:49.885,7642,126,4,24,False,0,car,0 days 00:48:33.291000,0 days 01:44:09.899000
2024-05-19 13:51:50.325,8019,129,4,57,False,0,car,0 days 00:48:33.731000,0 days 01:44:10.339000
2024-05-19 13:51:50.605,8563,138,4,81,False,0,car,0 days 00:48:34.011000,0 days 01:44:10.619000
2024-05-19 13:51:50.885,9052,144,4,89,False,0,car,0 days 00:48:34.291000,0 days 01:44:10.899000
2024-05-19 13:51:51.045,9699,154,4,100,False,0,car,0 days 00:48:34.451000,0 days 01:44:11.059000
2024-05-19 13:51:51.205,10278,158,4,100,False,0,car,0 days 00:48:34.611000,0 days 01:44:11.219000
2024-05-19 13:51:51.445,10678,165,4,100,False,0,car,0 days 00:48:34.851000,0 days 01:44:11.459000
2024-05-19 13:51:51.725,11202,178,4,100,False,0,car,0 days 00:48:35.131000,0 days 01:44:11.739000
2024-05-19 13:51:51.925,11327,185,4,100,False,0,car,0 days 00:48:35.331000,0 days 01:44:11.939000
2024-05-19 13:51:52.085,11661,188,4,100,False,0,car,0 days 00:48:35.491000,0 days 01:44:12.099000
2024-05-19 13:51:52.405,10753,201,4,100,False,0,car,0 days 00:48:35.811000,0 days 01:44:12.419000
2024-05-19 13:51:52.565,10633,204,4,100,False,0,car,0 days 00:48:35.971000,0 days 01:44:12.579000
2024-05-19 13:51:52.805,11011,213,5,100,False,0,car,0 days 00:48:36.211000,0 days 01:44:12.819000
2024-05-19 13:51:53.125,11368,221,5,100,False,0,car,0 days 00:48:36.531000,0 days 01:44:13.139000
2024-05-19 13:51:53.445,11646,225,5,100,False,0,car,0 days 00:48:36.851000,0 days 01:44:13.459000
2024-05-19 13:51:53.606,11595,225,5,100,False,0,car,0 days 00:48:37.012000,0 days 01:44:13.620000
2024-05-19 13:51:53.806,10682,237,5,100,False,0,car,0 days 00:48:37.212000,0 days 01:44:13.820000
2024-05-19 13:51:54.245,11022,245,6,100,False,0,car,0 days 00:48:37.651000,0 days 01:44:14.259000
2024-05-19 13:51:54.405,11162,249,6,100,False,0,car,0 days 00:48:37.811000,0 days 01:44:14.419000
2024-05-19 13:51:54.685,11298,251,6,100,False,0,car,0 days 00:48:38.091000,0 days 01:44:14.699000
2024-05-19 13:51:55.005,11402,255,6,100,False,0,car,0 days 00:48:38.411000,0 days 01:44:15.019000
2024-05-19 13:51:55.205,11440,257,6,100,False,0,car,0 days 00:48:38.611000,0 days 01:44:15.219000
2024-05-19 13:51:55.365,11343,258,6,100,False,0,car,0 days 00:48:38.771000,0 days 01:44:15.379000
2024-05-19 13:51:55.565,11528,258,6,100,False,0,car,0 days 00:48:38.971000,0 days 01:44:15.579000
2024-05-19 13:51:55.765,11504,259,6,100,False,0,car,0 days 00:48:39.171000,0 days 01:44:15.779000
2024-05-19 13:51:56.005,11637,259,6,100,False,0,car,0 days 00:48:39.411000,0 days 01:44:16.019000
2024-05-19 13:51:56.245,11566,259,6,100,False,0,car,0 days 00:48:39.651000,0 days 01:44:16.259000
2024-05-19 13:51:56.445,11395,261,6,76,False,0,car,0 days 00:48:39.851000,0 days 01:44:16.459000
2024-05-19 13:51:56.645,11121,252,6,0,True,0,car,0 days 00:48:40.051000,0 days 01:44:16.659000
2024-05-19 13:51:56.845,10287,233,6,0,True,0,car,0 days 00:48:40.251000,0 days 01:44:16.859000
2024-05-19 13:51:57.125,9849,199,6,0,True,0,car,0 days 00:48:40.531000,0 days 01:44:17.139000
2024-05-19 13:51:57.285,9940,188,6,0,True,0,car,0 days 00:48:40.691000,0 days 01:44:17.299000
2024-05-19 13:51:57.685,9165,155,4,0,True,0,car,0 days 00:48:41.091000,0 days 01:44:17.699000
2024-05-19 13:51:57.925,8292,140,4,0,True,0,car,0 days 00:48:41.331000,0 days 01:44:17.939000
2024-05-19 13:51:58.125,7546,130,4,0,True,0,car,0 days 00:48:41.531000,0 days 01:44:18.139000
2024-05-19 13:51:58.325,7322,125,4,0,True,0,car,0 days 00:48:41.731000,0 days 01:44:18.339000
2024-05-19 13:51:58.485,7149,123,4,0,True,0,car,0 days 00:48:41.891000,0 days 01:44:18.499000
2024-05-19 13:51:58.765,6812,117,4,0,False,0,car,0 days 00:48:42.171000,0 days 01:44:18.779000
2024-05-19 13:51:58.965,6720,112,4,0,False,0,car,0 days 00:48:42.371000,0 days 01:44:18.979000
2024-05-19 13:51:59.205,7211,108,4,0,False,0,car,0 days 00:48:42.611000,0 days 01:44:19.219000
2024-05-19 13:51:59.605,7378,103,3,0,False,0,car,0 days 00:48:43.011000,0 days 01:44:19.619000
2024-05-19 13:51:59.765,7261,102,3,1,False,0,car,0 days 00:48:43.171000,0 days 01:44:19.779000
2024-05-19 13:52:00.045,7168,99,3,5,False,0,car,0 days 00:48:43.451000,0 days 01:44:20.059000
2024-05-19 13:52:00.286,7577,100,3,34,False,0,car,0 days 00:48:43.692000,0 days 01:44:20.300000
2024-05-19 13:52:00.726,8459,109,3,41,False,0,car,0 days 00:48:44.132000,0 days 01:44:20.740000
2024-05-19 13:52:00.885,8527,109,3,62,False,0,car,0 days 00:48:44.291000,0 days 01:44:20.899000
2024-05-19 13:52:01.285,9637,126,3,87,False,0,car,0 days 00:48:44.691000,0 days 01:44:21.299000
2024-05-19 13:52:01.445,10057,135,3,87,False,0,car,0 days 00:48:44.851000,0 days 01:44:21.459000
2024-05-19 13:52:01.645,11078,144,3,99,False,0,car,0 days 00:48:45.051000,0 days 01:44:21.659000
2024-05-19 13:52:01.965,10144,159,4,100,False,0,car,0 days 00:48:45.371000,0 days 01:44:21.979000
2024-05-19 13:52:02.165,10492,163,4,100,False,0,car,0 days 00:48:45.571000,0 days 01:44:22.179000
2024-05-19 13:52:02.365,10941,176,4,100,False,0,car,0 days 00:48:45.771000,0 days 01:44:22.379000
2024-05-19 13:52:02.605,11450,188,4,100,False,0,car,0 days 00:48:46.011000,0 days 01:44:22.619000
2024-05-19 13:52:02.885,11918,195,4,100,False,0,car,0 days 00:48:46.291000,0 days 01:44:22.899000
2024-05-19 13:52:03.125,10513,204,4,100,False,0,car,0 days 00:48:46.531000,0 days 01:44:23.139000
2024-05-19 13:52:03.285,10742,208,5,100,False,0,car,0 days 00:48:46.691000,0 days 01:44:23.299000
2024-05-19 13:52:03.645,11196,219,5,100,False,0,car,0 days 00:48:47.051000,0 days 01:44:23.659000
2024-05-19 13:52:04.045,11671,227,5,100,False,0,car,0 days 00:48:47.451000,0 days 01:44:24.059000
2024-05-19 13:52:04.245,11531,232,5,100,False,0,car,0 days 00:48:47.651000,0 days 01:44:24.259000
2024-05-19 13:52:04.405,10737,239,5,100,False,0,car,0 days 00:48:47.811000,0 days 01:44:24.419000
2024-05-19 13:52:04.605,10978,243,6,100,False,0,car,0 days 00:48:48.011000,0 days 01:44:24.619000
2024-05-19 13:52:04.805,11069,247,6,100,False,0,car,0 days 00:48:48.211000,0 days 01:44:24.819000
2024-05-19 13:52:05.045,11251,251,6,100,False,0,car,0 days 00:48:48.451000,0 days 01:44:25.059000
2024-05-19 13:52:05.525,11614,259,6,100,False,0,car,0 days 00:48:48.931000,0 days 01:44:25.539000
2024-05-19 13:52:05.725,11383,262,6,100,False,0,car,0 days 00:48:49.131000,0 days 01:44:25.739000
2024-05-19 13:52:05.885,10581,264,6,100,False,0,car,0 days 00:48:49.291000,0 days 01:44:25.899000
2024-05-19 13:52:06.085,10645,266,7,100,False,0,car,0 days 00:48:49.491000,0 days 01:44:26.099000
2024-05-19 13:52:06.325,10774,270,7,100,False,0,car,0 days 00:48:49.731000,0 days 01:44:26.339000
2024-05-19 13:52:06.525,10894,273,7,100,False,0,car,0 days 00:48:49.931000,0 days 01:44:26.539000
2024-05-19 13:52:06.846,11014,277,7,100,False,0,car,0 days 00:48:50.252000,0 days 01:44:26.860000
2024-05-19 13:52:07.166,11074,280,7,100,False,0,car,0 days 00:48:50.572000,0 days 01:44:27.180000
2024-05-19 13:52:07.326,11209,283,7,100,False,0,car,0 days 00:48:50.732000,0 days 01:44:27.340000
2024-05-19 13:52:07.685,11209,283,7,100,False,0,car,0 days 00:48:51.091000,0 days 01:44:27.699000
2024-05-19 13:52:07.885,11339,286,7,100,False,0,car,0 days 00:48:51.291000,0 days 01:44:27.899000
2024-05-19 13:52:08.085,11363,288,7,100,False,0,car,0 days 00:48:51.491000,0 days 01:44:28.099000
2024-05-19 13:52:08.245,11363,289,7,100,False,0,car,0 days 00:48:51.651000,0 days 01:44:28.259000
2024-05-19 13:52:08.485,11494,289,7,100,False,0,car,0 days 00:48:51.891000,0 days 01:44:28.499000
2024-05-19 13:52:08.645,11642,293,7,100,False,0,car,0 days 00:48:52.051000,0 days 01:44:28.659000
2024-05-19 13:52:09.005,11697,297,7,100,False,0,car,0 days 00:48:52.411000,0 days 01:44:29.019000
2024-05-19 13:52:09.205,11856,299,7,100,False,0,car,0 days 00:48:52.611000,0 days 01:44:29.219000
2024-05-19 13:52:09.645,11262,293,7,0,False,0,car,0 days 00:48:53.051000,0 days 01:44:29.659000
2024-05-19 13:52:09.885,10889,280,7,0,True,0,car,0 days 00:48:53.291000,0 days 01:44:29.899000
2024-05-19 13:52:10.245,9965,232,7,0,True,0,car,0 days 00:48:53.651000,0 days 01:44:30.259000
2024-05-19 13:52:10.685,10173,191,7,0,True,0,car,0 days 00:48:54.091000,0 days 01:44:30.699000
2024-05-19 13:52:11.005,9740,166,5,0,True,0,car,0 days 00:48:54.411000,0 days 01:44:31.019000
2024-05-19 13:52:11.285,10296,148,3,0,True,0,car,0 days 00:48:54.691000,0 days 01:44:31.299000
2024-05-19 13:52:11.645,9171,130,3,0,True,0,car,0 days 00:48:55.051000,0 days 01:44:31.659000
2024-05-19 13:52:11.925,8572,126,3,0,True,0,car,0 days 00:48:55.331000,0 days 01:44:31.939000
2024-05-19 13:52:12.245,8257,118,3,0,False,0,car,0 days 00:48:55.651000,0 days 01:44:32.259000
2024-05-19 13:52:12.405,8283,115,3,6,False,0,car,0 days 00:48:55.811000,0 days 01:44:32.419000
2024-05-19 13:52:12.725,8559,114,3,36,False,0,car,0 days 00:48:56.131000,0 days 01:44:32.739000
2024-05-19 13:52:12.885,8709,116,3,37,False,0,car,0 days 00:48:56.291000,0 days 01:44:32.899000
2024-05-19 13:52:13.325,9360,123,3,59,False,0,car,0 days 00:48:56.731000,0 days 01:44:33.339000
2024-05-19 13:52:13.486,9684,127,3,74,False,0,car,0 days 00:48:56.892000,0 days 01:44:33.500000
2024-05-19 13:52:13.766,10331,135,3,81,False,0,car,0 days 00:48:57.172000,0 days 01:44:33.780000
2024-05-19 13:52:13.926,10721,147,3,98,False,0,car,0 days 00:48:57.332000,0 days 01:44:33.940000
2024-05-19 13:52:14.206,9041,159,4,100,False,0,car,0 days 00:48:57.612000,0 days 01:44:34.220000
2024-05-19 13:52:14.525,9828,162,4,43,True,0,car,0 days 00:48:57.931000,0 days 01:44:34.539000
2024-05-19 13:52:14.725,9098,154,4,0,True,0,car,0 days 00:48:58.131000,0 days 01:44:34.739000
2024-05-19 13:52:14.965,8659,149,4,0,True,0,car,0 days 00:48:58.371000,0 days 01:44:34.979000
2024-05-19 13:52:15.285,8331,142,4,0,False,0,car,0 days 00:48:58.691000,0 days 01:44:35.299000
2024-05-19 13:52:15.445,8165,138,4,0,False,0,car,0 days 00:48:58.851000,0 days 01:44:35.459000
2024-05-19 13:52:15.765,8301,134,4,39,False,0,car,0 days 00:48:59.171000,0 days 01:44:35.779000
2024-05-19 13:52:15.965,8381,136,4,46,False,0,car,0 days 00:48:59.371000,0 days 01:44:35.979000
2024-05-19 13:52:16.365,8821,142,4,64,False,0,car,0 days 00:48:59.771000,0 days 01:44:36.379000
2024-05-19 13:52:16.565,9257,144,4,74,False,0,car,0 days 00:48:59.971000,0 days 01:44:36.579000
2024-05-19 13:52:16.725,9513,153,4,78,False,0,car,0 days 00:49:00.131000,0 days 01:44:36.739000
2024-05-19 13:52:17.045,10366,160,4,100,False,0,car,0 days 00:49:00.451000,0 days 01:44:37.059000
2024-05-19 13:52:17.205,10797,172,4,100,False,0,car,0 days 00:49:00.611000,0 days 01:44:37.219000
2024-05-19 13:52:17.405,10937,181,4,100,False,0,car,0 days 00:49:00.811000,0 days 01:44:37.419000
2024-05-19 13:52:17.565,11268,184,4,100,False,0,car,0 days 00:49:00.971000,0 days 01:44:37.579000
2024-05-19 13:52:17.805,11338,194,4,100,False,0,car,0 days 00:49:01.211000,0 days 01:44:37.819000
2024-05-19 13:52:18.045,10560,201,5,100,False,0,car,0 days 00:49:01.451000,0 days 01:44:38.059000
2024-05-19 13:52:18.325,10917,208,5,100,False,0,car,0 days 00:49:01.731000,0 days 01:44:38.339000
2024-05-19 13:52:18.605,11377,220,5,100,False,0,car,0 days 00:49:02.011000,0 days 01:44:38.619000
2024-05-19 13:52:18.765,11392,222,5,100,False,0,car,0 days 00:49:02.171000,0 days 01:44:38.779000
2024-05-19 13:52:19.045,11761,230,5,100,False,0,car,0 days 00:49:02.451000,0 days 01:44:39.059000
2024-05-19 13:52:19.245,10641,235,5,100,False,0,car,0 days 00:49:02.651000,0 days 01:44:39.259000
2024-05-19 13:52:19.525,10909,242,6,100,False,0,car,0 days 00:49:02.931000,0 days 01:44:39.539000
2024-05-19 13:52:19.685,11040,243,6,100,False,0,car,0 days 00:49:03.091000,0 days 01:44:39.699000
2024-05-19 13:52:19.966,11182,250,6,100,False,0,car,0 days 00:49:03.372000,0 days 01:44:39.980000
2024-05-19 13:52:20.246,11436,255,6,100,False,0,car,0 days 00:49:03.652000,0 days 01:44:40.260000
2024-05-19 13:52:20.446,11606,258,6,100,False,0,car,0 days 00:49:03.852000,0 days 01:44:40.460000
2024-05-19 13:52:20.686,11636,261,6,100,False,0,car,0 days 00:49:04.092000,0 days 01:44:40.700000
2024-05-19 13:52:21.006,10682,268,7,100,False,0,car,0 days 00:49:04.412000,0 days 01:44:41.020000
2024-05-19 13:52:21.365,10809,271,7,100,False,0,car,0 days 00:49:04.771000,0 days 01:44:41.379000
2024-05-19 13:52:21.765,11012,276,7,100,False,0,car,0 days 00:49:05.171000,0 days 01:44:41.779000
2024-05-19 13:52:21.965,11058,279,7,100,False,0,car,0 days 00:49:05.371000,0 days 01:44:41.979000
2024-05-19 13:52:22.205,11190,282,7,100,False,0,car,0 days 00:49:05.611000,0 days 01:44:42.219000
2024-05-19 13:52:22.445,11153,283,7,100,False,0,car,0 days 00:49:05.851000,0 days 01:44:42.459000
2024-05-19 13:52:22.685,11274,286,7,100,False,0,car,0 days 00:49:06.091000,0 days 01:44:42.699000
2024-05-19 13:52:22.925,11391,288,7,100,False,0,car,0 days 00:49:06.331000,0 days 01:44:42.939000
2024-05-19 13:52:23.165,11458,290,7,100,False,0,car,0 days 00:49:06.571000,0 days 01:44:43.179000
2024-05-19 13:52:23.445,11527,292,7,100,False,0,car,0 days 00:49:06.851000,0 days 01:44:43.459000
2024-05-19 13:52:23.605,11534,292,7,100,False,0,car,0 days 00:49:07.011000,0 days 01:44:43.619000
2024-05-19 13:52:23.925,11443,296,7,100,False,0,car,0 days 00:49:07.331000,0 days 01:44:43.939000
2024-05-19 13:52:24.285,10639,297,8,100,False,0,car,0 days 00:49:07.691000,0 days 01:44:44.299000
2024-05-19 13:52:24.445,10647,298,8,100,False,0,car,0 days 00:49:07.851000,0 days 01:44:44.459000
2024-05-19 13:52:24.645,10649,300,8,100,False,0,car,0 days 00:49:08.051000,0 days 01:44:44.659000
2024-05-19 13:52:24.885,10719,301,8,100,False,0,car,0 days 00:49:08.291000,0 days 01:44:44.899000
2024-05-19 13:52:25.125,10782,302,8,100,False,0,car,0 days 00:49:08.531000,0 days 01:44:45.139000
2024-05-19 13:52:25.285,10787,303,8,100,False,0,car,0 days 00:49:08.691000,0 days 01:44:45.299000
2024-05-19 13:52:25.485,10821,304,8,100,False,0,car,0 days 00:49:08.891000,0 days 01:44:45.499000
2024-05-19 13:52:25.925,10901,306,8,100,False,0,car,0 days 00:49:09.331000,0 days 01:44:45.939000
2024-05-19 13:52:26.085,10952,307,8,100,False,0,car,0 days 00:49:09.491000,0 days 01:44:46.099000
2024-05-19 13:52:26.285,10912,307,8,100,False,0,car,0 days 00:49:09.691000,0 days 01:44:46.299000
2024-05-19 13:52:26.566,10969,308,8,100,False,0,car,0 days 00:49:09.972000,0 days 01:44:46.580000
2024-05-19 13:52:26.846,10992,309,8,100,False,0,car,0 days 00:49:10.252000,0 days 01:44:46.860000
2024-05-19 13:52:27.206,11052,311,8,100,False,0,car,0 days 00:49:10.612000,0 days 01:44:47.220000
2024-05-19 13:52:27.366,11045,311,8,100,False,0,car,0 days 00:49:10.772000,0 days 01:44:47.380000
2024-05-19 13:52:27.526,11049,312,8,100,False,0,car,0 days 00:49:10.932000,0 days 01:44:47.540000
2024-05-19 13:52:27.765,11051,312,8,100,False,0,car,0 days 00:49:11.171000,0 days 01:44:47.779000
2024-05-19 13:52:27.965,11132,313,8,100,False,0,car,0 days 00:49:11.371000,0 days 01:44:47.979000
2024-05-19 13:52:28.125,11121,314,8,100,False,0,car,0 days 00:49:11.531000,0 days 01:44:48.139000
2024-05-19 13:52:28.445,11155,314,8,100,False,0,car,0 days 00:49:11.851000,0 days 01:44:48.459000
2024-05-19 13:52:28.605,11107,315,8,100,False,0,car,0 days 00:49:12.011000,0 days 01:44:48.619000
2024-05-19 13:52:28.925,11188,314,8,100,False,0,car,0 days 00:49:12.331000,0 days 01:44:48.939000
2024-05-19 13:52:29.205,11182,316,8,100,False,0,car,0 days 00:49:12.611000,0 days 01:44:49.219000
2024-05-19 13:52:29.485,11209,316,8,100,False,0,car,0 days 00:49:12.891000,0 days 01:44:49.499000
2024-05-19 13:52:29.645,11184,316,8,100,False,0,car,0 days 00:49:13.051000,0 days 01:44:49.659000
2024-05-19 13:52:30.005,11170,317,8,100,False,0,car,0 days 00:49:13.411000,0 days 01:44:50.019000
2024-05-19 13:52:30.205,11161,317,8,100,False,0,car,0 days 00:49:13.611000,0 days 01:44:50.219000
2024-05-19 13:52:30.365,11232,317,8,100,False,0,car,0 days 00:49:13.771000,0 days 01:44:50.379000
2024-05-19 13:52:30.685,11241,318,8,100,False,0,car,0 days 00:49:14.091000,0 days 01:44:50.699000
2024-05-19 13:52:30.845,11241,318,8,100,False,0,car,0 days 00:49:14.251000,0 days 01:44:50.859000
2024-05-19 13:52:31.045,11238,318,8,100,False,0,car,0 days 00:49:14.451000,0 days 01:44:51.059000
2024-05-19 13:52:31.205,11248,318,8,100,False,0,car,0 days 00:49:14.611000,0 days 01:44:51.219000
2024-05-19 13:52:31.365,11308,318,8,98,False,0,car,0 days 00:49:14.771000,0 days 01:44:51.379000
2024-05-19 13:52:31.565,11049,316,8,19,False,0,car,0 days 00:49:14.971000,0 days 01:44:51.579000
2024-05-19 13:52:31.925,10387,293,8,0,True,0,car,0 days 00:49:15.331000,0 days 01:44:51.939000
2024-05-19 13:52:32.245,9822,256,8,0,True,0,car,0 days 00:49:15.651000,0 days 01:44:52.259000
2024-05-19 13:52:32.405,10228,243,8,0,True,0,car,0 days 00:49:15.811000,0 days 01:44:52.419000
2024-05-19 13:52:32.685,10418,208,8,0,True,0,car,0 days 00:49:16.091000,0 days 01:44:52.699000
2024-05-19 13:52:32.845,10336,192,7,0,True,0,car,0 days 00:49:16.251000,0 days 01:44:52.859000
2024-05-19 13:52:33.045,10399,179,5,0,True,0,car,0 days 00:49:16.451000,0 days 01:44:53.059000
2024-05-19 13:52:33.206,9854,167,4,0,True,0,car,0 days 00:49:16.612000,0 days 01:44:53.220000
2024-05-19 13:52:33.526,9191,157,4,0,True,0,car,0 days 00:49:16.932000,0 days 01:44:53.540000
2024-05-19 13:52:33.766,9165,153,4,2,False,0,car,0 days 00:49:17.172000,0 days 01:44:53.780000
2024-05-19 13:52:34.046,9127,148,4,21,False,0,car,0 days 00:49:17.452000,0 days 01:44:54.060000
2024-05-19 13:52:34.286,9110,150,4,50,False,0,car,0 days 00:49:17.692000,0 days 01:44:54.300000
2024-05-19 13:52:34.565,9805,156,4,86,False,0,car,0 days 00:49:17.971000,0 days 01:44:54.579000
2024-05-19 13:52:34.765,10083,164,4,83,False,0,car,0 days 00:49:18.171000,0 days 01:44:54.779000
2024-05-19 13:52:35.005,9243,171,5,56,False,0,car,0 days 00:49:18.411000,0 days 01:44:55.019000
2024-05-19 13:52:35.285,8887,170,5,51,False,0,car,0 days 00:49:18.691000,0 days 01:44:55.299000
2024-05-19 13:52:35.445,8962,171,5,59,False,0,car,0 days 00:49:18.851000,0 days 01:44:55.459000
2024-05-19 13:52:35.645,9264,175,5,72,False,0,car,0 days 00:49:19.051000,0 days 01:44:55.659000
2024-05-19 13:52:35.965,9489,183,5,100,False,0,car,0 days 00:49:19.371000,0 days 01:44:55.979000
2024-05-19 13:52:36.325,10155,195,5,100,False,0,car,0 days 00:49:19.731000,0 days 01:44:56.339000
2024-05-19 13:52:36.605,10155,205,5,100,False,0,car,0 days 00:49:20.011000,0 days 01:44:56.619000
2024-05-19 13:52:36.845,11021,209,5,100,False,0,car,0 days 00:49:20.251000,0 days 01:44:56.859000
2024-05-19 13:52:37.125,11342,219,5,100,False,0,car,0 days 00:49:20.531000,0 days 01:44:57.139000
2024-05-19 13:52:37.365,11613,222,5,100,False,0,car,0 days 00:49:20.771000,0 days 01:44:57.379000
2024-05-19 13:52:37.645,10555,228,5,100,False,0,car,0 days 00:49:21.051000,0 days 01:44:57.659000
2024-05-19 13:52:37.925,10594,234,6,100,False,0,car,0 days 00:49:21.331000,0 days 01:44:57.939000
2024-05-19 13:52:38.205,10897,240,6,100,False,0,car,0 days 00:49:21.611000,0 days 01:44:58.219000
2024-05-19 13:52:38.405,11017,244,6,100,False,0,car,0 days 00:49:21.811000,0 days 01:44:58.419000
2024-05-19 13:52:38.685,11164,248,6,100,False,0,car,0 days 00:49:22.091000,0 days 01:44:58.699000
2024-05-19 13:52:38.885,11203,251,6,100,False,0,car,0 days 00:49:22.291000,0 days 01:44:58.899000
2024-05-19 13:52:39.245,11579,259,6,100,False,0,car,0 days 00:49:22.651000,0 days 01:44:59.259000
2024-05-19 13:52:39.405,11631,261,6,100,False,0,car,0 days 00:49:22.811000,0 days 01:44:59.419000
2024-05-19 13:52:39.726,10865,264,6,100,False,0,car,0 days 00:49:23.132000,0 days 01:44:59.740000
2024-05-19 13:52:40.046,10697,269,6,100,False,0,car,0 days 00:49:23.452000,0 days 01:45:00.060000
2024-05-19 13:52:40.366,10831,273,7,100,False,0,car,0 days 00:49:23.772000,0 days 01:45:00.380000
2024-05-19 13:52:40.646,10901,276,7,100,False,0,car,0 days 00:49:24.052000,0 days 01:45:00.660000
2024-05-19 13:52:40.926,11020,277,7,100,False,0,car,0 days 00:49:24.332000,0 days 01:45:00.940000
2024-05-19 13:52:41.086,11023,277,7,100,False,0,car,0 days 00:49:24.492000,0 days 01:45:01.100000
2024-05-19 13:52:41.285,11070,278,7,100,False,0,car,0 days 00:49:24.691000,0 days 01:45:01.299000
2024-05-19 13:52:41.525,11161,279,7,100,False,0,car,0 days 00:49:24.931000,0 days 01:45:01.539000
2024-05-19 13:52:41.765,11024,280,7,100,False,0,car,0 days 00:49:25.171000,0 days 01:45:01.779000
2024-05-19 13:52:42.005,11071,280,7,100,False,0,car,0 days 00:49:25.411000,0 days 01:45:02.019000
2024-05-19 13:52:42.445,11118,279,7,100,False,0,car,0 days 00:49:25.851000,0 days 01:45:02.459000
2024-05-19 13:52:42.765,10617,271,7,0,True,0,car,0 days 00:49:26.171000,0 days 01:45:02.779000
2024-05-19 13:52:42.965,9822,256,7,0,True,0,car,0 days 00:49:26.371000,0 days 01:45:02.979000
2024-05-19 13:52:43.165,9776,243,7,0,True,0,car,0 days 00:49:26.571000,0 days 01:45:03.179000
2024-05-19 13:52:43.365,10244,235,6,0,True,0,car,0 days 00:49:26.771000,0 days 01:45:03.379000
2024-05-19 13:52:43.645,9969,229,6,0,False,0,car,0 days 00:49:27.051000,0 days 01:45:03.659000
2024-05-19 13:52:43.965,9698,222,6,3,True,0,car,0 days 00:49:27.371000,0 days 01:45:03.979000
2024-05-19 13:52:44.205,10038,199,6,0,True,0,car,0 days 00:49:27.611000,0 days 01:45:04.219000
2024-05-19 13:52:44.445,9450,188,5,0,True,0,car,0 days 00:49:27.851000,0 days 01:45:04.459000
2024-05-19 13:52:44.685,8860,179,5,0,True,0,car,0 days 00:49:28.091000,0 days 01:45:04.699000
2024-05-19 13:52:45.085,8420,168,5,2,False,0,car,0 days 00:49:28.491000,0 days 01:45:05.099000
2024-05-19 13:52:45.485,8587,164,5,55,False,0,car,0 days 00:49:28.891000,0 days 01:45:05.499000
2024-05-19 13:52:45.685,8850,167,5,74,False,0,car,0 days 00:49:29.091000,0 days 01:45:05.699000
2024-05-19 13:52:46.125,9481,178,5,92,False,0,car,0 days 00:49:29.531000,0 days 01:45:06.139000
2024-05-19 13:52:46.366,10095,184,5,100,False,0,car,0 days 00:49:29.772000,0 days 01:45:06.380000
2024-05-19 13:52:46.646,10225,193,5,100,False,0,car,0 days 00:49:30.052000,0 days 01:45:06.660000
2024-05-19 13:52:46.966,10511,202,5,100,False,0,car,0 days 00:49:30.372000,0 days 01:45:06.980000
2024-05-19 13:52:47.406,11036,215,5,100,False,0,car,0 days 00:49:30.812000,0 days 01:45:07.420000
2024-05-19 13:52:47.566,11263,217,5,100,False,0,car,0 days 00:49:30.972000,0 days 01:45:07.580000
2024-05-19 13:52:47.925,11352,222,5,100,False,0,car,0 days 00:49:31.331000,0 days 01:45:07.939000
2024-05-19 13:52:48.205,11514,225,5,100,False,0,car,0 days 00:49:31.611000,0 days 01:45:08.219000
2024-05-19 13:52:48.605,11317,226,5,20,False,0,car,0 days 00:49:32.011000,0 days 01:45:08.619000
2024-05-19 13:52:48.965,10574,199,5,0,True,0,car,0 days 00:49:32.371000,0 days 01:45:08.979000
2024-05-19 13:52:49.205,9443,172,5,0,True,0,car,0 days 00:49:32.611000,0 days 01:45:09.219000
2024-05-19 13:52:49.525,10563,152,4,0,True,0,car,0 days 00:49:32.931000,0 days 01:45:09.539000
2024-05-19 13:52:49.765,10130,140,3,0,True,0,car,0 days 00:49:33.171000,0 days 01:45:09.779000
2024-05-19 13:52:49.925,9304,130,3,0,True,0,car,0 days 00:49:33.331000,0 days 01:45:09.939000
2024-05-19 13:52:50.165,8643,124,3,0,True,0,car,0 days 00:49:33.571000,0 days 01:45:10.179000
2024-05-19 13:52:50.325,8192,118,3,0,True,0,car,0 days 00:49:33.731000,0 days 01:45:10.339000
2024-05-19 13:52:50.605,7764,109,3,0,True,0,car,0 days 00:49:34.011000,0 days 01:45:10.619000
2024-05-19 13:52:50.845,7414,106,3,0,False,0,car,0 days 00:49:34.251000,0 days 01:45:10.859000
2024-05-19 13:52:51.165,7055,101,3,0,False,0,car,0 days 00:49:34.571000,0 days 01:45:11.179000
2024-05-19 13:52:51.485,7087,95,3,9,False,0,car,0 days 00:49:34.891000,0 days 01:45:11.499000
2024-05-19 13:52:51.645,7145,95,3,24,False,0,car,0 days 00:49:35.051000,0 days 01:45:11.659000
2024-05-19 13:52:51.805,7191,97,3,21,False,0,car,0 days 00:49:35.211000,0 days 01:45:11.819000
2024-05-19 13:52:52.005,7233,97,3,22,False,0,car,0 days 00:49:35.411000,0 days 01:45:12.019000
2024-05-19 13:52:52.285,7309,98,3,29,False,0,car,0 days 00:49:35.691000,0 days 01:45:12.299000
2024-05-19 13:52:52.565,7820,102,3,45,False,0,car,0 days 00:49:35.971000,0 days 01:45:12.579000
2024-05-19 13:52:52.765,8203,105,3,57,False,0,car,0 days 00:49:36.171000,0 days 01:45:12.779000
2024-05-19 13:52:53.126,9132,120,3,74,False,0,car,0 days 00:49:36.532000,0 days 01:45:13.140000
2024-05-19 13:52:53.286,9620,124,3,85,False,0,car,0 days 00:49:36.692000,0 days 01:45:13.300000
2024-05-19 13:52:53.446,10390,132,3,89,False,0,car,0 days 00:49:36.852000,0 days 01:45:13.460000
2024-05-19 13:52:53.606,11209,141,3,100,False,0,car,0 days 00:49:37.012000,0 days 01:45:13.620000
2024-05-19 13:52:53.926,11740,151,3,100,False,0,car,0 days 00:49:37.332000,0 days 01:45:13.940000
2024-05-19 13:52:54.366,10552,172,4,100,False,0,car,0 days 00:49:37.772000,0 days 01:45:14.380000
2024-05-19 13:52:54.526,11076,176,4,100,False,0,car,0 days 00:49:37.932000,0 days 01:45:14.540000
2024-05-19 13:52:54.765,11473,184,4,100,False,0,car,0 days 00:49:38.171000,0 days 01:45:14.779000
2024-05-19 13:52:54.965,11782,194,4,100,False,0,car,0 days 00:49:38.371000,0 days 01:45:14.979000
2024-05-19 13:52:55.125,11911,200,4,100,False,0,car,0 days 00:49:38.531000,0 days 01:45:15.139000
2024-05-19 13:52:55.405,10732,210,5,100,False,0,car,0 days 00:49:38.811000,0 days 01:45:15.419000
2024-05-19 13:52:55.605,11020,215,5,100,False,0,car,0 days 00:49:39.011000,0 days 01:45:15.619000
2024-05-19 13:52:55.845,11400,218,5,100,False,0,car,0 days 00:49:39.251000,0 days 01:45:15.859000
2024-05-19 13:52:56.205,11717,226,5,100,False,0,car,0 days 00:49:39.611000,0 days 01:45:16.219000
2024-05-19 13:52:56.405,11017,235,5,100,False,0,car,0 days 00:49:39.811000,0 days 01:45:16.419000
2024-05-19 13:52:56.805,10934,243,6,100,False,0,car,0 days 00:49:40.211000,0 days 01:45:16.819000
2024-05-19 13:52:57.045,11090,247,6,100,False,0,car,0 days 00:49:40.451000,0 days 01:45:17.059000
2024-05-19 13:52:57.485,11291,252,6,100,False,0,car,0 days 00:49:40.891000,0 days 01:45:17.499000
2024-05-19 13:52:57.765,11482,257,6,100,False,0,car,0 days 00:49:41.171000,0 days 01:45:17.779000
2024-05-19 13:52:58.045,11320,261,6,100,False,0,car,0 days 00:49:41.451000,0 days 01:45:18.059000
2024-05-19 13:52:58.245,10462,262,6,100,False,0,car,0 days 00:49:41.651000,0 days 01:45:18.259000
2024-05-19 13:52:58.405,10452,263,7,100,False,0,car,0 days 00:49:41.811000,0 days 01:45:18.419000
2024-05-19 13:52:58.605,10515,264,7,100,False,0,car,0 days 00:49:42.011000,0 days 01:45:18.619000
2024-05-19 13:52:58.885,10579,266,7,100,False,0,car,0 days 00:49:42.291000,0 days 01:45:18.899000
2024-05-19 13:52:59.085,10588,267,7,100,False,0,car,0 days 00:49:42.491000,0 days 01:45:19.099000
2024-05-19 13:52:59.245,10679,267,7,100,False,0,car,0 days 00:49:42.651000,0 days 01:45:19.259000
2024-05-19 13:52:59.526,10680,268,7,100,False,0,car,0 days 00:49:42.932000,0 days 01:45:19.540000
2024-05-19 13:52:59.686,10717,268,7,100,False,0,car,0 days 00:49:43.092000,0 days 01:45:19.700000
2024-05-19 13:52:59.846,10647,269,7,100,False,0,car,0 days 00:49:43.252000,0 days 01:45:19.860000
2024-05-19 13:53:00.046,10722,270,7,100,False,0,car,0 days 00:49:43.452000,0 days 01:45:20.060000
2024-05-19 13:53:00.326,10788,271,7,100,False,0,car,0 days 00:49:43.732000,0 days 01:45:20.340000
2024-05-19 13:53:00.566,10708,272,7,72,True,0,car,0 days 00:49:43.972000,0 days 01:45:20.580000
2024-05-19 13:53:00.766,10093,265,7,0,True,0,car,0 days 00:49:44.172000,0 days 01:45:20.780000
2024-05-19 13:53:01.166,10143,233,6,0,True,0,car,0 days 00:49:44.572000,0 days 01:45:21.180000
2024-05-19 13:53:01.326,9889,219,6,0,True,0,car,0 days 00:49:44.732000,0 days 01:45:21.340000
2024-05-19 13:53:01.485,10491,213,5,0,True,0,car,0 days 00:49:44.891000,0 days 01:45:21.499000
2024-05-19 13:53:01.805,10195,202,5,4,True,0,car,0 days 00:49:45.211000,0 days 01:45:21.819000
2024-05-19 13:53:02.205,10096,195,5,60,False,0,car,0 days 00:49:45.611000,0 days 01:45:22.219000
2024-05-19 13:53:02.405,10278,198,5,82,False,0,car,0 days 00:49:45.811000,0 days 01:45:22.419000
2024-05-19 13:53:02.565,10384,198,5,86,False,0,car,0 days 00:49:45.971000,0 days 01:45:22.579000
2024-05-19 13:53:02.725,10598,202,5,85,False,0,car,0 days 00:49:46.131000,0 days 01:45:22.739000
2024-05-19 13:53:02.885,10570,204,5,94,False,0,car,0 days 00:49:46.291000,0 days 01:45:22.899000
2024-05-19 13:53:03.125,11090,210,5,100,False,0,car,0 days 00:49:46.531000,0 days 01:45:23.139000
2024-05-19 13:53:03.405,11331,219,5,100,False,0,car,0 days 00:49:46.811000,0 days 01:45:23.419000
2024-05-19 13:53:03.685,11844,224,5,100,False,0,car,0 days 00:49:47.091000,0 days 01:45:23.699000
2024-05-19 13:53:03.845,11273,226,5,100,False,0,car,0 days 00:49:47.251000,0 days 01:45:23.859000
2024-05-19 13:53:04.165,10632,235,6,100,False,0,car,0 days 00:49:47.571000,0 days 01:45:24.179000
2024-05-19 13:53:04.445,10992,242,6,100,False,0,car,0 days 00:49:47.851000,0 days 01:45:24.459000
2024-05-19 13:53:04.805,11234,249,6,100,False,0,car,0 days 00:49:48.211000,0 days 01:45:24.819000
2024-05-19 13:53:04.965,11234,251,6,100,False,0,car,0 days 00:49:48.371000,0 days 01:45:24.979000
2024-05-19 13:53:05.325,11466,257,6,100,False,0,car,0 days 00:49:48.731000,0 days 01:45:25.339000
2024-05-19 13:53:05.765,11684,262,6,100,False,0,car,0 days 00:49:49.171000,0 days 01:45:25.779000
2024-05-19 13:53:05.925,10844,262,6,100,False,0,car,0 days 00:49:49.331000,0 days 01:45:25.939000
2024-05-19 13:53:06.326,10657,267,7,100,False,0,car,0 days 00:49:49.732000,0 days 01:45:26.340000
2024-05-19 13:53:06.606,10677,269,7,100,False,0,car,0 days 00:49:50.012000,0 days 01:45:26.620000
2024-05-19 13:53:06.886,10660,270,7,100,False,0,car,0 days 00:49:50.292000,0 days 01:45:26.900000
2024-05-19 13:53:07.166,10779,271,7,100,False,0,car,0 days 00:49:50.572000,0 days 01:45:27.180000
2024-05-19 13:53:07.366,10642,272,7,16,False,0,car,0 days 00:49:50.772000,0 days 01:45:27.380000
2024-05-19 13:53:07.646,10307,265,7,2,False,0,car,0 days 00:49:51.052000,0 days 01:45:27.660000
2024-05-19 13:53:08.006,10043,262,7,2,False,0,car,0 days 00:49:51.412000,0 days 01:45:28.020000
2024-05-19 13:53:08.285,9620,249,7,0,True,0,car,0 days 00:49:51.691000,0 days 01:45:28.299000
2024-05-19 13:53:08.565,10365,222,7,0,True,0,car,0 days 00:49:51.971000,0 days 01:45:28.579000
2024-05-19 13:53:08.805,9884,195,7,0,True,0,car,0 days 00:49:52.211000,0 days 01:45:28.819000
2024-05-19 13:53:09.005,9555,179,5,0,True,0,car,0 days 00:49:52.411000,0 days 01:45:29.019000
2024-05-19 13:53:09.285,9881,166,4,0,True,0,car,0 days 00:49:52.691000,0 days 01:45:29.299000
2024-05-19 13:53:09.645,8470,144,4,0,True,0,car,0 days 00:49:53.051000,0 days 01:45:29.659000
2024-05-19 13:53:09.845,7943,136,4,0,True,0,car,0 days 00:49:53.251000,0 days 01:45:29.859000
2024-05-19 13:53:10.085,7683,133,4,0,False,0,car,0 days 00:49:53.491000,0 days 01:45:30.099000
2024-05-19 13:53:10.565,7717,125,4,27,False,0,car,0 days 00:49:53.971000,0 days 01:45:30.579000
2024-05-19 13:53:10.725,7710,124,4,28,False,0,car,0 days 00:49:54.131000,0 days 01:45:30.739000
2024-05-19 13:53:10.965,7863,127,4,59,False,0,car,0 days 00:49:54.371000,0 days 01:45:30.979000
2024-05-19 13:53:11.245,8438,136,4,67,False,0,car,0 days 00:49:54.651000,0 days 01:45:31.259000
2024-05-19 13:53:11.605,9416,151,4,100,False,0,car,0 days 00:49:55.011000,0 days 01:45:31.619000
2024-05-19 13:53:11.765,9850,155,4,100,False,0,car,0 days 00:49:55.171000,0 days 01:45:31.779000
2024-05-19 13:53:12.005,10205,165,4,100,False,0,car,0 days 00:49:55.411000,0 days 01:45:32.019000
2024-05-19 13:53:12.405,10922,179,4,100,False,0,car,0 days 00:49:55.811000,0 days 01:45:32.419000
2024-05-19 13:53:12.766,11554,191,4,100,False,0,car,0 days 00:49:56.172000,0 days 01:45:32.780000
2024-05-19 13:53:13.086,10410,194,4,100,False,0,car,0 days 00:49:56.492000,0 days 01:45:33.100000
2024-05-19 13:53:13.406,10931,209,5,100,False,0,car,0 days 00:49:56.812000,0 days 01:45:33.420000
2024-05-19 13:53:13.566,11223,209,5,100,False,0,car,0 days 00:49:56.972000,0 days 01:45:33.580000
2024-05-19 13:53:13.726,11479,220,5,100,False,0,car,0 days 00:49:57.132000,0 days 01:45:33.740000
2024-05-19 13:53:13.966,11765,225,5,100,False,0,car,0 days 00:49:57.372000,0 days 01:45:33.980000
2024-05-19 13:53:14.326,10597,234,6,100,False,0,car,0 days 00:49:57.732000,0 days 01:45:34.340000
2024-05-19 13:53:14.486,10677,236,6,100,False,0,car,0 days 00:49:57.892000,0 days 01:45:34.500000
2024-05-19 13:53:14.845,11012,244,6,100,False,0,car,0 days 00:49:58.251000,0 days 01:45:34.859000
2024-05-19 13:53:15.245,11193,248,6,100,False,0,car,0 days 00:49:58.651000,0 days 01:45:35.259000
2024-05-19 13:53:15.565,11233,253,6,100,False,0,car,0 days 00:49:58.971000,0 days 01:45:35.579000
2024-05-19 13:53:15.925,11269,256,6,100,False,0,car,0 days 00:49:59.331000,0 days 01:45:35.939000
2024-05-19 13:53:16.245,11468,257,6,100,False,0,car,0 days 00:49:59.651000,0 days 01:45:36.259000
2024-05-19 13:53:16.445,11450,257,6,100,False,0,car,0 days 00:49:59.851000,0 days 01:45:36.459000
2024-05-19 13:53:16.765,11552,259,6,100,False,0,car,0 days 00:50:00.171000,0 days 01:45:36.779000
2024-05-19 13:53:17.045,11582,259,6,100,False,0,car,0 days 00:50:00.451000,0 days 01:45:37.059000
2024-05-19 13:53:17.245,11332,259,6,18,True,0,car,0 days 00:50:00.651000,0 days 01:45:37.259000
2024-05-19 13:53:17.485,10517,237,6,0,True,0,car,0 days 00:50:00.891000,0 days 01:45:37.499000
2024-05-19 13:53:17.645,9715,215,6,0,True,0,car,0 days 00:50:01.051000,0 days 01:45:37.659000
2024-05-19 13:53:18.005,10273,173,6,0,True,0,car,0 days 00:50:01.411000,0 days 01:45:38.019000
2024-05-19 13:53:18.445,8373,151,4,0,True,0,car,0 days 00:50:01.851000,0 days 01:45:38.459000
2024-05-19 13:53:18.845,7495,127,4,0,True,0,car,0 days 00:50:02.251000,0 days 01:45:38.859000
2024-05-19 13:53:19.206,6943,118,4,0,True,0,car,0 days 00:50:02.612000,0 days 01:45:39.220000
2024-05-19 13:53:19.446,6814,112,4,0,False,0,car,0 days 00:50:02.852000,0 days 01:45:39.460000
2024-05-19 13:53:19.766,6680,109,4,0,False,0,car,0 days 00:50:03.172000,0 days 01:45:39.780000
2024-05-19 13:53:19.926,7411,106,4,1,True,0,car,0 days 00:50:03.332000,0 days 01:45:39.940000
2024-05-19 13:53:20.126,7440,106,3,0,False,0,car,0 days 00:50:03.532000,0 days 01:45:40.140000
2024-05-19 13:53:20.366,7246,101,3,0,False,0,car,0 days 00:50:03.772000,0 days 01:45:40.380000
2024-05-19 13:53:20.566,7112,99,3,11,False,0,car,0 days 00:50:03.972000,0 days 01:45:40.580000
2024-05-19 13:53:20.766,7439,99,3,25,False,0,car,0 days 00:50:04.172000,0 days 01:45:40.780000
2024-05-19 13:53:21.086,7691,101,3,38,False,0,car,0 days 00:50:04.492000,0 days 01:45:41.100000
2024-05-19 13:53:21.326,7938,107,3,45,False,0,car,0 days 00:50:04.732000,0 days 01:45:41.340000
2024-05-19 13:53:21.526,8358,113,3,54,False,0,car,0 days 00:50:04.932000,0 days 01:45:41.540000
2024-05-19 13:53:21.765,9390,120,3,79,False,0,car,0 days 00:50:05.171000,0 days 01:45:41.779000
2024-05-19 13:53:21.925,9550,125,3,79,False,0,car,0 days 00:50:05.331000,0 days 01:45:41.939000
2024-05-19 13:53:22.125,10309,137,3,89,False,0,car,0 days 00:50:05.531000,0 days 01:45:42.139000
2024-05-19 13:53:22.445,9864,152,3,100,False,0,car,0 days 00:50:05.851000,0 days 01:45:42.459000
2024-05-19 13:53:22.605,9738,160,4,100,False,0,car,0 days 00:50:06.011000,0 days 01:45:42.619000
2024-05-19 13:53:22.925,10712,174,4,100,False,0,car,0 days 00:50:06.331000,0 days 01:45:42.939000
2024-05-19 13:53:23.125,11163,182,4,100,False,0,car,0 days 00:50:06.531000,0 days 01:45:43.139000
2024-05-19 13:53:23.485,11854,193,4,100,False,0,car,0 days 00:50:06.891000,0 days 01:45:43.499000
2024-05-19 13:53:23.805,10672,206,5,100,False,0,car,0 days 00:50:07.211000,0 days 01:45:43.819000
2024-05-19 13:53:24.245,11273,216,5,100,False,0,car,0 days 00:50:07.651000,0 days 01:45:44.259000
2024-05-19 13:53:24.565,11508,224,5,100,False,0,car,0 days 00:50:07.971000,0 days 01:45:44.579000
2024-05-19 13:53:24.845,11523,233,5,100,False,0,car,0 days 00:50:08.251000,0 days 01:45:44.859000
2024-05-19 13:53:25.125,10720,239,6,100,False,0,car,0 days 00:50:08.531000,0 days 01:45:45.139000
2024-05-19 13:53:25.285,10959,242,6,100,False,0,car,0 days 00:50:08.691000,0 days 01:45:45.299000
2024-05-19 13:53:25.485,11094,246,6,100,False,0,car,0 days 00:50:08.891000,0 days 01:45:45.499000
2024-05-19 13:53:25.685,11271,250,6,100,False,0,car,0 days 00:50:09.091000,0 days 01:45:45.699000
2024-05-19 13:53:26.006,11408,257,6,100,False,0,car,0 days 00:50:09.412000,0 days 01:45:46.020000
2024-05-19 13:53:26.246,11670,260,6,100,False,0,car,0 days 00:50:09.652000,0 days 01:45:46.260000
2024-05-19 13:53:26.646,10789,266,6,100,False,0,car,0 days 00:50:10.052000,0 days 01:45:46.660000
2024-05-19 13:53:26.806,10651,269,6,100,False,0,car,0 days 00:50:10.212000,0 days 01:45:46.820000
2024-05-19 13:53:27.126,10853,272,7,100,False,0,car,0 days 00:50:10.532000,0 days 01:45:47.140000
2024-05-19 13:53:27.286,10891,274,7,100,False,0,car,0 days 00:50:10.692000,0 days 01:45:47.300000
2024-05-19 13:53:27.446,10989,277,7,100,False,0,car,0 days 00:50:10.852000,0 days 01:45:47.460000
2024-05-19 13:53:27.686,11034,279,7,100,False,0,car,0 days 00:50:11.092000,0 days 01:45:47.700000
2024-05-19 13:53:27.966,11193,281,7,100,False,0,car,0 days 00:50:11.372000,0 days 01:45:47.980000
2024-05-19 13:53:28.325,11188,283,7,100,False,0,car,0 days 00:50:11.731000,0 days 01:45:48.339000
2024-05-19 13:53:28.525,11188,285,7,100,False,0,car,0 days 00:50:11.931000,0 days 01:45:48.539000
2024-05-19 13:53:28.885,11319,285,7,100,False,0,car,0 days 00:50:12.291000,0 days 01:45:48.899000
2024-05-19 13:53:29.125,11500,285,7,100,False,0,car,0 days 00:50:12.531000,0 days 01:45:49.139000
2024-05-19 13:53:29.485,10518,294,7,100,False,0,car,0 days 00:50:12.891000,0 days 01:45:49.499000
2024-05-19 13:53:29.725,10564,296,8,100,False,0,car,0 days 00:50:13.131000,0 days 01:45:49.739000
2024-05-19 13:53:30.125,10566,298,8,100,False,0,car,0 days 00:50:13.531000,0 days 01:45:50.139000
2024-05-19 13:53:30.285,10137,297,8,21,False,0,car,0 days 00:50:13.691000,0 days 01:45:50.299000
2024-05-19 13:53:30.605,9929,275,8,0,True,0,car,0 days 00:50:14.011000,0 days 01:45:50.619000
2024-05-19 13:53:30.765,9202,263,8,0,True,0,car,0 days 00:50:14.171000,0 days 01:45:50.779000
2024-05-19 13:53:30.965,9086,238,8,0,True,0,car,0 days 00:50:14.371000,0 days 01:45:50.979000
2024-05-19 13:53:31.125,9473,226,8,0,True,0,car,0 days 00:50:14.531000,0 days 01:45:51.139000
2024-05-19 13:53:31.325,9531,191,7,0,True,0,car,0 days 00:50:14.731000,0 days 01:45:51.339000
2024-05-19 13:53:31.525,9987,171,6,0,True,0,car,0 days 00:50:14.931000,0 days 01:45:51.539000
2024-05-19 13:53:31.805,10803,150,6,0,True,0,car,0 days 00:50:15.211000,0 days 01:45:51.819000
2024-05-19 13:53:31.965,10024,143,4,0,True,0,car,0 days 00:50:15.371000,0 days 01:45:51.979000
2024-05-19 13:53:32.205,9341,130,3,0,True,0,car,0 days 00:50:15.611000,0 days 01:45:52.219000
2024-05-19 13:53:32.486,8709,124,3,0,True,0,car,0 days 00:50:15.892000,0 days 01:45:52.500000
2024-05-19 13:53:32.686,8568,121,3,1,False,0,car,0 days 00:50:16.092000,0 days 01:45:52.700000
2024-05-19 13:53:32.846,8579,117,3,1,False,0,car,0 days 00:50:16.252000,0 days 01:45:52.860000
2024-05-19 13:53:33.046,8536,115,3,4,False,0,car,0 days 00:50:16.452000,0 days 01:45:53.060000
2024-05-19 13:53:33.326,8767,118,3,43,False,0,car,0 days 00:50:16.732000,0 days 01:45:53.340000
2024-05-19 13:53:33.526,8967,121,3,49,False,0,car,0 days 00:50:16.932000,0 days 01:45:53.540000
2024-05-19 13:53:33.686,9218,123,3,57,False,0,car,0 days 00:50:17.092000,0 days 01:45:53.700000
2024-05-19 13:53:33.926,9815,127,3,72,False,0,car,0 days 00:50:17.332000,0 days 01:45:53.940000
2024-05-19 13:53:34.406,10295,150,3,98,False,0,car,0 days 00:50:17.812000,0 days 01:45:54.420000
2024-05-19 13:53:34.726,10061,164,4,100,False,0,car,0 days 00:50:18.132000,0 days 01:45:54.740000
2024-05-19 13:53:34.926,9748,166,4,44,False,0,car,0 days 00:50:18.332000,0 days 01:45:54.940000
2024-05-19 13:53:35.125,9394,159,4,0,True,0,car,0 days 00:50:18.531000,0 days 01:45:55.139000
2024-05-19 13:53:35.325,9044,152,4,0,True,0,car,0 days 00:50:18.731000,0 days 01:45:55.339000
2024-05-19 13:53:35.485,8779,150,4,0,True,0,car,0 days 00:50:18.891000,0 days 01:45:55.499000
2024-05-19 13:53:35.685,8553,146,4,0,True,0,car,0 days 00:50:19.091000,0 days 01:45:55.699000
2024-05-19 13:53:35.965,8309,143,4,1,False,0,car,0 days 00:50:19.371000,0 days 01:45:55.979000
2024-05-19 13:53:36.405,8424,138,4,50,False,0,car,0 days 00:50:19.811000,0 days 01:45:56.419000
2024-05-19 13:53:36.565,8622,139,4,51,False,0,car,0 days 00:50:19.971000,0 days 01:45:56.579000
2024-05-19 13:53:36.885,9141,144,4,62,False,0,car,0 days 00:50:20.291000,0 days 01:45:56.899000
2024-05-19 13:53:37.285,9897,154,4,81,False,0,car,0 days 00:50:20.691000,0 days 01:45:57.299000
2024-05-19 13:53:37.685,10646,165,4,100,False,0,car,0 days 00:50:21.091000,0 days 01:45:57.699000
2024-05-19 13:53:37.885,11104,178,4,100,False,0,car,0 days 00:50:21.291000,0 days 01:45:57.899000
2024-05-19 13:53:38.085,10905,185,4,100,False,0,car,0 days 00:50:21.491000,0 days 01:45:58.099000
2024-05-19 13:53:38.285,10604,192,4,100,False,0,car,0 days 00:50:21.691000,0 days 01:45:58.299000
2024-05-19 13:53:38.565,10337,202,5,100,False,0,car,0 days 00:50:21.971000,0 days 01:45:58.579000
2024-05-19 13:53:38.846,10930,211,5,100,False,0,car,0 days 00:50:22.252000,0 days 01:45:58.860000
2024-05-19 13:53:39.086,11206,217,5,100,False,0,car,0 days 00:50:22.492000,0 days 01:45:59.100000
2024-05-19 13:53:39.246,11456,223,5,100,False,0,car,0 days 00:50:22.652000,0 days 01:45:59.260000
2024-05-19 13:53:39.406,11456,225,5,100,False,0,car,0 days 00:50:22.812000,0 days 01:45:59.420000
2024-05-19 13:53:39.766,10542,235,6,100,False,0,car,0 days 00:50:23.172000,0 days 01:45:59.780000
2024-05-19 13:53:40.006,10712,241,6,100,False,0,car,0 days 00:50:23.412000,0 days 01:46:00.020000
2024-05-19 13:53:40.286,11081,246,6,100,False,0,car,0 days 00:50:23.692000,0 days 01:46:00.300000
2024-05-19 13:53:40.766,11258,253,6,100,False,0,car,0 days 00:50:24.172000,0 days 01:46:00.780000
2024-05-19 13:53:40.966,11489,257,6,100,False,0,car,0 days 00:50:24.372000,0 days 01:46:00.980000
2024-05-19 13:53:41.126,11349,261,6,100,False,0,car,0 days 00:50:24.532000,0 days 01:46:01.140000
2024-05-19 13:53:41.326,10586,264,7,100,False,0,car,0 days 00:50:24.732000,0 days 01:46:01.340000
2024-05-19 13:53:41.606,10647,269,7,100,False,0,car,0 days 00:50:25.012000,0 days 01:46:01.620000
2024-05-19 13:53:41.845,10842,270,7,100,False,0,car,0 days 00:50:25.251000,0 days 01:46:01.859000
2024-05-19 13:53:42.125,10912,275,7,100,False,0,car,0 days 00:50:25.531000,0 days 01:46:02.139000
2024-05-19 13:53:42.285,10999,276,7,100,False,0,car,0 days 00:50:25.691000,0 days 01:46:02.299000
2024-05-19 13:53:42.485,11121,278,7,100,False,0,car,0 days 00:50:25.891000,0 days 01:46:02.499000
2024-05-19 13:53:42.725,11222,282,7,100,False,0,car,0 days 00:50:26.131000,0 days 01:46:02.739000
2024-05-19 13:53:42.965,11184,283,7,100,False,0,car,0 days 00:50:26.371000,0 days 01:46:02.979000
2024-05-19 13:53:43.125,11393,286,7,100,False,0,car,0 days 00:50:26.531000,0 days 01:46:03.139000
2024-05-19 13:53:43.365,11442,288,7,100,False,0,car,0 days 00:50:26.771000,0 days 01:46:03.379000
2024-05-19 13:53:43.525,11565,289,7,100,False,0,car,0 days 00:50:26.931000,0 days 01:46:03.539000
2024-05-19 13:53:43.725,11476,292,7,100,False,0,car,0 days 00:50:27.131000,0 days 01:46:03.739000
2024-05-19 13:53:43.925,11547,293,7,100,False,0,car,0 days 00:50:27.331000,0 days 01:46:03.939000
2024-05-19 13:53:44.285,10468,295,7,100,False,0,car,0 days 00:50:27.691000,0 days 01:46:04.299000
2024-05-19 13:53:44.685,10629,298,8,100,False,0,car,0 days 00:50:28.091000,0 days 01:46:04.699000
2024-05-19 13:53:44.965,10735,301,8,100,False,0,car,0 days 00:50:28.371000,0 days 01:46:04.979000
2024-05-19 13:53:45.365,10795,302,8,100,False,0,car,0 days 00:50:28.771000,0 days 01:46:05.379000
2024-05-19 13:53:45.726,10876,306,8,100,False,0,car,0 days 00:50:29.132000,0 days 01:46:05.740000
2024-05-19 13:53:46.126,10924,307,8,100,False,0,car,0 days 00:50:29.532000,0 days 01:46:06.140000
2024-05-19 13:53:46.326,10908,307,8,100,False,0,car,0 days 00:50:29.732000,0 days 01:46:06.340000
2024-05-19 13:53:46.486,10927,307,8,100,False,0,car,0 days 00:50:29.892000,0 days 01:46:06.500000
2024-05-19 13:53:46.726,10993,309,8,100,False,0,car,0 days 00:50:30.132000,0 days 01:46:06.740000
2024-05-19 13:53:47.006,11048,309,8,100,False,0,car,0 days 00:50:30.412000,0 days 01:46:07.020000
2024-05-19 13:53:47.166,10967,310,8,100,False,0,car,0 days 00:50:30.572000,0 days 01:46:07.180000
2024-05-19 13:53:47.406,11005,310,8,100,False,0,car,0 days 00:50:30.812000,0 days 01:46:07.420000
2024-05-19 13:53:47.566,11005,310,8,100,False,0,car,0 days 00:50:30.972000,0 days 01:46:07.580000
2024-05-19 13:53:47.806,11005,310,8,100,False,0,car,0 days 00:50:31.212000,0 days 01:46:07.820000
2024-05-19 13:53:48.046,11005,311,8,100,False,0,car,0 days 00:50:31.452000,0 days 01:46:08.060000
2024-05-19 13:53:48.206,11060,312,8,100,False,0,car,0 days 00:50:31.612000,0 days 01:46:08.220000
2024-05-19 13:53:48.645,11154,313,8,100,False,0,car,0 days 00:50:32.051000,0 days 01:46:08.659000
2024-05-19 13:53:48.965,11070,313,8,100,False,0,car,0 days 00:50:32.371000,0 days 01:46:08.979000
2024-05-19 13:53:49.125,11116,313,8,100,False,0,car,0 days 00:50:32.531000,0 days 01:46:09.139000
2024-05-19 13:53:49.485,11108,314,8,100,False,0,car,0 days 00:50:32.891000,0 days 01:46:09.499000
2024-05-19 13:53:49.765,11178,314,8,100,False,0,car,0 days 00:50:33.171000,0 days 01:46:09.779000
2024-05-19 13:53:49.965,11183,315,8,100,False,0,car,0 days 00:50:33.371000,0 days 01:46:09.979000
2024-05-19 13:53:50.205,11194,315,8,100,False,0,car,0 days 00:50:33.611000,0 days 01:46:10.219000
2024-05-19 13:53:50.405,11122,315,8,100,False,0,car,0 days 00:50:33.811000,0 days 01:46:10.419000
2024-05-19 13:53:50.765,11178,315,8,100,False,0,car,0 days 00:50:34.171000,0 days 01:46:10.779000
2024-05-19 13:53:50.925,11105,315,8,100,False,0,car,0 days 00:50:34.331000,0 days 01:46:10.939000
2024-05-19 13:53:51.125,11159,316,8,100,False,0,car,0 days 00:50:34.531000,0 days 01:46:11.139000
2024-05-19 13:53:51.285,11236,316,8,100,False,0,car,0 days 00:50:34.691000,0 days 01:46:11.299000
2024-05-19 13:53:51.525,11189,316,8,100,False,0,car,0 days 00:50:34.931000,0 days 01:46:11.539000
2024-05-19 13:53:51.725,11117,316,8,100,False,0,car,0 days 00:50:35.131000,0 days 01:46:11.739000
2024-05-19 13:53:52.006,10974,316,8,5,False,0,car,0 days 00:50:35.412000,0 days 01:46:12.020000
2024-05-19 13:53:52.166,11061,312,8,0,True,0,car,0 days 00:50:35.572000,0 days 01:46:12.180000
2024-05-19 13:53:52.526,9806,273,8,0,True,0,car,0 days 00:50:35.932000,0 days 01:46:12.540000
2024-05-19 13:53:53.006,9876,215,8,0,True,0,car,0 days 00:50:36.412000,0 days 01:46:13.020000
2024-05-19 13:53:53.166,10189,205,6,0,True,0,car,0 days 00:50:36.572000,0 days 01:46:13.180000
2024-05-19 13:53:53.326,9863,196,6,0,True,0,car,0 days 00:50:36.732000,0 days 01:46:13.340000
2024-05-19 13:53:53.606,10242,176,5,0,True,0,car,0 days 00:50:37.012000,0 days 01:46:13.620000
2024-05-19 13:53:54.046,9205,157,4,0,True,0,car,0 days 00:50:37.452000,0 days 01:46:14.060000
2024-05-19 13:53:54.206,9205,152,4,4,False,0,car,0 days 00:50:37.612000,0 days 01:46:14.220000
2024-05-19 13:53:54.366,9049,151,4,21,False,0,car,0 days 00:50:37.772000,0 days 01:46:14.380000
2024-05-19 13:53:54.686,9453,152,4,64,False,0,car,0 days 00:50:38.092000,0 days 01:46:14.700000
2024-05-19 13:53:55.006,9978,163,4,86,False,0,car,0 days 00:50:38.412000,0 days 01:46:15.020000
2024-05-19 13:53:55.325,9529,175,4,96,False,0,car,0 days 00:50:38.731000,0 days 01:46:15.339000
2024-05-19 13:53:55.685,9404,177,5,54,False,0,car,0 days 00:50:39.091000,0 days 01:46:15.699000
2024-05-19 13:53:55.845,9406,179,5,61,False,0,car,0 days 00:50:39.251000,0 days 01:46:15.859000
2024-05-19 13:53:56.085,9602,182,5,84,False,0,car,0 days 00:50:39.491000,0 days 01:46:16.099000
2024-05-19 13:53:56.405,10082,190,5,94,False,0,car,0 days 00:50:39.811000,0 days 01:46:16.419000
2024-05-19 13:53:56.565,10231,193,5,100,False,0,car,0 days 00:50:39.971000,0 days 01:46:16.579000
2024-05-19 13:53:56.845,10651,203,5,100,False,0,car,0 days 00:50:40.251000,0 days 01:46:16.859000
2024-05-19 13:53:57.005,10833,209,5,100,False,0,car,0 days 00:50:40.411000,0 days 01:46:17.019000
2024-05-19 13:53:57.285,11142,216,5,100,False,0,car,0 days 00:50:40.691000,0 days 01:46:17.299000
2024-05-19 13:53:57.685,10265,224,6,100,False,0,car,0 days 00:50:41.091000,0 days 01:46:17.699000
2024-05-19 13:53:58.125,10583,233,6,100,False,0,car,0 days 00:50:41.531000,0 days 01:46:18.139000
2024-05-19 13:53:58.485,10862,238,6,100,False,0,car,0 days 00:50:41.891000,0 days 01:46:18.499000
2024-05-19 13:53:58.966,11035,245,6,100,False,0,car,0 days 00:50:42.372000,0 days 01:46:18.980000
2024-05-19 13:53:59.126,11313,247,6,100,False,0,car,0 days 00:50:42.532000,0 days 01:46:19.140000
2024-05-19 13:53:59.366,11374,254,6,100,False,0,car,0 days 00:50:42.772000,0 days 01:46:19.380000
2024-05-19 13:54:00.126,11647,265,6,100,False,0,car,0 days 00:50:43.532000,0 days 01:46:20.140000
2024-05-19 13:54:00.366,10680,267,6,100,False,0,car,0 days 00:50:43.772000,0 days 01:46:20.380000
2024-05-19 13:54:00.606,10758,272,7,100,False,0,car,0 days 00:50:44.012000,0 days 01:46:20.620000
2024-05-19 13:54:00.846,10897,274,7,100,False,0,car,0 days 00:50:44.252000,0 days 01:46:20.860000
2024-05-19 13:54:01.086,10877,275,7,100,False,0,car,0 days 00:50:44.492000,0 days 01:46:21.100000
2024-05-19 13:54:01.246,10876,276,7,100,False,0,car,0 days 00:50:44.652000,0 days 01:46:21.260000
2024-05-19 13:54:01.446,10992,277,7,100,False,0,car,0 days 00:50:44.852000,0 days 01:46:21.460000
2024-05-19 13:54:01.766,11070,279,7,100,False,0,car,0 days 00:50:45.172000,0 days 01:46:21.780000
2024-05-19 13:54:01.965,11124,279,7,100,False,0,car,0 days 00:50:45.371000,0 days 01:46:21.979000
2024-05-19 13:54:02.125,11037,280,7,100,False,0,car,0 days 00:50:45.531000,0 days 01:46:22.139000
2024-05-19 13:54:02.325,11094,279,7,100,False,0,car,0 days 00:50:45.731000,0 days 01:46:22.339000
2024-05-19 13:54:02.565,11015,279,7,100,False,0,car,0 days 00:50:45.971000,0 days 01:46:22.579000
2024-05-19 13:54:02.725,11021,279,7,100,False,0,car,0 days 00:50:46.131000,0 days 01:46:22.739000
2024-05-19 13:54:02.925,10894,279,7,99,False,0,car,0 days 00:50:46.331000,0 days 01:46:22.939000
2024-05-19 13:54:03.085,10481,276,7,1,True,0,car,0 days 00:50:46.491000,0 days 01:46:23.099000
2024-05-19 13:54:03.285,10233,264,7,0,True,0,car,0 days 00:50:46.691000,0 days 01:46:23.299000
2024-05-19 13:54:03.445,9696,258,7,0,True,0,car,0 days 00:50:46.851000,0 days 01:46:23.459000
2024-05-19 13:54:03.645,10054,241,7,0,True,0,car,0 days 00:50:47.051000,0 days 01:46:23.659000
2024-05-19 13:54:03.885,10218,237,6,0,True,0,car,0 days 00:50:47.291000,0 days 01:46:23.899000
2024-05-19 13:54:04.205,9758,223,6,3,True,0,car,0 days 00:50:47.611000,0 days 01:46:24.219000
2024-05-19 13:54:04.645,9845,205,6,0,True,0,car,0 days 00:50:48.051000,0 days 01:46:24.659000
2024-05-19 13:54:04.925,8977,180,6,0,True,0,car,0 days 00:50:48.331000,0 days 01:46:24.939000
2024-05-19 13:54:05.206,8671,173,5,0,True,0,car,0 days 00:50:48.612000,0 days 01:46:25.220000
2024-05-19 13:54:05.446,8389,167,5,3,False,0,car,0 days 00:50:48.852000,0 days 01:46:25.460000
2024-05-19 13:54:05.726,8580,165,5,37,False,0,car,0 days 00:50:49.132000,0 days 01:46:25.740000
2024-05-19 13:54:06.006,8748,166,5,68,False,0,car,0 days 00:50:49.412000,0 days 01:46:26.020000
2024-05-19 13:54:06.206,8939,171,5,80,False,0,car,0 days 00:50:49.612000,0 days 01:46:26.220000
2024-05-19 13:54:06.366,9087,171,5,89,False,0,car,0 days 00:50:49.772000,0 days 01:46:26.380000
2024-05-19 13:54:06.646,9393,184,5,100,False,0,car,0 days 00:50:50.052000,0 days 01:46:26.660000
2024-05-19 13:54:07.006,9964,195,5,100,False,0,car,0 days 00:50:50.412000,0 days 01:46:27.020000
2024-05-19 13:54:07.286,10379,198,5,100,False,0,car,0 days 00:50:50.692000,0 days 01:46:27.300000
2024-05-19 13:54:07.486,10494,204,5,100,False,0,car,0 days 00:50:50.892000,0 days 01:46:27.500000
2024-05-19 13:54:07.966,11186,215,5,100,False,0,car,0 days 00:50:51.372000,0 days 01:46:27.980000
2024-05-19 13:54:08.326,11315,222,5,100,False,0,car,0 days 00:50:51.732000,0 days 01:46:28.340000
2024-05-19 13:54:08.566,11426,223,5,100,False,0,car,0 days 00:50:51.972000,0 days 01:46:28.580000
2024-05-19 13:54:08.765,11447,225,5,100,False,0,car,0 days 00:50:52.171000,0 days 01:46:28.779000
2024-05-19 13:54:09.085,11035,224,5,0,True,0,car,0 days 00:50:52.491000,0 days 01:46:29.099000
2024-05-19 13:54:09.365,10183,210,5,0,True,0,car,0 days 00:50:52.771000,0 days 01:46:29.379000
2024-05-19 13:54:09.525,10653,190,5,0,True,0,car,0 days 00:50:52.931000,0 days 01:46:29.539000
2024-05-19 13:54:09.725,10059,180,5,0,True,0,car,0 days 00:50:53.131000,0 days 01:46:29.739000
2024-05-19 13:54:09.885,10619,155,5,0,True,0,car,0 days 00:50:53.291000,0 days 01:46:29.899000
2024-05-19 13:54:10.045,10128,143,4,0,True,0,car,0 days 00:50:53.451000,0 days 01:46:30.059000
2024-05-19 13:54:10.205,9581,131,3,0,True,0,car,0 days 00:50:53.611000,0 days 01:46:30.219000
2024-05-19 13:54:10.565,8463,121,3,0,True,0,car,0 days 00:50:53.971000,0 days 01:46:30.579000
2024-05-19 13:54:10.725,8016,115,3,0,True,0,car,0 days 00:50:54.131000,0 days 01:46:30.739000
2024-05-19 13:54:11.125,7581,109,3,0,False,0,car,0 days 00:50:54.531000,0 days 01:46:31.139000
2024-05-19 13:54:11.285,7541,109,3,0,False,0,car,0 days 00:50:54.691000,0 days 01:46:31.299000
2024-05-19 13:54:11.445,7254,105,3,0,False,0,car,0 days 00:50:54.851000,0 days 01:46:31.459000
2024-05-19 13:54:11.685,7065,99,3,0,False,0,car,0 days 00:50:55.091000,0 days 01:46:31.699000
2024-05-19 13:54:11.846,6913,96,3,0,False,0,car,0 days 00:50:55.252000,0 days 01:46:31.860000
2024-05-19 13:54:12.046,7212,95,3,20,False,0,car,0 days 00:50:55.452000,0 days 01:46:32.060000
2024-05-19 13:54:12.366,7419,98,3,35,False,0,car,0 days 00:50:55.772000,0 days 01:46:32.380000
2024-05-19 13:54:12.566,7620,101,3,36,False,0,car,0 days 00:50:55.972000,0 days 01:46:32.580000
2024-05-19 13:54:12.846,7883,105,3,44,False,0,car,0 days 00:50:56.252000,0 days 01:46:32.860000
2024-05-19 13:54:13.126,8420,109,3,55,False,0,car,0 days 00:50:56.532000,0 days 01:46:33.140000
2024-05-19 13:54:13.446,9259,120,3,69,False,0,car,0 days 00:50:56.852000,0 days 01:46:33.460000
2024-05-19 13:54:13.806,10120,137,3,88,False,0,car,0 days 00:50:57.212000,0 days 01:46:33.820000
2024-05-19 13:54:14.126,11215,141,3,100,False,0,car,0 days 00:50:57.532000,0 days 01:46:34.140000
2024-05-19 13:54:14.366,10135,155,3,100,False,0,car,0 days 00:50:57.772000,0 days 01:46:34.380000
2024-05-19 13:54:14.646,10415,172,4,100,False,0,car,0 days 00:50:58.052000,0 days 01:46:34.660000
2024-05-19 13:54:14.966,11377,183,4,100,False,0,car,0 days 00:50:58.372000,0 days 01:46:34.980000
2024-05-19 13:54:15.246,11800,194,4,100,False,0,car,0 days 00:50:58.652000,0 days 01:46:35.260000
2024-05-19 13:54:15.605,10621,206,4,100,False,0,car,0 days 00:50:59.011000,0 days 01:46:35.619000
2024-05-19 13:54:15.805,10839,209,5,100,False,0,car,0 days 00:50:59.211000,0 days 01:46:35.819000
2024-05-19 13:54:16.085,11245,215,5,100,False,0,car,0 days 00:50:59.491000,0 days 01:46:36.099000
2024-05-19 13:54:16.365,11554,223,5,100,False,0,car,0 days 00:50:59.771000,0 days 01:46:36.379000
2024-05-19 13:54:16.765,10524,234,5,100,False,0,car,0 days 00:51:00.171000,0 days 01:46:36.779000
2024-05-19 13:54:17.005,10784,239,6,100,False,0,car,0 days 00:51:00.411000,0 days 01:46:37.019000
2024-05-19 13:54:17.365,11053,244,6,100,False,0,car,0 days 00:51:00.771000,0 days 01:46:37.379000
2024-05-19 13:54:17.605,11238,250,6,100,False,0,car,0 days 00:51:01.011000,0 days 01:46:37.619000
2024-05-19 13:54:17.885,11304,254,6,100,False,0,car,0 days 00:51:01.291000,0 days 01:46:37.899000
2024-05-19 13:54:18.045,11541,257,6,100,False,0,car,0 days 00:51:01.451000,0 days 01:46:38.059000
2024-05-19 13:54:18.326,11578,260,6,100,False,0,car,0 days 00:51:01.732000,0 days 01:46:38.340000
2024-05-19 13:54:18.486,11018,260,6,100,False,0,car,0 days 00:51:01.892000,0 days 01:46:38.500000
2024-05-19 13:54:18.846,10506,263,6,100,False,0,car,0 days 00:51:02.252000,0 days 01:46:38.860000
2024-05-19 13:54:19.046,10554,263,7,100,False,0,car,0 days 00:51:02.452000,0 days 01:46:39.060000
2024-05-19 13:54:19.246,10601,265,7,100,False,0,car,0 days 00:51:02.652000,0 days 01:46:39.260000
2024-05-19 13:54:19.486,10590,266,7,100,False,0,car,0 days 00:51:02.892000,0 days 01:46:39.500000
2024-05-19 13:54:19.846,10614,268,7,100,False,0,car,0 days 00:51:03.252000,0 days 01:46:39.860000
2024-05-19 13:54:20.166,10681,269,7,100,False,0,car,0 days 00:51:03.572000,0 days 01:46:40.180000
2024-05-19 13:54:20.406,10712,269,7,100,False,0,car,0 days 00:51:03.812000,0 days 01:46:40.420000
2024-05-19 13:54:20.606,10675,270,7,100,False,0,car,0 days 00:51:04.012000,0 days 01:46:40.620000
2024-05-19 13:54:20.886,10702,270,7,70,False,0,car,0 days 00:51:04.292000,0 days 01:46:40.900000
2024-05-19 13:54:21.206,10077,258,7,0,True,0,car,0 days 00:51:04.612000,0 days 01:46:41.220000
2024-05-19 13:54:21.366,9564,251,7,0,True,0,car,0 days 00:51:04.772000,0 days 01:46:41.380000
2024-05-19 13:54:21.606,9909,220,7,0,True,0,car,0 days 00:51:05.012000,0 days 01:46:41.620000
2024-05-19 13:54:21.766,10951,220,6,0,True,0,car,0 days 00:51:05.172000,0 days 01:46:41.780000
2024-05-19 13:54:22.165,10362,205,5,1,True,0,car,0 days 00:51:05.571000,0 days 01:46:42.179000
2024-05-19 13:54:22.525,10335,197,5,64,False,0,car,0 days 00:51:05.931000,0 days 01:46:42.539000
2024-05-19 13:54:22.925,10529,201,5,76,False,0,car,0 days 00:51:06.331000,0 days 01:46:42.939000
2024-05-19 13:54:23.165,10674,204,5,90,False,0,car,0 days 00:51:06.571000,0 days 01:46:43.179000
2024-05-19 13:54:23.445,11115,208,5,96,False,0,car,0 days 00:51:06.851000,0 days 01:46:43.459000
2024-05-19 13:54:23.725,11207,219,5,100,False,0,car,0 days 00:51:07.131000,0 days 01:46:43.739000
2024-05-19 13:54:23.885,10899,221,5,100,False,0,car,0 days 00:51:07.291000,0 days 01:46:43.899000
2024-05-19 13:54:24.045,10274,225,5,100,False,0,car,0 days 00:51:07.451000,0 days 01:46:44.059000
2024-05-19 13:54:24.285,10425,227,6,100,False,0,car,0 days 00:51:07.691000,0 days 01:46:44.299000
2024-05-19 13:54:24.605,10758,236,6,100,False,0,car,0 days 00:51:08.011000,0 days 01:46:44.619000
2024-05-19 13:54:24.845,10985,242,6,100,False,0,car,0 days 00:51:08.251000,0 days 01:46:44.859000
2024-05-19 13:54:25.206,11214,248,6,100,False,0,car,0 days 00:51:08.612000,0 days 01:46:45.220000
2024-05-19 13:54:25.566,11313,252,6,100,False,0,car,0 days 00:51:08.972000,0 days 01:46:45.580000
2024-05-19 13:54:25.846,11535,256,6,100,False,0,car,0 days 00:51:09.252000,0 days 01:46:45.860000
2024-05-19 13:54:26.246,10726,261,6,100,False,0,car,0 days 00:51:09.652000,0 days 01:46:46.260000
2024-05-19 13:54:26.406,10402,262,6,100,False,0,car,0 days 00:51:09.812000,0 days 01:46:46.420000
2024-05-19 13:54:26.646,10550,264,7,100,False,0,car,0 days 00:51:10.052000,0 days 01:46:46.660000
2024-05-19 13:54:26.926,10644,267,7,100,False,0,car,0 days 00:51:10.332000,0 days 01:46:46.940000
2024-05-19 13:54:27.166,10628,268,7,100,False,0,car,0 days 00:51:10.572000,0 days 01:46:47.180000
2024-05-19 13:54:27.526,10582,269,7,67,False,0,car,0 days 00:51:10.932000,0 days 01:46:47.540000
2024-05-19 13:54:27.766,10344,268,7,0,False,0,car,0 days 00:51:11.172000,0 days 01:46:47.780000
2024-05-19 13:54:28.646,9508,248,7,0,True,0,car,0 days 00:51:12.052000,0 days 01:46:48.660000
2024-05-19 13:54:28.925,9687,230,7,0,True,0,car,0 days 00:51:12.331000,0 days 01:46:48.939000
2024-05-19 13:54:29.165,10541,213,7,0,True,0,car,0 days 00:51:12.571000,0 days 01:46:49.179000
2024-05-19 13:54:29.405,10526,177,6,0,True,0,car,0 days 00:51:12.811000,0 days 01:46:49.419000
2024-05-19 13:54:29.605,10446,169,5,0,True,0,car,0 days 00:51:13.011000,0 days 01:46:49.619000
2024-05-19 13:54:29.965,8770,153,4,0,True,0,car,0 days 00:51:13.371000,0 days 01:46:49.979000
2024-05-19 13:54:30.245,7993,139,4,0,True,0,car,0 days 00:51:13.651000,0 days 01:46:50.259000
2024-05-19 13:54:30.405,7784,133,4,0,True,0,car,0 days 00:51:13.811000,0 days 01:46:50.419000
2024-05-19 13:54:30.805,7965,127,4,16,False,0,car,0 days 00:51:14.211000,0 days 01:46:50.819000
2024-05-19 13:54:30.965,7621,125,4,30,False,0,car,0 days 00:51:14.371000,0 days 01:46:50.979000
2024-05-19 13:54:31.205,7906,126,4,47,False,0,car,0 days 00:51:14.611000,0 days 01:46:51.219000
2024-05-19 13:54:31.526,8532,129,4,81,False,0,car,0 days 00:51:14.932000,0 days 01:46:51.540000
2024-05-19 13:54:31.766,8630,139,4,80,False,0,car,0 days 00:51:15.172000,0 days 01:46:51.780000
2024-05-19 13:54:32.046,9590,150,4,100,False,0,car,0 days 00:51:15.452000,0 days 01:46:52.060000
2024-05-19 13:54:32.286,10132,157,4,100,False,0,car,0 days 00:51:15.692000,0 days 01:46:52.300000
2024-05-19 13:54:32.526,10272,168,4,100,False,0,car,0 days 00:51:15.932000,0 days 01:46:52.540000
2024-05-19 13:54:32.926,11294,183,4,100,False,0,car,0 days 00:51:16.332000,0 days 01:46:52.940000
2024-05-19 13:54:33.246,11510,193,4,100,False,0,car,0 days 00:51:16.652000,0 days 01:46:53.260000
2024-05-19 13:54:33.486,10484,199,5,100,False,0,car,0 days 00:51:16.892000,0 days 01:46:53.500000
2024-05-19 13:54:33.646,10814,205,5,100,False,0,car,0 days 00:51:17.052000,0 days 01:46:53.660000
2024-05-19 13:54:33.926,11122,213,5,100,False,0,car,0 days 00:51:17.332000,0 days 01:46:53.940000
2024-05-19 13:54:34.166,11122,219,5,100,False,0,car,0 days 00:51:17.572000,0 days 01:46:54.180000
2024-05-19 13:54:34.366,11643,224,5,100,False,0,car,0 days 00:51:17.772000,0 days 01:46:54.380000
2024-05-19 13:54:34.686,10538,227,5,100,False,0,car,0 days 00:51:18.092000,0 days 01:46:54.700000
2024-05-19 13:54:34.926,10771,237,6,100,False,0,car,0 days 00:51:18.332000,0 days 01:46:54.940000
2024-05-19 13:54:35.086,10810,237,6,100,False,0,car,0 days 00:51:18.492000,0 days 01:46:55.100000
2024-05-19 13:54:35.246,10988,244,6,100,False,0,car,0 days 00:51:18.652000,0 days 01:46:55.260000
2024-05-19 13:54:35.525,11064,246,6,100,False,0,car,0 days 00:51:18.931000,0 days 01:46:55.539000
2024-05-19 13:54:35.805,11204,250,6,100,False,0,car,0 days 00:51:19.211000,0 days 01:46:55.819000
2024-05-19 13:54:36.085,11284,252,6,100,False,0,car,0 days 00:51:19.491000,0 days 01:46:56.099000
2024-05-19 13:54:36.245,11297,253,6,100,False,0,car,0 days 00:51:19.651000,0 days 01:46:56.259000
2024-05-19 13:54:36.525,11309,255,6,100,False,0,car,0 days 00:51:19.931000,0 days 01:46:56.539000
2024-05-19 13:54:36.965,11469,257,6,100,False,0,car,0 days 00:51:20.371000,0 days 01:46:56.979000
2024-05-19 13:54:37.325,11502,257,6,100,False,0,car,0 days 00:51:20.731000,0 days 01:46:57.339000
2024-05-19 13:54:37.645,11171,256,6,6,False,0,car,0 days 00:51:21.051000,0 days 01:46:57.659000
2024-05-19 13:54:37.805,11171,245,6,0,True,0,car,0 days 00:51:21.211000,0 days 01:46:57.819000
2024-05-19 13:54:38.046,9491,224,6,0,True,0,car,0 days 00:51:21.452000,0 days 01:46:58.060000
2024-05-19 13:54:38.446,9845,181,6,0,True,0,car,0 days 00:51:21.852000,0 days 01:46:58.460000
2024-05-19 13:54:38.846,8893,151,4,0,True,0,car,0 days 00:51:22.252000,0 days 01:46:58.860000
2024-05-19 13:54:39.246,7692,133,4,0,True,0,car,0 days 00:51:22.652000,0 days 01:46:59.260000
2024-05-19 13:54:39.406,7692,126,4,0,True,0,car,0 days 00:51:22.812000,0 days 01:46:59.420000
2024-05-19 13:54:39.566,6920,122,4,0,True,0,car,0 days 00:51:22.972000,0 days 01:46:59.580000
2024-05-19 13:54:39.806,6917,118,4,0,False,0,car,0 days 00:51:23.212000,0 days 01:46:59.820000
2024-05-19 13:54:40.086,7113,114,4,0,False,0,car,0 days 00:51:23.492000,0 days 01:47:00.100000
2024-05-19 13:54:40.246,7385,109,4,3,False,0,car,0 days 00:51:23.652000,0 days 01:47:00.260000
2024-05-19 13:54:40.446,7686,110,3,0,True,0,car,0 days 00:51:23.852000,0 days 01:47:00.460000
2024-05-19 13:54:40.926,7365,102,3,0,False,0,car,0 days 00:51:24.332000,0 days 01:47:00.940000
2024-05-19 13:54:41.086,7513,101,3,26,False,0,car,0 days 00:51:24.492000,0 days 01:47:01.100000
2024-05-19 13:54:41.406,7905,103,3,40,False,0,car,0 days 00:51:24.812000,0 days 01:47:01.420000
2024-05-19 13:54:41.766,8529,110,3,51,False,0,car,0 days 00:51:25.172000,0 days 01:47:01.780000
2024-05-19 13:54:41.926,9162,116,3,69,False,0,car,0 days 00:51:25.332000,0 days 01:47:01.940000
2024-05-19 13:54:42.166,9877,123,3,87,False,0,car,0 days 00:51:25.572000,0 days 01:47:02.180000
2024-05-19 13:54:42.725,9607,149,3,100,False,0,car,0 days 00:51:26.131000,0 days 01:47:02.739000
2024-05-19 13:54:42.965,10303,159,4,100,False,0,car,0 days 00:51:26.371000,0 days 01:47:02.979000
2024-05-19 13:54:43.205,10546,172,4,100,False,0,car,0 days 00:51:26.611000,0 days 01:47:03.219000
2024-05-19 13:54:43.565,11362,184,4,100,False,0,car,0 days 00:51:26.971000,0 days 01:47:03.579000
2024-05-19 13:54:43.845,10720,195,4,100,False,0,car,0 days 00:51:27.251000,0 days 01:47:03.859000
2024-05-19 13:54:44.085,10557,201,5,100,False,0,car,0 days 00:51:27.491000,0 days 01:47:04.099000
2024-05-19 13:54:44.445,11075,214,5,100,False,0,car,0 days 00:51:27.851000,0 days 01:47:04.459000
2024-05-19 13:54:44.646,11275,220,5,100,False,0,car,0 days 00:51:28.052000,0 days 01:47:04.660000
2024-05-19 13:54:44.886,11555,225,5,100,False,0,car,0 days 00:51:28.292000,0 days 01:47:04.900000
2024-05-19 13:54:45.286,10778,235,6,100,False,0,car,0 days 00:51:28.692000,0 days 01:47:05.300000
2024-05-19 13:54:45.486,10917,240,6,100,False,0,car,0 days 00:51:28.892000,0 days 01:47:05.500000
2024-05-19 13:54:45.846,11194,248,6,100,False,0,car,0 days 00:51:29.252000,0 days 01:47:05.860000
2024-05-19 13:54:46.006,11282,252,6,100,False,0,car,0 days 00:51:29.412000,0 days 01:47:06.020000
2024-05-19 13:54:46.246,11378,255,6,100,False,0,car,0 days 00:51:29.652000,0 days 01:47:06.260000
2024-05-19 13:54:46.486,11569,259,6,100,False,0,car,0 days 00:51:29.892000,0 days 01:47:06.500000
2024-05-19 13:54:46.806,10572,265,6,100,False,0,car,0 days 00:51:30.212000,0 days 01:47:06.820000
2024-05-19 13:54:47.046,10726,268,7,100,False,0,car,0 days 00:51:30.452000,0 days 01:47:07.060000
2024-05-19 13:54:47.246,10780,270,7,100,False,0,car,0 days 00:51:30.652000,0 days 01:47:07.260000
2024-05-19 13:54:47.406,10863,273,7,100,False,0,car,0 days 00:51:30.812000,0 days 01:47:07.420000
2024-05-19 13:54:47.726,11014,276,7,100,False,0,car,0 days 00:51:31.132000,0 days 01:47:07.740000
2024-05-19 13:54:47.886,11082,278,7,100,False,0,car,0 days 00:51:31.292000,0 days 01:47:07.900000
2024-05-19 13:54:48.046,11141,280,7,100,False,0,car,0 days 00:51:31.452000,0 days 01:47:08.060000
2024-05-19 13:54:48.286,11189,282,7,100,False,0,car,0 days 00:51:31.692000,0 days 01:47:08.300000
2024-05-19 13:54:48.606,11189,286,7,100,False,0,car,0 days 00:51:32.012000,0 days 01:47:08.620000
2024-05-19 13:54:48.966,11426,290,7,100,False,0,car,0 days 00:51:32.372000,0 days 01:47:08.980000
2024-05-19 13:54:49.285,11462,290,7,100,False,0,car,0 days 00:51:32.691000,0 days 01:47:09.299000
2024-05-19 13:54:49.565,11592,294,7,100,False,0,car,0 days 00:51:32.971000,0 days 01:47:09.579000
2024-05-19 13:54:49.725,11671,294,7,100,False,0,car,0 days 00:51:33.131000,0 days 01:47:09.739000
2024-05-19 13:54:49.925,11654,295,7,100,False,0,car,0 days 00:51:33.331000,0 days 01:47:09.939000
2024-05-19 13:54:50.165,11703,296,7,100,False,0,car,0 days 00:51:33.571000,0 days 01:47:10.179000
2024-05-19 13:54:50.405,11243,295,7,46,False,0,car,0 days 00:51:33.811000,0 days 01:47:10.419000
2024-05-19 13:54:50.685,11232,291,7,0,False,0,car,0 days 00:51:34.091000,0 days 01:47:10.699000
2024-05-19 13:54:50.925,10542,269,7,0,True,0,car,0 days 00:51:34.331000,0 days 01:47:10.939000
2024-05-19 13:54:51.125,9702,246,7,0,True,0,car,0 days 00:51:34.531000,0 days 01:47:11.139000
2024-05-19 13:54:51.446,10093,212,7,0,True,0,car,0 days 00:51:34.852000,0 days 01:47:11.460000
2024-05-19 13:54:51.646,10697,191,7,0,True,0,car,0 days 00:51:35.052000,0 days 01:47:11.660000
2024-05-19 13:54:51.886,9581,172,5,0,True,0,car,0 days 00:51:35.292000,0 days 01:47:11.900000
2024-05-19 13:54:52.286,10191,146,3,0,True,0,car,0 days 00:51:35.692000,0 days 01:47:12.300000
2024-05-19 13:54:52.446,9314,138,3,0,True,0,car,0 days 00:51:35.852000,0 days 01:47:12.460000
2024-05-19 13:54:52.606,9043,131,3,0,True,0,car,0 days 00:51:36.012000,0 days 01:47:12.620000
2024-05-19 13:54:52.926,8528,124,3,0,True,0,car,0 days 00:51:36.332000,0 days 01:47:12.940000
2024-05-19 13:54:53.206,8243,118,3,0,False,0,car,0 days 00:51:36.612000,0 days 01:47:13.220000
2024-05-19 13:54:53.446,8337,114,3,13,False,0,car,0 days 00:51:36.852000,0 days 01:47:13.460000
2024-05-19 13:54:53.646,8617,115,3,13,False,0,car,0 days 00:51:37.052000,0 days 01:47:13.660000
2024-05-19 13:54:53.806,8959,118,3,50,False,0,car,0 days 00:51:37.212000,0 days 01:47:13.820000
2024-05-19 13:54:54.166,9688,124,3,68,False,0,car,0 days 00:51:37.572000,0 days 01:47:14.180000
2024-05-19 13:54:54.366,9946,130,3,73,False,0,car,0 days 00:51:37.772000,0 days 01:47:14.380000
2024-05-19 13:54:54.526,10645,133,3,84,False,0,car,0 days 00:51:37.932000,0 days 01:47:14.540000
2024-05-19 13:54:54.686,11172,141,3,95,False,0,car,0 days 00:51:38.092000,0 days 01:47:14.700000
2024-05-19 13:54:54.886,11327,149,3,96,False,0,car,0 days 00:51:38.292000,0 days 01:47:14.900000
2024-05-19 13:54:55.166,9697,161,4,27,False,0,car,0 days 00:51:38.572000,0 days 01:47:15.180000
2024-05-19 13:54:55.406,9613,162,4,0,True,0,car,0 days 00:51:38.812000,0 days 01:47:15.420000
2024-05-19 13:54:55.765,8733,153,4,0,True,0,car,0 days 00:51:39.171000,0 days 01:47:15.779000
2024-05-19 13:54:55.925,8603,150,4,0,True,0,car,0 days 00:51:39.331000,0 days 01:47:15.939000
2024-05-19 13:54:56.205,8297,142,4,0,False,0,car,0 days 00:51:39.611000,0 days 01:47:16.219000
2024-05-19 13:54:56.445,8181,137,4,1,False,0,car,0 days 00:51:39.851000,0 days 01:47:16.459000
2024-05-19 13:54:56.845,8677,136,4,57,False,0,car,0 days 00:51:40.251000,0 days 01:47:16.859000
2024-05-19 13:54:57.005,8690,138,4,60,False,0,car,0 days 00:51:40.411000,0 days 01:47:17.019000
2024-05-19 13:54:57.205,9000,143,4,69,False,0,car,0 days 00:51:40.611000,0 days 01:47:17.219000
2024-05-19 13:54:57.405,9499,147,4,75,False,0,car,0 days 00:51:40.811000,0 days 01:47:17.419000
2024-05-19 13:54:57.605,9687,153,4,82,False,0,car,0 days 00:51:41.011000,0 days 01:47:17.619000
2024-05-19 13:54:57.846,10056,160,4,93,False,0,car,0 days 00:51:41.252000,0 days 01:47:17.860000
2024-05-19 13:54:58.006,10583,163,4,100,False,0,car,0 days 00:51:41.412000,0 days 01:47:18.020000
2024-05-19 13:54:58.246,11254,176,4,100,False,0,car,0 days 00:51:41.652000,0 days 01:47:18.260000
2024-05-19 13:54:58.526,11493,186,4,100,False,0,car,0 days 00:51:41.932000,0 days 01:47:18.540000
2024-05-19 13:54:58.846,10511,198,4,100,False,0,car,0 days 00:51:42.252000,0 days 01:47:18.860000
2024-05-19 13:54:59.006,10619,204,5,100,False,0,car,0 days 00:51:42.412000,0 days 01:47:19.020000
2024-05-19 13:54:59.366,11193,213,5,100,False,0,car,0 days 00:51:42.772000,0 days 01:47:19.380000
2024-05-19 13:54:59.526,11248,219,5,100,False,0,car,0 days 00:51:42.932000,0 days 01:47:19.540000
2024-05-19 13:54:59.726,11454,224,5,100,False,0,car,0 days 00:51:43.132000,0 days 01:47:19.740000
2024-05-19 13:54:59.966,10474,229,5,100,False,0,car,0 days 00:51:43.372000,0 days 01:47:19.980000
2024-05-19 13:55:00.286,10776,236,6,100,False,0,car,0 days 00:51:43.692000,0 days 01:47:20.300000
2024-05-19 13:55:00.606,11024,245,6,100,False,0,car,0 days 00:51:44.012000,0 days 01:47:20.620000
2024-05-19 13:55:01.046,11387,253,6,100,False,0,car,0 days 00:51:44.452000,0 days 01:47:21.060000
2024-05-19 13:55:01.406,10943,259,6,100,False,0,car,0 days 00:51:44.812000,0 days 01:47:21.420000
2024-05-19 13:55:01.566,10532,260,6,100,False,0,car,0 days 00:51:44.972000,0 days 01:47:21.580000
2024-05-19 13:55:01.846,10648,265,7,100,False,0,car,0 days 00:51:45.252000,0 days 01:47:21.860000
2024-05-19 13:55:02.286,10828,270,7,100,False,0,car,0 days 00:51:45.692000,0 days 01:47:22.300000
2024-05-19 13:55:02.565,10968,274,7,100,False,0,car,0 days 00:51:45.971000,0 days 01:47:22.579000
2024-05-19 13:55:02.725,11012,276,7,100,False,0,car,0 days 00:51:46.131000,0 days 01:47:22.739000
2024-05-19 13:55:02.925,11037,279,7,100,False,0,car,0 days 00:51:46.331000,0 days 01:47:22.939000
2024-05-19 13:55:03.245,11226,282,7,100,False,0,car,0 days 00:51:46.651000,0 days 01:47:23.259000
2024-05-19 13:55:03.445,11260,284,7,100,False,0,car,0 days 00:51:46.851000,0 days 01:47:23.459000
2024-05-19 13:55:03.645,11334,285,7,100,False,0,car,0 days 00:51:47.051000,0 days 01:47:23.659000
2024-05-19 13:55:03.885,11354,287,7,100,False,0,car,0 days 00:51:47.291000,0 days 01:47:23.899000
2024-05-19 13:55:04.085,11451,289,7,100,False,0,car,0 days 00:51:47.491000,0 days 01:47:24.099000
2024-05-19 13:55:04.285,11501,290,7,100,False,0,car,0 days 00:51:47.691000,0 days 01:47:24.299000
2024-05-19 13:55:04.446,11549,292,7,100,False,0,car,0 days 00:51:47.852000,0 days 01:47:24.460000
2024-05-19 13:55:04.686,11660,294,7,100,False,0,car,0 days 00:51:48.092000,0 days 01:47:24.700000
2024-05-19 13:55:04.846,11507,295,7,100,False,0,car,0 days 00:51:48.252000,0 days 01:47:24.860000
2024-05-19 13:55:05.286,10658,298,8,100,False,0,car,0 days 00:51:48.692000,0 days 01:47:25.300000
2024-05-19 13:55:05.646,10767,301,8,100,False,0,car,0 days 00:51:49.052000,0 days 01:47:25.660000
2024-05-19 13:55:05.926,10744,303,8,100,False,0,car,0 days 00:51:49.332000,0 days 01:47:25.940000
2024-05-19 13:55:06.126,10793,303,8,100,False,0,car,0 days 00:51:49.532000,0 days 01:47:26.140000
2024-05-19 13:55:06.446,10826,304,8,100,False,0,car,0 days 00:51:49.852000,0 days 01:47:26.460000
2024-05-19 13:55:06.606,10816,304,8,100,False,0,car,0 days 00:51:50.012000,0 days 01:47:26.620000
2024-05-19 13:55:06.806,10885,307,8,100,False,0,car,0 days 00:51:50.212000,0 days 01:47:26.820000
2024-05-19 13:55:07.126,10912,308,8,100,False,0,car,0 days 00:51:50.532000,0 days 01:47:27.140000
2024-05-19 13:55:07.446,10995,309,8,100,False,0,car,0 days 00:51:50.852000,0 days 01:47:27.460000
2024-05-19 13:55:07.606,10995,310,8,100,False,0,car,0 days 00:51:51.012000,0 days 01:47:27.620000
2024-05-19 13:55:07.926,11031,310,8,100,False,0,car,0 days 00:51:51.332000,0 days 01:47:27.940000
2024-05-19 13:55:08.206,11038,310,8,100,False,0,car,0 days 00:51:51.612000,0 days 01:47:28.220000
2024-05-19 13:55:08.446,11034,310,8,100,False,0,car,0 days 00:51:51.852000,0 days 01:47:28.460000
2024-05-19 13:55:08.686,11038,311,8,100,False,0,car,0 days 00:51:52.092000,0 days 01:47:28.700000
2024-05-19 13:55:09.006,11087,313,8,100,False,0,car,0 days 00:51:52.412000,0 days 01:47:29.020000
2024-05-19 13:55:09.166,11069,313,8,100,False,0,car,0 days 00:51:52.572000,0 days 01:47:29.180000
2024-05-19 13:55:09.325,11069,313,8,100,False,0,car,0 days 00:51:52.731000,0 days 01:47:29.339000
2024-05-19 13:55:09.525,11122,313,8,100,False,0,car,0 days 00:51:52.931000,0 days 01:47:29.539000
2024-05-19 13:55:09.685,11123,313,8,100,False,0,car,0 days 00:51:53.091000,0 days 01:47:29.699000
2024-05-19 13:55:09.965,11092,313,8,100,False,0,car,0 days 00:51:53.371000,0 days 01:47:29.979000
2024-05-19 13:55:10.205,11125,313,8,100,False,0,car,0 days 00:51:53.611000,0 days 01:47:30.219000
2024-05-19 13:55:10.565,11159,314,8,100,False,0,car,0 days 00:51:53.971000,0 days 01:47:30.579000
2024-05-19 13:55:10.885,11141,314,8,100,False,0,car,0 days 00:51:54.291000,0 days 01:47:30.899000
2024-05-19 13:55:11.166,11106,315,8,100,False,0,car,0 days 00:51:54.572000,0 days 01:47:31.180000
2024-05-19 13:55:11.446,11131,315,8,100,False,0,car,0 days 00:51:54.852000,0 days 01:47:31.460000
2024-05-19 13:55:11.606,11094,315,8,100,False,0,car,0 days 00:51:55.012000,0 days 01:47:31.620000
2024-05-19 13:55:11.806,11094,315,8,100,False,0,car,0 days 00:51:55.212000,0 days 01:47:31.820000
2024-05-19 13:55:12.126,11184,315,8,100,False,0,car,0 days 00:51:55.532000,0 days 01:47:32.140000
2024-05-19 13:55:12.326,11150,315,8,100,False,0,car,0 days 00:51:55.732000,0 days 01:47:32.340000
2024-05-19 13:55:12.686,10636,311,8,0,True,0,car,0 days 00:51:56.092000,0 days 01:47:32.700000
2024-05-19 13:55:12.846,10189,297,8,0,True,0,car,0 days 00:51:56.252000,0 days 01:47:32.860000
2024-05-19 13:55:13.006,9538,287,8,0,True,0,car,0 days 00:51:56.412000,0 days 01:47:33.020000
2024-05-19 13:55:13.286,9595,250,8,0,True,0,car,0 days 00:51:56.692000,0 days 01:47:33.300000
2024-05-19 13:55:13.526,10013,214,8,0,True,0,car,0 days 00:51:56.932000,0 days 01:47:33.540000
2024-05-19 13:55:13.766,10176,197,7,0,True,0,car,0 days 00:51:57.172000,0 days 01:47:33.780000
2024-05-19 13:55:14.166,9700,170,4,0,True,0,car,0 days 00:51:57.572000,0 days 01:47:34.180000
2024-05-19 13:55:14.526,9419,159,4,2,False,0,car,0 days 00:51:57.932000,0 days 01:47:34.540000
2024-05-19 13:55:14.766,9188,154,4,5,False,0,car,0 days 00:51:58.172000,0 days 01:47:34.780000
2024-05-19 13:55:15.006,9132,150,4,32,False,0,car,0 days 00:51:58.412000,0 days 01:47:35.020000
2024-05-19 13:55:15.206,9442,151,4,55,False,0,car,0 days 00:51:58.612000,0 days 01:47:35.220000
2024-05-19 13:55:15.366,9385,152,4,70,False,0,car,0 days 00:51:58.772000,0 days 01:47:35.380000
2024-05-19 13:55:15.566,9172,156,4,87,False,0,car,0 days 00:51:58.972000,0 days 01:47:35.580000
2024-05-19 13:55:15.846,8446,166,4,24,False,0,car,0 days 00:51:59.252000,0 days 01:47:35.860000
2024-05-19 13:55:16.165,8611,163,5,56,False,0,car,0 days 00:51:59.571000,0 days 01:47:36.179000
2024-05-19 13:55:16.405,8706,164,5,63,False,0,car,0 days 00:51:59.811000,0 days 01:47:36.419000
2024-05-19 13:55:16.685,8980,167,5,92,False,0,car,0 days 00:52:00.091000,0 days 01:47:36.699000
2024-05-19 13:55:16.845,9271,173,5,100,False,0,car,0 days 00:52:00.251000,0 days 01:47:36.859000
2024-05-19 13:55:17.085,9757,180,5,100,False,0,car,0 days 00:52:00.491000,0 days 01:47:37.099000
2024-05-19 13:55:17.285,10021,186,5,100,False,0,car,0 days 00:52:00.691000,0 days 01:47:37.299000
2024-05-19 13:55:17.686,10538,199,5,100,False,0,car,0 days 00:52:01.092000,0 days 01:47:37.700000
2024-05-19 13:55:18.086,11055,211,5,100,False,0,car,0 days 00:52:01.492000,0 days 01:47:38.100000
2024-05-19 13:55:18.486,11575,221,5,100,False,0,car,0 days 00:52:01.892000,0 days 01:47:38.500000
2024-05-19 13:55:18.686,10455,224,5,100,False,0,car,0 days 00:52:02.092000,0 days 01:47:38.700000
2024-05-19 13:55:18.966,10455,230,6,100,False,0,car,0 days 00:52:02.372000,0 days 01:47:38.980000
2024-05-19 13:55:19.206,10759,236,6,100,False,0,car,0 days 00:52:02.612000,0 days 01:47:39.220000
2024-05-19 13:55:19.366,10844,238,6,100,False,0,car,0 days 00:52:02.772000,0 days 01:47:39.380000
2024-05-19 13:55:19.726,11007,246,6,100,False,0,car,0 days 00:52:03.132000,0 days 01:47:39.740000
2024-05-19 13:55:20.046,11402,252,6,100,False,0,car,0 days 00:52:03.452000,0 days 01:47:40.060000
2024-05-19 13:55:20.366,11529,256,6,100,False,0,car,0 days 00:52:03.772000,0 days 01:47:40.380000
2024-05-19 13:55:20.566,11628,259,6,100,False,0,car,0 days 00:52:03.972000,0 days 01:47:40.580000
2024-05-19 13:55:20.806,11135,264,6,100,False,0,car,0 days 00:52:04.212000,0 days 01:47:40.820000
2024-05-19 13:55:21.086,10663,267,7,100,False,0,car,0 days 00:52:04.492000,0 days 01:47:41.100000
2024-05-19 13:55:21.246,10657,269,7,100,False,0,car,0 days 00:52:04.652000,0 days 01:47:41.260000
2024-05-19 13:55:21.606,10831,272,7,100,False,0,car,0 days 00:52:05.012000,0 days 01:47:41.620000
2024-05-19 13:55:21.846,10886,274,7,100,False,0,car,0 days 00:52:05.252000,0 days 01:47:41.860000
2024-05-19 13:55:22.046,10940,275,7,100,False,0,car,0 days 00:52:05.452000,0 days 01:47:42.060000
2024-05-19 13:55:22.406,10940,277,7,100,False,0,car,0 days 00:52:05.812000,0 days 01:47:42.420000
2024-05-19 13:55:22.765,10912,277,7,100,False,0,car,0 days 00:52:06.171000,0 days 01:47:42.779000
2024-05-19 13:55:23.005,10967,277,7,100,False,0,car,0 days 00:52:06.411000,0 days 01:47:43.019000
2024-05-19 13:55:23.405,10989,277,7,100,False,0,car,0 days 00:52:06.811000,0 days 01:47:43.419000
2024-05-19 13:55:23.605,10555,276,7,4,False,0,car,0 days 00:52:07.011000,0 days 01:47:43.619000
2024-05-19 13:55:23.965,9839,268,7,0,True,0,car,0 days 00:52:07.371000,0 days 01:47:43.979000
2024-05-19 13:55:24.206,10507,250,7,0,True,0,car,0 days 00:52:07.612000,0 days 01:47:44.220000
2024-05-19 13:55:24.486,10003,233,6,0,True,0,car,0 days 00:52:07.892000,0 days 01:47:44.500000
2024-05-19 13:55:24.686,9780,230,6,0,True,0,car,0 days 00:52:08.092000,0 days 01:47:44.700000
2024-05-19 13:55:24.846,9648,219,6,4,True,0,car,0 days 00:52:08.252000,0 days 01:47:44.860000
2024-05-19 13:55:25.006,9499,218,6,1,True,0,car,0 days 00:52:08.412000,0 days 01:47:45.020000
2024-05-19 13:55:25.246,9637,205,6,0,True,0,car,0 days 00:52:08.652000,0 days 01:47:45.260000
2024-05-19 13:55:25.526,9905,186,5,0,True,0,car,0 days 00:52:08.932000,0 days 01:47:45.540000
2024-05-19 13:55:25.886,8609,174,5,3,True,0,car,0 days 00:52:09.292000,0 days 01:47:45.900000
2024-05-19 13:55:26.206,8490,166,5,22,False,0,car,0 days 00:52:09.612000,0 days 01:47:46.220000
2024-05-19 13:55:26.446,8748,165,5,47,False,0,car,0 days 00:52:09.852000,0 days 01:47:46.460000
2024-05-19 13:55:26.606,8798,165,5,67,False,0,car,0 days 00:52:10.012000,0 days 01:47:46.620000
2024-05-19 13:55:26.766,8954,166,5,84,False,0,car,0 days 00:52:10.172000,0 days 01:47:46.780000
2024-05-19 13:55:27.046,9352,173,5,98,False,0,car,0 days 00:52:10.452000,0 days 01:47:47.060000
2024-05-19 13:55:27.286,9600,179,5,100,False,0,car,0 days 00:52:10.692000,0 days 01:47:47.300000
2024-05-19 13:55:27.566,10198,188,5,100,False,0,car,0 days 00:52:10.972000,0 days 01:47:47.580000
2024-05-19 13:55:27.886,10361,197,5,100,False,0,car,0 days 00:52:11.292000,0 days 01:47:47.900000
2024-05-19 13:55:28.246,10807,210,5,100,False,0,car,0 days 00:52:11.652000,0 days 01:47:48.260000
2024-05-19 13:55:28.486,11117,214,5,100,False,0,car,0 days 00:52:11.892000,0 days 01:47:48.500000
2024-05-19 13:55:28.766,11370,219,5,100,False,0,car,0 days 00:52:12.172000,0 days 01:47:48.780000
2024-05-19 13:55:29.086,11413,223,5,100,False,0,car,0 days 00:52:12.492000,0 days 01:47:49.100000
2024-05-19 13:55:29.405,11434,226,5,100,False,0,car,0 days 00:52:12.811000,0 days 01:47:49.419000
2024-05-19 13:55:29.725,11487,227,5,5,False,0,car,0 days 00:52:13.131000,0 days 01:47:49.739000
2024-05-19 13:55:29.925,11088,213,5,0,True,0,car,0 days 00:52:13.331000,0 days 01:47:49.939000
2024-05-19 13:55:30.205,10463,186,5,0,True,0,car,0 days 00:52:13.611000,0 days 01:47:50.219000
2024-05-19 13:55:30.565,10250,162,5,0,True,0,car,0 days 00:52:13.971000,0 days 01:47:50.579000
2024-05-19 13:55:30.726,10908,156,4,0,True,0,car,0 days 00:52:14.132000,0 days 01:47:50.740000
2024-05-19 13:55:31.046,9107,133,3,0,True,0,car,0 days 00:52:14.452000,0 days 01:47:51.060000
2024-05-19 13:55:31.406,8263,118,3,0,True,0,car,0 days 00:52:14.812000,0 days 01:47:51.420000
2024-05-19 13:55:31.726,7513,110,3,0,True,0,car,0 days 00:52:15.132000,0 days 01:47:51.740000
2024-05-19 13:55:32.086,7124,104,3,0,False,0,car,0 days 00:52:15.492000,0 days 01:47:52.100000
2024-05-19 13:55:32.486,6835,96,3,3,False,0,car,0 days 00:52:15.892000,0 days 01:47:52.500000
2024-05-19 13:55:32.846,7241,96,3,27,False,0,car,0 days 00:52:16.252000,0 days 01:47:52.860000
2024-05-19 13:55:33.046,7419,98,3,28,False,0,car,0 days 00:52:16.452000,0 days 01:47:53.060000
2024-05-19 13:55:33.206,7510,100,3,35,False,0,car,0 days 00:52:16.612000,0 days 01:47:53.220000
2024-05-19 13:55:33.486,7872,102,3,47,False,0,car,0 days 00:52:16.892000,0 days 01:47:53.500000
2024-05-19 13:55:33.726,8159,108,3,55,False,0,car,0 days 00:52:17.132000,0 days 01:47:53.740000
2024-05-19 13:55:33.886,8616,111,3,63,False,0,car,0 days 00:52:17.292000,0 days 01:47:53.900000
2024-05-19 13:55:34.206,9408,123,3,82,False,0,car,0 days 00:52:17.612000,0 days 01:47:54.220000
2024-05-19 13:55:34.486,10298,128,3,100,False,0,car,0 days 00:52:17.892000,0 days 01:47:54.500000
2024-05-19 13:55:34.806,11419,151,3,100,False,0,car,0 days 00:52:18.212000,0 days 01:47:54.820000
2024-05-19 13:55:35.006,10159,160,3,100,False,0,car,0 days 00:52:18.412000,0 days 01:47:55.020000
2024-05-19 13:55:35.246,10597,168,4,100,False,0,car,0 days 00:52:18.652000,0 days 01:47:55.260000
2024-05-19 13:55:35.486,11084,168,4,100,False,0,car,0 days 00:52:18.892000,0 days 01:47:55.500000
2024-05-19 13:55:35.766,11456,188,4,100,False,0,car,0 days 00:52:19.172000,0 days 01:47:55.780000
2024-05-19 13:55:36.006,12050,198,4,100,False,0,car,0 days 00:52:19.412000,0 days 01:47:56.020000
2024-05-19 13:55:36.365,10892,201,5,100,False,0,car,0 days 00:52:19.771000,0 days 01:47:56.379000
2024-05-19 13:55:36.525,11028,213,5,100,False,0,car,0 days 00:52:19.931000,0 days 01:47:56.539000
2024-05-19 13:55:36.965,11615,224,5,100,False,0,car,0 days 00:52:20.371000,0 days 01:47:56.979000
2024-05-19 13:55:37.366,10659,230,5,100,False,0,car,0 days 00:52:20.772000,0 days 01:47:57.380000
2024-05-19 13:55:37.566,10840,237,6,100,False,0,car,0 days 00:52:20.972000,0 days 01:47:57.580000
2024-05-19 13:55:37.726,10888,241,6,100,False,0,car,0 days 00:52:21.132000,0 days 01:47:57.740000
2024-05-19 13:55:37.886,11015,243,6,100,False,0,car,0 days 00:52:21.292000,0 days 01:47:57.900000
2024-05-19 13:55:38.086,11192,245,6,100,False,0,car,0 days 00:52:21.492000,0 days 01:47:58.100000
2024-05-19 13:55:38.286,11307,250,6,100,False,0,car,0 days 00:52:21.692000,0 days 01:47:58.300000
2024-05-19 13:55:38.526,11427,255,6,100,False,0,car,0 days 00:52:21.932000,0 days 01:47:58.540000
2024-05-19 13:55:38.766,11554,257,6,100,False,0,car,0 days 00:52:22.172000,0 days 01:47:58.780000
2024-05-19 13:55:38.926,11438,260,6,100,False,0,car,0 days 00:52:22.332000,0 days 01:47:58.940000
2024-05-19 13:55:39.206,11040,262,6,100,False,0,car,0 days 00:52:22.612000,0 days 01:47:59.220000
2024-05-19 13:55:39.526,10504,263,7,100,False,0,car,0 days 00:52:22.932000,0 days 01:47:59.540000
2024-05-19 13:55:39.686,10506,264,7,100,False,0,car,0 days 00:52:23.092000,0 days 01:47:59.700000
2024-05-19 13:55:40.046,10646,266,7,100,False,0,car,0 days 00:52:23.452000,0 days 01:48:00.060000
2024-05-19 13:55:40.286,10678,267,7,100,False,0,car,0 days 00:52:23.692000,0 days 01:48:00.300000
2024-05-19 13:55:40.646,10670,269,7,100,False,0,car,0 days 00:52:24.052000,0 days 01:48:00.660000
2024-05-19 13:55:40.966,10725,270,7,100,False,0,car,0 days 00:52:24.372000,0 days 01:48:00.980000
2024-05-19 13:55:41.206,10751,271,7,100,False,0,car,0 days 00:52:24.612000,0 days 01:48:01.220000
2024-05-19 13:55:41.646,10328,272,7,6,False,0,car,0 days 00:52:25.052000,0 days 01:48:01.660000
2024-05-19 13:55:41.886,9855,268,7,0,True,0,car,0 days 00:52:25.292000,0 days 01:48:01.900000
2024-05-19 13:55:42.046,10104,244,7,0,True,0,car,0 days 00:52:25.452000,0 days 01:48:02.060000
2024-05-19 13:55:42.206,9982,230,7,0,True,0,car,0 days 00:52:25.612000,0 days 01:48:02.220000
2024-05-19 13:55:42.526,10619,213,6,1,True,0,car,0 days 00:52:25.932000,0 days 01:48:02.540000
2024-05-19 13:55:42.846,10223,207,5,5,True,0,car,0 days 00:52:26.252000,0 days 01:48:02.860000
2024-05-19 13:55:43.045,10204,202,5,24,False,0,car,0 days 00:52:26.451000,0 days 01:48:03.059000
2024-05-19 13:55:43.205,10311,198,5,73,False,0,car,0 days 00:52:26.611000,0 days 01:48:03.219000
2024-05-19 13:55:43.445,10492,201,5,86,False,0,car,0 days 00:52:26.851000,0 days 01:48:03.459000
2024-05-19 13:55:43.605,10634,204,5,89,False,0,car,0 days 00:52:27.011000,0 days 01:48:03.619000
2024-05-19 13:55:43.805,10947,205,5,100,False,0,car,0 days 00:52:27.211000,0 days 01:48:03.819000
2024-05-19 13:55:44.086,11187,212,5,100,False,0,car,0 days 00:52:27.492000,0 days 01:48:04.100000
2024-05-19 13:55:44.486,11611,222,5,100,False,0,car,0 days 00:52:27.892000,0 days 01:48:04.500000
2024-05-19 13:55:44.686,11243,226,5,100,False,0,car,0 days 00:52:28.092000,0 days 01:48:04.700000
2024-05-19 13:55:44.846,10588,228,5,100,False,0,car,0 days 00:52:28.252000,0 days 01:48:04.860000
2024-05-19 13:55:45.166,10729,237,6,100,False,0,car,0 days 00:52:28.572000,0 days 01:48:05.180000
2024-05-19 13:55:45.526,10978,246,6,100,False,0,car,0 days 00:52:28.932000,0 days 01:48:05.540000
2024-05-19 13:55:45.766,11210,247,6,100,False,0,car,0 days 00:52:29.172000,0 days 01:48:05.780000
2024-05-19 13:55:45.926,11224,251,6,100,False,0,car,0 days 00:52:29.332000,0 days 01:48:05.940000
2024-05-19 13:55:46.166,11443,253,6,100,False,0,car,0 days 00:52:29.572000,0 days 01:48:06.180000
2024-05-19 13:55:46.486,11516,257,6,100,False,0,car,0 days 00:52:29.892000,0 days 01:48:06.500000
2024-05-19 13:55:46.726,11593,261,6,100,False,0,car,0 days 00:52:30.132000,0 days 01:48:06.740000
2024-05-19 13:55:46.966,11724,262,6,100,False,0,car,0 days 00:52:30.372000,0 days 01:48:06.980000
2024-05-19 13:55:47.126,11668,264,6,100,False,0,car,0 days 00:52:30.532000,0 days 01:48:07.140000
2024-05-19 13:55:47.366,10728,266,7,100,False,0,car,0 days 00:52:30.772000,0 days 01:48:07.380000
2024-05-19 13:55:47.646,10689,268,7,100,False,0,car,0 days 00:52:31.052000,0 days 01:48:07.660000
2024-05-19 13:55:47.806,10683,269,7,100,False,0,car,0 days 00:52:31.212000,0 days 01:48:07.820000
2024-05-19 13:55:48.046,10560,270,7,100,False,0,car,0 days 00:52:31.452000,0 days 01:48:08.060000
2024-05-19 13:55:48.246,10392,269,7,13,False,0,car,0 days 00:52:31.652000,0 days 01:48:08.260000
2024-05-19 13:55:48.486,10257,265,7,0,False,0,car,0 days 00:52:31.892000,0 days 01:48:08.500000
2024-05-19 13:55:48.686,10112,261,7,0,False,0,car,0 days 00:52:32.092000,0 days 01:48:08.700000
2024-05-19 13:55:48.846,9905,257,7,0,False,0,car,0 days 00:52:32.252000,0 days 01:48:08.860000
2024-05-19 13:55:49.086,9603,254,7,0,False,0,car,0 days 00:52:32.492000,0 days 01:48:09.100000
2024-05-19 13:55:49.486,9648,235,7,0,True,0,car,0 days 00:52:32.892000,0 days 01:48:09.500000
2024-05-19 13:55:49.845,10491,198,7,0,True,0,car,0 days 00:52:33.251000,0 days 01:48:09.859000
2024-05-19 13:55:50.125,9869,169,5,0,True,0,car,0 days 00:52:33.531000,0 days 01:48:10.139000
2024-05-19 13:55:50.406,8795,157,4,0,True,0,car,0 days 00:52:33.812000,0 days 01:48:10.420000
2024-05-19 13:55:50.726,8425,140,4,0,True,0,car,0 days 00:52:34.132000,0 days 01:48:10.740000
2024-05-19 13:55:50.886,7893,138,4,0,True,0,car,0 days 00:52:34.292000,0 days 01:48:10.900000
2024-05-19 13:55:51.086,7723,135,4,0,True,0,car,0 days 00:52:34.492000,0 days 01:48:11.100000
2024-05-19 13:55:51.326,7660,133,4,13,True,0,car,0 days 00:52:34.732000,0 days 01:48:11.340000
2024-05-19 13:55:51.566,7773,126,4,32,False,0,car,0 days 00:52:34.972000,0 days 01:48:11.580000
2024-05-19 13:55:51.766,7870,126,4,54,False,0,car,0 days 00:52:35.172000,0 days 01:48:11.780000
2024-05-19 13:55:51.966,8150,129,4,67,False,0,car,0 days 00:52:35.372000,0 days 01:48:11.980000
2024-05-19 13:55:52.166,8563,134,4,83,False,0,car,0 days 00:52:35.572000,0 days 01:48:12.180000
2024-05-19 13:55:52.486,9104,143,4,100,False,0,car,0 days 00:52:35.892000,0 days 01:48:12.500000
2024-05-19 13:55:52.726,9563,155,4,100,False,0,car,0 days 00:52:36.132000,0 days 01:48:12.740000
2024-05-19 13:55:53.006,10645,165,4,100,False,0,car,0 days 00:52:36.412000,0 days 01:48:13.020000
2024-05-19 13:55:53.206,11044,169,4,100,False,0,car,0 days 00:52:36.612000,0 days 01:48:13.220000
2024-05-19 13:55:53.406,11097,181,4,100,False,0,car,0 days 00:52:36.812000,0 days 01:48:13.420000
2024-05-19 13:55:53.846,11509,193,4,100,False,0,car,0 days 00:52:37.252000,0 days 01:48:13.860000
2024-05-19 13:55:54.726,11255,220,5,100,False,0,car,0 days 00:52:38.132000,0 days 01:48:14.740000
2024-05-19 13:55:54.966,11615,225,5,100,False,0,car,0 days 00:52:38.372000,0 days 01:48:14.980000
2024-05-19 13:55:55.366,10514,233,6,100,False,0,car,0 days 00:52:38.772000,0 days 01:48:15.380000
2024-05-19 13:55:55.806,10920,244,6,100,False,0,car,0 days 00:52:39.212000,0 days 01:48:15.820000
2024-05-19 13:55:55.966,11245,246,6,100,False,0,car,0 days 00:52:39.372000,0 days 01:48:15.980000
2024-05-19 13:55:56.365,11285,251,6,100,False,0,car,0 days 00:52:39.771000,0 days 01:48:16.379000
2024-05-19 13:55:56.605,11266,254,6,100,False,0,car,0 days 00:52:40.011000,0 days 01:48:16.619000
2024-05-19 13:55:56.805,11461,256,6,100,False,0,car,0 days 00:52:40.211000,0 days 01:48:16.819000
2024-05-19 13:55:56.965,11420,256,6,100,False,0,car,0 days 00:52:40.371000,0 days 01:48:16.979000
2024-05-19 13:55:57.126,11460,256,6,100,False,0,car,0 days 00:52:40.532000,0 days 01:48:17.140000
2024-05-19 13:55:57.406,11479,256,6,100,False,0,car,0 days 00:52:40.812000,0 days 01:48:17.420000
2024-05-19 13:55:57.886,11486,259,6,100,False,0,car,0 days 00:52:41.292000,0 days 01:48:17.900000
2024-05-19 13:55:58.286,10977,253,6,0,True,0,car,0 days 00:52:41.692000,0 days 01:48:18.300000
2024-05-19 13:55:58.726,10069,216,6,0,True,0,car,0 days 00:52:42.132000,0 days 01:48:18.740000
2024-05-19 13:55:58.966,10148,185,6,0,True,0,car,0 days 00:52:42.372000,0 days 01:48:18.980000
2024-05-19 13:55:59.246,8981,168,5,0,True,0,car,0 days 00:52:42.652000,0 days 01:48:19.260000
2024-05-19 13:55:59.486,8265,148,4,0,True,0,car,0 days 00:52:42.892000,0 days 01:48:19.500000
2024-05-19 13:55:59.646,7838,138,4,0,True,0,car,0 days 00:52:43.052000,0 days 01:48:19.660000
2024-05-19 13:55:59.966,7160,128,4,0,True,0,car,0 days 00:52:43.372000,0 days 01:48:19.980000
2024-05-19 13:56:00.286,7049,120,4,0,False,0,car,0 days 00:52:43.692000,0 days 01:48:20.300000
2024-05-19 13:56:00.566,6987,114,4,0,False,0,car,0 days 00:52:43.972000,0 days 01:48:20.580000
2024-05-19 13:56:00.886,7974,109,4,0,True,0,car,0 days 00:52:44.292000,0 days 01:48:20.900000
2024-05-19 13:56:01.046,7680,109,3,0,True,0,car,0 days 00:52:44.452000,0 days 01:48:21.060000
2024-05-19 13:56:01.326,7313,106,3,0,False,0,car,0 days 00:52:44.732000,0 days 01:48:21.340000
2024-05-19 13:56:01.526,7671,101,3,26,False,0,car,0 days 00:52:44.932000,0 days 01:48:21.540000
2024-05-19 13:56:01.766,7957,102,3,36,False,0,car,0 days 00:52:45.172000,0 days 01:48:21.780000
2024-05-19 13:56:01.966,8242,104,3,44,False,0,car,0 days 00:52:45.372000,0 days 01:48:21.980000
2024-05-19 13:56:02.126,8096,108,3,41,False,0,car,0 days 00:52:45.532000,0 days 01:48:22.140000
2024-05-19 13:56:02.286,8462,109,3,59,False,0,car,0 days 00:52:45.692000,0 days 01:48:22.300000
2024-05-19 13:56:02.606,9547,122,3,79,False,0,car,0 days 00:52:46.012000,0 days 01:48:22.620000
2024-05-19 13:56:03.046,10412,139,3,92,False,0,car,0 days 00:52:46.452000,0 days 01:48:23.060000
2024-05-19 13:56:03.405,9968,157,4,100,False,0,car,0 days 00:52:46.811000,0 days 01:48:23.419000
2024-05-19 13:56:03.606,10314,165,4,100,False,0,car,0 days 00:52:47.012000,0 days 01:48:23.620000
2024-05-19 13:56:03.846,11105,175,4,100,False,0,car,0 days 00:52:47.252000,0 days 01:48:23.860000
2024-05-19 13:56:04.006,11332,183,4,100,False,0,car,0 days 00:52:47.412000,0 days 01:48:24.020000
2024-05-19 13:56:04.366,10885,187,4,100,False,0,car,0 days 00:52:47.772000,0 days 01:48:24.380000
2024-05-19 13:56:04.686,10787,204,5,100,False,0,car,0 days 00:52:48.092000,0 days 01:48:24.700000
2024-05-19 13:56:04.926,11100,210,5,100,False,0,car,0 days 00:52:48.332000,0 days 01:48:24.940000
2024-05-19 13:56:05.206,11380,223,5,100,False,0,car,0 days 00:52:48.612000,0 days 01:48:25.220000
2024-05-19 13:56:05.486,11834,228,5,100,False,0,car,0 days 00:52:48.892000,0 days 01:48:25.500000
2024-05-19 13:56:05.726,11127,235,5,100,False,0,car,0 days 00:52:49.132000,0 days 01:48:25.740000
2024-05-19 13:56:05.926,10810,239,6,100,False,0,car,0 days 00:52:49.332000,0 days 01:48:25.940000
2024-05-19 13:56:06.126,11012,243,6,100,False,0,car,0 days 00:52:49.532000,0 days 01:48:26.140000
2024-05-19 13:56:06.326,11127,247,6,100,False,0,car,0 days 00:52:49.732000,0 days 01:48:26.340000
2024-05-19 13:56:06.646,11386,253,6,100,False,0,car,0 days 00:52:50.052000,0 days 01:48:26.660000
2024-05-19 13:56:06.846,11562,253,6,100,False,0,car,0 days 00:52:50.252000,0 days 01:48:26.860000
2024-05-19 13:56:07.806,10801,270,7,100,False,0,car,0 days 00:52:51.212000,0 days 01:48:27.820000
2024-05-19 13:56:08.046,10922,273,7,100,False,0,car,0 days 00:52:51.452000,0 days 01:48:28.060000
2024-05-19 13:56:08.246,10941,276,7,100,False,0,car,0 days 00:52:51.652000,0 days 01:48:28.260000
2024-05-19 13:56:08.566,11114,279,7,100,False,0,car,0 days 00:52:51.972000,0 days 01:48:28.580000
2024-05-19 13:56:08.726,11154,281,7,100,False,0,car,0 days 00:52:52.132000,0 days 01:48:28.740000
2024-05-19 13:56:08.966,11297,284,7,100,False,0,car,0 days 00:52:52.372000,0 days 01:48:28.980000
2024-05-19 13:56:09.166,11362,285,7,100,False,0,car,0 days 00:52:52.572000,0 days 01:48:29.180000
2024-05-19 13:56:09.406,11342,289,7,100,False,0,car,0 days 00:52:52.812000,0 days 01:48:29.420000
2024-05-19 13:56:09.845,11500,292,7,100,False,0,car,0 days 00:52:53.251000,0 days 01:48:29.859000
2024-05-19 13:56:10.286,11626,295,7,100,False,0,car,0 days 00:52:53.692000,0 days 01:48:30.300000
2024-05-19 13:56:10.446,11658,295,7,100,False,0,car,0 days 00:52:53.852000,0 days 01:48:30.460000
2024-05-19 13:56:10.606,11658,296,7,100,False,0,car,0 days 00:52:54.012000,0 days 01:48:30.620000
2024-05-19 13:56:10.846,11658,297,7,100,False,0,car,0 days 00:52:54.252000,0 days 01:48:30.860000
2024-05-19 13:56:11.046,11453,296,7,16,False,0,car,0 days 00:52:54.452000,0 days 01:48:31.060000
2024-05-19 13:56:11.206,11148,290,7,0,True,0,car,0 days 00:52:54.612000,0 days 01:48:31.220000
2024-05-19 13:56:11.406,10822,278,7,0,True,0,car,0 days 00:52:54.812000,0 days 01:48:31.420000
2024-05-19 13:56:11.606,9865,256,7,0,True,0,car,0 days 00:52:55.012000,0 days 01:48:31.620000
2024-05-19 13:56:11.766,9636,242,7,0,True,0,car,0 days 00:52:55.172000,0 days 01:48:31.780000
2024-05-19 13:56:12.006,10064,208,7,0,True,0,car,0 days 00:52:55.412000,0 days 01:48:32.020000
2024-05-19 13:56:12.206,10118,187,7,0,True,0,car,0 days 00:52:55.612000,0 days 01:48:32.220000
2024-05-19 13:56:12.486,10088,168,5,0,True,0,car,0 days 00:52:55.892000,0 days 01:48:32.500000
2024-05-19 13:56:12.686,10517,155,4,0,True,0,car,0 days 00:52:56.092000,0 days 01:48:32.700000
2024-05-19 13:56:12.926,9864,137,3,0,True,0,car,0 days 00:52:56.332000,0 days 01:48:32.940000
2024-05-19 13:56:13.286,8723,127,3,0,True,0,car,0 days 00:52:56.692000,0 days 01:48:33.300000
2024-05-19 13:56:13.446,8474,123,3,0,True,0,car,0 days 00:52:56.852000,0 days 01:48:33.460000
2024-05-19 13:56:13.766,8356,119,3,2,False,0,car,0 days 00:52:57.172000,0 days 01:48:33.780000
2024-05-19 13:56:13.926,8310,117,3,10,False,0,car,0 days 00:52:57.332000,0 days 01:48:33.940000
2024-05-19 13:56:14.286,8634,115,3,45,False,0,car,0 days 00:52:57.692000,0 days 01:48:34.300000
2024-05-19 13:56:14.566,9274,120,3,59,False,0,car,0 days 00:52:57.972000,0 days 01:48:34.580000
2024-05-19 13:56:15.006,10313,135,3,81,False,0,car,0 days 00:52:58.412000,0 days 01:48:35.020000
2024-05-19 13:56:15.246,10952,137,3,100,False,0,car,0 days 00:52:58.652000,0 days 01:48:35.260000
2024-05-19 13:56:15.526,9664,155,3,100,False,0,car,0 days 00:52:58.932000,0 days 01:48:35.540000
2024-05-19 13:56:15.806,9441,164,4,22,False,0,car,0 days 00:52:59.212000,0 days 01:48:35.820000
2024-05-19 13:56:16.166,8935,156,4,0,True,0,car,0 days 00:52:59.572000,0 days 01:48:36.180000
2024-05-19 13:56:16.366,8975,151,4,0,True,0,car,0 days 00:52:59.772000,0 days 01:48:36.380000
2024-05-19 13:56:16.645,8446,146,4,0,True,0,car,0 days 00:53:00.051000,0 days 01:48:36.659000
2024-05-19 13:56:16.846,8245,144,4,0,False,0,car,0 days 00:53:00.252000,0 days 01:48:36.860000
2024-05-19 13:56:17.046,8315,140,4,2,False,0,car,0 days 00:53:00.452000,0 days 01:48:37.060000
2024-05-19 13:56:17.286,8487,135,4,54,False,0,car,0 days 00:53:00.692000,0 days 01:48:37.300000
2024-05-19 13:56:17.486,8647,138,4,54,False,0,car,0 days 00:53:00.892000,0 days 01:48:37.500000
2024-05-19 13:56:17.766,9048,142,4,61,False,0,car,0 days 00:53:01.172000,0 days 01:48:37.780000
2024-05-19 13:56:17.966,9302,146,4,63,False,0,car,0 days 00:53:01.372000,0 days 01:48:37.980000
2024-05-19 13:56:18.126,9285,148,4,72,False,0,car,0 days 00:53:01.532000,0 days 01:48:38.140000
2024-05-19 13:56:18.366,10094,156,4,99,False,0,car,0 days 00:53:01.772000,0 days 01:48:38.380000
2024-05-19 13:56:18.526,10375,163,4,100,False,0,car,0 days 00:53:01.932000,0 days 01:48:38.540000
2024-05-19 13:56:18.766,11035,172,4,100,False,0,car,0 days 00:53:02.172000,0 days 01:48:38.780000
2024-05-19 13:56:19.046,11305,184,4,100,False,0,car,0 days 00:53:02.452000,0 days 01:48:39.060000
2024-05-19 13:56:19.246,10649,187,4,100,False,0,car,0 days 00:53:02.652000,0 days 01:48:39.260000
2024-05-19 13:56:19.406,10511,198,4,100,False,0,car,0 days 00:53:02.812000,0 days 01:48:39.420000
2024-05-19 13:56:19.566,10644,201,5,100,False,0,car,0 days 00:53:02.972000,0 days 01:48:39.580000
2024-05-19 13:56:19.766,11017,208,5,100,False,0,car,0 days 00:53:03.172000,0 days 01:48:39.780000
2024-05-19 13:56:20.006,11214,214,5,100,False,0,car,0 days 00:53:03.412000,0 days 01:48:40.020000
2024-05-19 13:56:20.326,11533,225,5,100,False,0,car,0 days 00:53:03.732000,0 days 01:48:40.340000
2024-05-19 13:56:20.526,11533,230,5,100,False,0,car,0 days 00:53:03.932000,0 days 01:48:40.540000
2024-05-19 13:56:20.806,11371,236,5,100,False,0,car,0 days 00:53:04.212000,0 days 01:48:40.820000
2024-05-19 13:56:21.006,10923,241,6,100,False,0,car,0 days 00:53:04.412000,0 days 01:48:41.020000
2024-05-19 13:56:21.286,11071,243,6,100,False,0,car,0 days 00:53:04.692000,0 days 01:48:41.300000
2024-05-19 13:56:21.566,11284,249,6,100,False,0,car,0 days 00:53:04.972000,0 days 01:48:41.580000
2024-05-19 13:56:21.726,11380,255,6,100,False,0,car,0 days 00:53:05.132000,0 days 01:48:41.740000
2024-05-19 13:56:21.926,11541,258,6,100,False,0,car,0 days 00:53:05.332000,0 days 01:48:41.940000
2024-05-19 13:56:22.086,11157,258,6,100,False,0,car,0 days 00:53:05.492000,0 days 01:48:42.100000
2024-05-19 13:56:22.566,10723,267,7,100,False,0,car,0 days 00:53:05.972000,0 days 01:48:42.580000
2024-05-19 13:56:22.886,10837,272,7,100,False,0,car,0 days 00:53:06.292000,0 days 01:48:42.900000
2024-05-19 13:56:23.086,10898,274,7,100,False,0,car,0 days 00:53:06.492000,0 days 01:48:43.100000
2024-05-19 13:56:23.366,11182,278,7,100,False,0,car,0 days 00:53:06.772000,0 days 01:48:43.380000
2024-05-19 13:56:23.526,11133,280,7,100,False,0,car,0 days 00:53:06.932000,0 days 01:48:43.540000
2024-05-19 13:56:23.686,11185,281,7,100,False,0,car,0 days 00:53:07.092000,0 days 01:48:43.700000
2024-05-19 13:56:23.886,11259,283,7,100,False,0,car,0 days 00:53:07.292000,0 days 01:48:43.900000
2024-05-19 13:56:24.126,11276,286,7,100,False,0,car,0 days 00:53:07.532000,0 days 01:48:44.140000
2024-05-19 13:56:24.286,11360,287,7,100,False,0,car,0 days 00:53:07.692000,0 days 01:48:44.300000
2024-05-19 13:56:24.486,11504,289,7,100,False,0,car,0 days 00:53:07.892000,0 days 01:48:44.500000
2024-05-19 13:56:24.726,11508,290,7,100,False,0,car,0 days 00:53:08.132000,0 days 01:48:44.740000
2024-05-19 13:56:25.006,11597,293,7,100,False,0,car,0 days 00:53:08.412000,0 days 01:48:45.020000
2024-05-19 13:56:25.326,11647,294,7,100,False,0,car,0 days 00:53:08.732000,0 days 01:48:45.340000
2024-05-19 13:56:25.566,11392,297,7,100,False,0,car,0 days 00:53:08.972000,0 days 01:48:45.580000
2024-05-19 13:56:25.766,10601,297,7,100,False,0,car,0 days 00:53:09.172000,0 days 01:48:45.780000
2024-05-19 13:56:26.046,10698,300,8,100,False,0,car,0 days 00:53:09.452000,0 days 01:48:46.060000
2024-05-19 13:56:26.246,10754,301,8,100,False,0,car,0 days 00:53:09.652000,0 days 01:48:46.260000
2024-05-19 13:56:26.606,10796,303,8,100,False,0,car,0 days 00:53:10.012000,0 days 01:48:46.620000
2024-05-19 13:56:27.126,10907,306,8,100,False,0,car,0 days 00:53:10.532000,0 days 01:48:47.140000
2024-05-19 13:56:27.526,10917,307,8,100,False,0,car,0 days 00:53:10.932000,0 days 01:48:47.540000
2024-05-19 13:56:27.926,10953,307,8,100,False,0,car,0 days 00:53:11.332000,0 days 01:48:47.940000
2024-05-19 13:56:28.326,10999,309,8,100,False,0,car,0 days 00:53:11.732000,0 days 01:48:48.340000
2024-05-19 13:56:28.526,10999,309,8,100,False,0,car,0 days 00:53:11.932000,0 days 01:48:48.540000
2024-05-19 13:56:28.766,11022,310,8,100,False,0,car,0 days 00:53:12.172000,0 days 01:48:48.780000
2024-05-19 13:56:29.166,11101,312,8,100,False,0,car,0 days 00:53:12.572000,0 days 01:48:49.180000
2024-05-19 13:56:29.366,11051,312,8,100,False,0,car,0 days 00:53:12.772000,0 days 01:48:49.380000
2024-05-19 13:56:29.566,11144,313,8,100,False,0,car,0 days 00:53:12.972000,0 days 01:48:49.580000
2024-05-19 13:56:29.726,11117,312,8,100,False,0,car,0 days 00:53:13.132000,0 days 01:48:49.740000
2024-05-19 13:56:29.967,11102,313,8,100,False,0,car,0 days 00:53:13.373000,0 days 01:48:49.981000
2024-05-19 13:56:30.246,11110,313,8,100,False,0,car,0 days 00:53:13.652000,0 days 01:48:50.260000
2024-05-19 13:56:30.446,11145,313,8,100,False,0,car,0 days 00:53:13.852000,0 days 01:48:50.460000
2024-05-19 13:56:30.766,11133,314,8,100,False,0,car,0 days 00:53:14.172000,0 days 01:48:50.780000
2024-05-19 13:56:31.206,11137,315,8,100,False,0,car,0 days 00:53:14.612000,0 days 01:48:51.220000
2024-05-19 13:56:31.366,11135,315,8,100,False,0,car,0 days 00:53:14.772000,0 days 01:48:51.380000
2024-05-19 13:56:31.646,11194,315,8,100,False,0,car,0 days 00:53:15.052000,0 days 01:48:51.660000
2024-05-19 13:56:31.926,11206,315,8,100,False,0,car,0 days 00:53:15.332000,0 days 01:48:51.940000
2024-05-19 13:56:32.166,11196,316,8,100,False,0,car,0 days 00:53:15.572000,0 days 01:48:52.180000
2024-05-19 13:56:32.326,11196,316,8,100,False,0,car,0 days 00:53:15.732000,0 days 01:48:52.340000
2024-05-19 13:56:32.526,11160,316,8,100,False,0,car,0 days 00:53:15.932000,0 days 01:48:52.540000
2024-05-19 13:56:32.766,11222,316,8,100,False,0,car,0 days 00:53:16.172000,0 days 01:48:52.780000
2024-05-19 13:56:32.926,11056,316,8,21,False,0,car,0 days 00:53:16.332000,0 days 01:48:52.940000
2024-05-19 13:56:33.286,10550,307,8,0,True,0,car,0 days 00:53:16.692000,0 days 01:48:53.300000
2024-05-19 13:56:33.446,9960,291,8,0,True,0,car,0 days 00:53:16.852000,0 days 01:48:53.460000
2024-05-19 13:56:33.606,9986,267,8,0,True,0,car,0 days 00:53:17.012000,0 days 01:48:53.620000
2024-05-19 13:56:33.846,10304,239,8,0,True,0,car,0 days 00:53:17.252000,0 days 01:48:53.860000
2024-05-19 13:56:34.046,10318,217,7,0,True,0,car,0 days 00:53:17.452000,0 days 01:48:54.060000
2024-05-19 13:56:34.566,10008,176,4,0,True,0,car,0 days 00:53:17.972000,0 days 01:48:54.580000
2024-05-19 13:56:34.926,9222,164,4,0,True,0,car,0 days 00:53:18.332000,0 days 01:48:54.940000
2024-05-19 13:56:35.126,9226,157,4,3,False,0,car,0 days 00:53:18.532000,0 days 01:48:55.140000
2024-05-19 13:56:35.526,9362,151,4,57,False,0,car,0 days 00:53:18.932000,0 days 01:48:55.540000
2024-05-19 13:56:36.006,9790,163,4,81,False,0,car,0 days 00:53:19.412000,0 days 01:48:56.020000
2024-05-19 13:56:36.326,9178,174,4,52,False,0,car,0 days 00:53:19.732000,0 days 01:48:56.340000
2024-05-19 13:56:36.607,8857,174,5,46,False,0,car,0 days 00:53:20.013000,0 days 01:48:56.621000
2024-05-19 13:56:36.966,9049,172,5,58,False,0,car,0 days 00:53:20.372000,0 days 01:48:56.980000
2024-05-19 13:56:37.166,9229,172,5,98,False,0,car,0 days 00:53:20.572000,0 days 01:48:57.180000
2024-05-19 13:56:37.566,9847,183,5,100,False,0,car,0 days 00:53:20.972000,0 days 01:48:57.580000
2024-05-19 13:56:37.726,10054,190,5,100,False,0,car,0 days 00:53:21.132000,0 days 01:48:57.740000
2024-05-19 13:56:38.006,10470,200,5,100,False,0,car,0 days 00:53:21.412000,0 days 01:48:58.020000
2024-05-19 13:56:38.286,10996,208,5,100,False,0,car,0 days 00:53:21.692000,0 days 01:48:58.300000
2024-05-19 13:56:38.526,11229,212,5,100,False,0,car,0 days 00:53:21.932000,0 days 01:48:58.540000
2024-05-19 13:56:38.886,11076,221,5,100,False,0,car,0 days 00:53:22.292000,0 days 01:48:58.900000
2024-05-19 13:56:39.046,10332,225,5,100,False,0,car,0 days 00:53:22.452000,0 days 01:48:59.060000
2024-05-19 13:56:39.206,10496,229,6,100,False,0,car,0 days 00:53:22.612000,0 days 01:48:59.220000
2024-05-19 13:56:39.486,10715,234,6,100,False,0,car,0 days 00:53:22.892000,0 days 01:48:59.500000
2024-05-19 13:56:39.926,10957,242,6,100,False,0,car,0 days 00:53:23.332000,0 days 01:48:59.940000
2024-05-19 13:56:40.126,11069,246,6,100,False,0,car,0 days 00:53:23.532000,0 days 01:49:00.140000
2024-05-19 13:56:40.286,11258,248,6,100,False,0,car,0 days 00:53:23.692000,0 days 01:49:00.300000
2024-05-19 13:56:40.446,11210,251,6,100,False,0,car,0 days 00:53:23.852000,0 days 01:49:00.460000
2024-05-19 13:56:40.766,11566,256,6,100,False,0,car,0 days 00:53:24.172000,0 days 01:49:00.780000
2024-05-19 13:56:41.126,11694,262,6,100,False,0,car,0 days 00:53:24.532000,0 days 01:49:01.140000
2024-05-19 13:56:41.526,10700,268,7,100,False,0,car,0 days 00:53:24.932000,0 days 01:49:01.540000
2024-05-19 13:56:41.686,10773,268,7,100,False,0,car,0 days 00:53:25.092000,0 days 01:49:01.700000
2024-05-19 13:56:41.886,10926,272,7,100,False,0,car,0 days 00:53:25.292000,0 days 01:49:01.900000
2024-05-19 13:56:42.126,10836,274,7,100,False,0,car,0 days 00:53:25.532000,0 days 01:49:02.140000
2024-05-19 13:56:42.286,10940,275,7,100,False,0,car,0 days 00:53:25.692000,0 days 01:49:02.300000
2024-05-19 13:56:42.446,10920,276,7,100,False,0,car,0 days 00:53:25.852000,0 days 01:49:02.460000
2024-05-19 13:56:42.846,11037,278,7,100,False,0,car,0 days 00:53:26.252000,0 days 01:49:02.860000
2024-05-19 13:56:43.167,11046,279,7,100,False,0,car,0 days 00:53:26.573000,0 days 01:49:03.181000
2024-05-19 13:56:43.686,10983,278,7,100,False,0,car,0 days 00:53:27.092000,0 days 01:49:03.700000
2024-05-19 13:56:43.846,10989,279,7,100,False,0,car,0 days 00:53:27.252000,0 days 01:49:03.860000
2024-05-19 13:56:44.286,10407,271,7,0,True,0,car,0 days 00:53:27.692000,0 days 01:49:04.300000
2024-05-19 13:56:44.566,10050,255,7,0,True,0,car,0 days 00:53:27.972000,0 days 01:49:04.580000
2024-05-19 13:56:44.806,10495,241,7,0,True,0,car,0 days 00:53:28.212000,0 days 01:49:04.820000
2024-05-19 13:56:45.126,9893,228,6,0,True,0,car,0 days 00:53:28.532000,0 days 01:49:05.140000
2024-05-19 13:56:45.366,9601,228,6,1,True,0,car,0 days 00:53:28.772000,0 days 01:49:05.380000
2024-05-19 13:56:45.646,9404,211,6,0,True,0,car,0 days 00:53:29.052000,0 days 01:49:05.660000
2024-05-19 13:56:45.926,9095,184,6,0,True,0,car,0 days 00:53:29.332000,0 days 01:49:05.940000
2024-05-19 13:56:46.126,8622,175,5,0,True,0,car,0 days 00:53:29.532000,0 days 01:49:06.140000
2024-05-19 13:56:46.486,8227,168,5,0,False,0,car,0 days 00:53:29.892000,0 days 01:49:06.500000
2024-05-19 13:56:46.886,8407,160,5,59,False,0,car,0 days 00:53:30.292000,0 days 01:49:06.900000
2024-05-19 13:56:47.126,8636,162,5,74,False,0,car,0 days 00:53:30.532000,0 days 01:49:07.140000
2024-05-19 13:56:47.566,9271,173,5,100,False,0,car,0 days 00:53:30.972000,0 days 01:49:07.580000
2024-05-19 13:56:47.726,9325,179,5,100,False,0,car,0 days 00:53:31.132000,0 days 01:49:07.740000
2024-05-19 13:56:47.966,9819,185,5,100,False,0,car,0 days 00:53:31.372000,0 days 01:49:07.980000
2024-05-19 13:56:48.206,9840,195,5,100,False,0,car,0 days 00:53:31.612000,0 days 01:49:08.220000
2024-05-19 13:56:48.366,10469,198,5,100,False,0,car,0 days 00:53:31.772000,0 days 01:49:08.380000
2024-05-19 13:56:48.646,10743,205,5,100,False,0,car,0 days 00:53:32.052000,0 days 01:49:08.660000
2024-05-19 13:56:48.806,10773,209,5,100,False,0,car,0 days 00:53:32.212000,0 days 01:49:08.820000
2024-05-19 13:56:49.006,11034,214,5,100,False,0,car,0 days 00:53:32.412000,0 days 01:49:09.020000
2024-05-19 13:56:49.166,11119,214,5,100,False,0,car,0 days 00:53:32.572000,0 days 01:49:09.180000
2024-05-19 13:56:49.406,11239,219,5,100,False,0,car,0 days 00:53:32.812000,0 days 01:49:09.420000
2024-05-19 13:56:49.767,11364,223,5,100,False,0,car,0 days 00:53:33.173000,0 days 01:49:09.781000
2024-05-19 13:56:49.927,11364,225,5,100,False,0,car,0 days 00:53:33.333000,0 days 01:49:09.941000
2024-05-19 13:56:50.246,10960,224,5,2,True,0,car,0 days 00:53:33.652000,0 days 01:49:10.260000
2024-05-19 13:56:50.486,10080,208,5,0,True,0,car,0 days 00:53:33.892000,0 days 01:49:10.500000
2024-05-19 13:56:50.646,10022,188,5,0,True,0,car,0 days 00:53:34.052000,0 days 01:49:10.660000
2024-05-19 13:56:51.086,10822,153,4,0,True,0,car,0 days 00:53:34.492000,0 days 01:49:11.100000
2024-05-19 13:56:51.246,9797,142,3,0,True,0,car,0 days 00:53:34.652000,0 days 01:49:11.260000
2024-05-19 13:56:51.446,8939,131,3,0,True,0,car,0 days 00:53:34.852000,0 days 01:49:11.460000
2024-05-19 13:56:51.846,8024,117,3,0,True,0,car,0 days 00:53:35.252000,0 days 01:49:11.860000
2024-05-19 13:56:52.126,7687,110,3,0,True,0,car,0 days 00:53:35.532000,0 days 01:49:12.140000
2024-05-19 13:56:52.366,7289,107,3,0,True,0,car,0 days 00:53:35.772000,0 days 01:49:12.380000
2024-05-19 13:56:52.686,7088,100,3,1,False,0,car,0 days 00:53:36.092000,0 days 01:49:12.700000
2024-05-19 13:56:53.046,7203,95,3,21,False,0,car,0 days 00:53:36.452000,0 days 01:49:13.060000
2024-05-19 13:56:53.246,7279,96,3,27,False,0,car,0 days 00:53:36.652000,0 days 01:49:13.260000
2024-05-19 13:56:53.486,7438,98,3,31,False,0,car,0 days 00:53:36.892000,0 days 01:49:13.500000
2024-05-19 13:56:53.646,7674,100,3,36,False,0,car,0 days 00:53:37.052000,0 days 01:49:13.660000
2024-05-19 13:56:53.886,7956,103,3,45,False,0,car,0 days 00:53:37.292000,0 days 01:49:13.900000
2024-05-19 13:56:54.126,8318,107,3,52,False,0,car,0 days 00:53:37.532000,0 days 01:49:14.140000
2024-05-19 13:56:54.366,9020,111,3,67,False,0,car,0 days 00:53:37.772000,0 days 01:49:14.380000
2024-05-19 13:56:54.646,9446,120,3,68,False,0,car,0 days 00:53:38.052000,0 days 01:49:14.660000
2024-05-19 13:56:54.846,10108,129,3,86,False,0,car,0 days 00:53:38.252000,0 days 01:49:14.860000
2024-05-19 13:56:55.046,10732,137,3,98,False,0,car,0 days 00:53:38.452000,0 days 01:49:15.060000
2024-05-19 13:56:55.406,10279,150,3,100,False,0,car,0 days 00:53:38.812000,0 days 01:49:15.420000
2024-05-19 13:56:55.606,10423,159,4,100,False,0,car,0 days 00:53:39.012000,0 days 01:49:15.620000
2024-05-19 13:56:55.846,10652,172,4,100,False,0,car,0 days 00:53:39.252000,0 days 01:49:15.860000
2024-05-19 13:56:56.006,11143,180,4,100,False,0,car,0 days 00:53:39.412000,0 days 01:49:16.020000
2024-05-19 13:56:56.166,11572,184,4,100,False,0,car,0 days 00:53:39.572000,0 days 01:49:16.180000
2024-05-19 13:56:56.407,11795,194,4,100,False,0,car,0 days 00:53:39.813000,0 days 01:49:16.421000
2024-05-19 13:56:56.687,10362,200,4,100,False,0,car,0 days 00:53:40.093000,0 days 01:49:16.701000
2024-05-19 13:56:56.887,10906,206,5,100,False,0,car,0 days 00:53:40.293000,0 days 01:49:16.901000
2024-05-19 13:56:57.086,11124,212,5,100,False,0,car,0 days 00:53:40.492000,0 days 01:49:17.100000
2024-05-19 13:56:57.286,11273,212,5,100,False,0,car,0 days 00:53:40.692000,0 days 01:49:17.300000
2024-05-19 13:56:57.566,11657,226,5,100,False,0,car,0 days 00:53:40.972000,0 days 01:49:17.580000
2024-05-19 13:56:57.926,10957,235,6,100,False,0,car,0 days 00:53:41.332000,0 days 01:49:17.940000
2024-05-19 13:56:58.166,10903,239,6,100,False,0,car,0 days 00:53:41.572000,0 days 01:49:18.180000
2024-05-19 13:56:58.406,11037,245,6,100,False,0,car,0 days 00:53:41.812000,0 days 01:49:18.420000
2024-05-19 13:56:58.766,11233,250,6,100,False,0,car,0 days 00:53:42.172000,0 days 01:49:18.780000
2024-05-19 13:56:59.166,11442,256,6,100,False,0,car,0 days 00:53:42.572000,0 days 01:49:19.180000
2024-05-19 13:56:59.406,10824,259,6,100,False,0,car,0 days 00:53:42.812000,0 days 01:49:19.420000
2024-05-19 13:56:59.726,10362,261,6,100,False,0,car,0 days 00:53:43.132000,0 days 01:49:19.740000
2024-05-19 13:57:00.046,10413,262,7,100,False,0,car,0 days 00:53:43.452000,0 days 01:49:20.060000
2024-05-19 13:57:00.406,10571,265,7,100,False,0,car,0 days 00:53:43.812000,0 days 01:49:20.420000
2024-05-19 13:57:00.606,10571,266,7,100,False,0,car,0 days 00:53:44.012000,0 days 01:49:20.620000
2024-05-19 13:57:00.766,10637,266,7,100,False,0,car,0 days 00:53:44.172000,0 days 01:49:20.780000
2024-05-19 13:57:01.006,10680,268,7,100,False,0,car,0 days 00:53:44.412000,0 days 01:49:21.020000
2024-05-19 13:57:01.246,10675,268,7,100,False,0,car,0 days 00:53:44.652000,0 days 01:49:21.260000
2024-05-19 13:57:01.486,10668,268,7,100,False,0,car,0 days 00:53:44.892000,0 days 01:49:21.500000
2024-05-19 13:57:01.806,10721,270,7,100,False,0,car,0 days 00:53:45.212000,0 days 01:49:21.820000
2024-05-19 13:57:01.966,10721,270,7,98,False,0,car,0 days 00:53:45.372000,0 days 01:49:21.980000
2024-05-19 13:57:02.126,10417,271,7,9,False,0,car,0 days 00:53:45.532000,0 days 01:49:22.140000
2024-05-19 13:57:02.326,10137,261,7,0,True,0,car,0 days 00:53:45.732000,0 days 01:49:22.340000
2024-05-19 13:57:02.526,9367,244,7,0,True,0,car,0 days 00:53:45.932000,0 days 01:49:22.540000
2024-05-19 13:57:02.807,10194,220,7,0,True,0,car,0 days 00:53:46.213000,0 days 01:49:22.821000
2024-05-19 13:57:02.967,10524,216,6,1,True,0,car,0 days 00:53:46.373000,0 days 01:49:22.981000
2024-05-19 13:57:03.167,10302,209,5,3,True,0,car,0 days 00:53:46.573000,0 days 01:49:23.181000
2024-05-19 13:57:03.487,9958,202,5,9,True,0,car,0 days 00:53:46.893000,0 days 01:49:23.501000
2024-05-19 13:57:03.886,10374,195,5,83,False,0,car,0 days 00:53:47.292000,0 days 01:49:23.900000
2024-05-19 13:57:04.326,10768,203,5,100,False,0,car,0 days 00:53:47.732000,0 days 01:49:24.340000
2024-05-19 13:57:04.646,11047,211,5,100,False,0,car,0 days 00:53:48.052000,0 days 01:49:24.660000
2024-05-19 13:57:04.886,11358,217,5,100,False,0,car,0 days 00:53:48.292000,0 days 01:49:24.900000
2024-05-19 13:57:05.086,11738,222,5,100,False,0,car,0 days 00:53:48.492000,0 days 01:49:25.100000
2024-05-19 13:57:05.366,10468,228,6,100,False,0,car,0 days 00:53:48.772000,0 days 01:49:25.380000
2024-05-19 13:57:05.606,10677,233,6,100,False,0,car,0 days 00:53:49.012000,0 days 01:49:25.620000
2024-05-19 13:57:05.966,11086,243,6,100,False,0,car,0 days 00:53:49.372000,0 days 01:49:25.980000
2024-05-19 13:57:06.166,11180,246,6,100,False,0,car,0 days 00:53:49.572000,0 days 01:49:26.180000
2024-05-19 13:57:06.606,11304,253,6,100,False,0,car,0 days 00:53:50.012000,0 days 01:49:26.620000
2024-05-19 13:57:06.926,11684,257,6,100,False,0,car,0 days 00:53:50.332000,0 days 01:49:26.940000
2024-05-19 13:57:07.086,11613,258,6,100,False,0,car,0 days 00:53:50.492000,0 days 01:49:27.100000
2024-05-19 13:57:07.246,11477,261,6,100,False,0,car,0 days 00:53:50.652000,0 days 01:49:27.260000
2024-05-19 13:57:07.446,10429,262,6,100,False,0,car,0 days 00:53:50.852000,0 days 01:49:27.460000
2024-05-19 13:57:07.846,10528,266,7,100,False,0,car,0 days 00:53:51.252000,0 days 01:49:27.860000
2024-05-19 13:57:08.246,10628,268,7,100,False,0,car,0 days 00:53:51.652000,0 days 01:49:28.260000
2024-05-19 13:57:08.486,10720,269,7,100,False,0,car,0 days 00:53:51.892000,0 days 01:49:28.500000
2024-05-19 13:57:08.766,10811,270,7,100,False,0,car,0 days 00:53:52.172000,0 days 01:49:28.780000
2024-05-19 13:57:08.966,10470,271,7,36,False,0,car,0 days 00:53:52.372000,0 days 01:49:28.980000
2024-05-19 13:57:09.166,10697,269,7,20,False,0,car,0 days 00:53:52.572000,0 days 01:49:29.180000
2024-05-19 13:57:09.326,10200,266,7,0,False,0,car,0 days 00:53:52.732000,0 days 01:49:29.340000
2024-05-19 13:57:09.647,9751,259,7,0,True,0,car,0 days 00:53:53.053000,0 days 01:49:29.661000
2024-05-19 13:57:09.847,9835,245,7,0,True,0,car,0 days 00:53:53.253000,0 days 01:49:29.861000
2024-05-19 13:57:10.087,9995,229,7,0,True,0,car,0 days 00:53:53.493000,0 days 01:49:30.101000
2024-05-19 13:57:10.367,10158,201,6,0,True,0,car,0 days 00:53:53.773000,0 days 01:49:30.381000
2024-05-19 13:57:10.606,10080,182,5,0,True,0,car,0 days 00:53:54.012000,0 days 01:49:30.620000
2024-05-19 13:57:10.766,9665,167,4,0,True,0,car,0 days 00:53:54.172000,0 days 01:49:30.780000
2024-05-19 13:57:11.086,8419,149,4,0,True,0,car,0 days 00:53:54.492000,0 days 01:49:31.100000
2024-05-19 13:57:11.246,8030,141,4,0,True,0,car,0 days 00:53:54.652000,0 days 01:49:31.260000
2024-05-19 13:57:11.486,7923,136,4,0,True,0,car,0 days 00:53:54.892000,0 days 01:49:31.500000
2024-05-19 13:57:11.646,7923,133,4,0,True,0,car,0 days 00:53:55.052000,0 days 01:49:31.660000
2024-05-19 13:57:11.886,7719,127,4,8,False,0,car,0 days 00:53:55.292000,0 days 01:49:31.900000
2024-05-19 13:57:12.046,7718,124,4,25,False,0,car,0 days 00:53:55.452000,0 days 01:49:32.060000
2024-05-19 13:57:12.206,7878,125,4,39,False,0,car,0 days 00:53:55.612000,0 days 01:49:32.220000
2024-05-19 13:57:12.446,8108,126,4,63,False,0,car,0 days 00:53:55.852000,0 days 01:49:32.460000
2024-05-19 13:57:12.806,9244,139,4,95,False,0,car,0 days 00:53:56.212000,0 days 01:49:32.820000
2024-05-19 13:57:13.006,9077,148,4,100,False,0,car,0 days 00:53:56.412000,0 days 01:49:33.020000
2024-05-19 13:57:13.406,10290,163,4,100,False,0,car,0 days 00:53:56.812000,0 days 01:49:33.420000
2024-05-19 13:57:13.646,11577,166,4,100,False,0,car,0 days 00:53:57.052000,0 days 01:49:33.660000
2024-05-19 13:57:13.806,11479,177,4,100,False,0,car,0 days 00:53:57.212000,0 days 01:49:33.820000
2024-05-19 13:57:14.726,10792,207,5,100,False,0,car,0 days 00:53:58.132000,0 days 01:49:34.740000
2024-05-19 13:57:15.126,11285,218,5,100,False,0,car,0 days 00:53:58.532000,0 days 01:49:35.140000
2024-05-19 13:57:15.286,11445,218,5,100,False,0,car,0 days 00:53:58.692000,0 days 01:49:35.300000
2024-05-19 13:57:15.606,11096,230,5,100,False,0,car,0 days 00:53:59.012000,0 days 01:49:35.620000
2024-05-19 13:57:15.806,10592,234,6,100,False,0,car,0 days 00:53:59.212000,0 days 01:49:35.820000
2024-05-19 13:57:16.167,10981,241,6,100,False,0,car,0 days 00:53:59.573000,0 days 01:49:36.181000
2024-05-19 13:57:16.367,11071,245,6,100,False,0,car,0 days 00:53:59.773000,0 days 01:49:36.381000
2024-05-19 13:57:16.567,10876,248,6,100,False,0,car,0 days 00:53:59.973000,0 days 01:49:36.581000
2024-05-19 13:57:16.847,11226,251,6,100,False,0,car,0 days 00:54:00.253000,0 days 01:49:36.861000
2024-05-19 13:57:17.007,11243,253,6,100,False,0,car,0 days 00:54:00.413000,0 days 01:49:37.021000
2024-05-19 13:57:17.206,11243,255,6,100,False,0,car,0 days 00:54:00.612000,0 days 01:49:37.220000
2024-05-19 13:57:17.406,11398,256,6,100,False,0,car,0 days 00:54:00.812000,0 days 01:49:37.420000
2024-05-19 13:57:17.646,11415,257,6,100,False,0,car,0 days 00:54:01.052000,0 days 01:49:37.660000
2024-05-19 13:57:18.086,11533,258,6,100,False,0,car,0 days 00:54:01.492000,0 days 01:49:38.100000
2024-05-19 13:57:18.286,11513,258,6,100,False,0,car,0 days 00:54:01.692000,0 days 01:49:38.300000
2024-05-19 13:57:18.686,11229,258,6,0,True,0,car,0 days 00:54:02.092000,0 days 01:49:38.700000
2024-05-19 13:57:19.126,9969,212,6,0,True,0,car,0 days 00:54:02.532000,0 days 01:49:39.140000
2024-05-19 13:57:19.286,9721,202,6,0,True,0,car,0 days 00:54:02.692000,0 days 01:49:39.300000
2024-05-19 13:57:19.446,9335,182,6,0,True,0,car,0 days 00:54:02.852000,0 days 01:49:39.460000
2024-05-19 13:57:19.686,8991,165,5,0,True,0,car,0 days 00:54:03.092000,0 days 01:49:39.700000
2024-05-19 13:57:20.046,8390,139,4,0,True,0,car,0 days 00:54:03.452000,0 days 01:49:40.060000
2024-05-19 13:57:20.206,7597,132,4,0,True,0,car,0 days 00:54:03.612000,0 days 01:49:40.220000
2024-05-19 13:57:20.446,7167,125,4,0,True,0,car,0 days 00:54:03.852000,0 days 01:49:40.460000
2024-05-19 13:57:20.766,7104,120,4,0,False,0,car,0 days 00:54:04.172000,0 days 01:49:40.780000
2024-05-19 13:57:21.046,6544,113,4,0,False,0,car,0 days 00:54:04.452000,0 days 01:49:41.060000
2024-05-19 13:57:21.286,7546,113,4,0,True,0,car,0 days 00:54:04.692000,0 days 01:49:41.300000
2024-05-19 13:57:21.526,7651,106,3,0,True,0,car,0 days 00:54:04.932000,0 days 01:49:41.540000
2024-05-19 13:57:21.686,7298,106,3,0,False,0,car,0 days 00:54:05.092000,0 days 01:49:41.700000
2024-05-19 13:57:21.966,7299,100,3,18,False,0,car,0 days 00:54:05.372000,0 days 01:49:41.980000
2024-05-19 13:57:22.206,7528,100,3,27,False,0,car,0 days 00:54:05.612000,0 days 01:49:42.220000
2024-05-19 13:57:22.486,7998,100,3,41,False,0,car,0 days 00:54:05.892000,0 days 01:49:42.500000
2024-05-19 13:57:22.687,8267,105,3,51,False,0,car,0 days 00:54:06.093000,0 days 01:49:42.701000
2024-05-19 13:57:23.007,9097,112,3,70,False,0,car,0 days 00:54:06.413000,0 days 01:49:43.021000
2024-05-19 13:57:23.447,10039,131,3,90,False,0,car,0 days 00:54:06.853000,0 days 01:49:43.461000
2024-05-19 13:57:23.647,10744,140,3,98,False,0,car,0 days 00:54:07.053000,0 days 01:49:43.661000
2024-05-19 13:57:23.807,10671,151,3,100,False,0,car,0 days 00:54:07.213000,0 days 01:49:43.821000
2024-05-19 13:57:24.006,9809,159,3,100,False,0,car,0 days 00:54:07.412000,0 days 01:49:44.020000
2024-05-19 13:57:24.166,9949,164,4,100,False,0,car,0 days 00:54:07.572000,0 days 01:49:44.180000
2024-05-19 13:57:24.566,11099,181,4,100,False,0,car,0 days 00:54:07.972000,0 days 01:49:44.580000
2024-05-19 13:57:24.926,11005,195,4,100,False,0,car,0 days 00:54:08.332000,0 days 01:49:44.940000
2024-05-19 13:57:25.246,10702,206,5,100,False,0,car,0 days 00:54:08.652000,0 days 01:49:45.260000
2024-05-19 13:57:25.486,11017,209,5,100,False,0,car,0 days 00:54:08.892000,0 days 01:49:45.500000
2024-05-19 13:57:25.646,11017,215,5,100,False,0,car,0 days 00:54:09.052000,0 days 01:49:45.660000
2024-05-19 13:57:25.966,11599,224,5,100,False,0,car,0 days 00:54:09.372000,0 days 01:49:45.980000
2024-05-19 13:57:26.246,10546,233,6,100,False,0,car,0 days 00:54:09.652000,0 days 01:49:46.260000
2024-05-19 13:57:26.446,10714,238,6,100,False,0,car,0 days 00:54:09.852000,0 days 01:49:46.460000
2024-05-19 13:57:26.646,10941,240,6,100,False,0,car,0 days 00:54:10.052000,0 days 01:49:46.660000
2024-05-19 13:57:26.806,11093,246,6,100,False,0,car,0 days 00:54:10.212000,0 days 01:49:46.820000
2024-05-19 13:57:27.126,11293,252,6,100,False,0,car,0 days 00:54:10.532000,0 days 01:49:47.140000
2024-05-19 13:57:27.286,11466,254,6,100,False,0,car,0 days 00:54:10.692000,0 days 01:49:47.300000
2024-05-19 13:57:27.566,11624,259,6,100,False,0,car,0 days 00:54:10.972000,0 days 01:49:47.580000
2024-05-19 13:57:27.846,11797,264,6,100,False,0,car,0 days 00:54:11.252000,0 days 01:49:47.860000
2024-05-19 13:57:28.046,11057,266,6,100,False,0,car,0 days 00:54:11.452000,0 days 01:49:48.060000
2024-05-19 13:57:28.206,10682,268,6,100,False,0,car,0 days 00:54:11.612000,0 days 01:49:48.220000
2024-05-19 13:57:28.526,10847,272,7,100,False,0,car,0 days 00:54:11.932000,0 days 01:49:48.540000
2024-05-19 13:57:28.966,11021,277,7,100,False,0,car,0 days 00:54:12.372000,0 days 01:49:48.980000
2024-05-19 13:57:29.407,11121,282,7,100,False,0,car,0 days 00:54:12.813000,0 days 01:49:49.421000
2024-05-19 13:57:29.647,11226,284,7,100,False,0,car,0 days 00:54:13.053000,0 days 01:49:49.661000
2024-05-19 13:57:29.887,11318,286,7,100,False,0,car,0 days 00:54:13.293000,0 days 01:49:49.901000
2024-05-19 13:57:30.127,11404,288,7,100,False,0,car,0 days 00:54:13.533000,0 days 01:49:50.141000
2024-05-19 13:57:30.447,11503,291,7,100,False,0,car,0 days 00:54:13.853000,0 days 01:49:50.461000
2024-05-19 13:57:30.606,11550,293,7,100,False,0,car,0 days 00:54:14.012000,0 days 01:49:50.620000
2024-05-19 13:57:30.766,11628,295,7,100,False,0,car,0 days 00:54:14.172000,0 days 01:49:50.780000
2024-05-19 13:57:31.126,11775,296,7,100,False,0,car,0 days 00:54:14.532000,0 days 01:49:51.140000
2024-05-19 13:57:31.446,11615,294,7,100,False,0,car,0 days 00:54:14.852000,0 days 01:49:51.460000
2024-05-19 13:57:31.686,11226,293,7,0,False,0,car,0 days 00:54:15.092000,0 days 01:49:51.700000
2024-05-19 13:57:31.966,10933,284,7,0,True,0,car,0 days 00:54:15.372000,0 days 01:49:51.980000
2024-05-19 13:57:32.246,9961,256,7,0,True,0,car,0 days 00:54:15.652000,0 days 01:49:52.260000
2024-05-19 13:57:32.446,9921,243,7,0,True,0,car,0 days 00:54:15.852000,0 days 01:49:52.460000
2024-05-19 13:57:32.726,9954,195,7,0,True,0,car,0 days 00:54:16.132000,0 days 01:49:52.740000
2024-05-19 13:57:32.966,10318,184,7,0,True,0,car,0 days 00:54:16.372000,0 days 01:49:52.980000
2024-05-19 13:57:33.246,10388,153,7,0,True,0,car,0 days 00:54:16.652000,0 days 01:49:53.260000
2024-05-19 13:57:33.566,9251,135,3,0,True,0,car,0 days 00:54:16.972000,0 days 01:49:53.580000
2024-05-19 13:57:33.806,8728,123,3,0,True,0,car,0 days 00:54:17.212000,0 days 01:49:53.820000
2024-05-19 13:57:34.166,8097,117,3,0,False,0,car,0 days 00:54:17.572000,0 days 01:49:54.180000
2024-05-19 13:57:34.406,7988,112,3,1,False,0,car,0 days 00:54:17.812000,0 days 01:49:54.420000
2024-05-19 13:57:34.766,8119,111,3,32,False,0,car,0 days 00:54:18.172000,0 days 01:49:54.780000
2024-05-19 13:57:35.006,8475,113,3,42,False,0,car,0 days 00:54:18.412000,0 days 01:49:55.020000
2024-05-19 13:57:35.246,8768,116,3,54,False,0,car,0 days 00:54:18.652000,0 days 01:49:55.260000
2024-05-19 13:57:35.526,9569,125,3,79,False,0,car,0 days 00:54:18.932000,0 days 01:49:55.540000
2024-05-19 13:57:35.767,10223,132,3,93,False,0,car,0 days 00:54:19.173000,0 days 01:49:55.781000
2024-05-19 13:57:36.047,9735,141,3,100,False,0,car,0 days 00:54:19.453000,0 days 01:49:56.061000
2024-05-19 13:57:36.247,9498,154,4,100,False,0,car,0 days 00:54:19.653000,0 days 01:49:56.261000
2024-05-19 13:57:36.407,9568,162,4,0,False,0,car,0 days 00:54:19.813000,0 days 01:49:56.421000
2024-05-19 13:57:36.727,8876,157,4,0,True,0,car,0 days 00:54:20.133000,0 days 01:49:56.741000
2024-05-19 13:57:37.007,8513,146,4,0,True,0,car,0 days 00:54:20.413000,0 days 01:49:57.021000
2024-05-19 13:57:37.207,8332,142,4,0,False,0,car,0 days 00:54:20.613000,0 days 01:49:57.221000
2024-05-19 13:57:37.486,8205,140,4,0,False,0,car,0 days 00:54:20.892000,0 days 01:49:57.500000
2024-05-19 13:57:37.686,8279,136,4,41,False,0,car,0 days 00:54:21.092000,0 days 01:49:57.700000
2024-05-19 13:57:37.966,8550,136,4,51,False,0,car,0 days 00:54:21.372000,0 days 01:49:57.980000
2024-05-19 13:57:38.206,8786,140,4,54,False,0,car,0 days 00:54:21.612000,0 days 01:49:58.220000
2024-05-19 13:57:38.526,8948,145,4,61,False,0,car,0 days 00:54:21.932000,0 days 01:49:58.540000
2024-05-19 13:57:38.886,9836,152,4,90,False,0,car,0 days 00:54:22.292000,0 days 01:49:58.900000
2024-05-19 13:57:39.046,9904,159,4,100,False,0,car,0 days 00:54:22.452000,0 days 01:49:59.060000
2024-05-19 13:57:39.366,10894,172,4,100,False,0,car,0 days 00:54:22.772000,0 days 01:49:59.380000
2024-05-19 13:57:39.766,11788,187,4,100,False,0,car,0 days 00:54:23.172000,0 days 01:49:59.780000
2024-05-19 13:57:39.926,10668,195,4,100,False,0,car,0 days 00:54:23.332000,0 days 01:49:59.940000
2024-05-19 13:57:40.126,10511,200,5,100,False,0,car,0 days 00:54:23.532000,0 days 01:50:00.140000
2024-05-19 13:57:40.406,10906,210,5,100,False,0,car,0 days 00:54:23.812000,0 days 01:50:00.420000
2024-05-19 13:57:40.606,11018,216,5,100,False,0,car,0 days 00:54:24.012000,0 days 01:50:00.620000
2024-05-19 13:57:40.966,11659,224,5,100,False,0,car,0 days 00:54:24.372000,0 days 01:50:00.980000
2024-05-19 13:57:41.206,11239,232,5,100,False,0,car,0 days 00:54:24.612000,0 days 01:50:01.220000
2024-05-19 13:57:41.526,10636,238,6,100,False,0,car,0 days 00:54:24.932000,0 days 01:50:01.540000
2024-05-19 13:57:41.846,11005,244,6,100,False,0,car,0 days 00:54:25.252000,0 days 01:50:01.860000
2024-05-19 13:57:42.006,11201,248,6,100,False,0,car,0 days 00:54:25.412000,0 days 01:50:02.020000
2024-05-19 13:57:42.487,11497,256,6,100,False,0,car,0 days 00:54:25.893000,0 days 01:50:02.501000
2024-05-19 13:57:42.647,11497,259,6,100,False,0,car,0 days 00:54:26.053000,0 days 01:50:02.661000
2024-05-19 13:57:42.807,10426,262,6,100,False,0,car,0 days 00:54:26.213000,0 days 01:50:02.821000
2024-05-19 13:57:42.967,10532,263,7,100,False,0,car,0 days 00:54:26.373000,0 days 01:50:02.981000
2024-05-19 13:57:43.167,10687,266,7,100,False,0,car,0 days 00:54:26.573000,0 days 01:50:03.181000
2024-05-19 13:57:43.367,10799,269,7,100,False,0,car,0 days 00:54:26.773000,0 days 01:50:03.381000
2024-05-19 13:57:43.727,10910,275,7,100,False,0,car,0 days 00:54:27.133000,0 days 01:50:03.741000
2024-05-19 13:57:44.007,10964,277,7,100,False,0,car,0 days 00:54:27.413000,0 days 01:50:04.021000
2024-05-19 13:57:44.326,11185,281,7,100,False,0,car,0 days 00:54:27.732000,0 days 01:50:04.340000
2024-05-19 13:57:44.566,11240,283,7,100,False,0,car,0 days 00:54:27.972000,0 days 01:50:04.580000
2024-05-19 13:57:44.726,11316,286,7,100,False,0,car,0 days 00:54:28.132000,0 days 01:50:04.740000
2024-05-19 13:57:45.166,11503,289,7,100,False,0,car,0 days 00:54:28.572000,0 days 01:50:05.180000
2024-05-19 13:57:45.326,11509,292,7,100,False,0,car,0 days 00:54:28.732000,0 days 01:50:05.340000
2024-05-19 13:57:45.646,11504,294,7,100,False,0,car,0 days 00:54:29.052000,0 days 01:50:05.660000
2024-05-19 13:57:45.966,10809,296,7,100,False,0,car,0 days 00:54:29.372000,0 days 01:50:05.980000
2024-05-19 13:57:46.166,10658,298,8,100,False,0,car,0 days 00:54:29.572000,0 days 01:50:06.180000
2024-05-19 13:57:46.646,10694,301,8,100,False,0,car,0 days 00:54:30.052000,0 days 01:50:06.660000
2024-05-19 13:57:46.886,10778,303,8,100,False,0,car,0 days 00:54:30.292000,0 days 01:50:06.900000
2024-05-19 13:57:47.166,10860,304,8,100,False,0,car,0 days 00:54:30.572000,0 days 01:50:07.180000
2024-05-19 13:57:47.406,10890,305,8,100,False,0,car,0 days 00:54:30.812000,0 days 01:50:07.420000
2024-05-19 13:57:47.606,10932,306,8,100,False,0,car,0 days 00:54:31.012000,0 days 01:50:07.620000
2024-05-19 13:57:47.806,10906,307,8,100,False,0,car,0 days 00:54:31.212000,0 days 01:50:07.820000
2024-05-19 13:57:48.006,10936,308,8,100,False,0,car,0 days 00:54:31.412000,0 days 01:50:08.020000
2024-05-19 13:57:48.166,10984,308,8,100,False,0,car,0 days 00:54:31.572000,0 days 01:50:08.180000
2024-05-19 13:57:48.326,10999,309,8,100,False,0,car,0 days 00:54:31.732000,0 days 01:50:08.340000
2024-05-19 13:57:48.526,10988,310,8,100,False,0,car,0 days 00:54:31.932000,0 days 01:50:08.540000
2024-05-19 13:57:48.726,11012,310,8,100,False,0,car,0 days 00:54:32.132000,0 days 01:50:08.740000
2024-05-19 13:57:49.047,11048,311,8,100,False,0,car,0 days 00:54:32.453000,0 days 01:50:09.061000
2024-05-19 13:57:49.207,11048,311,8,100,False,0,car,0 days 00:54:32.613000,0 days 01:50:09.221000
2024-05-19 13:57:49.647,11099,313,8,100,False,0,car,0 days 00:54:33.053000,0 days 01:50:09.661000
2024-05-19 13:57:49.807,11038,313,8,100,False,0,car,0 days 00:54:33.213000,0 days 01:50:09.821000
2024-05-19 13:57:50.047,11068,314,8,100,False,0,car,0 days 00:54:33.453000,0 days 01:50:10.061000
2024-05-19 13:57:50.287,11118,314,8,100,False,0,car,0 days 00:54:33.693000,0 days 01:50:10.301000
2024-05-19 13:57:50.647,11178,314,8,100,False,0,car,0 days 00:54:34.053000,0 days 01:50:10.661000
2024-05-19 13:57:50.966,11146,314,8,100,False,0,car,0 days 00:54:34.372000,0 days 01:50:10.980000
2024-05-19 13:57:51.206,11166,316,8,100,False,0,car,0 days 00:54:34.612000,0 days 01:50:11.220000
2024-05-19 13:57:51.526,11208,316,8,100,False,0,car,0 days 00:54:34.932000,0 days 01:50:11.540000
2024-05-19 13:57:51.686,11161,316,8,100,False,0,car,0 days 00:54:35.092000,0 days 01:50:11.700000
2024-05-19 13:57:51.926,11168,316,8,100,False,0,car,0 days 00:54:35.332000,0 days 01:50:11.940000
2024-05-19 13:57:52.166,11163,316,8,100,False,0,car,0 days 00:54:35.572000,0 days 01:50:12.180000
2024-05-19 13:57:52.486,11193,317,8,100,False,0,car,0 days 00:54:35.892000,0 days 01:50:12.500000
2024-05-19 13:57:52.686,11193,317,8,100,False,0,car,0 days 00:54:36.092000,0 days 01:50:12.700000
2024-05-19 13:57:52.926,11292,318,8,100,False,0,car,0 days 00:54:36.332000,0 days 01:50:12.940000
2024-05-19 13:57:53.086,11241,318,8,100,False,0,car,0 days 00:54:36.492000,0 days 01:50:13.100000
2024-05-19 13:57:53.406,11216,318,8,99,False,0,car,0 days 00:54:36.812000,0 days 01:50:13.420000
2024-05-19 13:57:53.606,10939,315,8,3,False,0,car,0 days 00:54:37.012000,0 days 01:50:13.620000
2024-05-19 13:57:53.766,10710,313,8,0,True,0,car,0 days 00:54:37.172000,0 days 01:50:13.780000
2024-05-19 13:57:54.046,9977,288,8,0,True,0,car,0 days 00:54:37.452000,0 days 01:50:14.060000
2024-05-19 13:57:54.326,9553,251,8,0,True,0,car,0 days 00:54:37.732000,0 days 01:50:14.340000
2024-05-19 13:57:54.646,9396,214,8,0,True,0,car,0 days 00:54:38.052000,0 days 01:50:14.660000
2024-05-19 13:57:54.926,9698,187,7,0,True,0,car,0 days 00:54:38.332000,0 days 01:50:14.940000
2024-05-19 13:57:55.286,10160,169,4,0,True,0,car,0 days 00:54:38.692000,0 days 01:50:15.300000
2024-05-19 13:57:55.567,9127,158,4,1,False,0,car,0 days 00:54:38.973000,0 days 01:50:15.581000
2024-05-19 13:57:55.807,9206,154,4,5,False,0,car,0 days 00:54:39.213000,0 days 01:50:15.821000
2024-05-19 13:57:56.127,9245,150,4,51,False,0,car,0 days 00:54:39.533000,0 days 01:50:16.141000
2024-05-19 13:57:56.367,9492,152,4,68,False,0,car,0 days 00:54:39.773000,0 days 01:50:16.381000
2024-05-19 13:57:56.607,9954,159,4,87,False,0,car,0 days 00:54:40.013000,0 days 01:50:16.621000
2024-05-19 13:57:56.807,10031,167,4,81,False,0,car,0 days 00:54:40.213000,0 days 01:50:16.821000
2024-05-19 13:57:57.047,8631,169,4,36,False,0,car,0 days 00:54:40.453000,0 days 01:50:17.061000
2024-05-19 13:57:57.327,8496,171,5,32,False,0,car,0 days 00:54:40.733000,0 days 01:50:17.341000
2024-05-19 13:57:57.806,9060,171,5,65,False,0,car,0 days 00:54:41.212000,0 days 01:50:17.820000
2024-05-19 13:57:58.046,9190,178,5,100,False,0,car,0 days 00:54:41.452000,0 days 01:50:18.060000
2024-05-19 13:57:58.406,10253,190,5,100,False,0,car,0 days 00:54:41.812000,0 days 01:50:18.420000
2024-05-19 13:57:58.846,10615,204,5,100,False,0,car,0 days 00:54:42.252000,0 days 01:50:18.860000
2024-05-19 13:57:59.166,11169,212,5,100,False,0,car,0 days 00:54:42.572000,0 days 01:50:19.180000
2024-05-19 13:57:59.406,11444,219,5,100,False,0,car,0 days 00:54:42.812000,0 days 01:50:19.420000
2024-05-19 13:57:59.566,11444,221,5,100,False,0,car,0 days 00:54:42.972000,0 days 01:50:19.580000
2024-05-19 13:57:59.846,10380,227,5,100,False,0,car,0 days 00:54:43.252000,0 days 01:50:19.860000
2024-05-19 13:58:00.046,10542,231,6,100,False,0,car,0 days 00:54:43.452000,0 days 01:50:20.060000
2024-05-19 13:58:00.246,10542,235,6,100,False,0,car,0 days 00:54:43.652000,0 days 01:50:20.260000
2024-05-19 13:58:00.486,10919,238,6,100,False,0,car,0 days 00:54:43.892000,0 days 01:50:20.500000
2024-05-19 13:58:00.886,11211,246,6,100,False,0,car,0 days 00:54:44.292000,0 days 01:50:20.900000
2024-05-19 13:58:01.286,11468,254,6,100,False,0,car,0 days 00:54:44.692000,0 days 01:50:21.300000
2024-05-19 13:58:01.446,11481,257,6,100,False,0,car,0 days 00:54:44.852000,0 days 01:50:21.460000
2024-05-19 13:58:01.646,11633,260,6,100,False,0,car,0 days 00:54:45.052000,0 days 01:50:21.660000
2024-05-19 13:58:01.806,11203,263,6,100,False,0,car,0 days 00:54:45.212000,0 days 01:50:21.820000
2024-05-19 13:58:02.127,10639,264,7,100,False,0,car,0 days 00:54:45.533000,0 days 01:50:22.141000
2024-05-19 13:58:02.527,10832,273,7,100,False,0,car,0 days 00:54:45.933000,0 days 01:50:22.541000
2024-05-19 13:58:02.927,10984,276,7,100,False,0,car,0 days 00:54:46.333000,0 days 01:50:22.941000
2024-05-19 13:58:03.287,10967,278,7,100,False,0,car,0 days 00:54:46.693000,0 days 01:50:23.301000
2024-05-19 13:58:03.487,11093,279,7,100,False,0,car,0 days 00:54:46.893000,0 days 01:50:23.501000
2024-05-19 13:58:03.727,11094,280,7,100,False,0,car,0 days 00:54:47.133000,0 days 01:50:23.741000
2024-05-19 13:58:03.927,11046,280,7,100,False,0,car,0 days 00:54:47.333000,0 days 01:50:23.941000
2024-05-19 13:58:04.087,11085,280,7,100,False,0,car,0 days 00:54:47.493000,0 days 01:50:24.101000
2024-05-19 13:58:04.406,11030,280,7,100,False,0,car,0 days 00:54:47.812000,0 days 01:50:24.420000
2024-05-19 13:58:04.646,11083,281,7,100,False,0,car,0 days 00:54:48.052000,0 days 01:50:24.660000
2024-05-19 13:58:04.846,10654,276,7,0,True,0,car,0 days 00:54:48.252000,0 days 01:50:24.860000
2024-05-19 13:58:05.006,10234,263,7,0,True,0,car,0 days 00:54:48.412000,0 days 01:50:25.020000
2024-05-19 13:58:05.206,9926,249,7,0,True,0,car,0 days 00:54:48.612000,0 days 01:50:25.220000
2024-05-19 13:58:05.566,10055,234,6,0,True,0,car,0 days 00:54:48.972000,0 days 01:50:25.580000
2024-05-19 13:58:06.046,9471,219,6,0,True,0,car,0 days 00:54:49.452000,0 days 01:50:26.060000
2024-05-19 13:58:06.206,9200,209,6,0,True,0,car,0 days 00:54:49.612000,0 days 01:50:26.220000
2024-05-19 13:58:06.406,9599,209,6,0,True,0,car,0 days 00:54:49.812000,0 days 01:50:26.420000
2024-05-19 13:58:06.846,8628,175,5,0,True,0,car,0 days 00:54:50.252000,0 days 01:50:26.860000
2024-05-19 13:58:07.006,8453,170,5,0,True,0,car,0 days 00:54:50.412000,0 days 01:50:27.020000
2024-05-19 13:58:07.286,8283,164,5,5,False,0,car,0 days 00:54:50.692000,0 days 01:50:27.300000
2024-05-19 13:58:07.566,8418,160,5,62,False,0,car,0 days 00:54:50.972000,0 days 01:50:27.580000
2024-05-19 13:58:07.886,8798,164,5,82,False,0,car,0 days 00:54:51.292000,0 days 01:50:27.900000
2024-05-19 13:58:08.166,9219,171,5,100,False,0,car,0 days 00:54:51.572000,0 days 01:50:28.180000
2024-05-19 13:58:08.326,9428,177,5,100,False,0,car,0 days 00:54:51.732000,0 days 01:50:28.340000
2024-05-19 13:58:08.526,9896,183,5,100,False,0,car,0 days 00:54:51.932000,0 days 01:50:28.540000
2024-05-19 13:58:08.767,10194,190,5,100,False,0,car,0 days 00:54:52.173000,0 days 01:50:28.781000
2024-05-19 13:58:09.047,10379,198,5,100,False,0,car,0 days 00:54:52.453000,0 days 01:50:29.061000
2024-05-19 13:58:09.287,10635,204,5,100,False,0,car,0 days 00:54:52.693000,0 days 01:50:29.301000
2024-05-19 13:58:09.487,10935,207,5,100,False,0,car,0 days 00:54:52.893000,0 days 01:50:29.501000
2024-05-19 13:58:09.887,11238,217,5,100,False,0,car,0 days 00:54:53.293000,0 days 01:50:29.901000
2024-05-19 13:58:10.327,11375,222,5,100,False,0,car,0 days 00:54:53.733000,0 days 01:50:30.341000
2024-05-19 13:58:10.567,11517,224,5,100,False,0,car,0 days 00:54:53.973000,0 days 01:50:30.581000
2024-05-19 13:58:10.767,11542,226,5,75,False,0,car,0 days 00:54:54.173000,0 days 01:50:30.781000
2024-05-19 13:58:10.927,10982,220,5,0,True,0,car,0 days 00:54:54.333000,0 days 01:50:30.941000
2024-05-19 13:58:11.086,10377,211,5,0,True,0,car,0 days 00:54:54.492000,0 days 01:50:31.100000
2024-05-19 13:58:11.286,9754,191,5,0,True,0,car,0 days 00:54:54.692000,0 days 01:50:31.300000
2024-05-19 13:58:11.486,10398,172,4,0,True,0,car,0 days 00:54:54.892000,0 days 01:50:31.500000
2024-05-19 13:58:11.766,10356,151,3,0,True,0,car,0 days 00:54:55.172000,0 days 01:50:31.780000
2024-05-19 13:58:11.926,9688,139,3,0,True,0,car,0 days 00:54:55.332000,0 days 01:50:31.940000
2024-05-19 13:58:12.366,8204,121,3,0,True,0,car,0 days 00:54:55.772000,0 days 01:50:32.380000
2024-05-19 13:58:12.646,7771,112,3,0,True,0,car,0 days 00:54:56.052000,0 days 01:50:32.660000
2024-05-19 13:58:12.926,7493,106,3,0,True,0,car,0 days 00:54:56.332000,0 days 01:50:32.940000
2024-05-19 13:58:13.206,7014,101,3,0,False,0,car,0 days 00:54:56.612000,0 days 01:50:33.220000
2024-05-19 13:58:13.526,6990,94,3,5,False,0,car,0 days 00:54:56.932000,0 days 01:50:33.540000
2024-05-19 13:58:13.766,7138,95,3,23,False,0,car,0 days 00:54:57.172000,0 days 01:50:33.780000
2024-05-19 13:58:13.966,7157,96,3,24,False,0,car,0 days 00:54:57.372000,0 days 01:50:33.980000
2024-05-19 13:58:14.206,7457,99,3,34,False,0,car,0 days 00:54:57.612000,0 days 01:50:34.220000
2024-05-19 13:58:14.366,7730,99,3,39,False,0,car,0 days 00:54:57.772000,0 days 01:50:34.380000
2024-05-19 13:58:14.686,8185,104,3,52,False,0,car,0 days 00:54:58.092000,0 days 01:50:34.700000
2024-05-19 13:58:14.846,8228,108,3,53,False,0,car,0 days 00:54:58.252000,0 days 01:50:34.860000
2024-05-19 13:58:15.086,8938,113,3,69,False,0,car,0 days 00:54:58.492000,0 days 01:50:35.100000
2024-05-19 13:58:15.407,9592,128,3,81,False,0,car,0 days 00:54:58.813000,0 days 01:50:35.421000
2024-05-19 13:58:15.727,10959,140,3,94,False,0,car,0 days 00:54:59.133000,0 days 01:50:35.741000
2024-05-19 13:58:16.047,11077,154,3,94,False,0,car,0 days 00:54:59.453000,0 days 01:50:36.061000
2024-05-19 13:58:16.487,10228,171,4,100,False,0,car,0 days 00:54:59.893000,0 days 01:50:36.501000
2024-05-19 13:58:16.647,10928,179,4,100,False,0,car,0 days 00:55:00.053000,0 days 01:50:36.661000
2024-05-19 13:58:16.807,11376,187,4,100,False,0,car,0 days 00:55:00.213000,0 days 01:50:36.821000
2024-05-19 13:58:17.087,11987,193,4,100,False,0,car,0 days 00:55:00.493000,0 days 01:50:37.101000
2024-05-19 13:58:17.327,10763,203,4,100,False,0,car,0 days 00:55:00.733000,0 days 01:50:37.341000
2024-05-19 13:58:17.527,10827,209,5,100,False,0,car,0 days 00:55:00.933000,0 days 01:50:37.541000
2024-05-19 13:58:17.687,11095,212,5,100,False,0,car,0 days 00:55:01.093000,0 days 01:50:37.701000
2024-05-19 13:58:17.846,11095,217,5,100,False,0,car,0 days 00:55:01.252000,0 days 01:50:37.860000
2024-05-19 13:58:18.366,10729,230,5,100,False,0,car,0 days 00:55:01.772000,0 days 01:50:38.380000
2024-05-19 13:58:18.766,10835,238,6,100,False,0,car,0 days 00:55:02.172000,0 days 01:50:38.780000
2024-05-19 13:58:19.166,11147,247,6,100,False,0,car,0 days 00:55:02.572000,0 days 01:50:39.180000
2024-05-19 13:58:19.486,11307,252,6,100,False,0,car,0 days 00:55:02.892000,0 days 01:50:39.500000
2024-05-19 13:58:19.646,11307,255,6,100,False,0,car,0 days 00:55:03.052000,0 days 01:50:39.660000
2024-05-19 13:58:19.846,11483,258,6,100,False,0,car,0 days 00:55:03.252000,0 days 01:50:39.860000
2024-05-19 13:58:20.126,10458,261,6,100,False,0,car,0 days 00:55:03.532000,0 days 01:50:40.140000
2024-05-19 13:58:20.406,10620,265,7,100,False,0,car,0 days 00:55:03.812000,0 days 01:50:40.420000
2024-05-19 13:58:20.766,10630,267,7,100,False,0,car,0 days 00:55:04.172000,0 days 01:50:40.780000
2024-05-19 13:58:20.966,10659,267,7,100,False,0,car,0 days 00:55:04.372000,0 days 01:50:40.980000
2024-05-19 13:58:21.126,10664,268,7,100,False,0,car,0 days 00:55:04.532000,0 days 01:50:41.140000
2024-05-19 13:58:21.366,10764,269,7,100,False,0,car,0 days 00:55:04.772000,0 days 01:50:41.380000
2024-05-19 13:58:21.646,10757,271,7,100,False,0,car,0 days 00:55:05.052000,0 days 01:50:41.660000
2024-05-19 13:58:21.927,10772,271,7,100,False,0,car,0 days 00:55:05.333000,0 days 01:50:41.941000
2024-05-19 13:58:22.207,10761,272,7,100,False,0,car,0 days 00:55:05.613000,0 days 01:50:42.221000
2024-05-19 13:58:22.367,10726,272,7,100,False,0,car,0 days 00:55:05.773000,0 days 01:50:42.381000
2024-05-19 13:58:22.687,10723,273,7,0,True,0,car,0 days 00:55:06.093000,0 days 01:50:42.701000
2024-05-19 13:58:22.887,9953,264,7,0,True,0,car,0 days 00:55:06.293000,0 days 01:50:42.901000
2024-05-19 13:58:23.167,10434,239,7,0,True,0,car,0 days 00:55:06.573000,0 days 01:50:43.181000
2024-05-19 13:58:23.367,10739,224,6,0,True,0,car,0 days 00:55:06.773000,0 days 01:50:43.381000
2024-05-19 13:58:23.647,10423,208,5,1,True,0,car,0 days 00:55:07.053000,0 days 01:50:43.661000
2024-05-19 13:58:23.887,10098,203,5,8,True,0,car,0 days 00:55:07.293000,0 days 01:50:43.901000
2024-05-19 13:58:24.127,10039,194,5,24,False,0,car,0 days 00:55:07.533000,0 days 01:50:44.141000
2024-05-19 13:58:24.287,10108,195,5,72,False,0,car,0 days 00:55:07.693000,0 days 01:50:44.301000
2024-05-19 13:58:24.446,10321,196,5,79,False,0,car,0 days 00:55:07.852000,0 days 01:50:44.460000
2024-05-19 13:58:24.806,10644,203,5,95,False,0,car,0 days 00:55:08.212000,0 days 01:50:44.820000
2024-05-19 13:58:25.006,11045,208,5,100,False,0,car,0 days 00:55:08.412000,0 days 01:50:45.020000
2024-05-19 13:58:25.246,11093,212,5,100,False,0,car,0 days 00:55:08.652000,0 days 01:50:45.260000
2024-05-19 13:58:25.726,10938,225,5,100,False,0,car,0 days 00:55:09.132000,0 days 01:50:45.740000
2024-05-19 13:58:25.886,10509,227,6,100,False,0,car,0 days 00:55:09.292000,0 days 01:50:45.900000
2024-05-19 13:58:26.046,10508,232,6,100,False,0,car,0 days 00:55:09.452000,0 days 01:50:46.060000
2024-05-19 13:58:26.206,10652,236,6,100,False,0,car,0 days 00:55:09.612000,0 days 01:50:46.220000
2024-05-19 13:58:26.446,10901,240,6,100,False,0,car,0 days 00:55:09.852000,0 days 01:50:46.460000
2024-05-19 13:58:26.726,11110,242,6,100,False,0,car,0 days 00:55:10.132000,0 days 01:50:46.740000
2024-05-19 13:58:26.926,11275,250,6,100,False,0,car,0 days 00:55:10.332000,0 days 01:50:46.940000
2024-05-19 13:58:27.126,11374,253,6,100,False,0,car,0 days 00:55:10.532000,0 days 01:50:47.140000
2024-05-19 13:58:27.446,11528,259,6,100,False,0,car,0 days 00:55:10.852000,0 days 01:50:47.460000
2024-05-19 13:58:27.806,10476,263,7,100,False,0,car,0 days 00:55:11.212000,0 days 01:50:47.820000
2024-05-19 13:58:27.966,10530,264,7,100,False,0,car,0 days 00:55:11.372000,0 days 01:50:47.980000
2024-05-19 13:58:28.126,10575,265,7,100,False,0,car,0 days 00:55:11.532000,0 days 01:50:48.140000
2024-05-19 13:58:28.287,10670,266,7,100,False,0,car,0 days 00:55:11.693000,0 days 01:50:48.301000
2024-05-19 13:58:28.447,10691,268,7,100,False,0,car,0 days 00:55:11.853000,0 days 01:50:48.461000
2024-05-19 13:58:28.727,10706,271,7,100,False,0,car,0 days 00:55:12.133000,0 days 01:50:48.741000
2024-05-19 13:58:28.887,10751,271,7,100,False,0,car,0 days 00:55:12.293000,0 days 01:50:48.901000
2024-05-19 13:58:29.087,10793,271,7,100,False,0,car,0 days 00:55:12.493000,0 days 01:50:49.101000
2024-05-19 13:58:29.327,10618,272,7,23,False,0,car,0 days 00:55:12.733000,0 days 01:50:49.341000
2024-05-19 13:58:29.527,10307,269,7,0,False,0,car,0 days 00:55:12.933000,0 days 01:50:49.541000
2024-05-19 13:58:29.807,10127,263,7,0,False,0,car,0 days 00:55:13.213000,0 days 01:50:49.821000
2024-05-19 13:58:30.087,10132,258,7,0,False,0,car,0 days 00:55:13.493000,0 days 01:50:50.101000
2024-05-19 13:58:30.287,9852,253,7,0,True,0,car,0 days 00:55:13.693000,0 days 01:50:50.301000
2024-05-19 13:58:30.527,9948,237,7,0,True,0,car,0 days 00:55:13.933000,0 days 01:50:50.541000
2024-05-19 13:58:30.807,10091,205,7,0,True,0,car,0 days 00:55:14.213000,0 days 01:50:50.821000
2024-05-19 13:58:31.007,10107,185,6,0,True,0,car,0 days 00:55:14.413000,0 days 01:50:51.021000
2024-05-19 13:58:31.326,9276,165,4,0,True,0,car,0 days 00:55:14.732000,0 days 01:50:51.340000
2024-05-19 13:58:31.646,8606,146,4,0,True,0,car,0 days 00:55:15.052000,0 days 01:50:51.660000
2024-05-19 13:58:31.806,8040,138,4,0,True,0,car,0 days 00:55:15.212000,0 days 01:50:51.820000
2024-05-19 13:58:31.966,7757,136,4,0,True,0,car,0 days 00:55:15.372000,0 days 01:50:51.980000
2024-05-19 13:58:32.166,7550,132,4,0,False,0,car,0 days 00:55:15.572000,0 days 01:50:52.180000
2024-05-19 13:58:32.406,7409,124,4,3,False,0,car,0 days 00:55:15.812000,0 days 01:50:52.420000
2024-05-19 13:58:32.726,7615,122,4,30,False,0,car,0 days 00:55:16.132000,0 days 01:50:52.740000
2024-05-19 13:58:32.926,7869,125,4,52,False,0,car,0 days 00:55:16.332000,0 days 01:50:52.940000
2024-05-19 13:58:33.326,8625,133,4,91,False,0,car,0 days 00:55:16.732000,0 days 01:50:53.340000
2024-05-19 13:58:33.686,8970,144,4,100,False,0,car,0 days 00:55:17.092000,0 days 01:50:53.700000
2024-05-19 13:58:33.926,9778,155,4,100,False,0,car,0 days 00:55:17.332000,0 days 01:50:53.940000
2024-05-19 13:58:34.086,10303,160,4,100,False,0,car,0 days 00:55:17.492000,0 days 01:50:54.100000
2024-05-19 13:58:35.287,10474,202,4,100,False,0,car,0 days 00:55:18.693000,0 days 01:50:55.301000
2024-05-19 13:58:35.487,10640,202,5,100,False,0,car,0 days 00:55:18.893000,0 days 01:50:55.501000
2024-05-19 13:58:35.927,11470,222,5,100,False,0,car,0 days 00:55:19.333000,0 days 01:50:55.941000
2024-05-19 13:58:36.167,11429,226,5,100,False,0,car,0 days 00:55:19.573000,0 days 01:50:56.181000
2024-05-19 13:58:36.527,10411,235,6,100,False,0,car,0 days 00:55:19.933000,0 days 01:50:56.541000
2024-05-19 13:58:36.687,10753,238,6,100,False,0,car,0 days 00:55:20.093000,0 days 01:50:56.701000
2024-05-19 13:58:36.847,10837,241,6,100,False,0,car,0 days 00:55:20.253000,0 days 01:50:56.861000
2024-05-19 13:58:37.007,11063,245,6,100,False,0,car,0 days 00:55:20.413000,0 days 01:50:57.021000
2024-05-19 13:58:37.287,11192,249,6,100,False,0,car,0 days 00:55:20.693000,0 days 01:50:57.301000
2024-05-19 13:58:37.527,11219,252,6,100,False,0,car,0 days 00:55:20.933000,0 days 01:50:57.541000
2024-05-19 13:58:37.687,11350,254,6,100,False,0,car,0 days 00:55:21.093000,0 days 01:50:57.701000
2024-05-19 13:58:37.887,11451,254,6,100,False,0,car,0 days 00:55:21.293000,0 days 01:50:57.901000
2024-05-19 13:58:38.086,11487,257,6,100,False,0,car,0 days 00:55:21.492000,0 days 01:50:58.100000
2024-05-19 13:58:38.366,11469,258,6,100,False,0,car,0 days 00:55:21.772000,0 days 01:50:58.380000
2024-05-19 13:58:38.606,11536,259,6,100,False,0,car,0 days 00:55:22.012000,0 days 01:50:58.620000
2024-05-19 13:58:38.886,11613,259,6,100,False,0,car,0 days 00:55:22.292000,0 days 01:50:58.900000
2024-05-19 13:58:39.206,11430,258,6,9,False,0,car,0 days 00:55:22.612000,0 days 01:50:59.220000
2024-05-19 13:58:39.486,10901,251,6,0,True,0,car,0 days 00:55:22.892000,0 days 01:50:59.500000
2024-05-19 13:58:39.686,9783,231,6,0,True,0,car,0 days 00:55:23.092000,0 days 01:50:59.700000
2024-05-19 13:58:39.926,9913,198,6,0,True,0,car,0 days 00:55:23.332000,0 days 01:50:59.940000
2024-05-19 13:58:40.166,10049,178,6,0,True,0,car,0 days 00:55:23.572000,0 days 01:51:00.180000
2024-05-19 13:58:40.646,8384,145,4,0,True,0,car,0 days 00:55:24.052000,0 days 01:51:00.660000
2024-05-19 13:58:40.846,7759,133,4,0,True,0,car,0 days 00:55:24.252000,0 days 01:51:00.860000
2024-05-19 13:58:41.206,7059,120,4,0,True,0,car,0 days 00:55:24.612000,0 days 01:51:01.220000
2024-05-19 13:58:41.447,7007,119,4,0,False,0,car,0 days 00:55:24.853000,0 days 01:51:01.461000
2024-05-19 13:58:41.687,6647,114,4,0,False,0,car,0 days 00:55:25.093000,0 days 01:51:01.701000
2024-05-19 13:58:42.127,7260,107,3,0,True,0,car,0 days 00:55:25.533000,0 days 01:51:02.141000
2024-05-19 13:58:42.527,7294,100,3,7,False,0,car,0 days 00:55:25.933000,0 days 01:51:02.541000
2024-05-19 13:58:42.727,7341,99,3,21,False,0,car,0 days 00:55:26.133000,0 days 01:51:02.741000
2024-05-19 13:58:42.887,7457,99,3,27,False,0,car,0 days 00:55:26.293000,0 days 01:51:02.901000
2024-05-19 13:58:43.127,7695,102,3,39,False,0,car,0 days 00:55:26.533000,0 days 01:51:03.141000
2024-05-19 13:58:43.287,7958,104,3,50,False,0,car,0 days 00:55:26.693000,0 days 01:51:03.301000
2024-05-19 13:58:43.527,8411,111,3,63,False,0,car,0 days 00:55:26.933000,0 days 01:51:03.541000
2024-05-19 13:58:43.687,8691,114,3,74,False,0,car,0 days 00:55:27.093000,0 days 01:51:03.701000
2024-05-19 13:58:43.847,9506,118,3,80,False,0,car,0 days 00:55:27.253000,0 days 01:51:03.861000
2024-05-19 13:58:44.167,10574,134,3,96,False,0,car,0 days 00:55:27.573000,0 days 01:51:04.181000
2024-05-19 13:58:44.327,10830,144,3,96,False,0,car,0 days 00:55:27.733000,0 days 01:51:04.341000
2024-05-19 13:58:44.567,9857,153,4,100,False,0,car,0 days 00:55:27.973000,0 days 01:51:04.581000
2024-05-19 13:58:44.766,10384,162,4,100,False,0,car,0 days 00:55:28.172000,0 days 01:51:04.780000
2024-05-19 13:58:44.966,10746,171,4,100,False,0,car,0 days 00:55:28.372000,0 days 01:51:04.980000
2024-05-19 13:58:45.126,10974,180,4,100,False,0,car,0 days 00:55:28.532000,0 days 01:51:05.140000
2024-05-19 13:58:45.406,11923,191,4,100,False,0,car,0 days 00:55:28.812000,0 days 01:51:05.420000
2024-05-19 13:58:45.646,11223,198,4,100,False,0,car,0 days 00:55:29.052000,0 days 01:51:05.660000
2024-05-19 13:58:46.006,10938,211,5,100,False,0,car,0 days 00:55:29.412000,0 days 01:51:06.020000
2024-05-19 13:58:46.246,11218,217,5,100,False,0,car,0 days 00:55:29.652000,0 days 01:51:06.260000
2024-05-19 13:58:46.486,11557,223,5,100,False,0,car,0 days 00:55:29.892000,0 days 01:51:06.500000
2024-05-19 13:58:46.926,10932,235,5,100,False,0,car,0 days 00:55:30.332000,0 days 01:51:06.940000
2024-05-19 13:58:47.086,10837,237,6,100,False,0,car,0 days 00:55:30.492000,0 days 01:51:07.100000
2024-05-19 13:58:47.246,10916,242,6,100,False,0,car,0 days 00:55:30.652000,0 days 01:51:07.260000
2024-05-19 13:58:47.486,11170,246,6,100,False,0,car,0 days 00:55:30.892000,0 days 01:51:07.500000
2024-05-19 13:58:47.726,11293,252,6,100,False,0,car,0 days 00:55:31.132000,0 days 01:51:07.740000
2024-05-19 13:58:47.966,11411,255,6,100,False,0,car,0 days 00:55:31.372000,0 days 01:51:07.980000
2024-05-19 13:58:48.127,11559,259,6,100,False,0,car,0 days 00:55:31.533000,0 days 01:51:08.141000
2024-05-19 13:58:48.567,10647,265,6,100,False,0,car,0 days 00:55:31.973000,0 days 01:51:08.581000
2024-05-19 13:58:48.927,10708,270,7,100,False,0,car,0 days 00:55:32.333000,0 days 01:51:08.941000
2024-05-19 13:58:49.127,10776,272,7,100,False,0,car,0 days 00:55:32.533000,0 days 01:51:09.141000
2024-05-19 13:58:49.327,10861,275,7,100,False,0,car,0 days 00:55:32.733000,0 days 01:51:09.341000
2024-05-19 13:58:49.607,11043,278,7,100,False,0,car,0 days 00:55:33.013000,0 days 01:51:09.621000
2024-05-19 13:58:49.887,11099,279,7,100,False,0,car,0 days 00:55:33.293000,0 days 01:51:09.901000
2024-05-19 13:58:50.087,11203,282,7,100,False,0,car,0 days 00:55:33.493000,0 days 01:51:10.101000
2024-05-19 13:58:50.247,11170,284,7,100,False,0,car,0 days 00:55:33.653000,0 days 01:51:10.261000
2024-05-19 13:58:50.607,11329,286,7,100,False,0,car,0 days 00:55:34.013000,0 days 01:51:10.621000
2024-05-19 13:58:50.847,11329,289,7,100,False,0,car,0 days 00:55:34.253000,0 days 01:51:10.861000
2024-05-19 13:58:51.047,11329,290,7,100,False,0,car,0 days 00:55:34.453000,0 days 01:51:11.061000
2024-05-19 13:58:51.327,11565,293,7,100,False,0,car,0 days 00:55:34.733000,0 days 01:51:11.341000
2024-05-19 13:58:51.486,11640,294,7,100,False,0,car,0 days 00:55:34.892000,0 days 01:51:11.500000
2024-05-19 13:58:51.686,11758,295,7,100,False,0,car,0 days 00:55:35.092000,0 days 01:51:11.700000
2024-05-19 13:58:52.046,11760,296,7,100,False,0,car,0 days 00:55:35.452000,0 days 01:51:12.060000
2024-05-19 13:58:52.246,11441,295,7,10,False,0,car,0 days 00:55:35.652000,0 days 01:51:12.260000
2024-05-19 13:58:52.406,11133,289,7,0,True,0,car,0 days 00:55:35.812000,0 days 01:51:12.420000
2024-05-19 13:58:52.646,10538,273,7,0,True,0,car,0 days 00:55:36.052000,0 days 01:51:12.660000
2024-05-19 13:58:53.006,9607,227,7,0,True,0,car,0 days 00:55:36.412000,0 days 01:51:13.020000
2024-05-19 13:58:53.166,9385,215,7,0,True,0,car,0 days 00:55:36.572000,0 days 01:51:13.180000
2024-05-19 13:58:53.406,9513,185,7,0,True,0,car,0 days 00:55:36.812000,0 days 01:51:13.420000
2024-05-19 13:58:53.606,10206,167,6,0,True,0,car,0 days 00:55:37.012000,0 days 01:51:13.620000
2024-05-19 13:58:53.966,10290,147,3,0,True,0,car,0 days 00:55:37.372000,0 days 01:51:13.980000
2024-05-19 13:58:54.206,9170,133,3,0,True,0,car,0 days 00:55:37.612000,0 days 01:51:14.220000
2024-05-19 13:58:54.446,8973,128,3,0,True,0,car,0 days 00:55:37.852000,0 days 01:51:14.460000
2024-05-19 13:58:54.807,8493,121,3,0,False,0,car,0 days 00:55:38.213000,0 days 01:51:14.821000
2024-05-19 13:58:55.087,8259,117,3,1,False,0,car,0 days 00:55:38.493000,0 days 01:51:15.101000
2024-05-19 13:58:55.327,8426,114,3,24,False,0,car,0 days 00:55:38.733000,0 days 01:51:15.341000
2024-05-19 13:58:55.767,8951,117,3,49,False,0,car,0 days 00:55:39.173000,0 days 01:51:15.781000
2024-05-19 13:58:56.767,9317,151,4,100,False,0,car,0 days 00:55:40.173000,0 days 01:51:16.781000
2024-05-19 13:58:57.127,9256,160,4,9,True,0,car,0 days 00:55:40.533000,0 days 01:51:17.141000
2024-05-19 13:58:57.407,8815,154,4,0,True,0,car,0 days 00:55:40.813000,0 days 01:51:17.421000
2024-05-19 13:58:57.647,8682,146,4,0,True,0,car,0 days 00:55:41.053000,0 days 01:51:17.661000
2024-05-19 13:58:57.967,8158,143,4,0,False,0,car,0 days 00:55:41.373000,0 days 01:51:17.981000
2024-05-19 13:58:58.206,8029,137,4,0,False,0,car,0 days 00:55:41.612000,0 days 01:51:18.220000
2024-05-19 13:58:58.446,8364,132,4,37,False,0,car,0 days 00:55:41.852000,0 days 01:51:18.460000
2024-05-19 13:58:58.846,8621,137,4,49,False,0,car,0 days 00:55:42.252000,0 days 01:51:18.860000
2024-05-19 13:58:59.046,8757,140,4,61,False,0,car,0 days 00:55:42.452000,0 days 01:51:19.060000
2024-05-19 13:58:59.206,9316,144,4,64,False,0,car,0 days 00:55:42.612000,0 days 01:51:19.220000
2024-05-19 13:58:59.446,9516,149,4,76,False,0,car,0 days 00:55:42.852000,0 days 01:51:19.460000
2024-05-19 13:58:59.766,10247,159,4,100,False,0,car,0 days 00:55:43.172000,0 days 01:51:19.780000
2024-05-19 13:58:59.926,10730,167,4,100,False,0,car,0 days 00:55:43.332000,0 days 01:51:19.940000
2024-05-19 13:59:00.206,11171,180,4,100,False,0,car,0 days 00:55:43.612000,0 days 01:51:20.220000
2024-05-19 13:59:00.486,11450,184,4,100,False,0,car,0 days 00:55:43.892000,0 days 01:51:20.500000
2024-05-19 13:59:00.886,10537,202,5,100,False,0,car,0 days 00:55:44.292000,0 days 01:51:20.900000
2024-05-19 13:59:01.086,10867,208,5,100,False,0,car,0 days 00:55:44.492000,0 days 01:51:21.100000
2024-05-19 13:59:01.527,11202,223,5,100,False,0,car,0 days 00:55:44.933000,0 days 01:51:21.541000
2024-05-19 13:59:01.887,11377,230,5,100,False,0,car,0 days 00:55:45.293000,0 days 01:51:21.901000
2024-05-19 13:59:02.127,10654,237,6,100,False,0,car,0 days 00:55:45.533000,0 days 01:51:22.141000
2024-05-19 13:59:02.567,11115,245,6,100,False,0,car,0 days 00:55:45.973000,0 days 01:51:22.581000
2024-05-19 13:59:02.847,11264,251,6,100,False,0,car,0 days 00:55:46.253000,0 days 01:51:22.861000
2024-05-19 13:59:03.007,11398,254,6,100,False,0,car,0 days 00:55:46.413000,0 days 01:51:23.021000
2024-05-19 13:59:03.327,11539,260,6,100,False,0,car,0 days 00:55:46.733000,0 days 01:51:23.341000
2024-05-19 13:59:03.567,10491,262,7,100,False,0,car,0 days 00:55:46.973000,0 days 01:51:23.581000
2024-05-19 13:59:03.887,10706,266,7,100,False,0,car,0 days 00:55:47.293000,0 days 01:51:23.901000
2024-05-19 13:59:04.047,10751,270,7,100,False,0,car,0 days 00:55:47.453000,0 days 01:51:24.061000
2024-05-19 13:59:04.287,10906,272,7,100,False,0,car,0 days 00:55:47.693000,0 days 01:51:24.301000
2024-05-19 13:59:04.487,10978,274,7,100,False,0,car,0 days 00:55:47.893000,0 days 01:51:24.501000
2024-05-19 13:59:04.767,11132,278,7,100,False,0,car,0 days 00:55:48.173000,0 days 01:51:24.781000
2024-05-19 13:59:05.006,11152,281,7,100,False,0,car,0 days 00:55:48.412000,0 days 01:51:25.020000
2024-05-19 13:59:05.326,11202,283,7,100,False,0,car,0 days 00:55:48.732000,0 days 01:51:25.340000
2024-05-19 13:59:05.606,11389,287,7,100,False,0,car,0 days 00:55:49.012000,0 days 01:51:25.620000
2024-05-19 13:59:05.886,11484,289,7,100,False,0,car,0 days 00:55:49.292000,0 days 01:51:25.900000
2024-05-19 13:59:06.206,11614,293,7,100,False,0,car,0 days 00:55:49.612000,0 days 01:51:26.220000
2024-05-19 13:59:06.526,10555,295,7,100,False,0,car,0 days 00:55:49.932000,0 days 01:51:26.540000
2024-05-19 13:59:06.766,10583,296,8,100,False,0,car,0 days 00:55:50.172000,0 days 01:51:26.780000
2024-05-19 13:59:06.966,10604,297,8,100,False,0,car,0 days 00:55:50.372000,0 days 01:51:26.980000
2024-05-19 13:59:07.286,10679,299,8,100,False,0,car,0 days 00:55:50.692000,0 days 01:51:27.300000
2024-05-19 13:59:07.486,10711,301,8,100,False,0,car,0 days 00:55:50.892000,0 days 01:51:27.500000
2024-05-19 13:59:07.646,10758,302,8,100,False,0,car,0 days 00:55:51.052000,0 days 01:51:27.660000
2024-05-19 13:59:07.887,10838,303,8,100,False,0,car,0 days 00:55:51.293000,0 days 01:51:27.901000
2024-05-19 13:59:08.087,10832,304,8,100,False,0,car,0 days 00:55:51.493000,0 days 01:51:28.101000
2024-05-19 13:59:08.247,10828,305,8,100,False,0,car,0 days 00:55:51.653000,0 days 01:51:28.261000
2024-05-19 13:59:08.407,10858,306,8,100,False,0,car,0 days 00:55:51.813000,0 days 01:51:28.421000
2024-05-19 13:59:08.607,10860,306,8,100,False,0,car,0 days 00:55:52.013000,0 days 01:51:28.621000
2024-05-19 13:59:08.927,10930,308,8,100,False,0,car,0 days 00:55:52.333000,0 days 01:51:28.941000
2024-05-19 13:59:09.127,10978,308,8,100,False,0,car,0 days 00:55:52.533000,0 days 01:51:29.141000
2024-05-19 13:59:09.327,10973,309,8,100,False,0,car,0 days 00:55:52.733000,0 days 01:51:29.341000
2024-05-19 13:59:09.527,11016,310,8,100,False,0,car,0 days 00:55:52.933000,0 days 01:51:29.541000
2024-05-19 13:59:09.727,10989,310,8,100,False,0,car,0 days 00:55:53.133000,0 days 01:51:29.741000
2024-05-19 13:59:09.927,10989,310,8,100,False,0,car,0 days 00:55:53.333000,0 days 01:51:29.941000
2024-05-19 13:59:10.367,11054,311,8,100,False,0,car,0 days 00:55:53.773000,0 days 01:51:30.381000
2024-05-19 13:59:10.567,11048,312,8,100,False,0,car,0 days 00:55:53.973000,0 days 01:51:30.581000
2024-05-19 13:59:10.767,11067,313,8,100,False,0,car,0 days 00:55:54.173000,0 days 01:51:30.781000
2024-05-19 13:59:11.007,11037,312,8,100,False,0,car,0 days 00:55:54.413000,0 days 01:51:31.021000
2024-05-19 13:59:11.247,11072,312,8,100,False,0,car,0 days 00:55:54.653000,0 days 01:51:31.261000
2024-05-19 13:59:11.447,11103,312,8,100,False,0,car,0 days 00:55:54.853000,0 days 01:51:31.461000
2024-05-19 13:59:11.646,11095,313,8,100,False,0,car,0 days 00:55:55.052000,0 days 01:51:31.660000
2024-05-19 13:59:11.886,11051,313,8,100,False,0,car,0 days 00:55:55.292000,0 days 01:51:31.900000
2024-05-19 13:59:12.126,11099,314,8,100,False,0,car,0 days 00:55:55.532000,0 days 01:51:32.140000
2024-05-19 13:59:12.406,11142,314,8,100,False,0,car,0 days 00:55:55.812000,0 days 01:51:32.420000
2024-05-19 13:59:12.726,11130,314,8,100,False,0,car,0 days 00:55:56.132000,0 days 01:51:32.740000
2024-05-19 13:59:12.966,11186,315,8,100,False,0,car,0 days 00:55:56.372000,0 days 01:51:32.980000
2024-05-19 13:59:13.126,11124,315,8,100,False,0,car,0 days 00:55:56.532000,0 days 01:51:33.140000
2024-05-19 13:59:13.446,11165,316,8,100,False,0,car,0 days 00:55:56.852000,0 days 01:51:33.460000
2024-05-19 13:59:13.806,11204,315,8,100,False,0,car,0 days 00:55:57.212000,0 days 01:51:33.820000
2024-05-19 13:59:14.006,11182,316,8,100,False,0,car,0 days 00:55:57.412000,0 days 01:51:34.020000
2024-05-19 13:59:14.166,11196,316,8,100,False,0,car,0 days 00:55:57.572000,0 days 01:51:34.180000
2024-05-19 13:59:14.407,10880,312,8,0,False,0,car,0 days 00:55:57.813000,0 days 01:51:34.421000
2024-05-19 13:59:14.607,10778,301,8,0,True,0,car,0 days 00:55:58.013000,0 days 01:51:34.621000
2024-05-19 13:59:14.887,9947,280,8,0,True,0,car,0 days 00:55:58.293000,0 days 01:51:34.901000
2024-05-19 13:59:15.087,9681,253,8,0,True,0,car,0 days 00:55:58.493000,0 days 01:51:35.101000
2024-05-19 13:59:15.327,9638,217,7,0,True,0,car,0 days 00:55:58.733000,0 days 01:51:35.341000
2024-05-19 13:59:15.647,10131,193,6,0,True,0,car,0 days 00:55:59.053000,0 days 01:51:35.661000
2024-05-19 13:59:15.967,10103,175,4,0,True,0,car,0 days 00:55:59.373000,0 days 01:51:35.981000
2024-05-19 13:59:16.327,9383,161,4,0,True,0,car,0 days 00:55:59.733000,0 days 01:51:36.341000
2024-05-19 13:59:16.607,9102,153,4,0,False,0,car,0 days 00:56:00.013000,0 days 01:51:36.621000
2024-05-19 13:59:16.967,9162,149,4,38,False,0,car,0 days 00:56:00.373000,0 days 01:51:36.981000
2024-05-19 13:59:17.167,9421,150,4,57,False,0,car,0 days 00:56:00.573000,0 days 01:51:37.181000
2024-05-19 13:59:17.327,9533,154,4,62,False,0,car,0 days 00:56:00.733000,0 days 01:51:37.341000
2024-05-19 13:59:17.527,9713,157,4,78,False,0,car,0 days 00:56:00.933000,0 days 01:51:37.541000
2024-05-19 13:59:17.687,9492,160,4,9,False,0,car,0 days 00:56:01.093000,0 days 01:51:37.701000
2024-05-19 13:59:18.007,9428,156,4,12,False,0,car,0 days 00:56:01.413000,0 days 01:51:38.021000
2024-05-19 13:59:18.406,9908,158,4,57,False,0,car,0 days 00:56:01.812000,0 days 01:51:38.420000
2024-05-19 13:59:18.606,10442,163,4,99,False,0,car,0 days 00:56:02.012000,0 days 01:51:38.620000
2024-05-19 13:59:18.966,11093,174,4,100,False,0,car,0 days 00:56:02.372000,0 days 01:51:38.980000
2024-05-19 13:59:19.206,11486,186,4,100,False,0,car,0 days 00:56:02.612000,0 days 01:51:39.220000
2024-05-19 13:59:19.526,10402,195,4,100,False,0,car,0 days 00:56:02.932000,0 days 01:51:39.540000
2024-05-19 13:59:19.846,10594,205,5,100,False,0,car,0 days 00:56:03.252000,0 days 01:51:39.860000
2024-05-19 13:59:20.006,10962,210,5,100,False,0,car,0 days 00:56:03.412000,0 days 01:51:40.020000
2024-05-19 13:59:20.446,11467,220,5,100,False,0,car,0 days 00:56:03.852000,0 days 01:51:40.460000
2024-05-19 13:59:20.686,11308,222,5,100,False,0,car,0 days 00:56:04.092000,0 days 01:51:40.700000
2024-05-19 13:59:20.967,10447,230,6,100,False,0,car,0 days 00:56:04.373000,0 days 01:51:40.981000
2024-05-19 13:59:21.127,10447,234,6,100,False,0,car,0 days 00:56:04.533000,0 days 01:51:41.141000
2024-05-19 13:59:21.327,10809,237,6,100,False,0,car,0 days 00:56:04.733000,0 days 01:51:41.341000
2024-05-19 13:59:21.647,11017,244,6,100,False,0,car,0 days 00:56:05.053000,0 days 01:51:41.661000
2024-05-19 13:59:21.887,11184,248,6,100,False,0,car,0 days 00:56:05.293000,0 days 01:51:41.901000
2024-05-19 13:59:22.087,11353,251,6,100,False,0,car,0 days 00:56:05.493000,0 days 01:51:42.101000
2024-05-19 13:59:22.287,11476,255,6,100,False,0,car,0 days 00:56:05.693000,0 days 01:51:42.301000
2024-05-19 13:59:22.687,11440,261,6,100,False,0,car,0 days 00:56:06.093000,0 days 01:51:42.701000
2024-05-19 13:59:22.847,10596,264,6,100,False,0,car,0 days 00:56:06.253000,0 days 01:51:42.861000
2024-05-19 13:59:23.007,10633,267,7,100,False,0,car,0 days 00:56:06.413000,0 days 01:51:43.021000
2024-05-19 13:59:23.327,10756,271,7,100,False,0,car,0 days 00:56:06.733000,0 days 01:51:43.341000
2024-05-19 13:59:23.727,10940,276,7,100,False,0,car,0 days 00:56:07.133000,0 days 01:51:43.741000
2024-05-19 13:59:24.127,11041,278,7,100,False,0,car,0 days 00:56:07.533000,0 days 01:51:44.141000
2024-05-19 13:59:24.327,11028,279,7,100,False,0,car,0 days 00:56:07.733000,0 days 01:51:44.341000
2024-05-19 13:59:24.727,11065,280,7,100,False,0,car,0 days 00:56:08.133000,0 days 01:51:44.741000
2024-05-19 13:59:25.086,11052,280,7,100,False,0,car,0 days 00:56:08.492000,0 days 01:51:45.100000
2024-05-19 13:59:25.446,11102,280,7,100,False,0,car,0 days 00:56:08.852000,0 days 01:51:45.460000
2024-05-19 13:59:25.646,10830,278,7,25,False,0,car,0 days 00:56:09.052000,0 days 01:51:45.660000
2024-05-19 13:59:25.846,10418,267,7,0,True,0,car,0 days 00:56:09.252000,0 days 01:51:45.860000
2024-05-19 13:59:26.006,9831,254,7,0,True,0,car,0 days 00:56:09.412000,0 days 01:51:46.020000
2024-05-19 13:59:26.326,10297,247,6,0,True,0,car,0 days 00:56:09.732000,0 days 01:51:46.340000
2024-05-19 13:59:26.606,9836,224,6,0,True,0,car,0 days 00:56:10.012000,0 days 01:51:46.620000
2024-05-19 13:59:26.886,9366,217,6,1,True,0,car,0 days 00:56:10.292000,0 days 01:51:46.900000
2024-05-19 13:59:27.166,10136,209,6,0,True,0,car,0 days 00:56:10.572000,0 days 01:51:47.180000
2024-05-19 13:59:27.607,8688,172,5,0,True,0,car,0 days 00:56:11.013000,0 days 01:51:47.621000
2024-05-19 13:59:27.807,8417,168,5,0,True,0,car,0 days 00:56:11.213000,0 days 01:51:47.821000
2024-05-19 13:59:28.207,8375,160,5,27,False,0,car,0 days 00:56:11.613000,0 days 01:51:48.221000
2024-05-19 13:59:28.367,8443,162,5,53,False,0,car,0 days 00:56:11.773000,0 days 01:51:48.381000
2024-05-19 13:59:28.607,8671,165,5,71,False,0,car,0 days 00:56:12.013000,0 days 01:51:48.621000
2024-05-19 13:59:29.007,9169,175,5,98,False,0,car,0 days 00:56:12.413000,0 days 01:51:49.021000
2024-05-19 13:59:29.287,9735,179,5,100,False,0,car,0 days 00:56:12.693000,0 days 01:51:49.301000
2024-05-19 13:59:29.487,9948,187,5,100,False,0,car,0 days 00:56:12.893000,0 days 01:51:49.501000
2024-05-19 13:59:29.687,10170,192,5,100,False,0,car,0 days 00:56:13.093000,0 days 01:51:49.701000
2024-05-19 13:59:30.047,10724,205,5,100,False,0,car,0 days 00:56:13.453000,0 days 01:51:50.061000
2024-05-19 13:59:30.207,10819,209,5,100,False,0,car,0 days 00:56:13.613000,0 days 01:51:50.221000
2024-05-19 13:59:30.367,10904,209,5,100,False,0,car,0 days 00:56:13.773000,0 days 01:51:50.381000
2024-05-19 13:59:30.687,11203,217,5,100,False,0,car,0 days 00:56:14.093000,0 days 01:51:50.701000
2024-05-19 13:59:31.047,11275,219,5,100,False,0,car,0 days 00:56:14.453000,0 days 01:51:51.061000
2024-05-19 13:59:31.527,11516,226,5,100,False,0,car,0 days 00:56:14.933000,0 days 01:51:51.541000
2024-05-19 13:59:31.767,11112,221,5,0,True,0,car,0 days 00:56:15.173000,0 days 01:51:51.781000
2024-05-19 13:59:32.006,10668,195,5,0,True,0,car,0 days 00:56:15.412000,0 days 01:51:52.020000
2024-05-19 13:59:32.326,10796,168,5,0,True,0,car,0 days 00:56:15.732000,0 days 01:51:52.340000
2024-05-19 13:59:32.486,10861,160,5,0,True,0,car,0 days 00:56:15.892000,0 days 01:51:52.500000
2024-05-19 13:59:32.726,10172,140,3,0,True,0,car,0 days 00:56:16.132000,0 days 01:51:52.740000
2024-05-19 13:59:32.966,9043,130,3,0,True,0,car,0 days 00:56:16.372000,0 days 01:51:52.980000
2024-05-19 13:59:33.366,7919,115,3,0,True,0,car,0 days 00:56:16.772000,0 days 01:51:53.380000
2024-05-19 13:59:33.766,7382,107,3,0,False,0,car,0 days 00:56:17.172000,0 days 01:51:53.780000
2024-05-19 13:59:33.966,7098,103,3,0,False,0,car,0 days 00:56:17.372000,0 days 01:51:53.980000
2024-05-19 13:59:34.127,7025,101,3,0,False,0,car,0 days 00:56:17.533000,0 days 01:51:54.141000
2024-05-19 13:59:34.527,7038,95,3,18,False,0,car,0 days 00:56:17.933000,0 days 01:51:54.541000
2024-05-19 13:59:34.767,7080,94,3,27,False,0,car,0 days 00:56:18.173000,0 days 01:51:54.781000
2024-05-19 13:59:34.967,7369,97,3,31,False,0,car,0 days 00:56:18.373000,0 days 01:51:54.981000
2024-05-19 13:59:35.327,7675,101,3,38,False,0,car,0 days 00:56:18.733000,0 days 01:51:55.341000
2024-05-19 13:59:35.567,8214,105,3,51,False,0,car,0 days 00:56:18.973000,0 days 01:51:55.581000
2024-05-19 13:59:35.767,8469,109,3,56,False,0,car,0 days 00:56:19.173000,0 days 01:51:55.781000
2024-05-19 13:59:35.927,8950,114,3,59,False,0,car,0 days 00:56:19.333000,0 days 01:51:55.941000
2024-05-19 13:59:36.207,9485,123,3,70,False,0,car,0 days 00:56:19.613000,0 days 01:51:56.221000
2024-05-19 13:59:36.607,10834,141,3,96,False,0,car,0 days 00:56:20.013000,0 days 01:51:56.621000
2024-05-19 13:59:36.887,9778,151,3,100,False,0,car,0 days 00:56:20.293000,0 days 01:51:56.901000
2024-05-19 13:59:37.207,10518,167,4,100,False,0,car,0 days 00:56:20.613000,0 days 01:51:57.221000
2024-05-19 13:59:37.447,10933,176,4,100,False,0,car,0 days 00:56:20.853000,0 days 01:51:57.461000
2024-05-19 13:59:37.647,11267,183,4,100,False,0,car,0 days 00:56:21.053000,0 days 01:51:57.661000
2024-05-19 13:59:37.807,11569,191,4,100,False,0,car,0 days 00:56:21.213000,0 days 01:51:57.821000
2024-05-19 13:59:38.087,11838,197,4,100,False,0,car,0 days 00:56:21.493000,0 days 01:51:58.101000
2024-05-19 13:59:38.287,10718,203,5,100,False,0,car,0 days 00:56:21.693000,0 days 01:51:58.301000
2024-05-19 13:59:38.606,11183,216,5,100,False,0,car,0 days 00:56:22.012000,0 days 01:51:58.620000
2024-05-19 13:59:38.846,11369,221,5,100,False,0,car,0 days 00:56:22.252000,0 days 01:51:58.860000
2024-05-19 13:59:39.006,11589,226,5,100,False,0,car,0 days 00:56:22.412000,0 days 01:51:59.020000
2024-05-19 13:59:39.206,11381,231,5,100,False,0,car,0 days 00:56:22.612000,0 days 01:51:59.220000
2024-05-19 13:59:39.366,10639,233,5,100,False,0,car,0 days 00:56:22.772000,0 days 01:51:59.380000
2024-05-19 13:59:39.566,10639,237,6,100,False,0,car,0 days 00:56:22.972000,0 days 01:51:59.580000
2024-05-19 13:59:39.926,11025,245,6,100,False,0,car,0 days 00:56:23.332000,0 days 01:51:59.940000
2024-05-19 13:59:40.206,11294,251,6,100,False,0,car,0 days 00:56:23.612000,0 days 01:52:00.220000
2024-05-19 13:59:40.566,11398,255,6,100,False,0,car,0 days 00:56:23.972000,0 days 01:52:00.580000
2024-05-19 13:59:40.887,11487,259,6,100,False,0,car,0 days 00:56:24.293000,0 days 01:52:00.901000
2024-05-19 13:59:41.167,10522,263,6,100,False,0,car,0 days 00:56:24.573000,0 days 01:52:01.181000
2024-05-19 13:59:41.447,10480,265,7,100,False,0,car,0 days 00:56:24.853000,0 days 01:52:01.461000
2024-05-19 13:59:41.767,10569,266,7,100,False,0,car,0 days 00:56:25.173000,0 days 01:52:01.781000
2024-05-19 13:59:41.967,10660,267,7,100,False,0,car,0 days 00:56:25.373000,0 days 01:52:01.981000
2024-05-19 13:59:42.327,10686,269,7,100,False,0,car,0 days 00:56:25.733000,0 days 01:52:02.341000
2024-05-19 13:59:42.647,10740,269,7,100,False,0,car,0 days 00:56:26.053000,0 days 01:52:02.661000
2024-05-19 13:59:42.847,10700,270,7,100,False,0,car,0 days 00:56:26.253000,0 days 01:52:02.861000
2024-05-19 13:59:43.127,10688,271,7,100,False,0,car,0 days 00:56:26.533000,0 days 01:52:03.141000
2024-05-19 13:59:43.607,10703,271,7,89,False,0,car,0 days 00:56:27.013000,0 days 01:52:03.621000
2024-05-19 13:59:44.047,10245,250,7,0,True,0,car,0 days 00:56:27.453000,0 days 01:52:04.061000
2024-05-19 13:59:44.287,10484,228,6,0,True,0,car,0 days 00:56:27.693000,0 days 01:52:04.301000
2024-05-19 13:59:44.527,10591,213,5,0,True,0,car,0 days 00:56:27.933000,0 days 01:52:04.541000
2024-05-19 13:59:44.807,10326,206,5,7,False,0,car,0 days 00:56:28.213000,0 days 01:52:04.821000
2024-05-19 13:59:45.246,10320,198,5,52,False,0,car,0 days 00:56:28.652000,0 days 01:52:05.260000
2024-05-19 13:59:45.646,10546,204,5,85,False,0,car,0 days 00:56:29.052000,0 days 01:52:05.660000
2024-05-19 13:59:45.806,10895,207,5,92,False,0,car,0 days 00:56:29.212000,0 days 01:52:05.820000
2024-05-19 13:59:45.966,10899,209,5,100,False,0,car,0 days 00:56:29.372000,0 days 01:52:05.980000
2024-05-19 13:59:46.126,11231,215,5,100,False,0,car,0 days 00:56:29.532000,0 days 01:52:06.140000
2024-05-19 13:59:46.406,11320,222,5,100,False,0,car,0 days 00:56:29.812000,0 days 01:52:06.420000
2024-05-19 13:59:46.566,11586,225,5,100,False,0,car,0 days 00:56:29.972000,0 days 01:52:06.580000
2024-05-19 13:59:46.806,10841,231,5,100,False,0,car,0 days 00:56:30.212000,0 days 01:52:06.820000
2024-05-19 13:59:47.006,10594,235,6,100,False,0,car,0 days 00:56:30.412000,0 days 01:52:07.020000
2024-05-19 13:59:47.206,10848,239,6,100,False,0,car,0 days 00:56:30.612000,0 days 01:52:07.220000
2024-05-19 13:59:47.487,11123,243,6,100,False,0,car,0 days 00:56:30.893000,0 days 01:52:07.501000
2024-05-19 13:59:47.687,11226,247,6,100,False,0,car,0 days 00:56:31.093000,0 days 01:52:07.701000
2024-05-19 13:59:47.887,11313,251,6,100,False,0,car,0 days 00:56:31.293000,0 days 01:52:07.901000
2024-05-19 13:59:48.127,11450,257,6,100,False,0,car,0 days 00:56:31.533000,0 days 01:52:08.141000
2024-05-19 13:59:48.367,11350,258,6,100,False,0,car,0 days 00:56:31.773000,0 days 01:52:08.381000
2024-05-19 13:59:48.647,11623,262,6,100,False,0,car,0 days 00:56:32.053000,0 days 01:52:08.661000
2024-05-19 13:59:48.927,11888,265,6,100,False,0,car,0 days 00:56:32.333000,0 days 01:52:08.941000
2024-05-19 13:59:49.127,11922,267,6,100,False,0,car,0 days 00:56:32.533000,0 days 01:52:09.141000
2024-05-19 13:59:49.287,11082,268,6,100,False,0,car,0 days 00:56:32.693000,0 days 01:52:09.301000
2024-05-19 13:59:49.567,10664,270,7,100,False,0,car,0 days 00:56:32.973000,0 days 01:52:09.581000
2024-05-19 13:59:49.807,10768,271,7,100,False,0,car,0 days 00:56:33.213000,0 days 01:52:09.821000
2024-05-19 13:59:50.127,10680,272,7,100,False,0,car,0 days 00:56:33.533000,0 days 01:52:10.141000
2024-05-19 13:59:50.287,10400,272,7,56,False,0,car,0 days 00:56:33.693000,0 days 01:52:10.301000
2024-05-19 13:59:50.527,10227,266,7,0,False,0,car,0 days 00:56:33.933000,0 days 01:52:10.541000
2024-05-19 13:59:50.807,10124,258,7,0,False,0,car,0 days 00:56:34.213000,0 days 01:52:10.821000
2024-05-19 13:59:51.207,9361,242,7,0,True,0,car,0 days 00:56:34.613000,0 days 01:52:11.221000
2024-05-19 13:59:51.367,9892,236,7,0,True,0,car,0 days 00:56:34.773000,0 days 01:52:11.381000
2024-05-19 13:59:51.567,10256,226,7,0,True,0,car,0 days 00:56:34.973000,0 days 01:52:11.581000
2024-05-19 13:59:52.046,9931,170,5,0,True,0,car,0 days 00:56:35.452000,0 days 01:52:12.060000
2024-05-19 13:59:52.326,8950,150,4,0,True,0,car,0 days 00:56:35.732000,0 days 01:52:12.340000
2024-05-19 13:59:52.566,8131,145,4,0,True,0,car,0 days 00:56:35.972000,0 days 01:52:12.580000
2024-05-19 13:59:52.766,7783,134,4,0,True,0,car,0 days 00:56:36.172000,0 days 01:52:12.780000
2024-05-19 13:59:53.126,7374,127,4,0,False,0,car,0 days 00:56:36.532000,0 days 01:52:13.140000
2024-05-19 13:59:53.366,7648,122,4,6,False,0,car,0 days 00:56:36.772000,0 days 01:52:13.380000
2024-05-19 13:59:53.526,7501,122,4,20,False,0,car,0 days 00:56:36.932000,0 days 01:52:13.540000
2024-05-19 13:59:53.726,7603,122,4,32,False,0,car,0 days 00:56:37.132000,0 days 01:52:13.740000
2024-05-19 13:59:53.887,7875,123,4,57,False,0,car,0 days 00:56:37.293000,0 days 01:52:13.901000
2024-05-19 13:59:54.127,8362,131,4,69,False,0,car,0 days 00:56:37.533000,0 days 01:52:14.141000
2024-05-19 13:59:54.447,8780,142,4,100,False,0,car,0 days 00:56:37.853000,0 days 01:52:14.461000
2024-05-19 13:59:54.687,9269,150,4,100,False,0,car,0 days 00:56:38.093000,0 days 01:52:14.701000
2024-05-19 13:59:55.047,10627,163,4,100,False,0,car,0 days 00:56:38.453000,0 days 01:52:15.061000
2024-05-19 13:59:55.207,11074,172,4,100,False,0,car,0 days 00:56:38.613000,0 days 01:52:15.221000
2024-05-19 13:59:55.567,11268,179,4,100,False,0,car,0 days 00:56:38.973000,0 days 01:52:15.581000
2024-05-19 13:59:55.767,11638,191,4,100,False,0,car,0 days 00:56:39.173000,0 days 01:52:15.781000
2024-05-19 13:59:56.007,10860,197,4,100,False,0,car,0 days 00:56:39.413000,0 days 01:52:16.021000
2024-05-19 13:59:56.327,10819,209,5,100,False,0,car,0 days 00:56:39.733000,0 days 01:52:16.341000
2024-05-19 13:59:56.687,11200,217,5,100,False,0,car,0 days 00:56:40.093000,0 days 01:52:16.701000
2024-05-19 13:59:56.887,11610,223,5,100,False,0,car,0 days 00:56:40.293000,0 days 01:52:16.901000
2024-05-19 13:59:57.047,11597,228,5,100,False,0,car,0 days 00:56:40.453000,0 days 01:52:17.061000
2024-05-19 13:59:57.207,11861,232,5,100,False,0,car,0 days 00:56:40.613000,0 days 01:52:17.221000
2024-05-19 13:59:57.487,10699,234,5,100,False,0,car,0 days 00:56:40.893000,0 days 01:52:17.501000
2024-05-19 13:59:57.647,10794,240,5,100,False,0,car,0 days 00:56:41.053000,0 days 01:52:17.661000
2024-05-19 13:59:57.927,11098,246,6,100,False,0,car,0 days 00:56:41.333000,0 days 01:52:17.941000
2024-05-19 13:59:58.287,11239,250,6,100,False,0,car,0 days 00:56:41.693000,0 days 01:52:18.301000
2024-05-19 13:59:58.527,11284,253,6,100,False,0,car,0 days 00:56:41.933000,0 days 01:52:18.541000
2024-05-19 13:59:58.687,11369,254,6,100,False,0,car,0 days 00:56:42.093000,0 days 01:52:18.701000
2024-05-19 13:59:58.926,11474,256,6,100,False,0,car,0 days 00:56:42.332000,0 days 01:52:18.940000
2024-05-19 13:59:59.206,11422,257,6,100,False,0,car,0 days 00:56:42.612000,0 days 01:52:19.220000
2024-05-19 13:59:59.526,11480,257,6,100,False,0,car,0 days 00:56:42.932000,0 days 01:52:19.540000
2024-05-19 13:59:59.886,11513,259,6,100,False,0,car,0 days 00:56:43.292000,0 days 01:52:19.900000
2024-05-19 14:00:00.046,11436,259,6,100,False,0,car,0 days 00:56:43.452000,0 days 01:52:20.060000
2024-05-19 14:00:00.407,10674,240,6,0,True,0,car,0 days 00:56:43.813000,0 days 01:52:20.421000
2024-05-19 14:00:00.607,9875,217,6,0,True,0,car,0 days 00:56:44.013000,0 days 01:52:20.621000
2024-05-19 14:00:00.847,9770,196,6,0,True,0,car,0 days 00:56:44.253000,0 days 01:52:20.861000
2024-05-19 14:00:01.087,9998,178,6,0,True,0,car,0 days 00:56:44.493000,0 days 01:52:21.101000
2024-05-19 14:00:01.407,8662,149,4,0,True,0,car,0 days 00:56:44.813000,0 days 01:52:21.421000
2024-05-19 14:00:01.727,7646,133,4,0,True,0,car,0 days 00:56:45.133000,0 days 01:52:21.741000
2024-05-19 14:00:01.927,7428,126,4,0,True,0,car,0 days 00:56:45.333000,0 days 01:52:21.941000
2024-05-19 14:00:02.247,6910,121,4,0,True,0,car,0 days 00:56:45.653000,0 days 01:52:22.261000
2024-05-19 14:00:02.407,6965,116,4,0,False,0,car,0 days 00:56:45.813000,0 days 01:52:22.421000
2024-05-19 14:00:02.767,7217,111,4,0,True,0,car,0 days 00:56:46.173000,0 days 01:52:22.781000
2024-05-19 14:00:03.047,7703,107,3,0,True,0,car,0 days 00:56:46.453000,0 days 01:52:23.061000
2024-05-19 14:00:03.327,7210,102,3,0,False,0,car,0 days 00:56:46.733000,0 days 01:52:23.341000
2024-05-19 14:00:03.567,7444,99,3,20,False,0,car,0 days 00:56:46.973000,0 days 01:52:23.581000
2024-05-19 14:00:03.807,7607,100,3,27,False,0,car,0 days 00:56:47.213000,0 days 01:52:23.821000
2024-05-19 14:00:04.007,7769,103,3,29,False,0,car,0 days 00:56:47.413000,0 days 01:52:24.021000
2024-05-19 14:00:04.287,8199,107,3,53,False,0,car,0 days 00:56:47.693000,0 days 01:52:24.301000
2024-05-19 14:00:04.647,9368,119,3,72,False,0,car,0 days 00:56:48.053000,0 days 01:52:24.661000
2024-05-19 14:00:04.807,9867,126,3,75,False,0,car,0 days 00:56:48.213000,0 days 01:52:24.821000
2024-05-19 14:00:05.047,10570,136,3,92,False,0,car,0 days 00:56:48.453000,0 days 01:52:25.061000
2024-05-19 14:00:05.287,11299,147,3,100,False,0,car,0 days 00:56:48.693000,0 days 01:52:25.301000
2024-05-19 14:00:05.486,9899,155,3,100,False,0,car,0 days 00:56:48.892000,0 days 01:52:25.500000
2024-05-19 14:00:05.646,9884,165,4,100,False,0,car,0 days 00:56:49.052000,0 days 01:52:25.660000
2024-05-19 14:00:05.926,10834,178,4,100,False,0,car,0 days 00:56:49.332000,0 days 01:52:25.940000
2024-05-19 14:00:06.126,11471,182,4,100,False,0,car,0 days 00:56:49.532000,0 days 01:52:26.140000
2024-05-19 14:00:06.326,11576,193,4,100,False,0,car,0 days 00:56:49.732000,0 days 01:52:26.340000
2024-05-19 14:00:06.686,10667,203,4,100,False,0,car,0 days 00:56:50.092000,0 days 01:52:26.700000
2024-05-19 14:00:06.967,10834,212,5,100,False,0,car,0 days 00:56:50.373000,0 days 01:52:26.981000
2024-05-19 14:00:07.207,11379,221,5,100,False,0,car,0 days 00:56:50.613000,0 days 01:52:27.221000
2024-05-19 14:00:07.567,11795,229,5,100,False,0,car,0 days 00:56:50.973000,0 days 01:52:27.581000
2024-05-19 14:00:07.847,11814,234,5,100,False,0,car,0 days 00:56:51.253000,0 days 01:52:27.861000
2024-05-19 14:00:08.087,10922,240,6,100,False,0,car,0 days 00:56:51.493000,0 days 01:52:28.101000
2024-05-19 14:00:08.287,11089,244,6,100,False,0,car,0 days 00:56:51.693000,0 days 01:52:28.301000
2024-05-19 14:00:08.567,11169,250,6,100,False,0,car,0 days 00:56:51.973000,0 days 01:52:28.581000
2024-05-19 14:00:08.727,11380,254,6,100,False,0,car,0 days 00:56:52.133000,0 days 01:52:28.741000
2024-05-19 14:00:09.007,11539,258,6,100,False,0,car,0 days 00:56:52.413000,0 days 01:52:29.021000
2024-05-19 14:00:09.167,11592,260,6,100,False,0,car,0 days 00:56:52.573000,0 days 01:52:29.181000
2024-05-19 14:00:09.367,11055,263,6,100,False,0,car,0 days 00:56:52.773000,0 days 01:52:29.381000
2024-05-19 14:00:09.567,10637,266,7,100,False,0,car,0 days 00:56:52.973000,0 days 01:52:29.581000
2024-05-19 14:00:09.767,10684,269,7,100,False,0,car,0 days 00:56:53.173000,0 days 01:52:29.781000
2024-05-19 14:00:10.087,10883,273,7,100,False,0,car,0 days 00:56:53.493000,0 days 01:52:30.101000
2024-05-19 14:00:10.367,10956,277,7,100,False,0,car,0 days 00:56:53.773000,0 days 01:52:30.381000
2024-05-19 14:00:10.607,11109,279,7,100,False,0,car,0 days 00:56:54.013000,0 days 01:52:30.621000
2024-05-19 14:00:10.847,11060,281,7,100,False,0,car,0 days 00:56:54.253000,0 days 01:52:30.861000
2024-05-19 14:00:11.047,11239,284,7,100,False,0,car,0 days 00:56:54.453000,0 days 01:52:31.061000
2024-05-19 14:00:11.407,11319,286,7,100,False,0,car,0 days 00:56:54.813000,0 days 01:52:31.421000
2024-05-19 14:00:11.687,11388,289,7,100,False,0,car,0 days 00:56:55.093000,0 days 01:52:31.701000
2024-05-19 14:00:12.087,11486,291,7,100,False,0,car,0 days 00:56:55.493000,0 days 01:52:32.101000
2024-05-19 14:00:12.246,11628,293,7,100,False,0,car,0 days 00:56:55.652000,0 days 01:52:32.260000
2024-05-19 14:00:12.526,11592,296,7,100,False,0,car,0 days 00:56:55.932000,0 days 01:52:32.540000
2024-05-19 14:00:12.846,11656,297,7,100,False,0,car,0 days 00:56:56.252000,0 days 01:52:32.860000
2024-05-19 14:00:13.206,11616,294,7,51,True,0,car,0 days 00:56:56.612000,0 days 01:52:33.220000
2024-05-19 14:00:13.366,11206,287,7,0,True,0,car,0 days 00:56:56.772000,0 days 01:52:33.380000
2024-05-19 14:00:13.607,10049,253,7,0,True,0,car,0 days 00:56:57.013000,0 days 01:52:33.621000
2024-05-19 14:00:13.847,10088,242,7,0,True,0,car,0 days 00:56:57.253000,0 days 01:52:33.861000
2024-05-19 14:00:14.007,10018,205,7,0,True,0,car,0 days 00:56:57.413000,0 days 01:52:34.021000
2024-05-19 14:00:14.247,10877,186,7,0,True,0,car,0 days 00:56:57.653000,0 days 01:52:34.261000
2024-05-19 14:00:14.527,10216,159,5,0,True,0,car,0 days 00:56:57.933000,0 days 01:52:34.541000
2024-05-19 14:00:14.847,10015,142,3,0,True,0,car,0 days 00:56:58.253000,0 days 01:52:34.861000
2024-05-19 14:00:15.127,9197,132,3,0,True,0,car,0 days 00:56:58.533000,0 days 01:52:35.141000
2024-05-19 14:00:15.367,8942,125,3,0,True,0,car,0 days 00:56:58.773000,0 days 01:52:35.381000
2024-05-19 14:00:15.647,8396,121,3,0,True,0,car,0 days 00:56:59.053000,0 days 01:52:35.661000
2024-05-19 14:00:15.927,8246,115,3,2,False,0,car,0 days 00:56:59.333000,0 days 01:52:35.941000
2024-05-19 14:00:16.127,8409,114,3,30,False,0,car,0 days 00:56:59.533000,0 days 01:52:36.141000
2024-05-19 14:00:16.287,8601,115,3,44,False,0,car,0 days 00:56:59.693000,0 days 01:52:36.301000
2024-05-19 14:00:16.447,8601,119,3,45,False,0,car,0 days 00:56:59.853000,0 days 01:52:36.461000
2024-05-19 14:00:16.767,9045,125,3,52,False,0,car,0 days 00:57:00.173000,0 days 01:52:36.781000
2024-05-19 14:00:17.047,10315,134,3,76,False,0,car,0 days 00:57:00.453000,0 days 01:52:37.061000
2024-05-19 14:00:17.207,10979,142,3,87,False,0,car,0 days 00:57:00.613000,0 days 01:52:37.221000
2024-05-19 14:00:17.607,9899,158,4,100,False,0,car,0 days 00:57:01.013000,0 days 01:52:37.621000
2024-05-19 14:00:17.807,10134,166,4,99,False,0,car,0 days 00:57:01.213000,0 days 01:52:37.821000
2024-05-19 14:00:18.207,8894,153,4,0,True,0,car,0 days 00:57:01.613000,0 days 01:52:38.221000
2024-05-19 14:00:18.367,8780,151,4,0,True,0,car,0 days 00:57:01.773000,0 days 01:52:38.381000
2024-05-19 14:00:18.687,8432,145,4,1,False,0,car,0 days 00:57:02.093000,0 days 01:52:38.701000
2024-05-19 14:00:18.926,8364,139,4,1,False,0,car,0 days 00:57:02.332000,0 days 01:52:38.940000
2024-05-19 14:00:19.166,8217,136,4,8,False,0,car,0 days 00:57:02.572000,0 days 01:52:39.180000
2024-05-19 14:00:19.486,8604,136,4,47,False,0,car,0 days 00:57:02.892000,0 days 01:52:39.500000
2024-05-19 14:00:19.686,8771,138,4,55,False,0,car,0 days 00:57:03.092000,0 days 01:52:39.700000
2024-05-19 14:00:19.846,8952,142,4,57,False,0,car,0 days 00:57:03.252000,0 days 01:52:39.860000
2024-05-19 14:00:20.006,9491,146,4,68,False,0,car,0 days 00:57:03.412000,0 days 01:52:40.020000
2024-05-19 14:00:20.247,9419,149,4,54,False,0,car,0 days 00:57:03.653000,0 days 01:52:40.261000
2024-05-19 14:00:20.487,9693,152,4,87,False,0,car,0 days 00:57:03.893000,0 days 01:52:40.501000
2024-05-19 14:00:20.927,10962,175,4,100,False,0,car,0 days 00:57:04.333000,0 days 01:52:40.941000
2024-05-19 14:00:21.287,11685,183,4,100,False,0,car,0 days 00:57:04.693000,0 days 01:52:41.301000
2024-05-19 14:00:21.447,10672,194,4,100,False,0,car,0 days 00:57:04.853000,0 days 01:52:41.461000
2024-05-19 14:00:21.727,10567,204,5,100,False,0,car,0 days 00:57:05.133000,0 days 01:52:41.741000
2024-05-19 14:00:21.967,10974,210,5,100,False,0,car,0 days 00:57:05.373000,0 days 01:52:41.981000
2024-05-19 14:00:22.167,11054,217,5,100,False,0,car,0 days 00:57:05.573000,0 days 01:52:42.181000
2024-05-19 14:00:22.447,11577,225,5,100,False,0,car,0 days 00:57:05.853000,0 days 01:52:42.461000
2024-05-19 14:00:22.607,11815,230,5,100,False,0,car,0 days 00:57:06.013000,0 days 01:52:42.621000
2024-05-19 14:00:22.967,10613,237,6,100,False,0,car,0 days 00:57:06.373000,0 days 01:52:42.981000
2024-05-19 14:00:23.367,10984,245,6,100,False,0,car,0 days 00:57:06.773000,0 days 01:52:43.381000
2024-05-19 14:00:23.527,11186,247,6,100,False,0,car,0 days 00:57:06.933000,0 days 01:52:43.541000
2024-05-19 14:00:23.687,11253,251,6,100,False,0,car,0 days 00:57:07.093000,0 days 01:52:43.701000
2024-05-19 14:00:23.927,11475,257,6,100,False,0,car,0 days 00:57:07.333000,0 days 01:52:43.941000
2024-05-19 14:00:24.127,11519,259,6,100,False,0,car,0 days 00:57:07.533000,0 days 01:52:44.141000
2024-05-19 14:00:24.367,10819,262,7,100,False,0,car,0 days 00:57:07.773000,0 days 01:52:44.381000
2024-05-19 14:00:24.687,10646,266,7,100,False,0,car,0 days 00:57:08.093000,0 days 01:52:44.701000
2024-05-19 14:00:24.887,10786,269,7,100,False,0,car,0 days 00:57:08.293000,0 days 01:52:44.901000
2024-05-19 14:00:25.167,10847,273,7,100,False,0,car,0 days 00:57:08.573000,0 days 01:52:45.181000
2024-05-19 14:00:25.487,11073,277,7,100,False,0,car,0 days 00:57:08.893000,0 days 01:52:45.501000
2024-05-19 14:00:25.726,11090,277,7,100,False,0,car,0 days 00:57:09.132000,0 days 01:52:45.740000
2024-05-19 14:00:26.006,11189,283,7,100,False,0,car,0 days 00:57:09.412000,0 days 01:52:46.020000
2024-05-19 14:00:26.446,11348,287,7,100,False,0,car,0 days 00:57:09.852000,0 days 01:52:46.460000
2024-05-19 14:00:26.847,11440,290,7,100,False,0,car,0 days 00:57:10.253000,0 days 01:52:46.861000
2024-05-19 14:00:27.247,11573,293,7,100,False,0,car,0 days 00:57:10.653000,0 days 01:52:47.261000
2024-05-19 14:00:27.407,11616,294,7,100,False,0,car,0 days 00:57:10.813000,0 days 01:52:47.421000
2024-05-19 14:00:27.647,10522,296,7,100,False,0,car,0 days 00:57:11.053000,0 days 01:52:47.661000
2024-05-19 14:00:28.767,10780,303,8,100,False,0,car,0 days 00:57:12.173000,0 days 01:52:48.781000
2024-05-19 14:00:28.967,10793,304,8,100,False,0,car,0 days 00:57:12.373000,0 days 01:52:48.981000
2024-05-19 14:00:29.327,10868,305,8,100,False,0,car,0 days 00:57:12.733000,0 days 01:52:49.341000
2024-05-19 14:00:29.527,10871,307,8,100,False,0,car,0 days 00:57:12.933000,0 days 01:52:49.541000
2024-05-19 14:00:29.847,10948,308,8,100,False,0,car,0 days 00:57:13.253000,0 days 01:52:49.861000
2024-05-19 14:00:30.007,10999,309,8,100,False,0,car,0 days 00:57:13.413000,0 days 01:52:50.021000
2024-05-19 14:00:30.167,11026,309,8,100,False,0,car,0 days 00:57:13.573000,0 days 01:52:50.181000
2024-05-19 14:00:30.327,10989,309,8,100,False,0,car,0 days 00:57:13.733000,0 days 01:52:50.341000
2024-05-19 14:00:30.527,10997,310,8,100,False,0,car,0 days 00:57:13.933000,0 days 01:52:50.541000
2024-05-19 14:00:30.887,11069,311,8,100,False,0,car,0 days 00:57:14.293000,0 days 01:52:50.901000
2024-05-19 14:00:31.087,11073,311,8,100,False,0,car,0 days 00:57:14.493000,0 days 01:52:51.101000
2024-05-19 14:00:31.327,11060,312,8,100,False,0,car,0 days 00:57:14.733000,0 days 01:52:51.341000
2024-05-19 14:00:31.687,11098,312,8,100,False,0,car,0 days 00:57:15.093000,0 days 01:52:51.701000
2024-05-19 14:00:32.007,11119,313,8,100,False,0,car,0 days 00:57:15.413000,0 days 01:52:52.021000
2024-05-19 14:00:32.287,11144,314,8,100,False,0,car,0 days 00:57:15.693000,0 days 01:52:52.301000
2024-05-19 14:00:32.486,11055,314,8,100,False,0,car,0 days 00:57:15.892000,0 days 01:52:52.500000
2024-05-19 14:00:32.646,11055,314,8,100,False,0,car,0 days 00:57:16.052000,0 days 01:52:52.660000
2024-05-19 14:00:32.846,11108,314,8,100,False,0,car,0 days 00:57:16.252000,0 days 01:52:52.860000
2024-05-19 14:00:33.166,11174,314,8,100,False,0,car,0 days 00:57:16.572000,0 days 01:52:53.180000
2024-05-19 14:00:33.367,11173,315,8,100,False,0,car,0 days 00:57:16.773000,0 days 01:52:53.381000
2024-05-19 14:00:33.767,11151,315,8,100,False,0,car,0 days 00:57:17.173000,0 days 01:52:53.781000
2024-05-19 14:00:34.167,11191,316,8,100,False,0,car,0 days 00:57:17.573000,0 days 01:52:54.181000
2024-05-19 14:00:34.567,11192,316,8,100,False,0,car,0 days 00:57:17.973000,0 days 01:52:54.581000
2024-05-19 14:00:34.807,11208,316,8,100,False,0,car,0 days 00:57:18.213000,0 days 01:52:54.821000
2024-05-19 14:00:35.207,10873,310,8,0,False,0,car,0 days 00:57:18.613000,0 days 01:52:55.221000
2024-05-19 14:00:35.407,10398,298,8,0,True,0,car,0 days 00:57:18.813000,0 days 01:52:55.421000
2024-05-19 14:00:35.647,10398,298,8,0,True,0,car,0 days 00:57:19.053000,0 days 01:52:55.661000
2024-05-19 14:00:35.807,9641,262,8,0,True,0,car,0 days 00:57:19.213000,0 days 01:52:55.821000
2024-05-19 14:00:36.047,9025,225,8,0,True,0,car,0 days 00:57:19.453000,0 days 01:52:56.061000
2024-05-19 14:00:36.247,9394,205,8,0,True,0,car,0 days 00:57:19.653000,0 days 01:52:56.261000
2024-05-19 14:00:36.487,9661,188,6,0,True,0,car,0 days 00:57:19.893000,0 days 01:52:56.501000
2024-05-19 14:00:36.687,10152,178,5,0,True,0,car,0 days 00:57:20.093000,0 days 01:52:56.701000
2024-05-19 14:00:37.007,9574,161,4,0,True,0,car,0 days 00:57:20.413000,0 days 01:52:57.021000
2024-05-19 14:00:37.167,9454,161,4,0,False,0,car,0 days 00:57:20.573000,0 days 01:52:57.181000
2024-05-19 14:00:37.407,9206,152,4,0,False,0,car,0 days 00:57:20.813000,0 days 01:52:57.421000
2024-05-19 14:00:37.687,9019,149,4,4,False,0,car,0 days 00:57:21.093000,0 days 01:52:57.701000
2024-05-19 14:00:37.967,9253,149,4,61,False,0,car,0 days 00:57:21.373000,0 days 01:52:57.981000
2024-05-19 14:00:38.127,9443,153,4,71,False,0,car,0 days 00:57:21.533000,0 days 01:52:58.141000
2024-05-19 14:00:38.327,9874,156,4,88,False,0,car,0 days 00:57:21.733000,0 days 01:52:58.341000
2024-05-19 14:00:38.607,10002,165,4,29,False,0,car,0 days 00:57:22.013000,0 days 01:52:58.621000
2024-05-19 14:00:38.767,10019,162,4,38,False,0,car,0 days 00:57:22.173000,0 days 01:52:58.781000
2024-05-19 14:00:39.007,10104,164,4,42,False,0,car,0 days 00:57:22.413000,0 days 01:52:59.021000
2024-05-19 14:00:39.246,10152,165,4,59,False,0,car,0 days 00:57:22.652000,0 days 01:52:59.260000
2024-05-19 14:00:39.446,10414,169,4,80,False,0,car,0 days 00:57:22.852000,0 days 01:52:59.460000
2024-05-19 14:00:39.606,11030,177,4,100,False,0,car,0 days 00:57:23.012000,0 days 01:52:59.620000
2024-05-19 14:00:39.887,11478,184,4,100,False,0,car,0 days 00:57:23.293000,0 days 01:52:59.901000
2024-05-19 14:00:40.207,10498,197,4,100,False,0,car,0 days 00:57:23.613000,0 days 01:53:00.221000
2024-05-19 14:00:40.567,10755,204,5,100,False,0,car,0 days 00:57:23.973000,0 days 01:53:00.581000
2024-05-19 14:00:40.807,11157,214,5,100,False,0,car,0 days 00:57:24.213000,0 days 01:53:00.821000
2024-05-19 14:00:41.167,10676,221,5,100,False,0,car,0 days 00:57:24.573000,0 days 01:53:01.181000
2024-05-19 14:00:41.327,10435,225,5,100,False,0,car,0 days 00:57:24.733000,0 days 01:53:01.341000
2024-05-19 14:00:41.647,10486,231,6,100,False,0,car,0 days 00:57:25.053000,0 days 01:53:01.661000
2024-05-19 14:00:41.887,10816,233,6,100,False,0,car,0 days 00:57:25.293000,0 days 01:53:01.901000
2024-05-19 14:00:42.087,10895,238,6,100,False,0,car,0 days 00:57:25.493000,0 days 01:53:02.101000
2024-05-19 14:00:42.327,11126,245,6,100,False,0,car,0 days 00:57:25.733000,0 days 01:53:02.341000
2024-05-19 14:00:42.487,11164,246,6,100,False,0,car,0 days 00:57:25.893000,0 days 01:53:02.501000
2024-05-19 14:00:42.807,11318,254,6,100,False,0,car,0 days 00:57:26.213000,0 days 01:53:02.821000
2024-05-19 14:00:43.247,10974,260,6,100,False,0,car,0 days 00:57:26.653000,0 days 01:53:03.261000
2024-05-19 14:00:43.447,10454,263,7,100,False,0,car,0 days 00:57:26.853000,0 days 01:53:03.461000
2024-05-19 14:00:43.687,10610,265,7,100,False,0,car,0 days 00:57:27.093000,0 days 01:53:03.701000
2024-05-19 14:00:44.087,10880,270,7,100,False,0,car,0 days 00:57:27.493000,0 days 01:53:04.101000
2024-05-19 14:00:44.247,10892,273,7,100,False,0,car,0 days 00:57:27.653000,0 days 01:53:04.261000
2024-05-19 14:00:44.527,11080,277,7,100,False,0,car,0 days 00:57:27.933000,0 days 01:53:04.541000
2024-05-19 14:00:44.727,10978,278,7,100,False,0,car,0 days 00:57:28.133000,0 days 01:53:04.741000
2024-05-19 14:00:45.087,11121,280,7,100,False,0,car,0 days 00:57:28.493000,0 days 01:53:05.101000
2024-05-19 14:00:45.247,11068,281,7,100,False,0,car,0 days 00:57:28.653000,0 days 01:53:05.261000
2024-05-19 14:00:45.447,11117,281,7,100,False,0,car,0 days 00:57:28.853000,0 days 01:53:05.461000
2024-05-19 14:00:45.846,11138,281,7,100,False,0,car,0 days 00:57:29.252000,0 days 01:53:05.860000
2024-05-19 14:00:46.126,11055,281,7,100,False,0,car,0 days 00:57:29.532000,0 days 01:53:06.140000
2024-05-19 14:00:46.286,10945,281,7,78,True,0,car,0 days 00:57:29.692000,0 days 01:53:06.300000
2024-05-19 14:00:46.567,10444,269,7,0,True,0,car,0 days 00:57:29.973000,0 days 01:53:06.581000
2024-05-19 14:00:46.727,9909,257,7,0,True,0,car,0 days 00:57:30.133000,0 days 01:53:06.741000
2024-05-19 14:00:47.087,10092,236,6,0,True,0,car,0 days 00:57:30.493000,0 days 01:53:07.101000
2024-05-19 14:00:47.367,9866,226,6,0,True,0,car,0 days 00:57:30.773000,0 days 01:53:07.381000
2024-05-19 14:00:47.567,9471,218,6,1,True,0,car,0 days 00:57:30.973000,0 days 01:53:07.581000
2024-05-19 14:00:48.167,9261,185,5,0,True,0,car,0 days 00:57:31.573000,0 days 01:53:08.181000
2024-05-19 14:00:48.487,8725,174,5,0,True,0,car,0 days 00:57:31.893000,0 days 01:53:08.501000
2024-05-19 14:00:48.647,8439,170,5,0,True,0,car,0 days 00:57:32.053000,0 days 01:53:08.661000
2024-05-19 14:00:48.887,8379,166,5,1,False,0,car,0 days 00:57:32.293000,0 days 01:53:08.901000
2024-05-19 14:00:49.247,8622,163,5,64,False,0,car,0 days 00:57:32.653000,0 days 01:53:09.261000
2024-05-19 14:00:49.487,8762,167,5,68,False,0,car,0 days 00:57:32.893000,0 days 01:53:09.501000
2024-05-19 14:00:49.647,9111,172,5,83,False,0,car,0 days 00:57:33.053000,0 days 01:53:09.661000
2024-05-19 14:00:49.847,9259,177,5,100,False,0,car,0 days 00:57:33.253000,0 days 01:53:09.861000
2024-05-19 14:00:50.087,9879,183,5,100,False,0,car,0 days 00:57:33.493000,0 days 01:53:10.101000
2024-05-19 14:00:50.287,10072,186,5,100,False,0,car,0 days 00:57:33.693000,0 days 01:53:10.301000
2024-05-19 14:00:50.487,10525,196,5,100,False,0,car,0 days 00:57:33.893000,0 days 01:53:10.501000
2024-05-19 14:00:50.727,10420,201,5,100,False,0,car,0 days 00:57:34.133000,0 days 01:53:10.741000
2024-05-19 14:00:51.167,10995,211,5,100,False,0,car,0 days 00:57:34.573000,0 days 01:53:11.181000
2024-05-19 14:00:51.447,11233,218,5,100,False,0,car,0 days 00:57:34.853000,0 days 01:53:11.461000
2024-05-19 14:00:51.647,11288,220,5,100,False,0,car,0 days 00:57:35.053000,0 days 01:53:11.661000
2024-05-19 14:00:51.967,11325,224,5,100,False,0,car,0 days 00:57:35.373000,0 days 01:53:11.981000
2024-05-19 14:00:52.367,10994,227,5,17,True,0,car,0 days 00:57:35.773000,0 days 01:53:12.381000
2024-05-19 14:00:52.686,10640,211,5,0,True,0,car,0 days 00:57:36.092000,0 days 01:53:12.700000
2024-05-19 14:00:52.846,9608,192,5,0,True,0,car,0 days 00:57:36.252000,0 days 01:53:12.860000
2024-05-19 14:00:53.207,10748,157,4,0,True,0,car,0 days 00:57:36.613000,0 days 01:53:13.221000
2024-05-19 14:00:53.367,10474,150,3,0,True,0,car,0 days 00:57:36.773000,0 days 01:53:13.381000
2024-05-19 14:00:53.647,9562,133,3,0,True,0,car,0 days 00:57:37.053000,0 days 01:53:13.661000
2024-05-19 14:00:53.927,8393,129,3,0,True,0,car,0 days 00:57:37.333000,0 days 01:53:13.941000
2024-05-19 14:00:54.207,7815,113,3,0,True,0,car,0 days 00:57:37.613000,0 days 01:53:14.221000
2024-05-19 14:00:54.527,7574,107,3,0,True,0,car,0 days 00:57:37.933000,0 days 01:53:14.541000
2024-05-19 14:00:54.887,6983,103,3,0,False,0,car,0 days 00:57:38.293000,0 days 01:53:14.901000
2024-05-19 14:00:55.047,6994,101,3,0,False,0,car,0 days 00:57:38.453000,0 days 01:53:15.061000
2024-05-19 14:00:55.207,6882,95,3,2,False,0,car,0 days 00:57:38.613000,0 days 01:53:15.221000
2024-05-19 14:00:55.487,7206,96,3,25,False,0,car,0 days 00:57:38.893000,0 days 01:53:15.501000
2024-05-19 14:00:55.767,7308,98,3,29,False,0,car,0 days 00:57:39.173000,0 days 01:53:15.781000
2024-05-19 14:00:55.967,7562,99,3,36,False,0,car,0 days 00:57:39.373000,0 days 01:53:15.981000
2024-05-19 14:00:56.127,7749,102,3,37,False,0,car,0 days 00:57:39.533000,0 days 01:53:16.141000
2024-05-19 14:00:56.567,8438,110,3,58,False,0,car,0 days 00:57:39.973000,0 days 01:53:16.581000
2024-05-19 14:00:56.767,9022,116,3,68,False,0,car,0 days 00:57:40.173000,0 days 01:53:16.781000
2024-05-19 14:00:56.967,9630,123,3,82,False,0,car,0 days 00:57:40.373000,0 days 01:53:16.981000
2024-05-19 14:00:57.167,10198,132,3,91,False,0,car,0 days 00:57:40.573000,0 days 01:53:17.181000
2024-05-19 14:00:57.567,11154,149,3,100,False,0,car,0 days 00:57:40.973000,0 days 01:53:17.581000
2024-05-19 14:00:57.727,10734,159,3,100,False,0,car,0 days 00:57:41.133000,0 days 01:53:17.741000
2024-05-19 14:00:57.967,10404,166,3,100,False,0,car,0 days 00:57:41.373000,0 days 01:53:17.981000
2024-05-19 14:00:58.127,10546,175,4,100,False,0,car,0 days 00:57:41.533000,0 days 01:53:18.141000
2024-05-19 14:00:58.327,11183,178,4,100,False,0,car,0 days 00:57:41.733000,0 days 01:53:18.341000
2024-05-19 14:00:58.567,11601,190,4,100,False,0,car,0 days 00:57:41.973000,0 days 01:53:18.581000
2024-05-19 14:00:59.007,10680,206,5,100,False,0,car,0 days 00:57:42.413000,0 days 01:53:19.021000
2024-05-19 14:00:59.207,11014,212,5,100,False,0,car,0 days 00:57:42.613000,0 days 01:53:19.221000
2024-05-19 14:00:59.366,11126,215,5,100,False,0,car,0 days 00:57:42.772000,0 days 01:53:19.380000
2024-05-19 14:00:59.607,11537,221,5,100,False,0,car,0 days 00:57:43.013000,0 days 01:53:19.621000
2024-05-19 14:00:59.767,11632,226,5,100,False,0,car,0 days 00:57:43.173000,0 days 01:53:19.781000
2024-05-19 14:01:00.727,11114,247,6,100,False,0,car,0 days 00:57:44.133000,0 days 01:53:20.741000
2024-05-19 14:01:00.887,11213,249,6,100,False,0,car,0 days 00:57:44.293000,0 days 01:53:20.901000
2024-05-19 14:01:01.127,11431,254,6,100,False,0,car,0 days 00:57:44.533000,0 days 01:53:21.141000
2024-05-19 14:01:01.407,11505,258,6,100,False,0,car,0 days 00:57:44.813000,0 days 01:53:21.421000
2024-05-19 14:01:01.727,11140,261,6,100,False,0,car,0 days 00:57:45.133000,0 days 01:53:21.741000
2024-05-19 14:01:01.887,10391,262,6,100,False,0,car,0 days 00:57:45.293000,0 days 01:53:21.901000
2024-05-19 14:01:02.167,10493,264,7,100,False,0,car,0 days 00:57:45.573000,0 days 01:53:22.181000
2024-05-19 14:01:02.447,10548,266,7,100,False,0,car,0 days 00:57:45.853000,0 days 01:53:22.461000
2024-05-19 14:01:02.887,10641,268,7,100,False,0,car,0 days 00:57:46.293000,0 days 01:53:22.901000
2024-05-19 14:01:03.247,10650,269,7,100,False,0,car,0 days 00:57:46.653000,0 days 01:53:23.261000
2024-05-19 14:01:03.487,10694,270,7,100,False,0,car,0 days 00:57:46.893000,0 days 01:53:23.501000
2024-05-19 14:01:03.727,10726,269,7,100,False,0,car,0 days 00:57:47.133000,0 days 01:53:23.741000
2024-05-19 14:01:03.927,10740,270,7,100,False,0,car,0 days 00:57:47.333000,0 days 01:53:23.941000
2024-05-19 14:01:04.127,10717,271,7,100,False,0,car,0 days 00:57:47.533000,0 days 01:53:24.141000
2024-05-19 14:01:04.567,10223,266,7,0,True,0,car,0 days 00:57:47.973000,0 days 01:53:24.581000
2024-05-19 14:01:04.847,10084,234,7,0,True,0,car,0 days 00:57:48.253000,0 days 01:53:24.861000
2024-05-19 14:01:05.087,10721,219,6,0,True,0,car,0 days 00:57:48.493000,0 days 01:53:25.101000
2024-05-19 14:01:05.287,10674,210,5,0,True,0,car,0 days 00:57:48.693000,0 days 01:53:25.301000
2024-05-19 14:01:05.447,10195,205,5,1,True,0,car,0 days 00:57:48.853000,0 days 01:53:25.461000
2024-05-19 14:01:05.647,9907,200,5,4,False,0,car,0 days 00:57:49.053000,0 days 01:53:25.661000
2024-05-19 14:01:05.887,10051,197,5,44,False,0,car,0 days 00:57:49.293000,0 days 01:53:25.901000
2024-05-19 14:01:06.207,10314,196,5,76,False,0,car,0 days 00:57:49.613000,0 days 01:53:26.221000
2024-05-19 14:01:06.407,10544,200,5,89,False,0,car,0 days 00:57:49.813000,0 days 01:53:26.421000
2024-05-19 14:01:06.607,10894,205,5,100,False,0,car,0 days 00:57:50.013000,0 days 01:53:26.621000
2024-05-19 14:01:06.807,10979,207,5,100,False,0,car,0 days 00:57:50.213000,0 days 01:53:26.821000
2024-05-19 14:01:07.127,11313,219,5,100,False,0,car,0 days 00:57:50.533000,0 days 01:53:27.141000
2024-05-19 14:01:07.487,11128,225,5,100,False,0,car,0 days 00:57:50.893000,0 days 01:53:27.501000
2024-05-19 14:01:07.847,10585,235,6,100,False,0,car,0 days 00:57:51.253000,0 days 01:53:27.861000
2024-05-19 14:01:08.047,10797,239,6,100,False,0,car,0 days 00:57:51.453000,0 days 01:53:28.061000
2024-05-19 14:01:08.247,10995,243,6,100,False,0,car,0 days 00:57:51.653000,0 days 01:53:28.261000
2024-05-19 14:01:08.447,11140,245,6,100,False,0,car,0 days 00:57:51.853000,0 days 01:53:28.461000
2024-05-19 14:01:08.607,11281,251,6,100,False,0,car,0 days 00:57:52.013000,0 days 01:53:28.621000
2024-05-19 14:01:08.927,11521,256,6,100,False,0,car,0 days 00:57:52.333000,0 days 01:53:28.941000
2024-05-19 14:01:09.207,11569,258,6,100,False,0,car,0 days 00:57:52.613000,0 days 01:53:29.221000
2024-05-19 14:01:09.647,11111,263,6,100,False,0,car,0 days 00:57:53.053000,0 days 01:53:29.661000
2024-05-19 14:01:09.807,10527,265,7,100,False,0,car,0 days 00:57:53.213000,0 days 01:53:29.821000
2024-05-19 14:01:10.047,10652,267,7,100,False,0,car,0 days 00:57:53.453000,0 days 01:53:30.061000
2024-05-19 14:01:10.287,10675,269,7,100,False,0,car,0 days 00:57:53.693000,0 days 01:53:30.301000
2024-05-19 14:01:10.487,10755,270,7,100,False,0,car,0 days 00:57:53.893000,0 days 01:53:30.501000
2024-05-19 14:01:10.767,10766,272,7,100,False,0,car,0 days 00:57:54.173000,0 days 01:53:30.781000
2024-05-19 14:01:10.967,10809,272,7,98,False,0,car,0 days 00:57:54.373000,0 days 01:53:30.981000
2024-05-19 14:01:11.207,10531,268,7,0,False,0,car,0 days 00:57:54.613000,0 days 01:53:31.221000
2024-05-19 14:01:11.567,10176,261,7,0,False,0,car,0 days 00:57:54.973000,0 days 01:53:31.581000
2024-05-19 14:01:11.807,9873,257,7,0,False,0,car,0 days 00:57:55.213000,0 days 01:53:31.821000
2024-05-19 14:01:12.007,9586,250,7,0,True,0,car,0 days 00:57:55.413000,0 days 01:53:32.021000
2024-05-19 14:01:12.367,9721,222,7,0,True,0,car,0 days 00:57:55.773000,0 days 01:53:32.381000
2024-05-19 14:01:12.527,10141,212,7,0,True,0,car,0 days 00:57:55.933000,0 days 01:53:32.541000
2024-05-19 14:01:12.847,10079,175,5,0,True,0,car,0 days 00:57:56.253000,0 days 01:53:32.861000
2024-05-19 14:01:13.047,9519,160,4,0,True,0,car,0 days 00:57:56.453000,0 days 01:53:33.061000
2024-05-19 14:01:13.367,8547,145,4,0,True,0,car,0 days 00:57:56.773000,0 days 01:53:33.381000
2024-05-19 14:01:13.687,7843,137,4,0,True,0,car,0 days 00:57:57.093000,0 days 01:53:33.701000
2024-05-19 14:01:14.007,7941,132,4,3,False,0,car,0 days 00:57:57.413000,0 days 01:53:34.021000
2024-05-19 14:01:14.207,7647,125,4,14,False,0,car,0 days 00:57:57.613000,0 days 01:53:34.221000
2024-05-19 14:01:14.647,7941,127,4,46,False,0,car,0 days 00:57:58.053000,0 days 01:53:34.661000
2024-05-19 14:01:15.047,8781,135,4,84,False,0,car,0 days 00:57:58.453000,0 days 01:53:35.061000
2024-05-19 14:01:15.207,9561,144,4,100,False,0,car,0 days 00:57:58.613000,0 days 01:53:35.221000
2024-05-19 14:01:15.407,9254,153,4,100,False,0,car,0 days 00:57:58.813000,0 days 01:53:35.421000
2024-05-19 14:01:15.647,10260,160,4,100,False,0,car,0 days 00:57:59.053000,0 days 01:53:35.661000
2024-05-19 14:01:15.807,10292,166,4,100,False,0,car,0 days 00:57:59.213000,0 days 01:53:35.821000
2024-05-19 14:01:16.007,10519,171,4,100,False,0,car,0 days 00:57:59.413000,0 days 01:53:36.021000
2024-05-19 14:01:16.247,11228,177,4,100,False,0,car,0 days 00:57:59.653000,0 days 01:53:36.261000
2024-05-19 14:01:16.407,11514,188,4,100,False,0,car,0 days 00:57:59.813000,0 days 01:53:36.421000
2024-05-19 14:01:16.687,11711,194,4,100,False,0,car,0 days 00:58:00.093000,0 days 01:53:36.701000
2024-05-19 14:01:16.847,11291,197,4,100,False,0,car,0 days 00:58:00.253000,0 days 01:53:36.861000
2024-05-19 14:01:17.047,10624,207,5,100,False,0,car,0 days 00:58:00.453000,0 days 01:53:37.061000
2024-05-19 14:01:17.247,11080,212,5,100,False,0,car,0 days 00:58:00.653000,0 days 01:53:37.261000
2024-05-19 14:01:17.447,11384,218,5,100,False,0,car,0 days 00:58:00.853000,0 days 01:53:37.461000
2024-05-19 14:01:17.727,11578,226,5,100,False,0,car,0 days 00:58:01.133000,0 days 01:53:37.741000
2024-05-19 14:01:18.167,10704,233,6,100,False,0,car,0 days 00:58:01.573000,0 days 01:53:38.181000
2024-05-19 14:01:18.367,10784,237,6,100,False,0,car,0 days 00:58:01.773000,0 days 01:53:38.381000
2024-05-19 14:01:18.727,11079,247,6,100,False,0,car,0 days 00:58:02.133000,0 days 01:53:38.741000
2024-05-19 14:01:18.967,11225,250,6,100,False,0,car,0 days 00:58:02.373000,0 days 01:53:38.981000
2024-05-19 14:01:19.127,11315,252,6,100,False,0,car,0 days 00:58:02.533000,0 days 01:53:39.141000
2024-05-19 14:01:19.368,11324,254,6,100,False,0,car,0 days 00:58:02.774000,0 days 01:53:39.382000
2024-05-19 14:01:19.527,11457,256,6,100,False,0,car,0 days 00:58:02.933000,0 days 01:53:39.541000
2024-05-19 14:01:19.767,11384,257,6,100,False,0,car,0 days 00:58:03.173000,0 days 01:53:39.781000
2024-05-19 14:01:19.927,11502,258,6,100,False,0,car,0 days 00:58:03.333000,0 days 01:53:39.941000
2024-05-19 14:01:20.127,11429,258,6,100,False,0,car,0 days 00:58:03.533000,0 days 01:53:40.141000
2024-05-19 14:01:20.407,11508,258,6,100,False,0,car,0 days 00:58:03.813000,0 days 01:53:40.421000
2024-05-19 14:01:20.647,11511,259,6,100,False,0,car,0 days 00:58:04.053000,0 days 01:53:40.661000
2024-05-19 14:01:20.967,11164,256,6,0,True,0,car,0 days 00:58:04.373000,0 days 01:53:40.981000
2024-05-19 14:01:21.287,10169,233,6,0,True,0,car,0 days 00:58:04.693000,0 days 01:53:41.301000
2024-05-19 14:01:21.487,10375,210,6,0,True,0,car,0 days 00:58:04.893000,0 days 01:53:41.501000
2024-05-19 14:01:21.727,9637,189,6,0,True,0,car,0 days 00:58:05.133000,0 days 01:53:41.741000
2024-05-19 14:01:22.047,9251,163,4,0,True,0,car,0 days 00:58:05.453000,0 days 01:53:42.061000
2024-05-19 14:01:22.207,8544,144,4,0,True,0,car,0 days 00:58:05.613000,0 days 01:53:42.221000
2024-05-19 14:01:22.487,7704,135,4,0,True,0,car,0 days 00:58:05.893000,0 days 01:53:42.501000
2024-05-19 14:01:22.887,7209,127,4,0,True,0,car,0 days 00:58:06.293000,0 days 01:53:42.901000
2024-05-19 14:01:23.087,6967,121,4,0,False,0,car,0 days 00:58:06.493000,0 days 01:53:43.101000
2024-05-19 14:01:23.407,6902,114,4,0,True,0,car,0 days 00:58:06.813000,0 days 01:53:43.421000
2024-05-19 14:01:23.607,7974,104,4,0,True,0,car,0 days 00:58:07.013000,0 days 01:53:43.621000
2024-05-19 14:01:23.767,7327,107,3,0,True,0,car,0 days 00:58:07.173000,0 days 01:53:43.781000
2024-05-19 14:01:23.967,7288,103,3,0,False,0,car,0 days 00:58:07.373000,0 days 01:53:43.981000
2024-05-19 14:01:24.207,7069,98,3,0,False,0,car,0 days 00:58:07.613000,0 days 01:53:44.221000
2024-05-19 14:01:24.487,7429,98,3,18,False,0,car,0 days 00:58:07.893000,0 days 01:53:44.501000
2024-05-19 14:01:24.647,7288,99,3,27,False,0,car,0 days 00:58:08.053000,0 days 01:53:44.661000
2024-05-19 14:01:24.887,7941,102,3,41,False,0,car,0 days 00:58:08.293000,0 days 01:53:44.901000
2024-05-19 14:01:25.087,8239,106,3,55,False,0,car,0 days 00:58:08.493000,0 days 01:53:45.101000
2024-05-19 14:01:25.287,8808,114,3,69,False,0,car,0 days 00:58:08.693000,0 days 01:53:45.301000
2024-05-19 14:01:25.447,9550,121,3,76,False,0,car,0 days 00:58:08.853000,0 days 01:53:45.461000
2024-05-19 14:01:25.687,10430,130,3,90,False,0,car,0 days 00:58:09.093000,0 days 01:53:45.701000
2024-05-19 14:01:25.847,10994,140,3,95,False,0,car,0 days 00:58:09.253000,0 days 01:53:45.861000
2024-05-19 14:01:26.008,10154,145,3,100,False,0,car,0 days 00:58:09.414000,0 days 01:53:46.022000
2024-05-19 14:01:26.247,10056,159,4,100,False,0,car,0 days 00:58:09.653000,0 days 01:53:46.261000
2024-05-19 14:01:26.407,10579,167,4,100,False,0,car,0 days 00:58:09.813000,0 days 01:53:46.421000
2024-05-19 14:01:26.647,10655,177,4,100,False,0,car,0 days 00:58:10.053000,0 days 01:53:46.661000
2024-05-19 14:01:26.927,11389,188,4,100,False,0,car,0 days 00:58:10.333000,0 days 01:53:46.941000
2024-05-19 14:01:27.127,11436,196,4,100,False,0,car,0 days 00:58:10.533000,0 days 01:53:47.141000
2024-05-19 14:01:27.367,10853,202,5,100,False,0,car,0 days 00:58:10.773000,0 days 01:53:47.381000
2024-05-19 14:01:27.567,10829,208,5,100,False,0,car,0 days 00:58:10.973000,0 days 01:53:47.581000
2024-05-19 14:01:27.807,11221,217,5,100,False,0,car,0 days 00:58:11.213000,0 days 01:53:47.821000
2024-05-19 14:01:28.047,11442,223,5,100,False,0,car,0 days 00:58:11.453000,0 days 01:53:48.061000
2024-05-19 14:01:28.327,11671,230,5,100,False,0,car,0 days 00:58:11.733000,0 days 01:53:48.341000
2024-05-19 14:01:28.487,10971,233,5,100,False,0,car,0 days 00:58:11.893000,0 days 01:53:48.501000
2024-05-19 14:01:28.847,10817,242,6,100,False,0,car,0 days 00:58:12.253000,0 days 01:53:48.861000
2024-05-19 14:01:29.047,11052,242,6,100,False,0,car,0 days 00:58:12.453000,0 days 01:53:49.061000
2024-05-19 14:01:29.207,11216,250,6,100,False,0,car,0 days 00:58:12.613000,0 days 01:53:49.221000
2024-05-19 14:01:29.607,11527,257,6,100,False,0,car,0 days 00:58:13.013000,0 days 01:53:49.621000
2024-05-19 14:01:29.767,11538,259,6,100,False,0,car,0 days 00:58:13.173000,0 days 01:53:49.781000
2024-05-19 14:01:29.967,11630,262,6,100,False,0,car,0 days 00:58:13.373000,0 days 01:53:49.981000
2024-05-19 14:01:30.247,10600,266,7,100,False,0,car,0 days 00:58:13.653000,0 days 01:53:50.261000
2024-05-19 14:01:30.487,10755,268,7,100,False,0,car,0 days 00:58:13.893000,0 days 01:53:50.501000
2024-05-19 14:01:30.767,10858,273,7,100,False,0,car,0 days 00:58:14.173000,0 days 01:53:50.781000
2024-05-19 14:01:31.047,10985,277,7,100,False,0,car,0 days 00:58:14.453000,0 days 01:53:51.061000
2024-05-19 14:01:31.407,11170,281,7,100,False,0,car,0 days 00:58:14.813000,0 days 01:53:51.421000
2024-05-19 14:01:31.687,11179,283,7,100,False,0,car,0 days 00:58:15.093000,0 days 01:53:51.701000
2024-05-19 14:01:31.927,11282,285,7,100,False,0,car,0 days 00:58:15.333000,0 days 01:53:51.941000
2024-05-19 14:01:32.087,11268,285,7,100,False,0,car,0 days 00:58:15.493000,0 days 01:53:52.101000
2024-05-19 14:01:32.327,11405,289,7,100,False,0,car,0 days 00:58:15.733000,0 days 01:53:52.341000
2024-05-19 14:01:32.568,11484,290,7,100,False,0,car,0 days 00:58:15.974000,0 days 01:53:52.582000
2024-05-19 14:01:32.768,11536,293,7,100,False,0,car,0 days 00:58:16.174000,0 days 01:53:52.782000
2024-05-19 14:01:33.047,11617,294,7,100,False,0,car,0 days 00:58:16.453000,0 days 01:53:53.061000
2024-05-19 14:01:33.287,11736,296,7,100,False,0,car,0 days 00:58:16.693000,0 days 01:53:53.301000
2024-05-19 14:01:33.527,11691,295,7,100,False,0,car,0 days 00:58:16.933000,0 days 01:53:53.541000
2024-05-19 14:01:33.967,11033,291,7,0,True,0,car,0 days 00:58:17.373000,0 days 01:53:53.981000
2024-05-19 14:01:34.207,10715,273,7,0,True,0,car,0 days 00:58:17.613000,0 days 01:53:54.221000
2024-05-19 14:01:34.487,9631,249,7,0,True,0,car,0 days 00:58:17.893000,0 days 01:53:54.501000
2024-05-19 14:01:34.967,9912,193,7,0,True,0,car,0 days 00:58:18.373000,0 days 01:53:54.981000
2024-05-19 14:01:35.167,10084,173,6,0,True,0,car,0 days 00:58:18.573000,0 days 01:53:55.181000
2024-05-19 14:01:35.327,9773,158,5,0,True,0,car,0 days 00:58:18.733000,0 days 01:53:55.341000
2024-05-19 14:01:35.567,10084,146,3,0,True,0,car,0 days 00:58:18.973000,0 days 01:53:55.581000
2024-05-19 14:01:35.727,9459,136,3,0,True,0,car,0 days 00:58:19.133000,0 days 01:53:55.741000
2024-05-19 14:01:35.967,8971,128,3,0,True,0,car,0 days 00:58:19.373000,0 days 01:53:55.981000
2024-05-19 14:01:36.327,8339,120,3,0,False,0,car,0 days 00:58:19.733000,0 days 01:53:56.341000
2024-05-19 14:01:36.607,8229,117,3,0,False,0,car,0 days 00:58:20.013000,0 days 01:53:56.621000
2024-05-19 14:01:36.807,8353,116,3,23,False,0,car,0 days 00:58:20.213000,0 days 01:53:56.821000
2024-05-19 14:01:37.087,8582,116,3,44,False,0,car,0 days 00:58:20.493000,0 days 01:53:57.101000
2024-05-19 14:01:37.247,8882,118,3,44,False,0,car,0 days 00:58:20.653000,0 days 01:53:57.261000
2024-05-19 14:01:37.647,9823,128,3,65,False,0,car,0 days 00:58:21.053000,0 days 01:53:57.661000
2024-05-19 14:01:38.047,10705,138,3,96,False,0,car,0 days 00:58:21.453000,0 days 01:53:58.061000
2024-05-19 14:01:38.527,9931,164,4,100,False,0,car,0 days 00:58:21.933000,0 days 01:53:58.541000
2024-05-19 14:01:38.807,9409,158,4,0,True,0,car,0 days 00:58:22.213000,0 days 01:53:58.821000
2024-05-19 14:01:39.007,8757,150,4,0,True,0,car,0 days 00:58:22.413000,0 days 01:53:59.021000
2024-05-19 14:01:39.328,8425,145,4,0,True,0,car,0 days 00:58:22.734000,0 days 01:53:59.342000
2024-05-19 14:01:39.608,8152,140,4,0,False,0,car,0 days 00:58:23.014000,0 days 01:53:59.622000
2024-05-19 14:01:39.807,8006,136,4,0,False,0,car,0 days 00:58:23.213000,0 days 01:53:59.821000
2024-05-19 14:01:40.127,8273,132,4,36,False,0,car,0 days 00:58:23.533000,0 days 01:54:00.141000
2024-05-19 14:01:40.487,8578,138,4,51,False,0,car,0 days 00:58:23.893000,0 days 01:54:00.501000
2024-05-19 14:01:40.687,8705,140,4,55,False,0,car,0 days 00:58:24.093000,0 days 01:54:00.701000
2024-05-19 14:01:40.927,9110,147,4,71,False,0,car,0 days 00:58:24.333000,0 days 01:54:00.941000
2024-05-19 14:01:41.287,10101,157,4,100,False,0,car,0 days 00:58:24.693000,0 days 01:54:01.301000
2024-05-19 14:01:41.487,10801,161,4,100,False,0,car,0 days 00:58:24.893000,0 days 01:54:01.501000
2024-05-19 14:01:41.647,11138,169,4,100,False,0,car,0 days 00:58:25.053000,0 days 01:54:01.661000
2024-05-19 14:01:41.887,11262,178,4,100,False,0,car,0 days 00:58:25.293000,0 days 01:54:01.901000
2024-05-19 14:01:42.127,10805,192,4,100,False,0,car,0 days 00:58:25.533000,0 days 01:54:02.141000
2024-05-19 14:01:42.367,10393,199,5,100,False,0,car,0 days 00:58:25.773000,0 days 01:54:02.381000
2024-05-19 14:01:42.607,10829,209,5,100,False,0,car,0 days 00:58:26.013000,0 days 01:54:02.621000
2024-05-19 14:01:42.767,11044,212,5,100,False,0,car,0 days 00:58:26.173000,0 days 01:54:02.781000
2024-05-19 14:01:42.927,11242,218,5,100,False,0,car,0 days 00:58:26.333000,0 days 01:54:02.941000
2024-05-19 14:01:43.087,11402,221,5,100,False,0,car,0 days 00:58:26.493000,0 days 01:54:03.101000
2024-05-19 14:01:43.407,11565,231,5,100,False,0,car,0 days 00:58:26.813000,0 days 01:54:03.421000
2024-05-19 14:01:43.647,10600,235,5,100,False,0,car,0 days 00:58:27.053000,0 days 01:54:03.661000
2024-05-19 14:01:43.847,10838,240,6,100,False,0,car,0 days 00:58:27.253000,0 days 01:54:03.861000
2024-05-19 14:01:44.007,11046,244,6,100,False,0,car,0 days 00:58:27.413000,0 days 01:54:04.021000
2024-05-19 14:01:44.167,11122,246,6,100,False,0,car,0 days 00:58:27.573000,0 days 01:54:04.181000
2024-05-19 14:01:44.407,11356,252,6,100,False,0,car,0 days 00:58:27.813000,0 days 01:54:04.421000
2024-05-19 14:01:44.647,11506,254,6,100,False,0,car,0 days 00:58:28.053000,0 days 01:54:04.661000
2024-05-19 14:01:45.007,11508,262,6,100,False,0,car,0 days 00:58:28.413000,0 days 01:54:05.021000
2024-05-19 14:01:45.167,10948,264,6,100,False,0,car,0 days 00:58:28.573000,0 days 01:54:05.181000
2024-05-19 14:01:45.367,10666,267,7,100,False,0,car,0 days 00:58:28.773000,0 days 01:54:05.381000
2024-05-19 14:01:45.688,10839,271,7,100,False,0,car,0 days 00:58:29.094000,0 days 01:54:05.702000
2024-05-19 14:01:46.128,11035,278,7,100,False,0,car,0 days 00:58:29.534000,0 days 01:54:06.142000
2024-05-19 14:01:46.487,11099,282,7,100,False,0,car,0 days 00:58:29.893000,0 days 01:54:06.501000
2024-05-19 14:01:46.687,11236,284,7,100,False,0,car,0 days 00:58:30.093000,0 days 01:54:06.701000
2024-05-19 14:01:46.887,11322,285,7,100,False,0,car,0 days 00:58:30.293000,0 days 01:54:06.901000
2024-05-19 14:01:47.127,11454,288,7,100,False,0,car,0 days 00:58:30.533000,0 days 01:54:07.141000
2024-05-19 14:01:47.327,11498,290,7,100,False,0,car,0 days 00:58:30.733000,0 days 01:54:07.341000
2024-05-19 14:01:47.527,11473,292,7,100,False,0,car,0 days 00:58:30.933000,0 days 01:54:07.541000
2024-05-19 14:01:47.887,10902,294,7,100,False,0,car,0 days 00:58:31.293000,0 days 01:54:07.901000
2024-05-19 14:01:48.167,10584,296,8,100,False,0,car,0 days 00:58:31.573000,0 days 01:54:08.181000
2024-05-19 14:01:48.407,10632,298,8,100,False,0,car,0 days 00:58:31.813000,0 days 01:54:08.421000
2024-05-19 14:01:48.767,10684,300,8,100,False,0,car,0 days 00:58:32.173000,0 days 01:54:08.781000
2024-05-19 14:01:49.167,10793,303,8,100,False,0,car,0 days 00:58:32.573000,0 days 01:54:09.181000
2024-05-19 14:01:49.527,10847,305,8,100,False,0,car,0 days 00:58:32.933000,0 days 01:54:09.541000
2024-05-19 14:01:49.767,10887,307,8,100,False,0,car,0 days 00:58:33.173000,0 days 01:54:09.781000
2024-05-19 14:01:50.007,10913,308,8,100,False,0,car,0 days 00:58:33.413000,0 days 01:54:10.021000
2024-05-19 14:01:50.247,10977,309,8,100,False,0,car,0 days 00:58:33.653000,0 days 01:54:10.261000
2024-05-19 14:01:50.447,10992,309,8,100,False,0,car,0 days 00:58:33.853000,0 days 01:54:10.461000
2024-05-19 14:01:50.687,11060,310,8,100,False,0,car,0 days 00:58:34.093000,0 days 01:54:10.701000
2024-05-19 14:01:50.967,11064,311,8,100,False,0,car,0 days 00:58:34.373000,0 days 01:54:10.981000
2024-05-19 14:01:51.327,11102,312,8,100,False,0,car,0 days 00:58:34.733000,0 days 01:54:11.341000
2024-05-19 14:01:51.607,11081,313,8,100,False,0,car,0 days 00:58:35.013000,0 days 01:54:11.621000
2024-05-19 14:01:51.807,11072,314,8,100,False,0,car,0 days 00:58:35.213000,0 days 01:54:11.821000
2024-05-19 14:01:52.167,11114,315,8,100,False,0,car,0 days 00:58:35.573000,0 days 01:54:12.181000
2024-05-19 14:01:52.368,11172,314,8,100,False,0,car,0 days 00:58:35.774000,0 days 01:54:12.382000
2024-05-19 14:01:52.568,11152,314,8,100,False,0,car,0 days 00:58:35.974000,0 days 01:54:12.582000
2024-05-19 14:01:52.768,11112,315,8,100,False,0,car,0 days 00:58:36.174000,0 days 01:54:12.782000
2024-05-19 14:01:52.968,11164,316,8,100,False,0,car,0 days 00:58:36.374000,0 days 01:54:12.982000
2024-05-19 14:01:53.207,11251,316,8,100,False,0,car,0 days 00:58:36.613000,0 days 01:54:13.221000
2024-05-19 14:01:53.407,11209,317,8,100,False,0,car,0 days 00:58:36.813000,0 days 01:54:13.421000
2024-05-19 14:01:53.567,11215,317,8,100,False,0,car,0 days 00:58:36.973000,0 days 01:54:13.581000
2024-05-19 14:01:53.807,11279,317,8,100,False,0,car,0 days 00:58:37.213000,0 days 01:54:13.821000
2024-05-19 14:01:53.967,11196,317,8,100,False,0,car,0 days 00:58:37.373000,0 days 01:54:13.981000
2024-05-19 14:01:54.327,11224,317,8,100,False,0,car,0 days 00:58:37.733000,0 days 01:54:14.341000
2024-05-19 14:01:54.727,11281,317,8,100,False,0,car,0 days 00:58:38.133000,0 days 01:54:14.741000
2024-05-19 14:01:54.887,11202,318,8,100,False,0,car,0 days 00:58:38.293000,0 days 01:54:14.901000
2024-05-19 14:01:55.327,11288,318,8,100,False,0,car,0 days 00:58:38.733000,0 days 01:54:15.341000
2024-05-19 14:01:55.527,11293,318,8,100,False,0,car,0 days 00:58:38.933000,0 days 01:54:15.541000
2024-05-19 14:01:55.687,11275,318,8,100,False,0,car,0 days 00:58:39.093000,0 days 01:54:15.701000
2024-05-19 14:01:55.887,11169,318,8,69,False,0,car,0 days 00:58:39.293000,0 days 01:54:15.901000
2024-05-19 14:01:56.047,10929,310,8,2,True,0,car,0 days 00:58:39.453000,0 days 01:54:16.061000
2024-05-19 14:01:56.327,9921,278,8,0,True,0,car,0 days 00:58:39.733000,0 days 01:54:16.341000
2024-05-19 14:01:56.647,9878,236,8,0,True,0,car,0 days 00:58:40.053000,0 days 01:54:16.661000
2024-05-19 14:01:56.847,10078,212,8,0,True,0,car,0 days 00:58:40.253000,0 days 01:54:16.861000
2024-05-19 14:01:57.127,9778,185,7,0,True,0,car,0 days 00:58:40.533000,0 days 01:54:17.141000
2024-05-19 14:01:57.567,9481,173,4,0,True,0,car,0 days 00:58:40.973000,0 days 01:54:17.581000
2024-05-19 14:01:57.887,9086,155,4,2,False,0,car,0 days 00:58:41.293000,0 days 01:54:17.901000
2024-05-19 14:01:58.047,8982,151,4,2,False,0,car,0 days 00:58:41.453000,0 days 01:54:18.061000
2024-05-19 14:01:58.367,9200,148,4,50,False,0,car,0 days 00:58:41.773000,0 days 01:54:18.381000
2024-05-19 14:01:58.727,9402,154,4,73,False,0,car,0 days 00:58:42.133000,0 days 01:54:18.741000
2024-05-19 14:01:59.008,10103,166,4,94,False,0,car,0 days 00:58:42.414000,0 days 01:54:19.022000
2024-05-19 14:01:59.168,10182,169,4,57,False,0,car,0 days 00:58:42.574000,0 days 01:54:19.182000
2024-05-19 14:01:59.368,9622,170,5,36,False,0,car,0 days 00:58:42.774000,0 days 01:54:19.382000
2024-05-19 14:01:59.608,8978,170,5,49,False,0,car,0 days 00:58:43.014000,0 days 01:54:19.622000
2024-05-19 14:01:59.848,9080,173,5,75,False,0,car,0 days 00:58:43.254000,0 days 01:54:19.862000
2024-05-19 14:02:00.087,9389,178,5,98,False,0,car,0 days 00:58:43.493000,0 days 01:54:20.101000
2024-05-19 14:02:00.287,9694,184,5,100,False,0,car,0 days 00:58:43.693000,0 days 01:54:20.301000
2024-05-19 14:02:00.487,10217,184,5,100,False,0,car,0 days 00:58:43.893000,0 days 01:54:20.501000
2024-05-19 14:02:00.767,10408,199,5,100,False,0,car,0 days 00:58:44.173000,0 days 01:54:20.781000
2024-05-19 14:02:01.007,10871,210,5,100,False,0,car,0 days 00:58:44.413000,0 days 01:54:21.021000
2024-05-19 14:02:01.207,11178,215,5,100,False,0,car,0 days 00:58:44.613000,0 days 01:54:21.221000
2024-05-19 14:02:01.447,10908,220,5,100,False,0,car,0 days 00:58:44.853000,0 days 01:54:21.461000
2024-05-19 14:02:01.687,10260,223,6,100,False,0,car,0 days 00:58:45.093000,0 days 01:54:21.701000
2024-05-19 14:02:01.847,10392,228,6,100,False,0,car,0 days 00:58:45.253000,0 days 01:54:21.861000
2024-05-19 14:02:02.047,10612,232,6,100,False,0,car,0 days 00:58:45.453000,0 days 01:54:22.061000
2024-05-19 14:02:02.207,10773,236,6,100,False,0,car,0 days 00:58:45.613000,0 days 01:54:22.221000
2024-05-19 14:02:02.367,10841,237,6,100,False,0,car,0 days 00:58:45.773000,0 days 01:54:22.381000
2024-05-19 14:02:02.567,10900,240,6,100,False,0,car,0 days 00:58:45.973000,0 days 01:54:22.581000
2024-05-19 14:02:02.807,11135,244,6,100,False,0,car,0 days 00:58:46.213000,0 days 01:54:22.821000
2024-05-19 14:02:03.007,11170,250,6,100,False,0,car,0 days 00:58:46.413000,0 days 01:54:23.021000
2024-05-19 14:02:03.167,11297,251,6,100,False,0,car,0 days 00:58:46.573000,0 days 01:54:23.181000
2024-05-19 14:02:03.407,11492,257,6,100,False,0,car,0 days 00:58:46.813000,0 days 01:54:23.421000
2024-05-19 14:02:03.607,11606,258,6,100,False,0,car,0 days 00:58:47.013000,0 days 01:54:23.621000
2024-05-19 14:02:03.767,11687,261,6,100,False,0,car,0 days 00:58:47.173000,0 days 01:54:23.781000
2024-05-19 14:02:04.087,10541,264,7,100,False,0,car,0 days 00:58:47.493000,0 days 01:54:24.101000
2024-05-19 14:02:04.327,10773,269,7,100,False,0,car,0 days 00:58:47.733000,0 days 01:54:24.341000
2024-05-19 14:02:04.487,10741,271,7,100,False,0,car,0 days 00:58:47.893000,0 days 01:54:24.501000
2024-05-19 14:02:04.927,10962,276,7,100,False,0,car,0 days 00:58:48.333000,0 days 01:54:24.941000
2024-05-19 14:02:05.327,10986,278,7,100,False,0,car,0 days 00:58:48.733000,0 days 01:54:25.341000
2024-05-19 14:02:05.688,11100,279,7,100,False,0,car,0 days 00:58:49.094000,0 days 01:54:25.702000
2024-05-19 14:02:05.928,11136,280,7,100,False,0,car,0 days 00:58:49.334000,0 days 01:54:25.942000
2024-05-19 14:02:06.168,11041,281,7,100,False,0,car,0 days 00:58:49.574000,0 days 01:54:26.182000
2024-05-19 14:02:06.568,11100,281,7,100,False,0,car,0 days 00:58:49.974000,0 days 01:54:26.582000
2024-05-19 14:02:06.767,10530,281,7,5,True,0,car,0 days 00:58:50.173000,0 days 01:54:26.781000
2024-05-19 14:02:07.087,10176,264,7,0,True,0,car,0 days 00:58:50.493000,0 days 01:54:27.101000
2024-05-19 14:02:07.287,9573,250,7,0,True,0,car,0 days 00:58:50.693000,0 days 01:54:27.301000
2024-05-19 14:02:07.607,9965,230,7,0,True,0,car,0 days 00:58:51.013000,0 days 01:54:27.621000
2024-05-19 14:02:07.847,9697,222,6,0,True,0,car,0 days 00:58:51.253000,0 days 01:54:27.861000
2024-05-19 14:02:08.247,9309,215,6,1,True,0,car,0 days 00:58:51.653000,0 days 01:54:28.261000
2024-05-19 14:02:08.607,9616,186,6,0,True,0,car,0 days 00:58:52.013000,0 days 01:54:28.621000
2024-05-19 14:02:08.767,9201,181,6,0,True,0,car,0 days 00:58:52.173000,0 days 01:54:28.781000
2024-05-19 14:02:09.047,8419,172,5,0,True,0,car,0 days 00:58:52.453000,0 days 01:54:29.061000
2024-05-19 14:02:09.207,8421,167,5,0,True,0,car,0 days 00:58:52.613000,0 days 01:54:29.221000
2024-05-19 14:02:09.407,8281,162,5,3,False,0,car,0 days 00:58:52.813000,0 days 01:54:29.421000
2024-05-19 14:02:09.687,8416,160,5,51,False,0,car,0 days 00:58:53.093000,0 days 01:54:29.701000
2024-05-19 14:02:10.047,8612,165,5,73,False,0,car,0 days 00:58:53.453000,0 days 01:54:30.061000
2024-05-19 14:02:10.207,9064,171,5,89,False,0,car,0 days 00:58:53.613000,0 days 01:54:30.221000
2024-05-19 14:02:10.487,9232,176,5,100,False,0,car,0 days 00:58:53.893000,0 days 01:54:30.501000
2024-05-19 14:02:10.687,9544,183,5,100,False,0,car,0 days 00:58:54.093000,0 days 01:54:30.701000
2024-05-19 14:02:10.887,9822,190,5,100,False,0,car,0 days 00:58:54.293000,0 days 01:54:30.901000
2024-05-19 14:02:11.047,10242,192,5,100,False,0,car,0 days 00:58:54.453000,0 days 01:54:31.061000
2024-05-19 14:02:11.207,10452,200,5,100,False,0,car,0 days 00:58:54.613000,0 days 01:54:31.221000
2024-05-19 14:02:11.367,10613,202,5,100,False,0,car,0 days 00:58:54.773000,0 days 01:54:31.381000
2024-05-19 14:02:11.607,10844,210,5,100,False,0,car,0 days 00:58:55.013000,0 days 01:54:31.621000
2024-05-19 14:02:11.847,11016,214,5,100,False,0,car,0 days 00:58:55.253000,0 days 01:54:31.861000
2024-05-19 14:02:12.008,11064,218,5,100,False,0,car,0 days 00:58:55.414000,0 days 01:54:32.022000
2024-05-19 14:02:12.208,11248,220,5,100,False,0,car,0 days 00:58:55.614000,0 days 01:54:32.222000
2024-05-19 14:02:12.488,11404,223,5,100,False,0,car,0 days 00:58:55.894000,0 days 01:54:32.502000
2024-05-19 14:02:12.768,11521,225,5,100,False,0,car,0 days 00:58:56.174000,0 days 01:54:32.782000
2024-05-19 14:02:12.968,11521,227,5,100,False,0,car,0 days 00:58:56.374000,0 days 01:54:32.982000
2024-05-19 14:02:13.248,10743,212,5,0,True,0,car,0 days 00:58:56.654000,0 days 01:54:33.262000
2024-05-19 14:02:13.567,10799,193,5,0,True,0,car,0 days 00:58:56.973000,0 days 01:54:33.581000
2024-05-19 14:02:13.807,10809,165,4,0,True,0,car,0 days 00:58:57.213000,0 days 01:54:33.821000
2024-05-19 14:02:14.047,10542,145,3,0,True,0,car,0 days 00:58:57.453000,0 days 01:54:34.061000
2024-05-19 14:02:14.367,8955,129,3,0,True,0,car,0 days 00:58:57.773000,0 days 01:54:34.381000
2024-05-19 14:02:14.727,8111,114,3,0,True,0,car,0 days 00:58:58.133000,0 days 01:54:34.741000
2024-05-19 14:02:15.047,7496,108,3,0,True,0,car,0 days 00:58:58.453000,0 days 01:54:35.061000
2024-05-19 14:02:15.367,7158,103,3,0,False,0,car,0 days 00:58:58.773000,0 days 01:54:35.381000
2024-05-19 14:02:15.527,6977,99,3,0,False,0,car,0 days 00:58:58.933000,0 days 01:54:35.541000
2024-05-19 14:02:15.807,6979,93,3,0,False,0,car,0 days 00:58:59.213000,0 days 01:54:35.821000
2024-05-19 14:02:16.007,7181,95,3,27,False,0,car,0 days 00:58:59.413000,0 days 01:54:36.021000
2024-05-19 14:02:16.167,7270,96,3,27,False,0,car,0 days 00:58:59.573000,0 days 01:54:36.181000
2024-05-19 14:02:16.447,7441,98,3,27,False,0,car,0 days 00:58:59.853000,0 days 01:54:36.461000
2024-05-19 14:02:16.887,7667,102,3,35,False,0,car,0 days 00:59:00.293000,0 days 01:54:36.901000
2024-05-19 14:02:17.247,8401,109,3,53,False,0,car,0 days 00:59:00.653000,0 days 01:54:37.261000
2024-05-19 14:02:17.687,9454,122,3,80,False,0,car,0 days 00:59:01.093000,0 days 01:54:37.701000
2024-05-19 14:02:18.087,11271,140,3,100,False,0,car,0 days 00:59:01.493000,0 days 01:54:38.101000
2024-05-19 14:02:18.528,10346,163,4,100,False,0,car,0 days 00:59:01.934000,0 days 01:54:38.542000
2024-05-19 14:02:18.808,10731,175,4,100,False,0,car,0 days 00:59:02.214000,0 days 01:54:38.822000
2024-05-19 14:02:19.088,11229,183,4,100,False,0,car,0 days 00:59:02.494000,0 days 01:54:39.102000
2024-05-19 14:02:19.248,11593,190,4,100,False,0,car,0 days 00:59:02.654000,0 days 01:54:39.262000
2024-05-19 14:02:19.488,10342,197,4,100,False,0,car,0 days 00:59:02.894000,0 days 01:54:39.502000
2024-05-19 14:02:19.688,10561,203,5,100,False,0,car,0 days 00:59:03.094000,0 days 01:54:39.702000
2024-05-19 14:02:20.008,10816,216,5,100,False,0,car,0 days 00:59:03.414000,0 days 01:54:40.022000
2024-05-19 14:02:20.287,11376,221,5,100,False,0,car,0 days 00:59:03.693000,0 days 01:54:40.301000
2024-05-19 14:02:20.487,11660,226,5,100,False,0,car,0 days 00:59:03.893000,0 days 01:54:40.501000
2024-05-19 14:02:20.647,11293,231,5,100,False,0,car,0 days 00:59:04.053000,0 days 01:54:40.661000
2024-05-19 14:02:20.887,10462,235,6,100,False,0,car,0 days 00:59:04.293000,0 days 01:54:40.901000
2024-05-19 14:02:21.087,10738,240,6,100,False,0,car,0 days 00:59:04.493000,0 days 01:54:41.101000
2024-05-19 14:02:21.327,11058,246,6,100,False,0,car,0 days 00:59:04.733000,0 days 01:54:41.341000
2024-05-19 14:02:21.527,11238,248,6,100,False,0,car,0 days 00:59:04.933000,0 days 01:54:41.541000
2024-05-19 14:02:21.847,11323,254,6,100,False,0,car,0 days 00:59:05.253000,0 days 01:54:41.861000
2024-05-19 14:02:22.167,11449,258,6,100,False,0,car,0 days 00:59:05.573000,0 days 01:54:42.181000
2024-05-19 14:02:22.407,10609,262,6,100,False,0,car,0 days 00:59:05.813000,0 days 01:54:42.421000
2024-05-19 14:02:22.567,10330,263,6,100,False,0,car,0 days 00:59:05.973000,0 days 01:54:42.581000
2024-05-19 14:02:22.727,10449,264,7,100,False,0,car,0 days 00:59:06.133000,0 days 01:54:42.741000
2024-05-19 14:02:22.967,10551,265,7,100,False,0,car,0 days 00:59:06.373000,0 days 01:54:42.981000
2024-05-19 14:02:23.247,10572,267,7,100,False,0,car,0 days 00:59:06.653000,0 days 01:54:43.261000
2024-05-19 14:02:23.527,10688,268,7,100,False,0,car,0 days 00:59:06.933000,0 days 01:54:43.541000
2024-05-19 14:02:23.847,10686,270,7,100,False,0,car,0 days 00:59:07.253000,0 days 01:54:43.861000
2024-05-19 14:02:24.087,10721,270,7,100,False,0,car,0 days 00:59:07.493000,0 days 01:54:44.101000
2024-05-19 14:02:24.407,10739,271,7,100,False,0,car,0 days 00:59:07.813000,0 days 01:54:44.421000
2024-05-19 14:02:24.727,10766,272,7,100,False,0,car,0 days 00:59:08.133000,0 days 01:54:44.741000
2024-05-19 14:02:25.047,10799,270,7,61,True,0,car,0 days 00:59:08.453000,0 days 01:54:45.061000
2024-05-19 14:02:25.368,9430,254,7,0,True,0,car,0 days 00:59:08.774000,0 days 01:54:45.382000
2024-05-19 14:02:25.528,9874,228,7,0,True,0,car,0 days 00:59:08.934000,0 days 01:54:45.542000
2024-05-19 14:02:25.808,9874,209,7,0,True,0,car,0 days 00:59:09.214000,0 days 01:54:45.822000
2024-05-19 14:02:26.048,10175,203,5,1,True,0,car,0 days 00:59:09.454000,0 days 01:54:46.062000
2024-05-19 14:02:26.488,10128,195,5,61,False,0,car,0 days 00:59:09.894000,0 days 01:54:46.502000
2024-05-19 14:02:26.768,10339,197,5,75,False,0,car,0 days 00:59:10.174000,0 days 01:54:46.782000
2024-05-19 14:02:27.007,10522,201,5,82,False,0,car,0 days 00:59:10.413000,0 days 01:54:47.021000
2024-05-19 14:02:27.207,10654,203,5,84,False,0,car,0 days 00:59:10.613000,0 days 01:54:47.221000
2024-05-19 14:02:27.447,10961,207,5,92,False,0,car,0 days 00:59:10.853000,0 days 01:54:47.461000
2024-05-19 14:02:27.687,11109,212,5,100,False,0,car,0 days 00:59:11.093000,0 days 01:54:47.701000
2024-05-19 14:02:27.847,11326,218,5,100,False,0,car,0 days 00:59:11.253000,0 days 01:54:47.861000
2024-05-19 14:02:28.007,11224,222,5,100,False,0,car,0 days 00:59:11.413000,0 days 01:54:48.021000
2024-05-19 14:02:28.367,10371,229,6,100,False,0,car,0 days 00:59:11.773000,0 days 01:54:48.381000
2024-05-19 14:02:28.687,10753,237,6,100,False,0,car,0 days 00:59:12.093000,0 days 01:54:48.701000
2024-05-19 14:02:28.847,10929,241,6,100,False,0,car,0 days 00:59:12.253000,0 days 01:54:48.861000
2024-05-19 14:02:29.047,11037,243,6,100,False,0,car,0 days 00:59:12.453000,0 days 01:54:49.061000
2024-05-19 14:02:29.287,11193,249,6,100,False,0,car,0 days 00:59:12.693000,0 days 01:54:49.301000
2024-05-19 14:02:29.527,11418,255,6,100,False,0,car,0 days 00:59:12.933000,0 days 01:54:49.541000
2024-05-19 14:02:29.967,11213,260,6,100,False,0,car,0 days 00:59:13.373000,0 days 01:54:49.981000
2024-05-19 14:02:30.367,10591,266,7,100,False,0,car,0 days 00:59:13.773000,0 days 01:54:50.381000
2024-05-19 14:02:30.807,10727,268,7,100,False,0,car,0 days 00:59:14.213000,0 days 01:54:50.821000
2024-05-19 14:02:31.047,10798,271,7,100,False,0,car,0 days 00:59:14.453000,0 days 01:54:51.061000
2024-05-19 14:02:31.487,10793,273,7,100,False,0,car,0 days 00:59:14.893000,0 days 01:54:51.501000
2024-05-19 14:02:31.888,10680,273,7,0,False,0,car,0 days 00:59:15.294000,0 days 01:54:51.902000
2024-05-19 14:02:32.048,10240,266,7,0,False,0,car,0 days 00:59:15.454000,0 days 01:54:52.062000
2024-05-19 14:02:32.328,10012,258,7,0,False,0,car,0 days 00:59:15.734000,0 days 01:54:52.342000
2024-05-19 14:02:32.528,10094,255,7,0,False,0,car,0 days 00:59:15.934000,0 days 01:54:52.542000
2024-05-19 14:02:32.848,9814,238,7,0,True,0,car,0 days 00:59:16.254000,0 days 01:54:52.862000
2024-05-19 14:02:33.008,9950,219,7,0,True,0,car,0 days 00:59:16.414000,0 days 01:54:53.022000
2024-05-19 14:02:33.328,9854,188,6,0,True,0,car,0 days 00:59:16.734000,0 days 01:54:53.342000
2024-05-19 14:02:33.528,9932,170,5,0,True,0,car,0 days 00:59:16.934000,0 days 01:54:53.542000
2024-05-19 14:02:33.687,9927,166,4,0,True,0,car,0 days 00:59:17.093000,0 days 01:54:53.701000
2024-05-19 14:02:33.887,9105,153,4,0,True,0,car,0 days 00:59:17.293000,0 days 01:54:53.901000
2024-05-19 14:02:34.167,8106,138,4,0,True,0,car,0 days 00:59:17.573000,0 days 01:54:54.181000
2024-05-19 14:02:34.527,7522,130,4,0,True,0,car,0 days 00:59:17.933000,0 days 01:54:54.541000
2024-05-19 14:02:34.687,7564,130,4,2,False,0,car,0 days 00:59:18.093000,0 days 01:54:54.701000
2024-05-19 14:02:34.967,7495,123,4,30,False,0,car,0 days 00:59:18.373000,0 days 01:54:54.981000
2024-05-19 14:02:35.167,7783,124,4,42,False,0,car,0 days 00:59:18.573000,0 days 01:54:55.181000
2024-05-19 14:02:35.407,8237,130,4,68,False,0,car,0 days 00:59:18.813000,0 days 01:54:55.421000
2024-05-19 14:02:35.727,9149,138,4,86,False,0,car,0 days 00:59:19.133000,0 days 01:54:55.741000
2024-05-19 14:02:36.167,9832,150,4,100,False,0,car,0 days 00:59:19.573000,0 days 01:54:56.181000
2024-05-19 14:02:36.327,10275,163,4,100,False,0,car,0 days 00:59:19.733000,0 days 01:54:56.341000
2024-05-19 14:02:36.607,11535,173,4,100,False,0,car,0 days 00:59:20.013000,0 days 01:54:56.621000
2024-05-19 14:02:37.007,11446,186,4,100,False,0,car,0 days 00:59:20.413000,0 days 01:54:57.021000
2024-05-19 14:02:37.247,11943,193,4,100,False,0,car,0 days 00:59:20.653000,0 days 01:54:57.261000
2024-05-19 14:02:37.567,10630,202,5,100,False,0,car,0 days 00:59:20.973000,0 days 01:54:57.581000
2024-05-19 14:02:37.887,10873,212,5,100,False,0,car,0 days 00:59:21.293000,0 days 01:54:57.901000
2024-05-19 14:02:38.207,11284,223,5,100,False,0,car,0 days 00:59:21.613000,0 days 01:54:58.221000
2024-05-19 14:02:38.568,10323,229,5,100,False,0,car,0 days 00:59:21.974000,0 days 01:54:58.582000
2024-05-19 14:02:38.848,10475,229,6,100,False,0,car,0 days 00:59:22.254000,0 days 01:54:58.862000
2024-05-19 14:02:39.168,10896,240,6,100,False,0,car,0 days 00:59:22.574000,0 days 01:54:59.182000
2024-05-19 14:02:39.328,11091,245,6,100,False,0,car,0 days 00:59:22.734000,0 days 01:54:59.342000
2024-05-19 14:02:39.488,11091,245,6,100,False,0,car,0 days 00:59:22.894000,0 days 01:54:59.502000
2024-05-19 14:02:39.808,11296,253,6,100,False,0,car,0 days 00:59:23.214000,0 days 01:54:59.822000
2024-05-19 14:02:40.088,11451,255,6,100,False,0,car,0 days 00:59:23.494000,0 days 01:55:00.102000
2024-05-19 14:02:40.288,11416,257,6,100,False,0,car,0 days 00:59:23.694000,0 days 01:55:00.302000
2024-05-19 14:02:40.687,11474,259,6,100,False,0,car,0 days 00:59:24.093000,0 days 01:55:00.701000
2024-05-19 14:02:41.007,11679,260,6,100,False,0,car,0 days 00:59:24.413000,0 days 01:55:01.021000
2024-05-19 14:02:41.367,11541,260,6,100,False,0,car,0 days 00:59:24.773000,0 days 01:55:01.381000
2024-05-19 14:02:41.727,11227,251,6,21,False,0,car,0 days 00:59:25.133000,0 days 01:55:01.741000
2024-05-19 14:02:41.887,10578,241,6,0,True,0,car,0 days 00:59:25.293000,0 days 01:55:01.901000
2024-05-19 14:02:42.207,9973,206,6,0,True,0,car,0 days 00:59:25.613000,0 days 01:55:02.221000
2024-05-19 14:02:42.407,10059,186,5,0,True,0,car,0 days 00:59:25.813000,0 days 01:55:02.421000
2024-05-19 14:02:42.607,9278,159,4,0,True,0,car,0 days 00:59:26.013000,0 days 01:55:02.621000
2024-05-19 14:02:42.887,8660,149,4,0,True,0,car,0 days 00:59:26.293000,0 days 01:55:02.901000
2024-05-19 14:02:43.087,8032,137,4,0,True,0,car,0 days 00:59:26.493000,0 days 01:55:03.101000
2024-05-19 14:02:43.567,7174,122,4,0,False,0,car,0 days 00:59:26.973000,0 days 01:55:03.581000
2024-05-19 14:02:44.007,6976,115,4,0,True,0,car,0 days 00:59:27.413000,0 days 01:55:04.021000
2024-05-19 14:02:44.407,7308,107,3,0,True,0,car,0 days 00:59:27.813000,0 days 01:55:04.421000
2024-05-19 14:02:44.647,6852,101,3,0,True,0,car,0 days 00:59:28.053000,0 days 01:55:04.661000
2024-05-19 14:02:44.928,6582,94,3,0,False,0,car,0 days 00:59:28.334000,0 days 01:55:04.942000
2024-05-19 14:02:45.248,7300,93,3,27,False,0,car,0 days 00:59:28.654000,0 days 01:55:05.262000
2024-05-19 14:02:45.488,7068,96,3,27,False,0,car,0 days 00:59:28.894000,0 days 01:55:05.502000
2024-05-19 14:02:45.768,7542,101,3,43,False,0,car,0 days 00:59:29.174000,0 days 01:55:05.782000
2024-05-19 14:02:45.968,7542,108,3,43,False,0,car,0 days 00:59:29.374000,0 days 01:55:05.982000
2024-05-19 14:02:46.168,8638,113,3,67,False,0,car,0 days 00:59:29.574000,0 days 01:55:06.182000
2024-05-19 14:02:46.448,10022,127,3,83,False,0,car,0 days 00:59:29.854000,0 days 01:55:06.462000
2024-05-19 14:02:46.608,10018,137,3,89,False,0,car,0 days 00:59:30.014000,0 days 01:55:06.622000
2024-05-19 14:02:46.928,9738,151,3,100,False,0,car,0 days 00:59:30.334000,0 days 01:55:06.942000
2024-05-19 14:02:47.127,9839,159,4,100,False,0,car,0 days 00:59:30.533000,0 days 01:55:07.141000
2024-05-19 14:02:47.367,10622,169,4,100,False,0,car,0 days 00:59:30.773000,0 days 01:55:07.381000
2024-05-19 14:02:47.567,10741,178,4,100,False,0,car,0 days 00:59:30.973000,0 days 01:55:07.581000
2024-05-19 14:02:47.847,11454,188,4,100,False,0,car,0 days 00:59:31.253000,0 days 01:55:07.861000
2024-05-19 14:02:48.047,11821,192,4,100,False,0,car,0 days 00:59:31.453000,0 days 01:55:08.061000
2024-05-19 14:02:48.327,11541,202,4,100,False,0,car,0 days 00:59:31.733000,0 days 01:55:08.341000
2024-05-19 14:02:48.567,10835,212,5,100,False,0,car,0 days 00:59:31.973000,0 days 01:55:08.581000
2024-05-19 14:02:48.807,11203,220,5,100,False,0,car,0 days 00:59:32.213000,0 days 01:55:08.821000
2024-05-19 14:02:49.087,11600,225,5,100,False,0,car,0 days 00:59:32.493000,0 days 01:55:09.101000
2024-05-19 14:02:49.567,10644,237,6,100,False,0,car,0 days 00:59:32.973000,0 days 01:55:09.581000
2024-05-19 14:02:49.807,10985,243,6,100,False,0,car,0 days 00:59:33.213000,0 days 01:55:09.821000
2024-05-19 14:02:50.007,11101,247,6,100,False,0,car,0 days 00:59:33.413000,0 days 01:55:10.021000
2024-05-19 14:02:50.207,11289,251,6,100,False,0,car,0 days 00:59:33.613000,0 days 01:55:10.221000
2024-05-19 14:02:50.487,11392,254,6,100,False,0,car,0 days 00:59:33.893000,0 days 01:55:10.501000
2024-05-19 14:02:50.927,11677,263,6,100,False,0,car,0 days 00:59:34.333000,0 days 01:55:10.941000
2024-05-19 14:02:51.127,10697,265,6,100,False,0,car,0 days 00:59:34.533000,0 days 01:55:11.141000
2024-05-19 14:02:51.408,10741,268,7,100,False,0,car,0 days 00:59:34.814000,0 days 01:55:11.422000
2024-05-19 14:02:51.648,10774,271,7,100,False,0,car,0 days 00:59:35.054000,0 days 01:55:11.662000
2024-05-19 14:02:51.808,10883,273,7,100,False,0,car,0 days 00:59:35.214000,0 days 01:55:11.822000
2024-05-19 14:02:52.008,10933,276,7,100,False,0,car,0 days 00:59:35.414000,0 days 01:55:12.022000
2024-05-19 14:02:52.208,11071,278,7,100,False,0,car,0 days 00:59:35.614000,0 days 01:55:12.222000
2024-05-19 14:02:52.448,11071,278,7,100,False,0,car,0 days 00:59:35.854000,0 days 01:55:12.462000
2024-05-19 14:02:52.608,11207,282,7,100,False,0,car,0 days 00:59:36.014000,0 days 01:55:12.622000
2024-05-19 14:02:52.768,11235,284,7,100,False,0,car,0 days 00:59:36.174000,0 days 01:55:12.782000
2024-05-19 14:02:53.008,11443,288,7,100,False,0,car,0 days 00:59:36.414000,0 days 01:55:13.022000
2024-05-19 14:02:53.248,11502,290,7,100,False,0,car,0 days 00:59:36.654000,0 days 01:55:13.262000
2024-05-19 14:02:53.448,11520,292,7,100,False,0,car,0 days 00:59:36.854000,0 days 01:55:13.462000
2024-05-19 14:02:53.847,11618,294,7,100,False,0,car,0 days 00:59:37.253000,0 days 01:55:13.861000
2024-05-19 14:02:54.047,11641,295,7,100,False,0,car,0 days 00:59:37.453000,0 days 01:55:14.061000
2024-05-19 14:02:54.207,11675,296,7,100,False,0,car,0 days 00:59:37.613000,0 days 01:55:14.221000
2024-05-19 14:02:54.447,11546,296,7,100,False,0,car,0 days 00:59:37.853000,0 days 01:55:14.461000
2024-05-19 14:02:54.727,11332,291,7,4,False,0,car,0 days 00:59:38.133000,0 days 01:55:14.741000
2024-05-19 14:02:55.047,10672,275,7,0,True,0,car,0 days 00:59:38.453000,0 days 01:55:15.061000
2024-05-19 14:02:55.287,9909,253,7,0,True,0,car,0 days 00:59:38.693000,0 days 01:55:15.301000
2024-05-19 14:02:55.527,9731,217,7,0,True,0,car,0 days 00:59:38.933000,0 days 01:55:15.541000
2024-05-19 14:02:55.927,9839,217,7,0,True,0,car,0 days 00:59:39.333000,0 days 01:55:15.941000
2024-05-19 14:02:56.127,10326,169,5,0,True,0,car,0 days 00:59:39.533000,0 days 01:55:16.141000
2024-05-19 14:02:56.487,9749,142,3,0,True,0,car,0 days 00:59:39.893000,0 days 01:55:16.501000
2024-05-19 14:02:56.647,8970,131,3,0,True,0,car,0 days 00:59:40.053000,0 days 01:55:16.661000
2024-05-19 14:02:56.967,8627,123,3,0,True,0,car,0 days 00:59:40.373000,0 days 01:55:16.981000
2024-05-19 14:02:57.407,8231,113,3,0,False,0,car,0 days 00:59:40.813000,0 days 01:55:17.421000
2024-05-19 14:02:57.647,8217,111,3,22,False,0,car,0 days 00:59:41.053000,0 days 01:55:17.661000
2024-05-19 14:02:57.967,8688,116,3,45,False,0,car,0 days 00:59:41.373000,0 days 01:55:17.981000
2024-05-19 14:02:58.208,9065,122,3,51,False,0,car,0 days 00:59:41.614000,0 days 01:55:18.222000
2024-05-19 14:02:58.488,9403,126,3,59,False,0,car,0 days 00:59:41.894000,0 days 01:55:18.502000
2024-05-19 14:02:58.648,10338,133,3,73,False,0,car,0 days 00:59:42.054000,0 days 01:55:18.662000
2024-05-19 14:02:58.928,10698,143,3,82,False,0,car,0 days 00:59:42.334000,0 days 01:55:18.942000
2024-05-19 14:02:59.168,9454,153,4,100,False,0,car,0 days 00:59:42.574000,0 days 01:55:19.182000
2024-05-19 14:02:59.528,9275,160,4,6,True,0,car,0 days 00:59:42.934000,0 days 01:55:19.542000
2024-05-19 14:02:59.728,8839,152,4,0,True,0,car,0 days 00:59:43.134000,0 days 01:55:19.742000
2024-05-19 14:02:59.928,8509,147,4,0,True,0,car,0 days 00:59:43.334000,0 days 01:55:19.942000
2024-05-19 14:03:00.208,8299,144,4,0,True,0,car,0 days 00:59:43.614000,0 days 01:55:20.222000
2024-05-19 14:03:00.368,8299,141,4,0,False,0,car,0 days 00:59:43.774000,0 days 01:55:20.382000
2024-05-19 14:03:00.527,8110,139,4,0,False,0,car,0 days 00:59:43.933000,0 days 01:55:20.541000
2024-05-19 14:03:00.807,8283,132,4,5,False,0,car,0 days 00:59:44.213000,0 days 01:55:20.821000
2024-05-19 14:03:01.047,8385,134,4,44,False,0,car,0 days 00:59:44.453000,0 days 01:55:21.061000
2024-05-19 14:03:01.207,8619,138,4,51,False,0,car,0 days 00:59:44.613000,0 days 01:55:21.221000
2024-05-19 14:03:01.407,8697,140,4,53,False,0,car,0 days 00:59:44.813000,0 days 01:55:21.421000
2024-05-19 14:03:01.687,8697,144,4,58,False,0,car,0 days 00:59:45.093000,0 days 01:55:21.701000
2024-05-19 14:03:01.887,9358,150,4,76,False,0,car,0 days 00:59:45.293000,0 days 01:55:21.901000
2024-05-19 14:03:02.287,10522,165,4,100,False,0,car,0 days 00:59:45.693000,0 days 01:55:22.301000
2024-05-19 14:03:02.527,10855,177,4,100,False,0,car,0 days 00:59:45.933000,0 days 01:55:22.541000
2024-05-19 14:03:02.767,11415,185,4,100,False,0,car,0 days 00:59:46.173000,0 days 01:55:22.781000
2024-05-19 14:03:02.927,10946,192,4,100,False,0,car,0 days 00:59:46.333000,0 days 01:55:22.941000
2024-05-19 14:03:03.207,10508,202,5,100,False,0,car,0 days 00:59:46.613000,0 days 01:55:23.221000
2024-05-19 14:03:03.447,10928,209,5,100,False,0,car,0 days 00:59:46.853000,0 days 01:55:23.461000
2024-05-19 14:03:03.727,11245,218,5,100,False,0,car,0 days 00:59:47.133000,0 days 01:55:23.741000
2024-05-19 14:03:03.927,11447,224,5,100,False,0,car,0 days 00:59:47.333000,0 days 01:55:23.941000
2024-05-19 14:03:04.207,11717,231,5,100,False,0,car,0 days 00:59:47.613000,0 days 01:55:24.221000
2024-05-19 14:03:04.568,10740,238,6,100,False,0,car,0 days 00:59:47.974000,0 days 01:55:24.582000
2024-05-19 14:03:04.888,10981,244,6,100,False,0,car,0 days 00:59:48.294000,0 days 01:55:24.902000
2024-05-19 14:03:05.088,11132,248,6,100,False,0,car,0 days 00:59:48.494000,0 days 01:55:25.102000
2024-05-19 14:03:05.368,11421,254,6,100,False,0,car,0 days 00:59:48.774000,0 days 01:55:25.382000
2024-05-19 14:03:05.568,11531,258,6,100,False,0,car,0 days 00:59:48.974000,0 days 01:55:25.582000
2024-05-19 14:03:05.928,10399,263,6,100,False,0,car,0 days 00:59:49.334000,0 days 01:55:25.942000
2024-05-19 14:03:06.248,10646,268,7,100,False,0,car,0 days 00:59:49.654000,0 days 01:55:26.262000
2024-05-19 14:03:06.688,10867,273,7,100,False,0,car,0 days 00:59:50.094000,0 days 01:55:26.702000
2024-05-19 14:03:06.928,10980,276,7,100,False,0,car,0 days 00:59:50.334000,0 days 01:55:26.942000
2024-05-19 14:03:07.327,11223,282,7,100,False,0,car,0 days 00:59:50.733000,0 days 01:55:27.341000
2024-05-19 14:03:07.487,11246,283,7,100,False,0,car,0 days 00:59:50.893000,0 days 01:55:27.501000
2024-05-19 14:03:07.927,11427,288,7,100,False,0,car,0 days 00:59:51.333000,0 days 01:55:27.941000
2024-05-19 14:03:08.327,11515,293,7,100,False,0,car,0 days 00:59:51.733000,0 days 01:55:28.341000
2024-05-19 14:03:08.527,11331,294,7,100,False,0,car,0 days 00:59:51.933000,0 days 01:55:28.541000
2024-05-19 14:03:08.967,10561,297,8,100,False,0,car,0 days 00:59:52.373000,0 days 01:55:28.981000
2024-05-19 14:03:09.287,10665,300,8,100,False,0,car,0 days 00:59:52.693000,0 days 01:55:29.301000
2024-05-19 14:03:09.487,10686,301,8,100,False,0,car,0 days 00:59:52.893000,0 days 01:55:29.501000
2024-05-19 14:03:09.807,10829,304,8,100,False,0,car,0 days 00:59:53.213000,0 days 01:55:29.821000
2024-05-19 14:03:09.967,10829,304,8,100,False,0,car,0 days 00:59:53.373000,0 days 01:55:29.981000
2024-05-19 14:03:10.447,10924,307,8,100,False,0,car,0 days 00:59:53.853000,0 days 01:55:30.461000
2024-05-19 14:03:11.128,11012,310,8,100,False,0,car,0 days 00:59:54.534000,0 days 01:55:31.142000
2024-05-19 14:03:11.368,11056,311,8,100,False,0,car,0 days 00:59:54.774000,0 days 01:55:31.382000
2024-05-19 14:03:11.608,11054,313,8,100,False,0,car,0 days 00:59:55.014000,0 days 01:55:31.622000
2024-05-19 14:03:11.888,11135,313,8,100,False,0,car,0 days 00:59:55.294000,0 days 01:55:31.902000
2024-05-19 14:03:12.128,11041,312,8,100,False,0,car,0 days 00:59:55.534000,0 days 01:55:32.142000
2024-05-19 14:03:12.408,11041,312,8,100,False,0,car,0 days 00:59:55.814000,0 days 01:55:32.422000
2024-05-19 14:03:12.728,11136,314,8,100,False,0,car,0 days 00:59:56.134000,0 days 01:55:32.742000
2024-05-19 14:03:13.008,11216,315,8,100,False,0,car,0 days 00:59:56.414000,0 days 01:55:33.022000
2024-05-19 14:03:13.328,11112,316,8,100,False,0,car,0 days 00:59:56.734000,0 days 01:55:33.342000
2024-05-19 14:03:13.488,11213,317,8,100,False,0,car,0 days 00:59:56.894000,0 days 01:55:33.502000
2024-05-19 14:03:13.648,11145,317,8,100,False,0,car,0 days 00:59:57.054000,0 days 01:55:33.662000
2024-05-19 14:03:13.888,11216,317,8,100,False,0,car,0 days 00:59:57.294000,0 days 01:55:33.902000
2024-05-19 14:03:14.167,11237,317,8,100,False,0,car,0 days 00:59:57.573000,0 days 01:55:34.181000
2024-05-19 14:03:14.367,11185,317,8,100,False,0,car,0 days 00:59:57.773000,0 days 01:55:34.381000
2024-05-19 14:03:14.567,11284,318,8,100,False,0,car,0 days 00:59:57.973000,0 days 01:55:34.581000
2024-05-19 14:03:14.767,11250,318,8,100,False,0,car,0 days 00:59:58.173000,0 days 01:55:34.781000
2024-05-19 14:03:15.127,11250,318,8,100,False,0,car,0 days 00:59:58.533000,0 days 01:55:35.141000
2024-05-19 14:03:15.407,11291,318,8,100,False,0,car,0 days 00:59:58.813000,0 days 01:55:35.421000
2024-05-19 14:03:15.767,11271,319,8,100,False,0,car,0 days 00:59:59.173000,0 days 01:55:35.781000
2024-05-19 14:03:15.967,11297,319,8,100,False,0,car,0 days 00:59:59.373000,0 days 01:55:35.981000
2024-05-19 14:03:16.207,11287,318,8,100,False,0,car,0 days 00:59:59.613000,0 days 01:55:36.221000
2024-05-19 14:03:16.407,11287,319,8,100,False,0,car,0 days 00:59:59.813000,0 days 01:55:36.421000
2024-05-19 14:03:16.687,10914,319,8,4,True,0,car,0 days 01:00:00.093000,0 days 01:55:36.701000
2024-05-19 14:03:17.007,10788,285,8,0,True,0,car,0 days 01:00:00.413000,0 days 01:55:37.021000
2024-05-19 14:03:17.447,9827,237,8,0,True,0,car,0 days 01:00:00.853000,0 days 01:55:37.461000
2024-05-19 14:03:17.647,10177,212,8,0,True,0,car,0 days 01:00:01.053000,0 days 01:55:37.661000
2024-05-19 14:03:17.888,9935,192,7,0,True,0,car,0 days 01:00:01.294000,0 days 01:55:37.902000
2024-05-19 14:03:18.048,10304,178,6,0,True,0,car,0 days 01:00:01.454000,0 days 01:55:38.062000
2024-05-19 14:03:18.368,9744,163,4,0,True,0,car,0 days 01:00:01.774000,0 days 01:55:38.382000
2024-05-19 14:03:18.568,9244,156,4,0,True,0,car,0 days 01:00:01.974000,0 days 01:55:38.582000
2024-05-19 14:03:18.728,8949,152,4,2,True,0,car,0 days 01:00:02.134000,0 days 01:55:38.742000
2024-05-19 14:03:19.088,9034,147,4,40,False,0,car,0 days 01:00:02.494000,0 days 01:55:39.102000
2024-05-19 14:03:19.448,9457,152,4,62,False,0,car,0 days 01:00:02.854000,0 days 01:55:39.462000
2024-05-19 14:03:19.608,9773,157,4,76,False,0,car,0 days 01:00:03.014000,0 days 01:55:39.622000
2024-05-19 14:03:19.808,9944,165,4,83,False,0,car,0 days 01:00:03.214000,0 days 01:55:39.822000
2024-05-19 14:03:20.208,9927,169,4,36,False,0,car,0 days 01:00:03.614000,0 days 01:55:40.222000
2024-05-19 14:03:20.488,10250,169,4,57,False,0,car,0 days 01:00:03.894000,0 days 01:55:40.502000
2024-05-19 14:03:20.767,9104,173,4,69,False,0,car,0 days 01:00:04.173000,0 days 01:55:40.781000
2024-05-19 14:03:21.007,9472,181,5,90,False,0,car,0 days 01:00:04.413000,0 days 01:55:41.021000
2024-05-19 14:03:21.247,10039,187,5,100,False,0,car,0 days 01:00:04.653000,0 days 01:55:41.261000
2024-05-19 14:03:21.487,10240,194,5,100,False,0,car,0 days 01:00:04.893000,0 days 01:55:41.501000
2024-05-19 14:03:21.687,10462,200,5,100,False,0,car,0 days 01:00:05.093000,0 days 01:55:41.701000
2024-05-19 14:03:21.847,10733,207,5,100,False,0,car,0 days 01:00:05.253000,0 days 01:55:41.861000
2024-05-19 14:03:22.087,11016,213,5,100,False,0,car,0 days 01:00:05.493000,0 days 01:55:42.101000
2024-05-19 14:03:22.247,11232,218,5,100,False,0,car,0 days 01:00:05.653000,0 days 01:55:42.261000
2024-05-19 14:03:22.407,11536,222,5,100,False,0,car,0 days 01:00:05.813000,0 days 01:55:42.421000
2024-05-19 14:03:22.727,10475,228,5,100,False,0,car,0 days 01:00:06.133000,0 days 01:55:42.741000
2024-05-19 14:03:22.887,10543,230,6,100,False,0,car,0 days 01:00:06.293000,0 days 01:55:42.901000
2024-05-19 14:03:23.087,10689,234,6,100,False,0,car,0 days 01:00:06.493000,0 days 01:55:43.101000
2024-05-19 14:03:23.367,10780,240,6,100,False,0,car,0 days 01:00:06.773000,0 days 01:55:43.381000
2024-05-19 14:03:23.607,11015,245,6,100,False,0,car,0 days 01:00:07.013000,0 days 01:55:43.621000
2024-05-19 14:03:23.927,11216,251,6,100,False,0,car,0 days 01:00:07.333000,0 days 01:55:43.941000
2024-05-19 14:03:24.368,11358,257,6,100,False,0,car,0 days 01:00:07.774000,0 days 01:55:44.382000
2024-05-19 14:03:24.808,10655,264,7,100,False,0,car,0 days 01:00:08.214000,0 days 01:55:44.822000
2024-05-19 14:03:25.168,10694,269,7,100,False,0,car,0 days 01:00:08.574000,0 days 01:55:45.182000
2024-05-19 14:03:25.408,10754,273,7,100,False,0,car,0 days 01:00:08.814000,0 days 01:55:45.422000
2024-05-19 14:03:25.808,10814,276,7,100,False,0,car,0 days 01:00:09.214000,0 days 01:55:45.822000
2024-05-19 14:03:26.008,11009,278,7,100,False,0,car,0 days 01:00:09.414000,0 days 01:55:46.022000
2024-05-19 14:03:26.288,11042,279,7,100,False,0,car,0 days 01:00:09.694000,0 days 01:55:46.302000
2024-05-19 14:03:26.488,11063,280,7,100,False,0,car,0 days 01:00:09.894000,0 days 01:55:46.502000
2024-05-19 14:03:26.768,11107,281,7,100,False,0,car,0 days 01:00:10.174000,0 days 01:55:46.782000
2024-05-19 14:03:27.008,11062,282,7,100,False,0,car,0 days 01:00:10.414000,0 days 01:55:47.022000
2024-05-19 14:03:27.168,11117,282,7,100,False,0,car,0 days 01:00:10.574000,0 days 01:55:47.182000
2024-05-19 14:03:27.487,11114,282,7,100,False,0,car,0 days 01:00:10.893000,0 days 01:55:47.501000
2024-05-19 14:03:27.647,11174,282,7,100,False,0,car,0 days 01:00:11.053000,0 days 01:55:47.661000
2024-05-19 14:03:27.847,10717,274,7,6,True,0,car,0 days 01:00:11.253000,0 days 01:55:47.861000
2024-05-19 14:03:28.087,10043,258,7,0,True,0,car,0 days 01:00:11.493000,0 days 01:55:48.101000
2024-05-19 14:03:28.327,10234,235,7,0,True,0,car,0 days 01:00:11.733000,0 days 01:55:48.341000
2024-05-19 14:03:28.647,9705,223,6,0,True,0,car,0 days 01:00:12.053000,0 days 01:55:48.661000
2024-05-19 14:03:28.847,9643,217,6,1,True,0,car,0 days 01:00:12.253000,0 days 01:55:48.861000
2024-05-19 14:03:29.127,9643,212,6,1,True,0,car,0 days 01:00:12.533000,0 days 01:55:49.141000
2024-05-19 14:03:29.327,9890,195,6,0,True,0,car,0 days 01:00:12.733000,0 days 01:55:49.341000
2024-05-19 14:03:29.527,9119,182,6,0,True,0,car,0 days 01:00:12.933000,0 days 01:55:49.541000
2024-05-19 14:03:29.687,9008,177,5,0,True,0,car,0 days 01:00:13.093000,0 days 01:55:49.701000
2024-05-19 14:03:29.967,8294,167,5,0,False,0,car,0 days 01:00:13.373000,0 days 01:55:49.981000
2024-05-19 14:03:30.367,8112,162,5,16,False,0,car,0 days 01:00:13.773000,0 days 01:55:50.381000
2024-05-19 14:03:30.647,8156,158,5,38,False,0,car,0 days 01:00:14.053000,0 days 01:55:50.661000
2024-05-19 14:03:30.928,8325,157,5,48,False,0,car,0 days 01:00:14.334000,0 days 01:55:50.942000
2024-05-19 14:03:31.248,8446,158,5,42,False,0,car,0 days 01:00:14.654000,0 days 01:55:51.262000
2024-05-19 14:03:31.408,8248,161,5,71,False,0,car,0 days 01:00:14.814000,0 days 01:55:51.422000
2024-05-19 14:03:31.888,8968,174,5,100,False,0,car,0 days 01:00:15.294000,0 days 01:55:51.902000
2024-05-19 14:03:32.088,9599,179,5,100,False,0,car,0 days 01:00:15.494000,0 days 01:55:52.102000
2024-05-19 14:03:32.248,9713,186,5,100,False,0,car,0 days 01:00:15.654000,0 days 01:55:52.262000
2024-05-19 14:03:32.528,10192,195,5,100,False,0,car,0 days 01:00:15.934000,0 days 01:55:52.542000
2024-05-19 14:03:32.808,10332,203,5,100,False,0,car,0 days 01:00:16.214000,0 days 01:55:52.822000
2024-05-19 14:03:33.088,10614,208,5,100,False,0,car,0 days 01:00:16.494000,0 days 01:55:53.102000
2024-05-19 14:03:33.408,10954,214,5,100,False,0,car,0 days 01:00:16.814000,0 days 01:55:53.422000
2024-05-19 14:03:33.728,11062,217,5,100,False,0,car,0 days 01:00:17.134000,0 days 01:55:53.742000
2024-05-19 14:03:34.008,11038,221,5,96,False,0,car,0 days 01:00:17.414000,0 days 01:55:54.022000
2024-05-19 14:03:34.367,10101,203,5,0,True,0,car,0 days 01:00:17.773000,0 days 01:55:54.381000
2024-05-19 14:03:34.527,9865,193,5,0,True,0,car,0 days 01:00:17.933000,0 days 01:55:54.541000
2024-05-19 14:03:34.887,11027,158,5,0,True,0,car,0 days 01:00:18.293000,0 days 01:55:54.901000
2024-05-19 14:03:35.207,10187,134,3,0,True,0,car,0 days 01:00:18.613000,0 days 01:55:55.221000
2024-05-19 14:03:35.367,9067,128,3,0,True,0,car,0 days 01:00:18.773000,0 days 01:55:55.381000
2024-05-19 14:03:35.647,8385,118,3,0,True,0,car,0 days 01:00:19.053000,0 days 01:55:55.661000
2024-05-19 14:03:35.927,7657,115,3,0,True,0,car,0 days 01:00:19.333000,0 days 01:55:55.941000
2024-05-19 14:03:36.127,7377,108,3,0,True,0,car,0 days 01:00:19.533000,0 days 01:55:56.141000
2024-05-19 14:03:36.407,7110,102,3,0,True,0,car,0 days 01:00:19.813000,0 days 01:55:56.421000
2024-05-19 14:03:36.567,6831,99,3,0,False,0,car,0 days 01:00:19.973000,0 days 01:55:56.581000
2024-05-19 14:03:36.847,7023,93,3,0,False,0,car,0 days 01:00:20.253000,0 days 01:55:56.861000
2024-05-19 14:03:37.047,7058,93,3,25,False,0,car,0 days 01:00:20.453000,0 days 01:55:57.061000
2024-05-19 14:03:37.367,7127,95,3,25,False,0,car,0 days 01:00:20.773000,0 days 01:55:57.381000
2024-05-19 14:03:37.568,7202,97,3,30,False,0,car,0 days 01:00:20.974000,0 days 01:55:57.582000
2024-05-19 14:03:37.928,7868,103,3,38,False,0,car,0 days 01:00:21.334000,0 days 01:55:57.942000
2024-05-19 14:03:38.128,8295,106,3,47,False,0,car,0 days 01:00:21.534000,0 days 01:55:58.142000
2024-05-19 14:03:38.488,8778,111,3,57,False,0,car,0 days 01:00:21.894000,0 days 01:55:58.502000
2024-05-19 14:03:38.848,9521,126,3,73,False,0,car,0 days 01:00:22.254000,0 days 01:55:58.862000
2024-05-19 14:03:39.088,10434,132,3,91,False,0,car,0 days 01:00:22.494000,0 days 01:55:59.102000
2024-05-19 14:03:39.488,9874,150,3,100,False,0,car,0 days 01:00:22.894000,0 days 01:55:59.502000
2024-05-19 14:03:39.728,10449,164,4,100,False,0,car,0 days 01:00:23.134000,0 days 01:55:59.742000
2024-05-19 14:03:39.888,10353,168,4,100,False,0,car,0 days 01:00:23.294000,0 days 01:55:59.902000
2024-05-19 14:03:40.168,11060,181,4,100,False,0,car,0 days 01:00:23.574000,0 days 01:56:00.182000
2024-05-19 14:03:40.368,11649,189,4,100,False,0,car,0 days 01:00:23.774000,0 days 01:56:00.382000
2024-05-19 14:03:40.648,11402,195,4,100,False,0,car,0 days 01:00:24.054000,0 days 01:56:00.662000
2024-05-19 14:03:41.047,11008,211,5,100,False,0,car,0 days 01:00:24.453000,0 days 01:56:01.061000
2024-05-19 14:03:41.287,11167,218,5,100,False,0,car,0 days 01:00:24.693000,0 days 01:56:01.301000
2024-05-19 14:03:41.487,11485,223,5,100,False,0,car,0 days 01:00:24.893000,0 days 01:56:01.501000
2024-05-19 14:03:41.767,11771,228,5,100,False,0,car,0 days 01:00:25.173000,0 days 01:56:01.781000
2024-05-19 14:03:41.967,10651,235,5,100,False,0,car,0 days 01:00:25.373000,0 days 01:56:01.981000
2024-05-19 14:03:42.207,10838,242,6,100,False,0,car,0 days 01:00:25.613000,0 days 01:56:02.221000
2024-05-19 14:03:42.647,11150,249,6,100,False,0,car,0 days 01:00:26.053000,0 days 01:56:02.661000
2024-05-19 14:03:42.887,11285,253,6,100,False,0,car,0 days 01:00:26.293000,0 days 01:56:02.901000
2024-05-19 14:03:43.087,11363,255,6,100,False,0,car,0 days 01:00:26.493000,0 days 01:56:03.101000
2024-05-19 14:03:43.287,11527,258,6,100,False,0,car,0 days 01:00:26.693000,0 days 01:56:03.301000
2024-05-19 14:03:43.487,11527,260,6,100,False,0,car,0 days 01:00:26.893000,0 days 01:56:03.501000
2024-05-19 14:03:43.647,10547,263,6,100,False,0,car,0 days 01:00:27.053000,0 days 01:56:03.661000
2024-05-19 14:03:43.807,10565,265,7,100,False,0,car,0 days 01:00:27.213000,0 days 01:56:03.821000
2024-05-19 14:03:44.088,10593,265,7,100,False,0,car,0 days 01:00:27.494000,0 days 01:56:04.102000
2024-05-19 14:03:44.328,10643,268,7,100,False,0,car,0 days 01:00:27.734000,0 days 01:56:04.342000
2024-05-19 14:03:44.528,10678,269,7,100,False,0,car,0 days 01:00:27.934000,0 days 01:56:04.542000
2024-05-19 14:03:44.888,10664,270,7,100,False,0,car,0 days 01:00:28.294000,0 days 01:56:04.902000
2024-05-19 14:03:45.248,10723,270,7,100,False,0,car,0 days 01:00:28.654000,0 days 01:56:05.262000
2024-05-19 14:03:45.448,10717,271,7,100,False,0,car,0 days 01:00:28.854000,0 days 01:56:05.462000
2024-05-19 14:03:45.728,10775,272,7,100,False,0,car,0 days 01:00:29.134000,0 days 01:56:05.742000
2024-05-19 14:03:46.008,10679,273,7,100,False,0,car,0 days 01:00:29.414000,0 days 01:56:06.022000
2024-05-19 14:03:46.208,10331,263,7,0,True,0,car,0 days 01:00:29.614000,0 days 01:56:06.222000
2024-05-19 14:03:46.528,10415,239,7,0,True,0,car,0 days 01:00:29.934000,0 days 01:56:06.542000
2024-05-19 14:03:46.688,10110,231,6,0,True,0,car,0 days 01:00:30.094000,0 days 01:56:06.702000
2024-05-19 14:03:46.928,10516,213,6,0,True,0,car,0 days 01:00:30.334000,0 days 01:56:06.942000
2024-05-19 14:03:47.248,10289,204,5,1,True,0,car,0 days 01:00:30.654000,0 days 01:56:07.262000
2024-05-19 14:03:47.687,10109,194,5,65,False,0,car,0 days 01:00:31.093000,0 days 01:56:07.701000
2024-05-19 14:03:48.047,10466,199,5,83,False,0,car,0 days 01:00:31.453000,0 days 01:56:08.061000
2024-05-19 14:03:48.327,10703,204,5,86,False,0,car,0 days 01:00:31.733000,0 days 01:56:08.341000
2024-05-19 14:03:48.687,11051,209,5,100,False,0,car,0 days 01:00:32.093000,0 days 01:56:08.701000
2024-05-19 14:03:48.847,11189,215,5,100,False,0,car,0 days 01:00:32.253000,0 days 01:56:08.861000
2024-05-19 14:03:49.127,11545,223,5,100,False,0,car,0 days 01:00:32.533000,0 days 01:56:09.141000
2024-05-19 14:03:49.447,10458,230,5,100,False,0,car,0 days 01:00:32.853000,0 days 01:56:09.461000
2024-05-19 14:03:49.767,10623,237,6,100,False,0,car,0 days 01:00:33.173000,0 days 01:56:09.781000
2024-05-19 14:03:50.007,10623,244,6,100,False,0,car,0 days 01:00:33.413000,0 days 01:56:10.021000
2024-05-19 14:03:50.287,11127,248,6,100,False,0,car,0 days 01:00:33.693000,0 days 01:56:10.301000
2024-05-19 14:03:50.487,11334,252,6,100,False,0,car,0 days 01:00:33.893000,0 days 01:56:10.501000
2024-05-19 14:03:50.648,11438,255,6,100,False,0,car,0 days 01:00:34.054000,0 days 01:56:10.662000
2024-05-19 14:03:50.848,11596,259,6,100,False,0,car,0 days 01:00:34.254000,0 days 01:56:10.862000
2024-05-19 14:03:51.088,11672,261,6,100,False,0,car,0 days 01:00:34.494000,0 days 01:56:11.102000
2024-05-19 14:03:51.488,10565,265,7,100,False,0,car,0 days 01:00:34.894000,0 days 01:56:11.502000
2024-05-19 14:03:51.928,10762,269,7,100,False,0,car,0 days 01:00:35.334000,0 days 01:56:11.942000
2024-05-19 14:03:52.088,10806,272,7,100,False,0,car,0 days 01:00:35.494000,0 days 01:56:12.102000
2024-05-19 14:03:52.248,10793,272,7,100,False,0,car,0 days 01:00:35.654000,0 days 01:56:12.262000
2024-05-19 14:03:52.608,10822,274,7,100,False,0,car,0 days 01:00:36.014000,0 days 01:56:12.622000
2024-05-19 14:03:53.008,10720,269,7,6,False,0,car,0 days 01:00:36.414000,0 days 01:56:13.022000
2024-05-19 14:03:53.168,10382,269,7,0,False,0,car,0 days 01:00:36.574000,0 days 01:56:13.182000
2024-05-19 14:03:53.448,10144,263,7,0,False,0,car,0 days 01:00:36.854000,0 days 01:56:13.462000
2024-05-19 14:03:53.848,9375,243,7,0,True,0,car,0 days 01:00:37.254000,0 days 01:56:13.862000
2024-05-19 14:03:54.248,9991,203,7,0,True,0,car,0 days 01:00:37.654000,0 days 01:56:14.262000
2024-05-19 14:03:54.487,10146,193,5,0,True,0,car,0 days 01:00:37.893000,0 days 01:56:14.501000
2024-05-19 14:03:54.767,9538,160,4,0,True,0,car,0 days 01:00:38.173000,0 days 01:56:14.781000
2024-05-19 14:03:54.927,9538,155,4,0,True,0,car,0 days 01:00:38.333000,0 days 01:56:14.941000
2024-05-19 14:03:55.207,8138,133,4,0,True,0,car,0 days 01:00:38.613000,0 days 01:56:15.221000
2024-05-19 14:03:55.647,7270,125,4,0,False,0,car,0 days 01:00:39.053000,0 days 01:56:15.661000
2024-05-19 14:03:55.847,7517,118,4,0,False,0,car,0 days 01:00:39.253000,0 days 01:56:15.861000
2024-05-19 14:03:56.207,7250,117,4,25,False,0,car,0 days 01:00:39.613000,0 days 01:56:16.221000
2024-05-19 14:03:56.367,7537,119,4,49,False,0,car,0 days 01:00:39.773000,0 days 01:56:16.381000
2024-05-19 14:03:56.607,7654,122,4,53,False,0,car,0 days 01:00:40.013000,0 days 01:56:16.621000
2024-05-19 14:03:56.887,8407,133,4,97,False,0,car,0 days 01:00:40.293000,0 days 01:56:16.901000
2024-05-19 14:03:57.208,9238,148,4,100,False,0,car,0 days 01:00:40.614000,0 days 01:56:17.222000
2024-05-19 14:03:57.448,9882,157,4,100,False,0,car,0 days 01:00:40.854000,0 days 01:56:17.462000
2024-05-19 14:03:57.648,10352,161,4,100,False,0,car,0 days 01:00:41.054000,0 days 01:56:17.662000
2024-05-19 14:03:57.888,11050,171,4,100,False,0,car,0 days 01:00:41.294000,0 days 01:56:17.902000
2024-05-19 14:03:58.328,11569,190,4,100,False,0,car,0 days 01:00:41.734000,0 days 01:56:18.342000
2024-05-19 14:03:58.648,10518,196,4,100,False,0,car,0 days 01:00:42.054000,0 days 01:56:18.662000
2024-05-19 14:03:58.968,10736,208,5,100,False,0,car,0 days 01:00:42.374000,0 days 01:56:18.982000
2024-05-19 14:03:59.128,11226,215,5,100,False,0,car,0 days 01:00:42.534000,0 days 01:56:19.142000
2024-05-19 14:03:59.328,11325,219,5,100,False,0,car,0 days 01:00:42.734000,0 days 01:56:19.342000
2024-05-19 14:03:59.688,11710,225,5,100,False,0,car,0 days 01:00:43.094000,0 days 01:56:19.702000
2024-05-19 14:04:00.048,10652,237,5,100,False,0,car,0 days 01:00:43.454000,0 days 01:56:20.062000
2024-05-19 14:04:00.248,10797,241,6,100,False,0,car,0 days 01:00:43.654000,0 days 01:56:20.262000
2024-05-19 14:04:00.408,10900,245,6,100,False,0,car,0 days 01:00:43.814000,0 days 01:56:20.422000
2024-05-19 14:04:00.648,11251,247,6,100,False,0,car,0 days 01:00:44.054000,0 days 01:56:20.662000
2024-05-19 14:04:00.928,11152,250,6,100,False,0,car,0 days 01:00:44.334000,0 days 01:56:20.942000
2024-05-19 14:04:01.247,11355,254,6,100,False,0,car,0 days 01:00:44.653000,0 days 01:56:21.261000
2024-05-19 14:04:01.447,11373,257,6,100,False,0,car,0 days 01:00:44.853000,0 days 01:56:21.461000
2024-05-19 14:04:01.767,11474,257,6,100,False,0,car,0 days 01:00:45.173000,0 days 01:56:21.781000
2024-05-19 14:04:02.007,11474,259,6,100,False,0,car,0 days 01:00:45.413000,0 days 01:56:22.021000
2024-05-19 14:04:02.167,11657,260,6,100,False,0,car,0 days 01:00:45.573000,0 days 01:56:22.181000
2024-05-19 14:04:02.487,11591,261,6,100,False,0,car,0 days 01:00:45.893000,0 days 01:56:22.501000
2024-05-19 14:04:02.727,11492,261,6,73,False,0,car,0 days 01:00:46.133000,0 days 01:56:22.741000
2024-05-19 14:04:02.967,10966,252,6,0,True,0,car,0 days 01:00:46.373000,0 days 01:56:22.981000
2024-05-19 14:04:03.247,9703,217,6,0,True,0,car,0 days 01:00:46.653000,0 days 01:56:23.261000
2024-05-19 14:04:03.567,9905,184,6,0,True,0,car,0 days 01:00:46.973000,0 days 01:56:23.581000
2024-05-19 14:04:03.768,9329,167,5,0,True,0,car,0 days 01:00:47.174000,0 days 01:56:23.782000
2024-05-19 14:04:03.968,8911,153,4,0,True,0,car,0 days 01:00:47.374000,0 days 01:56:23.982000
2024-05-19 14:04:04.288,7741,134,4,0,True,0,car,0 days 01:00:47.694000,0 days 01:56:24.302000
2024-05-19 14:04:04.608,7073,119,4,0,True,0,car,0 days 01:00:48.014000,0 days 01:56:24.622000
2024-05-19 14:04:04.808,6921,117,4,0,False,0,car,0 days 01:00:48.214000,0 days 01:56:24.822000
2024-05-19 14:04:05.048,6741,113,4,0,False,0,car,0 days 01:00:48.454000,0 days 01:56:25.062000
2024-05-19 14:04:05.248,6918,109,4,0,False,0,car,0 days 01:00:48.654000,0 days 01:56:25.262000
2024-05-19 14:04:05.608,7865,104,3,0,True,0,car,0 days 01:00:49.014000,0 days 01:56:25.622000
2024-05-19 14:04:05.968,6944,100,3,0,False,0,car,0 days 01:00:49.374000,0 days 01:56:25.982000
2024-05-19 14:04:06.208,7291,98,3,18,False,0,car,0 days 01:00:49.614000,0 days 01:56:26.222000
2024-05-19 14:04:06.528,7439,101,3,27,False,0,car,0 days 01:00:49.934000,0 days 01:56:26.542000
2024-05-19 14:04:06.768,7836,104,3,39,False,0,car,0 days 01:00:50.174000,0 days 01:56:26.782000
2024-05-19 14:04:07.048,8420,110,3,50,False,0,car,0 days 01:00:50.454000,0 days 01:56:27.062000
2024-05-19 14:04:07.408,9431,125,3,78,False,0,car,0 days 01:00:50.814000,0 days 01:56:27.422000
2024-05-19 14:04:07.847,11109,145,3,100,False,0,car,0 days 01:00:51.253000,0 days 01:56:27.861000
2024-05-19 14:04:08.007,10409,154,3,100,False,0,car,0 days 01:00:51.413000,0 days 01:56:28.021000
2024-05-19 14:04:08.207,10033,163,4,100,False,0,car,0 days 01:00:51.613000,0 days 01:56:28.221000
2024-05-19 14:04:08.687,11116,181,4,100,False,0,car,0 days 01:00:52.093000,0 days 01:56:28.701000
2024-05-19 14:04:08.847,11514,188,4,100,False,0,car,0 days 01:00:52.253000,0 days 01:56:28.861000
2024-05-19 14:04:09.127,11374,199,4,100,False,0,car,0 days 01:00:52.533000,0 days 01:56:29.141000
2024-05-19 14:04:09.447,10825,209,5,100,False,0,car,0 days 01:00:52.853000,0 days 01:56:29.461000
2024-05-19 14:04:09.607,10961,209,5,100,False,0,car,0 days 01:00:53.013000,0 days 01:56:29.621000
2024-05-19 14:04:09.807,11289,209,5,100,False,0,car,0 days 01:00:53.213000,0 days 01:56:29.821000
2024-05-19 14:04:10.127,11560,229,5,100,False,0,car,0 days 01:00:53.533000,0 days 01:56:30.141000
2024-05-19 14:04:10.448,10549,234,6,100,False,0,car,0 days 01:00:53.854000,0 days 01:56:30.462000
2024-05-19 14:04:10.648,10871,241,6,100,False,0,car,0 days 01:00:54.054000,0 days 01:56:30.662000
2024-05-19 14:04:10.888,11035,243,6,100,False,0,car,0 days 01:00:54.294000,0 days 01:56:30.902000
2024-05-19 14:04:11.368,11405,255,6,100,False,0,car,0 days 01:00:54.774000,0 days 01:56:31.382000
2024-05-19 14:04:11.728,11714,261,6,100,False,0,car,0 days 01:00:55.134000,0 days 01:56:31.742000
2024-05-19 14:04:12.088,10583,266,7,100,False,0,car,0 days 01:00:55.494000,0 days 01:56:32.102000
2024-05-19 14:04:12.408,10808,272,7,100,False,0,car,0 days 01:00:55.814000,0 days 01:56:32.422000
2024-05-19 14:04:12.568,10863,273,7,100,False,0,car,0 days 01:00:55.974000,0 days 01:56:32.582000
2024-05-19 14:04:12.768,10945,276,7,100,False,0,car,0 days 01:00:56.174000,0 days 01:56:32.782000
2024-05-19 14:04:12.968,10984,277,7,100,False,0,car,0 days 01:00:56.374000,0 days 01:56:32.982000
2024-05-19 14:04:13.208,11116,279,7,100,False,0,car,0 days 01:00:56.614000,0 days 01:56:33.222000
2024-05-19 14:04:13.368,11230,283,7,100,False,0,car,0 days 01:00:56.774000,0 days 01:56:33.382000
2024-05-19 14:04:13.608,11204,285,7,100,False,0,car,0 days 01:00:57.014000,0 days 01:56:33.622000
2024-05-19 14:04:13.848,11360,287,7,100,False,0,car,0 days 01:00:57.254000,0 days 01:56:33.862000
2024-05-19 14:04:14.208,11494,290,7,100,False,0,car,0 days 01:00:57.614000,0 days 01:56:34.222000
2024-05-19 14:04:14.408,11519,292,7,100,False,0,car,0 days 01:00:57.814000,0 days 01:56:34.422000
2024-05-19 14:04:14.567,11519,292,7,100,False,0,car,0 days 01:00:57.973000,0 days 01:56:34.581000
2024-05-19 14:04:14.847,11646,294,7,100,False,0,car,0 days 01:00:58.253000,0 days 01:56:34.861000
2024-05-19 14:04:15.047,11762,298,7,100,False,0,car,0 days 01:00:58.453000,0 days 01:56:35.061000
2024-05-19 14:04:15.247,11772,299,7,100,False,0,car,0 days 01:00:58.653000,0 days 01:56:35.261000
2024-05-19 14:04:15.407,11954,299,7,100,False,8,car,0 days 01:00:58.813000,0 days 01:56:35.421000
2024-05-19 14:04:15.567,11228,299,7,23,False,8,car,0 days 01:00:58.973000,0 days 01:56:35.581000
2024-05-19 14:04:15.847,11099,283,7,0,True,8,car,0 days 01:00:59.253000,0 days 01:56:35.861000
2024-05-19 14:04:16.047,10312,273,7,0,True,8,car,0 days 01:00:59.453000,0 days 01:56:36.061000
2024-05-19 14:04:16.247,10423,237,7,0,True,8,car,0 days 01:00:59.653000,0 days 01:56:36.261000
2024-05-19 14:04:16.727,11114,188,6,0,True,8,car,0 days 01:01:00.133000,0 days 01:56:36.741000
2024-05-19 14:04:17.048,9944,174,4,0,True,8,car,0 days 01:01:00.454000,0 days 01:56:37.062000
2024-05-19 14:04:17.208,9498,154,4,0,True,8,car,0 days 01:01:00.614000,0 days 01:56:37.222000
2024-05-19 14:04:17.368,10153,148,4,0,True,8,car,0 days 01:01:00.774000,0 days 01:56:37.382000
2024-05-19 14:04:17.648,9139,131,3,0,True,8,car,0 days 01:01:01.054000,0 days 01:56:37.662000
2024-05-19 14:04:17.888,8772,125,3,0,True,8,car,0 days 01:01:01.294000,0 days 01:56:37.902000
2024-05-19 14:04:18.088,8327,122,3,0,True,8,car,0 days 01:01:01.494000,0 days 01:56:38.102000
2024-05-19 14:04:18.248,8152,122,3,0,False,8,car,0 days 01:01:01.654000,0 days 01:56:38.262000
2024-05-19 14:04:18.488,7903,114,3,0,False,8,car,0 days 01:01:01.894000,0 days 01:56:38.502000
2024-05-19 14:04:18.648,7821,111,3,0,False,8,car,0 days 01:01:02.054000,0 days 01:56:38.662000
2024-05-19 14:04:18.928,7862,107,3,21,False,8,car,0 days 01:01:02.334000,0 days 01:56:38.942000
2024-05-19 14:04:19.088,7958,108,3,29,False,8,car,0 days 01:01:02.494000,0 days 01:56:39.102000
2024-05-19 14:04:19.368,8062,111,3,34,False,8,car,0 days 01:01:02.774000,0 days 01:56:39.382000
2024-05-19 14:04:19.608,8839,117,3,53,False,8,car,0 days 01:01:03.014000,0 days 01:56:39.622000
2024-05-19 14:04:19.848,9401,124,3,71,False,8,car,0 days 01:01:03.254000,0 days 01:56:39.862000
2024-05-19 14:04:20.048,10162,128,3,80,False,8,car,0 days 01:01:03.454000,0 days 01:56:40.062000
2024-05-19 14:04:20.288,10274,140,3,90,False,8,car,0 days 01:01:03.694000,0 days 01:56:40.302000
2024-05-19 14:04:20.608,9667,154,4,100,False,8,car,0 days 01:01:04.014000,0 days 01:56:40.622000
2024-05-19 14:04:21.008,9207,152,4,0,True,8,car,0 days 01:01:04.414000,0 days 01:56:41.022000
2024-05-19 14:04:21.248,8478,147,4,0,True,8,car,0 days 01:01:04.654000,0 days 01:56:41.262000
2024-05-19 14:04:21.527,8257,141,4,0,True,8,car,0 days 01:01:04.933000,0 days 01:56:41.541000
2024-05-19 14:04:21.687,8131,139,4,0,False,8,car,0 days 01:01:05.093000,0 days 01:56:41.701000
2024-05-19 14:04:22.047,7873,131,4,3,False,8,car,0 days 01:01:05.453000,0 days 01:56:42.061000
2024-05-19 14:04:22.207,8253,132,4,45,False,8,car,0 days 01:01:05.613000,0 days 01:56:42.221000
2024-05-19 14:04:22.367,8359,133,4,49,False,8,car,0 days 01:01:05.773000,0 days 01:56:42.381000
2024-05-19 14:04:22.567,8495,135,4,48,False,8,car,0 days 01:01:05.973000,0 days 01:56:42.581000
2024-05-19 14:04:22.887,8811,141,4,59,False,8,car,0 days 01:01:06.293000,0 days 01:56:42.901000
2024-05-19 14:04:23.127,9217,147,4,64,False,8,car,0 days 01:01:06.533000,0 days 01:56:43.141000
2024-05-19 14:04:23.327,9357,153,4,74,False,8,car,0 days 01:01:06.733000,0 days 01:56:43.341000
2024-05-19 14:04:23.528,9773,160,4,92,False,8,car,0 days 01:01:06.934000,0 days 01:56:43.542000
2024-05-19 14:04:23.848,10887,174,4,100,False,8,car,0 days 01:01:07.254000,0 days 01:56:43.862000
2024-05-19 14:04:24.128,11245,186,4,100,False,8,car,0 days 01:01:07.534000,0 days 01:56:44.142000
2024-05-19 14:04:24.328,11489,190,4,100,False,8,car,0 days 01:01:07.734000,0 days 01:56:44.342000
2024-05-19 14:04:24.648,10610,200,5,100,False,8,car,0 days 01:01:08.054000,0 days 01:56:44.662000
2024-05-19 14:04:24.848,10872,200,5,100,False,8,car,0 days 01:01:08.254000,0 days 01:56:44.862000
2024-05-19 14:04:25.248,11407,216,5,100,False,8,car,0 days 01:01:08.654000,0 days 01:56:45.262000
2024-05-19 14:04:25.568,11818,229,5,100,False,8,car,0 days 01:01:08.974000,0 days 01:56:45.582000
2024-05-19 14:04:25.728,11678,234,5,100,False,8,car,0 days 01:01:09.134000,0 days 01:56:45.742000
2024-05-19 14:04:26.048,10833,240,6,100,False,8,car,0 days 01:01:09.454000,0 days 01:56:46.062000
2024-05-19 14:04:26.208,10946,244,6,100,False,8,car,0 days 01:01:09.614000,0 days 01:56:46.222000
2024-05-19 14:04:26.568,11201,244,6,100,False,8,car,0 days 01:01:09.974000,0 days 01:56:46.582000
2024-05-19 14:04:26.768,11401,254,6,100,False,8,car,0 days 01:01:10.174000,0 days 01:56:46.782000
2024-05-19 14:04:27.168,11714,261,6,100,False,8,car,0 days 01:01:10.574000,0 days 01:56:47.182000
2024-05-19 14:04:27.368,10594,263,6,100,False,8,car,0 days 01:01:10.774000,0 days 01:56:47.382000
2024-05-19 14:04:27.568,10619,263,7,100,False,8,car,0 days 01:01:10.974000,0 days 01:56:47.582000
2024-05-19 14:04:27.848,10822,271,7,100,False,8,car,0 days 01:01:11.254000,0 days 01:56:47.862000
2024-05-19 14:04:28.087,10943,272,7,100,False,8,car,0 days 01:01:11.493000,0 days 01:56:48.101000
2024-05-19 14:04:28.407,11009,278,7,100,False,14,car,0 days 01:01:11.813000,0 days 01:56:48.421000
2024-05-19 14:04:28.607,11218,278,7,100,False,14,car,0 days 01:01:12.013000,0 days 01:56:48.621000
2024-05-19 14:04:28.767,11235,283,7,100,False,12,car,0 days 01:01:12.173000,0 days 01:56:48.781000
2024-05-19 14:04:28.967,11343,286,7,100,False,12,car,0 days 01:01:12.373000,0 days 01:56:48.981000
2024-05-19 14:04:29.207,11458,291,7,100,False,12,car,0 days 01:01:12.613000,0 days 01:56:49.221000
2024-05-19 14:04:29.447,11576,293,7,100,False,12,car,0 days 01:01:12.853000,0 days 01:56:49.461000
2024-05-19 14:04:29.647,11399,295,7,100,False,12,car,0 days 01:01:13.053000,0 days 01:56:49.661000
2024-05-19 14:04:30.768,10952,306,8,100,False,12,car,0 days 01:01:14.174000,0 days 01:56:50.782000
2024-05-19 14:04:30.968,10952,309,8,100,False,12,car,0 days 01:01:14.374000,0 days 01:56:50.982000
2024-05-19 14:04:31.168,11083,312,8,100,False,12,car,0 days 01:01:14.574000,0 days 01:56:51.182000
2024-05-19 14:04:31.528,11159,314,8,100,False,12,car,0 days 01:01:14.934000,0 days 01:56:51.542000
2024-05-19 14:04:31.848,11194,317,8,100,False,12,car,0 days 01:01:15.254000,0 days 01:56:51.862000
2024-05-19 14:04:32.008,11192,319,8,100,False,12,car,0 days 01:01:15.414000,0 days 01:56:52.022000
2024-05-19 14:04:32.408,11334,321,8,100,False,12,car,0 days 01:01:15.814000,0 days 01:56:52.422000
2024-05-19 14:04:32.728,11419,323,8,100,False,12,car,0 days 01:01:16.134000,0 days 01:56:52.742000
2024-05-19 14:04:33.048,11520,325,8,100,False,12,car,0 days 01:01:16.454000,0 days 01:56:53.062000
2024-05-19 14:04:33.408,11553,326,8,100,False,12,car,0 days 01:01:16.814000,0 days 01:56:53.422000
2024-05-19 14:04:33.648,11510,326,8,100,False,12,car,0 days 01:01:17.054000,0 days 01:56:53.662000
2024-05-19 14:04:33.848,11510,328,8,100,False,12,car,0 days 01:01:17.254000,0 days 01:56:53.862000
2024-05-19 14:04:34.048,11611,328,8,100,False,12,car,0 days 01:01:17.454000,0 days 01:56:54.062000
2024-05-19 14:04:34.208,11629,331,8,100,False,12,car,0 days 01:01:17.614000,0 days 01:56:54.222000
2024-05-19 14:04:34.488,11719,331,8,100,False,12,car,0 days 01:01:17.894000,0 days 01:56:54.502000
2024-05-19 14:04:34.688,11656,332,8,100,False,12,car,0 days 01:01:18.094000,0 days 01:56:54.702000
2024-05-19 14:04:34.967,11781,333,8,100,False,12,car,0 days 01:01:18.373000,0 days 01:56:54.981000
2024-05-19 14:04:35.247,11744,333,8,100,False,12,car,0 days 01:01:18.653000,0 days 01:56:55.261000
2024-05-19 14:04:35.487,11802,334,8,100,False,12,car,0 days 01:01:18.893000,0 days 01:56:55.501000
2024-05-19 14:04:35.727,11804,334,8,100,False,12,car,0 days 01:01:19.133000,0 days 01:56:55.741000
2024-05-19 14:04:35.967,11775,335,8,100,False,12,car,0 days 01:01:19.373000,0 days 01:56:55.981000
2024-05-19 14:04:36.207,11877,336,8,100,False,12,car,0 days 01:01:19.613000,0 days 01:56:56.221000
2024-05-19 14:04:36.487,11777,336,8,100,False,12,car,0 days 01:01:19.893000,0 days 01:56:56.501000
2024-05-19 14:04:36.648,11868,337,8,100,False,12,car,0 days 01:01:20.054000,0 days 01:56:56.662000
2024-05-19 14:04:36.808,11868,337,8,100,False,12,car,0 days 01:01:20.214000,0 days 01:56:56.822000
2024-05-19 14:04:37.008,11935,337,8,100,False,12,car,0 days 01:01:20.414000,0 days 01:56:57.022000
2024-05-19 14:04:37.248,11859,338,8,100,False,12,car,0 days 01:01:20.654000,0 days 01:56:57.262000
2024-05-19 14:04:37.448,11819,338,8,97,False,12,car,0 days 01:01:20.854000,0 days 01:56:57.462000
2024-05-19 14:04:37.768,11540,331,8,0,True,0,car,0 days 01:01:21.174000,0 days 01:56:57.782000
2024-05-19 14:04:37.928,10638,298,8,0,True,0,car,0 days 01:01:21.334000,0 days 01:56:57.942000
2024-05-19 14:04:38.288,10404,257,8,0,True,0,car,0 days 01:01:21.694000,0 days 01:56:58.302000
2024-05-19 14:04:38.528,10086,231,8,0,True,0,car,0 days 01:01:21.934000,0 days 01:56:58.542000
2024-05-19 14:04:38.808,9994,192,6,0,True,0,car,0 days 01:01:22.214000,0 days 01:56:58.822000
2024-05-19 14:04:39.248,9714,166,5,0,True,0,car,0 days 01:01:22.654000,0 days 01:56:59.262000
2024-05-19 14:04:39.608,8947,150,4,0,True,0,car,0 days 01:01:23.014000,0 days 01:56:59.622000
2024-05-19 14:04:39.808,8682,147,4,0,True,0,car,0 days 01:01:23.214000,0 days 01:56:59.822000
2024-05-19 14:04:40.128,8747,142,4,29,False,0,car,0 days 01:01:23.534000,0 days 01:57:00.142000
2024-05-19 14:04:40.488,9025,146,4,62,False,0,car,0 days 01:01:23.894000,0 days 01:57:00.502000
2024-05-19 14:04:40.648,9445,148,4,72,False,0,car,0 days 01:01:24.054000,0 days 01:57:00.662000
2024-05-19 14:04:40.888,10006,159,4,97,False,0,car,0 days 01:01:24.294000,0 days 01:57:00.902000
2024-05-19 14:04:41.208,8854,168,4,44,False,0,car,0 days 01:01:24.614000,0 days 01:57:01.222000
2024-05-19 14:04:41.368,8726,168,5,44,False,0,car,0 days 01:01:24.774000,0 days 01:57:01.382000
2024-05-19 14:04:41.647,8891,169,5,59,False,0,car,0 days 01:01:25.053000,0 days 01:57:01.661000
2024-05-19 14:04:41.807,9109,171,5,79,False,0,car,0 days 01:01:25.213000,0 days 01:57:01.821000
2024-05-19 14:04:42.007,9377,180,5,100,False,0,car,0 days 01:01:25.413000,0 days 01:57:02.021000
2024-05-19 14:04:42.167,9619,180,5,100,False,0,car,0 days 01:01:25.573000,0 days 01:57:02.181000
2024-05-19 14:04:42.447,10189,192,5,100,False,0,car,0 days 01:01:25.853000,0 days 01:57:02.461000
2024-05-19 14:04:42.687,10408,196,5,100,False,0,car,0 days 01:01:26.093000,0 days 01:57:02.701000
2024-05-19 14:04:42.927,10798,209,5,100,False,0,car,0 days 01:01:26.333000,0 days 01:57:02.941000
2024-05-19 14:04:43.127,10938,214,5,100,False,0,car,0 days 01:01:26.533000,0 days 01:57:03.141000
2024-05-19 14:04:43.288,11250,216,5,100,False,0,car,0 days 01:01:26.694000,0 days 01:57:03.302000
2024-05-19 14:04:43.448,11351,219,5,100,False,0,car,0 days 01:01:26.854000,0 days 01:57:03.462000
2024-05-19 14:04:43.768,10430,228,6,100,False,0,car,0 days 01:01:27.174000,0 days 01:57:03.782000
2024-05-19 14:04:43.928,10657,232,6,100,False,0,car,0 days 01:01:27.334000,0 days 01:57:03.942000
2024-05-19 14:04:44.168,10749,233,6,100,False,0,car,0 days 01:01:27.574000,0 days 01:57:04.182000
2024-05-19 14:04:44.488,10901,241,6,100,False,0,car,0 days 01:01:27.894000,0 days 01:57:04.502000
2024-05-19 14:04:44.648,11041,243,6,100,False,0,car,0 days 01:01:28.054000,0 days 01:57:04.662000
2024-05-19 14:04:44.968,11236,250,6,100,False,0,car,0 days 01:01:28.374000,0 days 01:57:04.982000
2024-05-19 14:04:45.128,11339,250,6,100,False,0,car,0 days 01:01:28.534000,0 days 01:57:05.142000
2024-05-19 14:04:45.288,11339,255,6,100,False,0,car,0 days 01:01:28.694000,0 days 01:57:05.302000
2024-05-19 14:04:45.568,11708,259,6,100,False,0,car,0 days 01:01:28.974000,0 days 01:57:05.582000
2024-05-19 14:04:45.768,11261,264,6,100,False,0,car,0 days 01:01:29.174000,0 days 01:57:05.782000
2024-05-19 14:04:46.048,10590,265,6,100,False,0,car,0 days 01:01:29.454000,0 days 01:57:06.062000
2024-05-19 14:04:46.448,10901,273,7,100,False,0,car,0 days 01:01:29.854000,0 days 01:57:06.462000
2024-05-19 14:04:46.608,10936,275,7,100,False,0,car,0 days 01:01:30.014000,0 days 01:57:06.622000
2024-05-19 14:04:46.888,11045,277,7,100,False,0,car,0 days 01:01:30.294000,0 days 01:57:06.902000
2024-05-19 14:04:47.048,10981,277,7,100,False,0,car,0 days 01:01:30.454000,0 days 01:57:07.062000
2024-05-19 14:04:47.248,11043,277,7,100,False,0,car,0 days 01:01:30.654000,0 days 01:57:07.262000
2024-05-19 14:04:47.568,11073,281,7,100,False,0,car,0 days 01:01:30.974000,0 days 01:57:07.582000
2024-05-19 14:04:47.768,11090,281,7,100,False,0,car,0 days 01:01:31.174000,0 days 01:57:07.782000
2024-05-19 14:04:48.088,11108,282,7,100,False,0,car,0 days 01:01:31.494000,0 days 01:57:08.102000
2024-05-19 14:04:48.287,11192,282,7,100,False,0,car,0 days 01:01:31.693000,0 days 01:57:08.301000
2024-05-19 14:04:48.487,11132,282,7,100,False,0,car,0 days 01:01:31.893000,0 days 01:57:08.501000
2024-05-19 14:04:48.927,10663,269,7,0,True,0,car,0 days 01:01:32.333000,0 days 01:57:08.941000
2024-05-19 14:04:49.127,9973,255,7,0,True,0,car,0 days 01:01:32.533000,0 days 01:57:09.141000
2024-05-19 14:04:49.567,10149,233,6,0,True,0,car,0 days 01:01:32.973000,0 days 01:57:09.581000
2024-05-19 14:04:49.928,9843,224,6,1,True,0,car,0 days 01:01:33.334000,0 days 01:57:09.942000
2024-05-19 14:04:50.248,9224,218,6,0,True,0,car,0 days 01:01:33.654000,0 days 01:57:10.262000
2024-05-19 14:04:50.608,8884,177,6,0,True,0,car,0 days 01:01:34.014000,0 days 01:57:10.622000
2024-05-19 14:04:50.928,8112,167,5,0,True,0,car,0 days 01:01:34.334000,0 days 01:57:10.942000
2024-05-19 14:04:51.208,7722,155,5,0,True,0,car,0 days 01:01:34.614000,0 days 01:57:11.222000
2024-05-19 14:04:51.648,8998,147,4,11,False,0,car,0 days 01:01:35.054000,0 days 01:57:11.662000
2024-05-19 14:04:52.048,9277,148,4,55,False,0,car,0 days 01:01:35.454000,0 days 01:57:12.062000
2024-05-19 14:04:52.208,9524,155,4,76,False,0,car,0 days 01:01:35.614000,0 days 01:57:12.222000
2024-05-19 14:04:52.648,10642,166,4,100,False,0,car,0 days 01:01:36.054000,0 days 01:57:12.662000
2024-05-19 14:04:52.808,11342,178,4,100,False,0,car,0 days 01:01:36.214000,0 days 01:57:12.822000
2024-05-19 14:04:53.648,10620,201,4,100,False,0,car,0 days 01:01:37.054000,0 days 01:57:13.662000
2024-05-19 14:04:53.848,10896,207,5,100,False,0,car,0 days 01:01:37.254000,0 days 01:57:13.862000
2024-05-19 14:04:54.088,11115,216,5,100,False,0,car,0 days 01:01:37.494000,0 days 01:57:14.102000
2024-05-19 14:04:54.288,11115,219,5,100,False,0,car,0 days 01:01:37.694000,0 days 01:57:14.302000
2024-05-19 14:04:54.608,11393,223,5,100,False,0,car,0 days 01:01:38.014000,0 days 01:57:14.622000
2024-05-19 14:04:54.848,11505,226,5,100,False,0,car,0 days 01:01:38.254000,0 days 01:57:14.862000
2024-05-19 14:04:55.167,11454,219,5,100,True,0,car,0 days 01:01:38.573000,0 days 01:57:15.181000
2024-05-19 14:04:55.447,10474,191,5,0,True,0,car,0 days 01:01:38.853000,0 days 01:57:15.461000
2024-05-19 14:04:55.647,10474,173,5,0,True,0,car,0 days 01:01:39.053000,0 days 01:57:15.661000
2024-05-19 14:04:56.047,10741,145,5,0,True,0,car,0 days 01:01:39.453000,0 days 01:57:16.061000
2024-05-19 14:04:56.207,9901,145,3,0,True,0,car,0 days 01:01:39.613000,0 days 01:57:16.221000
2024-05-19 14:04:56.528,8692,122,3,0,True,0,car,0 days 01:01:39.934000,0 days 01:57:16.542000
2024-05-19 14:04:56.808,8300,117,3,0,True,0,car,0 days 01:01:40.214000,0 days 01:57:16.822000
2024-05-19 14:04:57.008,7822,112,3,0,True,0,car,0 days 01:01:40.414000,0 days 01:57:17.022000
2024-05-19 14:04:57.288,7323,107,3,0,True,0,car,0 days 01:01:40.694000,0 days 01:57:17.302000
2024-05-19 14:04:57.448,7124,101,3,0,True,0,car,0 days 01:01:40.854000,0 days 01:57:17.462000
2024-05-19 14:04:57.608,6849,97,3,0,True,0,car,0 days 01:01:41.014000,0 days 01:57:17.622000
2024-05-19 14:04:57.808,6797,96,3,0,False,0,car,0 days 01:01:41.214000,0 days 01:57:17.822000
2024-05-19 14:04:58.128,7133,95,3,29,False,0,car,0 days 01:01:41.534000,0 days 01:57:18.142000
2024-05-19 14:04:58.328,6829,93,3,3,False,0,car,0 days 01:01:41.734000,0 days 01:57:18.342000
2024-05-19 14:04:58.528,6960,93,3,26,False,0,car,0 days 01:01:41.934000,0 days 01:57:18.542000
2024-05-19 14:04:58.808,7232,97,3,31,False,0,car,0 days 01:01:42.214000,0 days 01:57:18.822000
2024-05-19 14:04:59.048,7517,98,3,39,False,0,car,0 days 01:01:42.454000,0 days 01:57:19.062000
2024-05-19 14:04:59.208,7832,104,3,50,False,0,car,0 days 01:01:42.614000,0 days 01:57:19.222000
2024-05-19 14:04:59.408,8135,106,3,58,False,0,car,0 days 01:01:42.814000,0 days 01:57:19.422000
2024-05-19 14:04:59.608,8854,110,3,70,False,0,car,0 days 01:01:43.014000,0 days 01:57:19.622000
2024-05-19 14:04:59.928,10431,124,3,85,False,0,car,0 days 01:01:43.334000,0 days 01:57:19.942000
2024-05-19 14:05:00.288,10356,132,3,77,False,0,car,0 days 01:01:43.694000,0 days 01:57:20.302000
2024-05-19 14:05:00.568,12121,151,3,100,False,0,car,0 days 01:01:43.974000,0 days 01:57:20.582000
2024-05-19 14:05:00.808,10721,164,3,100,False,0,car,0 days 01:01:44.214000,0 days 01:57:20.822000
2024-05-19 14:05:01.008,10440,164,4,100,False,0,car,0 days 01:01:44.414000,0 days 01:57:21.022000
2024-05-19 14:05:01.408,11026,188,4,100,False,0,car,0 days 01:01:44.814000,0 days 01:57:21.422000
2024-05-19 14:05:01.648,11918,191,4,100,False,0,car,0 days 01:01:45.054000,0 days 01:57:21.662000
2024-05-19 14:05:01.887,11993,201,4,100,False,0,car,0 days 01:01:45.293000,0 days 01:57:21.901000
2024-05-19 14:05:02.127,10803,210,5,100,False,0,car,0 days 01:01:45.533000,0 days 01:57:22.141000
2024-05-19 14:05:02.367,11149,216,5,100,False,0,car,0 days 01:01:45.773000,0 days 01:57:22.381000
2024-05-19 14:05:02.767,11395,227,5,100,False,0,car,0 days 01:01:46.173000,0 days 01:57:22.781000
2024-05-19 14:05:03.048,11590,232,5,100,False,0,car,0 days 01:01:46.454000,0 days 01:57:23.062000
2024-05-19 14:05:03.368,10587,238,6,100,False,0,car,0 days 01:01:46.774000,0 days 01:57:23.382000
2024-05-19 14:05:03.648,11130,247,6,100,False,0,car,0 days 01:01:47.054000,0 days 01:57:23.662000
2024-05-19 14:05:04.008,11316,254,6,100,False,0,car,0 days 01:01:47.414000,0 days 01:57:24.022000
2024-05-19 14:05:04.168,11393,254,6,100,False,0,car,0 days 01:01:47.574000,0 days 01:57:24.182000
2024-05-19 14:05:04.488,11568,258,6,100,False,0,car,0 days 01:01:47.894000,0 days 01:57:24.502000
2024-05-19 14:05:04.768,11614,262,6,100,False,0,car,0 days 01:01:48.174000,0 days 01:57:24.782000
2024-05-19 14:05:05.048,10536,266,6,100,False,0,car,0 days 01:01:48.454000,0 days 01:57:25.062000
2024-05-19 14:05:05.248,10575,267,7,100,False,0,car,0 days 01:01:48.654000,0 days 01:57:25.262000
2024-05-19 14:05:05.568,10691,268,7,100,False,0,car,0 days 01:01:48.974000,0 days 01:57:25.582000
2024-05-19 14:05:05.848,10709,269,7,100,False,0,car,0 days 01:01:49.254000,0 days 01:57:25.862000
2024-05-19 14:05:06.128,10749,270,7,100,False,0,car,0 days 01:01:49.534000,0 days 01:57:26.142000
2024-05-19 14:05:06.288,10749,270,7,100,False,0,car,0 days 01:01:49.694000,0 days 01:57:26.302000
2024-05-19 14:05:06.568,10731,270,7,100,False,0,car,0 days 01:01:49.974000,0 days 01:57:26.582000
2024-05-19 14:05:06.928,10764,272,7,100,False,0,car,0 days 01:01:50.334000,0 days 01:57:26.942000
2024-05-19 14:05:07.168,10797,272,7,94,False,0,car,0 days 01:01:50.574000,0 days 01:57:27.182000
2024-05-19 14:05:07.328,10443,272,7,0,False,0,car,0 days 01:01:50.734000,0 days 01:57:27.342000
2024-05-19 14:05:07.728,10353,251,7,0,True,0,car,0 days 01:01:51.134000,0 days 01:57:27.742000
2024-05-19 14:05:07.928,10776,234,6,0,True,0,car,0 days 01:01:51.334000,0 days 01:57:27.942000
2024-05-19 14:05:08.208,10531,206,5,1,True,0,car,0 days 01:01:51.614000,0 days 01:57:28.222000
2024-05-19 14:05:08.368,10260,206,5,7,True,0,car,0 days 01:01:51.774000,0 days 01:57:28.382000
2024-05-19 14:05:08.647,10192,199,5,37,False,0,car,0 days 01:01:52.053000,0 days 01:57:28.661000
2024-05-19 14:05:08.927,10403,198,5,82,False,0,car,0 days 01:01:52.333000,0 days 01:57:28.941000
2024-05-19 14:05:09.167,10664,199,5,95,False,0,car,0 days 01:01:52.573000,0 days 01:57:29.181000
2024-05-19 14:05:09.568,11002,212,5,100,False,0,car,0 days 01:01:52.974000,0 days 01:57:29.582000
2024-05-19 14:05:09.808,11297,216,5,100,False,0,car,0 days 01:01:53.214000,0 days 01:57:29.822000
2024-05-19 14:05:10.048,11546,224,5,100,False,0,car,0 days 01:01:53.454000,0 days 01:57:30.062000
2024-05-19 14:05:10.288,11677,227,5,100,False,0,car,0 days 01:01:53.694000,0 days 01:57:30.302000
2024-05-19 14:05:10.608,10669,235,6,100,False,0,car,0 days 01:01:54.014000,0 days 01:57:30.622000
2024-05-19 14:05:10.848,10907,238,6,100,False,0,car,0 days 01:01:54.254000,0 days 01:57:30.862000
2024-05-19 14:05:11.088,11017,242,6,100,False,0,car,0 days 01:01:54.494000,0 days 01:57:31.102000
2024-05-19 14:05:11.288,11328,244,6,100,False,0,car,0 days 01:01:54.694000,0 days 01:57:31.302000
2024-05-19 14:05:11.488,11219,249,6,100,False,0,car,0 days 01:01:54.894000,0 days 01:57:31.502000
2024-05-19 14:05:11.888,11572,254,6,100,False,0,car,0 days 01:01:55.294000,0 days 01:57:31.902000
2024-05-19 14:05:12.048,11539,255,6,100,False,0,car,0 days 01:01:55.454000,0 days 01:57:32.062000
2024-05-19 14:05:12.248,11575,259,6,100,False,0,car,0 days 01:01:55.654000,0 days 01:57:32.262000
2024-05-19 14:05:12.448,11606,261,6,100,False,0,car,0 days 01:01:55.854000,0 days 01:57:32.462000
2024-05-19 14:05:12.728,11823,264,6,100,False,0,car,0 days 01:01:56.134000,0 days 01:57:32.742000
2024-05-19 14:05:12.968,11248,266,6,100,False,0,car,0 days 01:01:56.374000,0 days 01:57:32.982000
2024-05-19 14:05:13.288,10688,268,7,100,False,0,car,0 days 01:01:56.694000,0 days 01:57:33.302000
2024-05-19 14:05:13.528,10671,269,7,100,False,0,car,0 days 01:01:56.934000,0 days 01:57:33.542000
2024-05-19 14:05:13.928,10786,270,7,100,False,0,car,0 days 01:01:57.334000,0 days 01:57:33.942000
2024-05-19 14:05:14.368,10192,267,7,0,False,0,car,0 days 01:01:57.774000,0 days 01:57:34.382000
2024-05-19 14:05:14.688,10059,257,7,0,False,0,car,0 days 01:01:58.094000,0 days 01:57:34.702000
2024-05-19 14:05:14.928,9573,248,7,0,True,0,car,0 days 01:01:58.334000,0 days 01:57:34.942000
2024-05-19 14:05:15.207,9804,224,7,0,True,0,car,0 days 01:01:58.613000,0 days 01:57:35.221000
2024-05-19 14:05:15.527,9678,194,6,0,True,0,car,0 days 01:01:58.933000,0 days 01:57:35.541000
2024-05-19 14:05:15.767,9672,176,4,0,True,0,car,0 days 01:01:59.173000,0 days 01:57:35.781000
2024-05-19 14:05:16.047,8773,154,4,0,True,0,car,0 days 01:01:59.453000,0 days 01:57:36.061000
2024-05-19 14:05:16.448,7879,132,4,0,True,0,car,0 days 01:01:59.854000,0 days 01:57:36.462000
2024-05-19 14:05:16.848,7582,125,4,0,True,0,car,0 days 01:02:00.254000,0 days 01:57:36.862000
2024-05-19 14:05:17.048,7599,122,4,21,False,0,car,0 days 01:02:00.454000,0 days 01:57:37.062000
2024-05-19 14:05:17.488,7778,122,4,56,False,0,car,0 days 01:02:00.894000,0 days 01:57:37.502000
2024-05-19 14:05:17.688,8147,125,4,76,False,0,car,0 days 01:02:01.094000,0 days 01:57:37.702000
2024-05-19 14:05:17.888,8446,131,4,96,False,0,car,0 days 01:02:01.294000,0 days 01:57:37.902000
2024-05-19 14:05:18.208,9189,146,4,100,False,0,car,0 days 01:02:01.614000,0 days 01:57:38.222000
2024-05-19 14:05:18.488,10179,155,4,100,False,0,car,0 days 01:02:01.894000,0 days 01:57:38.502000
2024-05-19 14:05:18.648,10606,162,4,100,False,0,car,0 days 01:02:02.054000,0 days 01:57:38.662000
2024-05-19 14:05:18.808,11069,173,4,100,False,0,car,0 days 01:02:02.214000,0 days 01:57:38.822000
2024-05-19 14:05:19.128,11316,180,4,100,False,0,car,0 days 01:02:02.534000,0 days 01:57:39.142000
2024-05-19 14:05:19.288,11316,183,4,100,False,0,car,0 days 01:02:02.694000,0 days 01:57:39.302000
2024-05-19 14:05:19.568,11529,193,4,100,False,0,car,0 days 01:02:02.974000,0 days 01:57:39.582000
2024-05-19 14:05:19.768,10611,199,5,100,False,0,car,0 days 01:02:03.174000,0 days 01:57:39.782000
2024-05-19 14:05:20.008,10825,209,5,100,False,0,car,0 days 01:02:03.414000,0 days 01:57:40.022000
2024-05-19 14:05:20.208,11076,218,5,100,False,0,car,0 days 01:02:03.614000,0 days 01:57:40.222000
2024-05-19 14:05:20.608,11523,225,5,100,False,0,car,0 days 01:02:04.014000,0 days 01:57:40.622000
2024-05-19 14:05:20.888,10606,229,5,100,False,0,car,0 days 01:02:04.294000,0 days 01:57:40.902000
2024-05-19 14:05:21.168,10807,234,5,100,False,0,car,0 days 01:02:04.574000,0 days 01:57:41.182000
2024-05-19 14:05:21.328,10903,241,6,100,False,0,car,0 days 01:02:04.734000,0 days 01:57:41.342000
2024-05-19 14:05:21.528,11043,244,6,100,False,0,car,0 days 01:02:04.934000,0 days 01:57:41.542000
2024-05-19 14:05:21.808,11212,249,6,100,False,0,car,0 days 01:02:05.214000,0 days 01:57:41.822000
2024-05-19 14:05:22.247,11369,253,6,100,False,0,car,0 days 01:02:05.653000,0 days 01:57:42.261000
2024-05-19 14:05:22.567,11314,256,6,100,False,0,car,0 days 01:02:05.973000,0 days 01:57:42.581000
2024-05-19 14:05:22.728,11314,257,6,100,False,0,car,0 days 01:02:06.134000,0 days 01:57:42.742000
2024-05-19 14:05:23.008,11403,257,6,100,False,0,car,0 days 01:02:06.414000,0 days 01:57:43.022000
2024-05-19 14:05:23.248,11468,257,6,100,False,0,car,0 days 01:02:06.654000,0 days 01:57:43.262000
2024-05-19 14:05:23.448,11510,258,6,100,False,0,car,0 days 01:02:06.854000,0 days 01:57:43.462000
2024-05-19 14:05:23.768,11186,258,6,17,False,0,car,0 days 01:02:07.174000,0 days 01:57:43.782000
2024-05-19 14:05:24.008,11038,249,6,0,True,0,car,0 days 01:02:07.414000,0 days 01:57:44.022000
2024-05-19 14:05:24.248,9836,229,6,0,True,0,car,0 days 01:02:07.654000,0 days 01:57:44.262000
2024-05-19 14:05:24.568,10049,197,6,0,True,0,car,0 days 01:02:07.974000,0 days 01:57:44.582000
2024-05-19 14:05:24.928,9176,158,5,0,True,0,car,0 days 01:02:08.334000,0 days 01:57:44.942000
2024-05-19 14:05:25.128,8530,147,4,0,True,0,car,0 days 01:02:08.534000,0 days 01:57:45.142000
2024-05-19 14:05:25.328,8084,135,4,0,True,0,car,0 days 01:02:08.734000,0 days 01:57:45.342000
2024-05-19 14:05:25.488,7241,130,4,0,True,0,car,0 days 01:02:08.894000,0 days 01:57:45.502000
2024-05-19 14:05:25.928,6809,117,4,0,False,0,car,0 days 01:02:09.334000,0 days 01:57:45.942000
2024-05-19 14:05:26.128,6478,113,4,0,False,0,car,0 days 01:02:09.534000,0 days 01:57:46.142000
2024-05-19 14:05:26.368,7265,109,4,0,True,0,car,0 days 01:02:09.774000,0 days 01:57:46.382000
2024-05-19 14:05:26.728,7742,104,3,0,True,0,car,0 days 01:02:10.134000,0 days 01:57:46.742000
2024-05-19 14:05:27.008,7170,100,3,0,False,0,car,0 days 01:02:10.414000,0 days 01:57:47.022000
2024-05-19 14:05:27.408,7352,98,3,20,False,0,car,0 days 01:02:10.814000,0 days 01:57:47.422000
2024-05-19 14:05:27.808,7958,103,3,42,False,0,car,0 days 01:02:11.214000,0 days 01:57:47.822000
2024-05-19 14:05:28.048,8484,108,3,55,False,0,car,0 days 01:02:11.454000,0 days 01:57:48.062000
2024-05-19 14:05:28.288,9209,115,3,80,False,0,car,0 days 01:02:11.694000,0 days 01:57:48.302000
2024-05-19 14:05:28.568,10678,128,3,93,False,0,car,0 days 01:02:11.974000,0 days 01:57:48.582000
2024-05-19 14:05:28.767,11134,136,3,98,False,0,car,0 days 01:02:12.173000,0 days 01:57:48.781000
2024-05-19 14:05:29.087,9658,150,3,100,False,0,car,0 days 01:02:12.493000,0 days 01:57:49.101000
2024-05-19 14:05:29.328,10626,164,3,100,False,0,car,0 days 01:02:12.734000,0 days 01:57:49.342000
2024-05-19 14:05:29.568,11058,173,4,100,False,0,car,0 days 01:02:12.974000,0 days 01:57:49.582000
2024-05-19 14:05:29.888,11605,185,4,100,False,0,car,0 days 01:02:13.294000,0 days 01:57:49.902000
2024-05-19 14:05:30.088,11818,192,4,100,False,0,car,0 days 01:02:13.494000,0 days 01:57:50.102000
2024-05-19 14:05:30.408,10627,206,5,100,False,0,car,0 days 01:02:13.814000,0 days 01:57:50.422000
2024-05-19 14:05:30.888,11421,219,5,100,False,0,car,0 days 01:02:14.294000,0 days 01:57:50.902000
2024-05-19 14:05:31.048,11591,224,5,100,False,0,car,0 days 01:02:14.454000,0 days 01:57:51.062000
2024-05-19 14:05:31.248,11451,224,5,100,False,0,car,0 days 01:02:14.654000,0 days 01:57:51.262000
2024-05-19 14:05:31.488,10707,234,5,100,False,0,car,0 days 01:02:14.894000,0 days 01:57:51.502000
2024-05-19 14:05:31.728,10964,241,6,100,False,0,car,0 days 01:02:15.134000,0 days 01:57:51.742000
2024-05-19 14:05:32.048,11155,247,6,100,False,0,car,0 days 01:02:15.454000,0 days 01:57:52.062000
2024-05-19 14:05:32.288,11324,251,6,100,False,0,car,0 days 01:02:15.694000,0 days 01:57:52.302000
2024-05-19 14:05:32.648,11616,257,6,100,False,0,car,0 days 01:02:16.054000,0 days 01:57:52.662000
2024-05-19 14:05:32.848,11660,259,6,100,False,0,car,0 days 01:02:16.254000,0 days 01:57:52.862000
2024-05-19 14:05:33.168,10638,264,6,100,False,0,car,0 days 01:02:16.574000,0 days 01:57:53.182000
2024-05-19 14:05:33.528,10744,270,7,100,False,0,car,0 days 01:02:16.934000,0 days 01:57:53.542000
2024-05-19 14:05:33.688,10824,272,7,100,False,0,car,0 days 01:02:17.094000,0 days 01:57:53.702000
2024-05-19 14:05:33.848,10941,274,7,100,False,0,car,0 days 01:02:17.254000,0 days 01:57:53.862000
2024-05-19 14:05:34.048,11020,277,7,100,False,0,car,0 days 01:02:17.454000,0 days 01:57:54.062000
2024-05-19 14:05:34.248,11153,279,7,100,False,0,car,0 days 01:02:17.654000,0 days 01:57:54.262000
2024-05-19 14:05:34.568,11176,282,7,100,False,0,car,0 days 01:02:17.974000,0 days 01:57:54.582000
2024-05-19 14:05:34.848,11176,282,7,100,False,0,car,0 days 01:02:18.254000,0 days 01:57:54.862000
2024-05-19 14:05:35.088,11243,282,7,100,False,0,car,0 days 01:02:18.494000,0 days 01:57:55.102000
2024-05-19 14:05:35.288,11313,286,7,100,False,0,car,0 days 01:02:18.694000,0 days 01:57:55.302000
2024-05-19 14:05:35.607,11329,287,7,100,False,0,car,0 days 01:02:19.013000,0 days 01:57:55.621000
2024-05-19 14:05:35.968,11566,290,7,100,False,0,car,0 days 01:02:19.374000,0 days 01:57:55.982000
2024-05-19 14:05:36.288,11717,295,7,100,False,0,car,0 days 01:02:19.694000,0 days 01:57:56.302000
2024-05-19 14:05:36.608,11540,295,7,100,False,0,car,0 days 01:02:20.014000,0 days 01:57:56.622000
2024-05-19 14:05:37.048,11146,288,7,0,True,0,car,0 days 01:02:20.454000,0 days 01:57:57.062000
2024-05-19 14:05:37.208,10562,272,7,0,True,0,car,0 days 01:02:20.614000,0 days 01:57:57.222000
2024-05-19 14:05:37.488,10101,249,7,0,True,0,car,0 days 01:02:20.894000,0 days 01:57:57.502000
2024-05-19 14:05:37.928,10569,191,7,0,True,0,car,0 days 01:02:21.334000,0 days 01:57:57.942000
2024-05-19 14:05:38.168,10429,172,6,0,True,0,car,0 days 01:02:21.574000,0 days 01:57:58.182000
2024-05-19 14:05:38.368,10619,157,4,0,True,0,car,0 days 01:02:21.774000,0 days 01:57:58.382000
2024-05-19 14:05:38.768,9161,134,3,0,True,0,car,0 days 01:02:22.174000,0 days 01:57:58.782000
2024-05-19 14:05:38.928,8803,127,3,0,True,0,car,0 days 01:02:22.334000,0 days 01:57:58.942000
2024-05-19 14:05:39.128,8494,122,3,0,True,0,car,0 days 01:02:22.534000,0 days 01:57:59.142000
2024-05-19 14:05:39.288,8302,121,3,0,True,0,car,0 days 01:02:22.694000,0 days 01:57:59.302000
2024-05-19 14:05:39.528,8293,114,3,3,False,0,car,0 days 01:02:22.934000,0 days 01:57:59.542000
2024-05-19 14:05:39.688,8357,115,3,17,False,0,car,0 days 01:02:23.094000,0 days 01:57:59.702000
2024-05-19 14:05:39.928,8576,114,3,41,False,0,car,0 days 01:02:23.334000,0 days 01:57:59.942000
2024-05-19 14:05:40.168,8912,116,3,52,False,0,car,0 days 01:02:23.574000,0 days 01:58:00.182000
2024-05-19 14:05:40.608,9741,125,3,72,False,0,car,0 days 01:02:24.014000,0 days 01:58:00.622000
2024-05-19 14:05:40.808,10361,135,3,83,False,0,car,0 days 01:02:24.214000,0 days 01:58:00.822000
2024-05-19 14:05:41.128,10049,147,3,100,False,0,car,0 days 01:02:24.534000,0 days 01:58:01.142000
2024-05-19 14:05:41.288,9523,151,4,100,False,0,car,0 days 01:02:24.694000,0 days 01:58:01.302000
2024-05-19 14:05:41.608,9643,161,4,21,True,0,car,0 days 01:02:25.014000,0 days 01:58:01.622000
2024-05-19 14:05:41.768,8915,161,4,0,True,0,car,0 days 01:02:25.174000,0 days 01:58:01.782000
2024-05-19 14:05:41.968,8832,152,4,0,True,0,car,0 days 01:02:25.374000,0 days 01:58:01.982000
2024-05-19 14:05:42.287,8584,145,4,0,False,0,car,0 days 01:02:25.693000,0 days 01:58:02.301000
2024-05-19 14:05:42.608,8290,141,4,1,False,0,car,0 days 01:02:26.014000,0 days 01:58:02.622000
2024-05-19 14:05:42.848,8086,134,4,10,False,0,car,0 days 01:02:26.254000,0 days 01:58:02.862000
2024-05-19 14:05:43.008,8440,133,4,54,False,0,car,0 days 01:02:26.414000,0 days 01:58:03.022000
2024-05-19 14:05:43.168,8572,135,4,52,False,0,car,0 days 01:02:26.574000,0 days 01:58:03.182000
2024-05-19 14:05:43.408,8568,139,4,53,False,0,car,0 days 01:02:26.814000,0 days 01:58:03.422000
2024-05-19 14:05:43.688,9047,141,4,61,False,0,car,0 days 01:02:27.094000,0 days 01:58:03.702000
2024-05-19 14:05:43.848,9432,147,4,67,False,0,car,0 days 01:02:27.254000,0 days 01:58:03.862000
2024-05-19 14:05:44.008,9677,152,4,78,False,0,car,0 days 01:02:27.414000,0 days 01:58:04.022000
2024-05-19 14:05:44.288,10423,155,4,100,False,0,car,0 days 01:02:27.694000,0 days 01:58:04.302000
2024-05-19 14:05:44.528,10897,172,4,100,False,0,car,0 days 01:02:27.934000,0 days 01:58:04.542000
2024-05-19 14:05:44.688,11013,176,4,100,False,0,car,0 days 01:02:28.094000,0 days 01:58:04.702000
2024-05-19 14:05:44.848,11341,184,4,100,False,0,car,0 days 01:02:28.254000,0 days 01:58:04.862000
2024-05-19 14:05:45.168,11005,195,4,100,False,0,car,0 days 01:02:28.574000,0 days 01:58:05.182000
2024-05-19 14:05:45.328,10671,201,5,100,False,0,car,0 days 01:02:28.734000,0 days 01:58:05.342000
2024-05-19 14:05:45.688,11062,211,5,100,False,0,car,0 days 01:02:29.094000,0 days 01:58:05.702000
2024-05-19 14:05:45.888,11337,217,5,100,False,0,car,0 days 01:02:29.294000,0 days 01:58:05.902000
2024-05-19 14:05:46.168,11621,225,5,100,False,0,car,0 days 01:02:29.574000,0 days 01:58:06.182000
2024-05-19 14:05:46.408,10958,233,5,100,False,0,car,0 days 01:02:29.814000,0 days 01:58:06.422000
2024-05-19 14:05:46.568,10665,235,6,100,False,0,car,0 days 01:02:29.974000,0 days 01:58:06.582000
2024-05-19 14:05:46.728,10853,239,6,100,False,0,car,0 days 01:02:30.134000,0 days 01:58:06.742000
2024-05-19 14:05:47.008,10853,245,6,100,False,0,car,0 days 01:02:30.414000,0 days 01:58:07.022000
2024-05-19 14:05:47.248,11273,249,6,100,False,0,car,0 days 01:02:30.654000,0 days 01:58:07.262000
2024-05-19 14:05:47.488,11312,253,6,100,False,0,car,0 days 01:02:30.894000,0 days 01:58:07.502000
2024-05-19 14:05:47.808,11671,260,6,100,False,0,car,0 days 01:02:31.214000,0 days 01:58:07.822000
2024-05-19 14:05:48.048,11513,262,6,100,False,0,car,0 days 01:02:31.454000,0 days 01:58:08.062000
2024-05-19 14:05:48.488,10745,268,7,100,False,0,car,0 days 01:02:31.894000,0 days 01:58:08.502000
2024-05-19 14:05:48.688,10879,271,7,100,False,0,car,0 days 01:02:32.094000,0 days 01:58:08.702000
2024-05-19 14:05:49.008,11029,276,7,100,False,0,car,0 days 01:02:32.414000,0 days 01:58:09.022000
2024-05-19 14:05:49.168,11090,277,7,100,False,0,car,0 days 01:02:32.574000,0 days 01:58:09.182000
2024-05-19 14:05:49.488,11206,280,7,100,False,0,car,0 days 01:02:32.894000,0 days 01:58:09.502000
2024-05-19 14:05:49.768,11280,283,7,100,False,0,car,0 days 01:02:33.174000,0 days 01:58:09.782000
2024-05-19 14:05:50.128,11359,288,7,100,False,0,car,0 days 01:02:33.534000,0 days 01:58:10.142000
2024-05-19 14:05:50.448,11498,289,7,100,False,0,car,0 days 01:02:33.854000,0 days 01:58:10.462000
2024-05-19 14:05:50.648,11612,292,7,100,False,0,car,0 days 01:02:34.054000,0 days 01:58:10.662000
2024-05-19 14:05:50.888,11040,293,7,100,False,0,car,0 days 01:02:34.294000,0 days 01:58:10.902000
2024-05-19 14:05:51.088,10529,294,7,100,False,0,car,0 days 01:02:34.494000,0 days 01:58:11.102000
2024-05-19 14:05:51.248,10592,296,8,100,False,0,car,0 days 01:02:34.654000,0 days 01:58:11.262000
2024-05-19 14:05:51.528,10592,298,8,100,False,0,car,0 days 01:02:34.934000,0 days 01:58:11.542000
2024-05-19 14:05:51.848,10747,301,8,100,False,0,car,0 days 01:02:35.254000,0 days 01:58:11.862000
2024-05-19 14:05:52.008,10782,302,8,100,False,0,car,0 days 01:02:35.414000,0 days 01:58:12.022000
2024-05-19 14:05:52.208,10804,303,8,100,False,0,car,0 days 01:02:35.614000,0 days 01:58:12.222000
2024-05-19 14:05:52.688,10865,305,8,100,False,0,car,0 days 01:02:36.094000,0 days 01:58:12.702000
2024-05-19 14:05:52.928,10894,306,8,100,False,0,car,0 days 01:02:36.334000,0 days 01:58:12.942000
2024-05-19 14:05:53.128,10894,307,8,100,False,0,car,0 days 01:02:36.534000,0 days 01:58:13.142000
2024-05-19 14:05:53.448,10903,308,8,100,False,0,car,0 days 01:02:36.854000,0 days 01:58:13.462000
2024-05-19 14:05:53.648,10978,308,8,100,False,0,car,0 days 01:02:37.054000,0 days 01:58:13.662000
2024-05-19 14:05:53.968,10976,309,8,100,False,0,car,0 days 01:02:37.374000,0 days 01:58:13.982000
2024-05-19 14:05:54.248,11060,310,8,100,False,0,car,0 days 01:02:37.654000,0 days 01:58:14.262000
2024-05-19 14:05:54.568,11026,310,8,100,False,0,car,0 days 01:02:37.974000,0 days 01:58:14.582000
2024-05-19 14:05:54.728,11059,311,8,100,False,0,car,0 days 01:02:38.134000,0 days 01:58:14.742000
2024-05-19 14:05:54.968,11048,313,8,100,False,0,car,0 days 01:02:38.374000,0 days 01:58:14.982000
2024-05-19 14:05:55.168,11104,313,8,100,False,0,car,0 days 01:02:38.574000,0 days 01:58:15.182000
2024-05-19 14:05:55.408,11219,314,8,100,False,0,car,0 days 01:02:38.814000,0 days 01:58:15.422000
2024-05-19 14:05:55.768,11145,314,8,100,False,0,car,0 days 01:02:39.174000,0 days 01:58:15.782000
2024-05-19 14:05:55.928,11159,314,8,100,False,0,car,0 days 01:02:39.334000,0 days 01:58:15.942000
2024-05-19 14:05:56.088,11137,315,8,100,False,0,car,0 days 01:02:39.494000,0 days 01:58:16.102000
2024-05-19 14:05:56.248,11175,315,8,100,False,0,car,0 days 01:02:39.654000,0 days 01:58:16.262000
2024-05-19 14:05:56.568,11178,315,8,100,False,0,car,0 days 01:02:39.974000,0 days 01:58:16.582000
2024-05-19 14:05:56.968,11226,316,8,100,False,0,car,0 days 01:02:40.374000,0 days 01:58:16.982000
2024-05-19 14:05:57.128,11226,317,8,100,False,0,car,0 days 01:02:40.534000,0 days 01:58:17.142000
2024-05-19 14:05:57.368,11283,317,8,100,False,0,car,0 days 01:02:40.774000,0 days 01:58:17.382000
2024-05-19 14:05:57.608,11222,317,8,100,False,0,car,0 days 01:02:41.014000,0 days 01:58:17.622000
2024-05-19 14:05:57.848,11227,318,8,100,False,0,car,0 days 01:02:41.254000,0 days 01:58:17.862000
2024-05-19 14:05:58.008,11301,318,8,100,False,0,car,0 days 01:02:41.414000,0 days 01:58:18.022000
2024-05-19 14:05:58.208,11246,319,8,100,False,0,car,0 days 01:02:41.614000,0 days 01:58:18.222000
2024-05-19 14:05:58.368,11216,319,8,100,False,0,car,0 days 01:02:41.774000,0 days 01:58:18.382000
2024-05-19 14:05:58.688,11254,318,8,100,False,0,car,0 days 01:02:42.094000,0 days 01:58:18.702000
2024-05-19 14:05:58.928,11141,316,8,100,False,0,car,0 days 01:02:42.334000,0 days 01:58:18.942000
2024-05-19 14:05:59.128,10588,305,8,0,True,0,car,0 days 01:02:42.534000,0 days 01:58:19.142000
2024-05-19 14:05:59.488,9736,269,8,0,True,0,car,0 days 01:02:42.894000,0 days 01:58:19.502000
2024-05-19 14:05:59.648,10073,242,8,0,True,0,car,0 days 01:02:43.054000,0 days 01:58:19.662000
2024-05-19 14:05:59.968,10160,218,8,0,True,0,car,0 days 01:02:43.374000,0 days 01:58:19.982000
2024-05-19 14:06:00.208,10862,192,6,0,True,0,car,0 days 01:02:43.614000,0 days 01:58:20.222000
2024-05-19 14:06:00.488,9576,169,4,0,True,0,car,0 days 01:02:43.894000,0 days 01:58:20.502000
2024-05-19 14:06:00.648,9245,160,4,0,True,0,car,0 days 01:02:44.054000,0 days 01:58:20.662000
2024-05-19 14:06:00.808,9066,156,4,0,True,0,car,0 days 01:02:44.214000,0 days 01:58:20.822000
2024-05-19 14:06:01.008,8889,150,4,1,True,0,car,0 days 01:02:44.414000,0 days 01:58:21.022000
2024-05-19 14:06:01.248,8811,146,4,12,False,0,car,0 days 01:02:44.654000,0 days 01:58:21.262000
2024-05-19 14:06:01.408,8899,144,4,49,False,0,car,0 days 01:02:44.814000,0 days 01:58:21.422000
2024-05-19 14:06:01.648,9230,147,4,61,False,0,car,0 days 01:02:45.054000,0 days 01:58:21.662000
2024-05-19 14:06:01.848,9578,148,4,80,False,0,car,0 days 01:02:45.254000,0 days 01:58:21.862000
2024-05-19 14:06:02.088,9098,159,4,21,False,0,car,0 days 01:02:45.494000,0 days 01:58:22.102000
2024-05-19 14:06:03.328,9330,175,5,100,False,0,car,0 days 01:02:46.734000,0 days 01:58:23.342000
2024-05-19 14:06:03.568,9695,181,5,100,False,0,car,0 days 01:02:46.974000,0 days 01:58:23.582000
2024-05-19 14:06:03.808,10012,190,5,100,False,0,car,0 days 01:02:47.214000,0 days 01:58:23.822000
2024-05-19 14:06:04.088,10481,197,5,100,False,0,car,0 days 01:02:47.494000,0 days 01:58:24.102000
2024-05-19 14:06:04.368,10823,207,5,100,False,0,car,0 days 01:02:47.774000,0 days 01:58:24.382000
2024-05-19 14:06:04.568,11181,212,5,100,False,0,car,0 days 01:02:47.974000,0 days 01:58:24.582000
2024-05-19 14:06:05.008,11693,222,5,100,False,0,car,0 days 01:02:48.414000,0 days 01:58:25.022000
2024-05-19 14:06:05.168,11873,226,5,100,False,0,car,0 days 01:02:48.574000,0 days 01:58:25.182000
2024-05-19 14:06:05.328,11173,229,5,100,False,0,car,0 days 01:02:48.734000,0 days 01:58:25.342000
2024-05-19 14:06:05.688,10834,235,6,100,False,0,car,0 days 01:02:49.094000,0 days 01:58:25.702000
2024-05-19 14:06:05.888,10974,239,6,100,False,0,car,0 days 01:02:49.294000,0 days 01:58:25.902000
2024-05-19 14:06:06.088,11063,243,6,100,False,0,car,0 days 01:02:49.494000,0 days 01:58:26.102000
2024-05-19 14:06:06.448,11397,251,6,100,False,0,car,0 days 01:02:49.854000,0 days 01:58:26.462000
2024-05-19 14:06:06.808,11481,258,6,100,False,0,car,0 days 01:02:50.214000,0 days 01:58:26.822000
2024-05-19 14:06:07.048,11656,261,6,100,False,0,car,0 days 01:02:50.454000,0 days 01:58:27.062000
2024-05-19 14:06:07.248,11547,264,6,100,False,0,car,0 days 01:02:50.654000,0 days 01:58:27.262000
2024-05-19 14:06:07.568,10654,267,7,100,False,0,car,0 days 01:02:50.974000,0 days 01:58:27.582000
2024-05-19 14:06:07.808,10609,269,7,100,False,0,car,0 days 01:02:51.214000,0 days 01:58:27.822000
2024-05-19 14:06:08.008,10750,270,7,100,False,0,car,0 days 01:02:51.414000,0 days 01:58:28.022000
2024-05-19 14:06:08.288,10770,272,7,100,False,0,car,0 days 01:02:51.694000,0 days 01:58:28.302000
2024-05-19 14:06:08.448,10853,273,7,100,False,0,car,0 days 01:02:51.854000,0 days 01:58:28.462000
2024-05-19 14:06:08.608,10869,274,7,100,False,0,car,0 days 01:02:52.014000,0 days 01:58:28.622000
2024-05-19 14:06:08.969,10877,276,7,100,False,0,car,0 days 01:02:52.375000,0 days 01:58:28.983000
2024-05-19 14:06:09.168,10942,276,7,100,False,0,car,0 days 01:02:52.574000,0 days 01:58:29.182000
2024-05-19 14:06:09.328,10915,276,7,100,False,0,car,0 days 01:02:52.734000,0 days 01:58:29.342000
2024-05-19 14:06:09.608,10974,276,7,100,False,0,car,0 days 01:02:53.014000,0 days 01:58:29.622000
2024-05-19 14:06:09.768,10973,277,7,100,False,0,car,0 days 01:02:53.174000,0 days 01:58:29.782000
2024-05-19 14:06:09.968,10923,277,7,100,False,0,car,0 days 01:02:53.374000,0 days 01:58:29.982000
2024-05-19 14:06:10.448,10057,261,7,0,True,0,car,0 days 01:02:53.854000,0 days 01:58:30.462000
2024-05-19 14:06:10.728,10417,240,7,0,True,0,car,0 days 01:02:54.134000,0 days 01:58:30.742000
2024-05-19 14:06:11.048,9987,229,6,0,True,0,car,0 days 01:02:54.454000,0 days 01:58:31.062000
2024-05-19 14:06:11.488,9987,215,6,0,True,0,car,0 days 01:02:54.894000,0 days 01:58:31.502000
2024-05-19 14:06:11.648,10257,203,6,0,True,0,car,0 days 01:02:55.054000,0 days 01:58:31.662000
2024-05-19 14:06:11.848,9417,197,5,0,True,0,car,0 days 01:02:55.254000,0 days 01:58:31.862000
2024-05-19 14:06:12.288,8425,172,5,1,True,0,car,0 days 01:02:55.694000,0 days 01:58:32.302000
2024-05-19 14:06:12.448,8360,168,5,3,False,0,car,0 days 01:02:55.854000,0 days 01:58:32.462000
2024-05-19 14:06:12.648,8358,164,5,8,False,0,car,0 days 01:02:56.054000,0 days 01:58:32.662000
2024-05-19 14:06:12.848,8432,162,5,20,False,0,car,0 days 01:02:56.254000,0 days 01:58:32.862000
2024-05-19 14:06:13.088,8425,160,5,61,False,0,car,0 days 01:02:56.494000,0 days 01:58:33.102000
2024-05-19 14:06:13.528,9254,169,5,97,False,0,car,0 days 01:02:56.934000,0 days 01:58:33.542000
2024-05-19 14:06:13.728,9345,175,5,100,False,0,car,0 days 01:02:57.134000,0 days 01:58:33.742000
2024-05-19 14:06:13.888,9625,175,5,100,False,0,car,0 days 01:02:57.294000,0 days 01:58:33.902000
2024-05-19 14:06:14.088,9757,185,5,100,False,0,car,0 days 01:02:57.494000,0 days 01:58:34.102000
2024-05-19 14:06:14.248,10099,192,5,100,False,0,car,0 days 01:02:57.654000,0 days 01:58:34.262000
2024-05-19 14:06:14.568,10629,201,5,100,False,0,car,0 days 01:02:57.974000,0 days 01:58:34.582000
2024-05-19 14:06:14.728,10662,207,5,100,False,0,car,0 days 01:02:58.134000,0 days 01:58:34.742000
2024-05-19 14:06:15.048,11048,209,5,100,False,0,car,0 days 01:02:58.454000,0 days 01:58:35.062000
2024-05-19 14:06:15.248,11203,216,5,100,False,0,car,0 days 01:02:58.654000,0 days 01:58:35.262000
2024-05-19 14:06:15.609,11307,222,5,100,False,0,car,0 days 01:02:59.015000,0 days 01:58:35.623000
2024-05-19 14:06:15.808,11429,224,5,100,False,0,car,0 days 01:02:59.214000,0 days 01:58:35.822000
2024-05-19 14:06:16.088,11552,225,5,100,False,0,car,0 days 01:02:59.494000,0 days 01:58:36.102000
2024-05-19 14:06:16.248,10999,224,5,0,True,0,car,0 days 01:02:59.654000,0 days 01:58:36.262000
2024-05-19 14:06:16.568,10867,199,5,0,True,0,car,0 days 01:02:59.974000,0 days 01:58:36.582000
2024-05-19 14:06:16.728,10587,180,5,0,True,0,car,0 days 01:03:00.134000,0 days 01:58:36.742000
2024-05-19 14:06:16.968,10940,163,5,0,True,0,car,0 days 01:03:00.374000,0 days 01:58:36.982000
2024-05-19 14:06:17.128,10525,149,4,0,True,0,car,0 days 01:03:00.534000,0 days 01:58:37.142000
2024-05-19 14:06:17.408,9185,131,3,0,True,0,car,0 days 01:03:00.814000,0 days 01:58:37.422000
2024-05-19 14:06:17.728,8503,120,3,0,True,0,car,0 days 01:03:01.134000,0 days 01:58:37.742000
2024-05-19 14:06:17.888,7937,117,3,0,True,0,car,0 days 01:03:01.294000,0 days 01:58:37.902000
2024-05-19 14:06:18.208,7477,107,3,0,True,0,car,0 days 01:03:01.614000,0 days 01:58:38.222000
2024-05-19 14:06:18.648,6790,100,3,0,True,0,car,0 days 01:03:02.054000,0 days 01:58:38.662000
2024-05-19 14:06:19.048,6950,92,3,9,False,0,car,0 days 01:03:02.454000,0 days 01:58:39.062000
2024-05-19 14:06:19.208,6981,92,3,25,False,0,car,0 days 01:03:02.614000,0 days 01:58:39.222000
2024-05-19 14:06:19.408,7098,95,3,28,False,0,car,0 days 01:03:02.814000,0 days 01:58:39.422000
2024-05-19 14:06:19.648,7350,96,3,28,False,0,car,0 days 01:03:03.054000,0 days 01:58:39.662000
2024-05-19 14:06:19.848,7590,98,3,36,False,0,car,0 days 01:03:03.254000,0 days 01:58:39.862000
2024-05-19 14:06:20.088,7635,101,3,43,False,0,car,0 days 01:03:03.494000,0 days 01:58:40.102000
2024-05-19 14:06:20.448,8726,110,3,59,False,0,car,0 days 01:03:03.854000,0 days 01:58:40.462000
2024-05-19 14:06:20.688,9105,115,3,73,False,0,car,0 days 01:03:04.094000,0 days 01:58:40.702000
2024-05-19 14:06:21.088,10262,132,3,100,False,0,car,0 days 01:03:04.494000,0 days 01:58:41.102000
2024-05-19 14:06:21.328,11413,145,3,100,False,0,car,0 days 01:03:04.734000,0 days 01:58:41.342000
2024-05-19 14:06:21.488,11007,149,3,100,False,0,car,0 days 01:03:04.894000,0 days 01:58:41.502000
2024-05-19 14:06:21.728,10517,158,4,100,False,0,car,0 days 01:03:05.134000,0 days 01:58:41.742000
2024-05-19 14:06:22.169,11233,180,4,100,False,0,car,0 days 01:03:05.575000,0 days 01:58:42.183000
2024-05-19 14:06:22.329,11472,187,4,100,False,0,car,0 days 01:03:05.735000,0 days 01:58:42.343000
2024-05-19 14:06:22.648,11870,197,4,100,False,0,car,0 days 01:03:06.054000,0 days 01:58:42.662000
2024-05-19 14:06:23.008,10885,210,4,100,False,0,car,0 days 01:03:06.414000,0 days 01:58:43.022000
2024-05-19 14:06:23.328,11254,219,5,100,False,0,car,0 days 01:03:06.734000,0 days 01:58:43.342000
2024-05-19 14:06:23.528,11467,224,5,100,False,0,car,0 days 01:03:06.934000,0 days 01:58:43.542000
2024-05-19 14:06:23.808,11863,227,5,100,False,0,car,0 days 01:03:07.214000,0 days 01:58:43.822000
2024-05-19 14:06:23.968,10883,234,5,100,False,0,car,0 days 01:03:07.374000,0 days 01:58:43.982000
2024-05-19 14:06:24.328,10827,240,6,100,False,0,car,0 days 01:03:07.734000,0 days 01:58:44.342000
2024-05-19 14:06:24.568,11150,245,6,100,False,0,car,0 days 01:03:07.974000,0 days 01:58:44.582000
2024-05-19 14:06:24.768,11248,249,6,100,False,0,car,0 days 01:03:08.174000,0 days 01:58:44.782000
2024-05-19 14:06:25.088,11377,254,6,100,False,0,car,0 days 01:03:08.494000,0 days 01:58:45.102000
2024-05-19 14:06:25.288,11430,256,6,100,False,0,car,0 days 01:03:08.694000,0 days 01:58:45.302000
2024-05-19 14:06:25.448,11649,259,6,100,False,0,car,0 days 01:03:08.854000,0 days 01:58:45.462000
2024-05-19 14:06:25.688,11248,261,6,100,False,0,car,0 days 01:03:09.094000,0 days 01:58:45.702000
2024-05-19 14:06:26.088,10460,263,7,100,False,0,car,0 days 01:03:09.494000,0 days 01:58:46.102000
2024-05-19 14:06:26.248,10562,264,7,100,False,0,car,0 days 01:03:09.654000,0 days 01:58:46.262000
2024-05-19 14:06:26.488,10549,266,7,100,False,0,car,0 days 01:03:09.894000,0 days 01:58:46.502000
2024-05-19 14:06:26.768,10625,267,7,100,False,0,car,0 days 01:03:10.174000,0 days 01:58:46.782000
2024-05-19 14:06:26.968,10617,268,7,100,False,0,car,0 days 01:03:10.374000,0 days 01:58:46.982000
2024-05-19 14:06:27.328,10640,269,7,100,False,0,car,0 days 01:03:10.734000,0 days 01:58:47.342000
2024-05-19 14:06:27.648,10641,270,7,100,False,0,car,0 days 01:03:11.054000,0 days 01:58:47.662000
2024-05-19 14:06:27.928,10714,270,7,100,False,0,car,0 days 01:03:11.334000,0 days 01:58:47.942000
2024-05-19 14:06:28.328,10786,268,7,0,True,0,car,0 days 01:03:11.734000,0 days 01:58:48.342000
2024-05-19 14:06:28.769,9967,245,7,0,True,0,car,0 days 01:03:12.175000,0 days 01:58:48.783000
2024-05-19 14:06:29.049,10527,221,6,1,True,0,car,0 days 01:03:12.455000,0 days 01:58:49.063000
2024-05-19 14:06:29.288,10300,208,5,3,True,0,car,0 days 01:03:12.694000,0 days 01:58:49.302000
2024-05-19 14:06:29.448,10078,203,5,6,True,0,car,0 days 01:03:12.854000,0 days 01:58:49.462000
2024-05-19 14:06:29.648,10246,196,5,57,False,0,car,0 days 01:03:13.054000,0 days 01:58:49.662000
2024-05-19 14:06:29.888,10371,198,5,83,False,0,car,0 days 01:03:13.294000,0 days 01:58:49.902000
2024-05-19 14:06:30.088,10595,201,5,95,False,0,car,0 days 01:03:13.494000,0 days 01:58:50.102000
2024-05-19 14:06:30.448,11034,209,5,100,False,0,car,0 days 01:03:13.854000,0 days 01:58:50.462000
2024-05-19 14:06:30.608,11158,215,5,100,False,0,car,0 days 01:03:14.014000,0 days 01:58:50.622000
2024-05-19 14:06:30.768,11413,217,5,100,False,0,car,0 days 01:03:14.174000,0 days 01:58:50.782000
2024-05-19 14:06:31.008,11464,224,5,100,False,0,car,0 days 01:03:14.414000,0 days 01:58:51.022000
2024-05-19 14:06:31.248,10414,228,5,100,False,0,car,0 days 01:03:14.654000,0 days 01:58:51.262000
2024-05-19 14:06:31.408,10568,233,6,100,False,0,car,0 days 01:03:14.814000,0 days 01:58:51.422000
2024-05-19 14:06:31.568,10757,233,6,100,False,0,car,0 days 01:03:14.974000,0 days 01:58:51.582000
2024-05-19 14:06:31.848,10873,240,6,100,False,0,car,0 days 01:03:15.254000,0 days 01:58:51.862000
2024-05-19 14:06:32.248,11060,245,6,100,False,0,car,0 days 01:03:15.654000,0 days 01:58:52.262000
2024-05-19 14:06:32.528,11220,250,6,100,False,0,car,0 days 01:03:15.934000,0 days 01:58:52.542000
2024-05-19 14:06:32.928,11285,254,6,100,False,0,car,0 days 01:03:16.334000,0 days 01:58:52.942000
2024-05-19 14:06:33.208,11475,258,6,100,False,0,car,0 days 01:03:16.614000,0 days 01:58:53.222000
2024-05-19 14:06:33.448,11664,260,6,100,False,0,car,0 days 01:03:16.854000,0 days 01:58:53.462000
2024-05-19 14:06:33.688,11056,262,6,100,False,0,car,0 days 01:03:17.094000,0 days 01:58:53.702000
2024-05-19 14:06:33.888,10516,263,6,100,False,0,car,0 days 01:03:17.294000,0 days 01:58:53.902000
2024-05-19 14:06:34.288,10632,267,7,100,False,0,car,0 days 01:03:17.694000,0 days 01:58:54.302000
2024-05-19 14:06:34.568,10650,268,7,100,False,0,car,0 days 01:03:17.974000,0 days 01:58:54.582000
2024-05-19 14:06:34.768,10682,270,7,100,False,0,car,0 days 01:03:18.174000,0 days 01:58:54.782000
2024-05-19 14:06:35.169,10675,269,7,100,False,0,car,0 days 01:03:18.575000,0 days 01:58:55.183000
2024-05-19 14:06:35.329,10628,268,7,10,False,0,car,0 days 01:03:18.735000,0 days 01:58:55.343000
2024-05-19 14:06:35.529,10319,264,7,0,False,0,car,0 days 01:03:18.935000,0 days 01:58:55.543000
2024-05-19 14:06:35.809,9823,251,7,0,True,0,car,0 days 01:03:19.215000,0 days 01:58:55.823000
2024-05-19 14:06:36.088,9842,244,7,0,True,0,car,0 days 01:03:19.494000,0 days 01:58:56.102000
2024-05-19 14:06:36.408,10227,194,6,0,True,0,car,0 days 01:03:19.814000,0 days 01:58:56.422000
2024-05-19 14:06:36.568,10470,184,5,0,True,0,car,0 days 01:03:19.974000,0 days 01:58:56.582000
2024-05-19 14:06:36.888,9505,167,4,0,True,0,car,0 days 01:03:20.294000,0 days 01:58:56.902000
2024-05-19 14:06:37.088,8388,149,4,0,True,0,car,0 days 01:03:20.494000,0 days 01:58:57.102000
2024-05-19 14:06:37.408,7732,133,4,0,True,0,car,0 days 01:03:20.814000,0 days 01:58:57.422000
2024-05-19 14:06:37.688,7492,129,4,0,True,0,car,0 days 01:03:21.094000,0 days 01:58:57.702000
2024-05-19 14:06:38.008,7715,127,4,21,False,0,car,0 days 01:03:21.414000,0 days 01:58:58.022000
2024-05-19 14:06:38.208,7708,121,4,40,False,0,car,0 days 01:03:21.614000,0 days 01:58:58.222000
2024-05-19 14:06:38.368,7793,122,4,51,False,0,car,0 days 01:03:21.774000,0 days 01:58:58.382000
2024-05-19 14:06:38.528,8098,126,4,57,False,0,car,0 days 01:03:21.934000,0 days 01:58:58.542000
2024-05-19 14:06:38.888,9031,137,4,100,False,0,car,0 days 01:03:22.294000,0 days 01:58:58.902000
2024-05-19 14:06:39.208,9780,151,4,100,False,0,car,0 days 01:03:22.614000,0 days 01:58:59.222000
2024-05-19 14:06:39.528,10248,163,4,100,False,0,car,0 days 01:03:22.934000,0 days 01:58:59.542000
2024-05-19 14:06:39.808,11001,169,4,100,False,0,car,0 days 01:03:23.214000,0 days 01:58:59.822000
2024-05-19 14:06:40.128,11376,185,4,100,False,0,car,0 days 01:03:23.534000,0 days 01:59:00.142000
2024-05-19 14:06:40.408,11186,195,4,100,False,0,car,0 days 01:03:23.814000,0 days 01:59:00.422000
2024-05-19 14:06:40.688,10643,201,5,100,False,0,car,0 days 01:03:24.094000,0 days 01:59:00.702000
2024-05-19 14:06:41.128,11016,216,5,100,False,0,car,0 days 01:03:24.534000,0 days 01:59:01.142000
2024-05-19 14:06:41.368,11478,221,5,100,False,0,car,0 days 01:03:24.774000,0 days 01:59:01.382000
2024-05-19 14:06:41.568,11351,226,5,100,False,0,car,0 days 01:03:24.974000,0 days 01:59:01.582000
2024-05-19 14:06:41.849,10564,232,5,100,False,0,car,0 days 01:03:25.255000,0 days 01:59:01.863000
2024-05-19 14:06:42.089,10803,237,6,100,False,0,car,0 days 01:03:25.495000,0 days 01:59:02.103000
2024-05-19 14:06:42.249,10937,241,6,100,False,0,car,0 days 01:03:25.655000,0 days 01:59:02.263000
2024-05-19 14:06:42.529,11148,246,6,100,False,0,car,0 days 01:03:25.935000,0 days 01:59:02.543000
2024-05-19 14:06:43.008,11212,252,6,100,False,0,car,0 days 01:03:26.414000,0 days 01:59:03.022000
2024-05-19 14:06:43.168,11327,252,6,100,False,0,car,0 days 01:03:26.574000,0 days 01:59:03.182000
2024-05-19 14:06:43.328,11379,254,6,100,False,0,car,0 days 01:03:26.734000,0 days 01:59:03.342000
2024-05-19 14:06:43.608,11333,256,6,100,False,0,car,0 days 01:03:27.014000,0 days 01:59:03.622000
2024-05-19 14:06:43.768,11350,256,6,100,False,0,car,0 days 01:03:27.174000,0 days 01:59:03.782000
2024-05-19 14:06:43.968,11413,256,6,100,False,0,car,0 days 01:03:27.374000,0 days 01:59:03.982000
2024-05-19 14:06:44.288,11507,257,6,100,False,0,car,0 days 01:03:27.694000,0 days 01:59:04.302000
2024-05-19 14:06:44.448,11465,258,6,100,False,0,car,0 days 01:03:27.854000,0 days 01:59:04.462000
2024-05-19 14:06:44.728,11348,259,6,41,False,0,car,0 days 01:03:28.134000,0 days 01:59:04.742000
2024-05-19 14:06:44.928,11302,251,6,3,True,0,car,0 days 01:03:28.334000,0 days 01:59:04.942000
2024-05-19 14:06:45.208,10221,231,6,0,True,0,car,0 days 01:03:28.614000,0 days 01:59:05.222000
2024-05-19 14:06:45.648,10014,186,5,0,True,0,car,0 days 01:03:29.054000,0 days 01:59:05.662000
2024-05-19 14:06:45.928,9083,153,4,0,True,0,car,0 days 01:03:29.334000,0 days 01:59:05.942000
2024-05-19 14:06:46.248,7864,137,4,0,True,0,car,0 days 01:03:29.654000,0 days 01:59:06.262000
2024-05-19 14:06:46.608,7411,129,4,0,True,0,car,0 days 01:03:30.014000,0 days 01:59:06.622000
2024-05-19 14:06:46.768,6943,119,4,0,True,0,car,0 days 01:03:30.174000,0 days 01:59:06.782000
2024-05-19 14:06:47.008,6681,114,4,4,False,0,car,0 days 01:03:30.414000,0 days 01:59:07.022000
2024-05-19 14:06:47.448,7686,109,4,0,True,0,car,0 days 01:03:30.854000,0 days 01:59:07.462000
2024-05-19 14:06:47.608,7327,106,3,0,True,0,car,0 days 01:03:31.014000,0 days 01:59:07.622000
2024-05-19 14:06:47.808,7062,101,3,0,False,0,car,0 days 01:03:31.214000,0 days 01:59:07.822000
2024-05-19 14:06:48.209,7333,98,3,22,False,0,car,0 days 01:03:31.615000,0 days 01:59:08.223000
2024-05-19 14:06:48.449,7501,99,3,25,False,0,car,0 days 01:03:31.855000,0 days 01:59:08.463000
2024-05-19 14:06:48.609,7698,101,3,34,False,0,car,0 days 01:03:32.015000,0 days 01:59:08.623000
2024-05-19 14:06:48.929,8137,107,3,62,False,0,car,0 days 01:03:32.335000,0 days 01:59:08.943000
2024-05-19 14:06:49.329,9466,122,3,80,False,0,car,0 days 01:03:32.735000,0 days 01:59:09.343000
2024-05-19 14:06:49.728,10862,142,3,100,False,0,car,0 days 01:03:33.134000,0 days 01:59:09.742000
2024-05-19 14:06:49.968,9813,152,3,100,False,0,car,0 days 01:03:33.374000,0 days 01:59:09.982000
2024-05-19 14:06:50.248,10429,164,4,100,False,0,car,0 days 01:03:33.654000,0 days 01:59:10.262000
2024-05-19 14:06:50.408,10790,174,4,100,False,0,car,0 days 01:03:33.814000,0 days 01:59:10.422000
2024-05-19 14:06:50.648,11292,182,4,100,False,0,car,0 days 01:03:34.054000,0 days 01:59:10.662000
2024-05-19 14:06:50.968,11899,193,4,100,False,0,car,0 days 01:03:34.374000,0 days 01:59:10.982000
2024-05-19 14:06:51.288,10779,203,4,100,False,0,car,0 days 01:03:34.694000,0 days 01:59:11.302000
2024-05-19 14:06:51.528,10990,212,5,100,False,0,car,0 days 01:03:34.934000,0 days 01:59:11.542000
2024-05-19 14:06:51.808,11329,221,5,100,False,0,car,0 days 01:03:35.214000,0 days 01:59:11.822000
2024-05-19 14:06:52.208,11675,231,5,100,False,0,car,0 days 01:03:35.614000,0 days 01:59:12.222000
2024-05-19 14:06:52.368,10695,233,5,100,False,0,car,0 days 01:03:35.774000,0 days 01:59:12.382000
2024-05-19 14:06:52.768,11011,241,6,100,False,0,car,0 days 01:03:36.174000,0 days 01:59:12.782000
2024-05-19 14:06:53.088,11188,248,6,100,False,0,car,0 days 01:03:36.494000,0 days 01:59:13.102000
2024-05-19 14:06:53.288,11328,252,6,100,False,0,car,0 days 01:03:36.694000,0 days 01:59:13.302000
2024-05-19 14:06:53.528,11459,257,6,100,False,0,car,0 days 01:03:36.934000,0 days 01:59:13.542000
2024-05-19 14:06:53.728,11620,260,6,100,False,0,car,0 days 01:03:37.134000,0 days 01:59:13.742000
2024-05-19 14:06:53.888,11213,261,6,100,False,0,car,0 days 01:03:37.294000,0 days 01:59:13.902000
2024-05-19 14:06:54.208,10649,267,7,100,False,0,car,0 days 01:03:37.614000,0 days 01:59:14.222000
2024-05-19 14:06:54.448,10771,270,7,100,False,0,car,0 days 01:03:37.854000,0 days 01:59:14.462000
2024-05-19 14:06:54.608,10771,272,7,100,False,0,car,0 days 01:03:38.014000,0 days 01:59:14.622000
2024-05-19 14:06:54.809,10915,275,7,100,False,0,car,0 days 01:03:38.215000,0 days 01:59:14.823000
2024-05-19 14:06:55.089,11028,277,7,100,False,0,car,0 days 01:03:38.495000,0 days 01:59:15.103000
2024-05-19 14:06:55.409,11226,282,7,100,False,0,car,0 days 01:03:38.815000,0 days 01:59:15.423000
2024-05-19 14:06:55.689,11236,284,7,100,False,0,car,0 days 01:03:39.095000,0 days 01:59:15.703000
2024-05-19 14:06:55.889,11274,284,7,100,False,0,car,0 days 01:03:39.295000,0 days 01:59:15.903000
2024-05-19 14:06:56.129,11425,289,7,100,False,0,car,0 days 01:03:39.535000,0 days 01:59:16.143000
2024-05-19 14:06:56.488,11439,289,7,100,False,0,car,0 days 01:03:39.894000,0 days 01:59:16.502000
2024-05-19 14:06:56.688,11444,289,7,100,False,0,car,0 days 01:03:40.094000,0 days 01:59:16.702000
2024-05-19 14:06:56.928,11601,295,7,100,False,0,car,0 days 01:03:40.334000,0 days 01:59:16.942000
2024-05-19 14:06:57.208,11761,296,7,100,False,0,car,0 days 01:03:40.614000,0 days 01:59:17.222000
2024-05-19 14:06:57.568,11573,295,7,100,False,0,car,0 days 01:03:40.974000,0 days 01:59:17.582000
2024-05-19 14:06:57.848,11215,292,7,9,False,0,car,0 days 01:03:41.254000,0 days 01:59:17.862000
2024-05-19 14:06:58.008,11078,282,7,0,True,0,car,0 days 01:03:41.414000,0 days 01:59:18.022000
2024-05-19 14:06:58.328,9678,261,7,0,True,0,car,0 days 01:03:41.734000,0 days 01:59:18.342000
2024-05-19 14:06:58.528,9668,235,7,0,True,0,car,0 days 01:03:41.934000,0 days 01:59:18.542000
2024-05-19 14:06:58.688,9948,211,7,0,True,0,car,0 days 01:03:42.094000,0 days 01:59:18.702000
2024-05-19 14:06:58.928,10542,179,7,0,True,0,car,0 days 01:03:42.334000,0 days 01:59:18.942000
2024-05-19 14:06:59.088,10280,171,6,0,True,0,car,0 days 01:03:42.494000,0 days 01:59:19.102000
2024-05-19 14:06:59.288,10467,158,4,0,True,0,car,0 days 01:03:42.694000,0 days 01:59:19.302000
2024-05-19 14:06:59.488,9525,150,3,0,True,0,car,0 days 01:03:42.894000,0 days 01:59:19.502000
2024-05-19 14:06:59.808,9032,128,3,0,True,0,car,0 days 01:03:43.214000,0 days 01:59:19.822000
2024-05-19 14:07:00.048,8686,123,3,0,True,0,car,0 days 01:03:43.454000,0 days 01:59:20.062000
2024-05-19 14:07:00.208,8458,121,3,0,False,0,car,0 days 01:03:43.614000,0 days 01:59:20.222000
2024-05-19 14:07:00.448,8395,118,3,0,False,0,car,0 days 01:03:43.854000,0 days 01:59:20.462000
2024-05-19 14:07:00.808,8570,114,3,40,False,0,car,0 days 01:03:44.214000,0 days 01:59:20.822000
2024-05-19 14:07:01.248,9130,121,3,54,False,0,car,0 days 01:03:44.654000,0 days 01:59:21.262000
2024-05-19 14:07:01.649,10287,131,3,82,False,0,car,0 days 01:03:45.055000,0 days 01:59:21.663000
2024-05-19 14:07:02.009,9205,146,3,100,False,0,car,0 days 01:03:45.415000,0 days 01:59:22.023000
2024-05-19 14:07:02.209,9626,155,4,100,False,0,car,0 days 01:03:45.615000,0 days 01:59:22.223000
2024-05-19 14:07:02.369,9828,159,4,41,False,0,car,0 days 01:03:45.775000,0 days 01:59:22.383000
2024-05-19 14:07:02.569,9523,162,4,0,True,0,car,0 days 01:03:45.975000,0 days 01:59:22.583000
2024-05-19 14:07:02.729,9183,156,4,0,True,0,car,0 days 01:03:46.135000,0 days 01:59:22.743000
2024-05-19 14:07:03.088,8488,149,4,0,True,0,car,0 days 01:03:46.494000,0 days 01:59:23.102000
2024-05-19 14:07:03.248,8488,145,4,0,True,0,car,0 days 01:03:46.654000,0 days 01:59:23.262000
2024-05-19 14:07:03.568,8348,138,4,1,False,0,car,0 days 01:03:46.974000,0 days 01:59:23.582000
2024-05-19 14:07:03.848,8102,134,4,5,False,0,car,0 days 01:03:47.254000,0 days 01:59:23.862000
2024-05-19 14:07:04.088,8199,133,4,49,False,0,car,0 days 01:03:47.494000,0 days 01:59:24.102000
2024-05-19 14:07:04.288,8596,136,4,52,False,0,car,0 days 01:03:47.694000,0 days 01:59:24.302000
2024-05-19 14:07:04.488,8814,139,4,61,False,0,car,0 days 01:03:47.894000,0 days 01:59:24.502000
2024-05-19 14:07:04.688,9120,143,4,71,False,0,car,0 days 01:03:48.094000,0 days 01:59:24.702000
2024-05-19 14:07:04.848,9120,147,4,71,False,0,car,0 days 01:03:48.254000,0 days 01:59:24.862000
2024-05-19 14:07:05.048,9959,154,4,87,False,0,car,0 days 01:03:48.454000,0 days 01:59:25.062000
2024-05-19 14:07:05.328,10636,165,4,100,False,0,car,0 days 01:03:48.734000,0 days 01:59:25.342000
2024-05-19 14:07:05.528,10970,175,4,100,False,0,car,0 days 01:03:48.934000,0 days 01:59:25.542000
2024-05-19 14:07:05.968,10557,191,4,100,False,0,car,0 days 01:03:49.374000,0 days 01:59:25.982000
2024-05-19 14:07:06.128,10421,197,5,100,False,0,car,0 days 01:03:49.534000,0 days 01:59:26.142000
2024-05-19 14:07:06.288,10571,200,5,100,False,0,car,0 days 01:03:49.694000,0 days 01:59:26.302000
2024-05-19 14:07:06.568,11013,210,5,100,False,0,car,0 days 01:03:49.974000,0 days 01:59:26.582000
2024-05-19 14:07:06.968,11544,221,5,100,False,0,car,0 days 01:03:50.374000,0 days 01:59:26.982000
2024-05-19 14:07:07.208,11690,229,5,100,False,0,car,0 days 01:03:50.614000,0 days 01:59:27.222000
2024-05-19 14:07:07.608,10730,238,6,100,False,0,car,0 days 01:03:51.014000,0 days 01:59:27.622000
2024-05-19 14:07:07.768,10939,239,6,100,False,0,car,0 days 01:03:51.174000,0 days 01:59:27.782000
2024-05-19 14:07:08.049,11187,246,6,100,False,0,car,0 days 01:03:51.455000,0 days 01:59:28.063000
2024-05-19 14:07:08.209,11247,250,6,100,False,0,car,0 days 01:03:51.615000,0 days 01:59:28.223000
2024-05-19 14:07:08.409,11386,254,6,100,False,0,car,0 days 01:03:51.815000,0 days 01:59:28.423000
2024-05-19 14:07:08.609,11499,257,6,100,False,0,car,0 days 01:03:52.015000,0 days 01:59:28.623000
2024-05-19 14:07:09.049,10866,264,6,100,False,0,car,0 days 01:03:52.455000,0 days 01:59:29.063000
2024-05-19 14:07:09.369,10727,268,7,100,False,0,car,0 days 01:03:52.775000,0 days 01:59:29.383000
2024-05-19 14:07:09.529,10825,271,7,100,False,0,car,0 days 01:03:52.935000,0 days 01:59:29.543000
2024-05-19 14:07:09.888,11002,275,7,100,False,0,car,0 days 01:03:53.294000,0 days 01:59:29.902000
2024-05-19 14:07:10.048,11082,277,7,100,False,0,car,0 days 01:03:53.454000,0 days 01:59:30.062000
2024-05-19 14:07:10.248,11053,279,7,100,False,0,car,0 days 01:03:53.654000,0 days 01:59:30.262000
2024-05-19 14:07:10.448,11225,282,7,100,False,0,car,0 days 01:03:53.854000,0 days 01:59:30.462000
2024-05-19 14:07:10.688,11287,283,7,100,False,0,car,0 days 01:03:54.094000,0 days 01:59:30.702000
2024-05-19 14:07:11.088,11467,288,7,100,False,0,car,0 days 01:03:54.494000,0 days 01:59:31.102000
2024-05-19 14:07:11.248,11524,290,7,100,False,0,car,0 days 01:03:54.654000,0 days 01:59:31.262000
2024-05-19 14:07:11.408,11461,291,7,100,False,0,car,0 days 01:03:54.814000,0 days 01:59:31.422000
2024-05-19 14:07:11.648,11574,292,7,100,False,0,car,0 days 01:03:55.054000,0 days 01:59:31.662000
2024-05-19 14:07:11.928,10409,295,7,100,False,0,car,0 days 01:03:55.334000,0 days 01:59:31.942000
2024-05-19 14:07:12.328,10608,298,8,100,False,0,car,0 days 01:03:55.734000,0 days 01:59:32.342000
2024-05-19 14:07:12.608,10687,299,8,100,False,0,car,0 days 01:03:56.014000,0 days 01:59:32.622000
2024-05-19 14:07:12.888,10748,302,8,100,False,0,car,0 days 01:03:56.294000,0 days 01:59:32.902000
2024-05-19 14:07:13.088,10772,303,8,100,False,0,car,0 days 01:03:56.494000,0 days 01:59:33.102000
2024-05-19 14:07:13.368,10852,305,8,100,False,0,car,0 days 01:03:56.774000,0 days 01:59:33.382000
2024-05-19 14:07:13.728,10860,306,8,100,False,0,car,0 days 01:03:57.134000,0 days 01:59:33.742000
2024-05-19 14:07:14.088,10933,308,8,100,False,0,car,0 days 01:03:57.494000,0 days 01:59:34.102000
2024-05-19 14:07:14.448,10971,309,8,100,False,0,car,0 days 01:03:57.854000,0 days 01:59:34.462000
2024-05-19 14:07:14.649,11062,309,8,100,False,0,car,0 days 01:03:58.055000,0 days 01:59:34.663000
2024-05-19 14:07:14.809,11002,310,8,100,False,0,car,0 days 01:03:58.215000,0 days 01:59:34.823000
2024-05-19 14:07:15.009,11004,311,8,100,False,0,car,0 days 01:03:58.415000,0 days 01:59:35.023000
2024-05-19 14:07:15.409,11014,311,8,100,False,0,car,0 days 01:03:58.815000,0 days 01:59:35.423000
2024-05-19 14:07:15.569,11013,311,8,100,False,0,car,0 days 01:03:58.975000,0 days 01:59:35.583000
2024-05-19 14:07:15.809,11069,312,8,100,False,0,car,0 days 01:03:59.215000,0 days 01:59:35.823000
2024-05-19 14:07:16.009,11002,312,8,100,False,0,car,0 days 01:03:59.415000,0 days 01:59:36.023000
2024-05-19 14:07:16.209,11106,313,8,100,False,0,car,0 days 01:03:59.615000,0 days 01:59:36.223000
2024-05-19 14:07:16.368,11132,313,8,100,False,0,car,0 days 01:03:59.774000,0 days 01:59:36.382000
2024-05-19 14:07:16.528,11065,313,8,100,False,0,car,0 days 01:03:59.934000,0 days 01:59:36.542000
2024-05-19 14:07:16.848,11103,313,8,100,False,0,car,0 days 01:04:00.254000,0 days 01:59:36.862000
2024-05-19 14:07:17.168,11156,314,8,100,False,0,car,0 days 01:04:00.574000,0 days 01:59:37.182000
2024-05-19 14:07:17.488,11184,314,8,100,False,0,car,0 days 01:04:00.894000,0 days 01:59:37.502000
2024-05-19 14:07:17.848,11181,315,8,100,False,0,car,0 days 01:04:01.254000,0 days 01:59:37.862000
2024-05-19 14:07:18.048,11177,315,8,100,False,0,car,0 days 01:04:01.454000,0 days 01:59:38.062000
2024-05-19 14:07:18.208,11179,315,8,100,False,0,car,0 days 01:04:01.614000,0 days 01:59:38.222000
2024-05-19 14:07:18.368,11177,316,8,100,False,0,car,0 days 01:04:01.774000,0 days 01:59:38.382000
2024-05-19 14:07:18.568,11275,316,8,100,False,0,car,0 days 01:04:01.974000,0 days 01:59:38.582000
2024-05-19 14:07:18.808,11240,317,8,100,False,0,car,0 days 01:04:02.214000,0 days 01:59:38.822000
2024-05-19 14:07:19.048,11184,317,8,100,False,0,car,0 days 01:04:02.454000,0 days 01:59:39.062000
2024-05-19 14:07:19.248,11183,317,8,100,False,0,car,0 days 01:04:02.654000,0 days 01:59:39.262000
2024-05-19 14:07:19.488,11165,317,8,100,False,0,car,0 days 01:04:02.894000,0 days 01:59:39.502000
2024-05-19 14:07:19.968,10575,313,8,0,True,0,car,0 days 01:04:03.374000,0 days 01:59:39.982000
2024-05-19 14:07:20.168,9935,290,8,0,True,0,car,0 days 01:04:03.574000,0 days 01:59:40.182000
2024-05-19 14:07:20.568,9830,252,8,0,True,0,car,0 days 01:04:03.974000,0 days 01:59:40.582000
2024-05-19 14:07:20.768,10272,214,8,0,True,0,car,0 days 01:04:04.174000,0 days 01:59:40.782000
2024-05-19 14:07:20.968,10521,197,6,0,True,0,car,0 days 01:04:04.374000,0 days 01:59:40.982000
2024-05-19 14:07:21.209,10159,173,4,0,True,0,car,0 days 01:04:04.615000,0 days 01:59:41.223000
2024-05-19 14:07:21.409,9410,162,4,0,True,0,car,0 days 01:04:04.815000,0 days 01:59:41.423000
2024-05-19 14:07:21.649,9037,154,4,1,True,0,car,0 days 01:04:05.055000,0 days 01:59:41.663000
2024-05-19 14:07:21.929,8833,148,4,2,True,0,car,0 days 01:04:05.335000,0 days 01:59:41.943000
2024-05-19 14:07:22.169,9037,145,4,48,False,0,car,0 days 01:04:05.575000,0 days 01:59:42.183000
2024-05-19 14:07:22.449,9189,147,4,53,False,0,car,0 days 01:04:05.855000,0 days 01:59:42.463000
2024-05-19 14:07:22.649,9510,151,4,70,False,0,car,0 days 01:04:06.055000,0 days 01:59:42.663000
2024-05-19 14:07:22.809,9836,156,4,91,False,0,car,0 days 01:04:06.215000,0 days 01:59:42.823000
2024-05-19 14:07:23.208,8400,163,5,32,False,0,car,0 days 01:04:06.614000,0 days 01:59:43.222000
2024-05-19 14:07:23.488,8478,162,5,53,False,0,car,0 days 01:04:06.894000,0 days 01:59:43.502000
2024-05-19 14:07:23.808,8905,167,5,80,False,0,car,0 days 01:04:07.214000,0 days 01:59:43.822000
2024-05-19 14:07:24.088,9553,171,5,100,False,0,car,0 days 01:04:07.494000,0 days 01:59:44.102000
2024-05-19 14:07:24.288,9512,177,5,99,False,0,car,0 days 01:04:07.694000,0 days 01:59:44.302000
2024-05-19 14:07:24.688,10180,190,5,100,False,0,car,0 days 01:04:08.094000,0 days 01:59:44.702000
2024-05-19 14:07:25.088,10848,205,5,100,False,0,car,0 days 01:04:08.494000,0 days 01:59:45.102000
2024-05-19 14:07:25.528,11350,217,5,100,False,0,car,0 days 01:04:08.934000,0 days 01:59:45.542000
2024-05-19 14:07:25.728,11358,223,5,100,False,0,car,0 days 01:04:09.134000,0 days 01:59:45.742000
2024-05-19 14:07:26.008,10462,229,5,100,False,0,car,0 days 01:04:09.414000,0 days 01:59:46.022000
2024-05-19 14:07:26.168,10624,231,6,100,False,0,car,0 days 01:04:09.574000,0 days 01:59:46.182000
2024-05-19 14:07:26.448,10742,234,6,100,False,0,car,0 days 01:04:09.854000,0 days 01:59:46.462000
2024-05-19 14:07:26.728,10986,242,6,100,False,0,car,0 days 01:04:10.134000,0 days 01:59:46.742000
2024-05-19 14:07:26.888,11113,244,6,100,False,0,car,0 days 01:04:10.294000,0 days 01:59:46.902000
2024-05-19 14:07:27.128,11166,249,6,100,False,0,car,0 days 01:04:10.534000,0 days 01:59:47.142000
2024-05-19 14:07:27.368,11366,253,6,100,False,0,car,0 days 01:04:10.774000,0 days 01:59:47.382000
2024-05-19 14:07:27.648,11569,258,6,100,False,0,car,0 days 01:04:11.054000,0 days 01:59:47.662000
2024-05-19 14:07:27.969,11538,263,6,100,False,0,car,0 days 01:04:11.375000,0 days 01:59:47.983000
2024-05-19 14:07:28.169,10561,265,7,100,False,0,car,0 days 01:04:11.575000,0 days 01:59:48.183000
2024-05-19 14:07:28.569,10764,271,7,100,False,0,car,0 days 01:04:11.975000,0 days 01:59:48.583000
2024-05-19 14:07:28.929,10980,276,7,100,False,0,car,0 days 01:04:12.335000,0 days 01:59:48.943000
2024-05-19 14:07:29.329,11024,278,7,100,False,0,car,0 days 01:04:12.735000,0 days 01:59:49.343000
2024-05-19 14:07:29.569,11058,279,7,100,False,0,car,0 days 01:04:12.975000,0 days 01:59:49.583000
2024-05-19 14:07:29.809,11095,280,7,100,False,0,car,0 days 01:04:13.215000,0 days 01:59:49.823000
2024-05-19 14:07:30.248,11053,280,7,100,False,0,car,0 days 01:04:13.654000,0 days 01:59:50.262000
2024-05-19 14:07:30.448,11119,280,7,100,False,0,car,0 days 01:04:13.854000,0 days 01:59:50.462000
2024-05-19 14:07:30.808,10751,281,7,24,False,0,car,0 days 01:04:14.214000,0 days 01:59:50.822000
2024-05-19 14:07:31.168,10007,263,7,0,True,0,car,0 days 01:04:14.574000,0 days 01:59:51.182000
2024-05-19 14:07:31.648,10075,234,7,0,True,0,car,0 days 01:04:15.054000,0 days 01:59:51.662000
2024-05-19 14:07:31.808,9908,226,6,1,True,0,car,0 days 01:04:15.214000,0 days 01:59:51.822000
2024-05-19 14:07:32.168,9647,224,6,1,True,0,car,0 days 01:04:15.574000,0 days 01:59:52.182000
2024-05-19 14:07:32.448,9105,210,6,0,True,0,car,0 days 01:04:15.854000,0 days 01:59:52.462000
2024-05-19 14:07:32.888,8482,175,5,0,True,0,car,0 days 01:04:16.294000,0 days 01:59:52.902000
2024-05-19 14:07:33.288,8109,163,5,6,False,0,car,0 days 01:04:16.694000,0 days 01:59:53.302000
2024-05-19 14:07:33.648,8248,157,5,54,False,0,car,0 days 01:04:17.054000,0 days 01:59:53.662000
2024-05-19 14:07:33.888,8477,158,5,64,False,0,car,0 days 01:04:17.294000,0 days 01:59:53.902000
2024-05-19 14:07:34.329,9086,169,5,97,False,0,car,0 days 01:04:17.735000,0 days 01:59:54.343000
2024-05-19 14:07:34.529,9206,176,5,100,False,0,car,0 days 01:04:17.935000,0 days 01:59:54.543000
2024-05-19 14:07:34.689,9874,180,5,100,False,0,car,0 days 01:04:18.095000,0 days 01:59:54.703000
2024-05-19 14:07:34.849,9911,185,5,100,False,0,car,0 days 01:04:18.255000,0 days 01:59:54.863000
2024-05-19 14:07:35.009,10130,191,5,100,False,0,car,0 days 01:04:18.415000,0 days 01:59:55.023000
2024-05-19 14:07:35.169,10243,193,5,100,False,0,car,0 days 01:04:18.575000,0 days 01:59:55.183000
2024-05-19 14:07:35.489,10808,203,5,100,False,0,car,0 days 01:04:18.895000,0 days 01:59:55.503000
2024-05-19 14:07:35.729,10953,212,5,100,False,0,car,0 days 01:04:19.135000,0 days 01:59:55.743000
2024-05-19 14:07:35.889,11238,214,5,100,False,0,car,0 days 01:04:19.295000,0 days 01:59:55.903000
2024-05-19 14:07:36.049,11203,218,5,100,False,0,car,0 days 01:04:19.455000,0 days 01:59:56.063000
2024-05-19 14:07:36.249,11345,221,5,100,False,0,car,0 days 01:04:19.655000,0 days 01:59:56.263000
2024-05-19 14:07:36.449,11454,223,5,100,False,0,car,0 days 01:04:19.855000,0 days 01:59:56.463000
2024-05-19 14:07:36.648,11531,225,5,100,False,0,car,0 days 01:04:20.054000,0 days 01:59:56.662000
2024-05-19 14:07:36.848,11531,226,5,100,False,0,car,0 days 01:04:20.254000,0 days 01:59:56.862000
2024-05-19 14:07:37.048,11170,228,5,0,False,0,car,0 days 01:04:20.454000,0 days 01:59:57.062000
2024-05-19 14:07:37.248,10440,212,5,0,True,0,car,0 days 01:04:20.654000,0 days 01:59:57.262000
2024-05-19 14:07:37.528,10634,180,5,0,True,0,car,0 days 01:04:20.934000,0 days 01:59:57.542000
2024-05-19 14:07:38.008,9967,143,3,0,True,0,car,0 days 01:04:21.414000,0 days 01:59:58.022000
2024-05-19 14:07:38.168,9325,137,3,0,True,0,car,0 days 01:04:21.574000,0 days 01:59:58.182000
2024-05-19 14:07:38.408,8897,122,3,0,True,0,car,0 days 01:04:21.814000,0 days 01:59:58.422000
2024-05-19 14:07:38.568,8897,120,3,0,True,0,car,0 days 01:04:21.974000,0 days 01:59:58.582000
2024-05-19 14:07:38.888,7563,110,3,0,True,0,car,0 days 01:04:22.294000,0 days 01:59:58.902000
2024-05-19 14:07:39.128,7224,104,3,0,True,0,car,0 days 01:04:22.534000,0 days 01:59:59.142000
2024-05-19 14:07:39.368,6847,100,3,0,False,0,car,0 days 01:04:22.774000,0 days 01:59:59.382000
2024-05-19 14:07:39.648,6615,95,3,0,False,0,car,0 days 01:04:23.054000,0 days 01:59:59.662000
2024-05-19 14:07:39.888,6817,91,3,25,False,0,car,0 days 01:04:23.294000,0 days 01:59:59.902000
2024-05-19 14:07:40.208,7002,93,3,24,False,0,car,0 days 01:04:23.614000,0 days 02:00:00.222000
2024-05-19 14:07:40.528,7188,95,3,26,False,0,car,0 days 01:04:23.934000,0 days 02:00:00.542000
2024-05-19 14:07:40.849,7622,99,3,39,False,0,car,0 days 01:04:24.255000,0 days 02:00:00.863000
2024-05-19 14:07:41.009,7817,102,3,47,False,0,car,0 days 01:04:24.415000,0 days 02:00:01.023000
2024-05-19 14:07:41.289,8372,107,3,60,False,0,car,0 days 01:04:24.695000,0 days 02:00:01.303000
2024-05-19 14:07:41.529,9042,116,3,70,False,0,car,0 days 01:04:24.935000,0 days 02:00:01.543000
2024-05-19 14:07:41.849,10017,127,3,85,False,0,car,0 days 01:04:25.255000,0 days 02:00:01.863000
2024-05-19 14:07:42.049,10464,136,3,96,False,0,car,0 days 01:04:25.455000,0 days 02:00:02.063000
2024-05-19 14:07:42.369,10502,150,3,100,False,0,car,0 days 01:04:25.775000,0 days 02:00:02.383000
2024-05-19 14:07:42.729,10481,167,4,100,False,0,car,0 days 01:04:26.135000,0 days 02:00:02.743000
2024-05-19 14:07:43.009,11090,180,4,100,False,0,car,0 days 01:04:26.415000,0 days 02:00:03.023000
2024-05-19 14:07:43.328,11471,188,4,100,False,0,car,0 days 01:04:26.734000,0 days 02:00:03.342000
2024-05-19 14:07:43.528,11021,198,4,100,False,0,car,0 days 01:04:26.934000,0 days 02:00:03.542000
2024-05-19 14:07:43.848,10857,207,5,100,False,0,car,0 days 01:04:27.254000,0 days 02:00:03.862000
2024-05-19 14:07:44.008,10857,213,5,100,False,0,car,0 days 01:04:27.414000,0 days 02:00:04.022000
2024-05-19 14:07:44.248,11325,216,5,100,False,0,car,0 days 01:04:27.654000,0 days 02:00:04.262000
2024-05-19 14:07:44.568,11688,226,5,100,False,0,car,0 days 01:04:27.974000,0 days 02:00:04.582000
2024-05-19 14:07:45.008,10700,237,6,100,False,0,car,0 days 01:04:28.414000,0 days 02:00:05.022000
2024-05-19 14:07:45.168,10890,237,6,100,False,0,car,0 days 01:04:28.574000,0 days 02:00:05.182000
2024-05-19 14:07:45.488,11041,242,6,100,False,0,car,0 days 01:04:28.894000,0 days 02:00:05.502000
2024-05-19 14:07:45.808,11269,251,6,100,False,0,car,0 days 01:04:29.214000,0 days 02:00:05.822000
2024-05-19 14:07:46.088,11382,252,6,100,False,0,car,0 days 01:04:29.494000,0 days 02:00:06.102000
2024-05-19 14:07:46.288,11516,257,6,100,False,0,car,0 days 01:04:29.694000,0 days 02:00:06.302000
2024-05-19 14:07:46.568,11599,260,6,100,False,0,car,0 days 01:04:29.974000,0 days 02:00:06.582000
2024-05-19 14:07:46.808,10448,263,6,100,False,0,car,0 days 01:04:30.214000,0 days 02:00:06.822000
2024-05-19 14:07:47.008,10449,264,6,100,False,0,car,0 days 01:04:30.414000,0 days 02:00:07.022000
2024-05-19 14:07:47.208,10449,265,7,100,False,0,car,0 days 01:04:30.614000,0 days 02:00:07.222000
2024-05-19 14:07:47.409,10612,266,7,100,False,0,car,0 days 01:04:30.815000,0 days 02:00:07.423000
2024-05-19 14:07:47.569,10610,266,7,100,False,0,car,0 days 01:04:30.975000,0 days 02:00:07.583000
2024-05-19 14:07:47.769,10635,267,7,100,False,0,car,0 days 01:04:31.175000,0 days 02:00:07.783000
2024-05-19 14:07:48.049,10657,269,7,100,False,0,car,0 days 01:04:31.455000,0 days 02:00:08.063000
2024-05-19 14:07:48.489,10705,270,7,100,False,0,car,0 days 01:04:31.895000,0 days 02:00:08.503000
2024-05-19 14:07:48.649,10683,270,7,100,False,0,car,0 days 01:04:32.055000,0 days 02:00:08.663000
2024-05-19 14:07:48.929,10719,271,7,100,False,0,car,0 days 01:04:32.335000,0 days 02:00:08.943000
2024-05-19 14:07:49.249,10352,267,7,0,False,0,car,0 days 01:04:32.655000,0 days 02:00:09.263000
2024-05-19 14:07:49.489,9918,251,7,0,True,0,car,0 days 01:04:32.895000,0 days 02:00:09.503000
2024-05-19 14:07:49.649,10135,232,7,0,True,0,car,0 days 01:04:33.055000,0 days 02:00:09.663000
2024-05-19 14:07:49.929,10425,210,6,0,True,0,car,0 days 01:04:33.335000,0 days 02:00:09.943000
2024-05-19 14:07:50.248,10176,202,5,5,True,0,car,0 days 01:04:33.654000,0 days 02:00:10.262000
2024-05-19 14:07:50.688,10181,193,5,63,False,0,car,0 days 01:04:34.094000,0 days 02:00:10.702000
2024-05-19 14:07:51.088,10547,197,5,98,False,0,car,0 days 01:04:34.494000,0 days 02:00:11.102000
2024-05-19 14:07:51.248,10715,202,5,100,False,0,car,0 days 01:04:34.654000,0 days 02:00:11.262000
2024-05-19 14:07:51.608,11041,211,5,100,False,0,car,0 days 01:04:35.014000,0 days 02:00:11.622000
2024-05-19 14:07:51.968,11570,221,5,100,False,0,car,0 days 01:04:35.374000,0 days 02:00:11.982000
2024-05-19 14:07:52.208,10450,227,5,100,False,0,car,0 days 01:04:35.614000,0 days 02:00:12.222000
2024-05-19 14:07:52.528,10678,234,6,100,False,0,car,0 days 01:04:35.934000,0 days 02:00:12.542000
2024-05-19 14:07:52.688,10835,236,6,100,False,0,car,0 days 01:04:36.094000,0 days 02:00:12.702000
2024-05-19 14:07:53.008,11040,244,6,100,False,0,car,0 days 01:04:36.414000,0 days 02:00:13.022000
2024-05-19 14:07:53.328,11245,250,6,100,False,0,car,0 days 01:04:36.734000,0 days 02:00:13.342000
2024-05-19 14:07:53.648,11567,255,6,100,False,0,car,0 days 01:04:37.054000,0 days 02:00:13.662000
2024-05-19 14:07:53.928,11627,259,6,100,False,0,car,0 days 01:04:37.334000,0 days 02:00:13.942000
2024-05-19 14:07:54.249,10341,262,6,100,False,0,car,0 days 01:04:37.655000,0 days 02:00:14.263000
2024-05-19 14:07:54.409,10561,264,7,100,False,0,car,0 days 01:04:37.815000,0 days 02:00:14.423000
2024-05-19 14:07:54.849,10692,269,7,100,False,0,car,0 days 01:04:38.255000,0 days 02:00:14.863000
2024-05-19 14:07:55.089,10690,270,7,100,False,0,car,0 days 01:04:38.495000,0 days 02:00:15.103000
2024-05-19 14:07:55.449,10796,272,7,100,False,0,car,0 days 01:04:38.855000,0 days 02:00:15.463000
2024-05-19 14:07:55.769,10841,273,7,100,False,0,car,0 days 01:04:39.175000,0 days 02:00:15.783000
2024-05-19 14:07:56.009,10812,272,7,100,False,0,car,0 days 01:04:39.415000,0 days 02:00:16.023000
2024-05-19 14:07:56.169,10636,273,7,3,False,0,car,0 days 01:04:39.575000,0 days 02:00:16.183000
2024-05-19 14:07:56.409,10251,268,7,0,False,0,car,0 days 01:04:39.815000,0 days 02:00:16.423000
2024-05-19 14:07:56.649,10367,263,7,0,True,0,car,0 days 01:04:40.055000,0 days 02:00:16.663000
2024-05-19 14:07:56.888,9596,255,7,0,True,0,car,0 days 01:04:40.294000,0 days 02:00:16.902000
2024-05-19 14:07:57.088,10263,227,7,0,True,0,car,0 days 01:04:40.494000,0 days 02:00:17.102000
2024-05-19 14:07:57.248,10273,206,7,0,True,0,car,0 days 01:04:40.654000,0 days 02:00:17.262000
2024-05-19 14:07:57.408,10122,188,6,0,True,0,car,0 days 01:04:40.814000,0 days 02:00:17.422000
2024-05-19 14:07:57.728,9756,169,4,0,True,0,car,0 days 01:04:41.134000,0 days 02:00:17.742000
2024-05-19 14:07:57.968,8776,153,4,0,True,0,car,0 days 01:04:41.374000,0 days 02:00:17.982000
2024-05-19 14:07:58.168,8632,143,4,0,True,0,car,0 days 01:04:41.574000,0 days 02:00:18.182000
2024-05-19 14:07:58.448,7932,131,4,0,True,0,car,0 days 01:04:41.854000,0 days 02:00:18.462000
2024-05-19 14:07:58.688,7315,127,4,1,True,0,car,0 days 01:04:42.094000,0 days 02:00:18.702000
2024-05-19 14:07:58.928,7351,119,4,12,False,0,car,0 days 01:04:42.334000,0 days 02:00:18.942000
2024-05-19 14:07:59.128,7351,119,4,12,False,0,car,0 days 01:04:42.534000,0 days 02:00:19.142000
2024-05-19 14:07:59.328,7773,122,4,50,False,0,car,0 days 01:04:42.734000,0 days 02:00:19.342000
2024-05-19 14:07:59.528,7960,126,4,65,False,0,car,0 days 01:04:42.934000,0 days 02:00:19.542000
2024-05-19 14:07:59.968,9001,138,4,100,False,0,car,0 days 01:04:43.374000,0 days 02:00:19.982000
2024-05-19 14:08:00.128,9035,147,4,100,False,0,car,0 days 01:04:43.534000,0 days 02:00:20.142000
2024-05-19 14:08:00.328,9800,154,4,100,False,0,car,0 days 01:04:43.734000,0 days 02:00:20.342000
2024-05-19 14:08:00.488,10339,154,4,100,False,0,car,0 days 01:04:43.894000,0 days 02:00:20.502000
2024-05-19 14:08:00.649,11331,166,4,100,False,0,car,0 days 01:04:44.055000,0 days 02:00:20.663000
2024-05-19 14:08:00.969,11068,173,4,100,False,0,car,0 days 01:04:44.375000,0 days 02:00:20.983000
2024-05-19 14:08:01.209,11395,189,4,100,False,0,car,0 days 01:04:44.615000,0 days 02:00:21.223000
2024-05-19 14:08:01.569,9899,195,5,100,False,0,car,0 days 01:04:44.975000,0 days 02:00:21.583000
2024-05-19 14:08:01.809,10775,208,5,100,False,0,car,0 days 01:04:45.215000,0 days 02:00:21.823000
2024-05-19 14:08:01.969,11038,210,5,100,False,0,car,0 days 01:04:45.375000,0 days 02:00:21.983000
2024-05-19 14:08:02.169,11428,216,5,100,False,0,car,0 days 01:04:45.575000,0 days 02:00:22.183000
2024-05-19 14:08:02.449,11589,224,5,100,False,0,car,0 days 01:04:45.855000,0 days 02:00:22.463000
2024-05-19 14:08:02.649,11805,229,5,100,False,0,car,0 days 01:04:46.055000,0 days 02:00:22.663000
2024-05-19 14:08:02.849,10478,233,5,100,False,0,car,0 days 01:04:46.255000,0 days 02:00:22.863000
2024-05-19 14:08:03.089,10666,235,6,100,False,0,car,0 days 01:04:46.495000,0 days 02:00:23.103000
2024-05-19 14:08:03.488,11110,245,6,100,False,0,car,0 days 01:04:46.894000,0 days 02:00:23.502000
2024-05-19 14:08:03.728,11206,250,6,100,False,0,car,0 days 01:04:47.134000,0 days 02:00:23.742000
2024-05-19 14:08:03.888,11073,252,6,100,False,0,car,0 days 01:04:47.294000,0 days 02:00:23.902000
2024-05-19 14:08:04.088,11391,254,6,100,False,0,car,0 days 01:04:47.494000,0 days 02:00:24.102000
2024-05-19 14:08:04.448,11538,257,6,100,False,0,car,0 days 01:04:47.854000,0 days 02:00:24.462000
2024-05-19 14:08:04.728,11428,258,6,100,False,0,car,0 days 01:04:48.134000,0 days 02:00:24.742000
2024-05-19 14:08:04.888,11428,258,6,100,False,0,car,0 days 01:04:48.294000,0 days 02:00:24.902000
2024-05-19 14:08:05.208,11501,259,6,100,False,0,car,0 days 01:04:48.614000,0 days 02:00:25.222000
2024-05-19 14:08:05.488,11517,260,6,100,False,0,car,0 days 01:04:48.894000,0 days 02:00:25.502000
2024-05-19 14:08:05.768,11162,260,6,12,True,0,car,0 days 01:04:49.174000,0 days 02:00:25.782000
2024-05-19 14:08:06.048,10192,235,6,0,True,0,car,0 days 01:04:49.454000,0 days 02:00:26.062000
2024-05-19 14:08:06.368,9832,202,6,0,True,0,car,0 days 01:04:49.774000,0 days 02:00:26.382000
2024-05-19 14:08:06.568,10132,180,5,0,True,0,car,0 days 01:04:49.974000,0 days 02:00:26.582000
2024-05-19 14:08:06.728,9572,164,5,0,True,0,car,0 days 01:04:50.134000,0 days 02:00:26.742000
2024-05-19 14:08:06.928,8794,152,4,0,True,0,car,0 days 01:04:50.334000,0 days 02:00:26.942000
2024-05-19 14:08:07.209,8200,135,4,0,True,0,car,0 days 01:04:50.615000,0 days 02:00:27.223000
2024-05-19 14:08:07.369,7497,130,4,0,True,0,car,0 days 01:04:50.775000,0 days 02:00:27.383000
2024-05-19 14:08:07.729,7036,120,4,0,True,0,car,0 days 01:04:51.135000,0 days 02:00:27.743000
2024-05-19 14:08:07.969,6685,117,4,0,False,0,car,0 days 01:04:51.375000,0 days 02:00:27.983000
2024-05-19 14:08:08.169,7538,111,4,0,False,0,car,0 days 01:04:51.575000,0 days 02:00:28.183000
2024-05-19 14:08:08.369,7541,103,4,0,True,0,car,0 days 01:04:51.775000,0 days 02:00:28.383000
2024-05-19 14:08:08.609,7226,102,3,0,True,0,car,0 days 01:04:52.015000,0 days 02:00:28.623000
2024-05-19 14:08:08.889,6879,101,3,0,False,0,car,0 days 01:04:52.295000,0 days 02:00:28.903000
2024-05-19 14:08:09.249,7423,95,3,32,False,0,car,0 days 01:04:52.655000,0 days 02:00:29.263000
2024-05-19 14:08:09.409,7571,99,3,32,False,0,car,0 days 01:04:52.815000,0 days 02:00:29.423000
2024-05-19 14:08:09.609,7762,102,3,38,False,0,car,0 days 01:04:53.015000,0 days 02:00:29.623000
2024-05-19 14:08:09.769,7996,104,3,56,False,0,car,0 days 01:04:53.175000,0 days 02:00:29.783000
2024-05-19 14:08:09.969,8610,109,3,70,False,0,car,0 days 01:04:53.375000,0 days 02:00:29.983000
2024-05-19 14:08:10.208,9211,120,3,77,False,0,car,0 days 01:04:53.614000,0 days 02:00:30.222000
2024-05-19 14:08:10.488,10064,129,3,93,False,0,car,0 days 01:04:53.894000,0 days 02:00:30.502000
2024-05-19 14:08:10.728,11012,144,3,100,False,0,car,0 days 01:04:54.134000,0 days 02:00:30.742000
2024-05-19 14:08:11.008,11209,159,3,100,False,0,car,0 days 01:04:54.414000,0 days 02:00:31.022000
2024-05-19 14:08:11.288,10639,163,3,100,False,0,car,0 days 01:04:54.694000,0 days 02:00:31.302000
2024-05-19 14:08:11.528,11122,181,4,100,False,0,car,0 days 01:04:54.934000,0 days 02:00:31.542000
2024-05-19 14:08:11.888,11542,192,4,100,False,0,car,0 days 01:04:55.294000,0 days 02:00:31.902000
2024-05-19 14:08:12.288,10816,205,5,100,False,0,car,0 days 01:04:55.694000,0 days 02:00:32.302000
2024-05-19 14:08:12.488,11078,212,5,100,False,0,car,0 days 01:04:55.894000,0 days 02:00:32.502000
2024-05-19 14:08:12.848,11228,223,5,100,False,0,car,0 days 01:04:56.254000,0 days 02:00:32.862000
2024-05-19 14:08:13.208,11584,233,5,100,False,0,car,0 days 01:04:56.614000,0 days 02:00:33.222000
2024-05-19 14:08:13.408,10809,238,5,100,False,0,car,0 days 01:04:56.814000,0 days 02:00:33.422000
2024-05-19 14:08:13.688,10982,242,6,100,False,0,car,0 days 01:04:57.094000,0 days 02:00:33.702000
2024-05-19 14:08:13.969,11199,248,6,100,False,0,car,0 days 01:04:57.375000,0 days 02:00:33.983000
2024-05-19 14:08:14.329,11410,256,6,100,False,0,car,0 days 01:04:57.735000,0 days 02:00:34.343000
2024-05-19 14:08:14.649,11625,260,6,100,False,0,car,0 days 01:04:58.055000,0 days 02:00:34.663000
2024-05-19 14:08:14.849,10925,263,6,100,False,0,car,0 days 01:04:58.255000,0 days 02:00:34.863000
2024-05-19 14:08:15.049,10587,266,7,100,False,0,car,0 days 01:04:58.455000,0 days 02:00:35.063000
2024-05-19 14:08:15.369,10741,270,7,100,False,0,car,0 days 01:04:58.775000,0 days 02:00:35.383000
2024-05-19 14:08:15.529,10866,273,7,100,False,0,car,0 days 01:04:58.935000,0 days 02:00:35.543000
2024-05-19 14:08:15.689,10974,274,7,100,False,0,car,0 days 01:04:59.095000,0 days 02:00:35.703000
2024-05-19 14:08:15.889,11050,276,7,100,False,0,car,0 days 01:04:59.295000,0 days 02:00:35.903000
2024-05-19 14:08:16.169,11136,280,7,100,False,0,car,0 days 01:04:59.575000,0 days 02:00:36.183000
2024-05-19 14:08:16.649,11271,285,7,100,False,0,car,0 days 01:05:00.055000,0 days 02:00:36.663000
2024-05-19 14:08:16.929,11345,287,7,100,False,0,car,0 days 01:05:00.335000,0 days 02:00:36.943000
2024-05-19 14:08:17.248,11408,289,7,100,False,0,car,0 days 01:05:00.654000,0 days 02:00:37.262000
2024-05-19 14:08:17.408,11551,293,7,100,False,0,car,0 days 01:05:00.814000,0 days 02:00:37.422000
2024-05-19 14:08:17.608,11552,293,7,100,False,0,car,0 days 01:05:01.014000,0 days 02:00:37.622000
2024-05-19 14:08:17.848,11672,294,7,100,False,0,car,0 days 01:05:01.254000,0 days 02:00:37.862000
2024-05-19 14:08:18.088,11675,296,7,100,False,0,car,0 days 01:05:01.494000,0 days 02:00:38.102000
2024-05-19 14:08:18.248,11724,296,7,100,False,0,car,0 days 01:05:01.654000,0 days 02:00:38.262000
2024-05-19 14:08:18.408,11780,296,7,100,False,0,car,0 days 01:05:01.814000,0 days 02:00:38.422000
2024-05-19 14:08:18.648,11542,295,7,54,False,0,car,0 days 01:05:02.054000,0 days 02:00:38.662000
2024-05-19 14:08:18.848,11192,291,7,0,False,0,car,0 days 01:05:02.254000,0 days 02:00:38.862000
2024-05-19 14:08:19.128,10232,263,7,0,True,0,car,0 days 01:05:02.534000,0 days 02:00:39.142000
2024-05-19 14:08:19.448,10003,228,7,0,True,0,car,0 days 01:05:02.854000,0 days 02:00:39.462000
2024-05-19 14:08:19.648,10272,204,7,0,True,0,car,0 days 01:05:03.054000,0 days 02:00:39.662000
2024-05-19 14:08:19.808,10675,184,7,0,True,0,car,0 days 01:05:03.214000,0 days 02:00:39.822000
2024-05-19 14:08:19.968,9944,175,6,0,True,0,car,0 days 01:05:03.374000,0 days 02:00:39.982000
2024-05-19 14:08:20.168,10318,159,4,0,True,0,car,0 days 01:05:03.574000,0 days 02:00:40.182000
2024-05-19 14:08:20.489,9461,139,3,0,True,0,car,0 days 01:05:03.895000,0 days 02:00:40.503000
2024-05-19 14:08:20.729,8990,127,3,0,True,0,car,0 days 01:05:04.135000,0 days 02:00:40.743000
2024-05-19 14:08:21.049,8422,121,3,0,True,0,car,0 days 01:05:04.455000,0 days 02:00:41.063000
2024-05-19 14:08:21.289,8139,117,3,0,False,0,car,0 days 01:05:04.695000,0 days 02:00:41.303000
2024-05-19 14:08:21.529,8213,114,3,31,False,0,car,0 days 01:05:04.935000,0 days 02:00:41.543000
2024-05-19 14:08:21.769,8668,114,3,46,False,0,car,0 days 01:05:05.175000,0 days 02:00:41.783000
2024-05-19 14:08:21.929,8603,117,3,42,False,0,car,0 days 01:05:05.335000,0 days 02:00:41.943000
2024-05-19 14:08:22.329,9191,124,3,53,False,0,car,0 days 01:05:05.735000,0 days 02:00:42.343000
2024-05-19 14:08:22.769,10420,136,3,100,False,0,car,0 days 01:05:06.175000,0 days 02:00:42.783000
2024-05-19 14:08:23.049,9555,150,3,100,False,0,car,0 days 01:05:06.455000,0 days 02:00:43.063000
2024-05-19 14:08:23.249,9853,157,4,100,False,0,car,0 days 01:05:06.655000,0 days 02:00:43.263000
2024-05-19 14:08:23.449,9625,163,4,3,False,0,car,0 days 01:05:06.855000,0 days 02:00:43.463000
2024-05-19 14:08:23.808,8706,149,4,0,True,0,car,0 days 01:05:07.214000,0 days 02:00:43.822000
2024-05-19 14:08:24.208,8287,141,4,0,True,0,car,0 days 01:05:07.614000,0 days 02:00:44.222000
2024-05-19 14:08:24.448,8075,138,4,0,False,0,car,0 days 01:05:07.854000,0 days 02:00:44.462000
2024-05-19 14:08:24.808,8136,131,4,51,False,0,car,0 days 01:05:08.214000,0 days 02:00:44.822000
2024-05-19 14:08:25.208,8592,138,4,57,False,0,car,0 days 01:05:08.614000,0 days 02:00:45.222000
2024-05-19 14:08:25.488,9088,141,4,68,False,0,car,0 days 01:05:08.894000,0 days 02:00:45.502000
2024-05-19 14:08:25.768,9629,149,4,81,False,0,car,0 days 01:05:09.174000,0 days 02:00:45.782000
2024-05-19 14:08:25.928,10033,154,4,96,False,0,car,0 days 01:05:09.334000,0 days 02:00:45.942000
2024-05-19 14:08:26.088,10332,159,4,100,False,0,car,0 days 01:05:09.494000,0 days 02:00:46.102000
2024-05-19 14:08:26.368,11148,172,4,100,False,0,car,0 days 01:05:09.774000,0 days 02:00:46.382000
2024-05-19 14:08:26.568,11409,180,4,100,False,0,car,0 days 01:05:09.974000,0 days 02:00:46.582000
2024-05-19 14:08:26.889,11520,192,4,100,False,0,car,0 days 01:05:10.295000,0 days 02:00:46.903000
2024-05-19 14:08:27.249,10622,205,5,100,False,0,car,0 days 01:05:10.655000,0 days 02:00:47.263000
2024-05-19 14:08:27.489,11046,208,5,100,False,0,car,0 days 01:05:10.895000,0 days 02:00:47.503000
2024-05-19 14:08:27.809,11472,223,5,100,False,0,car,0 days 01:05:11.215000,0 days 02:00:47.823000
2024-05-19 14:08:28.049,11670,225,5,100,False,0,car,0 days 01:05:11.455000,0 days 02:00:48.063000
2024-05-19 14:08:28.289,10677,232,5,100,False,0,car,0 days 01:05:11.695000,0 days 02:00:48.303000
2024-05-19 14:08:28.489,10773,237,6,100,False,0,car,0 days 01:05:11.895000,0 days 02:00:48.503000
2024-05-19 14:08:28.689,10983,241,6,100,False,0,car,0 days 01:05:12.095000,0 days 02:00:48.703000
2024-05-19 14:08:28.969,11210,248,6,100,False,0,car,0 days 01:05:12.375000,0 days 02:00:48.983000
2024-05-19 14:08:29.329,11405,255,6,100,False,0,car,0 days 01:05:12.735000,0 days 02:00:49.343000
2024-05-19 14:08:29.609,11551,260,6,100,False,0,car,0 days 01:05:13.015000,0 days 02:00:49.623000
2024-05-19 14:08:29.889,10532,263,7,100,False,0,car,0 days 01:05:13.295000,0 days 02:00:49.903000
2024-05-19 14:08:30.049,10563,266,7,100,False,0,car,0 days 01:05:13.455000,0 days 02:00:50.063000
2024-05-19 14:08:30.329,10810,270,7,100,False,0,car,0 days 01:05:13.735000,0 days 02:00:50.343000
2024-05-19 14:08:30.488,10889,271,7,100,False,0,car,0 days 01:05:13.894000,0 days 02:00:50.502000
2024-05-19 14:08:30.688,10957,273,7,100,False,0,car,0 days 01:05:14.094000,0 days 02:00:50.702000
2024-05-19 14:08:30.928,11018,276,7,100,False,0,car,0 days 01:05:14.334000,0 days 02:00:50.942000
2024-05-19 14:08:31.128,11077,279,7,100,False,0,car,0 days 01:05:14.534000,0 days 02:00:51.142000
2024-05-19 14:08:31.288,11204,280,7,100,False,0,car,0 days 01:05:14.694000,0 days 02:00:51.302000
2024-05-19 14:08:31.528,11229,284,7,100,False,0,car,0 days 01:05:14.934000,0 days 02:00:51.542000
2024-05-19 14:08:31.968,11436,288,7,100,False,0,car,0 days 01:05:15.374000,0 days 02:00:51.982000
2024-05-19 14:08:32.208,11498,291,7,100,False,0,car,0 days 01:05:15.614000,0 days 02:00:52.222000
2024-05-19 14:08:32.528,11304,294,7,100,False,0,car,0 days 01:05:15.934000,0 days 02:00:52.542000
2024-05-19 14:08:32.888,10566,296,8,100,False,0,car,0 days 01:05:16.294000,0 days 02:00:52.902000
2024-05-19 14:08:33.088,10641,297,8,100,False,0,car,0 days 01:05:16.494000,0 days 02:00:53.102000
2024-05-19 14:08:33.368,10714,299,8,100,False,0,car,0 days 01:05:16.774000,0 days 02:00:53.382000
2024-05-19 14:08:33.569,10755,301,8,100,False,0,car,0 days 01:05:16.975000,0 days 02:00:53.583000
2024-05-19 14:08:33.929,10804,303,8,100,False,0,car,0 days 01:05:17.335000,0 days 02:00:53.943000
2024-05-19 14:08:34.169,10878,305,8,100,False,0,car,0 days 01:05:17.575000,0 days 02:00:54.183000
2024-05-19 14:08:34.329,10880,306,8,100,False,0,car,0 days 01:05:17.735000,0 days 02:00:54.343000
2024-05-19 14:08:34.489,10921,306,8,100,False,0,car,0 days 01:05:17.895000,0 days 02:00:54.503000
2024-05-19 14:08:34.809,10995,308,8,100,False,0,car,0 days 01:05:18.215000,0 days 02:00:54.823000
2024-05-19 14:08:34.969,10959,308,8,100,False,0,car,0 days 01:05:18.375000,0 days 02:00:54.983000
2024-05-19 14:08:35.209,10951,310,8,100,False,0,car,0 days 01:05:18.615000,0 days 02:00:55.223000
2024-05-19 14:08:35.489,11068,310,8,100,False,0,car,0 days 01:05:18.895000,0 days 02:00:55.503000
2024-05-19 14:08:35.809,11063,310,8,100,False,0,car,0 days 01:05:19.215000,0 days 02:00:55.823000
2024-05-19 14:08:36.129,11046,312,8,100,False,0,car,0 days 01:05:19.535000,0 days 02:00:56.143000
2024-05-19 14:08:36.409,11046,312,8,100,False,0,car,0 days 01:05:19.815000,0 days 02:00:56.423000
2024-05-19 14:08:36.609,11089,312,8,100,False,0,car,0 days 01:05:20.015000,0 days 02:00:56.623000
2024-05-19 14:08:36.769,11089,312,8,100,False,0,car,0 days 01:05:20.175000,0 days 02:00:56.783000
2024-05-19 14:08:37.049,11089,312,8,100,False,0,car,0 days 01:05:20.455000,0 days 02:00:57.063000
2024-05-19 14:08:37.368,11178,315,8,100,False,0,car,0 days 01:05:20.774000,0 days 02:00:57.382000
2024-05-19 14:08:37.728,11119,315,8,100,False,0,car,0 days 01:05:21.134000,0 days 02:00:57.742000
2024-05-19 14:08:37.888,11205,315,8,100,False,0,car,0 days 01:05:21.294000,0 days 02:00:57.902000
2024-05-19 14:08:38.048,11205,315,8,100,False,0,car,0 days 01:05:21.454000,0 days 02:00:58.062000
2024-05-19 14:08:38.208,11150,316,8,100,False,0,car,0 days 01:05:21.614000,0 days 02:00:58.222000
2024-05-19 14:08:38.488,11221,316,8,100,False,0,car,0 days 01:05:21.894000,0 days 02:00:58.502000
2024-05-19 14:08:38.808,11175,317,8,100,False,0,car,0 days 01:05:22.214000,0 days 02:00:58.822000
2024-05-19 14:08:39.168,11253,317,8,100,False,0,car,0 days 01:05:22.574000,0 days 02:00:59.182000
2024-05-19 14:08:39.328,11201,318,8,100,False,0,car,0 days 01:05:22.734000,0 days 02:00:59.342000
2024-05-19 14:08:39.688,11261,318,8,100,False,0,car,0 days 01:05:23.094000,0 days 02:00:59.702000
2024-05-19 14:08:39.968,11278,317,8,100,False,0,car,0 days 01:05:23.374000,0 days 02:00:59.982000
2024-05-19 14:08:40.329,11228,318,8,100,False,0,car,0 days 01:05:23.735000,0 days 02:01:00.343000
2024-05-19 14:08:40.569,11048,317,8,0,False,0,car,0 days 01:05:23.975000,0 days 02:01:00.583000
2024-05-19 14:08:40.849,10570,303,8,0,True,0,car,0 days 01:05:24.255000,0 days 02:01:00.863000
2024-05-19 14:08:41.049,9778,281,8,0,True,0,car,0 days 01:05:24.455000,0 days 02:01:01.063000
2024-05-19 14:08:41.289,9878,257,8,0,True,0,car,0 days 01:05:24.695000,0 days 02:01:01.303000
2024-05-19 14:08:41.489,10226,233,8,0,True,0,car,0 days 01:05:24.895000,0 days 02:01:01.503000
2024-05-19 14:08:41.809,9888,196,7,0,True,0,car,0 days 01:05:25.215000,0 days 02:01:01.823000
2024-05-19 14:08:42.129,10156,174,4,0,True,0,car,0 days 01:05:25.535000,0 days 02:01:02.143000
2024-05-19 14:08:42.409,9321,159,4,0,True,0,car,0 days 01:05:25.815000,0 days 02:01:02.423000
2024-05-19 14:08:42.649,9019,154,4,1,True,0,car,0 days 01:05:26.055000,0 days 02:01:02.663000
2024-05-19 14:08:42.889,9013,154,4,25,False,0,car,0 days 01:05:26.295000,0 days 02:01:02.903000
2024-05-19 14:08:43.169,9201,148,4,58,False,0,car,0 days 01:05:26.575000,0 days 02:01:03.183000
2024-05-19 14:08:43.449,9455,153,4,71,False,0,car,0 days 01:05:26.855000,0 days 02:01:03.463000
2024-05-19 14:08:43.649,9965,155,4,94,False,0,car,0 days 01:05:27.055000,0 days 02:01:03.663000
2024-05-19 14:08:43.888,9253,162,4,87,False,0,car,0 days 01:05:27.294000,0 days 02:01:03.902000
2024-05-19 14:08:44.328,8879,172,5,55,False,0,car,0 days 01:05:27.734000,0 days 02:01:04.342000
2024-05-19 14:08:44.648,9575,171,5,71,False,0,car,0 days 01:05:28.054000,0 days 02:01:04.662000
2024-05-19 14:08:44.928,9104,179,5,69,False,0,car,0 days 01:05:28.334000,0 days 02:01:04.942000
2024-05-19 14:08:45.168,9830,182,5,100,False,0,car,0 days 01:05:28.574000,0 days 02:01:05.182000
2024-05-19 14:08:45.368,10085,189,5,100,False,0,car,0 days 01:05:28.774000,0 days 02:01:05.382000
2024-05-19 14:08:45.608,10415,198,5,100,False,0,car,0 days 01:05:29.014000,0 days 02:01:05.622000
2024-05-19 14:08:45.968,10877,209,5,100,False,0,car,0 days 01:05:29.374000,0 days 02:01:05.982000
2024-05-19 14:08:46.288,11378,216,5,100,False,0,car,0 days 01:05:29.694000,0 days 02:01:06.302000
2024-05-19 14:08:46.568,11593,221,5,100,False,0,car,0 days 01:05:29.974000,0 days 02:01:06.582000
2024-05-19 14:08:46.849,10474,229,5,100,False,0,car,0 days 01:05:30.255000,0 days 02:01:06.863000
2024-05-19 14:08:47.169,10796,234,6,100,False,0,car,0 days 01:05:30.575000,0 days 02:01:07.183000
2024-05-19 14:08:47.329,10796,238,6,100,False,0,car,0 days 01:05:30.735000,0 days 02:01:07.343000
2024-05-19 14:08:47.609,10986,244,6,100,False,0,car,0 days 01:05:31.015000,0 days 02:01:07.623000
2024-05-19 14:08:48.009,11323,251,6,100,False,0,car,0 days 01:05:31.415000,0 days 02:01:08.023000
2024-05-19 14:08:48.169,11436,253,6,100,False,0,car,0 days 01:05:31.575000,0 days 02:01:08.183000
2024-05-19 14:08:48.369,11575,257,6,100,False,0,car,0 days 01:05:31.775000,0 days 02:01:08.383000
2024-05-19 14:08:48.649,11561,261,6,100,False,0,car,0 days 01:05:32.055000,0 days 02:01:08.663000
2024-05-19 14:08:49.049,10649,267,7,100,False,0,car,0 days 01:05:32.455000,0 days 02:01:09.063000
2024-05-19 14:08:49.289,10705,270,7,100,False,0,car,0 days 01:05:32.695000,0 days 02:01:09.303000
2024-05-19 14:08:49.529,10802,274,7,100,False,0,car,0 days 01:05:32.935000,0 days 02:01:09.543000
2024-05-19 14:08:49.689,10980,274,7,100,False,0,car,0 days 01:05:33.095000,0 days 02:01:09.703000
2024-05-19 14:08:50.089,11074,279,7,100,False,0,car,0 days 01:05:33.495000,0 days 02:01:10.103000
2024-05-19 14:08:50.529,11173,283,7,100,False,0,car,0 days 01:05:33.935000,0 days 02:01:10.543000
2024-05-19 14:08:50.768,11234,283,7,100,False,0,car,0 days 01:05:34.174000,0 days 02:01:10.782000
2024-05-19 14:08:50.968,11127,283,7,100,False,0,car,0 days 01:05:34.374000,0 days 02:01:10.982000
2024-05-19 14:08:51.288,11103,283,7,100,False,0,car,0 days 01:05:34.694000,0 days 02:01:11.302000
2024-05-19 14:08:51.768,10898,282,7,0,True,0,car,0 days 01:05:35.174000,0 days 02:01:11.782000
2024-05-19 14:08:52.088,9999,268,7,0,True,0,car,0 days 01:05:35.494000,0 days 02:01:12.102000
2024-05-19 14:08:52.248,10559,252,7,0,True,0,car,0 days 01:05:35.654000,0 days 02:01:12.262000
2024-05-19 14:08:52.488,10189,245,6,0,True,0,car,0 days 01:05:35.894000,0 days 02:01:12.502000
2024-05-19 14:08:52.768,9658,226,6,1,True,0,car,0 days 01:05:36.174000,0 days 02:01:12.782000
2024-05-19 14:08:52.928,9441,218,6,1,True,0,car,0 days 01:05:36.334000,0 days 02:01:12.942000
2024-05-19 14:08:53.168,10096,213,6,0,True,0,car,0 days 01:05:36.574000,0 days 02:01:13.182000
2024-05-19 14:08:53.329,9536,192,6,0,True,0,car,0 days 01:05:36.735000,0 days 02:01:13.343000
2024-05-19 14:08:53.609,8637,175,5,0,True,0,car,0 days 01:05:37.015000,0 days 02:01:13.623000
2024-05-19 14:08:53.809,8473,169,5,1,True,0,car,0 days 01:05:37.215000,0 days 02:01:13.823000
2024-05-19 14:08:54.009,8150,166,5,0,True,0,car,0 days 01:05:37.415000,0 days 02:01:14.023000
2024-05-19 14:08:54.169,8175,163,5,0,False,0,car,0 days 01:05:37.575000,0 days 02:01:14.183000
2024-05-19 14:08:54.449,7987,157,5,4,False,0,car,0 days 01:05:37.855000,0 days 02:01:14.463000
2024-05-19 14:08:54.689,8211,155,5,50,False,0,car,0 days 01:05:38.095000,0 days 02:01:14.703000
2024-05-19 14:08:54.889,8642,158,5,80,False,0,car,0 days 01:05:38.295000,0 days 02:01:14.903000
2024-05-19 14:08:55.089,8884,163,5,89,False,0,car,0 days 01:05:38.495000,0 days 02:01:15.103000
2024-05-19 14:08:55.289,8884,166,5,89,False,0,car,0 days 01:05:38.695000,0 days 02:01:15.303000
2024-05-19 14:08:55.569,9509,178,5,100,False,0,car,0 days 01:05:38.975000,0 days 02:01:15.583000
2024-05-19 14:08:55.809,9904,187,5,100,False,0,car,0 days 01:05:39.215000,0 days 02:01:15.823000
2024-05-19 14:08:55.969,10101,189,5,100,False,0,car,0 days 01:05:39.375000,0 days 02:01:15.983000
2024-05-19 14:08:56.169,10311,196,5,100,False,0,car,0 days 01:05:39.575000,0 days 02:01:16.183000
2024-05-19 14:08:56.329,10516,203,5,100,False,0,car,0 days 01:05:39.735000,0 days 02:01:16.343000
2024-05-19 14:08:56.569,10849,203,5,100,False,0,car,0 days 01:05:39.975000,0 days 02:01:16.583000
2024-05-19 14:08:56.849,10738,214,5,100,False,0,car,0 days 01:05:40.255000,0 days 02:01:16.863000
2024-05-19 14:08:57.129,11093,218,5,100,False,0,car,0 days 01:05:40.535000,0 days 02:01:17.143000
2024-05-19 14:08:57.448,11302,222,5,100,False,0,car,0 days 01:05:40.854000,0 days 02:01:17.462000
2024-05-19 14:08:57.768,11211,225,5,27,False,0,car,0 days 01:05:41.174000,0 days 02:01:17.782000
2024-05-19 14:08:58.128,10711,206,5,0,True,0,car,0 days 01:05:41.534000,0 days 02:01:18.142000
2024-05-19 14:08:58.528,10249,168,5,0,True,0,car,0 days 01:05:41.934000,0 days 02:01:18.542000
2024-05-19 14:08:58.968,9796,141,3,0,True,0,car,0 days 01:05:42.374000,0 days 02:01:18.982000
2024-05-19 14:08:59.248,8749,127,3,0,True,0,car,0 days 01:05:42.654000,0 days 02:01:19.262000
2024-05-19 14:08:59.408,8177,118,3,0,True,0,car,0 days 01:05:42.814000,0 days 02:01:19.422000
2024-05-19 14:08:59.608,7750,112,3,0,True,0,car,0 days 01:05:43.014000,0 days 02:01:19.622000
2024-05-19 14:08:59.849,7491,108,3,0,True,0,car,0 days 01:05:43.255000,0 days 02:01:19.863000
2024-05-19 14:09:00.169,7046,102,3,0,False,0,car,0 days 01:05:43.575000,0 days 02:01:20.183000
2024-05-19 14:09:00.369,6742,98,3,0,False,0,car,0 days 01:05:43.775000,0 days 02:01:20.383000
2024-05-19 14:09:00.769,6969,91,3,22,False,0,car,0 days 01:05:44.175000,0 days 02:01:20.783000
2024-05-19 14:09:00.929,6931,92,3,22,False,0,car,0 days 01:05:44.335000,0 days 02:01:20.943000
2024-05-19 14:09:01.209,7079,94,3,29,False,0,car,0 days 01:05:44.615000,0 days 02:01:21.223000
2024-05-19 14:09:01.369,7292,95,3,35,False,0,car,0 days 01:05:44.775000,0 days 02:01:21.383000
2024-05-19 14:09:01.529,7391,98,3,38,False,0,car,0 days 01:05:44.935000,0 days 02:01:21.543000
2024-05-19 14:09:01.809,7786,104,3,50,False,0,car,0 days 01:05:45.215000,0 days 02:01:21.823000
2024-05-19 14:09:02.249,8732,114,3,64,False,0,car,0 days 01:05:45.655000,0 days 02:01:22.263000
2024-05-19 14:09:02.529,9601,125,3,83,False,0,car,0 days 01:05:45.935000,0 days 02:01:22.543000
2024-05-19 14:09:02.729,10075,133,3,93,False,0,car,0 days 01:05:46.135000,0 days 02:01:22.743000
2024-05-19 14:09:02.929,10635,138,3,100,False,0,car,0 days 01:05:46.335000,0 days 02:01:22.943000
2024-05-19 14:09:03.169,11788,138,3,100,False,0,car,0 days 01:05:46.575000,0 days 02:01:23.183000
2024-05-19 14:09:03.369,10948,163,3,100,False,0,car,0 days 01:05:46.775000,0 days 02:01:23.383000
2024-05-19 14:09:03.649,10860,175,4,100,False,0,car,0 days 01:05:47.055000,0 days 02:01:23.663000
2024-05-19 14:09:03.889,11414,183,4,100,False,0,car,0 days 01:05:47.295000,0 days 02:01:23.903000
2024-05-19 14:09:04.248,11930,194,4,100,False,0,car,0 days 01:05:47.654000,0 days 02:01:24.262000
2024-05-19 14:09:04.728,10897,212,5,100,False,0,car,0 days 01:05:48.134000,0 days 02:01:24.742000
2024-05-19 14:09:05.008,11174,220,5,100,False,0,car,0 days 01:05:48.414000,0 days 02:01:25.022000
2024-05-19 14:09:05.168,11489,223,5,100,False,0,car,0 days 01:05:48.574000,0 days 02:01:25.182000
2024-05-19 14:09:05.368,11569,228,5,100,False,0,car,0 days 01:05:48.774000,0 days 02:01:25.382000
2024-05-19 14:09:05.688,10657,234,6,100,False,0,car,0 days 01:05:49.094000,0 days 02:01:25.702000
2024-05-19 14:09:05.848,10791,238,6,100,False,0,car,0 days 01:05:49.254000,0 days 02:01:25.862000
2024-05-19 14:09:06.208,11065,246,6,100,False,0,car,0 days 01:05:49.614000,0 days 02:01:26.222000
2024-05-19 14:09:06.489,11262,250,6,100,False,0,car,0 days 01:05:49.895000,0 days 02:01:26.503000
2024-05-19 14:09:06.849,11469,256,6,100,False,0,car,0 days 01:05:50.255000,0 days 02:01:26.863000
2024-05-19 14:09:07.049,11551,259,6,100,False,0,car,0 days 01:05:50.455000,0 days 02:01:27.063000
2024-05-19 14:09:07.209,11626,261,6,100,False,0,car,0 days 01:05:50.615000,0 days 02:01:27.223000
2024-05-19 14:09:07.529,10372,263,7,100,False,0,car,0 days 01:05:50.935000,0 days 02:01:27.543000
2024-05-19 14:09:07.889,10507,265,7,100,False,0,car,0 days 01:05:51.295000,0 days 02:01:27.903000
2024-05-19 14:09:08.169,10584,266,7,100,False,0,car,0 days 01:05:51.575000,0 days 02:01:28.183000
2024-05-19 14:09:08.489,10615,268,7,100,False,0,car,0 days 01:05:51.895000,0 days 02:01:28.503000
2024-05-19 14:09:08.769,10572,269,7,100,False,0,car,0 days 01:05:52.175000,0 days 02:01:28.783000
2024-05-19 14:09:08.929,10709,269,7,100,False,0,car,0 days 01:05:52.335000,0 days 02:01:28.943000
2024-05-19 14:09:09.369,10680,269,7,100,False,0,car,0 days 01:05:52.775000,0 days 02:01:29.383000
2024-05-19 14:09:09.609,10720,270,7,100,False,0,car,0 days 01:05:53.015000,0 days 02:01:29.623000
2024-05-19 14:09:09.969,10447,266,7,0,True,0,car,0 days 01:05:53.375000,0 days 02:01:29.983000
2024-05-19 14:09:10.289,10178,242,7,0,True,0,car,0 days 01:05:53.695000,0 days 02:01:30.303000
2024-05-19 14:09:10.489,10003,224,6,0,True,0,car,0 days 01:05:53.895000,0 days 02:01:30.503000
2024-05-19 14:09:10.848,10265,204,5,0,True,0,car,0 days 01:05:54.254000,0 days 02:01:30.862000
2024-05-19 14:09:11.168,9696,196,5,10,False,0,car,0 days 01:05:54.574000,0 days 02:01:31.182000
2024-05-19 14:09:11.488,9956,190,5,63,False,0,car,0 days 01:05:54.894000,0 days 02:01:31.502000
2024-05-19 14:09:11.648,9920,190,5,72,False,0,car,0 days 01:05:55.054000,0 days 02:01:31.662000
2024-05-19 14:09:11.968,10359,194,5,100,False,0,car,0 days 01:05:55.374000,0 days 02:01:31.982000
2024-05-19 14:09:12.208,10734,203,5,100,False,0,car,0 days 01:05:55.614000,0 days 02:01:32.222000
2024-05-19 14:09:12.448,10877,206,5,100,False,0,car,0 days 01:05:55.854000,0 days 02:01:32.462000
2024-05-19 14:09:12.728,11324,218,5,100,False,0,car,0 days 01:05:56.134000,0 days 02:01:32.742000
2024-05-19 14:09:13.009,11569,222,5,100,False,0,car,0 days 01:05:56.415000,0 days 02:01:33.023000
2024-05-19 14:09:13.329,11438,231,5,100,False,0,car,0 days 01:05:56.735000,0 days 02:01:33.343000
2024-05-19 14:09:13.529,10698,234,6,100,False,0,car,0 days 01:05:56.935000,0 days 02:01:33.543000
2024-05-19 14:09:13.769,10903,240,6,100,False,0,car,0 days 01:05:57.175000,0 days 02:01:33.783000
2024-05-19 14:09:13.969,11043,242,6,100,False,0,car,0 days 01:05:57.375000,0 days 02:01:33.983000
2024-05-19 14:09:14.369,11279,252,6,100,False,0,car,0 days 01:05:57.775000,0 days 02:01:34.383000
2024-05-19 14:09:14.809,11546,259,6,100,False,0,car,0 days 01:05:58.215000,0 days 02:01:34.823000
2024-05-19 14:09:14.969,11675,260,6,100,False,0,car,0 days 01:05:58.375000,0 days 02:01:34.983000
2024-05-19 14:09:15.169,11474,262,6,100,False,0,car,0 days 01:05:58.575000,0 days 02:01:35.183000
2024-05-19 14:09:15.329,10433,264,6,100,False,0,car,0 days 01:05:58.735000,0 days 02:01:35.343000
2024-05-19 14:09:15.489,10565,264,7,100,False,0,car,0 days 01:05:58.895000,0 days 02:01:35.503000
2024-05-19 14:09:15.729,10633,268,7,100,False,0,car,0 days 01:05:59.135000,0 days 02:01:35.743000
2024-05-19 14:09:16.169,10735,270,7,100,False,0,car,0 days 01:05:59.575000,0 days 02:01:36.183000
2024-05-19 14:09:16.449,10781,271,7,100,False,0,car,0 days 01:05:59.855000,0 days 02:01:36.463000
2024-05-19 14:09:16.729,10780,272,7,100,False,0,car,0 days 01:06:00.135000,0 days 02:01:36.743000
2024-05-19 14:09:16.929,10707,272,7,98,False,0,car,0 days 01:06:00.335000,0 days 02:01:36.943000
2024-05-19 14:09:17.249,10229,268,7,0,False,0,car,0 days 01:06:00.655000,0 days 02:01:37.263000
2024-05-19 14:09:17.449,9981,261,7,0,True,0,car,0 days 01:06:00.855000,0 days 02:01:37.463000
2024-05-19 14:09:17.888,10361,224,7,0,True,0,car,0 days 01:06:01.294000,0 days 02:01:37.902000
2024-05-19 14:09:18.048,10081,206,7,0,True,0,car,0 days 01:06:01.454000,0 days 02:01:38.062000
2024-05-19 14:09:18.208,9700,187,5,0,True,0,car,0 days 01:06:01.614000,0 days 02:01:38.222000
2024-05-19 14:09:18.488,9629,169,4,0,True,0,car,0 days 01:06:01.894000,0 days 02:01:38.502000
2024-05-19 14:09:18.688,8882,156,4,0,True,0,car,0 days 01:06:02.094000,0 days 02:01:38.702000
2024-05-19 14:09:19.008,8079,142,4,0,True,0,car,0 days 01:06:02.414000,0 days 02:01:39.022000
2024-05-19 14:09:19.248,7872,135,4,0,True,0,car,0 days 01:06:02.654000,0 days 02:01:39.262000
2024-05-19 14:09:19.488,7494,131,4,0,False,0,car,0 days 01:06:02.894000,0 days 02:01:39.502000
2024-05-19 14:09:19.649,7755,130,4,0,False,0,car,0 days 01:06:03.055000,0 days 02:01:39.663000
2024-05-19 14:09:20.049,7653,123,4,42,False,0,car,0 days 01:06:03.455000,0 days 02:01:40.063000
2024-05-19 14:09:20.369,8212,129,4,68,False,0,car,0 days 01:06:03.775000,0 days 02:01:40.383000
2024-05-19 14:09:20.609,8922,139,4,96,False,0,car,0 days 01:06:04.015000,0 days 02:01:40.623000
2024-05-19 14:09:20.969,9853,151,4,100,False,0,car,0 days 01:06:04.375000,0 days 02:01:40.983000
2024-05-19 14:09:21.409,10526,169,4,100,False,0,car,0 days 01:06:04.815000,0 days 02:01:41.423000
2024-05-19 14:09:21.569,10580,169,4,100,False,0,car,0 days 01:06:04.975000,0 days 02:01:41.583000
2024-05-19 14:09:22.009,11619,191,4,100,False,0,car,0 days 01:06:05.415000,0 days 02:01:42.023000
2024-05-19 14:09:22.409,10536,201,4,100,False,0,car,0 days 01:06:05.815000,0 days 02:01:42.423000
2024-05-19 14:09:22.729,11042,213,5,100,False,0,car,0 days 01:06:06.135000,0 days 02:01:42.743000
2024-05-19 14:09:22.889,11209,216,5,100,False,0,car,0 days 01:06:06.295000,0 days 02:01:42.903000
2024-05-19 14:09:23.249,11682,226,5,100,False,0,car,0 days 01:06:06.655000,0 days 02:01:43.263000
2024-05-19 14:09:23.689,10648,234,6,100,False,0,car,0 days 01:06:07.095000,0 days 02:01:43.703000
2024-05-19 14:09:23.969,10936,241,6,100,False,0,car,0 days 01:06:07.375000,0 days 02:01:43.983000
2024-05-19 14:09:24.288,11049,246,6,100,False,0,car,0 days 01:06:07.694000,0 days 02:01:44.302000
2024-05-19 14:09:24.608,11049,250,6,100,False,0,car,0 days 01:06:08.014000,0 days 02:01:44.622000
2024-05-19 14:09:24.968,11297,253,6,100,False,0,car,0 days 01:06:08.374000,0 days 02:01:44.982000
2024-05-19 14:09:25.168,11423,255,6,100,False,0,car,0 days 01:06:08.574000,0 days 02:01:45.182000
2024-05-19 14:09:25.328,11339,256,6,100,False,0,car,0 days 01:06:08.734000,0 days 02:01:45.342000
2024-05-19 14:09:25.648,11406,257,6,100,False,0,car,0 days 01:06:09.054000,0 days 02:01:45.662000
2024-05-19 14:09:25.888,11507,257,6,100,False,0,car,0 days 01:06:09.294000,0 days 02:01:45.902000
2024-05-19 14:09:26.249,11477,259,6,100,False,0,car,0 days 01:06:09.655000,0 days 02:01:46.263000
2024-05-19 14:09:26.409,11455,260,6,54,False,0,car,0 days 01:06:09.815000,0 days 02:01:46.423000
2024-05-19 14:09:26.609,10910,253,6,0,False,0,car,0 days 01:06:10.015000,0 days 02:01:46.623000
2024-05-19 14:09:26.889,9952,234,6,0,True,0,car,0 days 01:06:10.295000,0 days 02:01:46.903000
2024-05-19 14:09:27.049,10288,211,6,0,True,0,car,0 days 01:06:10.455000,0 days 02:01:47.063000
2024-05-19 14:09:27.249,10388,189,6,0,True,0,car,0 days 01:06:10.655000,0 days 02:01:47.263000
2024-05-19 14:09:27.489,9906,171,5,0,True,0,car,0 days 01:06:10.895000,0 days 02:01:47.503000
2024-05-19 14:09:27.649,9171,156,4,0,True,0,car,0 days 01:06:11.055000,0 days 02:01:47.663000
2024-05-19 14:09:27.929,8035,136,4,0,True,0,car,0 days 01:06:11.335000,0 days 02:01:47.943000
2024-05-19 14:09:28.249,7286,126,4,0,True,0,car,0 days 01:06:11.655000,0 days 02:01:48.263000
2024-05-19 14:09:28.529,6850,115,4,0,True,0,car,0 days 01:06:11.935000,0 days 02:01:48.543000
2024-05-19 14:09:28.729,6599,110,4,0,False,0,car,0 days 01:06:12.135000,0 days 02:01:48.743000
2024-05-19 14:09:29.009,7058,108,4,0,False,0,car,0 days 01:06:12.415000,0 days 02:01:49.023000
2024-05-19 14:09:29.209,7695,105,3,0,True,0,car,0 days 01:06:12.615000,0 days 02:01:49.223000
2024-05-19 14:09:29.489,7183,103,3,0,False,0,car,0 days 01:06:12.895000,0 days 02:01:49.503000
2024-05-19 14:09:29.689,7294,98,3,12,False,0,car,0 days 01:06:13.095000,0 days 02:01:49.703000
2024-05-19 14:09:29.969,7447,97,3,20,False,0,car,0 days 01:06:13.375000,0 days 02:01:49.983000
2024-05-19 14:09:30.249,7376,99,3,25,False,0,car,0 days 01:06:13.655000,0 days 02:01:50.263000
2024-05-19 14:09:30.529,8004,104,3,47,False,0,car,0 days 01:06:13.935000,0 days 02:01:50.543000
2024-05-19 14:09:30.689,8302,106,3,55,False,0,car,0 days 01:06:14.095000,0 days 02:01:50.703000
2024-05-19 14:09:30.929,8958,115,3,71,False,0,car,0 days 01:06:14.335000,0 days 02:01:50.943000
2024-05-19 14:09:31.168,9567,123,3,83,False,0,car,0 days 01:06:14.574000,0 days 02:01:51.182000
2024-05-19 14:09:31.488,10587,136,3,100,False,0,car,0 days 01:06:14.894000,0 days 02:01:51.502000
2024-05-19 14:09:31.728,10791,152,3,100,False,0,car,0 days 01:06:15.134000,0 days 02:01:51.742000
2024-05-19 14:09:31.968,10270,161,4,100,False,0,car,0 days 01:06:15.374000,0 days 02:01:51.982000
2024-05-19 14:09:32.128,10518,170,4,100,False,0,car,0 days 01:06:15.534000,0 days 02:01:52.142000
2024-05-19 14:09:32.368,10964,179,4,100,False,0,car,0 days 01:06:15.774000,0 days 02:01:52.382000
2024-05-19 14:09:33.209,10911,210,5,100,False,0,car,0 days 01:06:16.615000,0 days 02:01:53.223000
2024-05-19 14:09:33.449,11167,216,5,100,False,0,car,0 days 01:06:16.855000,0 days 02:01:53.463000
2024-05-19 14:09:33.729,11620,225,5,100,False,0,car,0 days 01:06:17.135000,0 days 02:01:53.743000
2024-05-19 14:09:34.129,10596,234,5,100,False,0,car,0 days 01:06:17.535000,0 days 02:01:54.143000
2024-05-19 14:09:34.449,10928,241,6,100,False,0,car,0 days 01:06:17.855000,0 days 02:01:54.463000
2024-05-19 14:09:34.809,11231,250,6,100,False,0,car,0 days 01:06:18.215000,0 days 02:01:54.823000
2024-05-19 14:09:35.089,11439,253,6,100,False,0,car,0 days 01:06:18.495000,0 days 02:01:55.103000
2024-05-19 14:09:35.289,11589,257,6,100,False,0,car,0 days 01:06:18.695000,0 days 02:01:55.303000
2024-05-19 14:09:35.569,11518,262,6,100,False,0,car,0 days 01:06:18.975000,0 days 02:01:55.583000
2024-05-19 14:09:35.889,10670,266,7,100,False,0,car,0 days 01:06:19.295000,0 days 02:01:55.903000
2024-05-19 14:09:36.049,10733,269,7,100,False,0,car,0 days 01:06:19.455000,0 days 02:01:56.063000
2024-05-19 14:09:36.329,10824,273,7,100,False,0,car,0 days 01:06:19.735000,0 days 02:01:56.343000
2024-05-19 14:09:36.729,10997,278,7,100,False,0,car,0 days 01:06:20.135000,0 days 02:01:56.743000
2024-05-19 14:09:37.089,11121,282,7,100,False,0,car,0 days 01:06:20.495000,0 days 02:01:57.103000
2024-05-19 14:09:37.369,11257,285,7,100,False,0,car,0 days 01:06:20.775000,0 days 02:01:57.383000
2024-05-19 14:09:37.808,11435,289,7,100,False,0,car,0 days 01:06:21.214000,0 days 02:01:57.822000
2024-05-19 14:09:37.968,11535,290,7,100,False,0,car,0 days 01:06:21.374000,0 days 02:01:57.982000
2024-05-19 14:09:38.408,11631,294,7,100,False,0,car,0 days 01:06:21.814000,0 days 02:01:58.422000
2024-05-19 14:09:38.688,11638,295,7,100,False,0,car,0 days 01:06:22.094000,0 days 02:01:58.702000
2024-05-19 14:09:39.008,11666,297,7,100,False,0,car,0 days 01:06:22.414000,0 days 02:01:59.022000
2024-05-19 14:09:39.208,11768,297,7,100,False,0,car,0 days 01:06:22.614000,0 days 02:01:59.222000
2024-05-19 14:09:39.369,11549,297,7,100,False,0,car,0 days 01:06:22.775000,0 days 02:01:59.383000
2024-05-19 14:09:39.609,11320,294,7,0,False,0,car,0 days 01:06:23.015000,0 days 02:01:59.623000
2024-05-19 14:09:39.809,10870,279,7,0,True,0,car,0 days 01:06:23.215000,0 days 02:01:59.823000
2024-05-19 14:09:40.009,9906,255,7,0,True,0,car,0 days 01:06:23.415000,0 days 02:02:00.023000
2024-05-19 14:09:40.489,10031,209,7,0,True,0,car,0 days 01:06:23.895000,0 days 02:02:00.503000
2024-05-19 14:09:40.769,10222,179,5,0,True,0,car,0 days 01:06:24.175000,0 days 02:02:00.783000
2024-05-19 14:09:40.969,10524,162,5,0,True,0,car,0 days 01:06:24.375000,0 days 02:02:00.983000
2024-05-19 14:09:41.249,10054,143,3,0,True,0,car,0 days 01:06:24.655000,0 days 02:02:01.263000
2024-05-19 14:09:41.529,9095,130,3,0,True,0,car,0 days 01:06:24.935000,0 days 02:02:01.543000
2024-05-19 14:09:41.729,8626,124,3,0,True,0,car,0 days 01:06:25.135000,0 days 02:02:01.743000
2024-05-19 14:09:41.929,8424,122,3,0,True,0,car,0 days 01:06:25.335000,0 days 02:02:01.943000
2024-05-19 14:09:42.169,8357,117,3,2,False,0,car,0 days 01:06:25.575000,0 days 02:02:02.183000
2024-05-19 14:09:42.529,8474,113,3,31,False,0,car,0 days 01:06:25.935000,0 days 02:02:02.543000
2024-05-19 14:09:42.769,8607,115,3,37,False,0,car,0 days 01:06:26.175000,0 days 02:02:02.783000
2024-05-19 14:09:43.009,9025,118,3,44,False,0,car,0 days 01:06:26.415000,0 days 02:02:03.023000
2024-05-19 14:09:43.809,9823,148,3,100,False,0,car,0 days 01:06:27.215000,0 days 02:02:03.823000
2024-05-19 14:09:44.049,9773,156,4,100,False,0,car,0 days 01:06:27.455000,0 days 02:02:04.063000
2024-05-19 14:09:44.249,9324,161,4,46,True,0,car,0 days 01:06:27.655000,0 days 02:02:04.263000
2024-05-19 14:09:44.449,8805,156,4,0,True,0,car,0 days 01:06:27.855000,0 days 02:02:04.463000
2024-05-19 14:09:44.768,8441,146,4,0,True,0,car,0 days 01:06:28.174000,0 days 02:02:04.782000
2024-05-19 14:09:44.928,8244,142,4,0,True,0,car,0 days 01:06:28.334000,0 days 02:02:04.942000
2024-05-19 14:09:45.128,8024,138,4,0,False,0,car,0 days 01:06:28.534000,0 days 02:02:05.142000
2024-05-19 14:09:45.408,8000,131,4,1,False,0,car,0 days 01:06:28.814000,0 days 02:02:05.422000
2024-05-19 14:09:45.648,8143,131,4,34,False,0,car,0 days 01:06:29.054000,0 days 02:02:05.662000
2024-05-19 14:09:45.809,8283,134,4,51,False,0,car,0 days 01:06:29.215000,0 days 02:02:05.823000
2024-05-19 14:09:46.009,8635,137,4,55,False,0,car,0 days 01:06:29.415000,0 days 02:02:06.023000
2024-05-19 14:09:46.289,8832,140,4,62,False,0,car,0 days 01:06:29.695000,0 days 02:02:06.303000
2024-05-19 14:09:46.529,9390,148,4,79,False,0,car,0 days 01:06:29.935000,0 days 02:02:06.543000
2024-05-19 14:09:46.849,10548,159,4,100,False,0,car,0 days 01:06:30.255000,0 days 02:02:06.863000
2024-05-19 14:09:47.009,10857,167,4,100,False,0,car,0 days 01:06:30.415000,0 days 02:02:07.023000
2024-05-19 14:09:47.249,10885,176,4,100,False,0,car,0 days 01:06:30.655000,0 days 02:02:07.263000
2024-05-19 14:09:47.529,11749,187,4,100,False,0,car,0 days 01:06:30.935000,0 days 02:02:07.543000
2024-05-19 14:09:47.689,10909,187,4,100,False,0,car,0 days 01:06:31.095000,0 days 02:02:07.703000
2024-05-19 14:09:47.849,10368,198,5,100,False,0,car,0 days 01:06:31.255000,0 days 02:02:07.863000
2024-05-19 14:09:48.089,10832,205,5,100,False,0,car,0 days 01:06:31.495000,0 days 02:02:08.103000
2024-05-19 14:09:48.249,10909,210,5,100,False,0,car,0 days 01:06:31.655000,0 days 02:02:08.263000
2024-05-19 14:09:48.489,11318,217,5,100,False,0,car,0 days 01:06:31.895000,0 days 02:02:08.503000
2024-05-19 14:09:48.769,11643,225,5,100,False,0,car,0 days 01:06:32.175000,0 days 02:02:08.783000
2024-05-19 14:09:48.969,11503,230,5,100,False,0,car,0 days 01:06:32.375000,0 days 02:02:08.983000
2024-05-19 14:09:49.169,10492,232,5,100,False,0,car,0 days 01:06:32.575000,0 days 02:02:09.183000
2024-05-19 14:09:49.529,10978,243,6,100,False,0,car,0 days 01:06:32.935000,0 days 02:02:09.543000
2024-05-19 14:09:49.729,11123,246,6,100,False,0,car,0 days 01:06:33.135000,0 days 02:02:09.743000
2024-05-19 14:09:49.929,11306,252,6,100,False,0,car,0 days 01:06:33.335000,0 days 02:02:09.943000
2024-05-19 14:09:50.089,11435,254,6,100,False,0,car,0 days 01:06:33.495000,0 days 02:02:10.103000
2024-05-19 14:09:50.369,11610,258,6,100,False,0,car,0 days 01:06:33.775000,0 days 02:02:10.383000
2024-05-19 14:09:50.769,10606,263,6,100,False,0,car,0 days 01:06:34.175000,0 days 02:02:10.783000
2024-05-19 14:09:50.929,10643,268,7,100,False,0,car,0 days 01:06:34.335000,0 days 02:02:10.943000
2024-05-19 14:09:51.169,10853,270,7,100,False,0,car,0 days 01:06:34.575000,0 days 02:02:11.183000
2024-05-19 14:09:51.368,10863,273,7,100,False,0,car,0 days 01:06:34.774000,0 days 02:02:11.382000
2024-05-19 14:09:51.688,11072,276,7,100,False,0,car,0 days 01:06:35.094000,0 days 02:02:11.702000
2024-05-19 14:09:51.968,11133,280,7,100,False,0,car,0 days 01:06:35.374000,0 days 02:02:11.982000
2024-05-19 14:09:52.208,11204,283,7,100,False,0,car,0 days 01:06:35.614000,0 days 02:02:12.222000
2024-05-19 14:09:52.409,11352,286,7,100,False,0,car,0 days 01:06:35.815000,0 days 02:02:12.423000
2024-05-19 14:09:52.609,11395,287,7,100,False,0,car,0 days 01:06:36.015000,0 days 02:02:12.623000
2024-05-19 14:09:53.009,11444,292,7,100,False,0,car,0 days 01:06:36.415000,0 days 02:02:13.023000
2024-05-19 14:09:53.369,10865,294,7,100,False,0,car,0 days 01:06:36.775000,0 days 02:02:13.383000
2024-05-19 14:09:53.569,10543,295,8,100,False,0,car,0 days 01:06:36.975000,0 days 02:02:13.583000
2024-05-19 14:09:53.729,10634,297,8,100,False,0,car,0 days 01:06:37.135000,0 days 02:02:13.743000
2024-05-19 14:09:54.009,10694,300,8,100,False,0,car,0 days 01:06:37.415000,0 days 02:02:14.023000
2024-05-19 14:09:54.249,10720,302,8,100,False,0,car,0 days 01:06:37.655000,0 days 02:02:14.263000
2024-05-19 14:09:54.409,10776,302,8,100,False,0,car,0 days 01:06:37.815000,0 days 02:02:14.423000
2024-05-19 14:09:54.689,10825,303,8,100,False,0,car,0 days 01:06:38.095000,0 days 02:02:14.703000
2024-05-19 14:09:55.089,10913,306,8,100,False,0,car,0 days 01:06:38.495000,0 days 02:02:15.103000
2024-05-19 14:09:55.409,10950,308,8,100,False,0,car,0 days 01:06:38.815000,0 days 02:02:15.423000
2024-05-19 14:09:55.609,10971,309,8,100,False,0,car,0 days 01:06:39.015000,0 days 02:02:15.623000
2024-05-19 14:09:55.809,10977,309,8,100,False,0,car,0 days 01:06:39.215000,0 days 02:02:15.823000
2024-05-19 14:09:56.089,11014,311,8,100,False,0,car,0 days 01:06:39.495000,0 days 02:02:16.103000
2024-05-19 14:09:56.289,11077,312,8,100,False,0,car,0 days 01:06:39.695000,0 days 02:02:16.303000
2024-05-19 14:09:56.449,11053,312,8,100,False,0,car,0 days 01:06:39.855000,0 days 02:02:16.463000
2024-05-19 14:09:56.689,11102,313,8,100,False,0,car,0 days 01:06:40.095000,0 days 02:02:16.703000
2024-05-19 14:09:56.969,11113,314,8,100,False,0,car,0 days 01:06:40.375000,0 days 02:02:16.983000
2024-05-19 14:09:57.129,11112,314,8,100,False,0,car,0 days 01:06:40.535000,0 days 02:02:17.143000
2024-05-19 14:09:57.569,11157,316,8,100,False,0,car,0 days 01:06:40.975000,0 days 02:02:17.583000
2024-05-19 14:09:57.729,11187,316,8,100,False,0,car,0 days 01:06:41.135000,0 days 02:02:17.743000
2024-05-19 14:09:57.968,11200,316,8,100,False,0,car,0 days 01:06:41.374000,0 days 02:02:17.982000
2024-05-19 14:09:58.208,11195,317,8,100,False,0,car,0 days 01:06:41.614000,0 days 02:02:18.222000
2024-05-19 14:09:58.488,11203,317,8,100,False,0,car,0 days 01:06:41.894000,0 days 02:02:18.502000
2024-05-19 14:09:58.768,11226,317,8,100,False,0,car,0 days 01:06:42.174000,0 days 02:02:18.782000
2024-05-19 14:09:59.049,11265,317,8,100,False,0,car,0 days 01:06:42.455000,0 days 02:02:19.063000
2024-05-19 14:09:59.409,11251,318,8,100,False,0,car,0 days 01:06:42.815000,0 days 02:02:19.423000
2024-05-19 14:09:59.649,11304,318,8,100,False,0,car,0 days 01:06:43.055000,0 days 02:02:19.663000
2024-05-19 14:09:59.889,11281,319,8,100,False,0,car,0 days 01:06:43.295000,0 days 02:02:19.903000
2024-05-19 14:10:00.209,11318,319,8,100,False,0,car,0 days 01:06:43.615000,0 days 02:02:20.223000
2024-05-19 14:10:00.489,11231,319,8,100,False,0,car,0 days 01:06:43.895000,0 days 02:02:20.503000
2024-05-19 14:10:00.929,11258,319,8,100,False,0,car,0 days 01:06:44.335000,0 days 02:02:20.943000
2024-05-19 14:10:01.129,11222,319,8,100,False,0,car,0 days 01:06:44.535000,0 days 02:02:21.143000
2024-05-19 14:10:01.289,11176,319,8,100,False,0,car,0 days 01:06:44.695000,0 days 02:02:21.303000
2024-05-19 14:10:01.529,10918,313,8,50,True,0,car,0 days 01:06:44.935000,0 days 02:02:21.543000
2024-05-19 14:10:01.769,10096,293,8,0,True,0,car,0 days 01:06:45.175000,0 days 02:02:21.783000
2024-05-19 14:10:02.089,10231,267,8,0,True,0,car,0 days 01:06:45.495000,0 days 02:02:22.103000
2024-05-19 14:10:02.369,10776,217,8,0,True,0,car,0 days 01:06:45.775000,0 days 02:02:22.383000
2024-05-19 14:10:02.689,10380,190,6,0,True,0,car,0 days 01:06:46.095000,0 days 02:02:22.703000
2024-05-19 14:10:02.929,10163,169,5,0,True,0,car,0 days 01:06:46.335000,0 days 02:02:22.943000
2024-05-19 14:10:03.409,9006,154,4,1,False,0,car,0 days 01:06:46.815000,0 days 02:02:23.423000
2024-05-19 14:10:03.649,9194,149,4,6,False,0,car,0 days 01:06:47.055000,0 days 02:02:23.663000
2024-05-19 14:10:04.049,9260,149,4,49,False,0,car,0 days 01:06:47.455000,0 days 02:02:24.063000
2024-05-19 14:10:04.209,9523,152,4,71,False,0,car,0 days 01:06:47.615000,0 days 02:02:24.223000
2024-05-19 14:10:04.529,9225,162,4,94,False,0,car,0 days 01:06:47.935000,0 days 02:02:24.543000
2024-05-19 14:10:04.848,8760,167,5,39,False,0,car,0 days 01:06:48.254000,0 days 02:02:24.862000
2024-05-19 14:10:05.048,8621,168,5,39,False,0,car,0 days 01:06:48.454000,0 days 02:02:25.062000
2024-05-19 14:10:05.208,8721,167,5,54,False,0,car,0 days 01:06:48.614000,0 days 02:02:25.222000
2024-05-19 14:10:05.408,9001,171,5,54,False,0,car,0 days 01:06:48.814000,0 days 02:02:25.422000
2024-05-19 14:10:05.649,9192,174,5,64,False,0,car,0 days 01:06:49.055000,0 days 02:02:25.663000
2024-05-19 14:10:05.889,9539,177,5,100,False,0,car,0 days 01:06:49.295000,0 days 02:02:25.903000
2024-05-19 14:10:06.089,9861,185,5,100,False,0,car,0 days 01:06:49.495000,0 days 02:02:26.103000
2024-05-19 14:10:06.249,10113,191,5,100,False,0,car,0 days 01:06:49.655000,0 days 02:02:26.263000
2024-05-19 14:10:06.409,10289,197,5,100,False,0,car,0 days 01:06:49.815000,0 days 02:02:26.423000
2024-05-19 14:10:06.689,10802,201,5,100,False,0,car,0 days 01:06:50.095000,0 days 02:02:26.703000
2024-05-19 14:10:06.849,11010,211,5,100,False,0,car,0 days 01:06:50.255000,0 days 02:02:26.863000
2024-05-19 14:10:07.089,11136,216,5,100,False,0,car,0 days 01:06:50.495000,0 days 02:02:27.103000
2024-05-19 14:10:07.329,11528,223,5,100,False,0,car,0 days 01:06:50.735000,0 days 02:02:27.343000
2024-05-19 14:10:07.729,10630,231,6,100,False,0,car,0 days 01:06:51.135000,0 days 02:02:27.743000
2024-05-19 14:10:07.889,10724,232,6,100,False,0,car,0 days 01:06:51.295000,0 days 02:02:27.903000
2024-05-19 14:10:08.089,10832,236,6,100,False,0,car,0 days 01:06:51.495000,0 days 02:02:28.103000
2024-05-19 14:10:08.249,10981,241,6,100,False,0,car,0 days 01:06:51.655000,0 days 02:02:28.263000
2024-05-19 14:10:08.609,11193,249,6,100,False,0,car,0 days 01:06:52.015000,0 days 02:02:28.623000
2024-05-19 14:10:08.769,11377,250,6,100,False,0,car,0 days 01:06:52.175000,0 days 02:02:28.783000
2024-05-19 14:10:09.049,11484,256,6,100,False,0,car,0 days 01:06:52.455000,0 days 02:02:29.063000
2024-05-19 14:10:09.209,11695,259,6,100,False,0,car,0 days 01:06:52.615000,0 days 02:02:29.223000
2024-05-19 14:10:09.369,10855,259,6,100,False,0,car,0 days 01:06:52.775000,0 days 02:02:29.383000
2024-05-19 14:10:09.529,10365,264,6,100,False,0,car,0 days 01:06:52.935000,0 days 02:02:29.543000
2024-05-19 14:10:09.809,10688,268,7,100,False,0,car,0 days 01:06:53.215000,0 days 02:02:29.823000
2024-05-19 14:10:10.249,10894,274,7,100,False,0,car,0 days 01:06:53.655000,0 days 02:02:30.263000
2024-05-19 14:10:10.729,10861,279,7,100,False,0,car,0 days 01:06:54.135000,0 days 02:02:30.743000
2024-05-19 14:10:10.889,11132,279,7,100,False,0,car,0 days 01:06:54.295000,0 days 02:02:30.903000
2024-05-19 14:10:11.209,11088,282,7,100,False,0,car,0 days 01:06:54.615000,0 days 02:02:31.223000
2024-05-19 14:10:11.408,11166,282,7,100,False,0,car,0 days 01:06:54.814000,0 days 02:02:31.422000
2024-05-19 14:10:11.728,11126,282,7,100,False,0,car,0 days 01:06:55.134000,0 days 02:02:31.742000
2024-05-19 14:10:12.129,11141,282,7,100,False,0,car,0 days 01:06:55.535000,0 days 02:02:32.143000
2024-05-19 14:10:12.289,11160,282,7,100,False,0,car,0 days 01:06:55.695000,0 days 02:02:32.303000
2024-05-19 14:10:12.569,10871,279,7,2,True,0,car,0 days 01:06:55.975000,0 days 02:02:32.583000
2024-05-19 14:10:12.889,9919,259,7,0,True,0,car,0 days 01:06:56.295000,0 days 02:02:32.903000
2024-05-19 14:10:13.049,10479,251,7,0,True,0,car,0 days 01:06:56.455000,0 days 02:02:33.063000
2024-05-19 14:10:13.249,10186,235,6,0,True,0,car,0 days 01:06:56.655000,0 days 02:02:33.263000
2024-05-19 14:10:13.569,9841,225,6,2,True,0,car,0 days 01:06:56.975000,0 days 02:02:33.583000
2024-05-19 14:10:13.769,9640,219,6,3,True,0,car,0 days 01:06:57.175000,0 days 02:02:33.783000
2024-05-19 14:10:13.969,9461,210,6,1,True,0,car,0 days 01:06:57.375000,0 days 02:02:33.983000
2024-05-19 14:10:14.209,9181,187,6,0,True,0,car,0 days 01:06:57.615000,0 days 02:02:34.223000
2024-05-19 14:10:14.529,8451,171,5,0,True,0,car,0 days 01:06:57.935000,0 days 02:02:34.543000
2024-05-19 14:10:14.769,8340,166,5,0,False,0,car,0 days 01:06:58.175000,0 days 02:02:34.783000
2024-05-19 14:10:14.969,8104,165,5,0,False,0,car,0 days 01:06:58.375000,0 days 02:02:34.983000
2024-05-19 14:10:15.129,8182,158,5,7,False,0,car,0 days 01:06:58.535000,0 days 02:02:35.143000
2024-05-19 14:10:15.369,8524,158,5,62,False,0,car,0 days 01:06:58.775000,0 days 02:02:35.383000
2024-05-19 14:10:15.609,8703,163,5,71,False,0,car,0 days 01:06:59.015000,0 days 02:02:35.623000
2024-05-19 14:10:15.849,9035,169,5,83,False,0,car,0 days 01:06:59.255000,0 days 02:02:35.863000
2024-05-19 14:10:16.089,9413,175,5,100,False,0,car,0 days 01:06:59.495000,0 days 02:02:36.103000
2024-05-19 14:10:16.409,9837,188,5,100,False,0,car,0 days 01:06:59.815000,0 days 02:02:36.423000
2024-05-19 14:10:16.609,10117,194,5,100,False,0,car,0 days 01:07:00.015000,0 days 02:02:36.623000
2024-05-19 14:10:17.009,10661,205,5,100,False,0,car,0 days 01:07:00.415000,0 days 02:02:37.023000
2024-05-19 14:10:17.209,10707,205,5,100,False,0,car,0 days 01:07:00.615000,0 days 02:02:37.223000
2024-05-19 14:10:17.449,10959,213,5,100,False,0,car,0 days 01:07:00.855000,0 days 02:02:37.463000
2024-05-19 14:10:17.729,11215,219,5,100,False,0,car,0 days 01:07:01.135000,0 days 02:02:37.743000
2024-05-19 14:10:17.969,11344,222,5,100,False,0,car,0 days 01:07:01.375000,0 days 02:02:37.983000
2024-05-19 14:10:18.288,11541,225,5,100,False,0,car,0 days 01:07:01.694000,0 days 02:02:38.302000
2024-05-19 14:10:18.488,11593,227,5,100,False,0,car,0 days 01:07:01.894000,0 days 02:02:38.502000
2024-05-19 14:10:18.809,10799,209,5,0,True,0,car,0 days 01:07:02.215000,0 days 02:02:38.823000
2024-05-19 14:10:18.969,9978,209,5,0,True,0,car,0 days 01:07:02.375000,0 days 02:02:38.983000
2024-05-19 14:10:19.329,11251,162,5,0,True,0,car,0 days 01:07:02.735000,0 days 02:02:39.343000
2024-05-19 14:10:19.489,10740,155,5,0,True,0,car,0 days 01:07:02.895000,0 days 02:02:39.503000
2024-05-19 14:10:19.809,9250,130,3,0,True,0,car,0 days 01:07:03.215000,0 days 02:02:39.823000
2024-05-19 14:10:20.009,8632,122,3,0,True,0,car,0 days 01:07:03.415000,0 days 02:02:40.023000
2024-05-19 14:10:20.249,7975,116,3,0,True,0,car,0 days 01:07:03.655000,0 days 02:02:40.263000
2024-05-19 14:10:20.489,7509,109,3,0,True,0,car,0 days 01:07:03.895000,0 days 02:02:40.503000
2024-05-19 14:10:20.649,7295,105,3,0,True,0,car,0 days 01:07:04.055000,0 days 02:02:40.663000
2024-05-19 14:10:20.849,7085,101,3,0,True,0,car,0 days 01:07:04.255000,0 days 02:02:40.863000
2024-05-19 14:10:21.169,6690,96,3,0,False,0,car,0 days 01:07:04.575000,0 days 02:02:41.183000
2024-05-19 14:10:21.369,6884,92,3,3,False,0,car,0 days 01:07:04.775000,0 days 02:02:41.383000
2024-05-19 14:10:21.569,6878,92,3,25,False,0,car,0 days 01:07:04.975000,0 days 02:02:41.583000
2024-05-19 14:10:21.769,7020,94,3,29,False,0,car,0 days 01:07:05.175000,0 days 02:02:41.783000
2024-05-19 14:10:22.009,7251,97,3,30,False,0,car,0 days 01:07:05.415000,0 days 02:02:42.023000
2024-05-19 14:10:22.329,7646,101,3,37,False,0,car,0 days 01:07:05.735000,0 days 02:02:42.343000
2024-05-19 14:10:22.489,7973,103,3,47,False,0,car,0 days 01:07:05.895000,0 days 02:02:42.503000
2024-05-19 14:10:22.769,8216,110,3,55,False,0,car,0 days 01:07:06.175000,0 days 02:02:42.783000
2024-05-19 14:10:23.129,9450,122,3,69,False,0,car,0 days 01:07:06.535000,0 days 02:02:43.143000
2024-05-19 14:10:23.329,10163,130,3,82,False,0,car,0 days 01:07:06.735000,0 days 02:02:43.343000
2024-05-19 14:10:23.809,11752,152,3,100,False,0,car,0 days 01:07:07.215000,0 days 02:02:43.823000
2024-05-19 14:10:24.009,10772,162,3,100,False,0,car,0 days 01:07:07.415000,0 days 02:02:44.023000
2024-05-19 14:10:24.209,10716,171,4,100,False,0,car,0 days 01:07:07.615000,0 days 02:02:44.223000
2024-05-19 14:10:24.449,11059,178,4,100,False,0,car,0 days 01:07:07.855000,0 days 02:02:44.463000
2024-05-19 14:10:24.809,11707,194,4,100,False,0,car,0 days 01:07:08.215000,0 days 02:02:44.823000
2024-05-19 14:10:24.968,11707,194,4,100,False,0,car,0 days 01:07:08.374000,0 days 02:02:44.982000
2024-05-19 14:10:25.128,11147,200,4,100,False,0,car,0 days 01:07:08.534000,0 days 02:02:45.142000
2024-05-19 14:10:25.409,10700,212,5,100,False,0,car,0 days 01:07:08.815000,0 days 02:02:45.423000
2024-05-19 14:10:25.609,11129,218,5,100,False,0,car,0 days 01:07:09.015000,0 days 02:02:45.623000
2024-05-19 14:10:25.849,11466,223,5,100,False,0,car,0 days 01:07:09.255000,0 days 02:02:45.863000
2024-05-19 14:10:26.049,11606,226,5,100,False,0,car,0 days 01:07:09.455000,0 days 02:02:46.063000
2024-05-19 14:10:26.249,11046,232,5,100,False,0,car,0 days 01:07:09.655000,0 days 02:02:46.263000
2024-05-19 14:10:26.569,10770,237,6,100,False,0,car,0 days 01:07:09.975000,0 days 02:02:46.583000
2024-05-19 14:10:26.729,10919,241,6,100,False,0,car,0 days 01:07:10.135000,0 days 02:02:46.743000
2024-05-19 14:10:27.049,11137,249,6,100,False,0,car,0 days 01:07:10.455000,0 days 02:02:47.063000
2024-05-19 14:10:27.529,11472,256,6,100,False,0,car,0 days 01:07:10.935000,0 days 02:02:47.543000
2024-05-19 14:10:27.729,11586,260,6,100,False,0,car,0 days 01:07:11.135000,0 days 02:02:47.743000
2024-05-19 14:10:27.929,11632,262,6,100,False,0,car,0 days 01:07:11.335000,0 days 02:02:47.943000
2024-05-19 14:10:28.129,10512,263,6,100,False,0,car,0 days 01:07:11.535000,0 days 02:02:48.143000
2024-05-19 14:10:28.449,10533,265,7,100,False,0,car,0 days 01:07:11.855000,0 days 02:02:48.463000
2024-05-19 14:10:28.729,10573,266,7,100,False,0,car,0 days 01:07:12.135000,0 days 02:02:48.743000
2024-05-19 14:10:28.969,10628,268,7,100,False,0,car,0 days 01:07:12.375000,0 days 02:02:48.983000
2024-05-19 14:10:29.329,10765,269,7,100,False,0,car,0 days 01:07:12.735000,0 days 02:02:49.343000
2024-05-19 14:10:29.769,10710,270,7,100,False,0,car,0 days 01:07:13.175000,0 days 02:02:49.783000
2024-05-19 14:10:30.209,10655,271,7,100,False,0,car,0 days 01:07:13.615000,0 days 02:02:50.223000
2024-05-19 14:10:30.569,10630,271,7,67,False,0,car,0 days 01:07:13.975000,0 days 02:02:50.583000
2024-05-19 14:10:30.729,10326,264,7,7,False,0,car,0 days 01:07:14.135000,0 days 02:02:50.743000
2024-05-19 14:10:31.009,10408,239,7,0,True,0,car,0 days 01:07:14.415000,0 days 02:02:51.023000
2024-05-19 14:10:31.169,9972,231,7,0,True,0,car,0 days 01:07:14.575000,0 days 02:02:51.183000
2024-05-19 14:10:31.449,10567,213,7,0,True,0,car,0 days 01:07:14.855000,0 days 02:02:51.463000
2024-05-19 14:10:31.728,10313,207,5,3,False,0,car,0 days 01:07:15.134000,0 days 02:02:51.742000
2024-05-19 14:10:32.089,10422,200,5,65,False,0,car,0 days 01:07:15.495000,0 days 02:02:52.103000
2024-05-19 14:10:32.449,10363,199,5,62,False,0,car,0 days 01:07:15.855000,0 days 02:02:52.463000
2024-05-19 14:10:32.649,10482,200,5,62,False,0,car,0 days 01:07:16.055000,0 days 02:02:52.663000
2024-05-19 14:10:32.929,10776,203,5,90,False,0,car,0 days 01:07:16.335000,0 days 02:02:52.943000
2024-05-19 14:10:33.089,11066,206,5,100,False,0,car,0 days 01:07:16.495000,0 days 02:02:53.103000
2024-05-19 14:10:33.249,11284,212,5,100,False,0,car,0 days 01:07:16.655000,0 days 02:02:53.263000
2024-05-19 14:10:33.409,11348,214,5,100,False,0,car,0 days 01:07:16.815000,0 days 02:02:53.423000
2024-05-19 14:10:33.729,11551,222,5,100,False,0,car,0 days 01:07:17.135000,0 days 02:02:53.743000
2024-05-19 14:10:33.969,10998,229,5,100,False,0,car,0 days 01:07:17.375000,0 days 02:02:53.983000
2024-05-19 14:10:34.209,10697,236,6,100,False,0,car,0 days 01:07:17.615000,0 days 02:02:54.223000
2024-05-19 14:10:34.569,11001,243,6,100,False,0,car,0 days 01:07:17.975000,0 days 02:02:54.583000
2024-05-19 14:10:34.729,11112,247,6,100,False,0,car,0 days 01:07:18.135000,0 days 02:02:54.743000
2024-05-19 14:10:34.969,11329,251,6,100,False,0,car,0 days 01:07:18.375000,0 days 02:02:54.983000
2024-05-19 14:10:35.289,11478,257,6,100,False,0,car,0 days 01:07:18.695000,0 days 02:02:55.303000
2024-05-19 14:10:35.529,11588,261,6,100,False,0,car,0 days 01:07:18.935000,0 days 02:02:55.543000
2024-05-19 14:10:36.009,10665,266,7,100,False,0,car,0 days 01:07:19.415000,0 days 02:02:56.023000
2024-05-19 14:10:36.169,10651,268,7,100,False,0,car,0 days 01:07:19.575000,0 days 02:02:56.183000
2024-05-19 14:10:36.369,10705,269,7,100,False,0,car,0 days 01:07:19.775000,0 days 02:02:56.383000
2024-05-19 14:10:36.529,10719,271,7,100,False,0,car,0 days 01:07:19.935000,0 days 02:02:56.543000
2024-05-19 14:10:36.689,10746,272,7,100,False,0,car,0 days 01:07:20.095000,0 days 02:02:56.703000
2024-05-19 14:10:36.889,10796,272,7,100,False,0,car,0 days 01:07:20.295000,0 days 02:02:56.903000
2024-05-19 14:10:37.129,10802,273,7,100,False,0,car,0 days 01:07:20.535000,0 days 02:02:57.143000
2024-05-19 14:10:37.409,10789,273,7,100,False,0,car,0 days 01:07:20.815000,0 days 02:02:57.423000
2024-05-19 14:10:37.689,10518,271,7,1,False,0,car,0 days 01:07:21.095000,0 days 02:02:57.703000
2024-05-19 14:10:37.849,10340,266,7,0,False,0,car,0 days 01:07:21.255000,0 days 02:02:57.863000
2024-05-19 14:10:38.049,9812,260,7,0,True,0,car,0 days 01:07:21.455000,0 days 02:02:58.063000
2024-05-19 14:10:38.249,9989,248,7,0,True,0,car,0 days 01:07:21.655000,0 days 02:02:58.263000
2024-05-19 14:10:38.529,10341,222,6,0,True,0,car,0 days 01:07:21.935000,0 days 02:02:58.543000
2024-05-19 14:10:38.769,9820,200,5,0,True,0,car,0 days 01:07:22.175000,0 days 02:02:58.783000
2024-05-19 14:10:39.089,9826,172,4,0,True,0,car,0 days 01:07:22.495000,0 days 02:02:59.103000
2024-05-19 14:10:39.289,8930,158,4,0,True,0,car,0 days 01:07:22.695000,0 days 02:02:59.303000
2024-05-19 14:10:39.449,8456,146,4,0,True,0,car,0 days 01:07:22.855000,0 days 02:02:59.463000
2024-05-19 14:10:39.849,7524,130,4,0,True,0,car,0 days 01:07:23.255000,0 days 02:02:59.863000
2024-05-19 14:10:40.129,7313,123,4,0,False,0,car,0 days 01:07:23.535000,0 days 02:03:00.143000
2024-05-19 14:10:40.489,7338,118,4,23,False,0,car,0 days 01:07:23.895000,0 days 02:03:00.503000
2024-05-19 14:10:40.649,7406,119,4,30,False,0,car,0 days 01:07:24.055000,0 days 02:03:00.663000
2024-05-19 14:10:40.889,7865,122,4,57,False,0,car,0 days 01:07:24.295000,0 days 02:03:00.903000
2024-05-19 14:10:41.129,8399,131,4,80,False,0,car,0 days 01:07:24.535000,0 days 02:03:01.143000
2024-05-19 14:10:41.369,9176,137,4,100,False,0,car,0 days 01:07:24.775000,0 days 02:03:01.383000
2024-05-19 14:10:41.769,9825,154,4,100,False,0,car,0 days 01:07:25.175000,0 days 02:03:01.783000
2024-05-19 14:10:41.969,10238,161,4,100,False,0,car,0 days 01:07:25.375000,0 days 02:03:01.983000
2024-05-19 14:10:42.169,10893,168,4,100,False,0,car,0 days 01:07:25.575000,0 days 02:03:02.183000
2024-05-19 14:10:42.409,11205,181,4,100,False,0,car,0 days 01:07:25.815000,0 days 02:03:02.423000
2024-05-19 14:10:42.649,11260,188,4,100,False,0,car,0 days 01:07:26.055000,0 days 02:03:02.663000
2024-05-19 14:10:43.009,10402,200,4,100,False,0,car,0 days 01:07:26.415000,0 days 02:03:03.023000
2024-05-19 14:10:43.169,10600,203,5,100,False,0,car,0 days 01:07:26.575000,0 days 02:03:03.183000
2024-05-19 14:10:43.449,10968,212,5,100,False,0,car,0 days 01:07:26.855000,0 days 02:03:03.463000
2024-05-19 14:10:43.649,11289,218,5,100,False,0,car,0 days 01:07:27.055000,0 days 02:03:03.663000
2024-05-19 14:10:44.089,11536,228,5,100,False,0,car,0 days 01:07:27.495000,0 days 02:03:04.103000
2024-05-19 14:10:44.449,10693,237,5,100,False,0,car,0 days 01:07:27.855000,0 days 02:03:04.463000
2024-05-19 14:10:44.609,10796,241,6,100,False,0,car,0 days 01:07:28.015000,0 days 02:03:04.623000
2024-05-19 14:10:44.809,11013,243,6,100,False,0,car,0 days 01:07:28.215000,0 days 02:03:04.823000
2024-05-19 14:10:44.969,10974,247,6,100,False,0,car,0 days 01:07:28.375000,0 days 02:03:04.983000
2024-05-19 14:10:45.209,11126,250,6,100,False,0,car,0 days 01:07:28.615000,0 days 02:03:05.223000
2024-05-19 14:10:45.369,11126,251,6,100,False,0,car,0 days 01:07:28.775000,0 days 02:03:05.383000
2024-05-19 14:10:45.689,11310,253,6,100,False,0,car,0 days 01:07:29.095000,0 days 02:03:05.703000
2024-05-19 14:10:46.049,11435,257,6,100,False,0,car,0 days 01:07:29.455000,0 days 02:03:06.063000
2024-05-19 14:10:46.289,11497,258,6,100,False,0,car,0 days 01:07:29.695000,0 days 02:03:06.303000
2024-05-19 14:10:46.769,11565,259,6,100,False,0,car,0 days 01:07:30.175000,0 days 02:03:06.783000
2024-05-19 14:10:46.969,11621,260,6,100,False,0,car,0 days 01:07:30.375000,0 days 02:03:06.983000
2024-05-19 14:10:47.289,11582,261,6,78,False,0,car,0 days 01:07:30.695000,0 days 02:03:07.303000
2024-05-19 14:10:47.569,9975,230,6,0,True,0,car,0 days 01:07:30.975000,0 days 02:03:07.583000
2024-05-19 14:10:47.809,10144,194,6,0,True,0,car,0 days 01:07:31.215000,0 days 02:03:07.823000
2024-05-19 14:10:48.009,10434,174,6,0,True,0,car,0 days 01:07:31.415000,0 days 02:03:08.023000
2024-05-19 14:10:48.289,10573,158,4,0,True,0,car,0 days 01:07:31.695000,0 days 02:03:08.303000
2024-05-19 14:10:48.609,9844,134,3,0,True,0,car,0 days 01:07:32.015000,0 days 02:03:08.623000
2024-05-19 14:10:48.849,8641,125,3,0,True,0,car,0 days 01:07:32.255000,0 days 02:03:08.863000
2024-05-19 14:10:49.049,8225,116,3,0,True,0,car,0 days 01:07:32.455000,0 days 02:03:09.063000
2024-05-19 14:10:49.369,7986,114,3,0,False,0,car,0 days 01:07:32.775000,0 days 02:03:09.383000
2024-05-19 14:10:49.649,7789,105,3,0,False,0,car,0 days 01:07:33.055000,0 days 02:03:09.663000
2024-05-19 14:10:50.009,7343,100,3,0,True,0,car,0 days 01:07:33.415000,0 days 02:03:10.023000
2024-05-19 14:10:50.169,7376,99,3,0,False,0,car,0 days 01:07:33.575000,0 days 02:03:10.183000
2024-05-19 14:10:50.329,6685,95,3,0,False,0,car,0 days 01:07:33.735000,0 days 02:03:10.343000
2024-05-19 14:10:50.609,7215,95,3,16,False,0,car,0 days 01:07:34.015000,0 days 02:03:10.623000
2024-05-19 14:10:50.849,7365,95,3,22,False,0,car,0 days 01:07:34.255000,0 days 02:03:10.863000
2024-05-19 14:10:51.009,7662,97,3,32,False,0,car,0 days 01:07:34.415000,0 days 02:03:11.023000
2024-05-19 14:10:51.209,7859,103,3,40,False,0,car,0 days 01:07:34.615000,0 days 02:03:11.223000
2024-05-19 14:10:51.489,8304,107,3,61,False,0,car,0 days 01:07:34.895000,0 days 02:03:11.503000
2024-05-19 14:10:51.730,9205,118,3,74,False,0,car,0 days 01:07:35.136000,0 days 02:03:11.744000
2024-05-19 14:10:52.129,10350,135,3,89,False,0,car,0 days 01:07:35.535000,0 days 02:03:12.143000
2024-05-19 14:10:52.289,10749,141,3,100,False,0,car,0 days 01:07:35.695000,0 days 02:03:12.303000
2024-05-19 14:10:52.489,9629,150,4,100,False,0,car,0 days 01:07:35.895000,0 days 02:03:12.503000
2024-05-19 14:10:52.769,10220,164,4,100,False,0,car,0 days 01:07:36.175000,0 days 02:03:12.783000
2024-05-19 14:10:52.969,10892,174,4,100,False,0,car,0 days 01:07:36.375000,0 days 02:03:12.983000
2024-05-19 14:10:53.369,11609,190,4,100,False,0,car,0 days 01:07:36.775000,0 days 02:03:13.383000
2024-05-19 14:10:53.609,11428,199,4,100,False,0,car,0 days 01:07:37.015000,0 days 02:03:13.623000
2024-05-19 14:10:53.969,10897,210,5,100,False,0,car,0 days 01:07:37.375000,0 days 02:03:13.983000
2024-05-19 14:10:54.249,11101,213,5,100,False,0,car,0 days 01:07:37.655000,0 days 02:03:14.263000
2024-05-19 14:10:54.529,11709,227,5,100,False,0,car,0 days 01:07:37.935000,0 days 02:03:14.543000
2024-05-19 14:10:54.769,11591,232,5,100,False,0,car,0 days 01:07:38.175000,0 days 02:03:14.783000
2024-05-19 14:10:55.009,10568,237,6,100,False,0,car,0 days 01:07:38.415000,0 days 02:03:15.023000
2024-05-19 14:10:55.289,11069,242,6,100,False,0,car,0 days 01:07:38.695000,0 days 02:03:15.303000
2024-05-19 14:10:55.489,11271,248,6,100,False,0,car,0 days 01:07:38.895000,0 days 02:03:15.503000
2024-05-19 14:10:55.689,11361,252,6,100,False,0,car,0 days 01:07:39.095000,0 days 02:03:15.703000
2024-05-19 14:10:56.009,11575,259,6,100,False,0,car,0 days 01:07:39.415000,0 days 02:03:16.023000
2024-05-19 14:10:56.329,10568,264,6,100,False,0,car,0 days 01:07:39.735000,0 days 02:03:16.343000
2024-05-19 14:10:56.489,10445,266,6,100,False,0,car,0 days 01:07:39.895000,0 days 02:03:16.503000
2024-05-19 14:10:56.689,10767,269,7,100,False,0,car,0 days 01:07:40.095000,0 days 02:03:16.703000
2024-05-19 14:10:57.089,10937,273,7,100,False,0,car,0 days 01:07:40.495000,0 days 02:03:17.103000
2024-05-19 14:10:57.329,11033,278,7,100,False,0,car,0 days 01:07:40.735000,0 days 02:03:17.343000
2024-05-19 14:10:57.769,11177,282,7,100,False,0,car,0 days 01:07:41.175000,0 days 02:03:17.783000
2024-05-19 14:10:58.170,11292,285,7,100,False,0,car,0 days 01:07:41.576000,0 days 02:03:18.184000
2024-05-19 14:10:58.370,11387,287,7,100,False,0,car,0 days 01:07:41.776000,0 days 02:03:18.384000
2024-05-19 14:10:58.609,11474,289,7,100,False,0,car,0 days 01:07:42.015000,0 days 02:03:18.623000
2024-05-19 14:10:58.849,11474,290,7,100,False,0,car,0 days 01:07:42.255000,0 days 02:03:18.863000
2024-05-19 14:10:59.089,11503,291,7,100,False,0,car,0 days 01:07:42.495000,0 days 02:03:19.103000
2024-05-19 14:10:59.369,11650,296,7,100,False,0,car,0 days 01:07:42.775000,0 days 02:03:19.383000
2024-05-19 14:10:59.689,11739,298,7,100,False,0,car,0 days 01:07:43.095000,0 days 02:03:19.703000
2024-05-19 14:11:00.009,11713,298,7,100,False,0,car,0 days 01:07:43.415000,0 days 02:03:20.023000
2024-05-19 14:11:00.209,11407,296,7,89,False,0,car,0 days 01:07:43.615000,0 days 02:03:20.223000
2024-05-19 14:11:00.569,10773,277,7,0,True,0,car,0 days 01:07:43.975000,0 days 02:03:20.583000
2024-05-19 14:11:00.969,10025,228,7,0,True,0,car,0 days 01:07:44.375000,0 days 02:03:20.983000
2024-05-19 14:11:01.289,10830,194,6,0,True,0,car,0 days 01:07:44.695000,0 days 02:03:21.303000
2024-05-19 14:11:01.569,9973,166,4,0,True,0,car,0 days 01:07:44.975000,0 days 02:03:21.583000
2024-05-19 14:11:01.729,10955,152,4,0,True,0,car,0 days 01:07:45.135000,0 days 02:03:21.743000
2024-05-19 14:11:02.089,9292,136,3,0,True,0,car,0 days 01:07:45.495000,0 days 02:03:22.103000
2024-05-19 14:11:02.449,8590,122,3,0,True,0,car,0 days 01:07:45.855000,0 days 02:03:22.463000
2024-05-19 14:11:02.729,8110,116,3,0,True,0,car,0 days 01:07:46.135000,0 days 02:03:22.743000
2024-05-19 14:11:03.009,7870,113,3,0,False,0,car,0 days 01:07:46.415000,0 days 02:03:23.023000
2024-05-19 14:11:03.369,8028,110,3,39,False,0,car,0 days 01:07:46.775000,0 days 02:03:23.383000
2024-05-19 14:11:03.849,9272,120,3,54,False,0,car,0 days 01:07:47.255000,0 days 02:03:23.863000
2024-05-19 14:11:04.009,9720,127,3,68,False,0,car,0 days 01:07:47.415000,0 days 02:03:24.023000
2024-05-19 14:11:04.489,9530,141,3,96,False,0,car,0 days 01:07:47.895000,0 days 02:03:24.503000
2024-05-19 14:11:04.850,9642,158,4,100,False,0,car,0 days 01:07:48.256000,0 days 02:03:24.864000
2024-05-19 14:11:05.170,9063,154,4,0,True,0,car,0 days 01:07:48.576000,0 days 02:03:25.184000
2024-05-19 14:11:05.409,8423,145,4,0,True,0,car,0 days 01:07:48.815000,0 days 02:03:25.423000
2024-05-19 14:11:05.649,8177,140,4,0,True,0,car,0 days 01:07:49.055000,0 days 02:03:25.663000
2024-05-19 14:11:05.809,8177,137,4,0,True,0,car,0 days 01:07:49.215000,0 days 02:03:25.823000
2024-05-19 14:11:06.049,7838,135,4,0,True,0,car,0 days 01:07:49.455000,0 days 02:03:26.063000
2024-05-19 14:11:06.369,8125,127,4,45,False,0,car,0 days 01:07:49.775000,0 days 02:03:26.383000
2024-05-19 14:11:06.649,8152,129,4,50,False,0,car,0 days 01:07:50.055000,0 days 02:03:26.663000
2024-05-19 14:11:06.889,8516,135,4,54,False,0,car,0 days 01:07:50.295000,0 days 02:03:26.903000
2024-05-19 14:11:07.129,8792,140,4,62,False,0,car,0 days 01:07:50.535000,0 days 02:03:27.143000
2024-05-19 14:11:07.329,9212,146,4,72,False,0,car,0 days 01:07:50.735000,0 days 02:03:27.343000
2024-05-19 14:11:07.489,9585,150,4,86,False,0,car,0 days 01:07:50.895000,0 days 02:03:27.503000
2024-05-19 14:11:07.729,10260,162,4,100,False,0,car,0 days 01:07:51.135000,0 days 02:03:27.743000
2024-05-19 14:11:08.169,11251,179,4,100,False,0,car,0 days 01:07:51.575000,0 days 02:03:28.183000
2024-05-19 14:11:08.409,10949,190,4,100,False,0,car,0 days 01:07:51.815000,0 days 02:03:28.423000
2024-05-19 14:11:08.649,10176,198,4,100,False,0,car,0 days 01:07:52.055000,0 days 02:03:28.663000
2024-05-19 14:11:08.889,10733,205,5,100,False,0,car,0 days 01:07:52.295000,0 days 02:03:28.903000
2024-05-19 14:11:09.089,11000,210,5,100,False,0,car,0 days 01:07:52.495000,0 days 02:03:29.103000
2024-05-19 14:11:09.409,11394,222,5,100,False,0,car,0 days 01:07:52.815000,0 days 02:03:29.423000
2024-05-19 14:11:09.569,11580,225,5,100,False,0,car,0 days 01:07:52.975000,0 days 02:03:29.583000
2024-05-19 14:11:09.809,10677,232,5,100,False,0,car,0 days 01:07:53.215000,0 days 02:03:29.823000
2024-05-19 14:11:10.209,10878,242,6,100,False,0,car,0 days 01:07:53.615000,0 days 02:03:30.223000
2024-05-19 14:11:10.409,11111,244,6,100,False,0,car,0 days 01:07:53.815000,0 days 02:03:30.423000
2024-05-19 14:11:10.649,11111,251,6,100,False,0,car,0 days 01:07:54.055000,0 days 02:03:30.663000
2024-05-19 14:11:10.809,11373,254,6,100,False,0,car,0 days 01:07:54.215000,0 days 02:03:30.823000
2024-05-19 14:11:11.009,11473,257,6,100,False,0,car,0 days 01:07:54.415000,0 days 02:03:31.023000
2024-05-19 14:11:11.289,11502,261,6,100,False,0,car,0 days 01:07:54.695000,0 days 02:03:31.303000
2024-05-19 14:11:11.690,10674,265,7,100,False,0,car,0 days 01:07:55.096000,0 days 02:03:31.704000
2024-05-19 14:11:12.049,10863,272,7,100,False,0,car,0 days 01:07:55.455000,0 days 02:03:32.063000
2024-05-19 14:11:12.209,10863,275,7,100,False,0,car,0 days 01:07:55.615000,0 days 02:03:32.223000
2024-05-19 14:11:12.489,11002,278,7,100,False,0,car,0 days 01:07:55.895000,0 days 02:03:32.503000
2024-05-19 14:11:12.889,11168,281,7,100,False,0,car,0 days 01:07:56.295000,0 days 02:03:32.903000
2024-05-19 14:11:13.049,11257,285,7,100,False,0,car,0 days 01:07:56.455000,0 days 02:03:33.063000
2024-05-19 14:11:13.329,11339,289,7,100,False,0,car,0 days 01:07:56.735000,0 days 02:03:33.343000
2024-05-19 14:11:13.729,11495,292,7,100,False,0,car,0 days 01:07:57.135000,0 days 02:03:33.743000
2024-05-19 14:11:13.889,11549,293,7,100,False,0,car,0 days 01:07:57.295000,0 days 02:03:33.903000
2024-05-19 14:11:14.129,10484,296,7,100,False,0,car,0 days 01:07:57.535000,0 days 02:03:34.143000
2024-05-19 14:11:14.329,10590,297,8,100,False,0,car,0 days 01:07:57.735000,0 days 02:03:34.343000
2024-05-19 14:11:14.489,10674,298,8,100,False,0,car,0 days 01:07:57.895000,0 days 02:03:34.503000
2024-05-19 14:11:14.929,10736,302,8,100,False,0,car,0 days 01:07:58.335000,0 days 02:03:34.943000
2024-05-19 14:11:15.129,10831,304,8,100,False,0,car,0 days 01:07:58.535000,0 days 02:03:35.143000
2024-05-19 14:11:15.329,10853,305,8,100,False,0,car,0 days 01:07:58.735000,0 days 02:03:35.343000
2024-05-19 14:11:15.529,10861,306,8,100,False,0,car,0 days 01:07:58.935000,0 days 02:03:35.543000
2024-05-19 14:11:15.769,10958,308,8,100,False,0,car,0 days 01:07:59.175000,0 days 02:03:35.783000
2024-05-19 14:11:15.969,10962,309,8,100,False,0,car,0 days 01:07:59.375000,0 days 02:03:35.983000
2024-05-19 14:11:16.209,11041,310,8,100,False,0,car,0 days 01:07:59.615000,0 days 02:03:36.223000
2024-05-19 14:11:16.529,11059,312,8,100,False,0,car,0 days 01:07:59.935000,0 days 02:03:36.543000
2024-05-19 14:11:16.769,11131,312,8,100,False,0,car,0 days 01:08:00.175000,0 days 02:03:36.783000
2024-05-19 14:11:16.969,11066,313,8,100,False,0,car,0 days 01:08:00.375000,0 days 02:03:36.983000
2024-05-19 14:11:17.169,11210,315,8,100,False,0,car,0 days 01:08:00.575000,0 days 02:03:37.183000
2024-05-19 14:11:17.369,11187,315,8,100,False,0,car,0 days 01:08:00.775000,0 days 02:03:37.383000
2024-05-19 14:11:17.689,11160,316,8,100,False,0,car,0 days 01:08:01.095000,0 days 02:03:37.703000
2024-05-19 14:11:18.130,11232,317,8,100,False,0,car,0 days 01:08:01.536000,0 days 02:03:38.144000
2024-05-19 14:11:18.410,11238,318,8,100,False,0,car,0 days 01:08:01.816000,0 days 02:03:38.424000
2024-05-19 14:11:18.570,11301,318,8,100,False,0,car,0 days 01:08:01.976000,0 days 02:03:38.584000
2024-05-19 14:11:18.809,11266,319,8,100,False,0,car,0 days 01:08:02.215000,0 days 02:03:38.823000
2024-05-19 14:11:19.129,11230,320,8,100,False,0,car,0 days 01:08:02.535000,0 days 02:03:39.143000
2024-05-19 14:11:19.489,11337,320,8,100,False,0,car,0 days 01:08:02.895000,0 days 02:03:39.503000
2024-05-19 14:11:19.849,11322,321,8,100,False,0,car,0 days 01:08:03.255000,0 days 02:03:39.863000
2024-05-19 14:11:20.129,11377,321,8,100,False,0,car,0 days 01:08:03.535000,0 days 02:03:40.143000
2024-05-19 14:11:21.129,11372,321,8,100,False,0,car,0 days 01:08:04.535000,0 days 02:03:41.143000
2024-05-19 14:11:21.329,11344,322,8,100,False,0,car,0 days 01:08:04.735000,0 days 02:03:41.343000
2024-05-19 14:11:21.649,11395,322,8,100,False,0,car,0 days 01:08:05.055000,0 days 02:03:41.663000
2024-05-19 14:11:21.809,11423,323,8,100,False,0,car,0 days 01:08:05.215000,0 days 02:03:41.823000
2024-05-19 14:11:22.089,11216,321,8,62,False,0,car,0 days 01:08:05.495000,0 days 02:03:42.103000
2024-05-19 14:11:22.409,10152,301,8,0,True,0,car,0 days 01:08:05.815000,0 days 02:03:42.423000
2024-05-19 14:11:22.649,10137,263,8,0,True,0,car,0 days 01:08:06.055000,0 days 02:03:42.663000
2024-05-19 14:11:22.809,10066,241,8,0,True,0,car,0 days 01:08:06.215000,0 days 02:03:42.823000
2024-05-19 14:11:23.049,10418,219,8,0,True,0,car,0 days 01:08:06.455000,0 days 02:03:43.063000
2024-05-19 14:11:23.329,10442,190,6,0,True,0,car,0 days 01:08:06.735000,0 days 02:03:43.343000
2024-05-19 14:11:23.489,10566,183,5,0,True,0,car,0 days 01:08:06.895000,0 days 02:03:43.503000
2024-05-19 14:11:23.649,9989,172,4,0,True,0,car,0 days 01:08:07.055000,0 days 02:03:43.663000
2024-05-19 14:11:23.809,9371,161,4,0,True,0,car,0 days 01:08:07.215000,0 days 02:03:43.823000
2024-05-19 14:11:24.129,8874,151,4,0,True,0,car,0 days 01:08:07.535000,0 days 02:03:44.143000
2024-05-19 14:11:24.530,8989,143,4,10,False,0,car,0 days 01:08:07.936000,0 days 02:03:44.544000
2024-05-19 14:11:24.730,9042,144,4,51,False,0,car,0 days 01:08:08.136000,0 days 02:03:44.744000
2024-05-19 14:11:25.050,9486,150,4,61,False,0,car,0 days 01:08:08.456000,0 days 02:03:45.064000
2024-05-19 14:11:25.330,9956,159,4,85,False,0,car,0 days 01:08:08.736000,0 days 02:03:45.344000
2024-05-19 14:11:25.529,8836,164,4,46,False,0,car,0 days 01:08:08.935000,0 days 02:03:45.543000
2024-05-19 14:11:25.689,8433,162,5,32,False,0,car,0 days 01:08:09.095000,0 days 02:03:45.703000
2024-05-19 14:11:25.929,8172,162,5,30,False,0,car,0 days 01:08:09.335000,0 days 02:03:45.943000
2024-05-19 14:11:26.209,8743,165,5,64,False,0,car,0 days 01:08:09.615000,0 days 02:03:46.223000
2024-05-19 14:11:26.409,8940,169,5,76,False,0,car,0 days 01:08:09.815000,0 days 02:03:46.423000
2024-05-19 14:11:26.569,9351,173,5,100,False,0,car,0 days 01:08:09.975000,0 days 02:03:46.583000
2024-05-19 14:11:26.929,9787,181,5,100,False,0,car,0 days 01:08:10.335000,0 days 02:03:46.943000
2024-05-19 14:11:27.249,10254,195,5,100,False,0,car,0 days 01:08:10.655000,0 days 02:03:47.263000
2024-05-19 14:11:27.449,10566,199,5,100,False,0,car,0 days 01:08:10.855000,0 days 02:03:47.463000
2024-05-19 14:11:27.809,11210,214,5,100,False,0,car,0 days 01:08:11.215000,0 days 02:03:47.823000
2024-05-19 14:11:28.089,11552,214,5,100,False,0,car,0 days 01:08:11.495000,0 days 02:03:48.103000
2024-05-19 14:11:28.249,11552,224,5,100,False,0,car,0 days 01:08:11.655000,0 days 02:03:48.263000
2024-05-19 14:11:28.489,10534,227,6,100,False,0,car,0 days 01:08:11.895000,0 days 02:03:48.503000
2024-05-19 14:11:28.809,10771,235,6,100,False,0,car,0 days 01:08:12.215000,0 days 02:03:48.823000
2024-05-19 14:11:28.969,10831,235,6,100,False,0,car,0 days 01:08:12.375000,0 days 02:03:48.983000
2024-05-19 14:11:29.129,10956,240,6,100,False,0,car,0 days 01:08:12.535000,0 days 02:03:49.143000
2024-05-19 14:11:29.489,11231,246,6,100,False,0,car,0 days 01:08:12.895000,0 days 02:03:49.503000
2024-05-19 14:11:29.689,11337,251,6,100,False,0,car,0 days 01:08:13.095000,0 days 02:03:49.703000
2024-05-19 14:11:29.889,11447,255,6,100,False,0,car,0 days 01:08:13.295000,0 days 02:03:49.903000
2024-05-19 14:11:30.089,11579,258,6,100,False,0,car,0 days 01:08:13.495000,0 days 02:03:50.103000
2024-05-19 14:11:30.409,11535,264,6,100,False,0,car,0 days 01:08:13.815000,0 days 02:03:50.423000
2024-05-19 14:11:30.729,10645,268,7,100,False,0,car,0 days 01:08:14.135000,0 days 02:03:50.743000
2024-05-19 14:11:30.929,10775,271,7,100,False,0,car,0 days 01:08:14.335000,0 days 02:03:50.943000
2024-05-19 14:11:31.090,10758,271,7,100,False,0,car,0 days 01:08:14.496000,0 days 02:03:51.104000
2024-05-19 14:11:31.370,10897,274,7,100,False,0,car,0 days 01:08:14.776000,0 days 02:03:51.384000
2024-05-19 14:11:31.690,11018,276,7,100,False,0,car,0 days 01:08:15.096000,0 days 02:03:51.704000
2024-05-19 14:11:31.890,10927,278,7,100,False,0,car,0 days 01:08:15.296000,0 days 02:03:51.904000
2024-05-19 14:11:32.130,11081,279,7,100,False,0,car,0 days 01:08:15.536000,0 days 02:03:52.144000
2024-05-19 14:11:32.369,11173,280,7,100,False,0,car,0 days 01:08:15.775000,0 days 02:03:52.383000
2024-05-19 14:11:32.809,11109,281,7,100,False,0,car,0 days 01:08:16.215000,0 days 02:03:52.823000
2024-05-19 14:11:33.129,11126,282,7,100,False,0,car,0 days 01:08:16.535000,0 days 02:03:53.143000
2024-05-19 14:11:33.409,10752,274,7,0,True,0,car,0 days 01:08:16.815000,0 days 02:03:53.423000
2024-05-19 14:11:33.809,10621,267,7,0,True,0,car,0 days 01:08:17.215000,0 days 02:03:53.823000
2024-05-19 14:11:34.009,10161,233,6,0,True,0,car,0 days 01:08:17.415000,0 days 02:03:54.023000
2024-05-19 14:11:34.369,9642,222,6,0,True,0,car,0 days 01:08:17.775000,0 days 02:03:54.383000
2024-05-19 14:11:34.609,9393,217,6,1,True,0,car,0 days 01:08:18.015000,0 days 02:03:54.623000
2024-05-19 14:11:34.769,9113,217,6,0,True,0,car,0 days 01:08:18.175000,0 days 02:03:54.783000
2024-05-19 14:11:34.929,9268,205,6,0,True,0,car,0 days 01:08:18.335000,0 days 02:03:54.943000
2024-05-19 14:11:35.129,9115,187,6,0,True,0,car,0 days 01:08:18.535000,0 days 02:03:55.143000
2024-05-19 14:11:35.409,8579,181,5,0,True,0,car,0 days 01:08:18.815000,0 days 02:03:55.423000
2024-05-19 14:11:35.649,8341,172,5,0,True,0,car,0 days 01:08:19.055000,0 days 02:03:55.663000
2024-05-19 14:11:36.089,8460,165,5,46,False,0,car,0 days 01:08:19.495000,0 days 02:03:56.103000
2024-05-19 14:11:36.329,8615,162,5,53,False,0,car,0 days 01:08:19.735000,0 days 02:03:56.343000
2024-05-19 14:11:36.689,8973,166,5,72,False,0,car,0 days 01:08:20.095000,0 days 02:03:56.703000
2024-05-19 14:11:36.929,10120,175,5,100,False,0,car,0 days 01:08:20.335000,0 days 02:03:56.943000
2024-05-19 14:11:37.209,10020,181,5,100,False,0,car,0 days 01:08:20.615000,0 days 02:03:57.223000
2024-05-19 14:11:37.369,9802,186,5,100,False,0,car,0 days 01:08:20.775000,0 days 02:03:57.383000
2024-05-19 14:11:37.730,10398,198,5,100,False,0,car,0 days 01:08:21.136000,0 days 02:03:57.744000
2024-05-19 14:11:37.930,10657,204,5,100,False,0,car,0 days 01:08:21.336000,0 days 02:03:57.944000
2024-05-19 14:11:38.330,11154,215,5,100,False,0,car,0 days 01:08:21.736000,0 days 02:03:58.344000
2024-05-19 14:11:38.530,11173,219,5,100,False,0,car,0 days 01:08:21.936000,0 days 02:03:58.544000
2024-05-19 14:11:38.770,11345,221,5,100,False,0,car,0 days 01:08:22.176000,0 days 02:03:58.784000
2024-05-19 14:11:39.129,11592,226,5,100,False,0,car,0 days 01:08:22.535000,0 days 02:03:59.143000
2024-05-19 14:11:39.409,11271,228,5,100,False,0,car,0 days 01:08:22.815000,0 days 02:03:59.423000
2024-05-19 14:11:39.689,10951,217,5,0,True,0,car,0 days 01:08:23.095000,0 days 02:03:59.703000
2024-05-19 14:11:40.009,10308,179,5,0,True,0,car,0 days 01:08:23.415000,0 days 02:04:00.023000
2024-05-19 14:11:40.209,10137,162,4,0,True,0,car,0 days 01:08:23.615000,0 days 02:04:00.223000
2024-05-19 14:11:40.409,10488,148,4,0,True,0,car,0 days 01:08:23.815000,0 days 02:04:00.423000
2024-05-19 14:11:40.689,9445,142,3,0,True,0,car,0 days 01:08:24.095000,0 days 02:04:00.703000
2024-05-19 14:11:40.929,8501,123,3,0,True,0,car,0 days 01:08:24.335000,0 days 02:04:00.943000
2024-05-19 14:11:41.249,7847,114,3,0,True,0,car,0 days 01:08:24.655000,0 days 02:04:01.263000
2024-05-19 14:11:41.529,7424,106,3,0,True,0,car,0 days 01:08:24.935000,0 days 02:04:01.543000
2024-05-19 14:11:41.729,7213,102,3,0,True,0,car,0 days 01:08:25.135000,0 days 02:04:01.743000
2024-05-19 14:11:42.049,6764,97,3,0,False,0,car,0 days 01:08:25.455000,0 days 02:04:02.063000
2024-05-19 14:11:42.209,6887,96,3,5,False,0,car,0 days 01:08:25.615000,0 days 02:04:02.223000
2024-05-19 14:11:42.609,7211,97,3,22,False,0,car,0 days 01:08:26.015000,0 days 02:04:02.623000
2024-05-19 14:11:42.889,7404,98,3,22,False,0,car,0 days 01:08:26.295000,0 days 02:04:02.903000
2024-05-19 14:11:43.209,7730,100,3,32,False,0,car,0 days 01:08:26.615000,0 days 02:04:03.223000
2024-05-19 14:11:43.369,7738,103,3,41,False,0,car,0 days 01:08:26.775000,0 days 02:04:03.383000
2024-05-19 14:11:43.689,8317,108,3,55,False,0,car,0 days 01:08:27.095000,0 days 02:04:03.703000
2024-05-19 14:11:44.049,9259,120,3,71,False,0,car,0 days 01:08:27.455000,0 days 02:04:04.063000
2024-05-19 14:11:44.290,10004,128,3,89,False,0,car,0 days 01:08:27.696000,0 days 02:04:04.304000
2024-05-19 14:11:44.530,11124,141,3,100,False,0,car,0 days 01:08:27.936000,0 days 02:04:04.544000
2024-05-19 14:11:44.730,11713,151,3,100,False,0,car,0 days 01:08:28.136000,0 days 02:04:04.744000
2024-05-19 14:11:45.010,10752,165,3,100,False,0,car,0 days 01:08:28.416000,0 days 02:04:05.024000
2024-05-19 14:11:45.210,10732,174,4,100,False,0,car,0 days 01:08:28.616000,0 days 02:04:05.224000
2024-05-19 14:11:45.490,11254,182,4,100,False,0,car,0 days 01:08:28.896000,0 days 02:04:05.504000
2024-05-19 14:11:45.649,11616,189,4,100,False,0,car,0 days 01:08:29.055000,0 days 02:04:05.663000
2024-05-19 14:11:45.929,11520,199,4,100,False,0,car,0 days 01:08:29.335000,0 days 02:04:05.943000
2024-05-19 14:11:46.089,10615,202,4,100,False,0,car,0 days 01:08:29.495000,0 days 02:04:06.103000
2024-05-19 14:11:46.249,10848,208,5,100,False,0,car,0 days 01:08:29.655000,0 days 02:04:06.263000
2024-05-19 14:11:46.529,11122,217,5,100,False,0,car,0 days 01:08:29.935000,0 days 02:04:06.543000
2024-05-19 14:11:46.769,11270,223,5,100,False,0,car,0 days 01:08:30.175000,0 days 02:04:06.783000
2024-05-19 14:11:47.169,11296,232,5,100,False,0,car,0 days 01:08:30.575000,0 days 02:04:07.183000
2024-05-19 14:11:47.409,10634,239,6,100,False,0,car,0 days 01:08:30.815000,0 days 02:04:07.423000
2024-05-19 14:11:47.649,10951,243,6,100,False,0,car,0 days 01:08:31.055000,0 days 02:04:07.663000
2024-05-19 14:11:47.969,11199,249,6,100,False,0,car,0 days 01:08:31.375000,0 days 02:04:07.983000
2024-05-19 14:11:48.169,11308,253,6,100,False,0,car,0 days 01:08:31.575000,0 days 02:04:08.183000
2024-05-19 14:11:48.449,11478,257,6,100,False,0,car,0 days 01:08:31.855000,0 days 02:04:08.463000
2024-05-19 14:11:48.649,11556,260,6,100,False,0,car,0 days 01:08:32.055000,0 days 02:04:08.663000
2024-05-19 14:11:48.929,10591,263,6,100,False,0,car,0 days 01:08:32.335000,0 days 02:04:08.943000
2024-05-19 14:11:49.289,10612,265,7,100,False,0,car,0 days 01:08:32.695000,0 days 02:04:09.303000
2024-05-19 14:11:49.529,10588,267,7,100,False,0,car,0 days 01:08:32.935000,0 days 02:04:09.543000
2024-05-19 14:11:49.809,10668,268,7,100,False,0,car,0 days 01:08:33.215000,0 days 02:04:09.823000
2024-05-19 14:11:50.289,10726,270,7,100,False,0,car,0 days 01:08:33.695000,0 days 02:04:10.303000
2024-05-19 14:11:50.449,10726,270,7,100,False,0,car,0 days 01:08:33.855000,0 days 02:04:10.463000
2024-05-19 14:11:50.729,10747,271,7,100,False,0,car,0 days 01:08:34.135000,0 days 02:04:10.743000
2024-05-19 14:11:51.130,10746,272,7,100,False,0,car,0 days 01:08:34.536000,0 days 02:04:11.144000
2024-05-19 14:11:51.290,10758,271,7,100,False,0,car,0 days 01:08:34.696000,0 days 02:04:11.304000
2024-05-19 14:11:51.490,10439,272,7,24,True,0,car,0 days 01:08:34.896000,0 days 02:04:11.504000
2024-05-19 14:11:51.650,10161,262,7,0,True,0,car,0 days 01:08:35.056000,0 days 02:04:11.664000
2024-05-19 14:11:51.810,9583,245,7,0,True,0,car,0 days 01:08:35.216000,0 days 02:04:11.824000
2024-05-19 14:11:52.090,9984,229,7,0,True,0,car,0 days 01:08:35.496000,0 days 02:04:12.104000
2024-05-19 14:11:52.290,10524,214,7,1,True,0,car,0 days 01:08:35.696000,0 days 02:04:12.304000
2024-05-19 14:11:52.729,10210,202,5,32,False,0,car,0 days 01:08:36.135000,0 days 02:04:12.743000
2024-05-19 14:11:52.889,10304,198,5,73,False,0,car,0 days 01:08:36.295000,0 days 02:04:12.903000
2024-05-19 14:11:53.169,10516,202,5,83,False,0,car,0 days 01:08:36.575000,0 days 02:04:13.183000
2024-05-19 14:11:53.529,10803,206,5,84,False,0,car,0 days 01:08:36.935000,0 days 02:04:13.543000
2024-05-19 14:11:53.769,11140,211,5,100,False,0,car,0 days 01:08:37.175000,0 days 02:04:13.783000
2024-05-19 14:11:53.929,11192,215,5,100,False,0,car,0 days 01:08:37.335000,0 days 02:04:13.943000
2024-05-19 14:11:54.209,11599,223,5,100,False,0,car,0 days 01:08:37.615000,0 days 02:04:14.223000
2024-05-19 14:11:54.369,11625,227,5,100,False,0,car,0 days 01:08:37.775000,0 days 02:04:14.383000
2024-05-19 14:11:54.729,10598,235,6,100,False,0,car,0 days 01:08:38.135000,0 days 02:04:14.743000
2024-05-19 14:11:54.969,10826,239,6,100,False,0,car,0 days 01:08:38.375000,0 days 02:04:14.983000
2024-05-19 14:11:55.249,11008,245,6,100,False,0,car,0 days 01:08:38.655000,0 days 02:04:15.263000
2024-05-19 14:11:55.529,11219,250,6,100,False,0,car,0 days 01:08:38.935000,0 days 02:04:15.543000
2024-05-19 14:11:55.689,11312,252,6,100,False,0,car,0 days 01:08:39.095000,0 days 02:04:15.703000
2024-05-19 14:11:55.889,11420,254,6,100,False,0,car,0 days 01:08:39.295000,0 days 02:04:15.903000
2024-05-19 14:11:56.209,11316,258,6,100,False,0,car,0 days 01:08:39.615000,0 days 02:04:16.223000
2024-05-19 14:11:56.409,10441,260,7,100,False,0,car,0 days 01:08:39.815000,0 days 02:04:16.423000
2024-05-19 14:11:56.649,10428,263,7,100,False,0,car,0 days 01:08:40.055000,0 days 02:04:16.663000
2024-05-19 14:11:56.849,10505,265,7,100,False,0,car,0 days 01:08:40.255000,0 days 02:04:16.863000
2024-05-19 14:11:57.209,10647,269,7,100,False,0,car,0 days 01:08:40.615000,0 days 02:04:17.223000
2024-05-19 14:11:57.490,10687,270,7,100,False,0,car,0 days 01:08:40.896000,0 days 02:04:17.504000
2024-05-19 14:11:57.770,10711,271,7,100,False,0,car,0 days 01:08:41.176000,0 days 02:04:17.784000
2024-05-19 14:11:58.090,10803,272,7,100,False,0,car,0 days 01:08:41.496000,0 days 02:04:18.104000
2024-05-19 14:11:58.330,10734,271,7,100,False,0,car,0 days 01:08:41.736000,0 days 02:04:18.344000
2024-05-19 14:11:58.530,10545,269,7,51,False,0,car,0 days 01:08:41.936000,0 days 02:04:18.544000
2024-05-19 14:11:58.690,10219,268,7,0,False,0,car,0 days 01:08:42.096000,0 days 02:04:18.704000
2024-05-19 14:11:58.850,10276,262,7,0,False,0,car,0 days 01:08:42.256000,0 days 02:04:18.864000
2024-05-19 14:11:59.050,9728,253,7,0,True,0,car,0 days 01:08:42.456000,0 days 02:04:19.064000
2024-05-19 14:12:00.209,8779,153,4,0,True,0,car,0 days 01:08:43.615000,0 days 02:04:20.223000
2024-05-19 14:12:00.369,8505,144,4,0,True,0,car,0 days 01:08:43.775000,0 days 02:04:20.383000
2024-05-19 14:12:00.689,7677,131,4,0,True,0,car,0 days 01:08:44.095000,0 days 02:04:20.703000
2024-05-19 14:12:01.049,7425,124,4,0,False,0,car,0 days 01:08:44.455000,0 days 02:04:21.063000
2024-05-19 14:12:01.249,7300,119,4,17,False,0,car,0 days 01:08:44.655000,0 days 02:04:21.263000
2024-05-19 14:12:01.409,7410,119,4,27,False,0,car,0 days 01:08:44.815000,0 days 02:04:21.423000
2024-05-19 14:12:01.649,7696,122,4,37,False,0,car,0 days 01:08:45.055000,0 days 02:04:21.663000
2024-05-19 14:12:01.809,7970,127,4,55,False,0,car,0 days 01:08:45.215000,0 days 02:04:21.823000
2024-05-19 14:12:02.089,8424,130,4,90,False,0,car,0 days 01:08:45.495000,0 days 02:04:22.103000
2024-05-19 14:12:02.289,9087,140,4,100,False,0,car,0 days 01:08:45.695000,0 days 02:04:22.303000
2024-05-19 14:12:02.449,9087,148,4,100,False,0,car,0 days 01:08:45.855000,0 days 02:04:22.463000
2024-05-19 14:12:02.729,10140,160,4,100,False,0,car,0 days 01:08:46.135000,0 days 02:04:22.743000
2024-05-19 14:12:03.089,10730,166,4,100,False,0,car,0 days 01:08:46.495000,0 days 02:04:23.103000
2024-05-19 14:12:03.249,10966,178,4,100,False,0,car,0 days 01:08:46.655000,0 days 02:04:23.263000
2024-05-19 14:12:03.529,11439,188,4,100,False,0,car,0 days 01:08:46.935000,0 days 02:04:23.543000
2024-05-19 14:12:03.689,11744,188,4,100,False,0,car,0 days 01:08:47.095000,0 days 02:04:23.703000
2024-05-19 14:12:03.970,10323,201,5,100,False,0,car,0 days 01:08:47.376000,0 days 02:04:23.984000
2024-05-19 14:12:04.130,10719,208,5,100,False,0,car,0 days 01:08:47.536000,0 days 02:04:24.144000
2024-05-19 14:12:04.290,11108,211,5,100,False,0,car,0 days 01:08:47.696000,0 days 02:04:24.304000
2024-05-19 14:12:04.570,11411,219,5,100,False,0,car,0 days 01:08:47.976000,0 days 02:04:24.584000
2024-05-19 14:12:04.770,11630,224,5,100,False,0,car,0 days 01:08:48.176000,0 days 02:04:24.784000
2024-05-19 14:12:04.970,11743,229,5,100,False,0,car,0 days 01:08:48.376000,0 days 02:04:24.984000
2024-05-19 14:12:05.410,10781,239,6,100,False,0,car,0 days 01:08:48.816000,0 days 02:04:25.424000
2024-05-19 14:12:05.690,10912,244,6,100,False,0,car,0 days 01:08:49.096000,0 days 02:04:25.704000
2024-05-19 14:12:05.969,11040,249,6,100,False,0,car,0 days 01:08:49.375000,0 days 02:04:25.983000
2024-05-19 14:12:06.169,11155,251,6,100,False,0,car,0 days 01:08:49.575000,0 days 02:04:26.183000
2024-05-19 14:12:06.449,11390,255,6,100,False,0,car,0 days 01:08:49.855000,0 days 02:04:26.463000
2024-05-19 14:12:06.649,11425,256,6,100,False,0,car,0 days 01:08:50.055000,0 days 02:04:26.663000
2024-05-19 14:12:06.849,11401,258,6,100,False,0,car,0 days 01:08:50.255000,0 days 02:04:26.863000
2024-05-19 14:12:07.289,11494,259,6,100,False,0,car,0 days 01:08:50.695000,0 days 02:04:27.303000
2024-05-19 14:12:07.729,11542,260,6,100,False,0,car,0 days 01:08:51.135000,0 days 02:04:27.743000
2024-05-19 14:12:08.009,11366,256,6,44,True,0,car,0 days 01:08:51.415000,0 days 02:04:28.023000
2024-05-19 14:12:08.169,11366,256,6,0,True,0,car,0 days 01:08:51.575000,0 days 02:04:28.183000
2024-05-19 14:12:08.489,9424,216,6,0,True,0,car,0 days 01:08:51.895000,0 days 02:04:28.503000
2024-05-19 14:12:08.849,10474,188,5,0,True,0,car,0 days 01:08:52.255000,0 days 02:04:28.863000
2024-05-19 14:12:09.089,9548,162,4,0,True,0,car,0 days 01:08:52.495000,0 days 02:04:29.103000
2024-05-19 14:12:09.369,8361,143,4,0,True,0,car,0 days 01:08:52.775000,0 days 02:04:29.383000
2024-05-19 14:12:09.689,7404,129,4,0,True,0,car,0 days 01:08:53.095000,0 days 02:04:29.703000
2024-05-19 14:12:09.849,7212,124,4,0,True,0,car,0 days 01:08:53.255000,0 days 02:04:29.863000
2024-05-19 14:12:10.209,6698,113,4,0,False,0,car,0 days 01:08:53.615000,0 days 02:04:30.223000
2024-05-19 14:12:10.530,7683,111,4,0,True,0,car,0 days 01:08:53.936000,0 days 02:04:30.544000
2024-05-19 14:12:10.810,7515,105,3,0,True,0,car,0 days 01:08:54.216000,0 days 02:04:30.824000
2024-05-19 14:12:11.090,7161,101,3,0,False,0,car,0 days 01:08:54.496000,0 days 02:04:31.104000
2024-05-19 14:12:11.410,7578,98,3,13,False,0,car,0 days 01:08:54.816000,0 days 02:04:31.424000
2024-05-19 14:12:11.650,7385,98,3,19,False,0,car,0 days 01:08:55.056000,0 days 02:04:31.664000
2024-05-19 14:12:11.890,7742,101,3,39,False,0,car,0 days 01:08:55.296000,0 days 02:04:31.904000
2024-05-19 14:12:12.130,8035,107,3,48,False,0,car,0 days 01:08:55.536000,0 days 02:04:32.144000
2024-05-19 14:12:12.450,8455,117,3,48,False,0,car,0 days 01:08:55.856000,0 days 02:04:32.464000
2024-05-19 14:12:12.609,9575,125,3,82,False,0,car,0 days 01:08:56.015000,0 days 02:04:32.623000
2024-05-19 14:12:12.889,10816,134,3,96,False,0,car,0 days 01:08:56.295000,0 days 02:04:32.903000
2024-05-19 14:12:13.249,9904,154,3,100,False,0,car,0 days 01:08:56.655000,0 days 02:04:33.263000
2024-05-19 14:12:13.449,10325,163,4,100,False,0,car,0 days 01:08:56.855000,0 days 02:04:33.463000
2024-05-19 14:12:13.809,11197,182,4,100,False,0,car,0 days 01:08:57.215000,0 days 02:04:33.823000
2024-05-19 14:12:13.969,11443,185,4,100,False,0,car,0 days 01:08:57.375000,0 days 02:04:33.983000
2024-05-19 14:12:14.209,11788,197,4,100,False,0,car,0 days 01:08:57.615000,0 days 02:04:34.223000
2024-05-19 14:12:14.409,10687,200,5,100,False,0,car,0 days 01:08:57.815000,0 days 02:04:34.423000
2024-05-19 14:12:14.649,10903,210,5,100,False,0,car,0 days 01:08:58.055000,0 days 02:04:34.663000
2024-05-19 14:12:14.889,10982,212,5,100,False,0,car,0 days 01:08:58.295000,0 days 02:04:34.903000
2024-05-19 14:12:15.089,11355,222,5,100,False,0,car,0 days 01:08:58.495000,0 days 02:04:35.103000
2024-05-19 14:12:15.249,11499,222,5,100,False,0,car,0 days 01:08:58.655000,0 days 02:04:35.263000
2024-05-19 14:12:15.449,11499,230,5,100,False,0,car,0 days 01:08:58.855000,0 days 02:04:35.463000
2024-05-19 14:12:15.769,10550,239,6,100,False,0,car,0 days 01:08:59.175000,0 days 02:04:35.783000
2024-05-19 14:12:16.209,11177,250,6,100,False,0,car,0 days 01:08:59.615000,0 days 02:04:36.223000
2024-05-19 14:12:16.369,11312,252,6,100,False,0,car,0 days 01:08:59.775000,0 days 02:04:36.383000
2024-05-19 14:12:16.649,11544,258,6,100,False,0,car,0 days 01:09:00.055000,0 days 02:04:36.663000
2024-05-19 14:12:16.969,11707,262,6,100,False,0,car,0 days 01:09:00.375000,0 days 02:04:36.983000
2024-05-19 14:12:17.170,10602,265,7,100,False,0,car,0 days 01:09:00.576000,0 days 02:04:37.184000
2024-05-19 14:12:17.370,10643,268,7,100,False,0,car,0 days 01:09:00.776000,0 days 02:04:37.384000
2024-05-19 14:12:17.530,10695,271,7,100,False,0,car,0 days 01:09:00.936000,0 days 02:04:37.544000
2024-05-19 14:12:17.770,10884,274,7,100,False,0,car,0 days 01:09:01.176000,0 days 02:04:37.784000
2024-05-19 14:12:17.930,10913,276,7,100,False,0,car,0 days 01:09:01.336000,0 days 02:04:37.944000
2024-05-19 14:12:18.290,11085,279,7,100,False,0,car,0 days 01:09:01.696000,0 days 02:04:38.304000
2024-05-19 14:12:18.610,11225,283,7,100,False,0,car,0 days 01:09:02.016000,0 days 02:04:38.624000
2024-05-19 14:12:18.770,11255,283,7,100,False,0,car,0 days 01:09:02.176000,0 days 02:04:38.784000
2024-05-19 14:12:19.050,11221,286,7,100,False,0,car,0 days 01:09:02.456000,0 days 02:04:39.064000
2024-05-19 14:12:19.249,11383,286,7,100,False,0,car,0 days 01:09:02.655000,0 days 02:04:39.263000
2024-05-19 14:12:19.449,11459,290,7,100,False,0,car,0 days 01:09:02.855000,0 days 02:04:39.463000
2024-05-19 14:12:19.849,11589,294,7,100,False,0,car,0 days 01:09:03.255000,0 days 02:04:39.863000
2024-05-19 14:12:20.609,11616,298,7,100,False,0,car,0 days 01:09:04.015000,0 days 02:04:40.623000
2024-05-19 14:12:20.929,11619,296,7,100,False,0,car,0 days 01:09:04.335000,0 days 02:04:40.943000
2024-05-19 14:12:21.129,11171,291,7,7,False,0,car,0 days 01:09:04.535000,0 days 02:04:41.143000
2024-05-19 14:12:21.329,10654,273,7,0,True,0,car,0 days 01:09:04.735000,0 days 02:04:41.343000
2024-05-19 14:12:21.569,9713,249,7,0,True,0,car,0 days 01:09:04.975000,0 days 02:04:41.583000
2024-05-19 14:12:21.729,10109,236,7,0,True,0,car,0 days 01:09:05.135000,0 days 02:04:41.743000
2024-05-19 14:12:21.889,10423,213,7,0,True,0,car,0 days 01:09:05.295000,0 days 02:04:41.903000
2024-05-19 14:12:22.049,10327,190,6,0,True,0,car,0 days 01:09:05.455000,0 days 02:04:42.063000
2024-05-19 14:12:22.409,10749,158,4,0,True,0,car,0 days 01:09:05.815000,0 days 02:04:42.423000
2024-05-19 14:12:22.609,10251,144,3,0,True,0,car,0 days 01:09:06.015000,0 days 02:04:42.623000
2024-05-19 14:12:22.769,9408,138,3,0,True,0,car,0 days 01:09:06.175000,0 days 02:04:42.783000
2024-05-19 14:12:22.929,9161,129,3,0,True,0,car,0 days 01:09:06.335000,0 days 02:04:42.943000
2024-05-19 14:12:23.089,8742,127,3,0,True,0,car,0 days 01:09:06.495000,0 days 02:04:43.103000
2024-05-19 14:12:23.369,8554,119,3,0,True,0,car,0 days 01:09:06.775000,0 days 02:04:43.383000
2024-05-19 14:12:23.770,7930,113,3,2,False,0,car,0 days 01:09:07.176000,0 days 02:04:43.784000
2024-05-19 14:12:24.050,8070,109,3,34,False,0,car,0 days 01:09:07.456000,0 days 02:04:44.064000
2024-05-19 14:12:24.370,8647,115,3,46,False,0,car,0 days 01:09:07.776000,0 days 02:04:44.384000
2024-05-19 14:12:24.810,9857,127,3,73,False,0,car,0 days 01:09:08.216000,0 days 02:04:44.824000
2024-05-19 14:12:25.010,10341,134,3,77,False,0,car,0 days 01:09:08.416000,0 days 02:04:45.024000
2024-05-19 14:12:25.250,10554,143,3,100,False,0,car,0 days 01:09:08.656000,0 days 02:04:45.264000
2024-05-19 14:12:25.490,9718,153,4,100,False,0,car,0 days 01:09:08.896000,0 days 02:04:45.504000
2024-05-19 14:12:25.730,9549,161,4,52,True,0,car,0 days 01:09:09.136000,0 days 02:04:45.744000
2024-05-19 14:12:26.049,8680,156,4,0,True,0,car,0 days 01:09:09.455000,0 days 02:04:46.063000
2024-05-19 14:12:26.329,8407,144,4,0,True,0,car,0 days 01:09:09.735000,0 days 02:04:46.343000
2024-05-19 14:12:26.609,8158,138,4,0,False,0,car,0 days 01:09:10.015000,0 days 02:04:46.623000
2024-05-19 14:12:26.769,8022,137,4,0,True,0,car,0 days 01:09:10.175000,0 days 02:04:46.783000
2024-05-19 14:12:27.009,7949,132,4,1,False,0,car,0 days 01:09:10.415000,0 days 02:04:47.023000
2024-05-19 14:12:27.249,8026,130,4,48,False,0,car,0 days 01:09:10.655000,0 days 02:04:47.263000
2024-05-19 14:12:27.409,8173,133,4,51,False,0,car,0 days 01:09:10.815000,0 days 02:04:47.423000
2024-05-19 14:12:27.649,8534,137,4,57,False,0,car,0 days 01:09:11.055000,0 days 02:04:47.663000
2024-05-19 14:12:27.929,9196,144,4,69,False,0,car,0 days 01:09:11.335000,0 days 02:04:47.943000
2024-05-19 14:12:28.129,9424,148,4,69,False,0,car,0 days 01:09:11.535000,0 days 02:04:48.143000
2024-05-19 14:12:28.529,10588,161,4,100,False,0,car,0 days 01:09:11.935000,0 days 02:04:48.543000
2024-05-19 14:12:28.969,11153,182,4,100,False,0,car,0 days 01:09:12.375000,0 days 02:04:48.983000
2024-05-19 14:12:29.409,10312,200,5,100,False,0,car,0 days 01:09:12.815000,0 days 02:04:49.423000
2024-05-19 14:12:29.689,10664,206,5,100,False,0,car,0 days 01:09:13.095000,0 days 02:04:49.703000
2024-05-19 14:12:29.969,11145,213,5,100,False,0,car,0 days 01:09:13.375000,0 days 02:04:49.983000
2024-05-19 14:12:30.129,11345,221,5,100,False,0,car,0 days 01:09:13.535000,0 days 02:04:50.143000
2024-05-19 14:12:30.290,11490,224,5,100,False,0,car,0 days 01:09:13.696000,0 days 02:04:50.304000
2024-05-19 14:12:30.610,10970,234,5,100,False,0,car,0 days 01:09:14.016000,0 days 02:04:50.624000
2024-05-19 14:12:30.970,10870,241,6,100,False,0,car,0 days 01:09:14.376000,0 days 02:04:50.984000
2024-05-19 14:12:31.330,11229,249,6,100,False,0,car,0 days 01:09:14.736000,0 days 02:04:51.344000
2024-05-19 14:12:31.570,11372,253,6,100,False,0,car,0 days 01:09:14.976000,0 days 02:04:51.584000
2024-05-19 14:12:31.810,11469,258,6,100,False,0,car,0 days 01:09:15.216000,0 days 02:04:51.824000
2024-05-19 14:12:32.170,10518,261,7,100,False,0,car,0 days 01:09:15.576000,0 days 02:04:52.184000
2024-05-19 14:12:32.410,10678,264,7,100,False,0,car,0 days 01:09:15.816000,0 days 02:04:52.424000
2024-05-19 14:12:32.610,10775,270,7,100,False,0,car,0 days 01:09:16.016000,0 days 02:04:52.624000
2024-05-19 14:12:32.769,10809,271,7,100,False,0,car,0 days 01:09:16.175000,0 days 02:04:52.783000
2024-05-19 14:12:32.929,10924,273,7,100,False,0,car,0 days 01:09:16.335000,0 days 02:04:52.943000
2024-05-19 14:12:33.169,11028,277,7,100,False,0,car,0 days 01:09:16.575000,0 days 02:04:53.183000
2024-05-19 14:12:33.449,11085,281,7,100,False,0,car,0 days 01:09:16.855000,0 days 02:04:53.463000
2024-05-19 14:12:33.609,11226,283,7,100,False,0,car,0 days 01:09:17.015000,0 days 02:04:53.623000
2024-05-19 14:12:33.889,11268,284,7,100,False,0,car,0 days 01:09:17.295000,0 days 02:04:53.903000
2024-05-19 14:12:34.249,11432,289,7,100,False,0,car,0 days 01:09:17.655000,0 days 02:04:54.263000
2024-05-19 14:12:34.569,11460,292,7,100,False,0,car,0 days 01:09:17.975000,0 days 02:04:54.583000
2024-05-19 14:12:34.929,10605,294,7,100,False,0,car,0 days 01:09:18.335000,0 days 02:04:54.943000
2024-05-19 14:12:35.329,10643,298,8,100,False,0,car,0 days 01:09:18.735000,0 days 02:04:55.343000
2024-05-19 14:12:35.489,10680,299,8,100,False,0,car,0 days 01:09:18.895000,0 days 02:04:55.503000
2024-05-19 14:12:35.649,10714,300,8,100,False,0,car,0 days 01:09:19.055000,0 days 02:04:55.663000
2024-05-19 14:12:35.809,10735,301,8,100,False,0,car,0 days 01:09:19.215000,0 days 02:04:55.823000
2024-05-19 14:12:36.009,10768,303,8,100,False,0,car,0 days 01:09:19.415000,0 days 02:04:56.023000
2024-05-19 14:12:36.289,10832,304,8,100,False,0,car,0 days 01:09:19.695000,0 days 02:04:56.303000
2024-05-19 14:12:36.489,10847,306,8,100,False,0,car,0 days 01:09:19.895000,0 days 02:04:56.503000
2024-05-19 14:12:36.769,10931,307,8,100,False,0,car,0 days 01:09:20.175000,0 days 02:04:56.783000
2024-05-19 14:12:37.170,10988,309,8,100,False,0,car,0 days 01:09:20.576000,0 days 02:04:57.184000
2024-05-19 14:12:37.530,11098,310,8,100,False,0,car,0 days 01:09:20.936000,0 days 02:04:57.544000
2024-05-19 14:12:38.010,11135,313,8,100,False,0,car,0 days 01:09:21.416000,0 days 02:04:58.024000
2024-05-19 14:12:38.370,11129,314,8,100,False,0,car,0 days 01:09:21.776000,0 days 02:04:58.384000
2024-05-19 14:12:38.570,11181,314,8,100,False,0,car,0 days 01:09:21.976000,0 days 02:04:58.584000
2024-05-19 14:12:38.850,11143,315,8,100,False,0,car,0 days 01:09:22.256000,0 days 02:04:58.864000
2024-05-19 14:12:39.130,11199,315,8,100,False,0,car,0 days 01:09:22.536000,0 days 02:04:59.144000
2024-05-19 14:12:39.330,11179,316,8,100,False,0,car,0 days 01:09:22.736000,0 days 02:04:59.344000
2024-05-19 14:12:39.649,11248,317,8,100,False,0,car,0 days 01:09:23.055000,0 days 02:04:59.663000
2024-05-19 14:12:40.009,11283,318,8,100,False,0,car,0 days 01:09:23.415000,0 days 02:05:00.023000
2024-05-19 14:12:40.169,11289,318,8,100,False,0,car,0 days 01:09:23.575000,0 days 02:05:00.183000
2024-05-19 14:12:40.489,11293,318,8,100,False,0,car,0 days 01:09:23.895000,0 days 02:05:00.503000
2024-05-19 14:12:40.849,11256,319,8,100,False,0,car,0 days 01:09:24.255000,0 days 02:05:00.863000
2024-05-19 14:12:41.009,11227,319,8,100,False,0,car,0 days 01:09:24.415000,0 days 02:05:01.023000
2024-05-19 14:12:41.209,11273,319,8,100,False,0,car,0 days 01:09:24.615000,0 days 02:05:01.223000
2024-05-19 14:12:41.409,11306,319,8,100,False,0,car,0 days 01:09:24.815000,0 days 02:05:01.423000
2024-05-19 14:12:41.569,11306,319,8,100,False,0,car,0 days 01:09:24.975000,0 days 02:05:01.583000
2024-05-19 14:12:41.849,11301,320,8,100,False,0,car,0 days 01:09:25.255000,0 days 02:05:01.863000
2024-05-19 14:12:42.169,11309,319,8,100,False,0,car,0 days 01:09:25.575000,0 days 02:05:02.183000
2024-05-19 14:12:42.489,11322,321,8,100,False,0,car,0 days 01:09:25.895000,0 days 02:05:02.503000
2024-05-19 14:12:42.689,11283,320,8,100,False,0,car,0 days 01:09:26.095000,0 days 02:05:02.703000
2024-05-19 14:12:42.969,11374,320,8,100,True,0,car,0 days 01:09:26.375000,0 days 02:05:02.983000
2024-05-19 14:12:43.169,10873,309,8,0,True,0,car,0 days 01:09:26.575000,0 days 02:05:03.183000
2024-05-19 14:12:43.329,10078,285,8,0,True,0,car,0 days 01:09:26.735000,0 days 02:05:03.343000
2024-05-19 14:12:43.570,9893,257,8,0,True,0,car,0 days 01:09:26.976000,0 days 02:05:03.584000
2024-05-19 14:12:43.770,10160,232,8,0,True,0,car,0 days 01:09:27.176000,0 days 02:05:03.784000
2024-05-19 14:12:44.170,10190,192,6,0,True,0,car,0 days 01:09:27.576000,0 days 02:05:04.184000
2024-05-19 14:12:44.490,9793,170,4,0,True,0,car,0 days 01:09:27.896000,0 days 02:05:04.504000
2024-05-19 14:12:44.810,9095,153,4,0,True,0,car,0 days 01:09:28.216000,0 days 02:05:04.824000
2024-05-19 14:12:44.970,8840,151,4,0,True,0,car,0 days 01:09:28.376000,0 days 02:05:04.984000
2024-05-19 14:12:45.130,8559,146,4,0,True,0,car,0 days 01:09:28.536000,0 days 02:05:05.144000
2024-05-19 14:12:45.410,8860,143,4,41,False,0,car,0 days 01:09:28.816000,0 days 02:05:05.424000
2024-05-19 14:12:45.570,9009,144,4,58,False,0,car,0 days 01:09:28.976000,0 days 02:05:05.584000
2024-05-19 14:12:45.890,9384,150,4,77,False,0,car,0 days 01:09:29.296000,0 days 02:05:05.904000
2024-05-19 14:12:46.209,9114,165,4,82,False,0,car,0 days 01:09:29.615000,0 days 02:05:06.223000
2024-05-19 14:12:46.409,8418,165,4,31,False,0,car,0 days 01:09:29.815000,0 days 02:05:06.423000
2024-05-19 14:12:46.609,8278,165,5,37,False,0,car,0 days 01:09:30.015000,0 days 02:05:06.623000
2024-05-19 14:12:46.849,8631,166,5,45,False,0,car,0 days 01:09:30.255000,0 days 02:05:06.863000
2024-05-19 14:12:47.049,9042,168,5,67,False,0,car,0 days 01:09:30.455000,0 days 02:05:07.063000
2024-05-19 14:12:47.209,9225,174,5,91,False,0,car,0 days 01:09:30.615000,0 days 02:05:07.223000
2024-05-19 14:12:47.529,9763,183,5,100,False,0,car,0 days 01:09:30.935000,0 days 02:05:07.543000
2024-05-19 14:12:47.929,10315,197,5,100,False,0,car,0 days 01:09:31.335000,0 days 02:05:07.943000
2024-05-19 14:12:48.209,10720,208,5,100,False,0,car,0 days 01:09:31.615000,0 days 02:05:08.223000
2024-05-19 14:12:48.489,11127,213,5,100,False,0,car,0 days 01:09:31.895000,0 days 02:05:08.503000
2024-05-19 14:12:48.729,11374,220,5,100,False,0,car,0 days 01:09:32.135000,0 days 02:05:08.743000
2024-05-19 14:12:48.889,11502,222,5,100,False,0,car,0 days 01:09:32.295000,0 days 02:05:08.903000
2024-05-19 14:12:49.089,10883,225,5,100,False,0,car,0 days 01:09:32.495000,0 days 02:05:09.103000
2024-05-19 14:12:49.249,10485,229,5,100,False,0,car,0 days 01:09:32.655000,0 days 02:05:09.263000
2024-05-19 14:12:49.489,10598,233,6,100,False,0,car,0 days 01:09:32.895000,0 days 02:05:09.503000
2024-05-19 14:12:49.809,10942,241,6,100,False,0,car,0 days 01:09:33.215000,0 days 02:05:09.823000
2024-05-19 14:12:50.050,11012,243,6,100,False,0,car,0 days 01:09:33.456000,0 days 02:05:10.064000
2024-05-19 14:12:50.250,11235,249,6,100,False,0,car,0 days 01:09:33.656000,0 days 02:05:10.264000
2024-05-19 14:12:50.570,11437,254,6,100,False,0,car,0 days 01:09:33.976000,0 days 02:05:10.584000
2024-05-19 14:12:50.890,11630,260,6,100,False,0,car,0 days 01:09:34.296000,0 days 02:05:10.904000
2024-05-19 14:12:51.290,10564,266,7,100,False,0,car,0 days 01:09:34.696000,0 days 02:05:11.304000
2024-05-19 14:12:52.130,10952,277,7,100,False,0,car,0 days 01:09:35.536000,0 days 02:05:12.144000
2024-05-19 14:12:52.450,10982,279,7,100,False,0,car,0 days 01:09:35.856000,0 days 02:05:12.464000
2024-05-19 14:12:52.770,11113,280,7,100,False,0,car,0 days 01:09:36.176000,0 days 02:05:12.784000
2024-05-19 14:12:53.089,11210,282,7,100,False,0,car,0 days 01:09:36.495000,0 days 02:05:13.103000
2024-05-19 14:12:53.529,11163,282,7,100,False,0,car,0 days 01:09:36.935000,0 days 02:05:13.543000
2024-05-19 14:12:53.689,11203,283,7,100,False,0,car,0 days 01:09:37.095000,0 days 02:05:13.703000
2024-05-19 14:12:54.129,10687,280,7,0,True,0,car,0 days 01:09:37.535000,0 days 02:05:14.143000
2024-05-19 14:12:54.529,10035,244,7,0,True,0,car,0 days 01:09:37.935000,0 days 02:05:14.543000
2024-05-19 14:12:54.689,10411,238,7,0,True,0,car,0 days 01:09:38.095000,0 days 02:05:14.703000
2024-05-19 14:12:55.049,9682,224,6,1,True,0,car,0 days 01:09:38.455000,0 days 02:05:15.063000
2024-05-19 14:12:55.289,9565,216,6,3,True,0,car,0 days 01:09:38.695000,0 days 02:05:15.303000
2024-05-19 14:12:55.529,9044,211,6,2,True,0,car,0 days 01:09:38.935000,0 days 02:05:15.543000
2024-05-19 14:12:55.769,9465,190,6,0,True,0,car,0 days 01:09:39.175000,0 days 02:05:15.783000
2024-05-19 14:12:56.049,8450,172,5,0,True,0,car,0 days 01:09:39.455000,0 days 02:05:16.063000
2024-05-19 14:12:56.209,8310,167,5,0,True,0,car,0 days 01:09:39.615000,0 days 02:05:16.223000
2024-05-19 14:12:56.690,8201,159,5,18,False,0,car,0 days 01:09:40.096000,0 days 02:05:16.704000
2024-05-19 14:12:56.970,8224,157,5,50,False,0,car,0 days 01:09:40.376000,0 days 02:05:16.984000
2024-05-19 14:12:57.210,8691,162,5,74,False,0,car,0 days 01:09:40.616000,0 days 02:05:17.224000
2024-05-19 14:12:57.690,9411,173,5,98,False,0,car,0 days 01:09:41.096000,0 days 02:05:17.704000
2024-05-19 14:12:57.850,9469,175,5,86,False,0,car,0 days 01:09:41.256000,0 days 02:05:17.864000
2024-05-19 14:12:58.330,10378,191,5,100,False,0,car,0 days 01:09:41.736000,0 days 02:05:18.344000
2024-05-19 14:12:58.490,10378,196,5,100,False,0,car,0 days 01:09:41.896000,0 days 02:05:18.504000
2024-05-19 14:12:58.650,10582,203,5,100,False,0,car,0 days 01:09:42.056000,0 days 02:05:18.664000
2024-05-19 14:12:58.810,10606,210,5,100,False,0,car,0 days 01:09:42.216000,0 days 02:05:18.824000
2024-05-19 14:12:59.090,11030,214,5,100,False,0,car,0 days 01:09:42.496000,0 days 02:05:19.104000
2024-05-19 14:12:59.250,11312,218,5,100,False,0,car,0 days 01:09:42.656000,0 days 02:05:19.264000
2024-05-19 14:12:59.450,11272,221,5,100,False,0,car,0 days 01:09:42.856000,0 days 02:05:19.464000
2024-05-19 14:12:59.769,11469,225,5,100,False,0,car,0 days 01:09:43.175000,0 days 02:05:19.783000
2024-05-19 14:13:00.009,11584,228,5,100,False,0,car,0 days 01:09:43.415000,0 days 02:05:20.023000
2024-05-19 14:13:00.289,10992,226,5,0,True,0,car,0 days 01:09:43.695000,0 days 02:05:20.303000
2024-05-19 14:13:00.529,10585,198,5,0,True,0,car,0 days 01:09:43.935000,0 days 02:05:20.543000
2024-05-19 14:13:00.849,10567,169,5,0,True,0,car,0 days 01:09:44.255000,0 days 02:05:20.863000
2024-05-19 14:13:01.049,10780,153,5,0,True,0,car,0 days 01:09:44.455000,0 days 02:05:21.063000
2024-05-19 14:13:01.289,9762,140,3,0,True,0,car,0 days 01:09:44.695000,0 days 02:05:21.303000
2024-05-19 14:13:01.529,8711,123,3,0,True,0,car,0 days 01:09:44.935000,0 days 02:05:21.543000
2024-05-19 14:13:01.849,7916,116,3,0,True,0,car,0 days 01:09:45.255000,0 days 02:05:21.863000
2024-05-19 14:13:02.209,7411,102,3,0,True,0,car,0 days 01:09:45.615000,0 days 02:05:22.223000
2024-05-19 14:13:02.529,6796,96,3,0,True,0,car,0 days 01:09:45.935000,0 days 02:05:22.543000
2024-05-19 14:13:02.769,6464,92,3,0,False,0,car,0 days 01:09:46.175000,0 days 02:05:22.783000
2024-05-19 14:13:02.969,6186,90,3,0,False,0,car,0 days 01:09:46.375000,0 days 02:05:22.983000
2024-05-19 14:13:03.129,6362,88,3,0,False,0,car,0 days 01:09:46.535000,0 days 02:05:23.143000
2024-05-19 14:13:03.330,6360,87,3,21,False,0,car,0 days 01:09:46.736000,0 days 02:05:23.344000
2024-05-19 14:13:03.690,6780,90,3,39,False,0,car,0 days 01:09:47.096000,0 days 02:05:23.704000
2024-05-19 14:13:03.930,7194,96,3,46,False,0,car,0 days 01:09:47.336000,0 days 02:05:23.944000
2024-05-19 14:13:04.090,7435,98,3,47,False,0,car,0 days 01:09:47.496000,0 days 02:05:24.104000
2024-05-19 14:13:04.330,8068,100,3,57,False,0,car,0 days 01:09:47.736000,0 days 02:05:24.344000
2024-05-19 14:13:04.730,9029,118,3,70,False,0,car,0 days 01:09:48.136000,0 days 02:05:24.744000
2024-05-19 14:13:04.890,9583,121,3,76,False,0,car,0 days 01:09:48.296000,0 days 02:05:24.904000
2024-05-19 14:13:05.130,10272,133,3,84,False,0,car,0 days 01:09:48.536000,0 days 02:05:25.144000
2024-05-19 14:13:05.290,10459,133,3,96,False,0,car,0 days 01:09:48.696000,0 days 02:05:25.304000
2024-05-19 14:13:05.610,10722,156,3,100,False,0,car,0 days 01:09:49.016000,0 days 02:05:25.624000
2024-05-19 14:13:05.930,10711,170,4,100,False,0,car,0 days 01:09:49.336000,0 days 02:05:25.944000
2024-05-19 14:13:06.130,11013,174,4,100,False,0,car,0 days 01:09:49.536000,0 days 02:05:26.144000
2024-05-19 14:13:06.409,11605,190,4,100,False,0,car,0 days 01:09:49.815000,0 days 02:05:26.423000
2024-05-19 14:13:06.609,11845,197,4,100,False,0,car,0 days 01:09:50.015000,0 days 02:05:26.623000
2024-05-19 14:13:06.809,11005,203,4,100,False,0,car,0 days 01:09:50.215000,0 days 02:05:26.823000
2024-05-19 14:13:07.129,10790,212,5,100,False,0,car,0 days 01:09:50.535000,0 days 02:05:27.143000
2024-05-19 14:13:07.289,11087,215,5,100,False,0,car,0 days 01:09:50.695000,0 days 02:05:27.303000
2024-05-19 14:13:07.569,11375,223,5,100,False,0,car,0 days 01:09:50.975000,0 days 02:05:27.583000
2024-05-19 14:13:07.929,10587,232,5,100,False,0,car,0 days 01:09:51.335000,0 days 02:05:27.943000
2024-05-19 14:13:08.129,10675,237,6,100,False,0,car,0 days 01:09:51.535000,0 days 02:05:28.143000
2024-05-19 14:13:08.329,10871,241,6,100,False,0,car,0 days 01:09:51.735000,0 days 02:05:28.343000
2024-05-19 14:13:08.569,11028,245,6,100,False,0,car,0 days 01:09:51.975000,0 days 02:05:28.583000
2024-05-19 14:13:08.769,11096,249,6,100,False,0,car,0 days 01:09:52.175000,0 days 02:05:28.783000
2024-05-19 14:13:08.929,11290,252,6,100,False,0,car,0 days 01:09:52.335000,0 days 02:05:28.943000
2024-05-19 14:13:09.209,11477,257,6,100,False,0,car,0 days 01:09:52.615000,0 days 02:05:29.223000
2024-05-19 14:13:09.409,11572,259,6,100,False,0,car,0 days 01:09:52.815000,0 days 02:05:29.423000
2024-05-19 14:13:09.689,10414,262,6,100,False,0,car,0 days 01:09:53.095000,0 days 02:05:29.703000
2024-05-19 14:13:09.890,10538,264,7,100,False,0,car,0 days 01:09:53.296000,0 days 02:05:29.904000
2024-05-19 14:13:10.170,10538,267,7,100,False,0,car,0 days 01:09:53.576000,0 days 02:05:30.184000
2024-05-19 14:13:10.490,10659,269,7,100,False,0,car,0 days 01:09:53.896000,0 days 02:05:30.504000
2024-05-19 14:13:10.730,10686,270,7,100,False,0,car,0 days 01:09:54.136000,0 days 02:05:30.744000
2024-05-19 14:13:11.010,10764,270,7,100,False,0,car,0 days 01:09:54.416000,0 days 02:05:31.024000
2024-05-19 14:13:11.370,10824,271,7,100,False,0,car,0 days 01:09:54.776000,0 days 02:05:31.384000
2024-05-19 14:13:11.730,10730,271,7,100,False,0,car,0 days 01:09:55.136000,0 days 02:05:31.744000
2024-05-19 14:13:11.890,10730,271,7,100,False,0,car,0 days 01:09:55.296000,0 days 02:05:31.904000
2024-05-19 14:13:12.170,10732,271,7,100,False,0,car,0 days 01:09:55.576000,0 days 02:05:32.184000
2024-05-19 14:13:12.570,9904,257,7,0,True,0,car,0 days 01:09:55.976000,0 days 02:05:32.584000
2024-05-19 14:13:12.810,10159,233,7,0,True,0,car,0 days 01:09:56.216000,0 days 02:05:32.824000
2024-05-19 14:13:13.009,10549,220,7,0,True,0,car,0 days 01:09:56.415000,0 days 02:05:33.023000
2024-05-19 14:13:13.449,10478,210,5,5,True,0,car,0 days 01:09:56.855000,0 days 02:05:33.463000
2024-05-19 14:13:13.849,10219,198,5,41,False,0,car,0 days 01:09:57.255000,0 days 02:05:33.863000
2024-05-19 14:13:14.289,10394,201,5,79,False,0,car,0 days 01:09:57.695000,0 days 02:05:34.303000
2024-05-19 14:13:14.689,10909,208,5,100,False,0,car,0 days 01:09:58.095000,0 days 02:05:34.703000
2024-05-19 14:13:15.049,11394,219,5,100,False,0,car,0 days 01:09:58.455000,0 days 02:05:35.063000
2024-05-19 14:13:15.289,11593,221,5,100,False,0,car,0 days 01:09:58.695000,0 days 02:05:35.303000
2024-05-19 14:13:15.529,10863,230,5,100,False,0,car,0 days 01:09:58.935000,0 days 02:05:35.543000
2024-05-19 14:13:15.689,10539,232,6,100,False,0,car,0 days 01:09:59.095000,0 days 02:05:35.703000
2024-05-19 14:13:15.969,10829,239,6,100,False,0,car,0 days 01:09:59.375000,0 days 02:05:35.983000
2024-05-19 14:13:16.289,11102,245,6,100,False,0,car,0 days 01:09:59.695000,0 days 02:05:36.303000
2024-05-19 14:13:16.450,11185,249,6,100,False,0,car,0 days 01:09:59.856000,0 days 02:05:36.464000
2024-05-19 14:13:16.650,11429,253,6,100,False,0,car,0 days 01:10:00.056000,0 days 02:05:36.664000
2024-05-19 14:13:16.810,11533,253,6,100,False,0,car,0 days 01:10:00.216000,0 days 02:05:36.824000
2024-05-19 14:13:17.170,11673,260,6,100,False,0,car,0 days 01:10:00.576000,0 days 02:05:37.184000
2024-05-19 14:13:17.370,10503,262,7,100,False,0,car,0 days 01:10:00.776000,0 days 02:05:37.384000
2024-05-19 14:13:17.690,10613,266,7,100,False,0,car,0 days 01:10:01.096000,0 days 02:05:37.704000
2024-05-19 14:13:17.970,10593,269,7,100,False,0,car,0 days 01:10:01.376000,0 days 02:05:37.984000
2024-05-19 14:13:18.210,10781,271,7,100,False,0,car,0 days 01:10:01.616000,0 days 02:05:38.224000
2024-05-19 14:13:18.530,10779,272,7,100,False,0,car,0 days 01:10:01.936000,0 days 02:05:38.544000
2024-05-19 14:13:18.850,10825,274,7,100,False,0,car,0 days 01:10:02.256000,0 days 02:05:38.864000
2024-05-19 14:13:19.170,10616,272,7,46,False,0,car,0 days 01:10:02.576000,0 days 02:05:39.184000
2024-05-19 14:13:19.410,10475,267,7,0,False,0,car,0 days 01:10:02.816000,0 days 02:05:39.424000
2024-05-19 14:13:19.689,10166,262,7,0,True,0,car,0 days 01:10:03.095000,0 days 02:05:39.703000
2024-05-19 14:13:20.049,9915,247,7,0,True,0,car,0 days 01:10:03.455000,0 days 02:05:40.063000
2024-05-19 14:13:20.289,10274,222,7,0,True,0,car,0 days 01:10:03.695000,0 days 02:05:40.303000
2024-05-19 14:13:20.649,10533,185,5,0,True,0,car,0 days 01:10:04.055000,0 days 02:05:40.663000
2024-05-19 14:13:21.089,9255,156,4,0,True,0,car,0 days 01:10:04.495000,0 days 02:05:41.103000
2024-05-19 14:13:21.249,8440,146,4,0,True,0,car,0 days 01:10:04.655000,0 days 02:05:41.263000
2024-05-19 14:13:21.409,8068,137,4,0,True,0,car,0 days 01:10:04.815000,0 days 02:05:41.423000
2024-05-19 14:13:21.609,7683,132,4,0,True,0,car,0 days 01:10:05.015000,0 days 02:05:41.623000
2024-05-19 14:13:21.889,7422,128,4,1,False,0,car,0 days 01:10:05.295000,0 days 02:05:41.903000
2024-05-19 14:13:22.329,7336,121,4,26,False,0,car,0 days 01:10:05.735000,0 days 02:05:42.343000
2024-05-19 14:13:22.529,7616,124,4,26,False,0,car,0 days 01:10:05.935000,0 days 02:05:42.543000
2024-05-19 14:13:22.729,8235,129,4,70,False,0,car,0 days 01:10:06.135000,0 days 02:05:42.743000
2024-05-19 14:13:23.050,9159,138,4,90,False,0,car,0 days 01:10:06.456000,0 days 02:05:43.064000
2024-05-19 14:13:23.290,9443,143,4,100,False,0,car,0 days 01:10:06.696000,0 days 02:05:43.304000
2024-05-19 14:13:23.570,10172,159,4,100,False,0,car,0 days 01:10:06.976000,0 days 02:05:43.584000
2024-05-19 14:13:23.770,10948,165,4,100,False,0,car,0 days 01:10:07.176000,0 days 02:05:43.784000
2024-05-19 14:13:23.930,10766,174,4,100,False,0,car,0 days 01:10:07.336000,0 days 02:05:43.944000
2024-05-19 14:13:24.250,11439,185,4,100,False,0,car,0 days 01:10:07.656000,0 days 02:05:44.264000
2024-05-19 14:13:24.530,11543,195,4,100,False,0,car,0 days 01:10:07.936000,0 days 02:05:44.544000
2024-05-19 14:13:24.770,10485,201,5,100,False,0,car,0 days 01:10:08.176000,0 days 02:05:44.784000
2024-05-19 14:13:25.010,10825,210,5,100,False,0,car,0 days 01:10:08.416000,0 days 02:05:45.024000
2024-05-19 14:13:25.290,11088,213,5,100,False,0,car,0 days 01:10:08.696000,0 days 02:05:45.304000
2024-05-19 14:13:25.450,11386,221,5,100,False,0,car,0 days 01:10:08.856000,0 days 02:05:45.464000
2024-05-19 14:13:25.690,11596,227,5,100,False,0,car,0 days 01:10:09.096000,0 days 02:05:45.704000
2024-05-19 14:13:25.890,11008,231,5,100,False,0,car,0 days 01:10:09.296000,0 days 02:05:45.904000
2024-05-19 14:13:26.090,10703,236,6,100,False,0,car,0 days 01:10:09.496000,0 days 02:05:46.104000
2024-05-19 14:13:26.250,10814,240,6,100,False,0,car,0 days 01:10:09.656000,0 days 02:05:46.264000
2024-05-19 14:13:26.529,11056,242,6,100,False,0,car,0 days 01:10:09.935000,0 days 02:05:46.543000
2024-05-19 14:13:26.729,11157,248,6,100,False,0,car,0 days 01:10:10.135000,0 days 02:05:46.743000
2024-05-19 14:13:27.049,11403,253,6,100,False,0,car,0 days 01:10:10.455000,0 days 02:05:47.063000
2024-05-19 14:13:27.289,11392,255,6,100,False,0,car,0 days 01:10:10.695000,0 days 02:05:47.303000
2024-05-19 14:13:27.569,11450,258,6,100,False,0,car,0 days 01:10:10.975000,0 days 02:05:47.583000
2024-05-19 14:13:27.929,11468,259,6,100,False,0,car,0 days 01:10:11.335000,0 days 02:05:47.943000
2024-05-19 14:13:28.369,11462,260,6,100,False,0,car,0 days 01:10:11.775000,0 days 02:05:48.383000
2024-05-19 14:13:28.649,11551,259,6,100,False,0,car,0 days 01:10:12.055000,0 days 02:05:48.663000
2024-05-19 14:13:28.849,11480,260,6,92,False,0,car,0 days 01:10:12.255000,0 days 02:05:48.863000
2024-05-19 14:13:29.209,10232,225,6,0,True,0,car,0 days 01:10:12.615000,0 days 02:05:49.223000
2024-05-19 14:13:29.369,10260,225,6,0,True,0,car,0 days 01:10:12.775000,0 days 02:05:49.383000
2024-05-19 14:13:29.610,9924,183,6,0,True,0,car,0 days 01:10:13.016000,0 days 02:05:49.624000
2024-05-19 14:13:29.850,9991,167,5,0,True,0,car,0 days 01:10:13.256000,0 days 02:05:49.864000
2024-05-19 14:13:30.210,8424,139,4,0,True,0,car,0 days 01:10:13.616000,0 days 02:05:50.224000
2024-05-19 14:13:30.410,7841,130,4,0,True,0,car,0 days 01:10:13.816000,0 days 02:05:50.424000
2024-05-19 14:13:30.890,6941,118,4,3,False,0,car,0 days 01:10:14.296000,0 days 02:05:50.904000
2024-05-19 14:13:31.050,6757,114,4,0,False,0,car,0 days 01:10:14.456000,0 days 02:05:51.064000
2024-05-19 14:13:31.410,7429,110,4,0,True,0,car,0 days 01:10:14.816000,0 days 02:05:51.424000
2024-05-19 14:13:31.570,7429,108,3,0,False,0,car,0 days 01:10:14.976000,0 days 02:05:51.584000
2024-05-19 14:13:31.850,7338,102,3,0,True,0,car,0 days 01:10:15.256000,0 days 02:05:51.864000
2024-05-19 14:13:32.050,7196,100,3,0,False,0,car,0 days 01:10:15.456000,0 days 02:05:52.064000
2024-05-19 14:13:32.250,7362,99,3,16,False,0,car,0 days 01:10:15.656000,0 days 02:05:52.264000
2024-05-19 14:13:32.450,7489,99,3,24,False,0,car,0 days 01:10:15.856000,0 days 02:05:52.464000
2024-05-19 14:13:32.650,7757,102,3,32,False,0,car,0 days 01:10:16.056000,0 days 02:05:52.664000
2024-05-19 14:13:32.930,8296,109,3,48,False,0,car,0 days 01:10:16.336000,0 days 02:05:52.944000
2024-05-19 14:13:33.169,8541,109,3,62,False,0,car,0 days 01:10:16.575000,0 days 02:05:53.183000
2024-05-19 14:13:33.449,9925,127,3,81,False,0,car,0 days 01:10:16.855000,0 days 02:05:53.463000
2024-05-19 14:13:33.849,11426,146,3,100,False,0,car,0 days 01:10:17.255000,0 days 02:05:53.863000
2024-05-19 14:13:34.129,10306,161,4,100,False,0,car,0 days 01:10:17.535000,0 days 02:05:54.143000
2024-05-19 14:13:34.329,10723,169,4,100,False,0,car,0 days 01:10:17.735000,0 days 02:05:54.343000
2024-05-19 14:13:34.489,10798,169,4,100,False,0,car,0 days 01:10:17.895000,0 days 02:05:54.503000
2024-05-19 14:13:34.729,11507,187,4,100,False,0,car,0 days 01:10:18.135000,0 days 02:05:54.743000
2024-05-19 14:13:34.969,11864,194,4,100,False,0,car,0 days 01:10:18.375000,0 days 02:05:54.983000
2024-05-19 14:13:35.169,11441,202,4,100,False,0,car,0 days 01:10:18.575000,0 days 02:05:55.183000
2024-05-19 14:13:35.449,10950,211,5,100,False,0,car,0 days 01:10:18.855000,0 days 02:05:55.463000
2024-05-19 14:13:35.689,11090,215,5,100,False,0,car,0 days 01:10:19.095000,0 days 02:05:55.703000
2024-05-19 14:13:36.009,11566,226,5,100,False,0,car,0 days 01:10:19.415000,0 days 02:05:56.023000
2024-05-19 14:13:36.250,11839,232,5,100,False,0,car,0 days 01:10:19.656000,0 days 02:05:56.264000
2024-05-19 14:13:36.490,10822,236,6,100,False,0,car,0 days 01:10:19.896000,0 days 02:05:56.504000
2024-05-19 14:13:36.690,10927,239,6,100,False,0,car,0 days 01:10:20.096000,0 days 02:05:56.704000
2024-05-19 14:13:37.010,11301,251,6,100,False,0,car,0 days 01:10:20.416000,0 days 02:05:57.024000
2024-05-19 14:13:37.210,11406,255,6,100,False,0,car,0 days 01:10:20.616000,0 days 02:05:57.224000
2024-05-19 14:13:37.410,11583,258,6,100,False,0,car,0 days 01:10:20.816000,0 days 02:05:57.424000
2024-05-19 14:13:37.650,11744,262,6,100,False,0,car,0 days 01:10:21.056000,0 days 02:05:57.664000
2024-05-19 14:13:37.930,10539,266,7,100,False,0,car,0 days 01:10:21.336000,0 days 02:05:57.944000
2024-05-19 14:13:38.170,10681,269,7,100,False,0,car,0 days 01:10:21.576000,0 days 02:05:58.184000
2024-05-19 14:13:38.410,10853,273,7,100,False,0,car,0 days 01:10:21.816000,0 days 02:05:58.424000
2024-05-19 14:13:38.650,10939,275,7,100,False,0,car,0 days 01:10:22.056000,0 days 02:05:58.664000
2024-05-19 14:13:38.930,11009,279,7,100,False,0,car,0 days 01:10:22.336000,0 days 02:05:58.944000
2024-05-19 14:13:39.170,11113,281,7,100,False,0,car,0 days 01:10:22.576000,0 days 02:05:59.184000
2024-05-19 14:13:39.330,11198,283,7,100,False,0,car,0 days 01:10:22.736000,0 days 02:05:59.344000
2024-05-19 14:13:39.730,11285,285,7,100,False,0,car,0 days 01:10:23.136000,0 days 02:05:59.744000
2024-05-19 14:13:40.089,11373,288,7,100,False,0,car,0 days 01:10:23.495000,0 days 02:06:00.103000
2024-05-19 14:13:40.449,11404,288,7,100,False,0,car,0 days 01:10:23.855000,0 days 02:06:00.463000
2024-05-19 14:13:40.689,11583,288,7,100,False,0,car,0 days 01:10:24.095000,0 days 02:06:00.703000
2024-05-19 14:13:40.889,11619,296,7,100,False,0,car,0 days 01:10:24.295000,0 days 02:06:00.903000
2024-05-19 14:13:41.169,11708,297,7,100,False,0,car,0 days 01:10:24.575000,0 days 02:06:01.183000
2024-05-19 14:13:41.609,11582,299,7,100,False,0,car,0 days 01:10:25.015000,0 days 02:06:01.623000
2024-05-19 14:13:41.769,11656,298,7,84,False,0,car,0 days 01:10:25.175000,0 days 02:06:01.783000
2024-05-19 14:13:41.969,11572,292,7,0,True,0,car,0 days 01:10:25.375000,0 days 02:06:01.983000
2024-05-19 14:13:42.129,10802,271,7,0,True,0,car,0 days 01:10:25.535000,0 days 02:06:02.143000
2024-05-19 14:13:42.489,10296,235,7,0,True,0,car,0 days 01:10:25.895000,0 days 02:06:02.503000
2024-05-19 14:13:42.810,9915,190,7,0,True,0,car,0 days 01:10:26.216000,0 days 02:06:02.824000
2024-05-19 14:13:42.970,10441,180,6,0,True,0,car,0 days 01:10:26.376000,0 days 02:06:02.984000
2024-05-19 14:13:43.210,10691,157,4,0,True,0,car,0 days 01:10:26.616000,0 days 02:06:03.224000
2024-05-19 14:13:43.410,10634,144,3,0,True,0,car,0 days 01:10:26.816000,0 days 02:06:03.424000
2024-05-19 14:13:43.610,9658,134,3,0,True,0,car,0 days 01:10:27.016000,0 days 02:06:03.624000
2024-05-19 14:13:43.850,8939,128,3,0,True,0,car,0 days 01:10:27.256000,0 days 02:06:03.864000
2024-05-19 14:13:44.290,8252,118,3,0,False,0,car,0 days 01:10:27.696000,0 days 02:06:04.304000
2024-05-19 14:13:44.570,8110,112,3,9,False,0,car,0 days 01:10:27.976000,0 days 02:06:04.584000
2024-05-19 14:13:44.730,8627,114,3,44,False,0,car,0 days 01:10:28.136000,0 days 02:06:04.744000
2024-05-19 14:13:45.050,8758,119,3,45,False,0,car,0 days 01:10:28.456000,0 days 02:06:05.064000
2024-05-19 14:13:45.250,9285,123,3,52,False,0,car,0 days 01:10:28.656000,0 days 02:06:05.264000
2024-05-19 14:13:45.410,9611,128,3,62,False,0,car,0 days 01:10:28.816000,0 days 02:06:05.424000
2024-05-19 14:13:45.610,10115,135,3,80,False,0,car,0 days 01:10:29.016000,0 days 02:06:05.624000
2024-05-19 14:13:45.850,10535,143,3,80,False,0,car,0 days 01:10:29.256000,0 days 02:06:05.864000
2024-05-19 14:13:46.010,10814,148,3,96,False,0,car,0 days 01:10:29.416000,0 days 02:06:06.024000
2024-05-19 14:13:46.170,9694,157,4,100,False,0,car,0 days 01:10:29.576000,0 days 02:06:06.184000
2024-05-19 14:13:46.410,9687,164,4,47,False,0,car,0 days 01:10:29.816000,0 days 02:06:06.424000
2024-05-19 14:13:46.649,9339,158,4,0,True,0,car,0 days 01:10:30.055000,0 days 02:06:06.663000
2024-05-19 14:13:46.849,8893,152,4,0,True,0,car,0 days 01:10:30.255000,0 days 02:06:06.863000
2024-05-19 14:13:47.049,8741,149,4,0,True,0,car,0 days 01:10:30.455000,0 days 02:06:07.063000
2024-05-19 14:13:47.409,8394,140,4,1,False,0,car,0 days 01:10:30.815000,0 days 02:06:07.423000
2024-05-19 14:13:47.569,8218,138,4,1,False,0,car,0 days 01:10:30.975000,0 days 02:06:07.583000
2024-05-19 14:13:47.809,8310,135,4,42,False,0,car,0 days 01:10:31.215000,0 days 02:06:07.823000
2024-05-19 14:13:48.049,8507,138,4,55,False,0,car,0 days 01:10:31.455000,0 days 02:06:08.063000
2024-05-19 14:13:48.289,8803,141,4,60,False,0,car,0 days 01:10:31.695000,0 days 02:06:08.303000
2024-05-19 14:13:48.529,9175,148,4,72,False,0,car,0 days 01:10:31.935000,0 days 02:06:08.543000
2024-05-19 14:13:48.689,9484,152,4,80,False,0,car,0 days 01:10:32.095000,0 days 02:06:08.703000
2024-05-19 14:13:48.849,10183,154,4,84,False,0,car,0 days 01:10:32.255000,0 days 02:06:08.863000
2024-05-19 14:13:49.210,10928,174,4,100,False,0,car,0 days 01:10:32.616000,0 days 02:06:09.224000
2024-05-19 14:13:49.570,11417,187,4,100,False,0,car,0 days 01:10:32.976000,0 days 02:06:09.584000
2024-05-19 14:13:49.970,10463,193,5,100,False,0,car,0 days 01:10:33.376000,0 days 02:06:09.984000
2024-05-19 14:13:50.290,11014,209,5,100,False,0,car,0 days 01:10:33.696000,0 days 02:06:10.304000
2024-05-19 14:13:50.610,11354,222,5,100,False,0,car,0 days 01:10:34.016000,0 days 02:06:10.624000
2024-05-19 14:13:50.810,11592,227,5,100,False,0,car,0 days 01:10:34.216000,0 days 02:06:10.824000
2024-05-19 14:13:50.970,11667,227,5,100,False,0,car,0 days 01:10:34.376000,0 days 02:06:10.984000
2024-05-19 14:13:51.130,10687,234,5,100,False,0,car,0 days 01:10:34.536000,0 days 02:06:11.144000
2024-05-19 14:13:51.370,10773,238,6,100,False,0,car,0 days 01:10:34.776000,0 days 02:06:11.384000
2024-05-19 14:13:51.530,10939,242,6,100,False,0,car,0 days 01:10:34.936000,0 days 02:06:11.544000
2024-05-19 14:13:51.770,11056,245,6,100,False,0,car,0 days 01:10:35.176000,0 days 02:06:11.784000
2024-05-19 14:13:52.130,11271,255,6,100,False,0,car,0 days 01:10:35.536000,0 days 02:06:12.144000
2024-05-19 14:13:52.410,11578,258,6,100,False,0,car,0 days 01:10:35.816000,0 days 02:06:12.424000
2024-05-19 14:13:52.650,10458,262,6,100,False,0,car,0 days 01:10:36.056000,0 days 02:06:12.664000
2024-05-19 14:13:53.010,10692,268,7,100,False,0,car,0 days 01:10:36.416000,0 days 02:06:13.024000
2024-05-19 14:13:53.249,10838,271,7,100,False,0,car,0 days 01:10:36.655000,0 days 02:06:13.263000
2024-05-19 14:13:53.449,10864,274,7,100,False,0,car,0 days 01:10:36.855000,0 days 02:06:13.463000
2024-05-19 14:13:53.609,10985,276,7,100,False,0,car,0 days 01:10:37.015000,0 days 02:06:13.623000
2024-05-19 14:13:53.929,11118,280,7,100,False,0,car,0 days 01:10:37.335000,0 days 02:06:13.943000
2024-05-19 14:13:54.289,11221,283,7,100,False,0,car,0 days 01:10:37.695000,0 days 02:06:14.303000
2024-05-19 14:13:54.489,11318,284,7,100,False,0,car,0 days 01:10:37.895000,0 days 02:06:14.503000
2024-05-19 14:13:54.729,11287,288,7,100,False,0,car,0 days 01:10:38.135000,0 days 02:06:14.743000
2024-05-19 14:13:55.089,11511,290,7,100,False,0,car,0 days 01:10:38.495000,0 days 02:06:15.103000
2024-05-19 14:13:55.489,11604,294,7,100,False,0,car,0 days 01:10:38.895000,0 days 02:06:15.503000
2024-05-19 14:13:55.890,10521,295,8,100,False,0,car,0 days 01:10:39.296000,0 days 02:06:15.904000
2024-05-19 14:13:56.170,10657,298,8,100,False,0,car,0 days 01:10:39.576000,0 days 02:06:16.184000
2024-05-19 14:13:56.410,10697,300,8,100,False,0,car,0 days 01:10:39.816000,0 days 02:06:16.424000
2024-05-19 14:13:56.610,10757,302,8,100,False,0,car,0 days 01:10:40.016000,0 days 02:06:16.624000
2024-05-19 14:13:56.770,10757,303,8,100,False,0,car,0 days 01:10:40.176000,0 days 02:06:16.784000
2024-05-19 14:13:57.050,10874,304,8,100,False,0,car,0 days 01:10:40.456000,0 days 02:06:17.064000
2024-05-19 14:13:57.210,10875,306,8,100,False,0,car,0 days 01:10:40.616000,0 days 02:06:17.224000
2024-05-19 14:13:57.650,10922,308,8,100,False,0,car,0 days 01:10:41.056000,0 days 02:06:17.664000
2024-05-19 14:13:57.930,10937,308,8,100,False,0,car,0 days 01:10:41.336000,0 days 02:06:17.944000
2024-05-19 14:13:58.250,10964,309,8,100,False,0,car,0 days 01:10:41.656000,0 days 02:06:18.264000
2024-05-19 14:13:58.530,10999,310,8,100,False,0,car,0 days 01:10:41.936000,0 days 02:06:18.544000
2024-05-19 14:13:58.810,10977,311,8,100,False,0,car,0 days 01:10:42.216000,0 days 02:06:18.824000
2024-05-19 14:13:59.050,10977,311,8,100,False,0,car,0 days 01:10:42.456000,0 days 02:06:19.064000
2024-05-19 14:13:59.210,10977,311,8,100,False,0,car,0 days 01:10:42.616000,0 days 02:06:19.224000
2024-05-19 14:13:59.490,10977,311,8,100,False,0,car,0 days 01:10:42.896000,0 days 02:06:19.504000
2024-05-19 14:13:59.730,10977,311,8,100,True,0,car,0 days 01:10:43.136000,0 days 02:06:19.744000
2024-05-19 14:14:00.129,11199,315,8,100,False,0,car,0 days 01:10:43.535000,0 days 02:06:20.143000
2024-05-19 14:14:00.369,11161,314,8,100,False,0,car,0 days 01:10:43.775000,0 days 02:06:20.383000
2024-05-19 14:14:00.569,11160,316,8,100,False,0,car,0 days 01:10:43.975000,0 days 02:06:20.583000
2024-05-19 14:14:00.729,11169,316,8,100,False,0,car,0 days 01:10:44.135000,0 days 02:06:20.743000
2024-05-19 14:14:01.089,11187,315,8,100,False,0,car,0 days 01:10:44.495000,0 days 02:06:21.103000
2024-05-19 14:14:01.369,11197,317,8,100,False,0,car,0 days 01:10:44.775000,0 days 02:06:21.383000
2024-05-19 14:14:01.609,11151,316,8,100,False,0,car,0 days 01:10:45.015000,0 days 02:06:21.623000
2024-05-19 14:14:02.009,11207,317,8,100,False,0,car,0 days 01:10:45.415000,0 days 02:06:22.023000
2024-05-19 14:14:02.209,11203,317,8,100,False,0,car,0 days 01:10:45.615000,0 days 02:06:22.223000
2024-05-19 14:14:02.450,11213,317,8,100,False,0,car,0 days 01:10:45.856000,0 days 02:06:22.464000
2024-05-19 14:14:02.650,11237,318,8,100,False,0,car,0 days 01:10:46.056000,0 days 02:06:22.664000
2024-05-19 14:14:02.890,11237,318,8,100,False,0,car,0 days 01:10:46.296000,0 days 02:06:22.904000
2024-05-19 14:14:03.170,11312,319,8,100,False,0,car,0 days 01:10:46.576000,0 days 02:06:23.184000
2024-05-19 14:14:03.410,11214,318,8,100,False,0,car,0 days 01:10:46.816000,0 days 02:06:23.424000
2024-05-19 14:14:03.730,11175,313,8,43,True,0,car,0 days 01:10:47.136000,0 days 02:06:23.744000
2024-05-19 14:14:04.050,9710,276,8,0,True,0,car,0 days 01:10:47.456000,0 days 02:06:24.064000
2024-05-19 14:14:04.250,9774,248,8,0,True,0,car,0 days 01:10:47.656000,0 days 02:06:24.264000
2024-05-19 14:14:04.450,9919,225,8,0,True,0,car,0 days 01:10:47.856000,0 days 02:06:24.464000
2024-05-19 14:14:04.730,9700,192,8,0,True,0,car,0 days 01:10:48.136000,0 days 02:06:24.744000
2024-05-19 14:14:05.090,9806,170,4,0,True,0,car,0 days 01:10:48.496000,0 days 02:06:25.104000
2024-05-19 14:14:05.250,9333,160,4,0,True,0,car,0 days 01:10:48.656000,0 days 02:06:25.264000
2024-05-19 14:14:05.610,9040,151,4,2,False,0,car,0 days 01:10:49.016000,0 days 02:06:25.624000
2024-05-19 14:14:05.810,9043,148,4,23,False,0,car,0 days 01:10:49.216000,0 days 02:06:25.824000
2024-05-19 14:14:06.010,9156,149,4,51,False,0,car,0 days 01:10:49.416000,0 days 02:06:26.024000
2024-05-19 14:14:06.170,9382,151,4,60,False,0,car,0 days 01:10:49.576000,0 days 02:06:26.184000
2024-05-19 14:14:06.410,9740,157,4,71,False,0,car,0 days 01:10:49.816000,0 days 02:06:26.424000
2024-05-19 14:14:06.769,8884,169,4,71,False,0,car,0 days 01:10:50.175000,0 days 02:06:26.783000
2024-05-19 14:14:06.929,8707,169,5,42,False,0,car,0 days 01:10:50.335000,0 days 02:06:26.943000
2024-05-19 14:14:07.329,8966,171,5,59,False,0,car,0 days 01:10:50.735000,0 days 02:06:27.343000
2024-05-19 14:14:07.489,9166,173,5,78,False,0,car,0 days 01:10:50.895000,0 days 02:06:27.503000
2024-05-19 14:14:07.649,9166,178,5,78,False,0,car,0 days 01:10:51.055000,0 days 02:06:27.663000
2024-05-19 14:14:07.889,9747,185,5,100,False,0,car,0 days 01:10:51.295000,0 days 02:06:27.903000
2024-05-19 14:14:08.129,10503,194,5,100,False,0,car,0 days 01:10:51.535000,0 days 02:06:28.143000
2024-05-19 14:14:08.569,10719,207,5,100,False,0,car,0 days 01:10:51.975000,0 days 02:06:28.583000
2024-05-19 14:14:08.930,11358,219,5,100,False,0,car,0 days 01:10:52.336000,0 days 02:06:28.944000
2024-05-19 14:14:09.370,10360,227,5,100,False,0,car,0 days 01:10:52.776000,0 days 02:06:29.384000
2024-05-19 14:14:09.570,10744,231,6,100,False,0,car,0 days 01:10:52.976000,0 days 02:06:29.584000
2024-05-19 14:14:09.810,10762,236,6,100,False,0,car,0 days 01:10:53.216000,0 days 02:06:29.824000
2024-05-19 14:14:10.130,10941,239,6,100,False,0,car,0 days 01:10:53.536000,0 days 02:06:30.144000
2024-05-19 14:14:10.410,10990,245,6,100,False,0,car,0 days 01:10:53.816000,0 days 02:06:30.424000
2024-05-19 14:14:10.850,11385,254,6,100,False,0,car,0 days 01:10:54.256000,0 days 02:06:30.864000
2024-05-19 14:14:11.010,11487,258,6,100,False,0,car,0 days 01:10:54.416000,0 days 02:06:31.024000
2024-05-19 14:14:11.370,11081,262,6,100,False,0,car,0 days 01:10:54.776000,0 days 02:06:31.384000
2024-05-19 14:14:11.570,10503,264,7,100,False,0,car,0 days 01:10:54.976000,0 days 02:06:31.584000
2024-05-19 14:14:11.850,10698,269,7,100,False,0,car,0 days 01:10:55.256000,0 days 02:06:31.864000
2024-05-19 14:14:12.290,10800,273,7,100,False,0,car,0 days 01:10:55.696000,0 days 02:06:32.304000
2024-05-19 14:14:12.690,10964,276,7,100,False,0,car,0 days 01:10:56.096000,0 days 02:06:32.704000
2024-05-19 14:14:12.930,11053,277,7,100,False,0,car,0 days 01:10:56.336000,0 days 02:06:32.944000
2024-05-19 14:14:13.170,11028,278,7,100,False,0,car,0 days 01:10:56.576000,0 days 02:06:33.184000
2024-05-19 14:14:13.449,11078,280,7,100,False,0,car,0 days 01:10:56.855000,0 days 02:06:33.463000
2024-05-19 14:14:13.649,11162,281,7,100,False,0,car,0 days 01:10:57.055000,0 days 02:06:33.663000
2024-05-19 14:14:13.809,11075,280,7,100,False,0,car,0 days 01:10:57.215000,0 days 02:06:33.823000
2024-05-19 14:14:14.089,11115,281,7,100,False,0,car,0 days 01:10:57.495000,0 days 02:06:34.103000
2024-05-19 14:14:14.289,11008,281,7,100,False,0,car,0 days 01:10:57.695000,0 days 02:06:34.303000
2024-05-19 14:14:14.449,11055,280,7,100,False,0,car,0 days 01:10:57.855000,0 days 02:06:34.463000
2024-05-19 14:14:14.769,10302,274,7,0,True,0,car,0 days 01:10:58.175000,0 days 02:06:34.783000
2024-05-19 14:14:14.969,9743,251,7,0,True,0,car,0 days 01:10:58.375000,0 days 02:06:34.983000
2024-05-19 14:14:15.169,10357,240,6,0,True,0,car,0 days 01:10:58.575000,0 days 02:06:35.183000
2024-05-19 14:14:15.570,10093,227,6,0,True,0,car,0 days 01:10:58.976000,0 days 02:06:35.584000
2024-05-19 14:14:15.930,9552,218,6,7,True,0,car,0 days 01:10:59.336000,0 days 02:06:35.944000
2024-05-19 14:14:16.130,9654,194,6,0,True,0,car,0 days 01:10:59.536000,0 days 02:06:36.144000
2024-05-19 14:14:16.290,9071,187,5,0,True,0,car,0 days 01:10:59.696000,0 days 02:06:36.304000
2024-05-19 14:14:16.490,8692,175,5,0,True,0,car,0 days 01:10:59.896000,0 days 02:06:36.504000
2024-05-19 14:14:16.690,8477,169,5,0,True,0,car,0 days 01:11:00.096000,0 days 02:06:36.704000
2024-05-19 14:14:16.970,8289,163,5,7,False,0,car,0 days 01:11:00.376000,0 days 02:06:36.984000
2024-05-19 14:14:17.370,8262,159,5,46,False,0,car,0 days 01:11:00.776000,0 days 02:06:37.384000
2024-05-19 14:14:17.530,8577,161,5,59,False,0,car,0 days 01:11:00.936000,0 days 02:06:37.544000
2024-05-19 14:14:17.850,9136,166,5,87,False,0,car,0 days 01:11:01.256000,0 days 02:06:37.864000
2024-05-19 14:14:18.050,9583,172,5,99,False,0,car,0 days 01:11:01.456000,0 days 02:06:38.064000
2024-05-19 14:14:18.250,9410,179,5,100,False,0,car,0 days 01:11:01.656000,0 days 02:06:38.264000
2024-05-19 14:14:18.690,9995,193,5,100,False,0,car,0 days 01:11:02.096000,0 days 02:06:38.704000
2024-05-19 14:14:19.090,10545,203,5,100,False,0,car,0 days 01:11:02.496000,0 days 02:06:39.104000
2024-05-19 14:14:19.290,10765,208,5,100,False,0,car,0 days 01:11:02.696000,0 days 02:06:39.304000
2024-05-19 14:14:19.450,10921,212,5,100,False,0,car,0 days 01:11:02.856000,0 days 02:06:39.464000
2024-05-19 14:14:19.810,11258,220,5,100,False,0,car,0 days 01:11:03.216000,0 days 02:06:39.824000
2024-05-19 14:14:20.129,11430,223,5,100,False,0,car,0 days 01:11:03.535000,0 days 02:06:40.143000
2024-05-19 14:14:20.489,11504,226,5,100,False,0,car,0 days 01:11:03.895000,0 days 02:06:40.503000
2024-05-19 14:14:20.769,11035,227,5,0,True,0,car,0 days 01:11:04.175000,0 days 02:06:40.783000
2024-05-19 14:14:20.969,10647,199,5,0,True,0,car,0 days 01:11:04.375000,0 days 02:06:40.983000
2024-05-19 14:14:21.209,10227,171,5,0,True,0,car,0 days 01:11:04.615000,0 days 02:06:41.223000
2024-05-19 14:14:21.409,10848,164,4,0,True,0,car,0 days 01:11:04.815000,0 days 02:06:41.423000
2024-05-19 14:14:21.769,10163,140,3,0,True,0,car,0 days 01:11:05.175000,0 days 02:06:41.783000
2024-05-19 14:14:22.170,8399,121,3,0,True,0,car,0 days 01:11:05.576000,0 days 02:06:42.184000
2024-05-19 14:14:22.330,7951,114,3,0,True,0,car,0 days 01:11:05.736000,0 days 02:06:42.344000
2024-05-19 14:14:22.490,7664,111,3,0,True,0,car,0 days 01:11:05.896000,0 days 02:06:42.504000
2024-05-19 14:14:22.810,7195,105,3,0,True,0,car,0 days 01:11:06.216000,0 days 02:06:42.824000
2024-05-19 14:14:23.210,6842,96,3,0,False,0,car,0 days 01:11:06.616000,0 days 02:06:43.224000
2024-05-19 14:14:23.610,6360,90,3,0,False,0,car,0 days 01:11:07.016000,0 days 02:06:43.624000
2024-05-19 14:14:23.850,6750,90,3,20,False,0,car,0 days 01:11:07.256000,0 days 02:06:43.864000
2024-05-19 14:14:24.050,7015,90,3,25,False,0,car,0 days 01:11:07.456000,0 days 02:06:44.064000
2024-05-19 14:14:24.410,7283,97,3,38,False,0,car,0 days 01:11:07.816000,0 days 02:06:44.424000
2024-05-19 14:14:24.810,8145,106,3,57,False,0,car,0 days 01:11:08.216000,0 days 02:06:44.824000
2024-05-19 14:14:25.090,8723,111,3,67,False,0,car,0 days 01:11:08.496000,0 days 02:06:45.104000
2024-05-19 14:14:25.370,9577,123,3,84,False,0,car,0 days 01:11:08.776000,0 days 02:06:45.384000
2024-05-19 14:14:25.530,9717,132,3,84,False,0,car,0 days 01:11:08.936000,0 days 02:06:45.544000
2024-05-19 14:14:25.730,11031,141,3,100,False,0,car,0 days 01:11:09.136000,0 days 02:06:45.744000
2024-05-19 14:14:25.970,11464,150,3,100,False,0,car,0 days 01:11:09.376000,0 days 02:06:45.984000
2024-05-19 14:14:26.210,10176,165,4,100,False,0,car,0 days 01:11:09.616000,0 days 02:06:46.224000
2024-05-19 14:14:26.490,10627,173,4,100,False,0,car,0 days 01:11:09.896000,0 days 02:06:46.504000
2024-05-19 14:14:26.849,11547,189,4,100,False,0,car,0 days 01:11:10.255000,0 days 02:06:46.863000
2024-05-19 14:14:27.009,11699,196,4,100,False,0,car,0 days 01:11:10.415000,0 days 02:06:47.023000
2024-05-19 14:14:27.209,10999,199,4,100,False,0,car,0 days 01:11:10.615000,0 days 02:06:47.223000
2024-05-19 14:14:27.369,10658,205,5,100,False,0,car,0 days 01:11:10.775000,0 days 02:06:47.383000
2024-05-19 14:14:27.649,11147,214,5,100,False,0,car,0 days 01:11:11.055000,0 days 02:06:47.663000
2024-05-19 14:14:27.929,11361,220,5,100,False,0,car,0 days 01:11:11.335000,0 days 02:06:47.943000
2024-05-19 14:14:28.169,11037,228,5,100,False,0,car,0 days 01:11:11.575000,0 days 02:06:48.183000
2024-05-19 14:14:28.329,10462,232,6,100,False,0,car,0 days 01:11:11.735000,0 days 02:06:48.343000
2024-05-19 14:14:28.569,10674,237,6,100,False,0,car,0 days 01:11:11.975000,0 days 02:06:48.583000
2024-05-19 14:14:28.970,10999,245,6,100,False,0,car,0 days 01:11:12.376000,0 days 02:06:48.984000
2024-05-19 14:14:29.130,11230,249,6,100,False,0,car,0 days 01:11:12.536000,0 days 02:06:49.144000
2024-05-19 14:14:29.330,11307,253,6,100,False,0,car,0 days 01:11:12.736000,0 days 02:06:49.344000
2024-05-19 14:14:29.490,11389,254,6,100,False,0,car,0 days 01:11:12.896000,0 days 02:06:49.504000
2024-05-19 14:14:29.650,11583,257,6,100,False,0,car,0 days 01:11:13.056000,0 days 02:06:49.664000
2024-05-19 14:14:30.010,11514,260,6,100,False,0,car,0 days 01:11:13.416000,0 days 02:06:50.024000
2024-05-19 14:14:30.290,11535,261,6,100,False,0,car,0 days 01:11:13.696000,0 days 02:06:50.304000
2024-05-19 14:14:30.570,10432,263,7,100,False,0,car,0 days 01:11:13.976000,0 days 02:06:50.584000
2024-05-19 14:14:31.010,10544,265,7,100,False,0,car,0 days 01:11:14.416000,0 days 02:06:51.024000
2024-05-19 14:14:31.170,10580,266,7,100,False,0,car,0 days 01:11:14.576000,0 days 02:06:51.184000
2024-05-19 14:14:31.490,10632,267,7,100,False,0,car,0 days 01:11:14.896000,0 days 02:06:51.504000
2024-05-19 14:14:31.690,10738,268,7,100,False,0,car,0 days 01:11:15.096000,0 days 02:06:51.704000
2024-05-19 14:14:32.090,10718,269,7,100,False,0,car,0 days 01:11:15.496000,0 days 02:06:52.104000
2024-05-19 14:14:32.370,10693,270,7,100,False,0,car,0 days 01:11:15.776000,0 days 02:06:52.384000
2024-05-19 14:14:32.650,10685,270,7,100,False,0,car,0 days 01:11:16.056000,0 days 02:06:52.664000
2024-05-19 14:14:32.890,10604,267,7,3,True,0,car,0 days 01:11:16.296000,0 days 02:06:52.904000
2024-05-19 14:14:33.090,9916,261,7,0,True,0,car,0 days 01:11:16.496000,0 days 02:06:53.104000
2024-05-19 14:14:33.250,10195,237,7,0,True,0,car,0 days 01:11:16.656000,0 days 02:06:53.264000
2024-05-19 14:14:33.569,10736,219,6,0,True,0,car,0 days 01:11:16.975000,0 days 02:06:53.583000
2024-05-19 14:14:33.929,10432,207,5,7,False,0,car,0 days 01:11:17.335000,0 days 02:06:53.943000
2024-05-19 14:14:34.249,10397,200,5,30,False,0,car,0 days 01:11:17.655000,0 days 02:06:54.263000
2024-05-19 14:14:34.609,10598,204,5,86,False,0,car,0 days 01:11:18.015000,0 days 02:06:54.623000
2024-05-19 14:14:34.849,10960,208,5,100,False,0,car,0 days 01:11:18.255000,0 days 02:06:54.863000
2024-05-19 14:14:35.129,11070,214,5,100,False,0,car,0 days 01:11:18.535000,0 days 02:06:55.143000
2024-05-19 14:14:35.410,11415,220,5,100,False,0,car,0 days 01:11:18.816000,0 days 02:06:55.424000
2024-05-19 14:14:35.770,10530,230,6,100,False,0,car,0 days 01:11:19.176000,0 days 02:06:55.784000
2024-05-19 14:14:36.050,10568,235,6,100,False,0,car,0 days 01:11:19.456000,0 days 02:06:56.064000
2024-05-19 14:14:36.210,10475,240,6,100,False,0,car,0 days 01:11:19.616000,0 days 02:06:56.224000
2024-05-19 14:14:36.490,10961,243,6,100,False,0,car,0 days 01:11:19.896000,0 days 02:06:56.504000
2024-05-19 14:14:36.770,11157,247,6,100,False,0,car,0 days 01:11:20.176000,0 days 02:06:56.784000
2024-05-19 14:14:37.050,11266,251,6,100,False,0,car,0 days 01:11:20.456000,0 days 02:06:57.064000
2024-05-19 14:14:37.330,11410,256,6,100,False,0,car,0 days 01:11:20.736000,0 days 02:06:57.344000
2024-05-19 14:14:37.610,11425,258,6,100,False,0,car,0 days 01:11:21.016000,0 days 02:06:57.624000
2024-05-19 14:14:37.810,11642,261,6,100,False,0,car,0 days 01:11:21.216000,0 days 02:06:57.824000
2024-05-19 14:14:37.970,11222,261,6,100,False,0,car,0 days 01:11:21.376000,0 days 02:06:57.984000
2024-05-19 14:14:38.130,10475,264,6,100,False,0,car,0 days 01:11:21.536000,0 days 02:06:58.144000
2024-05-19 14:14:38.290,10578,265,7,100,False,0,car,0 days 01:11:21.696000,0 days 02:06:58.304000
2024-05-19 14:14:38.650,10605,268,7,100,False,0,car,0 days 01:11:22.056000,0 days 02:06:58.664000
2024-05-19 14:14:38.850,10699,269,7,100,False,0,car,0 days 01:11:22.256000,0 days 02:06:58.864000
2024-05-19 14:14:39.250,10742,270,7,100,False,0,car,0 days 01:11:22.656000,0 days 02:06:59.264000
2024-05-19 14:14:39.410,10750,271,7,100,False,0,car,0 days 01:11:22.816000,0 days 02:06:59.424000
2024-05-19 14:14:39.770,10570,270,7,3,False,0,car,0 days 01:11:23.176000,0 days 02:06:59.784000
2024-05-19 14:14:39.970,10225,266,7,0,False,0,car,0 days 01:11:23.376000,0 days 02:06:59.984000
2024-05-19 14:14:40.289,9771,254,7,0,True,0,car,0 days 01:11:23.695000,0 days 02:07:00.303000
2024-05-19 14:14:40.449,10051,245,7,0,True,0,car,0 days 01:11:23.855000,0 days 02:07:00.463000
2024-05-19 14:14:40.729,10674,206,7,0,True,0,car,0 days 01:11:24.135000,0 days 02:07:00.743000
2024-05-19 14:14:40.889,10182,196,6,0,True,0,car,0 days 01:11:24.295000,0 days 02:07:00.903000
2024-05-19 14:14:41.249,9643,164,4,0,True,0,car,0 days 01:11:24.655000,0 days 02:07:01.263000
2024-05-19 14:14:41.649,8663,141,4,0,True,0,car,0 days 01:11:25.055000,0 days 02:07:01.663000
2024-05-19 14:14:41.809,7985,132,4,0,True,0,car,0 days 01:11:25.215000,0 days 02:07:01.823000
2024-05-19 14:14:42.050,7656,128,4,0,True,0,car,0 days 01:11:25.456000,0 days 02:07:02.064000
2024-05-19 14:14:42.210,7339,128,4,0,False,0,car,0 days 01:11:25.616000,0 days 02:07:02.224000
2024-05-19 14:14:42.490,7339,120,4,0,False,0,car,0 days 01:11:25.896000,0 days 02:07:02.504000
2024-05-19 14:14:42.690,7445,119,4,36,False,0,car,0 days 01:11:26.096000,0 days 02:07:02.704000
2024-05-19 14:14:42.850,7556,120,4,43,False,0,car,0 days 01:11:26.256000,0 days 02:07:02.864000
2024-05-19 14:14:43.090,7908,126,4,64,False,0,car,0 days 01:11:26.496000,0 days 02:07:03.104000
2024-05-19 14:14:43.330,8627,136,4,94,False,0,car,0 days 01:11:26.736000,0 days 02:07:03.344000
2024-05-19 14:14:43.650,9253,148,4,100,False,0,car,0 days 01:11:27.056000,0 days 02:07:03.664000
2024-05-19 14:14:43.970,10078,160,4,100,False,0,car,0 days 01:11:27.376000,0 days 02:07:03.984000
2024-05-19 14:14:44.210,11088,171,4,100,False,0,car,0 days 01:11:27.616000,0 days 02:07:04.224000
2024-05-19 14:14:44.490,10947,179,4,100,False,0,car,0 days 01:11:27.896000,0 days 02:07:04.504000
2024-05-19 14:14:44.810,11518,193,4,100,False,0,car,0 days 01:11:28.216000,0 days 02:07:04.824000
2024-05-19 14:14:45.050,11338,199,4,100,False,0,car,0 days 01:11:28.456000,0 days 02:07:05.064000
2024-05-19 14:14:45.450,11033,209,5,100,False,0,car,0 days 01:11:28.856000,0 days 02:07:05.464000
2024-05-19 14:14:45.650,11211,217,5,99,False,0,car,0 days 01:11:29.056000,0 days 02:07:05.664000
2024-05-19 14:14:45.850,11395,222,5,100,False,0,car,0 days 01:11:29.256000,0 days 02:07:05.864000
2024-05-19 14:14:46.170,11739,230,5,100,False,0,car,0 days 01:11:29.576000,0 days 02:07:06.184000
2024-05-19 14:14:46.410,11266,234,5,100,False,0,car,0 days 01:11:29.816000,0 days 02:07:06.424000
2024-05-19 14:14:46.690,10558,237,6,100,False,0,car,0 days 01:11:30.096000,0 days 02:07:06.704000
2024-05-19 14:14:46.850,11014,244,6,100,False,0,car,0 days 01:11:30.256000,0 days 02:07:06.864000
2024-05-19 14:14:47.129,11065,244,6,100,False,0,car,0 days 01:11:30.535000,0 days 02:07:07.143000
2024-05-19 14:14:47.449,11100,249,6,100,False,0,car,0 days 01:11:30.855000,0 days 02:07:07.463000
2024-05-19 14:14:47.689,11252,251,6,100,False,0,car,0 days 01:11:31.095000,0 days 02:07:07.703000
2024-05-19 14:14:48.089,11416,255,6,100,False,0,car,0 days 01:11:31.495000,0 days 02:07:08.103000
2024-05-19 14:14:48.289,11341,255,6,100,False,0,car,0 days 01:11:31.695000,0 days 02:07:08.303000
2024-05-19 14:14:48.490,11346,256,6,100,False,0,car,0 days 01:11:31.896000,0 days 02:07:08.504000
2024-05-19 14:14:48.650,11412,256,6,100,False,0,car,0 days 01:11:32.056000,0 days 02:07:08.664000
2024-05-19 14:14:48.850,11448,257,6,100,False,0,car,0 days 01:11:32.256000,0 days 02:07:08.864000
2024-05-19 14:14:49.090,11476,257,6,100,False,0,car,0 days 01:11:32.496000,0 days 02:07:09.104000
2024-05-19 14:14:49.370,11151,258,6,0,True,0,car,0 days 01:11:32.776000,0 days 02:07:09.384000
2024-05-19 14:14:49.530,10983,258,6,0,True,0,car,0 days 01:11:32.936000,0 days 02:07:09.544000
2024-05-19 14:14:49.970,9809,193,5,0,True,0,car,0 days 01:11:33.376000,0 days 02:07:09.984000
2024-05-19 14:14:50.250,10140,166,5,0,True,0,car,0 days 01:11:33.656000,0 days 02:07:10.264000
2024-05-19 14:14:50.570,8613,147,4,0,True,0,car,0 days 01:11:33.976000,0 days 02:07:10.584000
2024-05-19 14:14:51.050,7373,125,4,0,True,0,car,0 days 01:11:34.456000,0 days 02:07:11.064000
2024-05-19 14:14:51.490,6825,115,4,0,False,0,car,0 days 01:11:34.896000,0 days 02:07:11.504000
2024-05-19 14:14:51.730,7849,110,4,0,False,0,car,0 days 01:11:35.136000,0 days 02:07:11.744000
2024-05-19 14:14:51.970,7473,109,3,0,True,0,car,0 days 01:11:35.376000,0 days 02:07:11.984000
2024-05-19 14:14:52.250,7344,103,3,0,False,0,car,0 days 01:11:35.656000,0 days 02:07:12.264000
2024-05-19 14:14:52.490,7504,101,3,7,False,0,car,0 days 01:11:35.896000,0 days 02:07:12.504000
2024-05-19 14:14:52.850,7399,99,3,0,False,0,car,0 days 01:11:36.256000,0 days 02:07:12.864000
2024-05-19 14:14:53.210,7622,102,3,34,False,0,car,0 days 01:11:36.616000,0 days 02:07:13.224000
2024-05-19 14:14:53.450,8028,106,3,42,False,0,car,0 days 01:11:36.856000,0 days 02:07:13.464000
2024-05-19 14:14:53.610,8497,112,3,62,False,0,car,0 days 01:11:37.016000,0 days 02:07:13.624000
2024-05-19 14:14:53.929,9389,124,3,88,False,0,car,0 days 01:11:37.335000,0 days 02:07:13.943000
2024-05-19 14:14:54.169,10880,135,3,100,False,0,car,0 days 01:11:37.575000,0 days 02:07:14.183000
2024-05-19 14:14:54.449,11790,150,3,100,False,0,car,0 days 01:11:37.855000,0 days 02:07:14.463000
2024-05-19 14:14:54.689,11565,160,3,100,False,0,car,0 days 01:11:38.095000,0 days 02:07:14.703000
2024-05-19 14:14:54.929,10787,174,4,100,False,0,car,0 days 01:11:38.335000,0 days 02:07:14.943000
2024-05-19 14:14:55.090,10982,179,4,100,False,0,car,0 days 01:11:38.496000,0 days 02:07:15.104000
2024-05-19 14:14:55.370,11730,191,4,100,False,0,car,0 days 01:11:38.776000,0 days 02:07:15.384000
2024-05-19 14:14:55.770,10915,204,4,100,False,0,car,0 days 01:11:39.176000,0 days 02:07:15.784000
2024-05-19 14:14:56.090,10897,214,5,100,False,0,car,0 days 01:11:39.496000,0 days 02:07:16.104000
2024-05-19 14:14:56.410,11436,223,5,100,False,0,car,0 days 01:11:39.816000,0 days 02:07:16.424000
2024-05-19 14:14:56.770,11928,231,5,100,False,0,car,0 days 01:11:40.176000,0 days 02:07:16.784000
2024-05-19 14:14:56.970,10808,236,5,100,False,0,car,0 days 01:11:40.376000,0 days 02:07:16.984000
2024-05-19 14:14:57.130,10950,242,6,100,False,0,car,0 days 01:11:40.536000,0 days 02:07:17.144000
2024-05-19 14:14:57.370,11069,247,6,100,False,0,car,0 days 01:11:40.776000,0 days 02:07:17.384000
2024-05-19 14:14:57.610,11294,251,6,100,False,0,car,0 days 01:11:41.016000,0 days 02:07:17.624000
2024-05-19 14:14:57.850,11455,254,6,100,False,0,car,0 days 01:11:41.256000,0 days 02:07:17.864000
2024-05-19 14:14:58.050,11509,260,6,100,False,0,car,0 days 01:11:41.456000,0 days 02:07:18.064000
2024-05-19 14:14:58.450,11772,266,6,100,False,0,car,0 days 01:11:41.856000,0 days 02:07:18.464000
2024-05-19 14:14:58.610,11837,268,6,100,False,0,car,0 days 01:11:42.016000,0 days 02:07:18.624000
2024-05-19 14:14:58.890,10651,270,7,100,False,0,car,0 days 01:11:42.296000,0 days 02:07:18.904000
2024-05-19 14:14:59.050,10840,273,7,100,False,0,car,0 days 01:11:42.456000,0 days 02:07:19.064000
2024-05-19 14:14:59.250,10900,276,7,100,False,0,car,0 days 01:11:42.656000,0 days 02:07:19.264000
2024-05-19 14:14:59.450,11002,277,7,100,False,0,car,0 days 01:11:42.856000,0 days 02:07:19.464000
2024-05-19 14:14:59.610,11035,280,7,100,False,0,car,0 days 01:11:43.016000,0 days 02:07:19.624000
2024-05-19 14:14:59.770,11187,281,7,100,False,0,car,0 days 01:11:43.176000,0 days 02:07:19.784000
2024-05-19 14:14:59.970,11228,284,7,100,False,0,car,0 days 01:11:43.376000,0 days 02:07:19.984000
2024-05-19 14:15:00.170,11228,284,7,100,False,0,car,0 days 01:11:43.576000,0 days 02:07:20.184000
2024-05-19 14:15:00.409,11278,286,7,100,False,0,car,0 days 01:11:43.815000,0 days 02:07:20.423000
2024-05-19 14:15:00.609,11278,287,7,100,False,0,car,0 days 01:11:44.015000,0 days 02:07:20.623000
2024-05-19 14:15:00.849,11278,288,7,100,False,0,car,0 days 01:11:44.255000,0 days 02:07:20.863000
2024-05-19 14:15:01.169,11454,290,7,100,False,0,car,0 days 01:11:44.575000,0 days 02:07:21.183000
2024-05-19 14:15:01.369,11693,294,7,100,False,0,car,0 days 01:11:44.775000,0 days 02:07:21.383000
2024-05-19 14:15:01.610,11679,297,7,100,False,0,car,0 days 01:11:45.016000,0 days 02:07:21.624000
2024-05-19 14:15:01.890,11573,297,7,100,False,0,car,0 days 01:11:45.296000,0 days 02:07:21.904000
2024-05-19 14:15:02.090,11653,296,7,100,False,0,car,0 days 01:11:45.496000,0 days 02:07:22.104000
2024-05-19 14:15:02.370,11594,295,7,82,False,0,car,0 days 01:11:45.776000,0 days 02:07:22.384000
2024-05-19 14:15:02.530,11285,282,7,0,True,0,car,0 days 01:11:45.936000,0 days 02:07:22.544000
2024-05-19 14:15:02.690,10447,269,7,0,True,0,car,0 days 01:11:46.096000,0 days 02:07:22.704000
2024-05-19 14:15:02.930,9467,233,7,0,True,0,car,0 days 01:11:46.336000,0 days 02:07:22.944000
2024-05-19 14:15:03.090,9970,220,7,0,True,0,car,0 days 01:11:46.496000,0 days 02:07:23.104000
2024-05-19 14:15:03.370,10895,198,7,0,True,0,car,0 days 01:11:46.776000,0 days 02:07:23.384000
2024-05-19 14:15:03.650,10723,163,5,0,True,0,car,0 days 01:11:47.056000,0 days 02:07:23.664000
2024-05-19 14:15:03.970,9900,148,3,0,True,0,car,0 days 01:11:47.376000,0 days 02:07:23.984000
2024-05-19 14:15:04.250,9272,129,3,0,True,0,car,0 days 01:11:47.656000,0 days 02:07:24.264000
2024-05-19 14:15:04.650,8398,120,3,0,True,0,car,0 days 01:11:48.056000,0 days 02:07:24.664000
2024-05-19 14:15:04.850,8100,115,3,0,True,0,car,0 days 01:11:48.256000,0 days 02:07:24.864000
2024-05-19 14:15:05.130,8249,111,3,21,False,0,car,0 days 01:11:48.536000,0 days 02:07:25.144000
2024-05-19 14:15:05.330,8300,113,3,18,False,0,car,0 days 01:11:48.736000,0 days 02:07:25.344000
2024-05-19 14:15:05.650,8496,114,3,38,False,0,car,0 days 01:11:49.056000,0 days 02:07:25.664000
2024-05-19 14:15:05.930,8875,121,3,50,False,0,car,0 days 01:11:49.336000,0 days 02:07:25.944000
2024-05-19 14:15:06.130,9570,128,3,77,False,0,car,0 days 01:11:49.536000,0 days 02:07:26.144000
2024-05-19 14:15:06.530,10824,147,3,100,False,0,car,0 days 01:11:49.936000,0 days 02:07:26.544000
2024-05-19 14:15:06.690,9704,152,3,100,False,0,car,0 days 01:11:50.096000,0 days 02:07:26.704000
2024-05-19 14:15:06.970,9618,160,4,17,True,0,car,0 days 01:11:50.376000,0 days 02:07:26.984000
2024-05-19 14:15:07.289,8972,154,4,0,True,0,car,0 days 01:11:50.695000,0 days 02:07:27.303000
2024-05-19 14:15:07.689,8591,147,4,0,True,0,car,0 days 01:11:51.095000,0 days 02:07:27.703000
2024-05-19 14:15:07.969,8200,142,4,0,True,0,car,0 days 01:11:51.375000,0 days 02:07:27.983000
2024-05-19 14:15:08.130,8200,142,4,0,True,0,car,0 days 01:11:51.536000,0 days 02:07:28.144000
2024-05-19 14:15:08.290,7865,142,4,1,False,0,car,0 days 01:11:51.696000,0 days 02:07:28.304000
2024-05-19 14:15:08.530,8148,132,4,48,False,0,car,0 days 01:11:51.936000,0 days 02:07:28.544000
2024-05-19 14:15:08.730,8382,134,4,53,False,0,car,0 days 01:11:52.136000,0 days 02:07:28.744000
2024-05-19 14:15:08.930,8609,138,4,59,False,0,car,0 days 01:11:52.336000,0 days 02:07:28.944000
2024-05-19 14:15:09.130,9101,145,4,70,False,0,car,0 days 01:11:52.536000,0 days 02:07:29.144000
2024-05-19 14:15:09.290,9416,148,4,78,False,0,car,0 days 01:11:52.696000,0 days 02:07:29.304000
2024-05-19 14:15:09.490,10042,155,4,100,False,0,car,0 days 01:11:52.896000,0 days 02:07:29.504000
2024-05-19 14:15:09.650,10360,164,4,100,False,0,car,0 days 01:11:53.056000,0 days 02:07:29.664000
2024-05-19 14:15:10.010,11130,181,4,100,False,0,car,0 days 01:11:53.416000,0 days 02:07:30.024000
2024-05-19 14:15:10.170,11401,185,4,100,False,0,car,0 days 01:11:53.576000,0 days 02:07:30.184000
2024-05-19 14:15:10.370,11336,192,4,100,False,0,car,0 days 01:11:53.776000,0 days 02:07:30.384000
2024-05-19 14:15:10.530,10417,199,4,100,False,0,car,0 days 01:11:53.936000,0 days 02:07:30.544000
2024-05-19 14:15:10.690,10417,202,5,100,False,0,car,0 days 01:11:54.096000,0 days 02:07:30.704000
2024-05-19 14:15:10.970,10955,208,5,100,False,0,car,0 days 01:11:54.376000,0 days 02:07:30.984000
2024-05-19 14:15:11.170,11207,218,5,100,False,0,car,0 days 01:11:54.576000,0 days 02:07:31.184000
2024-05-19 14:15:11.370,11438,223,5,100,False,0,car,0 days 01:11:54.776000,0 days 02:07:31.384000
2024-05-19 14:15:11.530,11717,228,5,100,False,0,car,0 days 01:11:54.936000,0 days 02:07:31.544000
2024-05-19 14:15:11.690,11793,230,5,100,False,0,car,0 days 01:11:55.096000,0 days 02:07:31.704000
2024-05-19 14:15:11.890,11233,235,5,100,False,0,car,0 days 01:11:55.296000,0 days 02:07:31.904000
2024-05-19 14:15:12.090,10695,240,6,100,False,0,car,0 days 01:11:55.496000,0 days 02:07:32.104000
2024-05-19 14:15:12.290,10875,244,6,100,False,0,car,0 days 01:11:55.696000,0 days 02:07:32.304000
2024-05-19 14:15:12.650,11344,250,6,100,False,0,car,0 days 01:11:56.056000,0 days 02:07:32.664000
2024-05-19 14:15:12.850,11461,254,6,100,False,0,car,0 days 01:11:56.256000,0 days 02:07:32.864000
2024-05-19 14:15:13.050,11607,259,6,100,False,0,car,0 days 01:11:56.456000,0 days 02:07:33.064000
2024-05-19 14:15:13.330,10767,263,6,100,False,0,car,0 days 01:11:56.736000,0 days 02:07:33.344000
2024-05-19 14:15:13.610,10573,268,7,100,False,0,car,0 days 01:11:57.016000,0 days 02:07:33.624000
2024-05-19 14:15:13.929,10824,271,7,100,False,0,car,0 days 01:11:57.335000,0 days 02:07:33.943000
2024-05-19 14:15:14.289,10945,276,7,100,False,0,car,0 days 01:11:57.695000,0 days 02:07:34.303000
2024-05-19 14:15:14.489,11080,276,7,100,False,0,car,0 days 01:11:57.895000,0 days 02:07:34.503000
2024-05-19 14:15:14.770,11177,281,7,100,False,0,car,0 days 01:11:58.176000,0 days 02:07:34.784000
2024-05-19 14:15:15.090,11233,284,7,100,False,0,car,0 days 01:11:58.496000,0 days 02:07:35.104000
2024-05-19 14:15:15.290,11363,287,7,100,False,0,car,0 days 01:11:58.696000,0 days 02:07:35.304000
2024-05-19 14:15:15.530,11438,289,7,100,False,0,car,0 days 01:11:58.936000,0 days 02:07:35.544000
2024-05-19 14:15:15.730,11444,291,7,100,False,0,car,0 days 01:11:59.136000,0 days 02:07:35.744000
2024-05-19 14:15:15.890,11464,292,7,100,False,0,car,0 days 01:11:59.296000,0 days 02:07:35.904000
2024-05-19 14:15:16.250,10486,295,7,100,False,0,car,0 days 01:11:59.656000,0 days 02:07:36.264000
2024-05-19 14:15:16.410,10498,296,8,100,False,0,car,0 days 01:11:59.816000,0 days 02:07:36.424000
2024-05-19 14:15:16.650,10557,297,8,100,False,0,car,0 days 01:12:00.056000,0 days 02:07:36.664000
2024-05-19 14:15:16.810,10652,299,8,100,False,0,car,0 days 01:12:00.216000,0 days 02:07:36.824000
2024-05-19 14:15:17.090,10682,300,8,100,False,0,car,0 days 01:12:00.496000,0 days 02:07:37.104000
2024-05-19 14:15:17.330,10754,301,8,100,False,0,car,0 days 01:12:00.736000,0 days 02:07:37.344000
2024-05-19 14:15:17.530,10757,303,8,100,False,0,car,0 days 01:12:00.936000,0 days 02:07:37.544000
2024-05-19 14:15:17.730,10843,304,8,100,False,0,car,0 days 01:12:01.136000,0 days 02:07:37.744000
2024-05-19 14:15:17.890,10827,304,8,100,False,0,car,0 days 01:12:01.296000,0 days 02:07:37.904000
2024-05-19 14:15:18.090,10839,305,8,100,False,0,car,0 days 01:12:01.496000,0 days 02:07:38.104000
2024-05-19 14:15:18.250,10899,306,8,100,False,0,car,0 days 01:12:01.656000,0 days 02:07:38.264000
2024-05-19 14:15:18.490,10899,307,8,100,False,0,car,0 days 01:12:01.896000,0 days 02:07:38.504000
2024-05-19 14:15:18.850,10954,308,8,100,False,0,car,0 days 01:12:02.256000,0 days 02:07:38.864000
2024-05-19 14:15:19.170,10975,310,8,100,False,0,car,0 days 01:12:02.576000,0 days 02:07:39.184000
2024-05-19 14:15:19.570,11060,310,8,100,False,0,car,0 days 01:12:02.976000,0 days 02:07:39.584000
2024-05-19 14:15:19.970,11028,311,8,100,False,0,car,0 days 01:12:03.376000,0 days 02:07:39.984000
2024-05-19 14:15:20.170,11118,312,8,100,False,0,car,0 days 01:12:03.576000,0 days 02:07:40.184000
2024-05-19 14:15:20.330,11056,313,8,100,False,0,car,0 days 01:12:03.736000,0 days 02:07:40.344000
2024-05-19 14:15:20.569,11145,314,8,100,False,0,car,0 days 01:12:03.975000,0 days 02:07:40.583000
2024-05-19 14:15:20.969,11153,315,8,100,False,0,car,0 days 01:12:04.375000,0 days 02:07:40.983000
2024-05-19 14:15:21.129,11179,315,8,100,False,0,car,0 days 01:12:04.535000,0 days 02:07:41.143000
2024-05-19 14:15:21.370,11211,316,8,100,False,0,car,0 days 01:12:04.776000,0 days 02:07:41.384000
2024-05-19 14:15:21.730,11188,317,8,100,False,0,car,0 days 01:12:05.136000,0 days 02:07:41.744000
2024-05-19 14:15:22.010,11255,317,8,100,False,0,car,0 days 01:12:05.416000,0 days 02:07:42.024000
2024-05-19 14:15:22.210,11205,316,8,100,False,0,car,0 days 01:12:05.616000,0 days 02:07:42.224000
2024-05-19 14:15:22.370,11174,316,8,100,False,0,car,0 days 01:12:05.776000,0 days 02:07:42.384000
2024-05-19 14:15:22.570,11182,317,8,100,False,0,car,0 days 01:12:05.976000,0 days 02:07:42.584000
2024-05-19 14:15:22.850,11225,317,8,100,False,0,car,0 days 01:12:06.256000,0 days 02:07:42.864000
2024-05-19 14:15:23.330,11252,317,8,100,False,0,car,0 days 01:12:06.736000,0 days 02:07:43.344000
2024-05-19 14:15:23.570,11327,318,8,100,False,0,car,0 days 01:12:06.976000,0 days 02:07:43.584000
2024-05-19 14:15:23.930,11212,318,8,100,False,0,car,0 days 01:12:07.336000,0 days 02:07:43.944000
2024-05-19 14:15:24.170,11174,318,8,100,False,0,car,0 days 01:12:07.576000,0 days 02:07:44.184000
2024-05-19 14:15:24.370,10754,316,8,0,True,0,car,0 days 01:12:07.776000,0 days 02:07:44.384000
2024-05-19 14:15:24.730,9838,269,8,0,True,0,car,0 days 01:12:08.136000,0 days 02:07:44.744000
2024-05-19 14:15:24.890,9780,269,8,0,True,0,car,0 days 01:12:08.296000,0 days 02:07:44.904000
2024-05-19 14:15:25.170,10324,216,7,0,True,0,car,0 days 01:12:08.576000,0 days 02:07:45.184000
2024-05-19 14:15:25.370,9925,197,6,0,True,0,car,0 days 01:12:08.776000,0 days 02:07:45.384000
2024-05-19 14:15:25.730,10011,168,4,0,True,0,car,0 days 01:12:09.136000,0 days 02:07:45.744000
2024-05-19 14:15:26.170,9162,155,4,1,True,0,car,0 days 01:12:09.576000,0 days 02:07:46.184000
2024-05-19 14:15:26.410,9186,148,4,3,False,0,car,0 days 01:12:09.816000,0 days 02:07:46.424000
2024-05-19 14:15:26.810,9447,151,4,59,False,0,car,0 days 01:12:10.216000,0 days 02:07:46.824000
2024-05-19 14:15:27.010,9607,155,4,69,False,0,car,0 days 01:12:10.416000,0 days 02:07:47.024000
2024-05-19 14:15:27.409,8511,169,4,59,False,0,car,0 days 01:12:10.815000,0 days 02:07:47.423000
2024-05-19 14:15:27.609,8858,165,5,21,False,0,car,0 days 01:12:11.015000,0 days 02:07:47.623000
2024-05-19 14:15:27.769,8438,167,5,46,False,0,car,0 days 01:12:11.175000,0 days 02:07:47.783000
2024-05-19 14:15:27.930,8766,166,5,57,False,0,car,0 days 01:12:11.336000,0 days 02:07:47.944000
2024-05-19 14:15:28.090,8985,167,5,64,False,0,car,0 days 01:12:11.496000,0 days 02:07:48.104000
2024-05-19 14:15:28.450,9319,175,5,90,False,0,car,0 days 01:12:11.856000,0 days 02:07:48.464000
2024-05-19 14:15:28.850,9957,188,5,100,False,0,car,0 days 01:12:12.256000,0 days 02:07:48.864000
2024-05-19 14:15:29.090,10478,197,5,100,False,0,car,0 days 01:12:12.496000,0 days 02:07:49.104000
2024-05-19 14:15:29.450,10783,208,5,100,False,0,car,0 days 01:12:12.856000,0 days 02:07:49.464000
2024-05-19 14:15:29.650,11236,215,5,100,False,0,car,0 days 01:12:13.056000,0 days 02:07:49.664000
2024-05-19 14:15:30.050,11600,224,5,100,False,0,car,0 days 01:12:13.456000,0 days 02:07:50.064000
2024-05-19 14:15:30.490,10639,232,6,100,False,0,car,0 days 01:12:13.896000,0 days 02:07:50.504000
2024-05-19 14:15:30.690,10756,235,6,100,False,0,car,0 days 01:12:14.096000,0 days 02:07:50.704000
2024-05-19 14:15:30.970,10806,239,6,100,False,0,car,0 days 01:12:14.376000,0 days 02:07:50.984000
2024-05-19 14:15:31.250,11055,245,6,100,False,0,car,0 days 01:12:14.656000,0 days 02:07:51.264000
2024-05-19 14:15:31.490,11239,249,6,100,False,0,car,0 days 01:12:14.896000,0 days 02:07:51.504000
2024-05-19 14:15:31.690,11351,249,6,100,False,0,car,0 days 01:12:15.096000,0 days 02:07:51.704000
2024-05-19 14:15:31.890,11488,258,6,100,False,0,car,0 days 01:12:15.296000,0 days 02:07:51.904000
2024-05-19 14:15:32.050,11634,261,6,100,False,0,car,0 days 01:12:15.456000,0 days 02:07:52.064000
2024-05-19 14:15:32.290,11056,262,6,100,False,0,car,0 days 01:12:15.696000,0 days 02:07:52.304000
2024-05-19 14:15:32.570,10688,267,7,100,False,0,car,0 days 01:12:15.976000,0 days 02:07:52.584000
2024-05-19 14:15:32.890,10740,271,7,100,False,0,car,0 days 01:12:16.296000,0 days 02:07:52.904000
2024-05-19 14:15:33.090,10827,272,7,100,False,0,car,0 days 01:12:16.496000,0 days 02:07:53.104000
2024-05-19 14:15:33.370,10957,275,7,100,False,0,car,0 days 01:12:16.776000,0 days 02:07:53.384000
2024-05-19 14:15:33.770,10940,277,7,100,False,0,car,0 days 01:12:17.176000,0 days 02:07:53.784000
2024-05-19 14:15:33.970,10980,279,7,100,False,0,car,0 days 01:12:17.376000,0 days 02:07:53.984000
2024-05-19 14:15:34.409,11001,280,7,100,False,0,car,0 days 01:12:17.815000,0 days 02:07:54.423000
2024-05-19 14:15:34.770,11087,280,7,100,False,0,car,0 days 01:12:18.176000,0 days 02:07:54.784000
2024-05-19 14:15:35.050,11059,280,7,100,False,0,car,0 days 01:12:18.456000,0 days 02:07:55.064000
2024-05-19 14:15:35.450,10868,270,7,0,True,0,car,0 days 01:12:18.856000,0 days 02:07:55.464000
2024-05-19 14:15:35.690,9835,256,7,0,True,0,car,0 days 01:12:19.096000,0 days 02:07:55.704000
2024-05-19 14:15:35.970,10547,244,6,0,True,0,car,0 days 01:12:19.376000,0 days 02:07:55.984000
2024-05-19 14:15:36.130,10547,235,6,0,True,0,car,0 days 01:12:19.536000,0 days 02:07:56.144000
2024-05-19 14:15:36.450,9840,224,6,0,True,0,car,0 days 01:12:19.856000,0 days 02:07:56.464000
2024-05-19 14:15:36.690,9840,216,6,2,True,0,car,0 days 01:12:20.096000,0 days 02:07:56.704000
2024-05-19 14:15:36.930,9599,195,6,0,True,0,car,0 days 01:12:20.336000,0 days 02:07:56.944000
2024-05-19 14:15:37.250,8540,173,5,0,True,0,car,0 days 01:12:20.656000,0 days 02:07:57.264000
2024-05-19 14:15:37.490,8366,168,5,0,False,0,car,0 days 01:12:20.896000,0 days 02:07:57.504000
2024-05-19 14:15:37.690,8210,165,5,1,False,0,car,0 days 01:12:21.096000,0 days 02:07:57.704000
2024-05-19 14:15:37.850,8405,162,5,9,False,0,car,0 days 01:12:21.256000,0 days 02:07:57.864000
2024-05-19 14:15:38.210,8506,163,5,61,False,0,car,0 days 01:12:21.616000,0 days 02:07:58.224000
2024-05-19 14:15:38.490,8845,167,5,77,False,0,car,0 days 01:12:21.896000,0 days 02:07:58.504000
2024-05-19 14:15:38.730,9165,171,5,92,False,0,car,0 days 01:12:22.136000,0 days 02:07:58.744000
2024-05-19 14:15:39.090,9705,184,5,100,False,0,car,0 days 01:12:22.496000,0 days 02:07:59.104000
2024-05-19 14:15:39.290,9909,189,5,100,False,0,car,0 days 01:12:22.696000,0 days 02:07:59.304000
2024-05-19 14:15:39.650,10686,203,5,100,False,0,car,0 days 01:12:23.056000,0 days 02:07:59.664000
2024-05-19 14:15:39.850,10872,209,5,100,False,0,car,0 days 01:12:23.256000,0 days 02:07:59.864000
2024-05-19 14:15:40.050,11069,214,5,100,False,0,car,0 days 01:12:23.456000,0 days 02:08:00.064000
2024-05-19 14:15:40.370,10959,219,5,100,False,0,car,0 days 01:12:23.776000,0 days 02:08:00.384000
2024-05-19 14:15:40.729,11478,223,5,100,False,0,car,0 days 01:12:24.135000,0 days 02:08:00.743000
2024-05-19 14:15:41.090,11519,226,5,100,False,0,car,0 days 01:12:24.496000,0 days 02:08:01.104000
2024-05-19 14:15:41.250,11540,229,5,100,False,0,car,0 days 01:12:24.656000,0 days 02:08:01.264000
2024-05-19 14:15:41.410,11548,218,5,0,True,0,car,0 days 01:12:24.816000,0 days 02:08:01.424000
2024-05-19 14:15:41.610,10375,198,5,0,True,0,car,0 days 01:12:25.016000,0 days 02:08:01.624000
2024-05-19 14:15:41.930,10629,170,5,0,True,0,car,0 days 01:12:25.336000,0 days 02:08:01.944000
2024-05-19 14:15:42.290,10268,148,4,0,True,0,car,0 days 01:12:25.696000,0 days 02:08:02.304000
2024-05-19 14:15:42.570,9342,133,3,0,True,0,car,0 days 01:12:25.976000,0 days 02:08:02.584000
2024-05-19 14:15:42.730,9160,126,3,0,True,0,car,0 days 01:12:26.136000,0 days 02:08:02.744000
2024-05-19 14:15:42.890,10280,126,3,0,True,0,car,0 days 01:12:26.296000,0 days 02:08:02.904000
2024-05-19 14:15:43.210,9534,108,3,0,True,0,car,0 days 01:12:26.616000,0 days 02:08:03.224000
2024-05-19 14:15:43.370,9114,108,2,0,True,0,car,0 days 01:12:26.776000,0 days 02:08:03.384000
2024-05-19 14:15:43.610,8780,102,2,0,True,0,car,0 days 01:12:27.016000,0 days 02:08:03.624000
2024-05-19 14:15:43.770,8424,100,2,0,True,0,car,0 days 01:12:27.176000,0 days 02:08:03.784000
2024-05-19 14:15:44.090,7970,94,2,0,True,0,car,0 days 01:12:27.496000,0 days 02:08:04.104000
2024-05-19 14:15:44.250,7722,92,2,0,False,0,car,0 days 01:12:27.656000,0 days 02:08:04.264000
2024-05-19 14:15:44.530,6908,88,2,23,False,0,car,0 days 01:12:27.936000,0 days 02:08:04.544000
2024-05-19 14:15:44.850,6984,91,3,27,False,0,car,0 days 01:12:28.256000,0 days 02:08:04.864000
2024-05-19 14:15:45.010,7088,93,3,38,False,0,car,0 days 01:12:28.416000,0 days 02:08:05.024000
2024-05-19 14:15:45.210,7350,96,3,42,False,0,car,0 days 01:12:28.616000,0 days 02:08:05.224000
2024-05-19 14:15:45.490,7902,100,3,54,False,0,car,0 days 01:12:28.896000,0 days 02:08:05.504000
2024-05-19 14:15:45.730,8606,112,3,69,False,0,car,0 days 01:12:29.136000,0 days 02:08:05.744000
2024-05-19 14:15:45.890,8812,112,3,75,False,0,car,0 days 01:12:29.296000,0 days 02:08:05.904000
2024-05-19 14:15:46.170,10057,125,3,88,False,0,car,0 days 01:12:29.576000,0 days 02:08:06.184000
2024-05-19 14:15:46.410,11027,138,3,100,False,0,car,0 days 01:12:29.816000,0 days 02:08:06.424000
2024-05-19 14:15:46.570,11193,148,3,100,False,0,car,0 days 01:12:29.976000,0 days 02:08:06.584000
2024-05-19 14:15:46.730,11333,158,3,100,False,0,car,0 days 01:12:30.136000,0 days 02:08:06.744000
2024-05-19 14:15:47.010,10493,170,3,100,False,0,car,0 days 01:12:30.416000,0 days 02:08:07.024000
2024-05-19 14:15:47.330,11195,182,4,100,False,0,car,0 days 01:12:30.736000,0 days 02:08:07.344000
2024-05-19 14:15:47.569,11491,186,4,100,False,0,car,0 days 01:12:30.975000,0 days 02:08:07.583000
2024-05-19 14:15:47.770,11961,194,4,100,False,0,car,0 days 01:12:31.176000,0 days 02:08:07.784000
2024-05-19 14:15:48.090,10701,203,5,100,False,0,car,0 days 01:12:31.496000,0 days 02:08:08.104000
2024-05-19 14:15:48.330,11100,212,5,100,False,0,car,0 days 01:12:31.736000,0 days 02:08:08.344000
2024-05-19 14:15:48.530,11404,221,5,100,False,0,car,0 days 01:12:31.936000,0 days 02:08:08.544000
2024-05-19 14:15:48.850,11404,229,5,100,False,0,car,0 days 01:12:32.256000,0 days 02:08:08.864000
2024-05-19 14:15:49.290,10624,237,6,100,False,0,car,0 days 01:12:32.696000,0 days 02:08:09.304000
2024-05-19 14:15:49.730,11109,248,6,100,False,0,car,0 days 01:12:33.136000,0 days 02:08:09.744000
2024-05-19 14:15:49.970,11196,251,6,100,False,0,car,0 days 01:12:33.376000,0 days 02:08:09.984000
2024-05-19 14:15:50.370,11443,256,6,100,False,0,car,0 days 01:12:33.776000,0 days 02:08:10.384000
2024-05-19 14:15:50.650,11268,260,6,100,False,0,car,0 days 01:12:34.056000,0 days 02:08:10.664000
2024-05-19 14:15:50.850,10447,263,6,100,False,0,car,0 days 01:12:34.256000,0 days 02:08:10.864000
2024-05-19 14:15:51.170,10447,264,7,100,False,0,car,0 days 01:12:34.576000,0 days 02:08:11.184000
2024-05-19 14:15:51.370,10586,266,7,100,False,0,car,0 days 01:12:34.776000,0 days 02:08:11.384000
2024-05-19 14:15:51.730,10653,268,7,100,False,0,car,0 days 01:12:35.136000,0 days 02:08:11.744000
2024-05-19 14:15:52.210,10749,270,7,100,False,0,car,0 days 01:12:35.616000,0 days 02:08:12.224000
2024-05-19 14:15:52.410,10717,270,7,100,False,0,car,0 days 01:12:35.816000,0 days 02:08:12.424000
2024-05-19 14:15:52.810,10745,271,7,100,False,0,car,0 days 01:12:36.216000,0 days 02:08:12.824000
2024-05-19 14:15:53.050,10737,271,7,100,False,0,car,0 days 01:12:36.456000,0 days 02:08:13.064000
2024-05-19 14:15:53.330,10675,271,7,100,False,0,car,0 days 01:12:36.736000,0 days 02:08:13.344000
2024-05-19 14:15:53.530,10552,272,7,51,False,0,car,0 days 01:12:36.936000,0 days 02:08:13.544000
2024-05-19 14:15:53.730,10458,254,7,0,True,0,car,0 days 01:12:37.136000,0 days 02:08:13.744000
2024-05-19 14:15:54.010,10480,237,7,0,True,0,car,0 days 01:12:37.416000,0 days 02:08:14.024000
2024-05-19 14:15:54.210,10480,223,6,0,True,0,car,0 days 01:12:37.616000,0 days 02:08:14.224000
2024-05-19 14:15:54.450,10480,215,5,0,True,0,car,0 days 01:12:37.856000,0 days 02:08:14.464000
2024-05-19 14:15:54.610,10480,209,5,4,True,0,car,0 days 01:12:38.016000,0 days 02:08:14.624000
2024-05-19 14:15:54.890,10216,204,5,41,False,0,car,0 days 01:12:38.296000,0 days 02:08:14.904000
2024-05-19 14:15:55.170,9998,198,5,53,False,0,car,0 days 01:12:38.576000,0 days 02:08:15.184000
2024-05-19 14:15:55.490,10852,203,5,100,False,0,car,0 days 01:12:38.896000,0 days 02:08:15.504000
2024-05-19 14:15:55.770,11173,209,5,100,False,0,car,0 days 01:12:39.176000,0 days 02:08:15.784000
2024-05-19 14:15:56.130,11358,220,5,100,False,0,car,0 days 01:12:39.536000,0 days 02:08:16.144000
2024-05-19 14:15:56.370,10282,224,6,100,False,0,car,0 days 01:12:39.776000,0 days 02:08:16.384000
2024-05-19 14:15:56.570,10460,228,6,100,False,0,car,0 days 01:12:39.976000,0 days 02:08:16.584000
2024-05-19 14:15:56.850,10622,234,6,100,False,0,car,0 days 01:12:40.256000,0 days 02:08:16.864000
2024-05-19 14:15:57.090,10918,239,6,100,False,0,car,0 days 01:12:40.496000,0 days 02:08:17.104000
2024-05-19 14:15:57.530,11325,249,6,100,False,0,car,0 days 01:12:40.936000,0 days 02:08:17.544000
2024-05-19 14:15:57.810,11487,256,6,100,False,0,car,0 days 01:12:41.216000,0 days 02:08:17.824000
2024-05-19 14:15:58.050,11534,257,6,100,False,0,car,0 days 01:12:41.456000,0 days 02:08:18.064000
2024-05-19 14:15:58.330,11597,261,6,100,False,0,car,0 days 01:12:41.736000,0 days 02:08:18.344000
2024-05-19 14:15:58.530,10757,263,6,100,False,0,car,0 days 01:12:41.936000,0 days 02:08:18.544000
2024-05-19 14:15:58.770,10597,265,7,100,False,0,car,0 days 01:12:42.176000,0 days 02:08:18.784000
2024-05-19 14:15:59.090,10701,267,7,100,False,0,car,0 days 01:12:42.496000,0 days 02:08:19.104000
2024-05-19 14:15:59.290,10698,270,7,100,False,0,car,0 days 01:12:42.696000,0 days 02:08:19.304000
2024-05-19 14:15:59.490,10770,272,7,100,False,0,car,0 days 01:12:42.896000,0 days 02:08:19.504000
2024-05-19 14:15:59.970,10825,273,7,100,False,0,car,0 days 01:12:43.376000,0 days 02:08:19.984000
2024-05-19 14:16:00.250,10573,273,7,90,False,0,car,0 days 01:12:43.656000,0 days 02:08:20.264000
2024-05-19 14:16:00.530,10494,269,7,0,False,0,car,0 days 01:12:43.936000,0 days 02:08:20.544000
2024-05-19 14:16:00.930,9865,256,7,0,True,0,car,0 days 01:12:44.336000,0 days 02:08:20.944000
2024-05-19 14:16:01.090,10179,249,7,0,True,0,car,0 days 01:12:44.496000,0 days 02:08:21.104000
2024-05-19 14:16:01.410,10328,210,6,0,True,0,car,0 days 01:12:44.816000,0 days 02:08:21.424000
2024-05-19 14:16:01.850,10714,173,6,0,True,0,car,0 days 01:12:45.256000,0 days 02:08:21.864000
2024-05-19 14:16:02.010,10014,160,4,0,True,0,car,0 days 01:12:45.416000,0 days 02:08:22.024000
2024-05-19 14:16:02.290,8559,148,4,0,True,0,car,0 days 01:12:45.696000,0 days 02:08:22.304000
2024-05-19 14:16:02.490,7940,140,4,0,True,0,car,0 days 01:12:45.896000,0 days 02:08:22.504000
2024-05-19 14:16:02.770,7564,132,4,0,True,0,car,0 days 01:12:46.176000,0 days 02:08:22.784000
2024-05-19 14:16:03.050,7482,127,4,5,True,0,car,0 days 01:12:46.456000,0 days 02:08:23.064000
2024-05-19 14:16:03.290,7522,120,4,35,False,0,car,0 days 01:12:46.696000,0 days 02:08:23.304000
2024-05-19 14:16:03.450,7709,121,4,44,False,0,car,0 days 01:12:46.856000,0 days 02:08:23.464000
2024-05-19 14:16:03.650,8069,123,4,58,False,0,car,0 days 01:12:47.056000,0 days 02:08:23.664000
2024-05-19 14:16:04.010,8866,139,4,100,False,0,car,0 days 01:12:47.416000,0 days 02:08:24.024000
2024-05-19 14:16:04.370,9837,144,4,100,False,0,car,0 days 01:12:47.776000,0 days 02:08:24.384000
2024-05-19 14:16:04.690,10545,162,4,100,False,0,car,0 days 01:12:48.096000,0 days 02:08:24.704000
2024-05-19 14:16:04.930,11006,171,4,100,False,0,car,0 days 01:12:48.336000,0 days 02:08:24.944000
2024-05-19 14:16:05.290,11627,185,4,100,False,0,car,0 days 01:12:48.696000,0 days 02:08:25.304000
2024-05-19 14:16:05.570,10502,194,4,100,False,0,car,0 days 01:12:48.976000,0 days 02:08:25.584000
2024-05-19 14:16:05.770,10623,197,5,100,False,0,car,0 days 01:12:49.176000,0 days 02:08:25.784000
2024-05-19 14:16:05.970,10913,207,5,100,False,0,car,0 days 01:12:49.376000,0 days 02:08:25.984000
2024-05-19 14:16:06.170,11203,213,5,100,False,0,car,0 days 01:12:49.576000,0 days 02:08:26.184000
2024-05-19 14:16:06.450,11550,221,5,100,False,0,car,0 days 01:12:49.856000,0 days 02:08:26.464000
2024-05-19 14:16:06.650,11704,226,5,100,False,0,car,0 days 01:12:50.056000,0 days 02:08:26.664000
2024-05-19 14:16:06.930,10945,233,5,100,False,0,car,0 days 01:12:50.336000,0 days 02:08:26.944000
2024-05-19 14:16:07.090,10653,235,5,100,False,0,car,0 days 01:12:50.496000,0 days 02:08:27.104000
2024-05-19 14:16:07.290,10848,239,6,100,False,0,car,0 days 01:12:50.696000,0 days 02:08:27.304000
2024-05-19 14:16:07.570,11110,245,6,100,False,0,car,0 days 01:12:50.976000,0 days 02:08:27.584000
2024-05-19 14:16:07.810,11106,248,6,100,False,0,car,0 days 01:12:51.216000,0 days 02:08:27.824000
2024-05-19 14:16:08.010,11228,250,6,100,False,0,car,0 days 01:12:51.416000,0 days 02:08:28.024000
2024-05-19 14:16:08.210,11313,253,6,100,False,0,car,0 days 01:12:51.616000,0 days 02:08:28.224000
2024-05-19 14:16:08.570,11329,255,6,100,False,0,car,0 days 01:12:51.976000,0 days 02:08:28.584000
2024-05-19 14:16:08.890,11458,257,6,100,False,0,car,0 days 01:12:52.296000,0 days 02:08:28.904000
2024-05-19 14:16:09.170,11418,258,6,100,False,0,car,0 days 01:12:52.576000,0 days 02:08:29.184000
2024-05-19 14:16:09.410,11500,259,6,100,False,0,car,0 days 01:12:52.816000,0 days 02:08:29.424000
2024-05-19 14:16:09.570,11526,260,6,100,False,0,car,0 days 01:12:52.976000,0 days 02:08:29.584000
2024-05-19 14:16:09.770,11574,259,6,100,False,0,car,0 days 01:12:53.176000,0 days 02:08:29.784000
2024-05-19 14:16:10.010,11662,259,6,4,False,0,car,0 days 01:12:53.416000,0 days 02:08:30.024000
2024-05-19 14:16:10.170,10946,252,6,0,True,0,car,0 days 01:12:53.576000,0 days 02:08:30.184000
2024-05-19 14:16:10.330,10106,219,6,0,True,0,car,0 days 01:12:53.736000,0 days 02:08:30.344000
2024-05-19 14:16:10.650,10485,196,6,0,True,0,car,0 days 01:12:54.056000,0 days 02:08:30.664000
2024-05-19 14:16:11.010,9393,161,5,0,True,0,car,0 days 01:12:54.416000,0 days 02:08:31.024000
2024-05-19 14:16:11.290,8190,145,4,0,True,0,car,0 days 01:12:54.696000,0 days 02:08:31.304000
2024-05-19 14:16:11.490,9022,136,4,0,True,0,car,0 days 01:12:54.896000,0 days 02:08:31.504000
2024-05-19 14:16:11.770,8280,121,3,0,True,0,car,0 days 01:12:55.176000,0 days 02:08:31.784000
2024-05-19 14:16:12.010,7743,113,3,0,True,0,car,0 days 01:12:55.416000,0 days 02:08:32.024000
2024-05-19 14:16:12.250,7506,96,3,0,True,0,car,0 days 01:12:55.656000,0 days 02:08:32.264000
2024-05-19 14:16:12.450,7180,103,3,0,True,0,car,0 days 01:12:55.856000,0 days 02:08:32.464000
2024-05-19 14:16:12.730,6830,96,3,0,True,0,car,0 days 01:12:56.136000,0 days 02:08:32.744000
2024-05-19 14:16:13.010,6237,90,3,0,True,0,car,0 days 01:12:56.416000,0 days 02:08:33.024000
2024-05-19 14:16:13.290,6525,87,3,9,False,0,car,0 days 01:12:56.696000,0 days 02:08:33.304000
2024-05-19 14:16:13.490,6601,86,3,15,False,0,car,0 days 01:12:56.896000,0 days 02:08:33.504000
2024-05-19 14:16:13.730,6828,86,3,29,False,0,car,0 days 01:12:57.136000,0 days 02:08:33.744000
2024-05-19 14:16:13.931,7223,90,3,41,False,0,car,0 days 01:12:57.337000,0 days 02:08:33.945000
2024-05-19 14:16:14.131,7663,96,3,51,False,0,car,0 days 01:12:57.537000,0 days 02:08:34.145000
2024-05-19 14:16:14.450,8339,106,3,68,False,0,car,0 days 01:12:57.856000,0 days 02:08:34.464000
2024-05-19 14:16:14.770,10071,119,3,85,False,0,car,0 days 01:12:58.176000,0 days 02:08:34.784000
2024-05-19 14:16:14.930,10326,128,3,89,False,0,car,0 days 01:12:58.336000,0 days 02:08:34.944000
2024-05-19 14:16:15.170,11320,132,3,100,False,0,car,0 days 01:12:58.576000,0 days 02:08:35.184000
2024-05-19 14:16:15.530,10184,158,3,100,False,0,car,0 days 01:12:58.936000,0 days 02:08:35.544000
2024-05-19 14:16:15.810,10724,167,4,100,False,0,car,0 days 01:12:59.216000,0 days 02:08:35.824000
2024-05-19 14:16:16.050,11302,181,4,100,False,0,car,0 days 01:12:59.456000,0 days 02:08:36.064000
2024-05-19 14:16:16.210,11541,188,4,100,False,0,car,0 days 01:12:59.616000,0 days 02:08:36.224000
2024-05-19 14:16:16.410,11937,195,4,100,False,0,car,0 days 01:12:59.816000,0 days 02:08:36.424000
2024-05-19 14:16:16.650,10717,203,4,100,False,0,car,0 days 01:13:00.056000,0 days 02:08:36.664000
2024-05-19 14:16:16.890,10717,209,5,100,False,0,car,0 days 01:13:00.296000,0 days 02:08:36.904000
2024-05-19 14:16:17.130,11156,216,5,100,False,0,car,0 days 01:13:00.536000,0 days 02:08:37.144000
2024-05-19 14:16:17.370,11737,225,5,100,False,0,car,0 days 01:13:00.776000,0 days 02:08:37.384000
2024-05-19 14:16:17.690,10617,232,5,100,False,0,car,0 days 01:13:01.096000,0 days 02:08:37.704000
2024-05-19 14:16:17.970,10784,237,6,100,False,0,car,0 days 01:13:01.376000,0 days 02:08:37.984000
2024-05-19 14:16:18.410,11118,248,6,100,False,0,car,0 days 01:13:01.816000,0 days 02:08:38.424000
2024-05-19 14:16:18.570,11337,252,6,100,False,0,car,0 days 01:13:01.976000,0 days 02:08:38.584000
2024-05-19 14:16:18.850,11613,258,6,100,False,0,car,0 days 01:13:02.256000,0 days 02:08:38.864000
2024-05-19 14:16:19.010,11646,261,6,100,False,0,car,0 days 01:13:02.416000,0 days 02:08:39.024000
2024-05-19 14:16:19.410,10946,266,7,100,False,0,car,0 days 01:13:02.816000,0 days 02:08:39.424000
2024-05-19 14:16:19.730,10782,271,7,100,False,0,car,0 days 01:13:03.136000,0 days 02:08:39.744000
2024-05-19 14:16:19.970,10886,274,7,100,False,0,car,0 days 01:13:03.376000,0 days 02:08:39.984000
2024-05-19 14:16:20.130,10952,276,7,100,False,0,car,0 days 01:13:03.536000,0 days 02:08:40.144000
2024-05-19 14:16:20.330,11092,277,7,100,False,0,car,0 days 01:13:03.736000,0 days 02:08:40.344000
2024-05-19 14:16:20.571,11090,280,7,100,False,0,car,0 days 01:13:03.977000,0 days 02:08:40.585000
2024-05-19 14:16:20.851,11230,282,7,100,False,0,car,0 days 01:13:04.257000,0 days 02:08:40.865000
2024-05-19 14:16:21.250,11293,287,7,100,False,0,car,0 days 01:13:04.656000,0 days 02:08:41.264000
2024-05-19 14:16:21.450,11412,288,7,100,False,0,car,0 days 01:13:04.856000,0 days 02:08:41.464000
2024-05-19 14:16:21.730,11425,291,7,100,False,0,car,0 days 01:13:05.136000,0 days 02:08:41.744000
2024-05-19 14:16:21.970,11548,291,7,100,False,0,car,0 days 01:13:05.376000,0 days 02:08:41.984000
2024-05-19 14:16:22.130,11548,294,7,100,False,0,car,0 days 01:13:05.536000,0 days 02:08:42.144000
2024-05-19 14:16:22.490,11656,296,7,100,False,0,car,0 days 01:13:05.896000,0 days 02:08:42.504000
2024-05-19 14:16:22.690,11684,296,7,100,False,0,car,0 days 01:13:06.096000,0 days 02:08:42.704000
2024-05-19 14:16:22.890,11514,296,7,100,False,0,car,0 days 01:13:06.296000,0 days 02:08:42.904000
2024-05-19 14:16:23.050,11479,294,7,100,False,0,car,0 days 01:13:06.456000,0 days 02:08:43.064000
2024-05-19 14:16:23.210,11201,294,7,24,False,0,car,0 days 01:13:06.616000,0 days 02:08:43.224000
2024-05-19 14:16:23.370,11083,290,7,0,True,0,car,0 days 01:13:06.776000,0 days 02:08:43.384000
2024-05-19 14:16:23.650,10039,258,7,0,True,0,car,0 days 01:13:07.056000,0 days 02:08:43.664000
2024-05-19 14:16:23.930,9758,222,7,0,True,0,car,0 days 01:13:07.336000,0 days 02:08:43.944000
2024-05-19 14:16:24.250,10191,211,7,0,True,0,car,0 days 01:13:07.656000,0 days 02:08:44.264000
2024-05-19 14:16:24.410,9828,168,6,0,True,0,car,0 days 01:13:07.816000,0 days 02:08:44.424000
2024-05-19 14:16:24.690,10278,152,3,0,True,0,car,0 days 01:13:08.096000,0 days 02:08:44.704000
2024-05-19 14:16:25.010,9048,130,3,0,True,0,car,0 days 01:13:08.416000,0 days 02:08:45.024000
2024-05-19 14:16:25.210,8507,122,3,0,True,0,car,0 days 01:13:08.616000,0 days 02:08:45.224000
2024-05-19 14:16:25.570,8009,116,3,0,True,0,car,0 days 01:13:08.976000,0 days 02:08:45.584000
2024-05-19 14:16:25.770,7850,113,3,0,False,0,car,0 days 01:13:09.176000,0 days 02:08:45.784000
2024-05-19 14:16:25.930,7721,111,3,0,False,0,car,0 days 01:13:09.336000,0 days 02:08:45.944000
2024-05-19 14:16:26.290,8369,109,3,44,False,0,car,0 days 01:13:09.696000,0 days 02:08:46.304000
2024-05-19 14:16:26.770,9183,119,3,68,False,0,car,0 days 01:13:10.176000,0 days 02:08:46.784000
2024-05-19 14:16:26.970,9915,125,3,86,False,0,car,0 days 01:13:10.376000,0 days 02:08:46.984000
2024-05-19 14:16:27.291,10996,137,3,100,False,0,car,0 days 01:13:10.697000,0 days 02:08:47.305000
2024-05-19 14:16:27.571,9469,151,3,100,False,0,car,0 days 01:13:10.977000,0 days 02:08:47.585000
2024-05-19 14:16:27.890,9328,163,4,0,True,0,car,0 days 01:13:11.296000,0 days 02:08:47.904000
2024-05-19 14:16:28.170,9051,153,4,0,True,0,car,0 days 01:13:11.576000,0 days 02:08:48.184000
2024-05-19 14:16:28.330,8529,150,4,0,True,0,car,0 days 01:13:11.736000,0 days 02:08:48.344000
2024-05-19 14:16:28.610,8249,141,4,0,False,0,car,0 days 01:13:12.016000,0 days 02:08:48.624000
2024-05-19 14:16:29.010,7825,134,4,0,False,0,car,0 days 01:13:12.416000,0 days 02:08:49.024000
2024-05-19 14:16:29.170,7850,133,4,34,False,0,car,0 days 01:13:12.576000,0 days 02:08:49.184000
2024-05-19 14:16:29.570,8312,133,4,50,False,0,car,0 days 01:13:12.976000,0 days 02:08:49.584000
2024-05-19 14:16:29.770,8525,134,4,54,False,0,car,0 days 01:13:13.176000,0 days 02:08:49.784000
2024-05-19 14:16:30.010,8901,142,4,64,False,0,car,0 days 01:13:13.416000,0 days 02:08:50.024000
2024-05-19 14:16:30.170,9230,145,4,70,False,0,car,0 days 01:13:13.576000,0 days 02:08:50.184000
2024-05-19 14:16:30.410,9497,152,4,73,False,0,car,0 days 01:13:13.816000,0 days 02:08:50.424000
2024-05-19 14:16:30.650,10480,160,4,100,False,0,car,0 days 01:13:14.056000,0 days 02:08:50.664000
2024-05-19 14:16:30.850,11025,170,4,100,False,0,car,0 days 01:13:14.256000,0 days 02:08:50.864000
2024-05-19 14:16:31.210,11721,185,4,100,False,0,car,0 days 01:13:14.616000,0 days 02:08:51.224000
2024-05-19 14:16:31.450,10464,193,4,100,False,0,car,0 days 01:13:14.856000,0 days 02:08:51.464000
2024-05-19 14:16:31.850,10910,207,5,100,False,0,car,0 days 01:13:15.256000,0 days 02:08:51.864000
2024-05-19 14:16:32.010,11073,213,5,100,False,0,car,0 days 01:13:15.416000,0 days 02:08:52.024000
2024-05-19 14:16:32.210,11273,213,5,100,False,0,car,0 days 01:13:15.616000,0 days 02:08:52.224000
2024-05-19 14:16:32.490,11595,225,5,100,False,0,car,0 days 01:13:15.896000,0 days 02:08:52.504000
2024-05-19 14:16:32.650,11339,227,5,100,False,0,car,0 days 01:13:16.056000,0 days 02:08:52.664000
2024-05-19 14:16:32.890,10715,234,5,100,False,0,car,0 days 01:13:16.296000,0 days 02:08:52.904000
2024-05-19 14:16:33.210,10978,243,6,100,False,0,car,0 days 01:13:16.616000,0 days 02:08:53.224000
2024-05-19 14:16:33.450,11132,248,6,100,False,0,car,0 days 01:13:16.856000,0 days 02:08:53.464000
2024-05-19 14:16:33.691,11400,252,6,100,False,0,car,0 days 01:13:17.097000,0 days 02:08:53.705000
2024-05-19 14:16:33.891,11542,252,6,100,False,0,car,0 days 01:13:17.297000,0 days 02:08:53.905000
2024-05-19 14:16:34.131,10729,260,6,100,False,0,car,0 days 01:13:17.537000,0 days 02:08:54.145000
2024-05-19 14:16:34.530,10729,267,7,100,False,0,car,0 days 01:13:17.936000,0 days 02:08:54.544000
2024-05-19 14:16:34.810,10832,271,7,100,False,0,car,0 days 01:13:18.216000,0 days 02:08:54.824000
2024-05-19 14:16:35.210,10975,277,7,100,False,0,car,0 days 01:13:18.616000,0 days 02:08:55.224000
2024-05-19 14:16:35.530,11117,279,7,100,False,0,car,0 days 01:13:18.936000,0 days 02:08:55.544000
2024-05-19 14:16:35.810,11197,284,7,100,False,0,car,0 days 01:13:19.216000,0 days 02:08:55.824000
2024-05-19 14:16:35.970,11257,284,7,100,False,0,car,0 days 01:13:19.376000,0 days 02:08:55.984000
2024-05-19 14:16:36.210,11326,288,7,100,False,0,car,0 days 01:13:19.616000,0 days 02:08:56.224000
2024-05-19 14:16:36.410,11434,289,7,100,False,0,car,0 days 01:13:19.816000,0 days 02:08:56.424000
2024-05-19 14:16:36.650,11536,291,7,100,False,0,car,0 days 01:13:20.056000,0 days 02:08:56.664000
2024-05-19 14:16:37.010,11096,294,7,100,False,0,car,0 days 01:13:20.416000,0 days 02:08:57.024000
2024-05-19 14:16:37.210,10511,296,7,100,False,0,car,0 days 01:13:20.616000,0 days 02:08:57.224000
2024-05-19 14:16:37.370,10588,297,8,100,False,0,car,0 days 01:13:20.776000,0 days 02:08:57.384000
2024-05-19 14:16:37.610,10653,299,8,100,False,0,car,0 days 01:13:21.016000,0 days 02:08:57.624000
2024-05-19 14:16:37.770,10661,299,8,100,False,0,car,0 days 01:13:21.176000,0 days 02:08:57.784000
2024-05-19 14:16:38.050,10754,301,8,100,False,0,car,0 days 01:13:21.456000,0 days 02:08:58.064000
2024-05-19 14:16:38.450,10832,304,8,100,False,0,car,0 days 01:13:21.856000,0 days 02:08:58.464000
2024-05-19 14:16:38.690,10866,305,8,100,False,0,car,0 days 01:13:22.096000,0 days 02:08:58.704000
2024-05-19 14:16:38.890,10881,307,8,100,False,0,car,0 days 01:13:22.296000,0 days 02:08:58.904000
2024-05-19 14:16:39.250,10923,308,8,100,False,0,car,0 days 01:13:22.656000,0 days 02:08:59.264000
2024-05-19 14:16:39.450,10949,308,8,100,False,0,car,0 days 01:13:22.856000,0 days 02:08:59.464000
2024-05-19 14:16:39.650,10969,309,8,100,False,0,car,0 days 01:13:23.056000,0 days 02:08:59.664000
2024-05-19 14:16:39.810,10964,310,8,100,False,0,car,0 days 01:13:23.216000,0 days 02:08:59.824000
2024-05-19 14:16:40.090,10991,310,8,100,False,0,car,0 days 01:13:23.496000,0 days 02:09:00.104000
2024-05-19 14:16:40.451,11100,311,8,100,False,0,car,0 days 01:13:23.857000,0 days 02:09:00.465000
2024-05-19 14:16:40.731,11062,311,8,100,False,0,car,0 days 01:13:24.137000,0 days 02:09:00.745000
2024-05-19 14:16:41.091,11062,311,8,100,False,0,car,0 days 01:13:24.497000,0 days 02:09:01.105000
2024-05-19 14:16:41.250,11062,313,8,100,False,0,car,0 days 01:13:24.656000,0 days 02:09:01.264000
2024-05-19 14:16:41.530,11178,314,8,100,False,0,car,0 days 01:13:24.936000,0 days 02:09:01.544000
2024-05-19 14:16:41.810,11162,314,8,100,False,0,car,0 days 01:13:25.216000,0 days 02:09:01.824000
2024-05-19 14:16:42.090,11121,314,8,100,False,0,car,0 days 01:13:25.496000,0 days 02:09:02.104000
2024-05-19 14:16:42.290,11168,315,8,100,False,0,car,0 days 01:13:25.696000,0 days 02:09:02.304000
2024-05-19 14:16:42.530,11183,316,8,100,False,0,car,0 days 01:13:25.936000,0 days 02:09:02.544000
2024-05-19 14:16:42.690,11176,316,8,100,False,0,car,0 days 01:13:26.096000,0 days 02:09:02.704000
2024-05-19 14:16:42.970,11204,317,8,100,False,0,car,0 days 01:13:26.376000,0 days 02:09:02.984000
2024-05-19 14:16:43.170,11265,317,8,100,False,0,car,0 days 01:13:26.576000,0 days 02:09:03.184000
2024-05-19 14:16:43.330,11193,317,8,100,False,0,car,0 days 01:13:26.736000,0 days 02:09:03.344000
2024-05-19 14:16:43.690,11260,317,8,100,False,0,car,0 days 01:13:27.096000,0 days 02:09:03.704000
2024-05-19 14:16:44.010,11352,318,8,100,False,0,car,0 days 01:13:27.416000,0 days 02:09:04.024000
2024-05-19 14:16:44.210,11301,319,8,100,False,0,car,0 days 01:13:27.616000,0 days 02:09:04.224000
2024-05-19 14:16:44.530,11320,319,8,100,False,0,car,0 days 01:13:27.936000,0 days 02:09:04.544000
2024-05-19 14:16:44.770,11320,319,8,100,False,0,car,0 days 01:13:28.176000,0 days 02:09:04.784000
2024-05-19 14:16:44.930,11191,319,8,99,False,0,car,0 days 01:13:28.336000,0 days 02:09:04.944000
2024-05-19 14:16:45.130,11031,317,8,36,False,0,car,0 days 01:13:28.536000,0 days 02:09:05.144000
2024-05-19 14:16:45.370,10415,305,8,0,True,0,car,0 days 01:13:28.776000,0 days 02:09:05.384000
2024-05-19 14:16:45.650,10020,267,8,0,True,0,car,0 days 01:13:29.056000,0 days 02:09:05.664000
2024-05-19 14:16:45.850,10385,244,8,0,True,0,car,0 days 01:13:29.256000,0 days 02:09:05.864000
2024-05-19 14:16:46.090,10440,221,8,0,True,0,car,0 days 01:13:29.496000,0 days 02:09:06.104000
2024-05-19 14:16:46.330,10923,193,7,0,True,0,car,0 days 01:13:29.736000,0 days 02:09:06.344000
2024-05-19 14:16:46.610,10005,171,4,0,True,0,car,0 days 01:13:30.016000,0 days 02:09:06.624000
2024-05-19 14:16:46.891,9585,161,4,0,True,0,car,0 days 01:13:30.297000,0 days 02:09:06.905000
2024-05-19 14:16:47.131,9000,152,4,0,False,0,car,0 days 01:13:30.537000,0 days 02:09:07.145000
2024-05-19 14:16:47.331,8921,148,4,3,False,0,car,0 days 01:13:30.737000,0 days 02:09:07.345000
2024-05-19 14:16:47.731,9033,147,4,51,False,0,car,0 days 01:13:31.137000,0 days 02:09:07.745000
2024-05-19 14:16:48.130,9649,153,4,73,False,0,car,0 days 01:13:31.536000,0 days 02:09:08.144000
2024-05-19 14:16:48.330,9649,161,4,73,False,0,car,0 days 01:13:31.736000,0 days 02:09:08.344000
2024-05-19 14:16:48.730,8577,163,5,26,False,0,car,0 days 01:13:32.136000,0 days 02:09:08.744000
2024-05-19 14:16:48.970,8399,163,5,44,False,0,car,0 days 01:13:32.376000,0 days 02:09:08.984000
2024-05-19 14:16:49.130,8598,163,5,46,False,0,car,0 days 01:13:32.536000,0 days 02:09:09.144000
2024-05-19 14:16:49.450,8948,167,5,72,False,0,car,0 days 01:13:32.856000,0 days 02:09:09.464000
2024-05-19 14:16:49.690,9118,172,5,100,False,0,car,0 days 01:13:33.096000,0 days 02:09:09.704000
2024-05-19 14:16:50.010,9890,186,5,100,False,0,car,0 days 01:13:33.416000,0 days 02:09:10.024000
2024-05-19 14:16:50.370,10424,193,5,100,False,0,car,0 days 01:13:33.776000,0 days 02:09:10.384000
2024-05-19 14:16:50.530,10613,200,5,100,False,0,car,0 days 01:13:33.936000,0 days 02:09:10.544000
2024-05-19 14:16:50.810,11086,213,5,100,False,0,car,0 days 01:13:34.216000,0 days 02:09:10.824000
2024-05-19 14:16:51.050,11377,217,5,100,False,0,car,0 days 01:13:34.456000,0 days 02:09:11.064000
2024-05-19 14:16:51.370,11384,223,5,100,False,0,car,0 days 01:13:34.776000,0 days 02:09:11.384000
2024-05-19 14:16:51.530,10326,227,5,100,False,0,car,0 days 01:13:34.936000,0 days 02:09:11.544000
2024-05-19 14:16:51.810,10598,233,6,100,False,0,car,0 days 01:13:35.216000,0 days 02:09:11.824000
2024-05-19 14:16:51.970,10819,235,6,100,False,0,car,0 days 01:13:35.376000,0 days 02:09:11.984000
2024-05-19 14:16:52.210,10828,241,6,100,False,0,car,0 days 01:13:35.616000,0 days 02:09:12.224000
2024-05-19 14:16:52.530,11153,247,6,100,False,0,car,0 days 01:13:35.936000,0 days 02:09:12.544000
2024-05-19 14:16:52.690,11276,250,6,100,False,0,car,0 days 01:13:36.096000,0 days 02:09:12.704000
2024-05-19 14:16:52.970,11464,255,6,100,False,0,car,0 days 01:13:36.376000,0 days 02:09:12.984000
2024-05-19 14:16:53.250,11670,260,6,100,False,0,car,0 days 01:13:36.656000,0 days 02:09:13.264000
2024-05-19 14:16:53.531,10472,265,6,100,False,0,car,0 days 01:13:36.937000,0 days 02:09:13.545000
2024-05-19 14:16:53.731,10521,267,7,100,False,0,car,0 days 01:13:37.137000,0 days 02:09:13.745000
2024-05-19 14:16:54.011,10703,270,7,100,False,0,car,0 days 01:13:37.417000,0 days 02:09:14.025000
2024-05-19 14:16:54.451,10892,272,7,100,False,0,car,0 days 01:13:37.857000,0 days 02:09:14.465000
2024-05-19 14:16:54.690,10955,274,7,100,False,0,car,0 days 01:13:38.096000,0 days 02:09:14.704000
2024-05-19 14:16:54.890,10939,276,7,100,False,0,car,0 days 01:13:38.296000,0 days 02:09:14.904000
2024-05-19 14:16:55.090,10920,276,7,100,False,0,car,0 days 01:13:38.496000,0 days 02:09:15.104000
2024-05-19 14:16:55.330,10944,278,7,100,False,0,car,0 days 01:13:38.736000,0 days 02:09:15.344000
2024-05-19 14:16:55.530,11041,279,7,100,False,0,car,0 days 01:13:38.936000,0 days 02:09:15.544000
2024-05-19 14:16:55.770,10996,279,7,100,False,0,car,0 days 01:13:39.176000,0 days 02:09:15.784000
2024-05-19 14:16:55.970,11005,279,7,100,False,0,car,0 days 01:13:39.376000,0 days 02:09:15.984000
2024-05-19 14:16:56.250,10889,279,7,98,False,0,car,0 days 01:13:39.656000,0 days 02:09:16.264000
2024-05-19 14:16:56.410,10691,274,7,0,True,0,car,0 days 01:13:39.816000,0 days 02:09:16.424000
2024-05-19 14:16:56.570,10189,267,7,0,True,0,car,0 days 01:13:39.976000,0 days 02:09:16.584000
2024-05-19 14:16:56.930,10072,239,7,0,True,0,car,0 days 01:13:40.336000,0 days 02:09:16.944000
2024-05-19 14:16:57.210,9958,229,6,0,True,0,car,0 days 01:13:40.616000,0 days 02:09:17.224000
2024-05-19 14:16:57.490,9715,222,6,7,False,0,car,0 days 01:13:40.896000,0 days 02:09:17.504000
2024-05-19 14:16:57.890,9577,213,6,0,True,0,car,0 days 01:13:41.296000,0 days 02:09:17.904000
2024-05-19 14:16:58.210,9092,186,6,0,True,0,car,0 days 01:13:41.616000,0 days 02:09:18.224000
2024-05-19 14:16:58.570,8323,170,5,0,True,0,car,0 days 01:13:41.976000,0 days 02:09:18.584000
2024-05-19 14:16:58.970,8222,161,5,25,False,0,car,0 days 01:13:42.376000,0 days 02:09:18.984000
2024-05-19 14:16:59.170,8297,158,5,50,False,0,car,0 days 01:13:42.576000,0 days 02:09:19.184000
2024-05-19 14:16:59.610,8998,166,5,89,False,0,car,0 days 01:13:43.016000,0 days 02:09:19.624000
2024-05-19 14:16:59.890,9380,172,5,100,False,0,car,0 days 01:13:43.296000,0 days 02:09:19.904000
2024-05-19 14:17:00.211,9961,184,5,100,False,0,car,0 days 01:13:43.617000,0 days 02:09:20.225000
2024-05-19 14:17:00.611,10458,196,5,100,False,0,car,0 days 01:13:44.017000,0 days 02:09:20.625000
2024-05-19 14:17:00.931,10575,204,5,100,False,0,car,0 days 01:13:44.337000,0 days 02:09:20.945000
2024-05-19 14:17:01.211,10827,212,5,100,False,0,car,0 days 01:13:44.617000,0 days 02:09:21.225000
2024-05-19 14:17:01.370,10928,213,5,100,False,0,car,0 days 01:13:44.776000,0 days 02:09:21.384000
2024-05-19 14:17:01.570,11167,217,5,100,False,0,car,0 days 01:13:44.976000,0 days 02:09:21.584000
2024-05-19 14:17:01.970,11392,222,5,100,False,0,car,0 days 01:13:45.376000,0 days 02:09:21.984000
2024-05-19 14:17:02.170,11407,224,5,100,False,0,car,0 days 01:13:45.576000,0 days 02:09:22.184000
2024-05-19 14:17:02.410,11510,227,5,60,False,0,car,0 days 01:13:45.816000,0 days 02:09:22.424000
2024-05-19 14:17:02.610,11008,217,5,0,True,0,car,0 days 01:13:46.016000,0 days 02:09:22.624000
2024-05-19 14:17:02.770,10728,207,5,0,True,0,car,0 days 01:13:46.176000,0 days 02:09:22.784000
2024-05-19 14:17:02.930,10650,186,5,0,True,0,car,0 days 01:13:46.336000,0 days 02:09:22.944000
2024-05-19 14:17:03.170,11110,167,4,0,True,0,car,0 days 01:13:46.576000,0 days 02:09:23.184000
2024-05-19 14:17:03.370,10623,153,3,0,True,0,car,0 days 01:13:46.776000,0 days 02:09:23.384000
2024-05-19 14:17:03.610,10063,137,3,0,True,0,car,0 days 01:13:47.016000,0 days 02:09:23.624000
2024-05-19 14:17:03.810,9025,127,3,0,True,0,car,0 days 01:13:47.216000,0 days 02:09:23.824000
2024-05-19 14:17:03.970,8445,124,3,0,True,0,car,0 days 01:13:47.376000,0 days 02:09:23.984000
2024-05-19 14:17:04.290,7827,114,3,0,True,0,car,0 days 01:13:47.696000,0 days 02:09:24.304000
2024-05-19 14:17:04.490,7427,109,3,0,True,0,car,0 days 01:13:47.896000,0 days 02:09:24.504000
2024-05-19 14:17:04.650,7168,106,3,0,True,0,car,0 days 01:13:48.056000,0 days 02:09:24.664000
2024-05-19 14:17:04.890,6875,101,3,0,True,0,car,0 days 01:13:48.296000,0 days 02:09:24.904000
2024-05-19 14:17:05.130,6617,98,3,0,True,0,car,0 days 01:13:48.536000,0 days 02:09:25.144000
2024-05-19 14:17:05.370,6746,93,3,14,False,0,car,0 days 01:13:48.776000,0 days 02:09:25.384000
2024-05-19 14:17:05.570,6696,90,3,20,False,0,car,0 days 01:13:48.976000,0 days 02:09:25.584000
2024-05-19 14:17:05.770,6812,91,3,22,False,0,car,0 days 01:13:49.176000,0 days 02:09:25.784000
2024-05-19 14:17:05.970,7151,93,3,29,False,0,car,0 days 01:13:49.376000,0 days 02:09:25.984000
2024-05-19 14:17:06.290,7392,97,3,37,False,0,car,0 days 01:13:49.696000,0 days 02:09:26.304000
2024-05-19 14:17:06.571,7886,102,3,51,False,0,car,0 days 01:13:49.977000,0 days 02:09:26.585000
2024-05-19 14:17:06.891,8554,108,3,68,False,0,car,0 days 01:13:50.297000,0 days 02:09:26.905000
2024-05-19 14:17:07.051,8996,108,3,73,False,0,car,0 days 01:13:50.457000,0 days 02:09:27.065000
2024-05-19 14:17:07.331,9992,128,3,89,False,0,car,0 days 01:13:50.737000,0 days 02:09:27.345000
2024-05-19 14:17:07.771,11588,146,3,100,False,0,car,0 days 01:13:51.177000,0 days 02:09:27.785000
2024-05-19 14:17:08.130,11330,165,3,100,False,0,car,0 days 01:13:51.536000,0 days 02:09:28.144000
2024-05-19 14:17:08.330,10530,173,3,100,False,0,car,0 days 01:13:51.736000,0 days 02:09:28.344000
2024-05-19 14:17:08.490,10950,177,3,100,False,0,car,0 days 01:13:51.896000,0 days 02:09:28.504000
2024-05-19 14:17:08.690,11482,185,4,100,False,0,car,0 days 01:13:52.096000,0 days 02:09:28.704000
2024-05-19 14:17:08.970,11742,196,4,100,False,0,car,0 days 01:13:52.376000,0 days 02:09:28.984000
2024-05-19 14:17:09.170,10762,202,4,100,False,0,car,0 days 01:13:52.576000,0 days 02:09:29.184000
2024-05-19 14:17:09.370,10961,208,5,100,False,0,car,0 days 01:13:52.776000,0 days 02:09:29.384000
2024-05-19 14:17:09.610,11148,218,5,100,False,0,car,0 days 01:13:53.016000,0 days 02:09:29.624000
2024-05-19 14:17:09.770,11538,221,5,100,False,0,car,0 days 01:13:53.176000,0 days 02:09:29.784000
2024-05-19 14:17:09.930,11481,223,5,100,False,0,car,0 days 01:13:53.336000,0 days 02:09:29.944000
2024-05-19 14:17:10.130,11835,230,5,100,False,0,car,0 days 01:13:53.536000,0 days 02:09:30.144000
2024-05-19 14:17:10.330,11236,232,5,100,False,0,car,0 days 01:13:53.736000,0 days 02:09:30.344000
2024-05-19 14:17:10.570,10835,239,6,100,False,0,car,0 days 01:13:53.976000,0 days 02:09:30.584000
2024-05-19 14:17:10.730,10975,241,6,100,False,0,car,0 days 01:13:54.136000,0 days 02:09:30.744000
2024-05-19 14:17:10.890,11066,245,6,100,False,0,car,0 days 01:13:54.296000,0 days 02:09:30.904000
2024-05-19 14:17:11.170,11307,250,6,100,False,0,car,0 days 01:13:54.576000,0 days 02:09:31.184000
2024-05-19 14:17:11.370,11325,254,6,100,False,0,car,0 days 01:13:54.776000,0 days 02:09:31.384000
2024-05-19 14:17:11.810,11516,259,6,100,False,0,car,0 days 01:13:55.216000,0 days 02:09:31.824000
2024-05-19 14:17:12.290,11647,261,6,100,False,0,car,0 days 01:13:55.696000,0 days 02:09:32.304000
2024-05-19 14:17:12.690,10474,263,7,100,False,0,car,0 days 01:13:56.096000,0 days 02:09:32.704000
2024-05-19 14:17:12.930,10493,265,7,100,False,0,car,0 days 01:13:56.336000,0 days 02:09:32.944000
2024-05-19 14:17:13.251,10593,266,7,100,False,0,car,0 days 01:13:56.657000,0 days 02:09:33.265000
2024-05-19 14:17:13.411,10593,267,7,100,False,0,car,0 days 01:13:56.817000,0 days 02:09:33.425000
2024-05-19 14:17:13.611,10590,267,7,100,False,0,car,0 days 01:13:57.017000,0 days 02:09:33.625000
2024-05-19 14:17:13.771,10600,267,7,100,False,0,car,0 days 01:13:57.177000,0 days 02:09:33.785000
2024-05-19 14:17:14.051,10598,267,7,100,False,0,car,0 days 01:13:57.457000,0 days 02:09:34.065000
2024-05-19 14:17:14.331,10633,268,7,100,False,0,car,0 days 01:13:57.737000,0 days 02:09:34.345000
2024-05-19 14:17:14.691,10621,269,7,0,False,0,car,0 days 01:13:58.097000,0 days 02:09:34.705000
2024-05-19 14:17:14.970,10621,247,7,0,True,0,car,0 days 01:13:58.376000,0 days 02:09:34.984000
2024-05-19 14:17:15.290,11069,220,6,0,True,0,car,0 days 01:13:58.696000,0 days 02:09:35.304000
2024-05-19 14:17:15.570,9974,203,5,1,True,0,car,0 days 01:13:58.976000,0 days 02:09:35.584000
2024-05-19 14:17:15.890,9788,194,5,35,False,0,car,0 days 01:13:59.296000,0 days 02:09:35.904000
2024-05-19 14:17:16.050,9630,190,5,54,False,0,car,0 days 01:13:59.456000,0 days 02:09:36.064000
2024-05-19 14:17:16.250,9770,191,5,54,False,0,car,0 days 01:13:59.656000,0 days 02:09:36.264000
2024-05-19 14:17:16.530,10144,195,5,79,False,0,car,0 days 01:13:59.936000,0 days 02:09:36.544000
2024-05-19 14:17:16.770,10693,200,5,100,False,0,car,0 days 01:14:00.176000,0 days 02:09:36.784000
2024-05-19 14:17:17.010,10894,205,5,100,False,0,car,0 days 01:14:00.416000,0 days 02:09:37.024000
2024-05-19 14:17:17.370,11301,215,5,100,False,0,car,0 days 01:14:00.776000,0 days 02:09:37.384000
2024-05-19 14:17:17.690,11500,223,5,100,False,0,car,0 days 01:14:01.096000,0 days 02:09:37.704000
2024-05-19 14:17:17.930,10426,231,5,100,False,0,car,0 days 01:14:01.336000,0 days 02:09:37.944000
2024-05-19 14:17:18.090,10607,232,6,100,False,0,car,0 days 01:14:01.496000,0 days 02:09:38.104000
2024-05-19 14:17:18.370,10846,234,6,100,False,0,car,0 days 01:14:01.776000,0 days 02:09:38.384000
2024-05-19 14:17:18.650,11085,246,6,100,False,0,car,0 days 01:14:02.056000,0 days 02:09:38.664000
2024-05-19 14:17:19.050,11359,252,6,100,False,0,car,0 days 01:14:02.456000,0 days 02:09:39.064000
2024-05-19 14:17:19.210,11387,254,6,100,False,0,car,0 days 01:14:02.616000,0 days 02:09:39.224000
2024-05-19 14:17:19.370,11461,255,6,100,False,0,car,0 days 01:14:02.776000,0 days 02:09:39.384000
2024-05-19 14:17:19.691,11571,259,6,100,False,0,car,0 days 01:14:03.097000,0 days 02:09:39.705000
2024-05-19 14:17:19.971,11705,262,6,100,False,0,car,0 days 01:14:03.377000,0 days 02:09:39.985000
2024-05-19 14:17:20.131,11705,264,6,100,False,0,car,0 days 01:14:03.537000,0 days 02:09:40.145000
2024-05-19 14:17:20.491,11891,265,6,100,False,0,car,0 days 01:14:03.897000,0 days 02:09:40.505000
2024-05-19 14:17:20.651,11751,267,6,100,False,0,car,0 days 01:14:04.057000,0 days 02:09:40.665000
2024-05-19 14:17:20.891,10689,268,7,100,False,0,car,0 days 01:14:04.297000,0 days 02:09:40.905000
2024-05-19 14:17:21.131,10626,269,7,100,False,0,car,0 days 01:14:04.537000,0 days 02:09:41.145000
2024-05-19 14:17:21.411,10732,270,7,100,False,0,car,0 days 01:14:04.817000,0 days 02:09:41.425000
2024-05-19 14:17:21.570,10724,270,7,100,False,0,car,0 days 01:14:04.976000,0 days 02:09:41.584000
2024-05-19 14:17:21.810,10627,269,7,91,False,0,car,0 days 01:14:05.216000,0 days 02:09:41.824000
2024-05-19 14:17:22.090,10521,267,7,0,True,0,car,0 days 01:14:05.496000,0 days 02:09:42.104000
2024-05-19 14:17:22.490,10248,244,7,0,True,0,car,0 days 01:14:05.896000,0 days 02:09:42.504000
2024-05-19 14:17:22.730,10685,213,6,0,True,0,car,0 days 01:14:06.136000,0 days 02:09:42.744000
2024-05-19 14:17:22.930,10304,193,6,0,True,0,car,0 days 01:14:06.336000,0 days 02:09:42.944000
2024-05-19 14:17:23.170,9921,173,5,0,True,0,car,0 days 01:14:06.576000,0 days 02:09:43.184000
2024-05-19 14:17:23.410,9289,160,4,0,True,0,car,0 days 01:14:06.816000,0 days 02:09:43.424000
2024-05-19 14:17:23.690,8098,148,4,0,True,0,car,0 days 01:14:07.096000,0 days 02:09:43.704000
2024-05-19 14:17:23.850,7861,139,4,0,True,0,car,0 days 01:14:07.256000,0 days 02:09:43.864000
2024-05-19 14:17:24.170,7556,129,4,5,False,0,car,0 days 01:14:07.576000,0 days 02:09:44.184000
2024-05-19 14:17:24.490,7775,125,4,30,False,0,car,0 days 01:14:07.896000,0 days 02:09:44.504000
2024-05-19 14:17:24.690,7680,124,4,39,False,0,car,0 days 01:14:08.096000,0 days 02:09:44.704000
2024-05-19 14:17:24.890,8046,125,4,53,False,0,car,0 days 01:14:08.296000,0 days 02:09:44.904000
2024-05-19 14:17:25.130,8447,133,4,76,False,0,car,0 days 01:14:08.536000,0 days 02:09:45.144000
2024-05-19 14:17:25.370,9258,139,4,100,False,0,car,0 days 01:14:08.776000,0 days 02:09:45.384000
2024-05-19 14:17:25.650,9997,150,4,100,False,0,car,0 days 01:14:09.056000,0 days 02:09:45.664000
2024-05-19 14:17:25.970,10341,164,4,100,False,0,car,0 days 01:14:09.376000,0 days 02:09:45.984000
2024-05-19 14:17:26.170,10761,168,4,100,False,0,car,0 days 01:14:09.576000,0 days 02:09:46.184000
2024-05-19 14:17:26.371,11025,176,4,100,False,0,car,0 days 01:14:09.777000,0 days 02:09:46.385000
2024-05-19 14:17:26.531,11395,184,4,100,False,0,car,0 days 01:14:09.937000,0 days 02:09:46.545000
2024-05-19 14:17:26.771,11789,187,4,100,False,0,car,0 days 01:14:10.177000,0 days 02:09:46.785000
2024-05-19 14:17:27.051,10302,200,4,100,False,0,car,0 days 01:14:10.457000,0 days 02:09:47.065000
2024-05-19 14:17:27.251,10693,206,5,100,False,0,car,0 days 01:14:10.657000,0 days 02:09:47.265000
2024-05-19 14:17:27.411,10693,209,5,100,False,0,car,0 days 01:14:10.817000,0 days 02:09:47.425000
2024-05-19 14:17:27.651,11344,218,5,100,False,0,car,0 days 01:14:11.057000,0 days 02:09:47.665000
2024-05-19 14:17:28.051,11503,228,5,100,False,0,car,0 days 01:14:11.457000,0 days 02:09:48.065000
2024-05-19 14:17:28.330,10585,234,5,100,False,0,car,0 days 01:14:11.736000,0 days 02:09:48.344000
2024-05-19 14:17:28.490,10769,236,6,100,False,0,car,0 days 01:14:11.896000,0 days 02:09:48.504000
2024-05-19 14:17:28.770,11106,242,6,100,False,0,car,0 days 01:14:12.176000,0 days 02:09:48.784000
2024-05-19 14:17:29.010,10936,247,6,100,False,0,car,0 days 01:14:12.416000,0 days 02:09:49.024000
2024-05-19 14:17:29.370,11132,250,6,100,False,0,car,0 days 01:14:12.776000,0 days 02:09:49.384000
2024-05-19 14:17:29.770,11268,254,6,100,False,0,car,0 days 01:14:13.176000,0 days 02:09:49.784000
2024-05-19 14:17:29.970,11354,255,6,100,False,0,car,0 days 01:14:13.376000,0 days 02:09:49.984000
2024-05-19 14:17:30.250,11433,256,6,100,False,0,car,0 days 01:14:13.656000,0 days 02:09:50.264000
2024-05-19 14:17:30.530,11451,256,6,100,False,0,car,0 days 01:14:13.936000,0 days 02:09:50.544000
2024-05-19 14:17:30.930,11400,258,6,100,False,0,car,0 days 01:14:14.336000,0 days 02:09:50.944000
2024-05-19 14:17:31.210,11153,258,6,10,False,0,car,0 days 01:14:14.616000,0 days 02:09:51.224000
2024-05-19 14:17:31.370,11025,253,6,0,True,0,car,0 days 01:14:14.776000,0 days 02:09:51.384000
2024-05-19 14:17:31.730,10348,211,6,0,True,0,car,0 days 01:14:15.136000,0 days 02:09:51.744000
2024-05-19 14:17:32.010,10607,190,6,0,True,0,car,0 days 01:14:15.416000,0 days 02:09:52.024000
2024-05-19 14:17:32.170,10134,170,5,0,True,0,car,0 days 01:14:15.576000,0 days 02:09:52.184000
2024-05-19 14:17:32.490,8369,148,4,0,True,0,car,0 days 01:14:15.896000,0 days 02:09:52.504000
2024-05-19 14:17:32.851,8850,132,4,0,True,0,car,0 days 01:14:16.257000,0 days 02:09:52.865000
2024-05-19 14:17:33.011,8469,123,3,0,True,0,car,0 days 01:14:16.417000,0 days 02:09:53.025000
2024-05-19 14:17:33.251,8177,119,3,0,True,0,car,0 days 01:14:16.657000,0 days 02:09:53.265000
2024-05-19 14:17:33.411,8160,113,3,0,False,0,car,0 days 01:14:16.817000,0 days 02:09:53.425000
2024-05-19 14:17:33.571,7858,112,3,0,False,0,car,0 days 01:14:16.977000,0 days 02:09:53.585000
2024-05-19 14:17:33.851,7560,106,3,2,True,0,car,0 days 01:14:17.257000,0 days 02:09:53.865000
2024-05-19 14:17:34.131,6901,104,3,0,True,0,car,0 days 01:14:17.537000,0 days 02:09:54.145000
2024-05-19 14:17:34.491,7257,97,3,5,False,0,car,0 days 01:14:17.897000,0 days 02:09:54.505000
2024-05-19 14:17:34.651,7089,96,3,21,False,0,car,0 days 01:14:18.057000,0 days 02:09:54.665000
2024-05-19 14:17:34.811,7215,96,3,25,False,0,car,0 days 01:14:18.217000,0 days 02:09:54.825000
2024-05-19 14:17:35.090,7692,98,3,37,False,0,car,0 days 01:14:18.496000,0 days 02:09:55.104000
2024-05-19 14:17:35.290,7964,102,3,50,False,0,car,0 days 01:14:18.696000,0 days 02:09:55.304000
2024-05-19 14:17:35.690,9078,113,3,82,False,0,car,0 days 01:14:19.096000,0 days 02:09:55.704000
2024-05-19 14:17:35.890,9798,122,3,87,False,0,car,0 days 01:14:19.296000,0 days 02:09:55.904000
2024-05-19 14:17:36.050,10495,130,3,96,False,0,car,0 days 01:14:19.456000,0 days 02:09:56.064000
2024-05-19 14:17:36.330,11326,147,3,100,False,0,car,0 days 01:14:19.736000,0 days 02:09:56.344000
2024-05-19 14:17:36.570,11190,156,3,100,False,0,car,0 days 01:14:19.976000,0 days 02:09:56.584000
2024-05-19 14:17:36.890,10896,166,4,100,False,0,car,0 days 01:14:20.296000,0 days 02:09:56.904000
2024-05-19 14:17:37.330,11617,191,4,100,False,0,car,0 days 01:14:20.736000,0 days 02:09:57.344000
2024-05-19 14:17:37.770,10802,205,5,100,False,0,car,0 days 01:14:21.176000,0 days 02:09:57.784000
2024-05-19 14:17:37.930,10936,212,5,100,False,0,car,0 days 01:14:21.336000,0 days 02:09:57.944000
2024-05-19 14:17:38.170,11367,218,5,100,False,0,car,0 days 01:14:21.576000,0 days 02:09:58.184000
2024-05-19 14:17:38.410,11688,227,5,100,False,0,car,0 days 01:14:21.816000,0 days 02:09:58.424000
2024-05-19 14:17:38.570,11823,229,5,100,False,0,car,0 days 01:14:21.976000,0 days 02:09:58.584000
2024-05-19 14:17:38.810,11795,233,5,100,False,0,car,0 days 01:14:22.216000,0 days 02:09:58.824000
2024-05-19 14:17:39.050,10863,240,6,100,False,0,car,0 days 01:14:22.456000,0 days 02:09:59.064000
2024-05-19 14:17:39.370,11221,247,6,100,False,0,car,0 days 01:14:22.776000,0 days 02:09:59.384000
2024-05-19 14:17:39.691,11406,252,6,100,False,0,car,0 days 01:14:23.097000,0 days 02:09:59.705000
2024-05-19 14:17:40.051,11558,259,6,100,False,0,car,0 days 01:14:23.457000,0 days 02:10:00.065000
2024-05-19 14:17:40.251,10718,262,6,100,False,0,car,0 days 01:14:23.657000,0 days 02:10:00.265000
2024-05-19 14:17:40.571,10675,266,7,100,False,0,car,0 days 01:14:23.977000,0 days 02:10:00.585000
2024-05-19 14:17:40.771,10764,269,7,100,False,0,car,0 days 01:14:24.177000,0 days 02:10:00.785000
2024-05-19 14:17:40.971,10852,271,7,100,False,0,car,0 days 01:14:24.377000,0 days 02:10:00.985000
2024-05-19 14:17:41.211,10910,275,7,100,False,0,car,0 days 01:14:24.617000,0 days 02:10:01.225000
2024-05-19 14:17:41.451,11011,276,7,100,False,0,car,0 days 01:14:24.857000,0 days 02:10:01.465000
2024-05-19 14:17:41.610,11070,278,7,100,False,0,car,0 days 01:14:25.016000,0 days 02:10:01.624000
2024-05-19 14:17:42.090,11206,283,7,100,False,0,car,0 days 01:14:25.496000,0 days 02:10:02.104000
2024-05-19 14:17:42.330,11317,287,7,100,False,0,car,0 days 01:14:25.736000,0 days 02:10:02.344000
2024-05-19 14:17:42.610,11453,288,7,100,False,0,car,0 days 01:14:26.016000,0 days 02:10:02.624000
2024-05-19 14:17:42.770,11426,290,7,100,False,0,car,0 days 01:14:26.176000,0 days 02:10:02.784000
2024-05-19 14:17:43.170,11559,292,7,100,False,0,car,0 days 01:14:26.576000,0 days 02:10:03.184000
2024-05-19 14:17:43.330,11576,294,7,100,False,0,car,0 days 01:14:26.736000,0 days 02:10:03.344000
2024-05-19 14:17:43.770,11664,295,7,100,False,0,car,0 days 01:14:27.176000,0 days 02:10:03.784000
2024-05-19 14:17:44.010,11530,294,7,100,False,0,car,0 days 01:14:27.416000,0 days 02:10:04.024000
2024-05-19 14:17:44.410,11170,292,7,25,False,0,car,0 days 01:14:27.816000,0 days 02:10:04.424000
2024-05-19 14:17:44.770,9889,264,7,0,True,0,car,0 days 01:14:28.176000,0 days 02:10:04.784000
2024-05-19 14:17:45.010,9659,224,7,0,True,0,car,0 days 01:14:28.416000,0 days 02:10:05.024000
2024-05-19 14:17:45.290,10225,200,7,0,True,0,car,0 days 01:14:28.696000,0 days 02:10:05.304000
2024-05-19 14:17:45.490,9991,179,7,0,True,0,car,0 days 01:14:28.896000,0 days 02:10:05.504000
2024-05-19 14:17:45.770,10823,157,4,0,True,0,car,0 days 01:14:29.176000,0 days 02:10:05.784000
2024-05-19 14:17:46.011,9705,139,3,0,True,0,car,0 days 01:14:29.417000,0 days 02:10:06.025000
2024-05-19 14:17:46.171,9138,135,3,0,True,0,car,0 days 01:14:29.577000,0 days 02:10:06.185000
2024-05-19 14:17:46.371,8939,128,3,0,True,0,car,0 days 01:14:29.777000,0 days 02:10:06.385000
2024-05-19 14:17:46.531,8683,123,3,0,True,0,car,0 days 01:14:29.937000,0 days 02:10:06.545000
2024-05-19 14:17:46.731,8322,119,3,1,True,0,car,0 days 01:14:30.137000,0 days 02:10:06.745000
2024-05-19 14:17:46.931,8155,117,3,1,False,0,car,0 days 01:14:30.337000,0 days 02:10:06.945000
2024-05-19 14:17:47.251,8354,111,3,21,False,0,car,0 days 01:14:30.657000,0 days 02:10:07.265000
2024-05-19 14:17:47.451,8377,112,3,30,False,0,car,0 days 01:14:30.857000,0 days 02:10:07.465000
2024-05-19 14:17:47.611,8474,114,3,43,False,0,car,0 days 01:14:31.017000,0 days 02:10:07.625000
2024-05-19 14:17:47.851,8958,117,3,56,False,0,car,0 days 01:14:31.257000,0 days 02:10:07.865000
2024-05-19 14:17:48.011,9277,123,3,68,False,0,car,0 days 01:14:31.417000,0 days 02:10:08.025000
2024-05-19 14:17:48.251,10246,131,3,87,False,0,car,0 days 01:14:31.657000,0 days 02:10:08.265000
2024-05-19 14:17:48.530,10967,145,3,100,False,0,car,0 days 01:14:31.936000,0 days 02:10:08.544000
2024-05-19 14:17:48.730,10458,150,3,100,False,0,car,0 days 01:14:32.136000,0 days 02:10:08.744000
2024-05-19 14:17:48.890,9924,158,4,78,False,0,car,0 days 01:14:32.296000,0 days 02:10:08.904000
2024-05-19 14:17:49.090,9220,163,4,0,True,0,car,0 days 01:14:32.496000,0 days 02:10:09.104000
2024-05-19 14:17:49.250,9112,159,4,0,True,0,car,0 days 01:14:32.656000,0 days 02:10:09.264000
2024-05-19 14:17:49.570,8670,150,4,0,False,0,car,0 days 01:14:32.976000,0 days 02:10:09.584000
2024-05-19 14:17:49.730,8670,145,4,0,True,0,car,0 days 01:14:33.136000,0 days 02:10:09.744000
2024-05-19 14:17:49.930,8327,142,4,1,True,0,car,0 days 01:14:33.336000,0 days 02:10:09.944000
2024-05-19 14:17:50.210,8096,139,4,16,False,0,car,0 days 01:14:33.616000,0 days 02:10:10.224000
2024-05-19 14:17:50.410,8367,135,4,49,False,0,car,0 days 01:14:33.816000,0 days 02:10:10.424000
2024-05-19 14:17:50.610,8510,139,4,53,False,0,car,0 days 01:14:34.016000,0 days 02:10:10.624000
2024-05-19 14:17:51.010,9152,146,4,71,False,0,car,0 days 01:14:34.416000,0 days 02:10:11.024000
2024-05-19 14:17:51.170,9487,149,4,78,False,0,car,0 days 01:14:34.576000,0 days 02:10:11.184000
2024-05-19 14:17:51.490,10395,157,4,97,False,0,car,0 days 01:14:34.896000,0 days 02:10:11.504000
2024-05-19 14:17:51.690,10835,165,4,100,False,0,car,0 days 01:14:35.096000,0 days 02:10:11.704000
2024-05-19 14:17:51.930,11127,179,4,100,False,0,car,0 days 01:14:35.336000,0 days 02:10:11.944000
2024-05-19 14:17:52.130,11360,187,4,100,False,0,car,0 days 01:14:35.536000,0 days 02:10:12.144000
2024-05-19 14:17:52.330,11360,194,4,100,False,0,car,0 days 01:14:35.736000,0 days 02:10:12.344000
2024-05-19 14:17:52.611,10638,204,5,100,False,0,car,0 days 01:14:36.017000,0 days 02:10:12.625000
2024-05-19 14:17:52.771,10993,208,5,100,False,0,car,0 days 01:14:36.177000,0 days 02:10:12.785000
2024-05-19 14:17:53.131,11270,219,5,100,False,0,car,0 days 01:14:36.537000,0 days 02:10:13.145000
2024-05-19 14:17:53.331,11488,225,5,100,False,0,car,0 days 01:14:36.737000,0 days 02:10:13.345000
2024-05-19 14:17:53.571,11430,227,5,100,False,0,car,0 days 01:14:36.977000,0 days 02:10:13.585000
2024-05-19 14:17:53.891,10807,237,6,100,False,0,car,0 days 01:14:37.297000,0 days 02:10:13.905000
2024-05-19 14:17:54.251,11171,246,6,100,False,0,car,0 days 01:14:37.657000,0 days 02:10:14.265000
2024-05-19 14:17:54.491,11300,250,6,100,False,0,car,0 days 01:14:37.897000,0 days 02:10:14.505000
2024-05-19 14:17:54.651,11300,253,6,100,False,0,car,0 days 01:14:38.057000,0 days 02:10:14.665000
2024-05-19 14:17:54.891,11530,257,6,100,False,0,car,0 days 01:14:38.297000,0 days 02:10:14.905000
2024-05-19 14:17:55.170,10499,262,6,100,False,0,car,0 days 01:14:38.576000,0 days 02:10:15.184000
2024-05-19 14:17:55.450,10663,266,7,100,False,0,car,0 days 01:14:38.856000,0 days 02:10:15.464000
2024-05-19 14:17:55.770,10842,271,7,100,False,0,car,0 days 01:14:39.176000,0 days 02:10:15.784000
2024-05-19 14:17:56.010,10969,275,7,100,False,0,car,0 days 01:14:39.416000,0 days 02:10:16.024000
2024-05-19 14:17:56.250,11013,277,7,100,False,0,car,0 days 01:14:39.656000,0 days 02:10:16.264000
2024-05-19 14:17:56.490,11170,280,7,100,False,0,car,0 days 01:14:39.896000,0 days 02:10:16.504000
2024-05-19 14:17:56.690,11235,282,7,100,False,0,car,0 days 01:14:40.096000,0 days 02:10:16.704000
2024-05-19 14:17:56.930,11277,284,7,100,False,0,car,0 days 01:14:40.336000,0 days 02:10:16.944000
2024-05-19 14:17:57.130,11336,287,7,100,False,0,car,0 days 01:14:40.536000,0 days 02:10:17.144000
2024-05-19 14:17:57.290,11366,288,7,100,False,0,car,0 days 01:14:40.696000,0 days 02:10:17.304000
2024-05-19 14:17:57.570,11535,289,7,100,False,0,car,0 days 01:14:40.976000,0 days 02:10:17.584000
2024-05-19 14:17:57.930,11581,294,7,100,False,0,car,0 days 01:14:41.336000,0 days 02:10:17.944000
2024-05-19 14:17:58.130,10511,295,7,100,False,0,car,0 days 01:14:41.536000,0 days 02:10:18.144000
2024-05-19 14:17:58.290,10491,295,8,100,False,0,car,0 days 01:14:41.696000,0 days 02:10:18.304000
2024-05-19 14:17:58.530,10577,296,8,100,False,0,car,0 days 01:14:41.936000,0 days 02:10:18.544000
2024-05-19 14:17:58.690,10647,298,8,100,False,0,car,0 days 01:14:42.096000,0 days 02:10:18.704000
2024-05-19 14:17:58.890,10695,300,8,100,False,0,car,0 days 01:14:42.296000,0 days 02:10:18.904000
2024-05-19 14:17:59.090,10721,301,8,100,False,0,car,0 days 01:14:42.496000,0 days 02:10:19.104000
2024-05-19 14:17:59.411,10806,303,8,100,False,0,car,0 days 01:14:42.817000,0 days 02:10:19.425000
2024-05-19 14:17:59.651,10847,304,8,100,False,0,car,0 days 01:14:43.057000,0 days 02:10:19.665000
2024-05-19 14:18:00.011,10912,306,8,100,False,0,car,0 days 01:14:43.417000,0 days 02:10:20.025000
2024-05-19 14:18:00.491,10958,307,8,100,False,0,car,0 days 01:14:43.897000,0 days 02:10:20.505000
2024-05-19 14:18:00.851,10961,309,8,100,False,0,car,0 days 01:14:44.257000,0 days 02:10:20.865000
2024-05-19 14:18:01.091,10945,309,8,100,False,0,car,0 days 01:14:44.497000,0 days 02:10:21.105000
2024-05-19 14:18:01.411,11043,310,8,100,False,0,car,0 days 01:14:44.817000,0 days 02:10:21.425000
2024-05-19 14:18:01.571,11043,310,8,100,False,0,car,0 days 01:14:44.977000,0 days 02:10:21.585000
2024-05-19 14:18:01.890,10986,310,8,100,False,0,car,0 days 01:14:45.296000,0 days 02:10:21.904000
2024-05-19 14:18:02.130,11002,311,8,100,False,0,car,0 days 01:14:45.536000,0 days 02:10:22.144000
2024-05-19 14:18:02.290,11074,311,8,100,False,0,car,0 days 01:14:45.696000,0 days 02:10:22.304000
2024-05-19 14:18:02.490,11007,312,8,100,False,0,car,0 days 01:14:45.896000,0 days 02:10:22.504000
2024-05-19 14:18:02.730,11066,312,8,100,False,0,car,0 days 01:14:46.136000,0 days 02:10:22.744000
2024-05-19 14:18:02.890,11102,313,8,100,False,0,car,0 days 01:14:46.296000,0 days 02:10:22.904000
2024-05-19 14:18:03.050,11077,313,8,100,False,0,car,0 days 01:14:46.456000,0 days 02:10:23.064000
2024-05-19 14:18:03.330,11065,313,8,100,False,0,car,0 days 01:14:46.736000,0 days 02:10:23.344000
2024-05-19 14:18:03.490,11116,313,8,100,False,0,car,0 days 01:14:46.896000,0 days 02:10:23.504000
2024-05-19 14:18:03.930,11083,314,8,100,False,0,car,0 days 01:14:47.336000,0 days 02:10:23.944000
2024-05-19 14:18:04.130,11126,314,8,100,False,0,car,0 days 01:14:47.536000,0 days 02:10:24.144000
2024-05-19 14:18:04.330,11119,314,8,100,False,0,car,0 days 01:14:47.736000,0 days 02:10:24.344000
2024-05-19 14:18:04.770,11137,314,8,100,False,0,car,0 days 01:14:48.176000,0 days 02:10:24.784000
2024-05-19 14:18:05.210,11217,316,8,100,False,0,car,0 days 01:14:48.616000,0 days 02:10:25.224000
2024-05-19 14:18:05.610,11189,316,8,100,False,0,car,0 days 01:14:49.016000,0 days 02:10:25.624000
2024-05-19 14:18:05.851,11169,316,8,100,False,0,car,0 days 01:14:49.257000,0 days 02:10:25.865000
2024-05-19 14:18:06.091,11157,316,8,100,False,0,car,0 days 01:14:49.497000,0 days 02:10:26.105000
2024-05-19 14:18:06.411,10651,302,8,0,True,0,car,0 days 01:14:49.817000,0 days 02:10:26.425000
2024-05-19 14:18:06.611,9593,276,8,0,True,0,car,0 days 01:14:50.017000,0 days 02:10:26.625000
2024-05-19 14:18:06.891,9996,248,8,0,True,0,car,0 days 01:14:50.297000,0 days 02:10:26.905000
2024-05-19 14:18:07.131,10470,211,7,0,True,0,car,0 days 01:14:50.537000,0 days 02:10:27.145000
2024-05-19 14:18:07.411,10514,184,6,0,True,0,car,0 days 01:14:50.817000,0 days 02:10:27.425000
2024-05-19 14:18:07.571,9959,177,5,0,True,0,car,0 days 01:14:50.977000,0 days 02:10:27.585000
2024-05-19 14:18:07.731,9702,164,4,0,True,0,car,0 days 01:14:51.137000,0 days 02:10:27.745000
2024-05-19 14:18:08.051,9082,154,4,0,True,0,car,0 days 01:14:51.457000,0 days 02:10:28.065000
2024-05-19 14:18:08.451,8828,146,4,24,False,0,car,0 days 01:14:51.857000,0 days 02:10:28.465000
2024-05-19 14:18:08.730,9265,148,4,59,False,0,car,0 days 01:14:52.136000,0 days 02:10:28.744000
2024-05-19 14:18:08.930,9335,152,4,63,False,0,car,0 days 01:14:52.336000,0 days 02:10:28.944000
2024-05-19 14:18:09.210,10121,161,4,93,False,0,car,0 days 01:14:52.616000,0 days 02:10:29.224000
2024-05-19 14:18:09.370,9141,166,4,39,False,0,car,0 days 01:14:52.776000,0 days 02:10:29.384000
2024-05-19 14:18:09.610,8691,168,5,36,False,0,car,0 days 01:14:53.016000,0 days 02:10:29.624000
2024-05-19 14:18:09.770,8712,168,5,43,False,0,car,0 days 01:14:53.176000,0 days 02:10:29.784000
2024-05-19 14:18:10.090,9321,169,5,72,False,0,car,0 days 01:14:53.496000,0 days 02:10:30.104000
2024-05-19 14:18:10.290,9128,172,5,82,False,0,car,0 days 01:14:53.696000,0 days 02:10:30.304000
2024-05-19 14:18:10.650,9874,183,5,100,False,0,car,0 days 01:14:54.056000,0 days 02:10:30.664000
2024-05-19 14:18:11.090,10452,197,5,100,False,0,car,0 days 01:14:54.496000,0 days 02:10:31.104000
2024-05-19 14:18:11.290,10714,204,5,100,False,0,car,0 days 01:14:54.696000,0 days 02:10:31.304000
2024-05-19 14:18:11.650,11177,216,5,100,False,0,car,0 days 01:14:55.056000,0 days 02:10:31.664000
2024-05-19 14:18:11.890,11597,219,5,100,False,0,car,0 days 01:14:55.296000,0 days 02:10:31.904000
2024-05-19 14:18:12.170,10697,227,5,100,False,0,car,0 days 01:14:55.576000,0 days 02:10:32.184000
2024-05-19 14:18:12.371,10587,231,6,100,False,0,car,0 days 01:14:55.777000,0 days 02:10:32.385000
2024-05-19 14:18:12.691,10814,236,6,100,False,0,car,0 days 01:14:56.097000,0 days 02:10:32.705000
2024-05-19 14:18:12.851,10908,240,6,100,False,0,car,0 days 01:14:56.257000,0 days 02:10:32.865000
2024-05-19 14:18:13.051,11005,244,6,100,False,0,car,0 days 01:14:56.457000,0 days 02:10:33.065000
2024-05-19 14:18:13.251,11211,248,6,100,False,0,car,0 days 01:14:56.657000,0 days 02:10:33.265000
2024-05-19 14:18:13.531,11362,253,6,100,False,0,car,0 days 01:14:56.937000,0 days 02:10:33.545000
2024-05-19 14:18:13.731,11491,256,6,100,False,0,car,0 days 01:14:57.137000,0 days 02:10:33.745000
2024-05-19 14:18:13.931,11630,260,6,100,False,0,car,0 days 01:14:57.337000,0 days 02:10:33.945000
2024-05-19 14:18:14.211,10489,264,6,100,False,0,car,0 days 01:14:57.617000,0 days 02:10:34.225000
2024-05-19 14:18:14.411,10644,265,6,100,False,0,car,0 days 01:14:57.817000,0 days 02:10:34.425000
2024-05-19 14:18:14.731,10768,271,7,100,False,0,car,0 days 01:14:58.137000,0 days 02:10:34.745000
2024-05-19 14:18:14.931,10855,274,7,100,False,0,car,0 days 01:14:58.337000,0 days 02:10:34.945000
2024-05-19 14:18:15.171,10971,276,7,100,False,0,car,0 days 01:14:58.577000,0 days 02:10:35.185000
2024-05-19 14:18:15.370,10972,277,7,100,False,0,car,0 days 01:14:58.776000,0 days 02:10:35.384000
2024-05-19 14:18:15.570,10971,278,7,100,False,0,car,0 days 01:14:58.976000,0 days 02:10:35.584000
2024-05-19 14:18:15.890,11071,279,7,100,False,0,car,0 days 01:14:59.296000,0 days 02:10:35.904000
2024-05-19 14:18:16.170,11182,280,7,100,False,0,car,0 days 01:14:59.576000,0 days 02:10:36.184000
2024-05-19 14:18:16.530,11050,280,7,100,False,0,car,0 days 01:14:59.936000,0 days 02:10:36.544000
2024-05-19 14:18:16.730,11099,280,7,100,False,0,car,0 days 01:15:00.136000,0 days 02:10:36.744000
2024-05-19 14:18:17.090,11044,280,7,58,False,0,car,0 days 01:15:00.496000,0 days 02:10:37.104000
2024-05-19 14:18:17.250,10892,278,7,4,False,0,car,0 days 01:15:00.656000,0 days 02:10:37.264000
2024-05-19 14:18:17.450,10400,266,7,0,True,0,car,0 days 01:15:00.856000,0 days 02:10:37.464000
2024-05-19 14:18:17.770,10736,244,7,0,True,0,car,0 days 01:15:01.176000,0 days 02:10:37.784000
2024-05-19 14:18:17.970,10040,239,6,0,True,0,car,0 days 01:15:01.376000,0 days 02:10:37.984000
2024-05-19 14:18:18.330,9712,219,6,0,True,0,car,0 days 01:15:01.736000,0 days 02:10:38.344000
2024-05-19 14:18:18.650,9248,214,6,4,True,0,car,0 days 01:15:02.056000,0 days 02:10:38.664000
2024-05-19 14:18:18.891,9401,197,5,0,True,0,car,0 days 01:15:02.297000,0 days 02:10:38.905000
2024-05-19 14:18:19.211,8797,176,5,0,True,0,car,0 days 01:15:02.617000,0 days 02:10:39.225000
2024-05-19 14:18:19.611,8430,170,5,4,False,0,car,0 days 01:15:03.017000,0 days 02:10:39.625000
2024-05-19 14:18:19.771,8491,165,5,46,False,0,car,0 days 01:15:03.177000,0 days 02:10:39.785000
2024-05-19 14:18:19.931,8610,164,5,49,False,0,car,0 days 01:15:03.337000,0 days 02:10:39.945000
2024-05-19 14:18:20.251,8939,165,5,72,False,0,car,0 days 01:15:03.657000,0 days 02:10:40.265000
2024-05-19 14:18:20.451,9136,171,5,92,False,0,car,0 days 01:15:03.857000,0 days 02:10:40.465000
2024-05-19 14:18:20.811,9723,183,5,100,False,0,car,0 days 01:15:04.217000,0 days 02:10:40.825000
2024-05-19 14:18:20.971,10025,186,5,100,False,0,car,0 days 01:15:04.377000,0 days 02:10:40.985000
2024-05-19 14:18:21.131,10159,193,5,100,False,0,car,0 days 01:15:04.537000,0 days 02:10:41.145000
2024-05-19 14:18:21.411,10424,201,5,100,False,0,car,0 days 01:15:04.817000,0 days 02:10:41.425000
2024-05-19 14:18:21.731,10866,210,5,100,False,0,car,0 days 01:15:05.137000,0 days 02:10:41.745000
2024-05-19 14:18:21.970,11151,214,5,100,False,0,car,0 days 01:15:05.376000,0 days 02:10:41.984000
2024-05-19 14:18:22.170,11151,218,5,100,False,0,car,0 days 01:15:05.576000,0 days 02:10:42.184000
2024-05-19 14:18:22.530,11327,223,5,100,False,0,car,0 days 01:15:05.936000,0 days 02:10:42.544000
2024-05-19 14:18:22.690,11389,223,5,100,False,0,car,0 days 01:15:06.096000,0 days 02:10:42.704000
2024-05-19 14:18:22.930,11622,227,5,100,False,0,car,0 days 01:15:06.336000,0 days 02:10:42.944000
2024-05-19 14:18:23.130,11639,228,5,78,False,0,car,0 days 01:15:06.536000,0 days 02:10:43.144000
2024-05-19 14:18:23.530,10462,207,5,0,True,0,car,0 days 01:15:06.936000,0 days 02:10:43.544000
2024-05-19 14:18:23.770,11078,176,5,0,True,0,car,0 days 01:15:07.176000,0 days 02:10:43.784000
2024-05-19 14:18:23.970,11180,168,4,0,True,0,car,0 days 01:15:07.376000,0 days 02:10:43.984000
2024-05-19 14:18:24.370,9298,137,3,0,True,0,car,0 days 01:15:07.776000,0 days 02:10:44.384000
2024-05-19 14:18:24.770,8331,121,3,0,True,0,car,0 days 01:15:08.176000,0 days 02:10:44.784000
2024-05-19 14:18:25.090,7892,121,3,0,True,0,car,0 days 01:15:08.496000,0 days 02:10:45.104000
2024-05-19 14:18:25.370,7289,107,3,0,True,0,car,0 days 01:15:08.776000,0 days 02:10:45.384000
2024-05-19 14:18:25.531,7182,105,3,0,True,0,car,0 days 01:15:08.937000,0 days 02:10:45.545000
2024-05-19 14:18:25.691,7008,102,3,0,False,0,car,0 days 01:15:09.097000,0 days 02:10:45.705000
2024-05-19 14:18:25.931,7064,97,3,7,False,0,car,0 days 01:15:09.337000,0 days 02:10:45.945000
2024-05-19 14:18:26.211,7199,96,3,27,False,0,car,0 days 01:15:09.617000,0 days 02:10:46.225000
2024-05-19 14:18:26.651,7209,97,3,23,False,0,car,0 days 01:15:10.057000,0 days 02:10:46.665000
2024-05-19 14:18:27.291,7746,99,3,41,False,0,car,0 days 01:15:10.697000,0 days 02:10:47.305000
2024-05-19 14:18:27.531,7862,105,3,44,False,0,car,0 days 01:15:10.937000,0 days 02:10:47.545000
2024-05-19 14:18:27.851,9151,114,3,76,False,0,car,0 days 01:15:11.257000,0 days 02:10:47.865000
2024-05-19 14:18:28.011,9397,124,3,83,False,0,car,0 days 01:15:11.417000,0 days 02:10:48.025000
2024-05-19 14:18:28.251,9942,132,3,87,False,0,car,0 days 01:15:11.657000,0 days 02:10:48.265000
2024-05-19 14:18:28.491,11089,142,3,100,False,0,car,0 days 01:15:11.897000,0 days 02:10:48.505000
2024-05-19 14:18:28.690,11515,152,3,100,False,0,car,0 days 01:15:12.096000,0 days 02:10:48.704000
2024-05-19 14:18:28.890,10535,157,3,100,False,0,car,0 days 01:15:12.296000,0 days 02:10:48.904000
2024-05-19 14:18:29.130,10798,170,4,100,False,0,car,0 days 01:15:12.536000,0 days 02:10:49.144000
2024-05-19 14:18:29.330,11218,182,4,100,False,0,car,0 days 01:15:12.736000,0 days 02:10:49.344000
2024-05-19 14:18:29.610,11667,193,4,100,False,0,car,0 days 01:15:13.016000,0 days 02:10:49.624000
2024-05-19 14:18:29.930,10650,203,4,100,False,0,car,0 days 01:15:13.336000,0 days 02:10:49.944000
2024-05-19 14:18:30.130,10793,206,5,100,False,0,car,0 days 01:15:13.536000,0 days 02:10:50.144000
2024-05-19 14:18:30.290,11093,206,5,100,False,0,car,0 days 01:15:13.696000,0 days 02:10:50.304000
2024-05-19 14:18:30.770,11623,226,5,100,False,0,car,0 days 01:15:14.176000,0 days 02:10:50.784000
2024-05-19 14:18:31.010,10503,232,5,100,False,0,car,0 days 01:15:14.416000,0 days 02:10:51.024000
2024-05-19 14:18:31.250,10808,237,6,100,False,0,car,0 days 01:15:14.656000,0 days 02:10:51.264000
2024-05-19 14:18:31.490,10959,241,6,100,False,0,car,0 days 01:15:14.896000,0 days 02:10:51.504000
2024-05-19 14:18:31.730,11109,243,6,100,False,0,car,0 days 01:15:15.136000,0 days 02:10:51.744000
2024-05-19 14:18:31.930,11262,251,6,100,False,0,car,0 days 01:15:15.336000,0 days 02:10:51.944000
2024-05-19 14:18:32.251,11436,256,6,100,False,0,car,0 days 01:15:15.657000,0 days 02:10:52.265000
2024-05-19 14:18:32.651,10601,261,6,100,False,0,car,0 days 01:15:16.057000,0 days 02:10:52.665000
2024-05-19 14:18:33.011,10470,263,7,100,False,0,car,0 days 01:15:16.417000,0 days 02:10:53.025000
2024-05-19 14:18:33.171,10539,264,7,100,False,0,car,0 days 01:15:16.577000,0 days 02:10:53.185000
2024-05-19 14:18:33.331,10512,265,7,100,False,0,car,0 days 01:15:16.737000,0 days 02:10:53.345000
2024-05-19 14:18:33.651,10602,266,7,100,False,0,car,0 days 01:15:17.057000,0 days 02:10:53.665000
2024-05-19 14:18:33.811,10625,267,7,100,False,0,car,0 days 01:15:17.217000,0 days 02:10:53.825000
2024-05-19 14:18:34.011,10704,267,7,100,False,0,car,0 days 01:15:17.417000,0 days 02:10:54.025000
2024-05-19 14:18:34.171,10726,268,7,100,False,0,car,0 days 01:15:17.577000,0 days 02:10:54.185000
2024-05-19 14:18:34.411,10644,268,7,100,False,0,car,0 days 01:15:17.817000,0 days 02:10:54.425000
2024-05-19 14:18:34.571,10658,268,7,100,False,0,car,0 days 01:15:17.977000,0 days 02:10:54.585000
2024-05-19 14:18:34.891,10687,269,7,100,False,0,car,0 days 01:15:18.297000,0 days 02:10:54.905000
2024-05-19 14:18:35.251,10647,269,7,100,False,0,car,0 days 01:15:18.657000,0 days 02:10:55.265000
2024-05-19 14:18:35.490,10191,270,7,0,True,0,car,0 days 01:15:18.896000,0 days 02:10:55.504000
2024-05-19 14:18:35.730,10396,250,7,0,True,0,car,0 days 01:15:19.136000,0 days 02:10:55.744000
2024-05-19 14:18:35.890,10271,242,7,0,True,0,car,0 days 01:15:19.296000,0 days 02:10:55.904000
2024-05-19 14:18:36.130,11006,225,7,0,True,0,car,0 days 01:15:19.536000,0 days 02:10:56.144000
2024-05-19 14:18:36.490,10318,210,5,9,False,0,car,0 days 01:15:19.896000,0 days 02:10:56.504000
2024-05-19 14:18:36.650,10273,205,5,24,False,0,car,0 days 01:15:20.056000,0 days 02:10:56.664000
2024-05-19 14:18:37.010,10575,202,5,82,False,0,car,0 days 01:15:20.416000,0 days 02:10:57.024000
2024-05-19 14:18:37.210,10660,204,5,87,False,0,car,0 days 01:15:20.616000,0 days 02:10:57.224000
2024-05-19 14:18:37.410,10905,209,5,88,False,0,car,0 days 01:15:20.816000,0 days 02:10:57.424000
2024-05-19 14:18:37.610,11150,212,5,100,False,0,car,0 days 01:15:21.016000,0 days 02:10:57.624000
2024-05-19 14:18:37.770,11301,214,5,100,False,0,car,0 days 01:15:21.176000,0 days 02:10:57.784000
2024-05-19 14:18:37.930,11428,218,5,100,False,0,car,0 days 01:15:21.336000,0 days 02:10:57.944000
2024-05-19 14:18:38.250,11571,225,5,100,False,0,car,0 days 01:15:21.656000,0 days 02:10:58.264000
2024-05-19 14:18:38.570,10665,234,6,100,False,0,car,0 days 01:15:21.976000,0 days 02:10:58.584000
2024-05-19 14:18:38.771,10903,238,6,100,False,0,car,0 days 01:15:22.177000,0 days 02:10:58.785000
2024-05-19 14:18:39.091,11062,244,6,100,False,0,car,0 days 01:15:22.497000,0 days 02:10:59.105000
2024-05-19 14:18:39.331,11208,248,6,100,False,0,car,0 days 01:15:22.737000,0 days 02:10:59.345000
2024-05-19 14:18:39.571,11430,254,6,100,False,0,car,0 days 01:15:22.977000,0 days 02:10:59.585000
2024-05-19 14:18:39.811,11531,257,6,100,False,0,car,0 days 01:15:23.217000,0 days 02:10:59.825000
2024-05-19 14:18:40.051,10979,261,6,100,False,0,car,0 days 01:15:23.457000,0 days 02:11:00.065000
2024-05-19 14:18:40.251,10527,263,7,100,False,0,car,0 days 01:15:23.657000,0 days 02:11:00.265000
2024-05-19 14:18:40.491,10566,266,7,100,False,0,car,0 days 01:15:23.897000,0 days 02:11:00.505000
2024-05-19 14:18:40.731,10671,268,7,100,False,0,car,0 days 01:15:24.137000,0 days 02:11:00.745000
2024-05-19 14:18:40.891,10748,269,7,100,False,0,car,0 days 01:15:24.297000,0 days 02:11:00.905000
2024-05-19 14:18:41.131,10732,271,7,100,False,0,car,0 days 01:15:24.537000,0 days 02:11:01.145000
2024-05-19 14:18:41.451,10785,272,7,100,False,0,car,0 days 01:15:24.857000,0 days 02:11:01.465000
2024-05-19 14:18:41.731,10848,273,7,100,False,0,car,0 days 01:15:25.137000,0 days 02:11:01.745000
2024-05-19 14:18:42.011,10795,273,7,100,False,0,car,0 days 01:15:25.417000,0 days 02:11:02.025000
2024-05-19 14:18:42.330,10488,272,7,10,False,0,car,0 days 01:15:25.736000,0 days 02:11:02.344000
2024-05-19 14:18:42.530,10515,269,7,0,False,0,car,0 days 01:15:25.936000,0 days 02:11:02.544000
2024-05-19 14:18:42.930,9679,244,7,0,True,0,car,0 days 01:15:26.336000,0 days 02:11:02.944000
2024-05-19 14:18:43.130,10178,225,7,0,True,0,car,0 days 01:15:26.536000,0 days 02:11:03.144000
2024-05-19 14:18:43.450,9738,194,6,0,True,0,car,0 days 01:15:26.856000,0 days 02:11:03.464000
2024-05-19 14:18:43.690,9947,176,4,0,True,0,car,0 days 01:15:27.096000,0 days 02:11:03.704000
2024-05-19 14:18:43.850,9495,168,4,0,True,0,car,0 days 01:15:27.256000,0 days 02:11:03.864000
2024-05-19 14:18:44.170,8398,147,4,0,True,0,car,0 days 01:15:27.576000,0 days 02:11:04.184000
2024-05-19 14:18:44.450,7966,137,4,0,True,0,car,0 days 01:15:27.856000,0 days 02:11:04.464000
2024-05-19 14:18:44.690,7739,133,4,0,False,0,car,0 days 01:15:28.096000,0 days 02:11:04.704000
2024-05-19 14:18:44.850,7871,131,4,5,False,0,car,0 days 01:15:28.256000,0 days 02:11:04.864000
2024-05-19 14:18:45.090,7774,125,4,28,False,0,car,0 days 01:15:28.496000,0 days 02:11:05.104000
2024-05-19 14:18:45.331,7889,125,4,37,False,0,car,0 days 01:15:28.737000,0 days 02:11:05.345000
2024-05-19 14:18:45.691,8405,128,4,70,False,0,car,0 days 01:15:29.097000,0 days 02:11:05.705000
2024-05-19 14:18:46.051,9279,141,4,100,False,0,car,0 days 01:15:29.457000,0 days 02:11:06.065000
2024-05-19 14:18:46.251,9391,151,4,100,False,0,car,0 days 01:15:29.657000,0 days 02:11:06.265000
2024-05-19 14:18:46.451,9997,158,4,100,False,0,car,0 days 01:15:29.857000,0 days 02:11:06.465000
2024-05-19 14:18:46.771,10573,169,4,100,False,0,car,0 days 01:15:30.177000,0 days 02:11:06.785000
2024-05-19 14:18:47.051,11319,180,4,100,False,0,car,0 days 01:15:30.457000,0 days 02:11:07.065000
2024-05-19 14:18:47.451,11408,193,4,100,False,0,car,0 days 01:15:30.857000,0 days 02:11:07.465000
2024-05-19 14:18:47.691,10288,199,5,100,False,0,car,0 days 01:15:31.097000,0 days 02:11:07.705000
2024-05-19 14:18:47.931,10769,209,5,100,False,0,car,0 days 01:15:31.337000,0 days 02:11:07.945000
2024-05-19 14:18:48.251,11251,217,5,100,False,0,car,0 days 01:15:31.657000,0 days 02:11:08.265000
2024-05-19 14:18:48.411,11238,220,5,100,False,0,car,0 days 01:15:31.817000,0 days 02:11:08.425000
2024-05-19 14:18:48.731,11669,230,5,100,False,0,car,0 days 01:15:32.137000,0 days 02:11:08.745000
2024-05-19 14:18:48.930,10540,235,5,100,False,0,car,0 days 01:15:32.336000,0 days 02:11:08.944000
2024-05-19 14:18:49.090,10540,237,6,100,False,0,car,0 days 01:15:32.496000,0 days 02:11:09.104000
2024-05-19 14:18:49.290,10867,241,6,100,False,0,car,0 days 01:15:32.696000,0 days 02:11:09.304000
2024-05-19 14:18:49.450,10962,245,6,100,False,0,car,0 days 01:15:32.856000,0 days 02:11:09.464000
2024-05-19 14:18:49.810,11216,251,6,100,False,0,car,0 days 01:15:33.216000,0 days 02:11:09.824000
2024-05-19 14:18:50.210,11401,255,6,100,False,0,car,0 days 01:15:33.616000,0 days 02:11:10.224000
2024-05-19 14:18:50.450,11400,257,6,100,False,0,car,0 days 01:15:33.856000,0 days 02:11:10.464000
2024-05-19 14:18:50.850,11498,258,6,100,False,0,car,0 days 01:15:34.256000,0 days 02:11:10.864000
2024-05-19 14:18:51.090,11625,259,6,100,False,0,car,0 days 01:15:34.496000,0 days 02:11:11.104000
2024-05-19 14:18:51.490,11549,260,6,100,False,0,car,0 days 01:15:34.896000,0 days 02:11:11.504000
2024-05-19 14:18:51.811,11286,260,6,0,True,0,car,0 days 01:15:35.217000,0 days 02:11:11.825000
2024-05-19 14:18:52.091,10409,236,6,0,True,0,car,0 days 01:15:35.497000,0 days 02:11:12.105000
2024-05-19 14:18:52.251,9686,213,6,0,True,0,car,0 days 01:15:35.657000,0 days 02:11:12.265000
2024-05-19 14:18:52.491,9448,190,6,0,True,0,car,0 days 01:15:35.897000,0 days 02:11:12.505000
2024-05-19 14:18:52.731,9440,165,5,0,True,0,car,0 days 01:15:36.137000,0 days 02:11:12.745000
2024-05-19 14:18:52.931,8710,151,4,0,True,0,car,0 days 01:15:36.337000,0 days 02:11:12.945000
2024-05-19 14:18:53.251,7981,136,4,0,True,0,car,0 days 01:15:36.657000,0 days 02:11:13.265000
2024-05-19 14:18:53.411,7470,126,4,0,True,0,car,0 days 01:15:36.817000,0 days 02:11:13.425000
2024-05-19 14:18:53.611,7178,123,4,0,True,0,car,0 days 01:15:37.017000,0 days 02:11:13.625000
2024-05-19 14:18:53.891,6867,117,4,0,False,0,car,0 days 01:15:37.297000,0 days 02:11:13.905000
2024-05-19 14:18:54.291,7436,113,4,0,True,0,car,0 days 01:15:37.697000,0 days 02:11:14.305000
2024-05-19 14:18:54.491,7755,108,3,0,True,0,car,0 days 01:15:37.897000,0 days 02:11:14.505000
2024-05-19 14:18:54.771,7332,106,3,0,False,0,car,0 days 01:15:38.177000,0 days 02:11:14.785000
2024-05-19 14:18:55.091,7427,99,3,22,False,0,car,0 days 01:15:38.497000,0 days 02:11:15.105000
2024-05-19 14:18:55.291,7401,99,3,20,False,0,car,0 days 01:15:38.697000,0 days 02:11:15.305000
2024-05-19 14:18:55.490,7637,100,3,34,False,0,car,0 days 01:15:38.896000,0 days 02:11:15.504000
2024-05-19 14:18:55.850,8269,104,3,50,False,0,car,0 days 01:15:39.256000,0 days 02:11:15.864000
2024-05-19 14:18:56.170,9453,114,3,72,False,0,car,0 days 01:15:39.576000,0 days 02:11:16.184000
2024-05-19 14:18:56.330,9569,120,3,78,False,0,car,0 days 01:15:39.736000,0 days 02:11:16.344000
2024-05-19 14:18:56.650,10441,135,3,94,False,0,car,0 days 01:15:40.056000,0 days 02:11:16.664000
2024-05-19 14:18:57.090,10153,155,3,100,False,0,car,0 days 01:15:40.496000,0 days 02:11:17.104000
2024-05-19 14:18:57.450,10801,173,4,100,False,0,car,0 days 01:15:40.856000,0 days 02:11:17.464000
2024-05-19 14:18:57.850,11700,190,4,100,False,0,car,0 days 01:15:41.256000,0 days 02:11:17.864000
2024-05-19 14:18:58.010,11437,197,4,100,False,0,car,0 days 01:15:41.416000,0 days 02:11:18.024000
2024-05-19 14:18:58.330,10665,207,4,100,False,0,car,0 days 01:15:41.736000,0 days 02:11:18.344000
2024-05-19 14:18:58.531,10905,214,5,100,False,0,car,0 days 01:15:41.937000,0 days 02:11:18.545000
2024-05-19 14:18:58.771,11353,220,5,100,False,0,car,0 days 01:15:42.177000,0 days 02:11:18.785000
2024-05-19 14:18:58.971,11687,226,5,100,False,0,car,0 days 01:15:42.377000,0 days 02:11:18.985000
2024-05-19 14:18:59.331,10643,235,5,100,False,0,car,0 days 01:15:42.737000,0 days 02:11:19.345000
2024-05-19 14:18:59.651,10895,242,6,100,False,0,car,0 days 01:15:43.057000,0 days 02:11:19.665000
2024-05-19 14:18:59.851,11043,246,6,100,False,0,car,0 days 01:15:43.257000,0 days 02:11:19.865000
2024-05-19 14:19:00.131,11251,252,6,100,False,0,car,0 days 01:15:43.537000,0 days 02:11:20.145000
2024-05-19 14:19:00.371,11544,256,6,100,False,0,car,0 days 01:15:43.777000,0 days 02:11:20.385000
2024-05-19 14:19:00.611,11708,259,6,100,False,0,car,0 days 01:15:44.017000,0 days 02:11:20.625000
2024-05-19 14:19:00.971,10449,262,7,100,False,0,car,0 days 01:15:44.377000,0 days 02:11:20.985000
2024-05-19 14:19:01.131,10692,267,7,100,False,0,car,0 days 01:15:44.537000,0 days 02:11:21.145000
2024-05-19 14:19:01.571,10856,272,7,100,False,0,car,0 days 01:15:44.977000,0 days 02:11:21.585000
2024-05-19 14:19:01.891,10943,276,7,100,False,0,car,0 days 01:15:45.297000,0 days 02:11:21.905000
2024-05-19 14:19:02.210,11117,280,7,100,False,0,car,0 days 01:15:45.616000,0 days 02:11:22.224000
2024-05-19 14:19:02.650,11158,284,7,100,False,0,car,0 days 01:15:46.056000,0 days 02:11:22.664000
2024-05-19 14:19:02.850,11256,285,7,100,False,0,car,0 days 01:15:46.256000,0 days 02:11:22.864000
2024-05-19 14:19:03.050,11298,287,7,100,False,0,car,0 days 01:15:46.456000,0 days 02:11:23.064000
2024-05-19 14:19:03.370,11427,288,7,100,False,0,car,0 days 01:15:46.776000,0 days 02:11:23.384000
2024-05-19 14:19:03.570,11517,291,7,100,False,0,car,0 days 01:15:46.976000,0 days 02:11:23.584000
2024-05-19 14:19:03.730,11537,292,7,100,False,0,car,0 days 01:15:47.136000,0 days 02:11:23.744000
2024-05-19 14:19:04.050,11650,294,7,100,False,0,car,0 days 01:15:47.456000,0 days 02:11:24.064000
2024-05-19 14:19:04.410,11464,295,7,100,False,0,car,0 days 01:15:47.816000,0 days 02:11:24.424000
2024-05-19 14:19:04.730,11649,293,7,100,False,0,car,0 days 01:15:48.136000,0 days 02:11:24.744000
2024-05-19 14:19:05.131,10844,276,7,0,True,0,car,0 days 01:15:48.537000,0 days 02:11:25.145000
2024-05-19 14:19:05.531,9828,227,7,0,True,0,car,0 days 01:15:48.937000,0 days 02:11:25.545000
2024-05-19 14:19:05.691,10209,214,7,0,True,0,car,0 days 01:15:49.097000,0 days 02:11:25.705000
2024-05-19 14:19:05.931,10718,182,7,0,True,0,car,0 days 01:15:49.337000,0 days 02:11:25.945000
2024-05-19 14:19:06.371,10268,151,3,0,True,0,car,0 days 01:15:49.777000,0 days 02:11:26.385000
2024-05-19 14:19:06.611,9596,133,3,0,True,0,car,0 days 01:15:50.017000,0 days 02:11:26.625000
2024-05-19 14:19:06.971,8432,123,3,0,True,0,car,0 days 01:15:50.377000,0 days 02:11:26.985000
2024-05-19 14:19:07.131,8200,117,3,0,True,0,car,0 days 01:15:50.537000,0 days 02:11:27.145000
2024-05-19 14:19:07.571,8261,113,3,41,False,0,car,0 days 01:15:50.977000,0 days 02:11:27.585000
2024-05-19 14:19:07.851,8519,113,3,45,False,0,car,0 days 01:15:51.257000,0 days 02:11:27.865000
2024-05-19 14:19:08.131,9028,117,3,50,False,0,car,0 days 01:15:51.537000,0 days 02:11:28.145000
2024-05-19 14:19:08.291,9245,121,3,62,False,0,car,0 days 01:15:51.697000,0 days 02:11:28.305000
2024-05-19 14:19:08.491,9870,123,3,78,False,0,car,0 days 01:15:51.897000,0 days 02:11:28.505000
2024-05-19 14:19:08.731,10333,137,3,85,False,0,car,0 days 01:15:52.137000,0 days 02:11:28.745000
2024-05-19 14:19:08.891,10940,140,3,100,False,0,car,0 days 01:15:52.297000,0 days 02:11:28.905000
2024-05-19 14:19:09.090,10477,150,3,100,False,0,car,0 days 01:15:52.496000,0 days 02:11:29.104000
2024-05-19 14:19:09.450,9814,165,4,17,False,0,car,0 days 01:15:52.856000,0 days 02:11:29.464000
2024-05-19 14:19:09.650,9386,160,4,0,True,0,car,0 days 01:15:53.056000,0 days 02:11:29.664000
2024-05-19 14:19:10.690,8463,138,4,36,False,0,car,0 days 01:15:54.096000,0 days 02:11:30.704000
2024-05-19 14:19:10.850,8450,135,4,41,False,0,car,0 days 01:15:54.256000,0 days 02:11:30.864000
2024-05-19 14:19:11.010,8528,138,4,53,False,0,car,0 days 01:15:54.416000,0 days 02:11:31.024000
2024-05-19 14:19:11.290,8927,141,4,63,False,0,car,0 days 01:15:54.696000,0 days 02:11:31.304000
2024-05-19 14:19:11.450,8927,145,4,63,False,0,car,0 days 01:15:54.856000,0 days 02:11:31.464000
2024-05-19 14:19:11.731,9667,153,4,82,False,0,car,0 days 01:15:55.137000,0 days 02:11:31.745000
2024-05-19 14:19:12.011,10226,165,4,100,False,0,car,0 days 01:15:55.417000,0 days 02:11:32.025000
2024-05-19 14:19:12.171,10226,168,4,100,False,0,car,0 days 01:15:55.577000,0 days 02:11:32.185000
2024-05-19 14:19:12.531,11028,185,4,100,False,0,car,0 days 01:15:55.937000,0 days 02:11:32.545000
2024-05-19 14:19:12.691,11308,185,4,100,False,0,car,0 days 01:15:56.097000,0 days 02:11:32.705000
2024-05-19 14:19:12.891,10703,196,4,100,False,0,car,0 days 01:15:56.297000,0 days 02:11:32.905000
2024-05-19 14:19:13.171,10788,206,5,100,False,0,car,0 days 01:15:56.577000,0 days 02:11:33.185000
2024-05-19 14:19:13.371,11159,212,5,100,False,0,car,0 days 01:15:56.777000,0 days 02:11:33.385000
2024-05-19 14:19:13.531,11236,218,5,100,False,0,car,0 days 01:15:56.937000,0 days 02:11:33.545000
2024-05-19 14:19:13.691,11351,221,5,100,False,0,car,0 days 01:15:57.097000,0 days 02:11:33.705000
2024-05-19 14:19:13.971,11457,229,5,100,False,0,car,0 days 01:15:57.377000,0 days 02:11:33.985000
2024-05-19 14:19:14.131,10373,233,5,100,False,0,car,0 days 01:15:57.537000,0 days 02:11:34.145000
2024-05-19 14:19:14.451,10849,238,6,100,False,0,car,0 days 01:15:57.857000,0 days 02:11:34.465000
2024-05-19 14:19:14.731,11053,247,6,100,False,0,car,0 days 01:15:58.137000,0 days 02:11:34.745000
2024-05-19 14:19:15.051,11377,253,6,100,False,0,car,0 days 01:15:58.457000,0 days 02:11:35.065000
2024-05-19 14:19:15.411,11092,258,6,100,False,0,car,0 days 01:15:58.817000,0 days 02:11:35.425000
2024-05-19 14:19:15.571,10426,261,7,100,False,0,car,0 days 01:15:58.977000,0 days 02:11:35.585000
2024-05-19 14:19:15.850,10638,266,7,100,False,0,car,0 days 01:15:59.256000,0 days 02:11:35.864000
2024-05-19 14:19:16.010,10736,269,7,100,False,0,car,0 days 01:15:59.416000,0 days 02:11:36.024000
2024-05-19 14:19:16.290,10876,271,7,100,False,0,car,0 days 01:15:59.696000,0 days 02:11:36.304000
2024-05-19 14:19:16.450,10913,274,7,100,False,0,car,0 days 01:15:59.856000,0 days 02:11:36.464000
2024-05-19 14:19:16.650,11020,275,7,100,False,0,car,0 days 01:16:00.056000,0 days 02:11:36.664000
2024-05-19 14:19:16.850,11079,279,7,100,False,0,car,0 days 01:16:00.256000,0 days 02:11:36.864000
2024-05-19 14:19:17.010,11145,282,7,100,False,0,car,0 days 01:16:00.416000,0 days 02:11:37.024000
2024-05-19 14:19:17.250,11210,283,7,100,False,0,car,0 days 01:16:00.656000,0 days 02:11:37.264000
2024-05-19 14:19:17.450,11286,286,7,100,False,0,car,0 days 01:16:00.856000,0 days 02:11:37.464000
2024-05-19 14:19:17.730,11379,287,7,100,False,0,car,0 days 01:16:01.136000,0 days 02:11:37.744000
2024-05-19 14:19:17.890,11401,289,7,100,False,0,car,0 days 01:16:01.296000,0 days 02:11:37.904000
2024-05-19 14:19:18.050,11503,291,7,100,False,0,car,0 days 01:16:01.456000,0 days 02:11:38.064000
2024-05-19 14:19:18.211,11489,293,7,100,False,0,car,0 days 01:16:01.617000,0 days 02:11:38.225000
2024-05-19 14:19:18.571,10524,294,8,100,False,0,car,0 days 01:16:01.977000,0 days 02:11:38.585000
2024-05-19 14:19:19.011,10615,299,8,100,False,0,car,0 days 01:16:02.417000,0 days 02:11:39.025000
2024-05-19 14:19:19.171,10652,299,8,100,False,0,car,0 days 01:16:02.577000,0 days 02:11:39.185000
2024-05-19 14:19:19.331,10673,300,8,100,False,0,car,0 days 01:16:02.737000,0 days 02:11:39.345000
2024-05-19 14:19:19.611,10750,302,8,100,False,0,car,0 days 01:16:03.017000,0 days 02:11:39.625000
2024-05-19 14:19:19.931,10802,303,8,100,False,0,car,0 days 01:16:03.337000,0 days 02:11:39.945000
2024-05-19 14:19:20.211,10802,304,8,100,False,0,car,0 days 01:16:03.617000,0 days 02:11:40.225000
2024-05-19 14:19:20.411,10815,305,8,100,False,0,car,0 days 01:16:03.817000,0 days 02:11:40.425000
2024-05-19 14:19:20.611,10850,306,8,100,False,0,car,0 days 01:16:04.017000,0 days 02:11:40.625000
2024-05-19 14:19:20.771,10879,306,8,100,False,0,car,0 days 01:16:04.177000,0 days 02:11:40.785000
2024-05-19 14:19:20.931,10888,307,8,100,False,0,car,0 days 01:16:04.337000,0 days 02:11:40.945000
2024-05-19 14:19:21.251,10929,308,8,100,False,0,car,0 days 01:16:04.657000,0 days 02:11:41.265000
2024-05-19 14:19:21.411,10940,309,8,100,False,0,car,0 days 01:16:04.817000,0 days 02:11:41.425000
2024-05-19 14:19:21.571,11042,309,8,100,False,0,car,0 days 01:16:04.977000,0 days 02:11:41.585000
2024-05-19 14:19:21.811,11003,309,8,100,False,0,car,0 days 01:16:05.217000,0 days 02:11:41.825000
2024-05-19 14:19:21.971,10946,309,8,100,False,0,car,0 days 01:16:05.377000,0 days 02:11:41.985000
2024-05-19 14:19:22.131,10946,309,8,100,False,0,car,0 days 01:16:05.537000,0 days 02:11:42.145000
2024-05-19 14:19:22.331,10946,311,8,100,False,0,car,0 days 01:16:05.737000,0 days 02:11:42.345000
2024-05-19 14:19:22.690,11044,311,8,100,False,0,car,0 days 01:16:06.096000,0 days 02:11:42.704000
2024-05-19 14:19:23.050,11066,312,8,100,False,0,car,0 days 01:16:06.456000,0 days 02:11:43.064000
2024-05-19 14:19:23.290,11115,312,8,100,False,0,car,0 days 01:16:06.696000,0 days 02:11:43.304000
2024-05-19 14:19:23.450,11143,313,8,100,False,0,car,0 days 01:16:06.856000,0 days 02:11:43.464000
2024-05-19 14:19:23.890,11143,314,8,100,False,0,car,0 days 01:16:07.296000,0 days 02:11:43.904000
2024-05-19 14:19:24.250,11079,314,8,100,False,0,car,0 days 01:16:07.656000,0 days 02:11:44.264000
2024-05-19 14:19:24.450,11119,314,8,100,False,0,car,0 days 01:16:07.856000,0 days 02:11:44.464000
2024-05-19 14:19:24.691,11169,315,8,100,False,0,car,0 days 01:16:08.097000,0 days 02:11:44.705000
2024-05-19 14:19:24.931,11161,316,8,100,False,0,car,0 days 01:16:08.337000,0 days 02:11:44.945000
2024-05-19 14:19:25.691,11166,316,8,100,False,0,car,0 days 01:16:09.097000,0 days 02:11:45.705000
2024-05-19 14:19:25.851,11236,316,8,100,False,0,car,0 days 01:16:09.257000,0 days 02:11:45.865000
2024-05-19 14:19:26.131,11234,316,8,100,False,0,car,0 days 01:16:09.537000,0 days 02:11:46.145000
2024-05-19 14:19:26.531,11162,316,8,100,False,0,car,0 days 01:16:09.937000,0 days 02:11:46.545000
2024-05-19 14:19:26.811,10738,316,8,0,True,0,car,0 days 01:16:10.217000,0 days 02:11:46.825000
2024-05-19 14:19:27.131,9835,271,8,0,True,0,car,0 days 01:16:10.537000,0 days 02:11:47.145000
2024-05-19 14:19:27.331,10077,242,8,0,True,0,car,0 days 01:16:10.737000,0 days 02:11:47.345000
2024-05-19 14:19:27.491,10319,231,8,0,True,0,car,0 days 01:16:10.897000,0 days 02:11:47.505000
2024-05-19 14:19:27.651,10263,209,8,0,True,0,car,0 days 01:16:11.057000,0 days 02:11:47.665000
2024-05-19 14:19:27.971,10332,183,5,0,True,0,car,0 days 01:16:11.377000,0 days 02:11:47.985000
2024-05-19 14:19:28.251,9822,164,4,0,True,0,car,0 days 01:16:11.657000,0 days 02:11:48.265000
2024-05-19 14:19:28.611,9097,153,4,0,False,0,car,0 days 01:16:12.017000,0 days 02:11:48.625000
2024-05-19 14:19:28.811,8802,150,4,3,False,0,car,0 days 01:16:12.217000,0 days 02:11:48.825000
2024-05-19 14:19:29.011,8854,146,4,16,False,0,car,0 days 01:16:12.417000,0 days 02:11:49.025000
2024-05-19 14:19:29.450,9250,149,4,60,False,0,car,0 days 01:16:12.856000,0 days 02:11:49.464000
2024-05-19 14:19:29.730,9747,159,4,89,False,0,car,0 days 01:16:13.136000,0 days 02:11:49.744000
2024-05-19 14:19:30.090,8583,164,5,48,False,0,car,0 days 01:16:13.496000,0 days 02:11:50.104000
2024-05-19 14:19:30.250,8578,164,5,53,False,0,car,0 days 01:16:13.656000,0 days 02:11:50.264000
2024-05-19 14:19:30.690,9131,170,5,80,False,0,car,0 days 01:16:14.096000,0 days 02:11:50.704000
2024-05-19 14:19:30.930,9326,177,5,100,False,0,car,0 days 01:16:14.336000,0 days 02:11:50.944000
2024-05-19 14:19:31.170,9900,184,5,100,False,0,car,0 days 01:16:14.576000,0 days 02:11:51.184000
2024-05-19 14:19:31.491,10339,194,5,100,False,0,car,0 days 01:16:14.897000,0 days 02:11:51.505000
2024-05-19 14:19:31.691,10664,201,5,100,False,0,car,0 days 01:16:15.097000,0 days 02:11:51.705000
2024-05-19 14:19:32.131,11364,217,5,100,False,0,car,0 days 01:16:15.537000,0 days 02:11:52.145000
2024-05-19 14:19:32.491,11712,223,5,100,False,0,car,0 days 01:16:15.897000,0 days 02:11:52.505000
2024-05-19 14:19:32.851,11135,231,5,100,False,0,car,0 days 01:16:16.257000,0 days 02:11:52.865000
2024-05-19 14:19:33.011,10665,233,5,100,False,0,car,0 days 01:16:16.417000,0 days 02:11:53.025000
2024-05-19 14:19:33.211,10786,238,6,100,False,0,car,0 days 01:16:16.617000,0 days 02:11:53.225000
2024-05-19 14:19:33.451,10868,242,6,100,False,0,car,0 days 01:16:16.857000,0 days 02:11:53.465000
2024-05-19 14:19:33.691,11201,246,6,100,False,0,car,0 days 01:16:17.097000,0 days 02:11:53.705000
2024-05-19 14:19:33.971,11265,251,6,100,False,0,car,0 days 01:16:17.377000,0 days 02:11:53.985000
2024-05-19 14:19:34.251,11485,256,6,100,False,0,car,0 days 01:16:17.657000,0 days 02:11:54.265000
2024-05-19 14:19:34.411,11495,259,6,100,False,0,car,0 days 01:16:17.817000,0 days 02:11:54.425000
2024-05-19 14:19:34.611,11655,262,6,100,False,0,car,0 days 01:16:18.017000,0 days 02:11:54.625000
2024-05-19 14:19:34.931,10586,266,7,100,False,0,car,0 days 01:16:18.337000,0 days 02:11:54.945000
2024-05-19 14:19:35.091,10790,268,7,100,False,0,car,0 days 01:16:18.497000,0 days 02:11:55.105000
2024-05-19 14:19:35.411,10742,271,7,100,False,0,car,0 days 01:16:18.817000,0 days 02:11:55.425000
2024-05-19 14:19:35.771,10840,273,7,100,False,0,car,0 days 01:16:19.177000,0 days 02:11:55.785000
2024-05-19 14:19:36.170,10935,274,7,100,False,0,car,0 days 01:16:19.576000,0 days 02:11:56.184000
2024-05-19 14:19:36.490,10951,277,7,100,False,0,car,0 days 01:16:19.896000,0 days 02:11:56.504000
2024-05-19 14:19:36.650,10948,277,7,100,False,0,car,0 days 01:16:20.056000,0 days 02:11:56.664000
2024-05-19 14:19:36.970,10963,277,7,100,False,0,car,0 days 01:16:20.376000,0 days 02:11:56.984000
2024-05-19 14:19:37.130,10972,277,7,100,False,0,car,0 days 01:16:20.536000,0 days 02:11:57.144000
2024-05-19 14:19:37.290,10951,278,7,100,False,0,car,0 days 01:16:20.696000,0 days 02:11:57.304000
2024-05-19 14:19:37.490,11001,278,7,100,False,0,car,0 days 01:16:20.896000,0 days 02:11:57.504000
2024-05-19 14:19:37.730,10680,277,7,27,False,0,car,0 days 01:16:21.136000,0 days 02:11:57.744000
2024-05-19 14:19:37.891,10567,273,7,0,True,0,car,0 days 01:16:21.297000,0 days 02:11:57.905000
2024-05-19 14:19:38.171,10007,255,7,0,True,0,car,0 days 01:16:21.577000,0 days 02:11:58.185000
2024-05-19 14:19:38.451,10337,239,7,0,True,0,car,0 days 01:16:21.857000,0 days 02:11:58.465000
2024-05-19 14:19:38.611,9979,230,6,1,True,0,car,0 days 01:16:22.017000,0 days 02:11:58.625000
2024-05-19 14:19:38.971,9753,221,6,0,True,0,car,0 days 01:16:22.377000,0 days 02:11:58.985000
2024-05-19 14:19:39.171,9342,217,6,0,True,0,car,0 days 01:16:22.577000,0 days 02:11:59.185000
2024-05-19 14:19:39.411,9372,197,6,0,True,0,car,0 days 01:16:22.817000,0 days 02:11:59.425000
2024-05-19 14:19:39.611,9035,178,5,0,True,0,car,0 days 01:16:23.017000,0 days 02:11:59.625000
2024-05-19 14:19:39.771,8635,174,5,0,True,0,car,0 days 01:16:23.177000,0 days 02:11:59.785000
2024-05-19 14:19:40.051,8489,168,5,6,True,0,car,0 days 01:16:23.457000,0 days 02:12:00.065000
2024-05-19 14:19:40.331,8516,161,5,41,False,0,car,0 days 01:16:23.737000,0 days 02:12:00.345000
2024-05-19 14:19:40.731,8807,165,5,71,False,0,car,0 days 01:16:24.137000,0 days 02:12:00.745000
2024-05-19 14:19:41.091,9330,172,5,100,False,0,car,0 days 01:16:24.497000,0 days 02:12:01.105000
2024-05-19 14:19:41.411,9801,184,5,100,False,0,car,0 days 01:16:24.817000,0 days 02:12:01.425000
2024-05-19 14:19:41.731,10159,193,5,100,False,0,car,0 days 01:16:25.137000,0 days 02:12:01.745000
2024-05-19 14:19:41.971,10584,201,5,100,False,0,car,0 days 01:16:25.377000,0 days 02:12:01.985000
2024-05-19 14:19:42.251,10788,208,5,100,False,0,car,0 days 01:16:25.657000,0 days 02:12:02.265000
2024-05-19 14:19:42.411,11010,213,5,100,False,0,car,0 days 01:16:25.817000,0 days 02:12:02.425000
2024-05-19 14:19:42.650,11236,217,5,100,False,0,car,0 days 01:16:26.056000,0 days 02:12:02.664000
2024-05-19 14:19:43.010,11405,222,5,100,False,0,car,0 days 01:16:26.416000,0 days 02:12:03.024000
2024-05-19 14:19:43.170,11479,223,5,100,False,0,car,0 days 01:16:26.576000,0 days 02:12:03.184000
2024-05-19 14:19:43.410,11466,225,5,100,False,0,car,0 days 01:16:26.816000,0 days 02:12:03.424000
2024-05-19 14:19:43.770,11539,227,5,100,True,0,car,0 days 01:16:27.176000,0 days 02:12:03.784000
2024-05-19 14:19:44.130,10170,196,5,0,True,0,car,0 days 01:16:27.536000,0 days 02:12:04.144000
2024-05-19 14:19:44.330,10528,176,5,0,True,0,car,0 days 01:16:27.736000,0 days 02:12:04.344000
2024-05-19 14:19:44.491,11048,167,4,0,True,0,car,0 days 01:16:27.897000,0 days 02:12:04.505000
2024-05-19 14:19:44.771,10208,146,3,0,True,0,car,0 days 01:16:28.177000,0 days 02:12:04.785000
2024-05-19 14:19:45.011,9176,131,3,0,True,0,car,0 days 01:16:28.417000,0 days 02:12:05.025000
2024-05-19 14:19:45.331,9176,121,3,0,True,0,car,0 days 01:16:28.737000,0 days 02:12:05.345000
2024-05-19 14:19:45.651,7810,113,3,0,True,0,car,0 days 01:16:29.057000,0 days 02:12:05.665000
2024-05-19 14:19:45.851,7517,110,3,0,True,0,car,0 days 01:16:29.257000,0 days 02:12:05.865000
2024-05-19 14:19:46.251,6893,99,3,0,True,0,car,0 days 01:16:29.657000,0 days 02:12:06.265000
2024-05-19 14:19:46.531,6466,94,3,0,False,0,car,0 days 01:16:29.937000,0 days 02:12:06.545000
2024-05-19 14:19:46.811,6968,89,3,23,False,0,car,0 days 01:16:30.217000,0 days 02:12:06.825000
2024-05-19 14:19:46.971,6799,90,3,26,False,0,car,0 days 01:16:30.377000,0 days 02:12:06.985000
2024-05-19 14:19:47.251,7038,94,3,30,False,0,car,0 days 01:16:30.657000,0 days 02:12:07.265000
2024-05-19 14:19:47.491,7519,97,3,41,False,0,car,0 days 01:16:30.897000,0 days 02:12:07.505000
2024-05-19 14:19:47.651,7651,101,3,46,False,0,car,0 days 01:16:31.057000,0 days 02:12:07.665000
2024-05-19 14:19:47.851,8052,105,3,55,False,0,car,0 days 01:16:31.257000,0 days 02:12:07.865000
2024-05-19 14:19:48.051,8611,110,3,67,False,0,car,0 days 01:16:31.457000,0 days 02:12:08.065000
2024-05-19 14:19:48.331,9821,121,3,81,False,0,car,0 days 01:16:31.737000,0 days 02:12:08.345000
2024-05-19 14:19:48.731,10977,140,3,100,False,0,car,0 days 01:16:32.137000,0 days 02:12:08.745000
2024-05-19 14:19:49.011,11820,150,3,100,False,0,car,0 days 01:16:32.417000,0 days 02:12:09.025000
2024-05-19 14:19:49.210,10700,165,3,100,False,0,car,0 days 01:16:32.616000,0 days 02:12:09.224000
2024-05-19 14:19:49.570,11077,177,4,100,False,0,car,0 days 01:16:32.976000,0 days 02:12:09.584000
2024-05-19 14:19:49.730,11347,185,4,100,False,0,car,0 days 01:16:33.136000,0 days 02:12:09.744000
2024-05-19 14:19:49.930,11722,189,4,100,False,0,car,0 days 01:16:33.336000,0 days 02:12:09.944000
2024-05-19 14:19:50.170,11511,199,4,100,False,0,car,0 days 01:16:33.576000,0 days 02:12:10.184000
2024-05-19 14:19:50.410,10775,209,5,100,False,0,car,0 days 01:16:33.816000,0 days 02:12:10.424000
2024-05-19 14:19:50.690,11227,215,5,100,False,0,car,0 days 01:16:34.096000,0 days 02:12:10.704000
2024-05-19 14:19:51.051,11559,226,5,100,False,0,car,0 days 01:16:34.457000,0 days 02:12:11.065000
2024-05-19 14:19:51.331,11517,233,5,100,False,0,car,0 days 01:16:34.737000,0 days 02:12:11.345000
2024-05-19 14:19:51.531,10729,237,6,100,False,0,car,0 days 01:16:34.937000,0 days 02:12:11.545000
2024-05-19 14:19:51.811,10978,244,6,100,False,0,car,0 days 01:16:35.217000,0 days 02:12:11.825000
2024-05-19 14:19:52.091,11184,248,6,100,False,0,car,0 days 01:16:35.497000,0 days 02:12:12.105000
2024-05-19 14:19:52.451,11370,255,6,100,False,0,car,0 days 01:16:35.857000,0 days 02:12:12.465000
2024-05-19 14:19:52.851,11641,259,6,100,False,0,car,0 days 01:16:36.257000,0 days 02:12:12.865000
2024-05-19 14:19:53.211,10481,263,7,100,False,0,car,0 days 01:16:36.617000,0 days 02:12:13.225000
2024-05-19 14:19:53.371,10495,263,7,100,False,0,car,0 days 01:16:36.777000,0 days 02:12:13.385000
2024-05-19 14:19:53.651,10565,265,7,100,False,0,car,0 days 01:16:37.057000,0 days 02:12:13.665000
2024-05-19 14:19:53.971,10644,267,7,100,False,0,car,0 days 01:16:37.377000,0 days 02:12:13.985000
2024-05-19 14:19:54.291,10691,268,7,100,False,0,car,0 days 01:16:37.697000,0 days 02:12:14.305000
2024-05-19 14:19:54.651,10675,270,7,100,False,0,car,0 days 01:16:38.057000,0 days 02:12:14.665000
2024-05-19 14:19:54.851,10748,269,7,100,False,0,car,0 days 01:16:38.257000,0 days 02:12:14.865000
2024-05-19 14:19:55.011,10683,270,7,100,False,0,car,0 days 01:16:38.417000,0 days 02:12:15.025000
2024-05-19 14:19:55.171,10743,271,7,100,False,0,car,0 days 01:16:38.577000,0 days 02:12:15.185000
2024-05-19 14:19:55.411,10748,271,7,100,False,0,car,0 days 01:16:38.817000,0 days 02:12:15.425000
2024-05-19 14:19:55.731,10722,272,7,75,False,0,car,0 days 01:16:39.137000,0 days 02:12:15.745000
2024-05-19 14:19:55.970,10231,265,7,0,True,0,car,0 days 01:16:39.376000,0 days 02:12:15.984000
2024-05-19 14:19:56.170,10120,248,7,0,True,0,car,0 days 01:16:39.576000,0 days 02:12:16.184000
2024-05-19 14:19:56.330,10098,231,7,0,True,0,car,0 days 01:16:39.736000,0 days 02:12:16.344000
2024-05-19 14:19:56.570,10729,218,6,1,True,0,car,0 days 01:16:39.976000,0 days 02:12:16.584000
2024-05-19 14:19:56.770,10336,210,5,5,True,0,car,0 days 01:16:40.176000,0 days 02:12:16.784000
2024-05-19 14:19:57.090,10316,202,5,61,False,0,car,0 days 01:16:40.496000,0 days 02:12:17.104000
2024-05-19 14:19:57.290,10383,198,5,82,False,0,car,0 days 01:16:40.696000,0 days 02:12:17.304000
2024-05-19 14:19:57.450,10413,200,5,83,False,0,car,0 days 01:16:40.856000,0 days 02:12:17.464000
2024-05-19 14:19:57.651,10653,203,5,87,False,0,car,0 days 01:16:41.057000,0 days 02:12:17.665000
2024-05-19 14:19:57.931,11036,210,5,100,False,0,car,0 days 01:16:41.337000,0 days 02:12:17.945000
2024-05-19 14:19:58.131,11191,215,5,100,False,0,car,0 days 01:16:41.537000,0 days 02:12:18.145000
2024-05-19 14:19:58.331,11384,220,5,100,False,0,car,0 days 01:16:41.737000,0 days 02:12:18.345000
2024-05-19 14:19:58.611,11249,228,5,100,False,0,car,0 days 01:16:42.017000,0 days 02:12:18.625000
2024-05-19 14:19:58.811,10734,231,5,100,False,0,car,0 days 01:16:42.217000,0 days 02:12:18.825000
2024-05-19 14:19:58.971,10709,234,6,100,False,0,car,0 days 01:16:42.377000,0 days 02:12:18.985000
2024-05-19 14:19:59.131,10785,236,6,100,False,0,car,0 days 01:16:42.537000,0 days 02:12:19.145000
2024-05-19 14:19:59.451,10948,244,6,100,False,0,car,0 days 01:16:42.857000,0 days 02:12:19.465000
2024-05-19 14:19:59.691,11162,249,6,100,False,0,car,0 days 01:16:43.097000,0 days 02:12:19.705000
2024-05-19 14:19:59.971,11433,254,6,100,False,0,car,0 days 01:16:43.377000,0 days 02:12:19.985000
2024-05-19 14:20:00.291,11666,259,6,100,False,0,car,0 days 01:16:43.697000,0 days 02:12:20.305000
2024-05-19 14:20:00.611,10467,263,6,100,False,0,car,0 days 01:16:44.017000,0 days 02:12:20.625000
2024-05-19 14:20:00.931,10542,266,7,100,False,0,car,0 days 01:16:44.337000,0 days 02:12:20.945000
2024-05-19 14:20:01.331,10642,269,7,100,False,0,car,0 days 01:16:44.737000,0 days 02:12:21.345000
2024-05-19 14:20:01.691,10756,271,7,100,False,0,car,0 days 01:16:45.097000,0 days 02:12:21.705000
2024-05-19 14:20:01.851,10765,272,7,100,False,0,car,0 days 01:16:45.257000,0 days 02:12:21.865000
2024-05-19 14:20:02.131,10810,272,7,100,False,0,car,0 days 01:16:45.537000,0 days 02:12:22.145000
2024-05-19 14:20:02.331,10888,273,7,100,False,0,car,0 days 01:16:45.737000,0 days 02:12:22.345000
2024-05-19 14:20:02.770,10652,272,7,5,False,0,car,0 days 01:16:46.176000,0 days 02:12:22.784000
2024-05-19 14:20:02.970,10270,269,7,0,False,0,car,0 days 01:16:46.376000,0 days 02:12:22.984000
2024-05-19 14:20:03.210,10032,256,7,0,True,0,car,0 days 01:16:46.616000,0 days 02:12:23.224000
2024-05-19 14:20:03.490,10092,240,7,0,True,0,car,0 days 01:16:46.896000,0 days 02:12:23.504000
2024-05-19 14:20:03.810,9949,198,6,0,True,0,car,0 days 01:16:47.216000,0 days 02:12:23.824000
2024-05-19 14:20:03.970,10509,188,5,0,True,0,car,0 days 01:16:47.376000,0 days 02:12:23.984000
2024-05-19 14:20:04.130,10081,169,5,0,True,0,car,0 days 01:16:47.536000,0 days 02:12:24.144000
2024-05-19 14:20:04.411,8961,157,4,0,True,0,car,0 days 01:16:47.817000,0 days 02:12:24.425000
2024-05-19 14:20:04.691,7998,140,4,0,True,0,car,0 days 01:16:48.097000,0 days 02:12:24.705000
2024-05-19 14:20:05.011,7368,128,4,0,True,0,car,0 days 01:16:48.417000,0 days 02:12:25.025000
2024-05-19 14:20:05.211,7293,126,4,6,False,0,car,0 days 01:16:48.617000,0 days 02:12:25.225000
2024-05-19 14:20:05.411,7595,120,4,16,False,0,car,0 days 01:16:48.817000,0 days 02:12:25.425000
2024-05-19 14:20:05.691,7644,120,4,50,False,0,car,0 days 01:16:49.097000,0 days 02:12:25.705000
2024-05-19 14:20:06.091,8154,129,4,75,False,0,car,0 days 01:16:49.497000,0 days 02:12:26.105000
2024-05-19 14:20:06.251,8854,136,4,98,False,0,car,0 days 01:16:49.657000,0 days 02:12:26.265000
2024-05-19 14:20:06.411,9295,143,4,100,False,0,car,0 days 01:16:49.817000,0 days 02:12:26.425000
2024-05-19 14:20:06.731,9802,156,4,100,False,0,car,0 days 01:16:50.137000,0 days 02:12:26.745000
2024-05-19 14:20:07.131,11328,170,4,100,False,0,car,0 days 01:16:50.537000,0 days 02:12:27.145000
2024-05-19 14:20:07.371,11219,170,4,100,False,0,car,0 days 01:16:50.777000,0 days 02:12:27.385000
2024-05-19 14:20:07.771,11191,192,4,100,False,0,car,0 days 01:16:51.177000,0 days 02:12:27.785000
2024-05-19 14:20:07.971,10310,198,5,100,False,0,car,0 days 01:16:51.377000,0 days 02:12:27.985000
2024-05-19 14:20:08.371,11025,211,5,100,False,0,car,0 days 01:16:51.777000,0 days 02:12:28.385000
2024-05-19 14:20:08.531,11223,217,5,100,False,0,car,0 days 01:16:51.937000,0 days 02:12:28.545000
2024-05-19 14:20:08.891,11649,225,5,100,False,0,car,0 days 01:16:52.297000,0 days 02:12:28.905000
2024-05-19 14:20:09.091,11445,230,5,100,False,0,car,0 days 01:16:52.497000,0 days 02:12:29.105000
2024-05-19 14:20:09.331,10539,236,6,100,False,0,car,0 days 01:16:52.737000,0 days 02:12:29.345000
2024-05-19 14:20:09.610,10981,241,6,100,False,0,car,0 days 01:16:53.016000,0 days 02:12:29.624000
2024-05-19 14:20:09.970,11026,246,6,100,False,0,car,0 days 01:16:53.376000,0 days 02:12:29.984000
2024-05-19 14:20:10.130,11026,248,6,100,False,0,car,0 days 01:16:53.536000,0 days 02:12:30.144000
2024-05-19 14:20:10.410,11237,251,6,100,False,0,car,0 days 01:16:53.816000,0 days 02:12:30.424000
2024-05-19 14:20:10.650,11283,253,6,100,False,0,car,0 days 01:16:54.056000,0 days 02:12:30.664000
2024-05-19 14:20:10.811,11357,255,6,100,False,0,car,0 days 01:16:54.217000,0 days 02:12:30.825000
2024-05-19 14:20:11.051,11450,256,6,100,False,0,car,0 days 01:16:54.457000,0 days 02:12:31.065000
2024-05-19 14:20:11.291,11440,257,6,100,False,0,car,0 days 01:16:54.697000,0 days 02:12:31.305000
2024-05-19 14:20:12.131,11430,259,6,93,False,0,car,0 days 01:16:55.537000,0 days 02:12:32.145000
2024-05-19 14:20:12.411,10316,234,6,0,True,0,car,0 days 01:16:55.817000,0 days 02:12:32.425000
2024-05-19 14:20:12.691,9601,213,6,0,True,0,car,0 days 01:16:56.097000,0 days 02:12:32.705000
2024-05-19 14:20:13.091,9826,174,5,0,True,0,car,0 days 01:16:56.497000,0 days 02:12:33.105000
2024-05-19 14:20:13.251,8928,155,4,0,True,0,car,0 days 01:16:56.657000,0 days 02:12:33.265000
2024-05-19 14:20:13.411,8393,145,4,0,True,0,car,0 days 01:16:56.817000,0 days 02:12:33.425000
2024-05-19 14:20:13.851,7377,124,4,0,True,0,car,0 days 01:16:57.257000,0 days 02:12:33.865000
2024-05-19 14:20:14.051,7002,119,4,0,True,0,car,0 days 01:16:57.457000,0 days 02:12:34.065000
2024-05-19 14:20:14.291,6616,114,4,0,False,0,car,0 days 01:16:57.697000,0 days 02:12:34.305000
2024-05-19 14:20:14.491,6737,110,4,0,False,0,car,0 days 01:16:57.897000,0 days 02:12:34.505000
2024-05-19 14:20:14.811,7071,101,4,0,True,0,car,0 days 01:16:58.217000,0 days 02:12:34.825000
2024-05-19 14:20:15.091,6999,103,3,0,True,0,car,0 days 01:16:58.497000,0 days 02:12:35.105000
2024-05-19 14:20:15.371,6962,99,3,8,False,0,car,0 days 01:16:58.777000,0 days 02:12:35.385000
2024-05-19 14:20:15.651,6962,97,3,8,False,0,car,0 days 01:16:59.057000,0 days 02:12:35.665000
2024-05-19 14:20:15.971,7639,98,3,38,False,0,car,0 days 01:16:59.377000,0 days 02:12:35.985000
2024-05-19 14:20:16.130,7975,101,3,39,False,0,car,0 days 01:16:59.536000,0 days 02:12:36.144000
2024-05-19 14:20:16.410,8305,107,3,62,False,0,car,0 days 01:16:59.816000,0 days 02:12:36.424000
2024-05-19 14:20:16.570,8813,111,3,71,False,0,car,0 days 01:16:59.976000,0 days 02:12:36.584000
2024-05-19 14:20:16.890,9593,120,3,89,False,0,car,0 days 01:17:00.296000,0 days 02:12:36.904000
2024-05-19 14:20:17.210,10585,143,3,100,False,0,car,0 days 01:17:00.616000,0 days 02:12:37.224000
2024-05-19 14:20:17.531,9947,158,3,100,False,0,car,0 days 01:17:00.937000,0 days 02:12:37.545000
2024-05-19 14:20:17.811,10388,172,4,100,False,0,car,0 days 01:17:01.217000,0 days 02:12:37.825000
2024-05-19 14:20:18.131,11226,184,4,100,False,0,car,0 days 01:17:01.537000,0 days 02:12:38.145000
2024-05-19 14:20:18.451,11766,195,4,100,False,0,car,0 days 01:17:01.857000,0 days 02:12:38.465000
2024-05-19 14:20:18.651,10432,198,4,100,False,0,car,0 days 01:17:02.057000,0 days 02:12:38.665000
2024-05-19 14:20:18.851,10789,208,4,100,False,0,car,0 days 01:17:02.257000,0 days 02:12:38.865000
2024-05-19 14:20:19.251,11292,218,5,100,False,0,car,0 days 01:17:02.657000,0 days 02:12:39.265000
2024-05-19 14:20:19.691,11748,231,5,100,False,0,car,0 days 01:17:03.097000,0 days 02:12:39.705000
2024-05-19 14:20:20.011,10838,240,6,100,False,0,car,0 days 01:17:03.417000,0 days 02:12:40.025000
2024-05-19 14:20:20.331,11083,247,6,100,False,0,car,0 days 01:17:03.737000,0 days 02:12:40.345000
2024-05-19 14:20:20.611,11117,250,6,100,False,0,car,0 days 01:17:04.017000,0 days 02:12:40.625000
2024-05-19 14:20:20.811,11484,256,6,100,False,0,car,0 days 01:17:04.217000,0 days 02:12:40.825000
2024-05-19 14:20:21.051,11604,259,6,100,False,0,car,0 days 01:17:04.457000,0 days 02:12:41.065000
2024-05-19 14:20:21.211,11184,262,6,100,False,0,car,0 days 01:17:04.617000,0 days 02:12:41.225000
2024-05-19 14:20:21.531,10581,266,7,100,False,0,car,0 days 01:17:04.937000,0 days 02:12:41.545000
2024-05-19 14:20:21.891,10839,270,7,100,False,0,car,0 days 01:17:05.297000,0 days 02:12:41.905000
2024-05-19 14:20:22.211,10970,275,7,100,False,0,car,0 days 01:17:05.617000,0 days 02:12:42.225000
2024-05-19 14:20:22.611,11010,279,7,100,False,0,car,0 days 01:17:06.017000,0 days 02:12:42.625000
2024-05-19 14:20:22.850,11091,279,7,100,False,0,car,0 days 01:17:06.256000,0 days 02:12:42.864000
2024-05-19 14:20:23.050,11264,284,7,100,False,0,car,0 days 01:17:06.456000,0 days 02:12:43.064000
2024-05-19 14:20:23.290,11268,285,7,100,False,0,car,0 days 01:17:06.696000,0 days 02:12:43.304000
2024-05-19 14:20:23.650,11405,289,7,100,False,0,car,0 days 01:17:07.056000,0 days 02:12:43.664000
2024-05-19 14:20:23.891,11574,291,7,100,False,0,car,0 days 01:17:07.297000,0 days 02:12:43.905000
2024-05-19 14:20:24.171,11584,293,7,100,False,0,car,0 days 01:17:07.577000,0 days 02:12:44.185000
2024-05-19 14:20:24.331,11574,294,7,100,False,0,car,0 days 01:17:07.737000,0 days 02:12:44.345000
2024-05-19 14:20:24.691,11694,296,7,100,False,0,car,0 days 01:17:08.097000,0 days 02:12:44.705000
2024-05-19 14:20:25.051,11511,297,7,100,False,0,car,0 days 01:17:08.457000,0 days 02:12:45.065000
2024-05-19 14:20:25.291,11384,296,7,34,False,0,car,0 days 01:17:08.697000,0 days 02:12:45.305000
2024-05-19 14:20:25.571,11090,284,7,0,True,0,car,0 days 01:17:08.977000,0 days 02:12:45.585000
2024-05-19 14:20:25.931,9333,234,7,0,True,0,car,0 days 01:17:09.337000,0 days 02:12:45.945000
2024-05-19 14:20:26.211,10063,198,7,0,True,0,car,0 days 01:17:09.617000,0 days 02:12:46.225000
2024-05-19 14:20:26.371,10901,189,7,0,True,0,car,0 days 01:17:09.777000,0 days 02:12:46.385000
2024-05-19 14:20:26.611,10446,161,7,0,True,0,car,0 days 01:17:10.017000,0 days 02:12:46.625000
2024-05-19 14:20:26.811,10742,147,6,0,True,0,car,0 days 01:17:10.217000,0 days 02:12:46.825000
2024-05-19 14:20:27.011,9538,136,4,0,True,0,car,0 days 01:17:10.417000,0 days 02:12:47.025000
2024-05-19 14:20:27.291,8865,128,3,0,True,0,car,0 days 01:17:10.697000,0 days 02:12:47.305000
2024-05-19 14:20:27.451,8865,125,3,0,True,0,car,0 days 01:17:10.857000,0 days 02:12:47.465000
2024-05-19 14:20:27.611,8585,120,3,0,True,0,car,0 days 01:17:11.017000,0 days 02:12:47.625000
2024-05-19 14:20:27.971,7985,116,3,3,False,0,car,0 days 01:17:11.377000,0 days 02:12:47.985000
2024-05-19 14:20:28.171,8267,114,3,23,False,0,car,0 days 01:17:11.577000,0 days 02:12:48.185000
2024-05-19 14:20:28.531,8674,116,3,47,False,0,car,0 days 01:17:11.937000,0 days 02:12:48.545000
2024-05-19 14:20:28.691,8674,116,3,47,False,0,car,0 days 01:17:12.097000,0 days 02:12:48.705000
2024-05-19 14:20:28.971,9623,124,3,74,False,0,car,0 days 01:17:12.377000,0 days 02:12:48.985000
2024-05-19 14:20:29.171,10106,132,3,82,False,0,car,0 days 01:17:12.577000,0 days 02:12:49.185000
2024-05-19 14:20:29.610,9707,153,3,100,False,0,car,0 days 01:17:13.016000,0 days 02:12:49.624000
2024-05-19 14:20:29.810,10091,163,4,100,False,0,car,0 days 01:17:13.216000,0 days 02:12:49.824000
2024-05-19 14:20:30.090,9795,166,4,0,True,0,car,0 days 01:17:13.496000,0 days 02:12:50.104000
2024-05-19 14:20:30.451,8665,149,4,0,True,0,car,0 days 01:17:13.857000,0 days 02:12:50.465000
2024-05-19 14:20:30.811,8241,141,4,0,True,0,car,0 days 01:17:14.217000,0 days 02:12:50.825000
2024-05-19 14:20:31.051,8094,137,4,4,True,0,car,0 days 01:17:14.457000,0 days 02:12:51.065000
2024-05-19 14:20:31.251,8161,134,4,29,False,0,car,0 days 01:17:14.657000,0 days 02:12:51.265000
2024-05-19 14:20:31.491,8654,137,4,53,False,0,car,0 days 01:17:14.897000,0 days 02:12:51.505000
2024-05-19 14:20:31.691,8784,140,4,58,False,0,car,0 days 01:17:15.097000,0 days 02:12:51.705000
2024-05-19 14:20:31.851,9021,142,4,58,False,0,car,0 days 01:17:15.257000,0 days 02:12:51.865000
2024-05-19 14:20:32.011,9179,147,4,68,False,0,car,0 days 01:17:15.417000,0 days 02:12:52.025000
2024-05-19 14:20:32.251,9731,153,4,84,False,0,car,0 days 01:17:15.657000,0 days 02:12:52.265000
2024-05-19 14:20:32.451,10129,159,4,93,False,0,car,0 days 01:17:15.857000,0 days 02:12:52.465000
2024-05-19 14:20:32.731,10840,172,4,100,False,0,car,0 days 01:17:16.137000,0 days 02:12:52.745000
2024-05-19 14:20:33.251,11629,191,4,100,False,0,car,0 days 01:17:16.657000,0 days 02:12:53.265000
2024-05-19 14:20:33.451,10277,199,4,100,False,0,car,0 days 01:17:16.857000,0 days 02:12:53.465000
2024-05-19 14:20:33.651,10621,205,5,100,False,0,car,0 days 01:17:17.057000,0 days 02:12:53.665000
2024-05-19 14:20:33.931,11070,215,5,100,False,0,car,0 days 01:17:17.337000,0 days 02:12:53.945000
2024-05-19 14:20:34.131,11362,217,5,100,False,0,car,0 days 01:17:17.537000,0 days 02:12:54.145000
2024-05-19 14:20:34.371,11466,226,5,100,False,0,car,0 days 01:17:17.777000,0 days 02:12:54.385000
2024-05-19 14:20:34.851,10587,238,6,100,False,0,car,0 days 01:17:18.257000,0 days 02:12:54.865000
2024-05-19 14:20:35.131,11113,242,6,100,False,0,car,0 days 01:17:18.537000,0 days 02:12:55.145000
2024-05-19 14:20:35.331,11126,248,6,100,False,0,car,0 days 01:17:18.737000,0 days 02:12:55.345000
2024-05-19 14:20:35.611,11375,254,6,100,False,0,car,0 days 01:17:19.017000,0 days 02:12:55.625000
2024-05-19 14:20:35.771,11512,255,6,100,False,0,car,0 days 01:17:19.177000,0 days 02:12:55.785000
2024-05-19 14:20:35.971,11450,259,6,100,False,0,car,0 days 01:17:19.377000,0 days 02:12:55.985000
2024-05-19 14:20:36.290,10580,263,7,100,False,0,car,0 days 01:17:19.696000,0 days 02:12:56.304000
2024-05-19 14:20:36.450,10610,266,7,100,False,0,car,0 days 01:17:19.856000,0 days 02:12:56.464000
2024-05-19 14:20:36.650,10730,269,7,100,False,0,car,0 days 01:17:20.056000,0 days 02:12:56.664000
2024-05-19 14:20:36.890,10838,272,7,100,False,0,car,0 days 01:17:20.296000,0 days 02:12:56.904000
2024-05-19 14:20:37.091,10953,274,7,100,False,0,car,0 days 01:17:20.497000,0 days 02:12:57.105000
2024-05-19 14:20:37.331,11051,278,7,100,False,0,car,0 days 01:17:20.737000,0 days 02:12:57.345000
2024-05-19 14:20:37.771,11275,281,7,100,False,0,car,0 days 01:17:21.177000,0 days 02:12:57.785000
2024-05-19 14:20:37.971,11278,284,7,100,False,0,car,0 days 01:17:21.377000,0 days 02:12:57.985000
2024-05-19 14:20:38.131,11320,285,7,100,False,0,car,0 days 01:17:21.537000,0 days 02:12:58.145000
2024-05-19 14:20:38.451,11390,288,7,100,False,0,car,0 days 01:17:21.857000,0 days 02:12:58.465000
2024-05-19 14:20:38.731,11505,292,7,100,False,0,car,0 days 01:17:22.137000,0 days 02:12:58.745000
2024-05-19 14:20:38.891,11497,293,7,100,False,0,car,0 days 01:17:22.297000,0 days 02:12:58.905000
2024-05-19 14:20:39.091,10657,293,7,100,False,0,car,0 days 01:17:22.497000,0 days 02:12:59.105000
2024-05-19 14:20:39.411,10529,297,8,100,False,0,car,0 days 01:17:22.817000,0 days 02:12:59.425000
2024-05-19 14:20:39.771,10645,298,8,100,False,0,car,0 days 01:17:23.177000,0 days 02:12:59.785000
2024-05-19 14:20:40.091,10744,301,8,100,False,0,car,0 days 01:17:23.497000,0 days 02:13:00.105000
2024-05-19 14:20:40.291,10807,302,8,100,False,0,car,0 days 01:17:23.697000,0 days 02:13:00.305000
2024-05-19 14:20:40.571,10804,304,8,100,False,0,car,0 days 01:17:23.977000,0 days 02:13:00.585000
2024-05-19 14:20:40.851,10822,305,8,100,False,0,car,0 days 01:17:24.257000,0 days 02:13:00.865000
2024-05-19 14:20:41.051,10859,305,8,100,False,0,car,0 days 01:17:24.457000,0 days 02:13:01.065000
2024-05-19 14:20:41.291,10888,306,8,100,False,0,car,0 days 01:17:24.697000,0 days 02:13:01.305000
2024-05-19 14:20:41.451,10940,308,8,100,False,0,car,0 days 01:17:24.857000,0 days 02:13:01.465000
2024-05-19 14:20:42.731,11022,311,8,100,False,0,car,0 days 01:17:26.137000,0 days 02:13:02.745000
2024-05-19 14:20:42.931,11038,311,8,100,False,0,car,0 days 01:17:26.337000,0 days 02:13:02.945000
2024-05-19 14:20:43.130,11101,312,8,100,False,0,car,0 days 01:17:26.536000,0 days 02:13:03.144000
2024-05-19 14:20:43.570,11060,312,8,100,False,0,car,0 days 01:17:26.976000,0 days 02:13:03.584000
2024-05-19 14:20:43.731,11060,313,8,100,False,0,car,0 days 01:17:27.137000,0 days 02:13:03.745000
2024-05-19 14:20:43.891,11055,314,8,100,False,0,car,0 days 01:17:27.297000,0 days 02:13:03.905000
2024-05-19 14:20:44.051,11124,315,8,100,False,0,car,0 days 01:17:27.457000,0 days 02:13:04.065000
2024-05-19 14:20:44.371,11142,315,8,100,False,0,car,0 days 01:17:27.777000,0 days 02:13:04.385000
2024-05-19 14:20:44.531,11175,315,8,100,False,0,car,0 days 01:17:27.937000,0 days 02:13:04.545000
2024-05-19 14:20:44.731,11134,315,8,100,False,0,car,0 days 01:17:28.137000,0 days 02:13:04.745000
2024-05-19 14:20:44.891,11190,315,8,100,False,0,car,0 days 01:17:28.297000,0 days 02:13:04.905000
2024-05-19 14:20:45.091,11167,315,8,100,False,0,car,0 days 01:17:28.497000,0 days 02:13:05.105000
2024-05-19 14:20:45.451,11165,316,8,100,False,0,car,0 days 01:17:28.857000,0 days 02:13:05.465000
2024-05-19 14:20:45.651,11213,316,8,100,False,0,car,0 days 01:17:29.057000,0 days 02:13:05.665000
2024-05-19 14:20:46.051,11210,316,8,100,False,0,car,0 days 01:17:29.457000,0 days 02:13:06.065000
2024-05-19 14:20:46.331,11262,317,8,100,False,0,car,0 days 01:17:29.737000,0 days 02:13:06.345000
2024-05-19 14:20:46.571,11213,316,8,100,False,0,car,0 days 01:17:29.977000,0 days 02:13:06.585000
2024-05-19 14:20:46.731,11246,317,8,100,False,0,car,0 days 01:17:30.137000,0 days 02:13:06.745000
2024-05-19 14:20:46.971,11282,317,8,100,False,0,car,0 days 01:17:30.377000,0 days 02:13:06.985000
2024-05-19 14:20:47.331,10896,310,8,21,True,0,car,0 days 01:17:30.737000,0 days 02:13:07.345000
2024-05-19 14:20:47.531,10049,286,8,0,True,0,car,0 days 01:17:30.937000,0 days 02:13:07.545000
2024-05-19 14:20:47.851,9996,242,8,0,True,0,car,0 days 01:17:31.257000,0 days 02:13:07.865000
2024-05-19 14:20:48.091,11010,220,8,0,True,0,car,0 days 01:17:31.497000,0 days 02:13:08.105000
2024-05-19 14:20:48.331,10747,190,7,0,True,0,car,0 days 01:17:31.737000,0 days 02:13:08.345000
2024-05-19 14:20:48.691,10046,169,4,0,True,0,car,0 days 01:17:32.097000,0 days 02:13:08.705000
2024-05-19 14:20:48.971,9329,156,4,0,True,0,car,0 days 01:17:32.377000,0 days 02:13:08.985000
2024-05-19 14:20:49.331,8785,151,4,3,False,0,car,0 days 01:17:32.737000,0 days 02:13:09.345000
2024-05-19 14:20:49.651,9154,146,4,48,False,0,car,0 days 01:17:33.057000,0 days 02:13:09.665000
2024-05-19 14:20:49.890,9439,149,4,61,False,0,car,0 days 01:17:33.296000,0 days 02:13:09.904000
2024-05-19 14:20:50.170,9584,157,4,74,False,0,car,0 days 01:17:33.576000,0 days 02:13:10.184000
2024-05-19 14:20:50.331,8464,165,4,87,False,0,car,0 days 01:17:33.737000,0 days 02:13:10.345000
2024-05-19 14:20:50.491,8570,166,5,45,False,0,car,0 days 01:17:33.897000,0 days 02:13:10.505000
2024-05-19 14:20:50.691,8642,164,5,50,False,0,car,0 days 01:17:34.097000,0 days 02:13:10.705000
2024-05-19 14:20:51.011,9150,170,5,63,False,0,car,0 days 01:17:34.417000,0 days 02:13:11.025000
2024-05-19 14:20:51.331,9406,177,5,89,False,0,car,0 days 01:17:34.737000,0 days 02:13:11.345000
2024-05-19 14:20:51.531,9700,183,5,100,False,0,car,0 days 01:17:34.937000,0 days 02:13:11.545000
2024-05-19 14:20:51.891,10282,193,5,100,False,0,car,0 days 01:17:35.297000,0 days 02:13:11.905000
2024-05-19 14:20:52.131,10543,204,5,100,False,0,car,0 days 01:17:35.537000,0 days 02:13:12.145000
2024-05-19 14:20:52.491,11061,214,5,100,False,0,car,0 days 01:17:35.897000,0 days 02:13:12.505000
2024-05-19 14:20:52.691,11326,219,5,100,False,0,car,0 days 01:17:36.097000,0 days 02:13:12.705000
2024-05-19 14:20:52.931,11070,225,5,100,False,0,car,0 days 01:17:36.337000,0 days 02:13:12.945000
2024-05-19 14:20:53.291,10610,230,6,100,False,0,car,0 days 01:17:36.697000,0 days 02:13:13.305000
2024-05-19 14:20:53.731,10923,240,6,100,False,0,car,0 days 01:17:37.137000,0 days 02:13:13.745000
2024-05-19 14:20:54.091,11144,245,6,100,False,0,car,0 days 01:17:37.497000,0 days 02:13:14.105000
2024-05-19 14:20:54.251,11242,249,6,100,False,0,car,0 days 01:17:37.657000,0 days 02:13:14.265000
2024-05-19 14:20:54.491,11398,253,6,100,False,0,car,0 days 01:17:37.897000,0 days 02:13:14.505000
2024-05-19 14:20:54.651,11489,257,6,100,False,0,car,0 days 01:17:38.057000,0 days 02:13:14.665000
2024-05-19 14:20:54.971,11640,261,6,100,False,0,car,0 days 01:17:38.377000,0 days 02:13:14.985000
2024-05-19 14:20:55.331,10590,267,7,100,False,0,car,0 days 01:17:38.737000,0 days 02:13:15.345000
2024-05-19 14:20:55.651,10733,271,7,100,False,0,car,0 days 01:17:39.057000,0 days 02:13:15.665000
2024-05-19 14:20:55.891,10853,272,7,100,False,0,car,0 days 01:17:39.297000,0 days 02:13:15.905000
2024-05-19 14:20:56.051,10841,273,7,100,False,0,car,0 days 01:17:39.457000,0 days 02:13:16.065000
2024-05-19 14:20:56.331,10890,275,7,100,False,0,car,0 days 01:17:39.737000,0 days 02:13:16.345000
2024-05-19 14:20:56.530,10954,276,7,100,False,0,car,0 days 01:17:39.936000,0 days 02:13:16.544000
2024-05-19 14:20:56.811,11006,278,7,100,False,0,car,0 days 01:17:40.217000,0 days 02:13:16.825000
2024-05-19 14:20:57.171,11021,278,7,100,False,0,car,0 days 01:17:40.577000,0 days 02:13:17.185000
2024-05-19 14:20:57.411,11026,278,7,100,False,0,car,0 days 01:17:40.817000,0 days 02:13:17.425000
2024-05-19 14:20:57.571,11011,278,7,100,False,0,car,0 days 01:17:40.977000,0 days 02:13:17.585000
2024-05-19 14:20:57.731,10965,278,7,100,False,0,car,0 days 01:17:41.137000,0 days 02:13:17.745000
2024-05-19 14:20:58.051,10931,278,7,100,False,0,car,0 days 01:17:41.457000,0 days 02:13:18.065000
2024-05-19 14:20:58.451,10120,265,7,0,True,0,car,0 days 01:17:41.857000,0 days 02:13:18.465000
2024-05-19 14:20:58.771,10533,246,7,0,True,0,car,0 days 01:17:42.177000,0 days 02:13:18.785000
2024-05-19 14:20:58.971,10292,236,6,1,True,0,car,0 days 01:17:42.377000,0 days 02:13:18.985000
2024-05-19 14:20:59.211,10292,228,6,1,True,0,car,0 days 01:17:42.617000,0 days 02:13:19.225000
2024-05-19 14:20:59.371,9732,222,6,2,True,0,car,0 days 01:17:42.777000,0 days 02:13:19.385000
2024-05-19 14:20:59.691,10048,213,6,0,True,0,car,0 days 01:17:43.097000,0 days 02:13:19.705000
2024-05-19 14:21:00.091,8731,179,5,0,True,0,car,0 days 01:17:43.497000,0 days 02:13:20.105000
2024-05-19 14:21:00.451,8501,170,5,3,True,0,car,0 days 01:17:43.857000,0 days 02:13:20.465000
2024-05-19 14:21:00.811,8366,161,5,26,False,0,car,0 days 01:17:44.217000,0 days 02:13:20.825000
2024-05-19 14:21:01.091,8671,163,5,60,False,0,car,0 days 01:17:44.497000,0 days 02:13:21.105000
2024-05-19 14:21:01.451,9189,170,5,82,False,0,car,0 days 01:17:44.857000,0 days 02:13:21.465000
2024-05-19 14:21:01.771,9617,179,5,87,False,0,car,0 days 01:17:45.177000,0 days 02:13:21.785000
2024-05-19 14:21:02.051,9895,189,5,100,False,0,car,0 days 01:17:45.457000,0 days 02:13:22.065000
2024-05-19 14:21:02.291,10374,195,5,100,False,0,car,0 days 01:17:45.697000,0 days 02:13:22.305000
2024-05-19 14:21:02.571,10590,203,5,100,False,0,car,0 days 01:17:45.977000,0 days 02:13:22.585000
2024-05-19 14:21:02.851,10898,212,5,100,False,0,car,0 days 01:17:46.257000,0 days 02:13:22.865000
2024-05-19 14:21:03.170,11205,216,5,100,False,0,car,0 days 01:17:46.576000,0 days 02:13:23.184000
2024-05-19 14:21:03.611,11457,224,5,100,False,0,car,0 days 01:17:47.017000,0 days 02:13:23.625000
2024-05-19 14:21:04.011,11562,228,5,100,False,0,car,0 days 01:17:47.417000,0 days 02:13:24.025000
2024-05-19 14:21:04.331,10983,215,5,0,True,0,car,0 days 01:17:47.737000,0 days 02:13:24.345000
2024-05-19 14:21:04.611,10781,185,5,0,True,0,car,0 days 01:17:48.017000,0 days 02:13:24.625000
2024-05-19 14:21:04.891,11520,166,5,0,True,0,car,0 days 01:17:48.297000,0 days 02:13:24.905000
2024-05-19 14:21:05.051,11120,152,4,0,True,0,car,0 days 01:17:48.457000,0 days 02:13:25.065000
2024-05-19 14:21:05.251,9941,141,3,0,True,0,car,0 days 01:17:48.657000,0 days 02:13:25.265000
2024-05-19 14:21:05.571,8882,127,3,0,True,0,car,0 days 01:17:48.977000,0 days 02:13:25.585000
2024-05-19 14:21:05.771,8606,121,3,0,True,0,car,0 days 01:17:49.177000,0 days 02:13:25.785000
2024-05-19 14:21:06.091,7758,113,3,0,True,0,car,0 days 01:17:49.497000,0 days 02:13:26.105000
2024-05-19 14:21:06.411,7342,106,3,0,False,0,car,0 days 01:17:49.817000,0 days 02:13:26.425000
2024-05-19 14:21:06.571,7269,104,3,0,False,0,car,0 days 01:17:49.977000,0 days 02:13:26.585000
2024-05-19 14:21:06.891,6794,97,3,0,False,0,car,0 days 01:17:50.297000,0 days 02:13:26.905000
2024-05-19 14:21:07.051,6745,95,3,0,False,0,car,0 days 01:17:50.457000,0 days 02:13:27.065000
2024-05-19 14:21:07.251,7015,93,3,14,False,0,car,0 days 01:17:50.657000,0 days 02:13:27.265000
2024-05-19 14:21:07.411,7209,95,3,25,False,0,car,0 days 01:17:50.817000,0 days 02:13:27.425000
2024-05-19 14:21:07.691,7465,98,3,31,False,0,car,0 days 01:17:51.097000,0 days 02:13:27.705000
2024-05-19 14:21:07.851,7652,100,3,29,False,0,car,0 days 01:17:51.257000,0 days 02:13:27.865000
2024-05-19 14:21:08.131,8045,104,3,39,False,0,car,0 days 01:17:51.537000,0 days 02:13:28.145000
2024-05-19 14:21:08.371,8638,108,3,48,False,0,car,0 days 01:17:51.777000,0 days 02:13:28.385000
2024-05-19 14:21:08.731,9372,115,3,59,False,0,car,0 days 01:17:52.137000,0 days 02:13:28.745000
2024-05-19 14:21:09.171,10271,131,3,92,False,0,car,0 days 01:17:52.577000,0 days 02:13:29.185000
2024-05-19 14:21:09.331,10827,135,3,94,False,0,car,0 days 01:17:52.737000,0 days 02:13:29.345000
2024-05-19 14:21:09.651,11666,155,3,100,False,0,car,0 days 01:17:53.057000,0 days 02:13:29.665000
2024-05-19 14:21:10.011,11666,173,4,100,False,0,car,0 days 01:17:53.417000,0 days 02:13:30.025000
2024-05-19 14:21:10.411,11480,186,4,100,False,0,car,0 days 01:17:53.817000,0 days 02:13:30.425000
2024-05-19 14:21:10.691,11774,196,4,100,False,0,car,0 days 01:17:54.097000,0 days 02:13:30.705000
2024-05-19 14:21:11.051,10778,209,5,100,False,0,car,0 days 01:17:54.457000,0 days 02:13:31.065000
2024-05-19 14:21:11.251,11047,215,5,100,False,0,car,0 days 01:17:54.657000,0 days 02:13:31.265000
2024-05-19 14:21:11.451,11233,221,5,100,False,0,car,0 days 01:17:54.857000,0 days 02:13:31.465000
2024-05-19 14:21:11.611,11629,226,5,100,False,0,car,0 days 01:17:55.017000,0 days 02:13:31.625000
2024-05-19 14:21:12.051,10515,235,5,100,False,0,car,0 days 01:17:55.457000,0 days 02:13:32.065000
2024-05-19 14:21:12.371,10745,241,6,100,False,0,car,0 days 01:17:55.777000,0 days 02:13:32.385000
2024-05-19 14:21:12.531,10977,245,6,100,False,0,car,0 days 01:17:55.937000,0 days 02:13:32.545000
2024-05-19 14:21:12.811,11236,251,6,100,False,0,car,0 days 01:17:56.217000,0 days 02:13:32.825000
2024-05-19 14:21:13.091,11426,252,6,100,False,0,car,0 days 01:17:56.497000,0 days 02:13:33.105000
2024-05-19 14:21:13.291,11528,255,6,100,False,0,car,0 days 01:17:56.697000,0 days 02:13:33.305000
2024-05-19 14:21:13.491,11621,260,6,100,False,0,car,0 days 01:17:56.897000,0 days 02:13:33.505000
2024-05-19 14:21:13.691,10781,262,6,100,False,0,car,0 days 01:17:57.097000,0 days 02:13:33.705000
2024-05-19 14:21:13.891,10524,263,7,100,False,0,car,0 days 01:17:57.297000,0 days 02:13:33.905000
2024-05-19 14:21:14.131,10527,265,7,100,False,0,car,0 days 01:17:57.537000,0 days 02:13:34.145000
2024-05-19 14:21:14.451,10596,267,7,100,False,0,car,0 days 01:17:57.857000,0 days 02:13:34.465000
2024-05-19 14:21:14.691,10680,268,7,100,False,0,car,0 days 01:17:58.097000,0 days 02:13:34.705000
2024-05-19 14:21:14.891,10612,268,7,100,False,0,car,0 days 01:17:58.297000,0 days 02:13:34.905000
2024-05-19 14:21:15.091,10704,269,7,100,False,0,car,0 days 01:17:58.497000,0 days 02:13:35.105000
2024-05-19 14:21:15.331,10679,269,7,100,False,0,car,0 days 01:17:58.737000,0 days 02:13:35.345000
2024-05-19 14:21:15.691,10703,270,7,100,False,0,car,0 days 01:17:59.097000,0 days 02:13:35.705000
2024-05-19 14:21:15.851,10719,270,7,100,False,0,car,0 days 01:17:59.257000,0 days 02:13:35.865000
2024-05-19 14:21:16.131,10665,271,7,100,False,0,car,0 days 01:17:59.537000,0 days 02:13:36.145000
2024-05-19 14:21:16.331,10511,270,7,74,False,0,car,0 days 01:17:59.737000,0 days 02:13:36.345000
2024-05-19 14:21:16.571,10198,266,7,0,True,0,car,0 days 01:17:59.977000,0 days 02:13:36.585000
2024-05-19 14:21:16.851,10098,232,7,0,True,0,car,0 days 01:18:00.257000,0 days 02:13:36.865000
2024-05-19 14:21:17.011,11003,218,7,0,True,0,car,0 days 01:18:00.417000,0 days 02:13:37.025000
2024-05-19 14:21:17.291,10436,210,5,3,True,0,car,0 days 01:18:00.697000,0 days 02:13:37.305000
2024-05-19 14:21:17.451,10048,206,5,6,True,0,car,0 days 01:18:00.857000,0 days 02:13:37.465000
2024-05-19 14:21:17.731,10157,201,5,31,False,0,car,0 days 01:18:01.137000,0 days 02:13:37.745000
2024-05-19 14:21:17.891,10298,196,5,69,False,0,car,0 days 01:18:01.297000,0 days 02:13:37.905000
2024-05-19 14:21:18.171,10346,201,5,86,False,0,car,0 days 01:18:01.577000,0 days 02:13:38.185000
2024-05-19 14:21:18.411,10714,206,5,87,False,0,car,0 days 01:18:01.817000,0 days 02:13:38.425000
2024-05-19 14:21:18.731,11230,212,5,100,False,0,car,0 days 01:18:02.137000,0 days 02:13:38.745000
2024-05-19 14:21:18.891,11393,219,5,100,False,0,car,0 days 01:18:02.297000,0 days 02:13:38.905000
2024-05-19 14:21:19.091,11613,219,5,100,False,0,car,0 days 01:18:02.497000,0 days 02:13:39.105000
2024-05-19 14:21:19.451,10366,232,5,100,False,0,car,0 days 01:18:02.857000,0 days 02:13:39.465000
2024-05-19 14:21:19.611,10668,235,6,100,False,0,car,0 days 01:18:03.017000,0 days 02:13:39.625000
2024-05-19 14:21:19.811,10870,240,6,100,False,0,car,0 days 01:18:03.217000,0 days 02:13:39.825000
2024-05-19 14:21:20.291,11311,249,6,100,False,0,car,0 days 01:18:03.697000,0 days 02:13:40.305000
2024-05-19 14:21:20.491,11394,252,6,100,False,0,car,0 days 01:18:03.897000,0 days 02:13:40.505000
2024-05-19 14:21:20.811,11518,259,6,100,False,0,car,0 days 01:18:04.217000,0 days 02:13:40.825000
2024-05-19 14:21:21.091,10678,261,6,100,False,0,car,0 days 01:18:04.497000,0 days 02:13:41.105000
2024-05-19 14:21:21.251,10480,263,7,100,False,0,car,0 days 01:18:04.657000,0 days 02:13:41.265000
2024-05-19 14:21:21.451,10529,265,7,100,False,0,car,0 days 01:18:04.857000,0 days 02:13:41.465000
2024-05-19 14:21:21.611,10583,266,7,100,False,0,car,0 days 01:18:05.017000,0 days 02:13:41.625000
2024-05-19 14:21:21.891,10709,269,7,100,False,0,car,0 days 01:18:05.297000,0 days 02:13:41.905000
2024-05-19 14:21:22.131,10752,271,7,100,False,0,car,0 days 01:18:05.537000,0 days 02:13:42.145000
2024-05-19 14:21:22.291,10763,272,7,100,False,0,car,0 days 01:18:05.697000,0 days 02:13:42.305000
2024-05-19 14:21:22.531,10760,272,7,100,False,0,car,0 days 01:18:05.937000,0 days 02:13:42.545000
2024-05-19 14:21:22.691,10880,272,7,100,False,0,car,0 days 01:18:06.097000,0 days 02:13:42.705000
2024-05-19 14:21:23.691,10073,266,7,0,True,0,car,0 days 01:18:07.097000,0 days 02:13:43.705000
2024-05-19 14:21:24.091,10679,230,7,0,True,0,car,0 days 01:18:07.497000,0 days 02:13:44.105000
2024-05-19 14:21:24.411,10317,190,6,0,True,0,car,0 days 01:18:07.817000,0 days 02:13:44.425000
2024-05-19 14:21:24.571,10843,183,5,0,True,0,car,0 days 01:18:07.977000,0 days 02:13:44.585000
2024-05-19 14:21:24.731,9748,169,4,0,True,0,car,0 days 01:18:08.137000,0 days 02:13:44.745000
2024-05-19 14:21:24.891,9280,160,4,0,True,0,car,0 days 01:18:08.297000,0 days 02:13:44.905000
2024-05-19 14:21:25.131,8439,150,4,0,True,0,car,0 days 01:18:08.537000,0 days 02:13:45.145000
2024-05-19 14:21:25.331,8083,135,4,0,True,0,car,0 days 01:18:08.737000,0 days 02:13:45.345000
2024-05-19 14:21:25.491,7625,133,4,0,True,0,car,0 days 01:18:08.897000,0 days 02:13:45.505000
2024-05-19 14:21:25.691,7426,128,4,0,True,0,car,0 days 01:18:09.097000,0 days 02:13:45.705000
2024-05-19 14:21:26.011,7224,119,4,11,False,0,car,0 days 01:18:09.417000,0 days 02:13:46.025000
2024-05-19 14:21:26.171,7224,118,4,18,False,0,car,0 days 01:18:09.577000,0 days 02:13:46.185000
2024-05-19 14:21:26.371,7549,120,4,41,False,0,car,0 days 01:18:09.777000,0 days 02:13:46.385000
2024-05-19 14:21:26.651,7886,124,4,61,False,0,car,0 days 01:18:10.057000,0 days 02:13:46.665000
2024-05-19 14:21:26.851,8446,132,4,72,False,0,car,0 days 01:18:10.257000,0 days 02:13:46.865000
2024-05-19 14:21:27.011,9032,142,4,100,False,0,car,0 days 01:18:10.417000,0 days 02:13:47.025000
2024-05-19 14:21:27.331,9742,153,4,100,False,0,car,0 days 01:18:10.737000,0 days 02:13:47.345000
2024-05-19 14:21:27.691,10729,165,4,100,False,0,car,0 days 01:18:11.097000,0 days 02:13:47.705000
2024-05-19 14:21:28.051,11169,180,4,100,False,0,car,0 days 01:18:11.457000,0 days 02:13:48.065000
2024-05-19 14:21:28.251,11629,187,4,100,False,0,car,0 days 01:18:11.657000,0 days 02:13:48.265000
2024-05-19 14:21:28.531,11224,197,4,100,False,0,car,0 days 01:18:11.937000,0 days 02:13:48.545000
2024-05-19 14:21:28.931,10924,210,5,100,False,0,car,0 days 01:18:12.337000,0 days 02:13:48.945000
2024-05-19 14:21:29.411,11473,224,5,100,False,0,car,0 days 01:18:12.817000,0 days 02:13:49.425000
2024-05-19 14:21:29.652,11006,229,5,100,False,0,car,0 days 01:18:13.058000,0 days 02:13:49.666000
2024-05-19 14:21:29.892,10637,229,6,100,False,0,car,0 days 01:18:13.298000,0 days 02:13:49.906000
2024-05-19 14:21:30.251,10819,241,6,100,False,0,car,0 days 01:18:13.657000,0 days 02:13:50.265000
2024-05-19 14:21:30.411,10918,243,6,100,False,0,car,0 days 01:18:13.817000,0 days 02:13:50.425000
2024-05-19 14:21:30.691,11068,246,6,100,False,0,car,0 days 01:18:14.097000,0 days 02:13:50.705000
2024-05-19 14:21:30.971,11109,248,6,100,False,0,car,0 days 01:18:14.377000,0 days 02:13:50.985000
2024-05-19 14:21:31.131,11210,252,6,100,False,0,car,0 days 01:18:14.537000,0 days 02:13:51.145000
2024-05-19 14:21:31.331,11322,253,6,100,False,0,car,0 days 01:18:14.737000,0 days 02:13:51.345000
2024-05-19 14:21:31.611,11326,255,6,100,False,0,car,0 days 01:18:15.017000,0 days 02:13:51.625000
2024-05-19 14:21:32.091,11431,257,6,100,False,0,car,0 days 01:18:15.497000,0 days 02:13:52.105000
2024-05-19 14:21:32.491,11515,257,6,100,False,0,car,0 days 01:18:15.897000,0 days 02:13:52.505000
2024-05-19 14:21:32.651,11465,258,6,100,False,0,car,0 days 01:18:16.057000,0 days 02:13:52.665000
2024-05-19 14:21:32.811,11430,257,6,62,True,0,car,0 days 01:18:16.217000,0 days 02:13:52.825000
2024-05-19 14:21:33.091,10590,240,6,0,True,0,car,0 days 01:18:16.497000,0 days 02:13:53.105000
2024-05-19 14:21:33.291,10140,218,6,0,True,0,car,0 days 01:18:16.697000,0 days 02:13:53.305000
2024-05-19 14:21:33.491,9817,197,6,0,True,0,car,0 days 01:18:16.897000,0 days 02:13:53.505000
2024-05-19 14:21:33.651,10188,188,6,0,True,0,car,0 days 01:18:17.057000,0 days 02:13:53.665000
2024-05-19 14:21:33.851,9628,170,5,0,True,0,car,0 days 01:18:17.257000,0 days 02:13:53.865000
2024-05-19 14:21:34.091,8631,150,4,0,True,0,car,0 days 01:18:17.497000,0 days 02:13:54.105000
2024-05-19 14:21:34.491,7237,133,4,0,True,0,car,0 days 01:18:17.897000,0 days 02:13:54.505000
2024-05-19 14:21:34.731,6983,120,4,0,False,0,car,0 days 01:18:18.137000,0 days 02:13:54.745000
2024-05-19 14:21:34.891,6861,119,4,0,False,0,car,0 days 01:18:18.297000,0 days 02:13:54.905000
2024-05-19 14:21:35.171,6748,102,4,0,True,0,car,0 days 01:18:18.577000,0 days 02:13:55.185000
2024-05-19 14:21:35.491,7575,110,3,0,True,0,car,0 days 01:18:18.897000,0 days 02:13:55.505000
2024-05-19 14:21:35.691,7127,106,3,0,True,0,car,0 days 01:18:19.097000,0 days 02:13:55.705000
2024-05-19 14:21:35.891,7073,99,3,0,False,0,car,0 days 01:18:19.297000,0 days 02:13:55.905000
2024-05-19 14:21:36.051,7135,98,3,3,False,0,car,0 days 01:18:19.457000,0 days 02:13:56.065000
2024-05-19 14:21:36.332,7437,99,3,20,False,0,car,0 days 01:18:19.738000,0 days 02:13:56.346000
2024-05-19 14:21:37.171,8870,113,3,63,False,0,car,0 days 01:18:20.577000,0 days 02:13:57.185000
2024-05-19 14:21:37.411,10040,129,3,87,False,0,car,0 days 01:18:20.817000,0 days 02:13:57.425000
2024-05-19 14:21:37.691,10723,138,3,98,False,0,car,0 days 01:18:21.097000,0 days 02:13:57.705000
2024-05-19 14:21:37.971,11766,155,3,100,False,0,car,0 days 01:18:21.377000,0 days 02:13:57.985000
2024-05-19 14:21:38.211,10494,168,4,100,False,0,car,0 days 01:18:21.617000,0 days 02:13:58.225000
2024-05-19 14:21:38.451,11041,173,4,100,False,0,car,0 days 01:18:21.857000,0 days 02:13:58.465000
2024-05-19 14:21:38.691,11614,186,4,100,False,0,car,0 days 01:18:22.097000,0 days 02:13:58.705000
2024-05-19 14:21:38.971,11068,194,4,100,False,0,car,0 days 01:18:22.377000,0 days 02:13:58.985000
2024-05-19 14:21:39.251,10684,207,5,100,False,0,car,0 days 01:18:22.657000,0 days 02:13:59.265000
2024-05-19 14:21:39.491,11193,214,5,100,False,0,car,0 days 01:18:22.897000,0 days 02:13:59.505000
2024-05-19 14:21:39.731,11474,222,5,100,False,0,car,0 days 01:18:23.137000,0 days 02:13:59.745000
2024-05-19 14:21:39.931,11721,228,5,100,False,0,car,0 days 01:18:23.337000,0 days 02:13:59.945000
2024-05-19 14:21:40.331,10800,238,6,100,False,0,car,0 days 01:18:23.737000,0 days 02:14:00.345000
2024-05-19 14:21:40.731,11093,247,6,100,False,0,car,0 days 01:18:24.137000,0 days 02:14:00.745000
2024-05-19 14:21:40.891,11253,249,6,100,False,0,car,0 days 01:18:24.297000,0 days 02:14:00.905000
2024-05-19 14:21:41.131,11408,254,6,100,False,0,car,0 days 01:18:24.537000,0 days 02:14:01.145000
2024-05-19 14:21:41.291,11548,256,6,100,False,0,car,0 days 01:18:24.697000,0 days 02:14:01.305000
2024-05-19 14:21:41.531,11135,260,6,100,False,0,car,0 days 01:18:24.937000,0 days 02:14:01.545000
2024-05-19 14:21:41.691,10520,262,6,100,False,0,car,0 days 01:18:25.097000,0 days 02:14:01.705000
2024-05-19 14:21:41.851,10579,265,7,100,False,0,car,0 days 01:18:25.257000,0 days 02:14:01.865000
2024-05-19 14:21:42.211,10762,271,7,100,False,0,car,0 days 01:18:25.617000,0 days 02:14:02.225000
2024-05-19 14:21:42.411,10839,274,7,100,False,0,car,0 days 01:18:25.817000,0 days 02:14:02.425000
2024-05-19 14:21:42.852,11042,278,7,100,False,0,car,0 days 01:18:26.258000,0 days 02:14:02.866000
2024-05-19 14:21:43.012,11095,279,7,100,False,0,car,0 days 01:18:26.418000,0 days 02:14:03.026000
2024-05-19 14:21:43.411,11141,284,7,100,False,0,car,0 days 01:18:26.817000,0 days 02:14:03.425000
2024-05-19 14:21:43.771,11325,286,7,100,False,0,car,0 days 01:18:27.177000,0 days 02:14:03.785000
2024-05-19 14:21:44.131,11396,290,7,100,False,0,car,0 days 01:18:27.537000,0 days 02:14:04.145000
2024-05-19 14:21:44.371,11570,292,7,100,False,0,car,0 days 01:18:27.777000,0 days 02:14:04.385000
2024-05-19 14:21:44.651,11583,294,7,100,False,0,car,0 days 01:18:28.057000,0 days 02:14:04.665000
2024-05-19 14:21:44.811,11732,296,7,100,False,0,car,0 days 01:18:28.217000,0 days 02:14:04.825000
2024-05-19 14:21:45.051,11622,297,7,100,False,0,car,0 days 01:18:28.457000,0 days 02:14:05.065000
2024-05-19 14:21:45.251,11759,298,7,100,False,0,car,0 days 01:18:28.657000,0 days 02:14:05.265000
2024-05-19 14:21:45.611,11581,296,7,100,False,0,car,0 days 01:18:29.017000,0 days 02:14:05.625000
2024-05-19 14:21:45.811,11604,291,7,38,True,0,car,0 days 01:18:29.217000,0 days 02:14:05.825000
2024-05-19 14:21:46.051,10580,271,7,0,True,0,car,0 days 01:18:29.457000,0 days 02:14:06.065000
2024-05-19 14:21:46.251,9560,246,7,0,True,0,car,0 days 01:18:29.657000,0 days 02:14:06.265000
2024-05-19 14:21:46.411,9715,222,7,0,True,0,car,0 days 01:18:29.817000,0 days 02:14:06.425000
2024-05-19 14:21:46.691,10027,211,7,0,True,0,car,0 days 01:18:30.097000,0 days 02:14:06.705000
2024-05-19 14:21:46.851,10439,179,7,0,True,0,car,0 days 01:18:30.257000,0 days 02:14:06.865000
2024-05-19 14:21:47.131,10908,156,4,0,True,0,car,0 days 01:18:30.537000,0 days 02:14:07.145000
2024-05-19 14:21:47.411,10253,138,3,0,True,0,car,0 days 01:18:30.817000,0 days 02:14:07.425000
2024-05-19 14:21:47.571,9553,133,3,0,True,0,car,0 days 01:18:30.977000,0 days 02:14:07.585000
2024-05-19 14:21:47.971,8618,123,3,0,True,0,car,0 days 01:18:31.377000,0 days 02:14:07.985000
2024-05-19 14:21:48.131,8502,121,3,0,False,0,car,0 days 01:18:31.537000,0 days 02:14:08.145000
2024-05-19 14:21:48.331,8329,116,3,0,False,0,car,0 days 01:18:31.737000,0 days 02:14:08.345000
2024-05-19 14:21:48.571,8258,114,3,5,False,0,car,0 days 01:18:31.977000,0 days 02:14:08.585000
2024-05-19 14:21:48.971,8641,116,3,40,False,0,car,0 days 01:18:32.377000,0 days 02:14:08.985000
2024-05-19 14:21:49.131,8825,119,3,45,False,0,car,0 days 01:18:32.537000,0 days 02:14:09.145000
2024-05-19 14:21:49.331,9209,123,3,52,False,0,car,0 days 01:18:32.737000,0 days 02:14:09.345000
2024-05-19 14:21:49.532,9814,129,3,64,False,0,car,0 days 01:18:32.938000,0 days 02:14:09.546000
2024-05-19 14:21:49.772,10264,136,3,82,False,0,car,0 days 01:18:33.178000,0 days 02:14:09.786000
2024-05-19 14:21:50.171,10585,154,3,100,False,0,car,0 days 01:18:33.577000,0 days 02:14:10.185000
2024-05-19 14:21:50.491,9393,163,4,5,False,0,car,0 days 01:18:33.897000,0 days 02:14:10.505000
2024-05-19 14:21:50.691,9004,157,4,0,True,0,car,0 days 01:18:34.097000,0 days 02:14:10.705000
2024-05-19 14:21:50.891,9004,151,4,1,True,0,car,0 days 01:18:34.297000,0 days 02:14:10.905000
2024-05-19 14:21:51.131,8539,144,4,1,True,0,car,0 days 01:18:34.537000,0 days 02:14:11.145000
2024-05-19 14:21:51.611,8009,135,4,3,False,0,car,0 days 01:18:35.017000,0 days 02:14:11.625000
2024-05-19 14:21:51.931,8461,135,4,44,False,0,car,0 days 01:18:35.337000,0 days 02:14:11.945000
2024-05-19 14:21:52.131,8526,136,4,52,False,0,car,0 days 01:18:35.537000,0 days 02:14:12.145000
2024-05-19 14:21:52.291,8693,136,4,51,False,0,car,0 days 01:18:35.697000,0 days 02:14:12.305000
2024-05-19 14:21:52.571,9096,144,4,72,False,0,car,0 days 01:18:35.977000,0 days 02:14:12.585000
2024-05-19 14:21:52.811,9822,154,4,83,False,0,car,0 days 01:18:36.217000,0 days 02:14:12.825000
2024-05-19 14:21:52.971,10069,158,4,96,False,0,car,0 days 01:18:36.377000,0 days 02:14:12.985000
2024-05-19 14:21:53.371,10850,175,4,100,False,0,car,0 days 01:18:36.777000,0 days 02:14:13.385000
2024-05-19 14:21:53.651,11519,188,4,100,False,0,car,0 days 01:18:37.057000,0 days 02:14:13.665000
2024-05-19 14:21:53.851,10259,195,4,100,False,0,car,0 days 01:18:37.257000,0 days 02:14:13.865000
2024-05-19 14:21:54.211,10746,205,5,100,False,0,car,0 days 01:18:37.617000,0 days 02:14:14.225000
2024-05-19 14:21:54.411,10947,214,5,100,False,0,car,0 days 01:18:37.817000,0 days 02:14:14.425000
2024-05-19 14:21:54.651,11268,220,5,100,False,0,car,0 days 01:18:38.057000,0 days 02:14:14.665000
2024-05-19 14:21:54.931,11142,228,5,100,False,0,car,0 days 01:18:38.337000,0 days 02:14:14.945000
2024-05-19 14:21:55.131,10502,233,5,100,False,0,car,0 days 01:18:38.537000,0 days 02:14:15.145000
2024-05-19 14:21:55.411,10769,240,6,100,False,0,car,0 days 01:18:38.817000,0 days 02:14:15.425000
2024-05-19 14:21:55.651,11026,244,6,100,False,0,car,0 days 01:18:39.057000,0 days 02:14:15.665000
2024-05-19 14:21:56.092,11364,250,6,100,False,0,car,0 days 01:18:39.498000,0 days 02:14:16.106000
2024-05-19 14:21:56.292,11413,256,6,100,False,0,car,0 days 01:18:39.698000,0 days 02:14:16.306000
2024-05-19 14:21:56.612,10578,262,6,100,False,0,car,0 days 01:18:40.018000,0 days 02:14:16.626000
2024-05-19 14:21:56.931,10538,266,7,100,False,0,car,0 days 01:18:40.337000,0 days 02:14:16.945000
2024-05-19 14:21:57.251,10746,270,7,100,False,0,car,0 days 01:18:40.657000,0 days 02:14:17.265000
2024-05-19 14:21:57.411,10837,273,7,100,False,0,car,0 days 01:18:40.817000,0 days 02:14:17.425000
2024-05-19 14:21:57.571,10866,274,7,100,False,0,car,0 days 01:18:40.977000,0 days 02:14:17.585000
2024-05-19 14:21:57.891,11054,277,7,100,False,0,car,0 days 01:18:41.297000,0 days 02:14:17.905000
2024-05-19 14:21:58.051,11106,280,7,100,False,0,car,0 days 01:18:41.457000,0 days 02:14:18.065000
2024-05-19 14:21:58.211,11106,282,7,100,False,0,car,0 days 01:18:41.617000,0 days 02:14:18.225000
2024-05-19 14:21:58.411,11297,284,7,100,False,0,car,0 days 01:18:41.817000,0 days 02:14:18.425000
2024-05-19 14:21:58.691,11355,285,7,100,False,0,car,0 days 01:18:42.097000,0 days 02:14:18.705000
2024-05-19 14:21:59.051,11415,289,7,100,False,0,car,0 days 01:18:42.457000,0 days 02:14:19.065000
2024-05-19 14:21:59.211,11503,289,7,100,False,0,car,0 days 01:18:42.617000,0 days 02:14:19.225000
2024-05-19 14:21:59.491,11503,292,7,100,False,0,car,0 days 01:18:42.897000,0 days 02:14:19.505000
2024-05-19 14:21:59.651,11631,293,7,100,False,0,car,0 days 01:18:43.057000,0 days 02:14:19.665000
2024-05-19 14:21:59.811,11630,295,7,100,False,0,car,0 days 01:18:43.217000,0 days 02:14:19.825000
2024-05-19 14:22:00.131,10525,296,7,100,False,0,car,0 days 01:18:43.537000,0 days 02:14:20.145000
2024-05-19 14:22:00.331,10614,298,8,100,False,0,car,0 days 01:18:43.737000,0 days 02:14:20.345000
2024-05-19 14:22:00.531,10669,299,8,100,False,0,car,0 days 01:18:43.937000,0 days 02:14:20.545000
2024-05-19 14:22:00.731,10718,300,8,100,False,0,car,0 days 01:18:44.137000,0 days 02:14:20.745000
2024-05-19 14:22:00.931,10742,302,8,100,False,0,car,0 days 01:18:44.337000,0 days 02:14:20.945000
2024-05-19 14:22:01.171,10770,303,8,100,False,0,car,0 days 01:18:44.577000,0 days 02:14:21.185000
2024-05-19 14:22:01.411,10813,304,8,100,False,0,car,0 days 01:18:44.817000,0 days 02:14:21.425000
2024-05-19 14:22:01.571,10894,305,8,100,False,0,car,0 days 01:18:44.977000,0 days 02:14:21.585000
2024-05-19 14:22:01.811,10930,306,8,100,False,0,car,0 days 01:18:45.217000,0 days 02:14:21.825000
2024-05-19 14:22:02.171,10902,308,8,100,False,0,car,0 days 01:18:45.577000,0 days 02:14:22.185000
2024-05-19 14:22:02.371,10906,308,8,100,False,0,car,0 days 01:18:45.777000,0 days 02:14:22.385000
2024-05-19 14:22:02.572,10936,309,8,100,False,0,car,0 days 01:18:45.978000,0 days 02:14:22.586000
2024-05-19 14:22:02.812,10997,309,8,100,False,0,car,0 days 01:18:46.218000,0 days 02:14:22.826000
2024-05-19 14:22:03.052,11052,310,8,100,False,0,car,0 days 01:18:46.458000,0 days 02:14:23.066000
2024-05-19 14:22:03.212,11052,310,8,100,False,0,car,0 days 01:18:46.618000,0 days 02:14:23.226000
2024-05-19 14:22:03.492,11052,310,8,100,False,0,car,0 days 01:18:46.898000,0 days 02:14:23.506000
2024-05-19 14:22:04.171,11139,314,8,100,False,0,car,0 days 01:18:47.577000,0 days 02:14:24.185000
2024-05-19 14:22:04.491,11134,313,8,100,False,0,car,0 days 01:18:47.897000,0 days 02:14:24.505000
2024-05-19 14:22:04.651,11139,314,8,100,False,0,car,0 days 01:18:48.057000,0 days 02:14:24.665000
2024-05-19 14:22:04.931,11153,314,8,100,False,0,car,0 days 01:18:48.337000,0 days 02:14:24.945000
2024-05-19 14:22:05.171,11115,314,8,100,False,0,car,0 days 01:18:48.577000,0 days 02:14:25.185000
2024-05-19 14:22:05.331,11180,314,8,100,False,0,car,0 days 01:18:48.737000,0 days 02:14:25.345000
2024-05-19 14:22:05.651,11149,315,8,100,False,0,car,0 days 01:18:49.057000,0 days 02:14:25.665000
2024-05-19 14:22:05.811,11155,316,8,100,False,0,car,0 days 01:18:49.217000,0 days 02:14:25.825000
2024-05-19 14:22:05.971,11195,316,8,100,False,0,car,0 days 01:18:49.377000,0 days 02:14:25.985000
2024-05-19 14:22:06.251,11221,316,8,100,False,0,car,0 days 01:18:49.657000,0 days 02:14:26.265000
2024-05-19 14:22:06.651,11170,316,8,100,False,0,car,0 days 01:18:50.057000,0 days 02:14:26.665000
2024-05-19 14:22:06.891,11177,316,8,100,False,0,car,0 days 01:18:50.297000,0 days 02:14:26.905000
2024-05-19 14:22:07.091,11233,317,8,100,False,0,car,0 days 01:18:50.497000,0 days 02:14:27.105000
2024-05-19 14:22:07.451,11211,317,8,100,False,0,car,0 days 01:18:50.857000,0 days 02:14:27.465000
2024-05-19 14:22:07.691,11092,317,8,100,False,0,car,0 days 01:18:51.097000,0 days 02:14:27.705000
2024-05-19 14:22:07.891,11070,311,8,0,True,0,car,0 days 01:18:51.297000,0 days 02:14:27.905000
2024-05-19 14:22:08.051,10051,288,8,0,True,0,car,0 days 01:18:51.457000,0 days 02:14:28.065000
2024-05-19 14:22:08.291,10194,260,8,0,True,0,car,0 days 01:18:51.697000,0 days 02:14:28.305000
2024-05-19 14:22:08.571,10413,223,7,0,True,0,car,0 days 01:18:51.977000,0 days 02:14:28.585000
2024-05-19 14:22:08.811,10315,200,6,0,True,0,car,0 days 01:18:52.217000,0 days 02:14:28.825000
2024-05-19 14:22:09.132,9945,171,4,0,True,0,car,0 days 01:18:52.538000,0 days 02:14:29.146000
2024-05-19 14:22:09.452,9335,159,4,0,True,0,car,0 days 01:18:52.858000,0 days 02:14:29.466000
2024-05-19 14:22:09.692,8796,157,4,0,False,0,car,0 days 01:18:53.098000,0 days 02:14:29.706000
2024-05-19 14:22:09.972,9081,149,4,4,False,0,car,0 days 01:18:53.378000,0 days 02:14:29.986000
2024-05-19 14:22:10.172,9168,147,4,51,False,0,car,0 days 01:18:53.578000,0 days 02:14:30.186000
2024-05-19 14:22:10.611,9833,158,4,77,False,0,car,0 days 01:18:54.017000,0 days 02:14:30.625000
2024-05-19 14:22:10.771,9833,162,4,90,False,0,car,0 days 01:18:54.177000,0 days 02:14:30.785000
2024-05-19 14:22:11.051,8502,166,5,41,False,0,car,0 days 01:18:54.457000,0 days 02:14:31.065000
2024-05-19 14:22:11.211,8411,167,5,39,False,0,car,0 days 01:18:54.617000,0 days 02:14:31.225000
2024-05-19 14:22:11.411,8850,168,5,51,False,0,car,0 days 01:18:54.817000,0 days 02:14:31.425000
2024-05-19 14:22:11.571,9064,168,5,65,False,0,car,0 days 01:18:54.977000,0 days 02:14:31.585000
2024-05-19 14:22:11.851,9265,174,5,80,False,0,car,0 days 01:18:55.257000,0 days 02:14:31.865000
2024-05-19 14:22:12.091,9692,181,5,100,False,0,car,0 days 01:18:55.497000,0 days 02:14:32.105000
2024-05-19 14:22:12.331,10052,191,5,100,False,0,car,0 days 01:18:55.737000,0 days 02:14:32.345000
2024-05-19 14:22:12.691,10631,201,5,100,False,0,car,0 days 01:18:56.097000,0 days 02:14:32.705000
2024-05-19 14:22:12.931,10991,212,5,100,False,0,car,0 days 01:18:56.337000,0 days 02:14:32.945000
2024-05-19 14:22:13.211,11439,220,5,100,False,0,car,0 days 01:18:56.617000,0 days 02:14:33.225000
2024-05-19 14:22:13.371,11564,221,5,100,False,0,car,0 days 01:18:56.777000,0 days 02:14:33.385000
2024-05-19 14:22:13.691,11620,227,5,100,False,0,car,0 days 01:18:57.097000,0 days 02:14:33.705000
2024-05-19 14:22:13.891,11000,230,5,100,False,0,car,0 days 01:18:57.297000,0 days 02:14:33.905000
2024-05-19 14:22:14.211,10800,238,6,100,False,0,car,0 days 01:18:57.617000,0 days 02:14:34.225000
2024-05-19 14:22:14.531,10982,242,6,100,False,0,car,0 days 01:18:57.937000,0 days 02:14:34.545000
2024-05-19 14:22:14.931,11323,251,6,100,False,0,car,0 days 01:18:58.337000,0 days 02:14:34.945000
2024-05-19 14:22:15.331,11525,258,6,100,False,0,car,0 days 01:18:58.737000,0 days 02:14:35.345000
2024-05-19 14:22:15.691,10838,263,6,100,False,0,car,0 days 01:18:59.097000,0 days 02:14:35.705000
2024-05-19 14:22:15.852,10445,265,7,100,False,0,car,0 days 01:18:59.258000,0 days 02:14:35.866000
2024-05-19 14:22:16.092,10744,268,7,100,False,0,car,0 days 01:18:59.498000,0 days 02:14:36.106000
2024-05-19 14:22:16.612,10827,273,7,100,False,0,car,0 days 01:19:00.018000,0 days 02:14:36.626000
2024-05-19 14:22:16.932,10906,275,7,100,False,0,car,0 days 01:19:00.338000,0 days 02:14:36.946000
2024-05-19 14:22:17.091,10972,276,7,100,False,0,car,0 days 01:19:00.497000,0 days 02:14:37.105000
2024-05-19 14:22:17.291,10993,277,7,100,False,0,car,0 days 01:19:00.697000,0 days 02:14:37.305000
2024-05-19 14:22:17.491,11101,277,7,100,False,0,car,0 days 01:19:00.897000,0 days 02:14:37.505000
2024-05-19 14:22:17.851,10961,278,7,100,False,0,car,0 days 01:19:01.257000,0 days 02:14:37.865000
2024-05-19 14:22:18.251,10997,278,7,100,False,0,car,0 days 01:19:01.657000,0 days 02:14:38.265000
2024-05-19 14:22:18.531,11002,278,7,100,False,0,car,0 days 01:19:01.937000,0 days 02:14:38.545000
2024-05-19 14:22:18.851,11046,276,7,50,True,0,car,0 days 01:19:02.257000,0 days 02:14:38.865000
2024-05-19 14:22:19.131,9834,256,7,0,True,0,car,0 days 01:19:02.537000,0 days 02:14:39.145000
2024-05-19 14:22:19.451,10317,239,7,0,True,0,car,0 days 01:19:02.857000,0 days 02:14:39.465000
2024-05-19 14:22:19.851,9914,225,6,0,True,0,car,0 days 01:19:03.257000,0 days 02:14:39.865000
2024-05-19 14:22:20.091,9455,219,6,0,True,0,car,0 days 01:19:03.497000,0 days 02:14:40.105000
2024-05-19 14:22:20.531,8807,180,5,0,True,0,car,0 days 01:19:03.937000,0 days 02:14:40.545000
2024-05-19 14:22:20.851,8216,168,5,0,True,0,car,0 days 01:19:04.257000,0 days 02:14:40.865000
2024-05-19 14:22:21.051,8187,165,5,0,False,0,car,0 days 01:19:04.457000,0 days 02:14:41.065000
2024-05-19 14:22:21.211,8321,160,5,18,False,0,car,0 days 01:19:04.617000,0 days 02:14:41.225000
2024-05-19 14:22:21.491,8479,161,5,54,False,0,car,0 days 01:19:04.897000,0 days 02:14:41.505000
2024-05-19 14:22:21.731,8608,165,5,61,False,0,car,0 days 01:19:05.137000,0 days 02:14:41.745000
2024-05-19 14:22:22.091,9254,172,5,84,False,0,car,0 days 01:19:05.497000,0 days 02:14:42.105000
2024-05-19 14:22:22.251,9423,178,5,99,False,0,car,0 days 01:19:05.657000,0 days 02:14:42.265000
2024-05-19 14:22:22.412,9972,183,5,100,False,0,car,0 days 01:19:05.818000,0 days 02:14:42.426000
2024-05-19 14:22:22.652,10190,191,5,100,False,0,car,0 days 01:19:06.058000,0 days 02:14:42.666000
2024-05-19 14:22:22.852,10275,197,5,100,False,0,car,0 days 01:19:06.258000,0 days 02:14:42.866000
2024-05-19 14:22:23.172,10761,207,5,100,False,0,car,0 days 01:19:06.578000,0 days 02:14:43.186000
2024-05-19 14:22:23.372,10860,212,5,100,False,0,car,0 days 01:19:06.778000,0 days 02:14:43.386000
2024-05-19 14:22:23.692,11196,216,5,100,False,0,car,0 days 01:19:07.098000,0 days 02:14:43.706000
2024-05-19 14:22:23.931,11325,222,5,100,False,0,car,0 days 01:19:07.337000,0 days 02:14:43.945000
2024-05-19 14:22:24.251,11479,225,5,100,False,0,car,0 days 01:19:07.657000,0 days 02:14:44.265000
2024-05-19 14:22:24.451,11479,226,5,100,False,0,car,0 days 01:19:07.857000,0 days 02:14:44.465000
2024-05-19 14:22:24.691,11502,229,5,98,False,0,car,0 days 01:19:08.097000,0 days 02:14:44.705000
2024-05-19 14:22:24.891,10975,225,5,0,True,0,car,0 days 01:19:08.297000,0 days 02:14:44.905000
2024-05-19 14:22:25.051,10261,205,5,0,True,0,car,0 days 01:19:08.457000,0 days 02:14:45.065000
2024-05-19 14:22:25.251,10267,183,5,0,True,0,car,0 days 01:19:08.657000,0 days 02:14:45.265000
2024-05-19 14:22:25.451,10460,172,5,0,True,0,car,0 days 01:19:08.857000,0 days 02:14:45.465000
2024-05-19 14:22:25.731,10180,144,3,0,True,0,car,0 days 01:19:09.137000,0 days 02:14:45.745000
2024-05-19 14:22:25.931,9329,132,3,0,True,0,car,0 days 01:19:09.337000,0 days 02:14:45.945000
2024-05-19 14:22:26.131,8661,125,3,0,True,0,car,0 days 01:19:09.537000,0 days 02:14:46.145000
2024-05-19 14:22:26.291,8521,123,3,0,True,0,car,0 days 01:19:09.697000,0 days 02:14:46.305000
2024-05-19 14:22:26.531,7966,114,3,0,True,0,car,0 days 01:19:09.937000,0 days 02:14:46.545000
2024-05-19 14:22:26.771,7647,109,3,0,True,0,car,0 days 01:19:10.177000,0 days 02:14:46.785000
2024-05-19 14:22:27.011,7205,103,3,0,True,0,car,0 days 01:19:10.417000,0 days 02:14:47.025000
2024-05-19 14:22:27.411,6795,97,3,0,False,0,car,0 days 01:19:10.817000,0 days 02:14:47.425000
2024-05-19 14:22:27.691,7127,94,3,23,False,0,car,0 days 01:19:11.097000,0 days 02:14:47.705000
2024-05-19 14:22:28.131,7399,98,3,26,False,0,car,0 days 01:19:11.537000,0 days 02:14:48.145000
2024-05-19 14:22:28.331,7548,99,3,26,False,0,car,0 days 01:19:11.737000,0 days 02:14:48.345000
2024-05-19 14:22:28.571,7675,100,3,36,False,0,car,0 days 01:19:11.977000,0 days 02:14:48.585000
2024-05-19 14:22:28.932,8010,108,3,47,False,0,car,0 days 01:19:12.338000,0 days 02:14:48.946000
2024-05-19 14:22:29.332,9374,121,3,74,False,0,car,0 days 01:19:12.738000,0 days 02:14:49.346000
2024-05-19 14:22:29.732,11275,140,3,100,False,0,car,0 days 01:19:13.138000,0 days 02:14:49.746000
2024-05-19 14:22:30.132,10688,158,3,100,False,0,car,0 days 01:19:13.538000,0 days 02:14:50.146000
2024-05-19 14:22:30.611,11152,180,4,100,False,0,car,0 days 01:19:14.017000,0 days 02:14:50.625000
2024-05-19 14:22:30.771,11303,184,4,100,False,0,car,0 days 01:19:14.177000,0 days 02:14:50.785000
2024-05-19 14:22:31.211,11690,201,4,100,False,0,car,0 days 01:19:14.617000,0 days 02:14:51.225000
2024-05-19 14:22:31.411,10745,207,5,100,False,0,car,0 days 01:19:14.817000,0 days 02:14:51.425000
2024-05-19 14:22:31.651,11046,214,5,100,False,0,car,0 days 01:19:15.057000,0 days 02:14:51.665000
2024-05-19 14:22:31.971,11430,223,5,100,False,0,car,0 days 01:19:15.377000,0 days 02:14:51.985000
2024-05-19 14:22:32.131,11658,225,5,100,False,0,car,0 days 01:19:15.537000,0 days 02:14:52.145000
2024-05-19 14:22:32.411,10562,234,6,100,False,0,car,0 days 01:19:15.817000,0 days 02:14:52.425000
2024-05-19 14:22:32.651,10757,239,6,100,False,0,car,0 days 01:19:16.057000,0 days 02:14:52.665000
2024-05-19 14:22:32.891,11010,243,6,100,False,0,car,0 days 01:19:16.297000,0 days 02:14:52.905000
2024-05-19 14:22:33.251,11212,249,6,100,False,0,car,0 days 01:19:16.657000,0 days 02:14:53.265000
2024-05-19 14:22:33.411,11444,254,6,100,False,0,car,0 days 01:19:16.817000,0 days 02:14:53.425000
2024-05-19 14:22:33.611,11532,254,6,100,False,0,car,0 days 01:19:17.017000,0 days 02:14:53.625000
2024-05-19 14:22:33.811,11597,259,6,100,False,0,car,0 days 01:19:17.217000,0 days 02:14:53.825000
2024-05-19 14:22:33.971,10897,260,6,100,False,0,car,0 days 01:19:17.377000,0 days 02:14:53.985000
2024-05-19 14:22:34.211,10473,262,7,100,False,0,car,0 days 01:19:17.617000,0 days 02:14:54.225000
2024-05-19 14:22:34.451,10430,263,7,100,False,0,car,0 days 01:19:17.857000,0 days 02:14:54.465000
2024-05-19 14:22:34.931,10594,266,7,100,False,0,car,0 days 01:19:18.337000,0 days 02:14:54.945000
2024-05-19 14:22:35.171,10602,266,7,100,False,0,car,0 days 01:19:18.577000,0 days 02:14:55.185000
2024-05-19 14:22:35.492,10700,268,7,100,False,0,car,0 days 01:19:18.898000,0 days 02:14:55.506000
2024-05-19 14:22:35.692,10633,268,7,100,False,0,car,0 days 01:19:19.098000,0 days 02:14:55.706000
2024-05-19 14:22:35.892,10695,269,7,100,False,0,car,0 days 01:19:19.298000,0 days 02:14:55.906000
2024-05-19 14:22:36.172,10693,270,7,100,False,0,car,0 days 01:19:19.578000,0 days 02:14:56.186000
2024-05-19 14:22:36.572,10725,270,7,100,False,0,car,0 days 01:19:19.978000,0 days 02:14:56.586000
2024-05-19 14:22:36.892,10283,270,7,4,True,0,car,0 days 01:19:20.298000,0 days 02:14:56.906000
2024-05-19 14:22:37.211,10471,240,7,0,True,0,car,0 days 01:19:20.617000,0 days 02:14:57.225000
2024-05-19 14:22:37.371,10731,232,7,0,True,0,car,0 days 01:19:20.777000,0 days 02:14:57.385000
2024-05-19 14:22:37.531,11046,220,7,0,True,0,car,0 days 01:19:20.937000,0 days 02:14:57.545000
2024-05-19 14:22:37.811,10588,210,5,4,False,0,car,0 days 01:19:21.217000,0 days 02:14:57.825000
2024-05-19 14:22:38.171,10542,203,5,62,False,0,car,0 days 01:19:21.577000,0 days 02:14:58.185000
2024-05-19 14:22:38.371,10614,202,5,82,False,0,car,0 days 01:19:21.777000,0 days 02:14:58.385000
2024-05-19 14:22:38.531,10663,205,5,87,False,0,car,0 days 01:19:21.937000,0 days 02:14:58.545000
2024-05-19 14:22:38.811,11166,210,5,96,False,0,car,0 days 01:19:22.217000,0 days 02:14:58.825000
2024-05-19 14:22:39.011,11273,215,5,94,False,0,car,0 days 01:19:22.417000,0 days 02:14:59.025000
2024-05-19 14:22:39.371,11408,219,5,100,False,0,car,0 days 01:19:22.777000,0 days 02:14:59.385000
2024-05-19 14:22:39.571,11022,228,5,100,False,0,car,0 days 01:19:22.977000,0 days 02:14:59.585000
2024-05-19 14:22:39.731,10508,232,5,100,False,0,car,0 days 01:19:23.137000,0 days 02:14:59.745000
2024-05-19 14:22:40.091,10788,238,6,100,False,0,car,0 days 01:19:23.497000,0 days 02:15:00.105000
2024-05-19 14:22:40.491,11026,247,6,100,False,0,car,0 days 01:19:23.897000,0 days 02:15:00.505000
2024-05-19 14:22:40.651,11026,247,6,100,False,0,car,0 days 01:19:24.057000,0 days 02:15:00.665000
2024-05-19 14:22:40.891,11430,255,6,100,False,0,car,0 days 01:19:24.297000,0 days 02:15:00.905000
2024-05-19 14:22:41.291,11457,261,6,100,False,0,car,0 days 01:19:24.697000,0 days 02:15:01.305000
2024-05-19 14:22:41.691,10512,262,7,100,False,0,car,0 days 01:19:25.097000,0 days 02:15:01.705000
2024-05-19 14:22:41.851,10586,266,7,100,False,0,car,0 days 01:19:25.257000,0 days 02:15:01.865000
2024-05-19 14:22:42.092,10677,268,7,100,False,0,car,0 days 01:19:25.498000,0 days 02:15:02.106000
2024-05-19 14:22:42.292,10644,269,7,100,False,0,car,0 days 01:19:25.698000,0 days 02:15:02.306000
2024-05-19 14:22:42.612,10836,272,7,100,False,0,car,0 days 01:19:26.018000,0 days 02:15:02.626000
2024-05-19 14:22:42.852,10732,273,7,100,False,0,car,0 days 01:19:26.258000,0 days 02:15:02.866000
2024-05-19 14:22:43.052,10820,273,7,100,False,0,car,0 days 01:19:26.458000,0 days 02:15:03.066000
2024-05-19 14:22:43.332,10838,274,7,100,False,0,car,0 days 01:19:26.738000,0 days 02:15:03.346000
2024-05-19 14:22:43.732,10766,272,7,20,False,0,car,0 days 01:19:27.138000,0 days 02:15:03.746000
2024-05-19 14:22:43.931,10762,270,7,1,True,0,car,0 days 01:19:27.337000,0 days 02:15:03.945000
2024-05-19 14:22:44.371,10129,240,7,0,True,0,car,0 days 01:19:27.777000,0 days 02:15:04.385000
2024-05-19 14:22:44.531,10308,220,7,0,True,0,car,0 days 01:19:27.937000,0 days 02:15:04.545000
2024-05-19 14:22:44.971,10602,181,5,0,True,0,car,0 days 01:19:28.377000,0 days 02:15:04.985000
2024-05-19 14:22:45.291,9076,160,4,0,True,0,car,0 days 01:19:28.697000,0 days 02:15:05.305000
2024-05-19 14:22:45.611,8308,140,4,0,True,0,car,0 days 01:19:29.017000,0 days 02:15:05.625000
2024-05-19 14:22:45.891,7792,140,4,0,True,0,car,0 days 01:19:29.297000,0 days 02:15:05.905000
2024-05-19 14:22:46.211,7422,124,4,3,False,0,car,0 days 01:19:29.617000,0 days 02:15:06.225000
2024-05-19 14:22:46.411,7565,122,4,18,False,0,car,0 days 01:19:29.817000,0 days 02:15:06.425000
2024-05-19 14:22:46.811,7983,127,4,49,False,0,car,0 days 01:19:30.217000,0 days 02:15:06.825000
2024-05-19 14:22:47.131,8877,136,4,72,False,0,car,0 days 01:19:30.537000,0 days 02:15:07.145000
2024-05-19 14:22:47.371,9740,141,4,100,False,0,car,0 days 01:19:30.777000,0 days 02:15:07.385000
2024-05-19 14:22:47.571,9387,151,4,100,False,0,car,0 days 01:19:30.977000,0 days 02:15:07.585000
2024-05-19 14:22:47.851,10239,163,4,100,False,0,car,0 days 01:19:31.257000,0 days 02:15:07.865000
2024-05-19 14:22:48.091,11712,171,4,100,False,0,car,0 days 01:19:31.497000,0 days 02:15:08.105000
2024-05-19 14:22:48.451,11147,186,4,100,False,0,car,0 days 01:19:31.857000,0 days 02:15:08.465000
2024-05-19 14:22:48.612,11866,193,4,100,False,0,car,0 days 01:19:32.018000,0 days 02:15:08.626000
2024-05-19 14:22:48.812,10886,199,4,100,False,0,car,0 days 01:19:32.218000,0 days 02:15:08.826000
2024-05-19 14:22:48.972,10437,199,4,100,False,0,car,0 days 01:19:32.378000,0 days 02:15:08.986000
2024-05-19 14:22:49.292,10934,211,5,100,False,0,car,0 days 01:19:32.698000,0 days 02:15:09.306000
2024-05-19 14:22:49.652,11334,223,5,100,False,0,car,0 days 01:19:33.058000,0 days 02:15:09.666000
2024-05-19 14:22:49.972,10962,230,5,100,False,0,car,0 days 01:19:33.378000,0 days 02:15:09.986000
2024-05-19 14:22:50.332,10787,236,6,100,False,0,car,0 days 01:19:33.738000,0 days 02:15:10.346000
2024-05-19 14:22:50.532,10849,244,6,100,False,0,car,0 days 01:19:33.938000,0 days 02:15:10.546000
2024-05-19 14:22:50.731,11163,247,6,100,False,0,car,0 days 01:19:34.137000,0 days 02:15:10.745000
2024-05-19 14:22:50.931,11107,249,6,100,False,0,car,0 days 01:19:34.337000,0 days 02:15:10.945000
2024-05-19 14:22:51.131,11270,251,6,100,False,0,car,0 days 01:19:34.537000,0 days 02:15:11.145000
2024-05-19 14:22:51.371,11335,253,6,100,False,0,car,0 days 01:19:34.777000,0 days 02:15:11.385000
2024-05-19 14:22:51.691,11518,255,6,100,False,0,car,0 days 01:19:35.097000,0 days 02:15:11.705000
2024-05-19 14:22:51.931,11331,256,6,100,False,0,car,0 days 01:19:35.337000,0 days 02:15:11.945000
2024-05-19 14:22:52.291,11476,257,6,100,False,0,car,0 days 01:19:35.697000,0 days 02:15:12.305000
2024-05-19 14:22:52.451,11626,258,6,100,False,0,car,0 days 01:19:35.857000,0 days 02:15:12.465000
2024-05-19 14:22:52.731,11476,259,6,100,False,0,car,0 days 01:19:36.137000,0 days 02:15:12.745000
2024-05-19 14:22:52.971,11496,259,6,100,False,0,car,0 days 01:19:36.377000,0 days 02:15:12.985000
2024-05-19 14:22:53.331,10370,233,6,0,True,0,car,0 days 01:19:36.737000,0 days 02:15:13.345000
2024-05-19 14:22:53.771,9553,191,5,0,True,0,car,0 days 01:19:37.177000,0 days 02:15:13.785000
2024-05-19 14:22:53.971,9880,174,5,0,True,0,car,0 days 01:19:37.377000,0 days 02:15:13.985000
2024-05-19 14:22:54.131,9047,157,4,0,True,0,car,0 days 01:19:37.537000,0 days 02:15:14.145000
2024-05-19 14:22:54.571,8316,137,4,0,True,0,car,0 days 01:19:37.977000,0 days 02:15:14.585000
2024-05-19 14:22:54.891,7260,128,4,0,True,0,car,0 days 01:19:38.297000,0 days 02:15:14.905000
2024-05-19 14:22:55.172,7058,122,4,0,True,0,car,0 days 01:19:38.578000,0 days 02:15:15.186000
2024-05-19 14:22:55.332,7102,117,4,0,False,0,car,0 days 01:19:38.738000,0 days 02:15:15.346000
2024-05-19 14:22:55.612,7363,110,4,0,False,0,car,0 days 01:19:39.018000,0 days 02:15:15.626000
2024-05-19 14:22:55.772,7679,110,4,0,False,0,car,0 days 01:19:39.178000,0 days 02:15:15.786000
2024-05-19 14:22:55.932,7873,109,4,0,True,0,car,0 days 01:19:39.338000,0 days 02:15:15.946000
2024-05-19 14:22:56.132,7166,105,3,0,False,0,car,0 days 01:19:39.538000,0 days 02:15:16.146000
2024-05-19 14:22:56.372,7117,103,3,0,False,0,car,0 days 01:19:39.778000,0 days 02:15:16.386000
2024-05-19 14:22:56.652,7409,98,3,20,False,0,car,0 days 01:19:40.058000,0 days 02:15:16.666000
2024-05-19 14:22:57.012,7875,104,3,38,False,0,car,0 days 01:19:40.418000,0 days 02:15:17.026000
2024-05-19 14:22:57.291,8208,109,3,51,False,0,car,0 days 01:19:40.697000,0 days 02:15:17.305000
2024-05-19 14:22:57.571,9411,118,3,75,False,0,car,0 days 01:19:40.977000,0 days 02:15:17.585000
2024-05-19 14:22:57.811,9945,132,3,86,False,0,car,0 days 01:19:41.217000,0 days 02:15:17.825000
2024-05-19 14:22:58.091,10728,142,3,100,False,0,car,0 days 01:19:41.497000,0 days 02:15:18.105000
2024-05-19 14:22:58.291,9777,153,3,100,False,0,car,0 days 01:19:41.697000,0 days 02:15:18.305000
2024-05-19 14:22:58.611,10482,171,4,100,False,0,car,0 days 01:19:42.017000,0 days 02:15:18.625000
2024-05-19 14:22:58.931,11278,184,4,100,False,0,car,0 days 01:19:42.337000,0 days 02:15:18.945000
2024-05-19 14:22:59.091,11278,188,4,100,False,0,car,0 days 01:19:42.497000,0 days 02:15:19.105000
2024-05-19 14:22:59.291,11751,196,4,100,False,0,car,0 days 01:19:42.697000,0 days 02:15:19.305000
2024-05-19 14:22:59.451,10631,202,4,100,False,0,car,0 days 01:19:42.857000,0 days 02:15:19.465000
2024-05-19 14:22:59.691,10843,209,5,100,False,0,car,0 days 01:19:43.097000,0 days 02:15:19.705000
2024-05-19 14:23:00.131,11449,225,5,100,False,0,car,0 days 01:19:43.537000,0 days 02:15:20.145000
2024-05-19 14:23:00.331,11772,230,5,100,False,0,car,0 days 01:19:43.737000,0 days 02:15:20.345000
2024-05-19 14:23:00.491,11709,232,5,100,False,0,car,0 days 01:19:43.897000,0 days 02:15:20.505000
2024-05-19 14:23:00.651,10635,237,5,100,False,0,car,0 days 01:19:44.057000,0 days 02:15:20.665000
2024-05-19 14:23:00.811,10914,242,6,100,False,0,car,0 days 01:19:44.217000,0 days 02:15:20.825000
2024-05-19 14:23:01.051,11036,246,6,100,False,0,car,0 days 01:19:44.457000,0 days 02:15:21.065000
2024-05-19 14:23:01.371,11358,252,6,100,False,0,car,0 days 01:19:44.777000,0 days 02:15:21.385000
2024-05-19 14:23:01.531,11423,255,6,100,False,0,car,0 days 01:19:44.937000,0 days 02:15:21.545000
2024-05-19 14:23:01.772,11577,259,6,100,False,0,car,0 days 01:19:45.178000,0 days 02:15:21.786000
2024-05-19 14:23:02.052,10522,263,6,100,False,0,car,0 days 01:19:45.458000,0 days 02:15:22.066000
2024-05-19 14:23:02.332,10627,267,7,100,False,0,car,0 days 01:19:45.738000,0 days 02:15:22.346000
2024-05-19 14:23:02.692,10782,272,7,100,False,0,car,0 days 01:19:46.098000,0 days 02:15:22.706000
2024-05-19 14:23:02.892,10923,274,7,100,False,0,car,0 days 01:19:46.298000,0 days 02:15:22.906000
2024-05-19 14:23:03.172,10980,276,7,100,False,0,car,0 days 01:19:46.578000,0 days 02:15:23.186000
2024-05-19 14:23:03.412,11095,280,7,100,False,0,car,0 days 01:19:46.818000,0 days 02:15:23.426000
2024-05-19 14:23:03.692,11192,282,7,100,False,0,car,0 days 01:19:47.098000,0 days 02:15:23.706000
2024-05-19 14:23:04.051,11332,285,7,100,False,0,car,0 days 01:19:47.457000,0 days 02:15:24.065000
2024-05-19 14:23:04.491,11407,289,7,100,False,0,car,0 days 01:19:47.897000,0 days 02:15:24.505000
2024-05-19 14:23:04.811,11545,293,7,100,False,0,car,0 days 01:19:48.217000,0 days 02:15:24.825000
2024-05-19 14:23:05.051,11617,295,7,100,False,0,car,0 days 01:19:48.457000,0 days 02:15:25.065000
2024-05-19 14:23:05.251,11711,296,7,100,False,0,car,0 days 01:19:48.657000,0 days 02:15:25.265000
2024-05-19 14:23:05.491,11693,297,7,100,False,0,car,0 days 01:19:48.897000,0 days 02:15:25.505000
2024-05-19 14:23:05.811,11490,295,7,100,False,0,car,0 days 01:19:49.217000,0 days 02:15:25.825000
2024-05-19 14:23:06.051,11591,294,7,100,False,0,car,0 days 01:19:49.457000,0 days 02:15:26.065000
2024-05-19 14:23:06.211,11363,293,7,9,True,0,car,0 days 01:19:49.617000,0 days 02:15:26.225000
2024-05-19 14:23:06.451,10324,268,7,0,True,0,car,0 days 01:19:49.857000,0 days 02:15:26.465000
2024-05-19 14:23:06.611,9700,243,7,0,True,0,car,0 days 01:19:50.017000,0 days 02:15:26.625000
2024-05-19 14:23:06.931,10263,207,7,0,True,0,car,0 days 01:19:50.337000,0 days 02:15:26.945000
2024-05-19 14:23:07.331,10127,168,6,0,True,0,car,0 days 01:19:50.737000,0 days 02:15:27.345000
2024-05-19 14:23:07.611,10272,147,4,0,True,0,car,0 days 01:19:51.017000,0 days 02:15:27.625000
2024-05-19 14:23:07.811,9526,139,3,0,True,0,car,0 days 01:19:51.217000,0 days 02:15:27.825000
2024-05-19 14:23:08.171,8694,124,3,0,True,0,car,0 days 01:19:51.577000,0 days 02:15:28.185000
2024-05-19 14:23:08.492,8171,118,3,0,True,0,car,0 days 01:19:51.898000,0 days 02:15:28.506000
2024-05-19 14:23:08.772,7956,114,3,1,False,0,car,0 days 01:19:52.178000,0 days 02:15:28.786000
2024-05-19 14:23:09.052,8287,114,3,28,False,0,car,0 days 01:19:52.458000,0 days 02:15:29.066000
2024-05-19 14:23:09.252,8355,113,3,36,False,0,car,0 days 01:19:52.658000,0 days 02:15:29.266000
2024-05-19 14:23:09.532,9044,119,3,52,False,0,car,0 days 01:19:52.938000,0 days 02:15:29.546000
2024-05-19 14:23:09.892,9716,128,3,76,False,0,car,0 days 01:19:53.298000,0 days 02:15:29.906000
2024-05-19 14:23:10.212,10959,145,3,96,False,0,car,0 days 01:19:53.618000,0 days 02:15:30.226000
2024-05-19 14:23:10.492,9689,145,3,100,False,0,car,0 days 01:19:53.898000,0 days 02:15:30.506000
2024-05-19 14:23:10.851,9825,165,4,1,True,0,car,0 days 01:19:54.257000,0 days 02:15:30.865000
2024-05-19 14:23:11.051,9053,161,4,0,True,0,car,0 days 01:19:54.457000,0 days 02:15:31.065000
2024-05-19 14:23:11.371,8851,150,4,1,True,0,car,0 days 01:19:54.777000,0 days 02:15:31.385000
2024-05-19 14:23:11.691,8487,144,4,2,False,0,car,0 days 01:19:55.097000,0 days 02:15:31.705000
2024-05-19 14:23:11.851,8338,139,4,2,False,0,car,0 days 01:19:55.257000,0 days 02:15:31.865000
2024-05-19 14:23:12.211,8444,135,4,21,False,0,car,0 days 01:19:55.617000,0 days 02:15:32.225000
2024-05-19 14:23:12.451,8530,137,4,45,False,0,car,0 days 01:19:55.857000,0 days 02:15:32.465000
2024-05-19 14:23:12.691,8574,139,4,53,False,0,car,0 days 01:19:56.097000,0 days 02:15:32.705000
2024-05-19 14:23:13.011,9201,145,4,64,False,0,car,0 days 01:19:56.417000,0 days 02:15:33.025000
2024-05-19 14:23:13.331,9722,158,4,85,False,0,car,0 days 01:19:56.737000,0 days 02:15:33.345000
2024-05-19 14:23:13.771,10958,175,4,100,False,0,car,0 days 01:19:57.177000,0 days 02:15:33.785000
2024-05-19 14:23:14.171,11633,191,4,100,False,0,car,0 days 01:19:57.577000,0 days 02:15:34.185000
2024-05-19 14:23:14.451,10521,201,5,100,False,0,car,0 days 01:19:57.857000,0 days 02:15:34.465000
2024-05-19 14:23:14.811,11053,214,5,100,False,0,car,0 days 01:19:58.217000,0 days 02:15:34.825000
2024-05-19 14:23:15.132,11463,223,5,100,False,0,car,0 days 01:19:58.538000,0 days 02:15:35.146000
2024-05-19 14:23:15.412,11711,226,5,100,False,0,car,0 days 01:19:58.818000,0 days 02:15:35.426000
2024-05-19 14:23:15.572,11151,233,5,100,False,0,car,0 days 01:19:58.978000,0 days 02:15:35.586000
2024-05-19 14:23:15.812,10625,239,6,100,False,0,car,0 days 01:19:59.218000,0 days 02:15:35.826000
2024-05-19 14:23:16.012,11039,242,6,100,False,0,car,0 days 01:19:59.418000,0 days 02:15:36.026000
2024-05-19 14:23:16.412,11307,250,6,100,False,0,car,0 days 01:19:59.818000,0 days 02:15:36.426000
2024-05-19 14:23:16.692,11394,256,6,100,False,0,car,0 days 01:20:00.098000,0 days 02:15:36.706000
2024-05-19 14:23:17.012,11545,262,6,100,False,0,car,0 days 01:20:00.418000,0 days 02:15:37.026000
2024-05-19 14:23:17.292,10578,265,7,100,False,0,car,0 days 01:20:00.698000,0 days 02:15:37.306000
2024-05-19 14:23:17.531,10714,269,7,100,False,0,car,0 days 01:20:00.937000,0 days 02:15:37.545000
2024-05-19 14:23:17.931,10948,274,7,100,False,0,car,0 days 01:20:01.337000,0 days 02:15:37.945000
2024-05-19 14:23:18.091,10933,276,7,100,False,0,car,0 days 01:20:01.497000,0 days 02:15:38.105000
2024-05-19 14:23:18.251,11035,278,7,100,False,0,car,0 days 01:20:01.657000,0 days 02:15:38.265000
2024-05-19 14:23:18.491,11037,280,7,100,False,0,car,0 days 01:20:01.897000,0 days 02:15:38.505000
2024-05-19 14:23:18.691,11208,282,7,100,False,0,car,0 days 01:20:02.097000,0 days 02:15:38.705000
2024-05-19 14:23:19.171,11369,287,7,100,False,0,car,0 days 01:20:02.577000,0 days 02:15:39.185000
2024-05-19 14:23:19.371,11402,289,7,100,False,0,car,0 days 01:20:02.777000,0 days 02:15:39.385000
2024-05-19 14:23:19.731,11510,292,7,100,False,0,car,0 days 01:20:03.137000,0 days 02:15:39.745000
2024-05-19 14:23:20.011,11462,293,7,100,False,0,car,0 days 01:20:03.417000,0 days 02:15:40.025000
2024-05-19 14:23:20.411,10559,296,8,100,False,0,car,0 days 01:20:03.817000,0 days 02:15:40.425000
2024-05-19 14:23:20.651,10604,298,8,100,False,0,car,0 days 01:20:04.057000,0 days 02:15:40.665000
2024-05-19 14:23:20.851,10640,299,8,100,False,0,car,0 days 01:20:04.257000,0 days 02:15:40.865000
2024-05-19 14:23:21.091,10687,300,8,100,False,0,car,0 days 01:20:04.497000,0 days 02:15:41.105000
2024-05-19 14:23:21.331,10727,302,8,100,False,0,car,0 days 01:20:04.737000,0 days 02:15:41.345000
2024-05-19 14:23:21.612,10815,304,8,100,False,0,car,0 days 01:20:05.018000,0 days 02:15:41.626000
2024-05-19 14:23:21.892,10833,305,8,100,False,0,car,0 days 01:20:05.298000,0 days 02:15:41.906000
2024-05-19 14:23:22.252,10873,306,8,100,False,0,car,0 days 01:20:05.658000,0 days 02:15:42.266000
2024-05-19 14:23:22.412,10941,307,8,100,False,0,car,0 days 01:20:05.818000,0 days 02:15:42.426000
2024-05-19 14:23:22.612,10929,308,8,100,False,0,car,0 days 01:20:06.018000,0 days 02:15:42.626000
2024-05-19 14:23:22.812,10990,309,8,100,False,0,car,0 days 01:20:06.218000,0 days 02:15:42.826000
2024-05-19 14:23:22.972,10980,309,8,100,False,0,car,0 days 01:20:06.378000,0 days 02:15:42.986000
2024-05-19 14:23:23.252,11019,309,8,100,False,0,car,0 days 01:20:06.658000,0 days 02:15:43.266000
2024-05-19 14:23:23.492,11032,310,8,100,False,0,car,0 days 01:20:06.898000,0 days 02:15:43.506000
2024-05-19 14:23:23.852,11046,311,8,100,False,0,car,0 days 01:20:07.258000,0 days 02:15:43.866000
2024-05-19 14:23:24.132,11083,312,8,100,False,0,car,0 days 01:20:07.538000,0 days 02:15:44.146000
2024-05-19 14:23:24.451,11170,313,8,100,False,0,car,0 days 01:20:07.857000,0 days 02:15:44.465000
2024-05-19 14:23:24.691,11066,313,8,100,False,0,car,0 days 01:20:08.097000,0 days 02:15:44.705000
2024-05-19 14:23:24.851,11113,314,8,100,False,0,car,0 days 01:20:08.257000,0 days 02:15:44.865000
2024-05-19 14:23:25.131,11100,314,8,100,False,0,car,0 days 01:20:08.537000,0 days 02:15:45.145000
2024-05-19 14:23:25.331,11140,314,8,100,False,0,car,0 days 01:20:08.737000,0 days 02:15:45.345000
2024-05-19 14:23:25.491,11189,315,8,100,False,0,car,0 days 01:20:08.897000,0 days 02:15:45.505000
2024-05-19 14:23:25.811,11216,315,8,100,False,0,car,0 days 01:20:09.217000,0 days 02:15:45.825000
2024-05-19 14:23:25.971,11216,315,8,100,False,0,car,0 days 01:20:09.377000,0 days 02:15:45.985000
2024-05-19 14:23:26.171,11206,316,8,100,False,0,car,0 days 01:20:09.577000,0 days 02:15:46.185000
2024-05-19 14:23:26.371,11178,316,8,100,False,0,car,0 days 01:20:09.777000,0 days 02:15:46.385000
2024-05-19 14:23:26.611,11185,317,8,100,False,0,car,0 days 01:20:10.017000,0 days 02:15:46.625000
2024-05-19 14:23:26.971,11196,317,8,100,False,0,car,0 days 01:20:10.377000,0 days 02:15:46.985000
2024-05-19 14:23:27.131,11226,317,8,100,False,0,car,0 days 01:20:10.537000,0 days 02:15:47.145000
2024-05-19 14:23:27.411,11208,317,8,100,False,0,car,0 days 01:20:10.817000,0 days 02:15:47.425000
2024-05-19 14:23:27.651,11235,317,8,100,False,0,car,0 days 01:20:11.057000,0 days 02:15:47.665000
2024-05-19 14:23:27.931,11164,317,8,100,False,0,car,0 days 01:20:11.337000,0 days 02:15:47.945000
2024-05-19 14:23:28.212,10744,307,8,0,True,0,car,0 days 01:20:11.618000,0 days 02:15:48.226000
2024-05-19 14:23:28.412,10014,281,8,0,True,0,car,0 days 01:20:11.818000,0 days 02:15:48.426000
2024-05-19 14:23:28.652,9848,252,8,0,True,0,car,0 days 01:20:12.058000,0 days 02:15:48.666000
2024-05-19 14:23:28.812,10118,238,8,0,True,0,car,0 days 01:20:12.218000,0 days 02:15:48.826000
2024-05-19 14:23:29.052,10195,204,8,0,True,0,car,0 days 01:20:12.458000,0 days 02:15:49.066000
2024-05-19 14:23:29.212,10205,186,6,0,True,0,car,0 days 01:20:12.618000,0 days 02:15:49.226000
2024-05-19 14:23:29.372,10462,178,4,0,True,0,car,0 days 01:20:12.778000,0 days 02:15:49.386000
2024-05-19 14:23:29.732,9394,163,4,0,True,0,car,0 days 01:20:13.138000,0 days 02:15:49.746000
2024-05-19 14:23:30.092,9063,163,4,1,False,0,car,0 days 01:20:13.498000,0 days 02:15:50.106000
2024-05-19 14:23:30.332,9009,147,4,6,False,0,car,0 days 01:20:13.738000,0 days 02:15:50.346000
2024-05-19 14:23:30.772,9316,150,4,63,False,0,car,0 days 01:20:14.178000,0 days 02:15:50.786000
2024-05-19 14:23:30.971,9775,154,4,79,False,0,car,0 days 01:20:14.377000,0 days 02:15:50.985000
2024-05-19 14:23:31.211,9127,165,4,76,False,0,car,0 days 01:20:14.617000,0 days 02:15:51.225000
2024-05-19 14:23:31.531,8293,163,5,38,False,0,car,0 days 01:20:14.937000,0 days 02:15:51.545000
2024-05-19 14:23:31.771,8443,163,5,51,False,0,car,0 days 01:20:15.177000,0 days 02:15:51.785000
2024-05-19 14:23:32.011,8850,168,5,73,False,0,car,0 days 01:20:15.417000,0 days 02:15:52.025000
2024-05-19 14:23:32.171,9225,169,5,81,False,0,car,0 days 01:20:15.577000,0 days 02:15:52.185000
2024-05-19 14:23:32.411,9370,178,5,100,False,0,car,0 days 01:20:15.817000,0 days 02:15:52.425000
2024-05-19 14:23:32.691,9707,186,5,100,False,0,car,0 days 01:20:16.097000,0 days 02:15:52.705000
2024-05-19 14:23:33.051,10514,199,5,100,False,0,car,0 days 01:20:16.457000,0 days 02:15:53.065000
2024-05-19 14:23:33.251,10712,206,5,100,False,0,car,0 days 01:20:16.657000,0 days 02:15:53.265000
2024-05-19 14:23:33.491,10993,212,5,100,False,0,car,0 days 01:20:16.897000,0 days 02:15:53.505000
2024-05-19 14:23:33.731,11375,219,5,100,False,0,car,0 days 01:20:17.137000,0 days 02:15:53.745000
2024-05-19 14:23:33.971,11573,224,5,100,False,0,car,0 days 01:20:17.377000,0 days 02:15:53.985000
2024-05-19 14:23:34.211,10873,226,5,100,False,0,car,0 days 01:20:17.617000,0 days 02:15:54.225000
2024-05-19 14:23:34.371,10601,231,6,100,False,0,car,0 days 01:20:17.777000,0 days 02:15:54.385000
2024-05-19 14:23:34.652,10750,237,6,100,False,0,car,0 days 01:20:18.058000,0 days 02:15:54.666000
2024-05-19 14:23:34.852,10845,241,6,100,False,0,car,0 days 01:20:18.258000,0 days 02:15:54.866000
2024-05-19 14:23:35.172,11128,247,6,100,False,0,car,0 days 01:20:18.578000,0 days 02:15:55.186000
2024-05-19 14:23:35.452,11311,252,6,100,False,0,car,0 days 01:20:18.858000,0 days 02:15:55.466000
2024-05-19 14:23:35.932,11643,260,6,100,False,0,car,0 days 01:20:19.338000,0 days 02:15:55.946000
2024-05-19 14:23:36.332,10518,265,7,100,False,0,car,0 days 01:20:19.738000,0 days 02:15:56.346000
2024-05-19 14:23:36.492,10518,267,7,100,False,0,car,0 days 01:20:19.898000,0 days 02:15:56.506000
2024-05-19 14:23:36.892,10714,270,7,100,False,0,car,0 days 01:20:20.298000,0 days 02:15:56.906000
2024-05-19 14:23:37.132,10764,272,7,100,False,0,car,0 days 01:20:20.538000,0 days 02:15:57.146000
2024-05-19 14:23:37.492,10885,274,7,100,False,0,car,0 days 01:20:20.898000,0 days 02:15:57.506000
2024-05-19 14:23:37.731,10981,276,7,100,False,0,car,0 days 01:20:21.137000,0 days 02:15:57.745000
2024-05-19 14:23:38.171,10949,278,7,100,False,0,car,0 days 01:20:21.577000,0 days 02:15:58.185000
2024-05-19 14:23:38.451,10991,278,7,100,False,0,car,0 days 01:20:21.857000,0 days 02:15:58.465000
2024-05-19 14:23:38.771,10969,278,7,100,False,0,car,0 days 01:20:22.177000,0 days 02:15:58.785000
2024-05-19 14:23:38.931,11034,278,7,100,False,0,car,0 days 01:20:22.337000,0 days 02:15:58.945000
2024-05-19 14:23:39.211,10802,278,7,92,False,0,car,0 days 01:20:22.617000,0 days 02:15:59.225000
2024-05-19 14:23:39.451,10469,273,7,0,True,0,car,0 days 01:20:22.857000,0 days 02:15:59.465000
2024-05-19 14:23:39.771,10696,247,7,1,True,0,car,0 days 01:20:23.177000,0 days 02:15:59.785000
2024-05-19 14:23:39.971,10355,238,6,1,True,0,car,0 days 01:20:23.377000,0 days 02:15:59.985000
2024-05-19 14:23:40.451,9496,218,6,2,True,0,car,0 days 01:20:23.857000,0 days 02:16:00.465000
2024-05-19 14:23:40.691,10024,205,6,0,True,0,car,0 days 01:20:24.097000,0 days 02:16:00.705000
2024-05-19 14:23:41.091,8871,178,5,0,True,0,car,0 days 01:20:24.497000,0 days 02:16:01.105000
2024-05-19 14:23:41.492,8316,167,5,0,False,0,car,0 days 01:20:24.898000,0 days 02:16:01.506000
2024-05-19 14:23:41.772,8363,160,5,38,False,0,car,0 days 01:20:25.178000,0 days 02:16:01.786000
2024-05-19 14:23:42.052,8572,162,5,56,False,0,car,0 days 01:20:25.458000,0 days 02:16:02.066000
2024-05-19 14:23:42.292,8788,165,5,78,False,0,car,0 days 01:20:25.698000,0 days 02:16:02.306000
2024-05-19 14:23:42.532,9199,173,5,92,False,0,car,0 days 01:20:25.938000,0 days 02:16:02.546000
2024-05-19 14:23:42.692,9493,177,5,100,False,0,car,0 days 01:20:26.098000,0 days 02:16:02.706000
2024-05-19 14:23:42.972,9873,185,5,100,False,0,car,0 days 01:20:26.378000,0 days 02:16:02.986000
2024-05-19 14:23:43.292,10241,196,5,100,False,0,car,0 days 01:20:26.698000,0 days 02:16:03.306000
2024-05-19 14:23:43.532,10876,205,5,100,False,0,car,0 days 01:20:26.938000,0 days 02:16:03.546000
2024-05-19 14:23:43.852,10894,212,5,100,False,0,car,0 days 01:20:27.258000,0 days 02:16:03.866000
2024-05-19 14:23:44.052,11127,216,5,100,False,0,car,0 days 01:20:27.458000,0 days 02:16:04.066000
2024-05-19 14:23:44.331,11230,220,5,100,False,0,car,0 days 01:20:27.737000,0 days 02:16:04.345000
2024-05-19 14:23:44.731,11430,225,5,100,False,0,car,0 days 01:20:28.137000,0 days 02:16:04.745000
2024-05-19 14:23:45.011,11516,228,5,100,False,0,car,0 days 01:20:28.417000,0 days 02:16:05.025000
2024-05-19 14:23:45.291,11120,222,5,0,True,0,car,0 days 01:20:28.697000,0 days 02:16:05.305000
2024-05-19 14:23:45.771,10635,173,5,0,True,0,car,0 days 01:20:29.177000,0 days 02:16:05.785000
2024-05-19 14:23:46.011,10698,165,4,0,True,0,car,0 days 01:20:29.417000,0 days 02:16:06.025000
2024-05-19 14:23:46.371,9526,136,3,0,True,0,car,0 days 01:20:29.777000,0 days 02:16:06.385000
2024-05-19 14:23:46.731,8394,122,3,0,True,0,car,0 days 01:20:30.137000,0 days 02:16:06.745000
2024-05-19 14:23:46.891,8197,119,3,0,True,0,car,0 days 01:20:30.297000,0 days 02:16:06.905000
2024-05-19 14:23:47.171,8026,110,3,0,True,0,car,0 days 01:20:30.577000,0 days 02:16:07.185000
2024-05-19 14:23:47.371,7323,105,3,0,True,0,car,0 days 01:20:30.777000,0 days 02:16:07.385000
2024-05-19 14:23:47.571,7076,101,3,0,True,0,car,0 days 01:20:30.977000,0 days 02:16:07.585000
2024-05-19 14:23:47.771,6748,97,3,0,False,0,car,0 days 01:20:31.177000,0 days 02:16:07.785000
2024-05-19 14:23:48.012,6720,91,3,0,False,0,car,0 days 01:20:31.418000,0 days 02:16:08.026000
2024-05-19 14:23:48.372,6995,94,3,25,False,0,car,0 days 01:20:31.778000,0 days 02:16:08.386000
2024-05-19 14:23:48.852,7451,98,3,30,False,0,car,0 days 01:20:32.258000,0 days 02:16:08.866000
2024-05-19 14:23:49.052,7685,102,3,37,False,0,car,0 days 01:20:32.458000,0 days 02:16:09.066000
2024-05-19 14:23:49.252,7915,105,3,42,False,0,car,0 days 01:20:32.658000,0 days 02:16:09.266000
2024-05-19 14:23:49.452,8314,110,3,57,False,0,car,0 days 01:20:32.858000,0 days 02:16:09.466000
2024-05-19 14:23:49.692,8996,116,3,69,False,0,car,0 days 01:20:33.098000,0 days 02:16:09.706000
2024-05-19 14:23:49.852,9502,123,3,74,False,0,car,0 days 01:20:33.258000,0 days 02:16:09.866000
2024-05-19 14:23:50.172,10575,136,3,100,False,0,car,0 days 01:20:33.578000,0 days 02:16:10.186000
2024-05-19 14:23:50.372,11615,148,3,100,False,0,car,0 days 01:20:33.778000,0 days 02:16:10.386000
2024-05-19 14:23:50.612,10090,161,3,100,False,0,car,0 days 01:20:34.018000,0 days 02:16:10.626000
2024-05-19 14:23:50.932,10729,174,4,100,False,0,car,0 days 01:20:34.338000,0 days 02:16:10.946000
2024-05-19 14:23:51.171,11226,182,4,100,False,0,car,0 days 01:20:34.577000,0 days 02:16:11.185000
2024-05-19 14:23:51.451,11685,193,4,100,False,0,car,0 days 01:20:34.857000,0 days 02:16:11.465000
2024-05-19 14:23:51.651,10988,196,4,100,False,0,car,0 days 01:20:35.057000,0 days 02:16:11.665000
2024-05-19 14:23:51.971,10903,209,5,100,False,0,car,0 days 01:20:35.377000,0 days 02:16:11.985000
2024-05-19 14:23:52.171,11130,212,5,100,False,0,car,0 days 01:20:35.577000,0 days 02:16:12.185000
2024-05-19 14:23:52.331,11367,221,5,100,False,0,car,0 days 01:20:35.737000,0 days 02:16:12.345000
2024-05-19 14:23:52.531,11437,226,5,100,False,0,car,0 days 01:20:35.937000,0 days 02:16:12.545000
2024-05-19 14:23:52.811,11035,233,5,100,False,0,car,0 days 01:20:36.217000,0 days 02:16:12.825000
2024-05-19 14:23:53.131,10782,240,6,100,False,0,car,0 days 01:20:36.537000,0 days 02:16:13.145000
2024-05-19 14:23:53.371,10995,244,6,100,False,0,car,0 days 01:20:36.777000,0 days 02:16:13.385000
2024-05-19 14:23:53.811,11317,253,6,100,False,0,car,0 days 01:20:37.217000,0 days 02:16:13.825000
2024-05-19 14:23:54.171,11528,258,6,100,False,0,car,0 days 01:20:37.577000,0 days 02:16:14.185000
2024-05-19 14:23:54.331,11337,260,6,100,False,0,car,0 days 01:20:37.737000,0 days 02:16:14.345000
2024-05-19 14:23:54.812,10484,263,7,100,False,0,car,0 days 01:20:38.218000,0 days 02:16:14.826000
2024-05-19 14:23:54.972,10461,264,7,100,False,0,car,0 days 01:20:38.378000,0 days 02:16:14.986000
2024-05-19 14:23:55.412,10610,267,7,100,False,0,car,0 days 01:20:38.818000,0 days 02:16:15.426000
2024-05-19 14:23:55.652,10622,268,7,100,False,0,car,0 days 01:20:39.058000,0 days 02:16:15.666000
2024-05-19 14:23:56.012,10670,268,7,100,False,0,car,0 days 01:20:39.418000,0 days 02:16:16.026000
2024-05-19 14:23:56.412,10699,269,7,100,False,0,car,0 days 01:20:39.818000,0 days 02:16:16.426000
2024-05-19 14:23:56.892,10754,270,7,100,False,0,car,0 days 01:20:40.298000,0 days 02:16:16.906000
2024-05-19 14:23:57.212,10586,271,7,100,False,0,car,0 days 01:20:40.618000,0 days 02:16:17.226000
2024-05-19 14:23:57.492,10331,261,7,0,True,0,car,0 days 01:20:40.898000,0 days 02:16:17.506000
2024-05-19 14:23:57.851,11017,224,7,0,True,0,car,0 days 01:20:41.257000,0 days 02:16:17.865000
2024-05-19 14:23:58.051,10570,213,6,0,True,0,car,0 days 01:20:41.457000,0 days 02:16:18.065000
2024-05-19 14:23:58.211,10434,209,5,2,True,0,car,0 days 01:20:41.617000,0 days 02:16:18.225000
2024-05-19 14:23:58.371,10381,205,5,17,False,0,car,0 days 01:20:41.777000,0 days 02:16:18.385000
2024-05-19 14:23:58.651,10412,200,5,68,False,0,car,0 days 01:20:42.057000,0 days 02:16:18.665000
2024-05-19 14:23:58.931,10665,204,5,82,False,0,car,0 days 01:20:42.337000,0 days 02:16:18.945000
2024-05-19 14:23:59.091,10727,205,5,85,False,0,car,0 days 01:20:42.497000,0 days 02:16:19.105000
2024-05-19 14:23:59.291,10832,208,5,89,False,0,car,0 days 01:20:42.697000,0 days 02:16:19.305000
2024-05-19 14:23:59.771,11256,217,5,100,False,0,car,0 days 01:20:43.177000,0 days 02:16:19.785000
2024-05-19 14:24:00.171,11914,228,5,100,False,0,car,0 days 01:20:43.577000,0 days 02:16:20.185000
2024-05-19 14:24:00.371,11192,232,5,100,False,0,car,0 days 01:20:43.777000,0 days 02:16:20.385000
2024-05-19 14:24:00.731,10897,241,6,100,False,0,car,0 days 01:20:44.137000,0 days 02:16:20.745000
2024-05-19 14:24:00.931,11082,246,6,100,False,0,car,0 days 01:20:44.337000,0 days 02:16:20.945000
2024-05-19 14:24:01.172,11220,250,6,100,False,0,car,0 days 01:20:44.578000,0 days 02:16:21.186000
2024-05-19 14:24:01.412,11435,256,6,100,False,0,car,0 days 01:20:44.818000,0 days 02:16:21.426000
2024-05-19 14:24:01.812,11725,262,6,100,False,0,car,0 days 01:20:45.218000,0 days 02:16:21.826000
2024-05-19 14:24:02.052,11847,265,6,100,False,0,car,0 days 01:20:45.458000,0 days 02:16:22.066000
2024-05-19 14:24:02.252,11809,267,6,100,False,0,car,0 days 01:20:45.658000,0 days 02:16:22.266000
2024-05-19 14:24:02.492,10672,268,6,100,False,0,car,0 days 01:20:45.898000,0 days 02:16:22.506000
2024-05-19 14:24:02.772,10746,271,7,100,False,0,car,0 days 01:20:46.178000,0 days 02:16:22.786000
2024-05-19 14:24:03.052,10754,272,7,100,False,0,car,0 days 01:20:46.458000,0 days 02:16:23.066000
2024-05-19 14:24:03.412,10777,273,7,100,False,0,car,0 days 01:20:46.818000,0 days 02:16:23.426000
2024-05-19 14:24:03.652,10847,274,7,100,False,0,car,0 days 01:20:47.058000,0 days 02:16:23.666000
2024-05-19 14:24:04.092,10842,273,7,90,False,0,car,0 days 01:20:47.498000,0 days 02:16:24.106000
2024-05-19 14:24:04.491,10161,267,7,0,True,0,car,0 days 01:20:47.897000,0 days 02:16:24.505000
2024-05-19 14:24:04.651,9854,255,7,0,True,0,car,0 days 01:20:48.057000,0 days 02:16:24.665000
2024-05-19 14:24:04.891,10247,241,7,0,True,0,car,0 days 01:20:48.297000,0 days 02:16:24.905000
2024-05-19 14:24:05.091,10881,220,6,0,True,0,car,0 days 01:20:48.497000,0 days 02:16:25.105000
2024-05-19 14:24:05.251,10528,199,6,0,True,0,car,0 days 01:20:48.657000,0 days 02:16:25.265000
2024-05-19 14:24:05.411,10646,181,6,0,True,0,car,0 days 01:20:48.817000,0 days 02:16:25.425000
2024-05-19 14:24:05.691,9457,167,4,0,True,0,car,0 days 01:20:49.097000,0 days 02:16:25.705000
2024-05-19 14:24:05.891,8564,151,4,0,True,0,car,0 days 01:20:49.297000,0 days 02:16:25.905000
2024-05-19 14:24:06.051,8347,143,4,0,True,0,car,0 days 01:20:49.457000,0 days 02:16:26.065000
2024-05-19 14:24:06.331,7725,133,4,0,True,0,car,0 days 01:20:49.737000,0 days 02:16:26.345000
2024-05-19 14:24:06.611,7606,127,4,0,False,0,car,0 days 01:20:50.017000,0 days 02:16:26.625000
2024-05-19 14:24:06.891,7698,122,4,7,False,0,car,0 days 01:20:50.297000,0 days 02:16:26.905000
2024-05-19 14:24:07.371,7735,123,4,54,False,0,car,0 days 01:20:50.777000,0 days 02:16:27.385000
2024-05-19 14:24:07.532,8015,129,4,54,False,0,car,0 days 01:20:50.938000,0 days 02:16:27.546000
2024-05-19 14:24:07.812,8808,140,4,100,False,0,car,0 days 01:20:51.218000,0 days 02:16:27.826000
2024-05-19 14:24:07.972,8979,144,4,100,False,0,car,0 days 01:20:51.378000,0 days 02:16:27.986000
2024-05-19 14:24:08.412,10325,161,4,100,False,0,car,0 days 01:20:51.818000,0 days 02:16:28.426000
2024-05-19 14:24:08.612,10504,172,4,100,False,0,car,0 days 01:20:52.018000,0 days 02:16:28.626000
2024-05-19 14:24:08.972,11308,184,4,100,False,0,car,0 days 01:20:52.378000,0 days 02:16:28.986000
2024-05-19 14:24:09.212,11591,194,4,100,False,0,car,0 days 01:20:52.618000,0 days 02:16:29.226000
2024-05-19 14:24:09.412,10751,201,4,100,False,0,car,0 days 01:20:52.818000,0 days 02:16:29.426000
2024-05-19 14:24:09.772,10845,210,5,100,False,0,car,0 days 01:20:53.178000,0 days 02:16:29.786000
2024-05-19 14:24:10.212,11391,224,5,100,False,0,car,0 days 01:20:53.618000,0 days 02:16:30.226000
2024-05-19 14:24:10.612,10769,233,5,100,False,0,car,0 days 01:20:54.018000,0 days 02:16:30.626000
2024-05-19 14:24:11.052,10810,239,6,100,False,0,car,0 days 01:20:54.458000,0 days 02:16:31.066000
2024-05-19 14:24:11.291,10973,245,6,100,False,0,car,0 days 01:20:54.697000,0 days 02:16:31.305000
2024-05-19 14:24:11.691,11160,249,6,100,False,0,car,0 days 01:20:55.097000,0 days 02:16:31.705000
2024-05-19 14:24:11.851,11251,251,6,100,False,0,car,0 days 01:20:55.257000,0 days 02:16:31.865000
2024-05-19 14:24:12.291,11328,254,6,100,False,0,car,0 days 01:20:55.697000,0 days 02:16:32.305000
2024-05-19 14:24:12.731,11371,256,6,100,False,0,car,0 days 01:20:56.137000,0 days 02:16:32.745000
2024-05-19 14:24:12.931,11358,256,6,100,False,0,car,0 days 01:20:56.337000,0 days 02:16:32.945000
2024-05-19 14:24:13.211,11452,258,6,100,False,0,car,0 days 01:20:56.617000,0 days 02:16:33.225000
2024-05-19 14:24:13.411,11436,258,6,100,False,0,car,0 days 01:20:56.817000,0 days 02:16:33.425000
2024-05-19 14:24:13.611,11402,258,6,100,False,0,car,0 days 01:20:57.017000,0 days 02:16:33.625000
2024-05-19 14:24:13.811,11143,247,6,0,True,0,car,0 days 01:20:57.217000,0 days 02:16:33.825000
2024-05-19 14:24:13.971,10263,236,6,0,True,0,car,0 days 01:20:57.377000,0 days 02:16:33.985000
2024-05-19 14:24:14.292,9826,199,6,0,True,0,car,0 days 01:20:57.698000,0 days 02:16:34.306000
2024-05-19 14:24:14.452,10257,177,6,0,True,0,car,0 days 01:20:57.858000,0 days 02:16:34.466000
2024-05-19 14:24:14.652,9754,161,5,0,True,0,car,0 days 01:20:58.058000,0 days 02:16:34.666000
2024-05-19 14:24:14.972,8269,143,4,0,True,0,car,0 days 01:20:58.378000,0 days 02:16:34.986000
2024-05-19 14:24:15.332,7385,127,4,0,True,0,car,0 days 01:20:58.738000,0 days 02:16:35.346000
2024-05-19 14:24:15.572,6924,120,4,0,True,0,car,0 days 01:20:58.978000,0 days 02:16:35.586000
2024-05-19 14:24:15.732,6753,116,4,0,True,0,car,0 days 01:20:59.138000,0 days 02:16:35.746000
2024-05-19 14:24:15.892,6584,112,4,0,False,0,car,0 days 01:20:59.298000,0 days 02:16:35.906000
2024-05-19 14:24:16.172,7454,109,4,0,True,0,car,0 days 01:20:59.578000,0 days 02:16:36.186000
2024-05-19 14:24:16.372,7584,107,3,0,True,0,car,0 days 01:20:59.778000,0 days 02:16:36.386000
2024-05-19 14:24:16.532,7286,104,3,0,True,0,car,0 days 01:20:59.938000,0 days 02:16:36.546000
2024-05-19 14:24:16.692,7068,100,3,0,False,0,car,0 days 01:21:00.098000,0 days 02:16:36.706000
2024-05-19 14:24:16.972,7503,96,3,23,False,0,car,0 days 01:21:00.378000,0 days 02:16:36.986000
2024-05-19 14:24:17.132,7290,98,3,21,False,0,car,0 days 01:21:00.538000,0 days 02:16:37.146000
2024-05-19 14:24:17.612,7899,105,3,40,False,0,car,0 days 01:21:01.018000,0 days 02:16:37.626000
2024-05-19 14:24:17.891,8422,110,3,62,False,0,car,0 days 01:21:01.297000,0 days 02:16:37.905000
2024-05-19 14:24:18.131,9349,116,3,70,False,0,car,0 days 01:21:01.537000,0 days 02:16:38.145000
2024-05-19 14:24:18.331,9793,128,3,80,False,0,car,0 days 01:21:01.737000,0 days 02:16:38.345000
2024-05-19 14:24:18.571,10854,138,3,100,False,0,car,0 days 01:21:01.977000,0 days 02:16:38.585000
2024-05-19 14:24:18.771,11063,149,3,100,False,0,car,0 days 01:21:02.177000,0 days 02:16:38.785000
2024-05-19 14:24:19.011,11583,163,3,100,False,0,car,0 days 01:21:02.417000,0 days 02:16:39.025000
2024-05-19 14:24:19.171,10463,167,4,100,False,0,car,0 days 01:21:02.577000,0 days 02:16:39.185000
2024-05-19 14:24:19.451,11237,182,4,100,False,0,car,0 days 01:21:02.857000,0 days 02:16:39.465000
2024-05-19 14:24:19.611,11385,189,4,100,False,0,car,0 days 01:21:03.017000,0 days 02:16:39.625000
2024-05-19 14:24:19.771,11470,189,4,100,False,0,car,0 days 01:21:03.177000,0 days 02:16:39.785000
2024-05-19 14:24:19.931,10630,200,4,100,False,0,car,0 days 01:21:03.337000,0 days 02:16:39.945000
2024-05-19 14:24:20.291,10921,210,5,100,False,0,car,0 days 01:21:03.697000,0 days 02:16:40.305000
2024-05-19 14:24:20.531,11288,220,5,100,False,0,car,0 days 01:21:03.937000,0 days 02:16:40.545000
2024-05-19 14:24:20.732,11469,225,5,100,False,0,car,0 days 01:21:04.138000,0 days 02:16:40.746000
2024-05-19 14:24:21.092,11057,231,5,100,False,0,car,0 days 01:21:04.498000,0 days 02:16:41.106000
2024-05-19 14:24:21.332,10844,240,5,100,False,0,car,0 days 01:21:04.738000,0 days 02:16:41.346000
2024-05-19 14:24:21.652,11110,246,6,100,False,0,car,0 days 01:21:05.058000,0 days 02:16:41.666000
2024-05-19 14:24:21.892,11246,251,6,100,False,0,car,0 days 01:21:05.298000,0 days 02:16:41.906000
2024-05-19 14:24:22.172,11429,256,6,100,False,0,car,0 days 01:21:05.578000,0 days 02:16:42.186000
2024-05-19 14:24:22.572,11618,262,6,100,False,0,car,0 days 01:21:05.978000,0 days 02:16:42.586000
2024-05-19 14:24:22.932,10683,268,7,100,False,0,car,0 days 01:21:06.338000,0 days 02:16:42.946000
2024-05-19 14:24:23.132,10778,271,7,100,False,0,car,0 days 01:21:06.538000,0 days 02:16:43.146000
2024-05-19 14:24:23.332,10875,273,7,100,False,0,car,0 days 01:21:06.738000,0 days 02:16:43.346000
2024-05-19 14:24:23.532,10899,275,7,100,False,0,car,0 days 01:21:06.938000,0 days 02:16:43.546000
2024-05-19 14:24:23.772,10990,278,7,100,False,0,car,0 days 01:21:07.178000,0 days 02:16:43.786000
2024-05-19 14:24:24.172,11078,282,7,100,False,0,car,0 days 01:21:07.578000,0 days 02:16:44.186000
2024-05-19 14:24:24.412,11078,282,7,100,False,0,car,0 days 01:21:07.818000,0 days 02:16:44.426000
2024-05-19 14:24:24.851,11242,288,7,100,False,0,car,0 days 01:21:08.257000,0 days 02:16:44.865000
2024-05-19 14:24:25.011,11388,290,7,100,False,0,car,0 days 01:21:08.417000,0 days 02:16:45.025000
2024-05-19 14:24:25.211,11388,290,7,100,False,0,car,0 days 01:21:08.617000,0 days 02:16:45.225000
2024-05-19 14:24:25.651,11559,293,7,100,False,0,car,0 days 01:21:09.057000,0 days 02:16:45.665000
2024-05-19 14:24:26.011,11697,297,7,100,False,0,car,0 days 01:21:09.417000,0 days 02:16:46.025000
2024-05-19 14:24:26.251,11684,298,7,100,False,0,car,0 days 01:21:09.657000,0 days 02:16:46.265000
2024-05-19 14:24:26.571,11570,296,7,100,False,0,car,0 days 01:21:09.977000,0 days 02:16:46.585000
2024-05-19 14:24:26.851,11370,287,7,1,True,0,car,0 days 01:21:10.257000,0 days 02:16:46.865000
2024-05-19 14:24:27.131,9913,252,7,0,True,0,car,0 days 01:21:10.537000,0 days 02:16:47.145000
2024-05-19 14:24:27.492,10685,212,7,0,True,0,car,0 days 01:21:10.898000,0 days 02:16:47.506000
2024-05-19 14:24:27.772,10539,179,6,0,True,0,car,0 days 01:21:11.178000,0 days 02:16:47.786000
2024-05-19 14:24:27.972,10081,162,4,0,True,0,car,0 days 01:21:11.378000,0 days 02:16:47.986000
2024-05-19 14:24:28.252,9930,143,3,0,True,0,car,0 days 01:21:11.658000,0 days 02:16:48.266000
2024-05-19 14:24:28.452,9369,132,3,0,True,0,car,0 days 01:21:11.858000,0 days 02:16:48.466000
2024-05-19 14:24:28.652,8871,126,3,0,True,0,car,0 days 01:21:12.058000,0 days 02:16:48.666000
2024-05-19 14:24:28.892,8297,123,3,0,True,0,car,0 days 01:21:12.298000,0 days 02:16:48.906000
2024-05-19 14:24:29.252,7921,112,3,0,False,0,car,0 days 01:21:12.658000,0 days 02:16:49.266000
2024-05-19 14:24:29.532,8025,110,3,3,False,0,car,0 days 01:21:12.938000,0 days 02:16:49.546000
2024-05-19 14:24:29.892,8275,111,3,42,False,0,car,0 days 01:21:13.298000,0 days 02:16:49.906000
2024-05-19 14:24:30.172,8807,117,3,51,False,0,car,0 days 01:21:13.578000,0 days 02:16:50.186000
2024-05-19 14:24:30.412,9528,126,3,65,False,0,car,0 days 01:21:13.818000,0 days 02:16:50.426000
2024-05-19 14:24:30.692,10381,133,3,94,False,0,car,0 days 01:21:14.098000,0 days 02:16:50.706000
2024-05-19 14:24:30.972,10477,147,3,100,False,0,car,0 days 01:21:14.378000,0 days 02:16:50.986000
2024-05-19 14:24:31.212,9845,159,4,100,False,0,car,0 days 01:21:14.618000,0 days 02:16:51.226000
2024-05-19 14:24:31.411,9423,162,4,21,False,0,car,0 days 01:21:14.817000,0 days 02:16:51.425000
2024-05-19 14:24:31.611,9179,155,4,0,True,0,car,0 days 01:21:15.017000,0 days 02:16:51.625000
2024-05-19 14:24:31.851,8674,150,4,0,True,0,car,0 days 01:21:15.257000,0 days 02:16:51.865000
2024-05-19 14:24:32.091,8407,143,4,0,True,0,car,0 days 01:21:15.497000,0 days 02:16:52.105000
2024-05-19 14:24:32.251,8130,139,4,1,True,0,car,0 days 01:21:15.657000,0 days 02:16:52.265000
2024-05-19 14:24:32.611,8028,134,4,4,False,0,car,0 days 01:21:16.017000,0 days 02:16:52.625000
2024-05-19 14:24:32.771,8256,131,4,51,False,0,car,0 days 01:21:16.177000,0 days 02:16:52.785000
2024-05-19 14:24:32.931,8195,133,4,50,False,0,car,0 days 01:21:16.337000,0 days 02:16:52.945000
2024-05-19 14:24:33.131,8513,137,4,52,False,0,car,0 days 01:21:16.537000,0 days 02:16:53.145000
2024-05-19 14:24:33.291,8547,139,4,57,False,0,car,0 days 01:21:16.697000,0 days 02:16:53.305000
2024-05-19 14:24:33.451,8929,144,4,65,False,0,car,0 days 01:21:16.857000,0 days 02:16:53.465000
2024-05-19 14:24:33.651,9414,149,4,72,False,0,car,0 days 01:21:17.057000,0 days 02:16:53.665000
2024-05-19 14:24:33.852,9908,156,4,84,False,0,car,0 days 01:21:17.258000,0 days 02:16:53.866000
2024-05-19 14:24:34.172,10700,168,4,100,False,0,car,0 days 01:21:17.578000,0 days 02:16:54.186000
2024-05-19 14:24:34.412,11210,177,4,100,False,0,car,0 days 01:21:17.818000,0 days 02:16:54.426000
2024-05-19 14:24:34.572,11331,185,4,100,False,0,car,0 days 01:21:17.978000,0 days 02:16:54.586000
2024-05-19 14:24:34.732,11455,192,4,100,False,0,car,0 days 01:21:18.138000,0 days 02:16:54.746000
2024-05-19 14:24:35.052,10474,202,5,100,False,0,car,0 days 01:21:18.458000,0 days 02:16:55.066000
2024-05-19 14:24:35.412,10950,215,5,100,False,0,car,0 days 01:21:18.818000,0 days 02:16:55.426000
2024-05-19 14:24:35.692,11232,221,5,100,False,0,car,0 days 01:21:19.098000,0 days 02:16:55.706000
2024-05-19 14:24:36.052,11817,229,5,100,False,0,car,0 days 01:21:19.458000,0 days 02:16:56.066000
2024-05-19 14:24:36.212,10977,236,5,100,False,0,car,0 days 01:21:19.618000,0 days 02:16:56.226000
2024-05-19 14:24:36.492,10818,240,6,100,False,0,car,0 days 01:21:19.898000,0 days 02:16:56.506000
2024-05-19 14:24:36.732,10972,247,6,100,False,0,car,0 days 01:21:20.138000,0 days 02:16:56.746000
2024-05-19 14:24:37.012,11318,253,6,100,False,0,car,0 days 01:21:20.418000,0 days 02:16:57.026000
2024-05-19 14:24:37.212,11397,256,6,100,False,0,car,0 days 01:21:20.618000,0 days 02:16:57.226000
2024-05-19 14:24:37.532,11311,261,6,100,False,0,car,0 days 01:21:20.938000,0 days 02:16:57.546000
2024-05-19 14:24:37.732,10524,263,6,100,False,0,car,0 days 01:21:21.138000,0 days 02:16:57.746000
2024-05-19 14:24:37.932,10642,265,7,100,False,0,car,0 days 01:21:21.338000,0 days 02:16:57.946000
2024-05-19 14:24:38.171,10771,270,7,100,False,0,car,0 days 01:21:21.577000,0 days 02:16:58.185000
2024-05-19 14:24:38.451,10865,273,7,100,False,0,car,0 days 01:21:21.857000,0 days 02:16:58.465000
2024-05-19 14:24:38.651,10967,276,7,100,False,0,car,0 days 01:21:22.057000,0 days 02:16:58.665000
2024-05-19 14:24:38.891,11078,278,7,100,False,0,car,0 days 01:21:22.297000,0 days 02:16:58.905000
2024-05-19 14:24:39.051,11083,280,7,100,False,0,car,0 days 01:21:22.457000,0 days 02:16:59.065000
2024-05-19 14:24:39.291,11176,283,7,100,False,0,car,0 days 01:21:22.697000,0 days 02:16:59.305000
2024-05-19 14:24:39.531,11314,286,7,100,False,0,car,0 days 01:21:22.937000,0 days 02:16:59.545000
2024-05-19 14:24:39.891,11359,289,7,100,False,0,car,0 days 01:21:23.297000,0 days 02:16:59.905000
2024-05-19 14:24:40.131,11443,291,7,100,False,0,car,0 days 01:21:23.537000,0 days 02:17:00.145000
2024-05-19 14:24:40.291,11536,292,7,100,False,0,car,0 days 01:21:23.697000,0 days 02:17:00.305000
2024-05-19 14:24:40.532,10424,294,7,100,False,0,car,0 days 01:21:23.938000,0 days 02:17:00.546000
2024-05-19 14:24:40.692,10454,294,8,100,False,0,car,0 days 01:21:24.098000,0 days 02:17:00.706000
2024-05-19 14:24:41.052,10591,297,8,100,False,0,car,0 days 01:21:24.458000,0 days 02:17:01.066000
2024-05-19 14:24:41.252,10648,298,8,100,False,0,car,0 days 01:21:24.658000,0 days 02:17:01.266000
2024-05-19 14:24:41.572,10636,300,8,100,False,0,car,0 days 01:21:24.978000,0 days 02:17:01.586000
2024-05-19 14:24:41.772,10755,301,8,100,False,0,car,0 days 01:21:25.178000,0 days 02:17:01.786000
2024-05-19 14:24:42.052,10794,304,8,100,False,0,car,0 days 01:21:25.458000,0 days 02:17:02.066000
2024-05-19 14:24:42.212,10841,304,8,100,False,0,car,0 days 01:21:25.618000,0 days 02:17:02.226000
2024-05-19 14:24:42.572,10849,305,8,100,False,0,car,0 days 01:21:25.978000,0 days 02:17:02.586000
2024-05-19 14:24:42.732,10883,306,8,100,False,0,car,0 days 01:21:26.138000,0 days 02:17:02.746000
2024-05-19 14:24:43.012,10904,308,8,100,False,0,car,0 days 01:21:26.418000,0 days 02:17:03.026000
2024-05-19 14:24:43.292,10996,309,8,100,False,0,car,0 days 01:21:26.698000,0 days 02:17:03.306000
2024-05-19 14:24:43.452,10956,309,8,100,False,0,car,0 days 01:21:26.858000,0 days 02:17:03.466000
2024-05-19 14:24:43.812,10972,310,8,100,False,0,car,0 days 01:21:27.218000,0 days 02:17:03.826000
2024-05-19 14:24:44.292,11029,310,8,100,False,0,car,0 days 01:21:27.698000,0 days 02:17:04.306000
2024-05-19 14:24:44.612,11011,311,8,100,False,0,car,0 days 01:21:28.018000,0 days 02:17:04.626000
2024-05-19 14:24:44.851,11066,311,8,100,False,0,car,0 days 01:21:28.257000,0 days 02:17:04.865000
2024-05-19 14:24:45.291,11037,313,8,100,False,0,car,0 days 01:21:28.697000,0 days 02:17:05.305000
2024-05-19 14:24:45.611,11102,314,8,100,False,0,car,0 days 01:21:29.017000,0 days 02:17:05.625000
2024-05-19 14:24:45.851,11170,314,8,100,False,0,car,0 days 01:21:29.257000,0 days 02:17:05.865000
2024-05-19 14:24:46.051,11133,315,8,100,False,0,car,0 days 01:21:29.457000,0 days 02:17:06.065000
2024-05-19 14:24:46.331,11125,315,8,100,False,0,car,0 days 01:21:29.737000,0 days 02:17:06.345000
2024-05-19 14:24:46.531,11173,316,8,100,False,0,car,0 days 01:21:29.937000,0 days 02:17:06.545000
2024-05-19 14:24:46.731,11137,315,8,100,False,0,car,0 days 01:21:30.137000,0 days 02:17:06.745000
2024-05-19 14:24:46.971,11208,315,8,100,False,0,car,0 days 01:21:30.377000,0 days 02:17:06.985000
2024-05-19 14:24:47.132,11123,316,8,100,False,0,car,0 days 01:21:30.538000,0 days 02:17:07.146000
2024-05-19 14:24:47.452,11197,316,8,100,False,0,car,0 days 01:21:30.858000,0 days 02:17:07.466000
2024-05-19 14:24:47.692,11231,317,8,100,False,0,car,0 days 01:21:31.098000,0 days 02:17:07.706000
2024-05-19 14:24:48.052,11206,317,8,100,False,0,car,0 days 01:21:31.458000,0 days 02:17:08.066000
2024-05-19 14:24:48.372,11257,318,8,100,False,0,car,0 days 01:21:31.778000,0 days 02:17:08.386000
2024-05-19 14:24:48.772,11061,317,8,30,True,0,car,0 days 01:21:32.178000,0 days 02:17:08.786000
2024-05-19 14:24:49.012,10987,287,8,0,True,0,car,0 days 01:21:32.418000,0 days 02:17:09.026000
2024-05-19 14:24:49.412,9428,231,8,0,True,0,car,0 days 01:21:32.818000,0 days 02:17:09.426000
2024-05-19 14:24:49.852,10212,190,7,0,True,0,car,0 days 01:21:33.258000,0 days 02:17:09.866000
2024-05-19 14:24:50.212,9820,164,4,0,True,0,car,0 days 01:21:33.618000,0 days 02:17:10.226000
2024-05-19 14:24:50.492,9258,157,4,0,True,0,car,0 days 01:21:33.898000,0 days 02:17:10.506000
2024-05-19 14:24:50.692,8994,152,4,2,True,0,car,0 days 01:21:34.098000,0 days 02:17:10.706000
2024-05-19 14:24:50.892,8842,149,4,10,False,0,car,0 days 01:21:34.298000,0 days 02:17:10.906000
2024-05-19 14:24:51.092,8842,146,4,10,False,0,car,0 days 01:21:34.498000,0 days 02:17:11.106000
2024-05-19 14:24:51.292,9383,150,4,61,False,0,car,0 days 01:21:34.698000,0 days 02:17:11.306000
2024-05-19 14:24:51.731,10214,167,4,94,False,0,car,0 days 01:21:35.137000,0 days 02:17:11.745000
2024-05-19 14:24:52.091,8648,171,5,50,False,0,car,0 days 01:21:35.497000,0 days 02:17:12.105000
2024-05-19 14:24:52.531,8992,173,5,61,False,0,car,0 days 01:21:35.937000,0 days 02:17:12.545000
2024-05-19 14:24:52.691,9284,175,5,71,False,0,car,0 days 01:21:36.097000,0 days 02:17:12.705000
2024-05-19 14:24:52.971,9973,182,5,100,False,0,car,0 days 01:21:36.377000,0 days 02:17:12.985000
2024-05-19 14:24:53.251,10433,190,5,100,False,0,car,0 days 01:21:36.657000,0 days 02:17:13.265000
2024-05-19 14:24:53.451,10672,197,5,100,False,0,car,0 days 01:21:36.857000,0 days 02:17:13.465000
2024-05-19 14:24:53.732,10744,208,5,100,False,0,car,0 days 01:21:37.138000,0 days 02:17:13.746000
2024-05-19 14:24:53.892,10931,212,5,100,False,0,car,0 days 01:21:37.298000,0 days 02:17:13.906000
2024-05-19 14:24:54.052,11247,217,5,100,False,0,car,0 days 01:21:37.458000,0 days 02:17:14.066000
2024-05-19 14:24:54.252,11515,222,5,100,False,0,car,0 days 01:21:37.658000,0 days 02:17:14.266000
2024-05-19 14:24:54.612,11108,230,5,100,False,0,car,0 days 01:21:38.018000,0 days 02:17:14.626000
2024-05-19 14:24:54.812,10695,233,5,100,False,0,car,0 days 01:21:38.218000,0 days 02:17:14.826000
2024-05-19 14:24:54.972,10679,235,6,100,False,0,car,0 days 01:21:38.378000,0 days 02:17:14.986000
2024-05-19 14:24:55.132,10830,239,6,100,False,0,car,0 days 01:21:38.538000,0 days 02:17:15.146000
2024-05-19 14:24:55.332,10998,243,6,100,False,0,car,0 days 01:21:38.738000,0 days 02:17:15.346000
2024-05-19 14:24:55.652,11182,248,6,100,False,0,car,0 days 01:21:39.058000,0 days 02:17:15.666000
2024-05-19 14:24:55.812,11299,252,6,100,False,0,car,0 days 01:21:39.218000,0 days 02:17:15.826000
2024-05-19 14:24:56.092,11395,255,6,100,False,0,car,0 days 01:21:39.498000,0 days 02:17:16.106000
2024-05-19 14:24:56.412,11716,262,6,100,False,0,car,0 days 01:21:39.818000,0 days 02:17:16.426000
2024-05-19 14:24:56.692,10558,264,7,100,False,0,car,0 days 01:21:40.098000,0 days 02:17:16.706000
2024-05-19 14:24:56.852,10646,267,7,100,False,0,car,0 days 01:21:40.258000,0 days 02:17:16.866000
2024-05-19 14:24:57.052,10757,270,7,100,False,0,car,0 days 01:21:40.458000,0 days 02:17:17.066000
2024-05-19 14:24:57.292,10814,272,7,100,False,0,car,0 days 01:21:40.698000,0 days 02:17:17.306000
2024-05-19 14:24:57.532,10838,276,7,100,False,0,car,0 days 01:21:40.938000,0 days 02:17:17.546000
2024-05-19 14:24:57.732,10946,277,7,100,False,0,car,0 days 01:21:41.138000,0 days 02:17:17.746000
2024-05-19 14:24:58.092,11066,279,7,100,False,0,car,0 days 01:21:41.498000,0 days 02:17:18.106000
2024-05-19 14:24:58.371,11010,280,7,100,False,0,car,0 days 01:21:41.777000,0 days 02:17:18.385000
2024-05-19 14:24:58.651,11105,280,7,100,False,0,car,0 days 01:21:42.057000,0 days 02:17:18.665000
2024-05-19 14:24:58.931,11038,280,7,100,False,0,car,0 days 01:21:42.337000,0 days 02:17:18.945000
2024-05-19 14:24:59.291,11120,280,7,100,False,0,car,0 days 01:21:42.697000,0 days 02:17:19.305000
2024-05-19 14:24:59.491,11058,280,7,100,False,0,car,0 days 01:21:42.897000,0 days 02:17:19.505000
2024-05-19 14:24:59.691,10708,281,7,27,True,0,car,0 days 01:21:43.097000,0 days 02:17:19.705000
2024-05-19 14:25:00.011,10031,257,7,0,True,0,car,0 days 01:21:43.417000,0 days 02:17:20.025000
2024-05-19 14:25:00.372,10562,242,6,0,True,0,car,0 days 01:21:43.778000,0 days 02:17:20.386000
2024-05-19 14:25:00.612,10148,233,6,2,True,0,car,0 days 01:21:44.018000,0 days 02:17:20.626000
2024-05-19 14:25:01.012,9407,217,6,3,True,0,car,0 days 01:21:44.418000,0 days 02:17:21.026000
2024-05-19 14:25:01.412,9236,179,5,0,True,0,car,0 days 01:21:44.818000,0 days 02:17:21.426000
2024-05-19 14:25:01.652,8442,170,5,0,True,0,car,0 days 01:21:45.058000,0 days 02:17:21.666000
2024-05-19 14:25:01.972,8041,163,5,0,False,0,car,0 days 01:21:45.378000,0 days 02:17:21.986000
2024-05-19 14:25:02.212,7931,159,5,4,False,0,car,0 days 01:21:45.618000,0 days 02:17:22.226000
2024-05-19 14:25:02.372,8162,159,5,49,False,0,car,0 days 01:21:45.778000,0 days 02:17:22.386000
2024-05-19 14:25:02.612,8287,158,5,60,False,0,car,0 days 01:21:46.018000,0 days 02:17:22.626000
2024-05-19 14:25:02.812,8598,163,5,82,False,0,car,0 days 01:21:46.218000,0 days 02:17:22.826000
2024-05-19 14:25:03.292,9230,175,5,100,False,0,car,0 days 01:21:46.698000,0 days 02:17:23.306000
2024-05-19 14:25:03.492,9620,182,5,100,False,0,car,0 days 01:21:46.898000,0 days 02:17:23.506000
2024-05-19 14:25:03.732,9873,192,5,100,False,0,car,0 days 01:21:47.138000,0 days 02:17:23.746000
2024-05-19 14:25:04.132,10486,203,5,100,False,0,car,0 days 01:21:47.538000,0 days 02:17:24.146000
2024-05-19 14:25:04.452,10827,210,5,100,False,0,car,0 days 01:21:47.858000,0 days 02:17:24.466000
2024-05-19 14:25:04.612,10895,214,5,100,False,0,car,0 days 01:21:48.018000,0 days 02:17:24.626000
2024-05-19 14:25:04.931,11128,218,5,100,False,0,car,0 days 01:21:48.337000,0 days 02:17:24.945000
2024-05-19 14:25:05.331,11377,222,5,100,False,0,car,0 days 01:21:48.737000,0 days 02:17:25.345000
2024-05-19 14:25:05.571,11423,225,5,100,False,0,car,0 days 01:21:48.977000,0 days 02:17:25.585000
2024-05-19 14:25:05.811,10860,221,5,0,True,0,car,0 days 01:21:49.217000,0 days 02:17:25.825000
2024-05-19 14:25:06.051,10428,201,5,0,True,0,car,0 days 01:21:49.457000,0 days 02:17:26.065000
2024-05-19 14:25:06.251,10349,191,5,0,True,0,car,0 days 01:21:49.657000,0 days 02:17:26.265000
2024-05-19 14:25:06.531,11071,155,5,0,True,0,car,0 days 01:21:49.937000,0 days 02:17:26.545000
2024-05-19 14:25:06.892,9647,139,3,0,True,0,car,0 days 01:21:50.298000,0 days 02:17:26.906000
2024-05-19 14:25:07.132,8744,126,3,0,True,0,car,0 days 01:21:50.538000,0 days 02:17:27.146000
2024-05-19 14:25:07.372,8360,120,3,0,True,0,car,0 days 01:21:50.778000,0 days 02:17:27.386000
2024-05-19 14:25:07.772,7548,110,3,0,True,0,car,0 days 01:21:51.178000,0 days 02:17:27.786000
2024-05-19 14:25:07.972,7266,105,3,0,True,0,car,0 days 01:21:51.378000,0 days 02:17:27.986000
2024-05-19 14:25:08.372,6848,96,3,0,False,0,car,0 days 01:21:51.778000,0 days 02:17:28.386000
2024-05-19 14:25:08.532,6503,92,3,0,False,0,car,0 days 01:21:51.938000,0 days 02:17:28.546000
2024-05-19 14:25:08.772,6675,89,3,6,False,0,car,0 days 01:21:52.178000,0 days 02:17:28.786000
2024-05-19 14:25:08.972,6785,89,3,19,False,0,car,0 days 01:21:52.378000,0 days 02:17:28.986000
2024-05-19 14:25:09.172,6768,90,3,24,False,0,car,0 days 01:21:52.578000,0 days 02:17:29.186000
2024-05-19 14:25:09.372,6973,92,3,31,False,0,car,0 days 01:21:52.778000,0 days 02:17:29.386000
2024-05-19 14:25:09.692,7409,95,3,34,False,0,car,0 days 01:21:53.098000,0 days 02:17:29.706000
2024-05-19 14:25:09.972,7605,101,3,46,False,0,car,0 days 01:21:53.378000,0 days 02:17:29.986000
2024-05-19 14:25:10.212,7946,110,3,62,False,0,car,0 days 01:21:53.618000,0 days 02:17:30.226000
2024-05-19 14:25:10.492,9138,118,3,77,False,0,car,0 days 01:21:53.898000,0 days 02:17:30.506000
2024-05-19 14:25:10.652,9653,126,3,82,False,0,car,0 days 01:21:54.058000,0 days 02:17:30.666000
2024-05-19 14:25:10.812,9854,135,3,90,False,0,car,0 days 01:21:54.218000,0 days 02:17:30.826000
2024-05-19 14:25:10.972,10923,140,3,100,False,0,car,0 days 01:21:54.378000,0 days 02:17:30.986000
2024-05-19 14:25:11.212,11683,155,3,100,False,0,car,0 days 01:21:54.618000,0 days 02:17:31.226000
2024-05-19 14:25:11.492,11508,164,3,100,False,0,car,0 days 01:21:54.898000,0 days 02:17:31.506000
2024-05-19 14:25:11.731,10699,176,3,100,False,0,car,0 days 01:21:55.137000,0 days 02:17:31.745000
2024-05-19 14:25:11.971,11283,185,4,100,False,0,car,0 days 01:21:55.377000,0 days 02:17:31.985000
2024-05-19 14:25:12.251,11842,195,4,100,False,0,car,0 days 01:21:55.657000,0 days 02:17:32.265000
2024-05-19 14:25:12.531,11073,205,4,100,False,0,car,0 days 01:21:55.937000,0 days 02:17:32.545000
2024-05-19 14:25:12.691,10835,208,5,100,False,0,car,0 days 01:21:56.097000,0 days 02:17:32.705000
2024-05-19 14:25:13.171,11465,223,5,100,False,0,car,0 days 01:21:56.577000,0 days 02:17:33.185000
2024-05-19 14:25:13.372,11639,228,5,100,False,0,car,0 days 01:21:56.778000,0 days 02:17:33.386000
2024-05-19 14:25:13.692,11055,234,5,100,False,0,car,0 days 01:21:57.098000,0 days 02:17:33.706000
2024-05-19 14:25:14.012,10870,241,6,100,False,0,car,0 days 01:21:57.418000,0 days 02:17:34.026000
2024-05-19 14:25:14.332,11102,249,6,100,False,0,car,0 days 01:21:57.738000,0 days 02:17:34.346000
2024-05-19 14:25:14.532,11273,253,6,100,False,0,car,0 days 01:21:57.938000,0 days 02:17:34.546000
2024-05-19 14:25:15.012,11542,260,6,100,False,0,car,0 days 01:21:58.418000,0 days 02:17:35.026000
2024-05-19 14:25:15.212,11568,261,6,100,False,0,car,0 days 01:21:58.618000,0 days 02:17:35.226000
2024-05-19 14:25:15.572,10441,263,7,100,False,0,car,0 days 01:21:58.978000,0 days 02:17:35.586000
2024-05-19 14:25:16.012,10538,266,7,100,False,0,car,0 days 01:21:59.418000,0 days 02:17:36.026000
2024-05-19 14:25:16.252,10586,267,7,100,False,0,car,0 days 01:21:59.658000,0 days 02:17:36.266000
2024-05-19 14:25:16.412,10632,268,7,100,False,0,car,0 days 01:21:59.818000,0 days 02:17:36.426000
2024-05-19 14:25:16.612,10760,269,7,100,False,0,car,0 days 01:22:00.018000,0 days 02:17:36.626000
2024-05-19 14:25:16.772,10674,269,7,100,False,0,car,0 days 01:22:00.178000,0 days 02:17:36.786000
2024-05-19 14:25:16.972,10662,269,7,100,False,0,car,0 days 01:22:00.378000,0 days 02:17:36.986000
2024-05-19 14:25:17.172,10659,269,7,100,False,0,car,0 days 01:22:00.578000,0 days 02:17:37.186000
2024-05-19 14:25:17.412,10695,270,7,100,False,0,car,0 days 01:22:00.818000,0 days 02:17:37.426000
2024-05-19 14:25:17.852,10639,270,7,100,False,0,car,0 days 01:22:01.258000,0 days 02:17:37.866000
2024-05-19 14:25:18.012,10125,265,7,3,True,0,car,0 days 01:22:01.418000,0 days 02:17:38.026000
2024-05-19 14:25:18.252,9768,248,7,0,True,0,car,0 days 01:22:01.658000,0 days 02:17:38.266000
2024-05-19 14:25:18.451,10003,230,7,0,True,0,car,0 days 01:22:01.857000,0 days 02:17:38.465000
2024-05-19 14:25:18.611,10843,217,7,0,True,0,car,0 days 01:22:02.017000,0 days 02:17:38.625000
2024-05-19 14:25:18.931,10464,208,5,4,True,0,car,0 days 01:22:02.337000,0 days 02:17:38.945000
2024-05-19 14:25:19.171,9966,202,5,19,False,0,car,0 days 01:22:02.577000,0 days 02:17:39.185000
2024-05-19 14:25:19.571,10456,199,5,79,False,0,car,0 days 01:22:02.977000,0 days 02:17:39.585000
2024-05-19 14:25:19.771,10552,202,5,83,False,0,car,0 days 01:22:03.177000,0 days 02:17:39.785000
2024-05-19 14:25:20.012,10858,207,5,89,False,0,car,0 days 01:22:03.418000,0 days 02:17:40.026000
2024-05-19 14:25:20.252,11050,209,5,100,False,0,car,0 days 01:22:03.658000,0 days 02:17:40.266000
2024-05-19 14:25:20.492,11309,217,5,100,False,0,car,0 days 01:22:03.898000,0 days 02:17:40.506000
2024-05-19 14:25:20.812,11532,228,5,100,False,0,car,0 days 01:22:04.218000,0 days 02:17:40.826000
2024-05-19 14:25:21.132,10555,234,6,100,False,0,car,0 days 01:22:04.538000,0 days 02:17:41.146000
2024-05-19 14:25:21.332,10789,238,6,100,False,0,car,0 days 01:22:04.738000,0 days 02:17:41.346000
2024-05-19 14:25:21.692,10940,245,6,100,False,0,car,0 days 01:22:05.098000,0 days 02:17:41.706000
2024-05-19 14:25:21.932,11203,251,6,100,False,0,car,0 days 01:22:05.338000,0 days 02:17:41.946000
2024-05-19 14:25:22.212,11353,255,6,100,False,0,car,0 days 01:22:05.618000,0 days 02:17:42.226000
2024-05-19 14:25:22.532,11640,260,6,100,False,0,car,0 days 01:22:05.938000,0 days 02:17:42.546000
2024-05-19 14:25:22.812,11716,263,6,100,False,0,car,0 days 01:22:06.218000,0 days 02:17:42.826000
2024-05-19 14:25:23.052,11833,265,6,100,False,0,car,0 days 01:22:06.458000,0 days 02:17:43.066000
2024-05-19 14:25:23.452,11650,270,6,100,False,0,car,0 days 01:22:06.858000,0 days 02:17:43.466000
2024-05-19 14:25:23.612,10749,272,6,100,False,0,car,0 days 01:22:07.018000,0 days 02:17:43.626000
2024-05-19 14:25:23.772,10851,274,7,100,False,0,car,0 days 01:22:07.178000,0 days 02:17:43.786000
2024-05-19 14:25:24.092,11320,278,7,100,False,0,car,0 days 01:22:07.498000,0 days 02:17:44.106000
2024-05-19 14:25:24.412,10983,279,7,100,False,0,car,0 days 01:22:07.818000,0 days 02:17:44.426000
2024-05-19 14:25:24.732,10852,276,7,71,True,0,car,0 days 01:22:08.138000,0 days 02:17:44.746000
2024-05-19 14:25:25.131,10215,265,7,0,True,0,car,0 days 01:22:08.537000,0 days 02:17:45.145000
2024-05-19 14:25:25.331,9862,252,7,0,True,0,car,0 days 01:22:08.737000,0 days 02:17:45.345000
2024-05-19 14:25:25.731,10139,220,7,0,True,0,car,0 days 01:22:09.137000,0 days 02:17:45.745000
2024-05-19 14:25:26.011,9979,189,5,0,True,0,car,0 days 01:22:09.417000,0 days 02:17:46.025000
2024-05-19 14:25:26.331,9835,168,4,0,True,0,car,0 days 01:22:09.737000,0 days 02:17:46.345000
2024-05-19 14:25:26.732,8486,145,4,0,True,0,car,0 days 01:22:10.138000,0 days 02:17:46.746000
2024-05-19 14:25:27.212,7861,131,4,0,True,0,car,0 days 01:22:10.618000,0 days 02:17:47.226000
2024-05-19 14:25:27.612,7326,124,4,10,False,0,car,0 days 01:22:11.018000,0 days 02:17:47.626000
2024-05-19 14:25:27.812,7581,123,4,21,False,0,car,0 days 01:22:11.218000,0 days 02:17:47.826000
2024-05-19 14:25:28.132,7912,129,4,61,False,0,car,0 days 01:22:11.538000,0 days 02:17:48.146000
2024-05-19 14:25:28.452,9014,138,4,85,False,0,car,0 days 01:22:11.858000,0 days 02:17:48.466000
2024-05-19 14:25:28.612,9779,146,4,100,False,0,car,0 days 01:22:12.018000,0 days 02:17:48.626000
2024-05-19 14:25:28.932,10351,159,4,100,False,0,car,0 days 01:22:12.338000,0 days 02:17:48.946000
2024-05-19 14:25:29.212,10670,166,4,100,False,0,car,0 days 01:22:12.618000,0 days 02:17:49.226000
2024-05-19 14:25:29.372,11132,173,4,100,False,0,car,0 days 01:22:12.778000,0 days 02:17:49.386000
2024-05-19 14:25:29.652,11192,180,4,100,False,0,car,0 days 01:22:13.058000,0 days 02:17:49.666000
2024-05-19 14:25:29.972,11689,194,4,100,False,0,car,0 days 01:22:13.378000,0 days 02:17:49.986000
2024-05-19 14:25:30.412,10729,210,5,100,False,0,car,0 days 01:22:13.818000,0 days 02:17:50.426000
2024-05-19 14:25:30.572,11065,213,5,100,False,0,car,0 days 01:22:13.978000,0 days 02:17:50.586000
2024-05-19 14:25:30.772,11256,218,5,100,False,0,car,0 days 01:22:14.178000,0 days 02:17:50.786000
2024-05-19 14:25:30.932,11502,224,5,100,False,0,car,0 days 01:22:14.338000,0 days 02:17:50.946000
2024-05-19 14:25:31.212,11733,231,5,100,False,0,car,0 days 01:22:14.618000,0 days 02:17:51.226000
2024-05-19 14:25:31.372,11258,234,5,100,False,0,car,0 days 01:22:14.778000,0 days 02:17:51.386000
2024-05-19 14:25:31.612,10682,238,6,100,False,0,car,0 days 01:22:15.018000,0 days 02:17:51.626000
2024-05-19 14:25:31.891,10945,242,6,100,False,0,car,0 days 01:22:15.297000,0 days 02:17:51.905000
2024-05-19 14:25:32.291,11142,250,6,100,False,0,car,0 days 01:22:15.697000,0 days 02:17:52.305000
2024-05-19 14:25:32.531,11317,254,6,100,False,0,car,0 days 01:22:15.937000,0 days 02:17:52.545000
2024-05-19 14:25:32.731,11315,255,6,100,False,0,car,0 days 01:22:16.137000,0 days 02:17:52.745000
2024-05-19 14:25:32.891,11459,256,6,100,False,0,car,0 days 01:22:16.297000,0 days 02:17:52.905000
2024-05-19 14:25:33.092,11494,257,6,100,False,0,car,0 days 01:22:16.498000,0 days 02:17:53.106000
2024-05-19 14:25:33.252,11396,259,6,100,False,0,car,0 days 01:22:16.658000,0 days 02:17:53.266000
2024-05-19 14:25:33.612,11593,260,6,100,False,0,car,0 days 01:22:17.018000,0 days 02:17:53.626000
2024-05-19 14:25:33.892,11637,260,6,100,False,0,car,0 days 01:22:17.298000,0 days 02:17:53.906000
2024-05-19 14:25:34.132,11656,261,6,100,False,0,car,0 days 01:22:17.538000,0 days 02:17:54.146000
2024-05-19 14:25:34.332,11656,259,6,95,True,0,car,0 days 01:22:17.738000,0 days 02:17:54.346000
2024-05-19 14:25:34.492,11656,259,6,95,True,0,car,0 days 01:22:17.898000,0 days 02:17:54.506000
2024-05-19 14:25:34.692,11096,228,6,0,True,0,car,0 days 01:22:18.098000,0 days 02:17:54.706000
2024-05-19 14:25:35.052,9872,184,5,0,True,0,car,0 days 01:22:18.458000,0 days 02:17:55.066000
2024-05-19 14:25:35.252,9624,166,5,0,True,0,car,0 days 01:22:18.658000,0 days 02:17:55.266000
2024-05-19 14:25:35.412,8979,152,4,0,True,0,car,0 days 01:22:18.818000,0 days 02:17:55.426000
2024-05-19 14:25:35.612,8437,146,4,0,True,0,car,0 days 01:22:19.018000,0 days 02:17:55.626000
2024-05-19 14:25:35.892,7715,135,4,0,True,0,car,0 days 01:22:19.298000,0 days 02:17:55.906000
2024-05-19 14:25:36.092,7311,125,4,0,True,0,car,0 days 01:22:19.498000,0 days 02:17:56.106000
2024-05-19 14:25:36.412,6886,116,4,0,False,0,car,0 days 01:22:19.818000,0 days 02:17:56.426000
2024-05-19 14:25:36.652,6616,113,4,0,False,0,car,0 days 01:22:20.058000,0 days 02:17:56.666000
2024-05-19 14:25:36.892,7277,110,4,0,True,0,car,0 days 01:22:20.298000,0 days 02:17:56.906000
2024-05-19 14:25:37.132,7679,105,3,0,True,0,car,0 days 01:22:20.538000,0 days 02:17:57.146000
2024-05-19 14:25:37.572,6909,98,3,1,False,0,car,0 days 01:22:20.978000,0 days 02:17:57.586000
2024-05-19 14:25:37.892,7605,97,3,17,False,0,car,0 days 01:22:21.298000,0 days 02:17:57.906000
2024-05-19 14:25:38.132,7471,100,3,30,False,0,car,0 days 01:22:21.538000,0 days 02:17:58.146000
2024-05-19 14:25:38.332,7903,104,3,40,False,0,car,0 days 01:22:21.738000,0 days 02:17:58.346000
2024-05-19 14:25:38.571,8323,108,3,62,False,0,car,0 days 01:22:21.977000,0 days 02:17:58.585000
2024-05-19 14:25:38.731,9026,116,3,71,False,0,car,0 days 01:22:22.137000,0 days 02:17:58.745000
2024-05-19 14:25:38.891,9315,120,3,79,False,0,car,0 days 01:22:22.297000,0 days 02:17:58.905000
2024-05-19 14:25:39.171,10722,134,3,100,False,0,car,0 days 01:22:22.577000,0 days 02:17:59.185000
2024-05-19 14:25:39.331,11083,144,3,100,False,0,car,0 days 01:22:22.737000,0 days 02:17:59.345000
2024-05-19 14:25:39.732,11588,165,3,100,False,0,car,0 days 01:22:23.138000,0 days 02:17:59.746000
2024-05-19 14:25:40.052,11007,179,4,100,False,0,car,0 days 01:22:23.458000,0 days 02:18:00.066000
2024-05-19 14:25:40.252,11266,187,4,100,False,0,car,0 days 01:22:23.658000,0 days 02:18:00.266000
2024-05-19 14:25:40.412,11590,195,4,100,False,0,car,0 days 01:22:23.818000,0 days 02:18:00.426000
2024-05-19 14:25:40.692,10723,201,4,100,False,0,car,0 days 01:22:24.098000,0 days 02:18:00.706000
2024-05-19 14:25:41.092,11106,214,5,100,False,0,car,0 days 01:22:24.498000,0 days 02:18:01.106000
2024-05-19 14:25:41.252,11354,218,5,100,False,0,car,0 days 01:22:24.658000,0 days 02:18:01.266000
2024-05-19 14:25:41.492,11612,223,5,100,False,0,car,0 days 01:22:24.898000,0 days 02:18:01.506000
2024-05-19 14:25:41.692,11764,231,5,100,False,0,car,0 days 01:22:25.098000,0 days 02:18:01.706000
2024-05-19 14:25:41.932,10712,236,5,100,False,0,car,0 days 01:22:25.338000,0 days 02:18:01.946000
2024-05-19 14:25:42.132,10849,243,6,100,False,0,car,0 days 01:22:25.538000,0 days 02:18:02.146000
2024-05-19 14:25:42.532,11211,251,6,100,False,0,car,0 days 01:22:25.938000,0 days 02:18:02.546000
2024-05-19 14:25:42.772,11270,255,6,100,False,0,car,0 days 01:22:26.178000,0 days 02:18:02.786000
2024-05-19 14:25:43.092,11566,260,6,100,False,0,car,0 days 01:22:26.498000,0 days 02:18:03.106000
2024-05-19 14:25:43.532,10676,266,6,100,False,0,car,0 days 01:22:26.938000,0 days 02:18:03.546000
2024-05-19 14:25:43.812,10717,271,7,100,False,0,car,0 days 01:22:27.218000,0 days 02:18:03.826000
2024-05-19 14:25:44.012,10756,273,7,100,False,0,car,0 days 01:22:27.418000,0 days 02:18:04.026000
2024-05-19 14:25:44.252,10966,276,7,100,False,0,car,0 days 01:22:27.658000,0 days 02:18:04.266000
2024-05-19 14:25:44.412,10970,279,7,100,False,0,car,0 days 01:22:27.818000,0 days 02:18:04.426000
2024-05-19 14:25:44.612,11062,280,7,100,False,0,car,0 days 01:22:28.018000,0 days 02:18:04.626000
2024-05-19 14:25:44.852,11171,283,7,100,False,0,car,0 days 01:22:28.258000,0 days 02:18:04.866000
2024-05-19 14:25:45.172,11251,284,7,100,False,0,car,0 days 01:22:28.578000,0 days 02:18:05.186000
2024-05-19 14:25:45.371,11411,286,7,100,False,0,car,0 days 01:22:28.777000,0 days 02:18:05.385000
2024-05-19 14:25:45.811,11428,289,7,100,False,0,car,0 days 01:22:29.217000,0 days 02:18:05.825000
2024-05-19 14:25:46.131,11533,289,7,100,False,0,car,0 days 01:22:29.537000,0 days 02:18:06.145000
2024-05-19 14:25:46.372,11493,289,7,100,False,0,car,0 days 01:22:29.778000,0 days 02:18:06.386000
2024-05-19 14:25:46.732,11395,291,7,100,False,0,car,0 days 01:22:30.138000,0 days 02:18:06.746000
2024-05-19 14:25:46.892,11467,291,7,100,False,0,car,0 days 01:22:30.298000,0 days 02:18:06.906000
2024-05-19 14:25:47.252,11424,289,7,100,False,0,car,0 days 01:22:30.658000,0 days 02:18:07.266000
2024-05-19 14:25:47.572,11049,282,7,0,True,0,car,0 days 01:22:30.978000,0 days 02:18:07.586000
2024-05-19 14:25:47.732,10546,260,7,0,True,0,car,0 days 01:22:31.138000,0 days 02:18:07.746000
2024-05-19 14:25:48.052,9676,221,7,0,True,0,car,0 days 01:22:31.458000,0 days 02:18:08.066000
2024-05-19 14:25:48.292,9975,199,6,0,True,0,car,0 days 01:22:31.698000,0 days 02:18:08.306000
2024-05-19 14:25:48.612,9966,164,4,0,True,0,car,0 days 01:22:32.018000,0 days 02:18:08.626000
2024-05-19 14:25:48.852,10719,156,4,0,True,0,car,0 days 01:22:32.258000,0 days 02:18:08.866000
2024-05-19 14:25:49.092,9838,138,3,0,True,0,car,0 days 01:22:32.498000,0 days 02:18:09.106000
2024-05-19 14:25:49.292,9255,132,3,0,True,0,car,0 days 01:22:32.698000,0 days 02:18:09.306000
2024-05-19 14:25:49.572,8668,122,3,0,True,0,car,0 days 01:22:32.978000,0 days 02:18:09.586000
2024-05-19 14:25:49.772,8441,118,3,0,False,0,car,0 days 01:22:33.178000,0 days 02:18:09.786000
2024-05-19 14:25:50.052,8058,114,3,0,False,0,car,0 days 01:22:33.458000,0 days 02:18:10.066000
2024-05-19 14:25:50.332,8252,112,3,32,False,0,car,0 days 01:22:33.738000,0 days 02:18:10.346000
2024-05-19 14:25:50.692,8554,115,3,39,False,0,car,0 days 01:22:34.098000,0 days 02:18:10.706000
2024-05-19 14:25:50.852,8797,118,3,41,False,0,car,0 days 01:22:34.258000,0 days 02:18:10.866000
2024-05-19 14:25:51.252,9775,127,3,63,False,0,car,0 days 01:22:34.658000,0 days 02:18:11.266000
2024-05-19 14:25:51.612,10764,146,3,100,False,0,car,0 days 01:22:35.018000,0 days 02:18:11.626000
2024-05-19 14:25:51.852,11451,155,3,100,False,0,car,0 days 01:22:35.258000,0 days 02:18:11.866000
2024-05-19 14:25:52.131,10611,161,3,35,False,0,car,0 days 01:22:35.537000,0 days 02:18:12.145000
2024-05-19 14:25:52.371,9036,154,4,0,True,0,car,0 days 01:22:35.777000,0 days 02:18:12.385000
2024-05-19 14:25:52.691,8417,146,4,0,True,0,car,0 days 01:22:36.097000,0 days 02:18:12.705000
2024-05-19 14:25:52.932,8289,141,4,3,False,0,car,0 days 01:22:36.338000,0 days 02:18:12.946000
2024-05-19 14:25:53.092,8436,140,4,3,False,0,car,0 days 01:22:36.498000,0 days 02:18:13.106000
2024-05-19 14:25:53.372,8326,134,4,29,False,0,car,0 days 01:22:36.778000,0 days 02:18:13.386000
2024-05-19 14:25:53.692,8527,136,4,50,False,0,car,0 days 01:22:37.098000,0 days 02:18:13.706000
2024-05-19 14:25:53.972,8666,140,4,51,False,0,car,0 days 01:22:37.378000,0 days 02:18:13.986000
2024-05-19 14:25:54.412,9494,150,4,81,False,0,car,0 days 01:22:37.818000,0 days 02:18:14.426000
2024-05-19 14:25:54.692,10453,160,4,98,False,0,car,0 days 01:22:38.098000,0 days 02:18:14.706000
2024-05-19 14:25:55.012,10881,178,4,100,False,0,car,0 days 01:22:38.418000,0 days 02:18:15.026000
2024-05-19 14:25:55.172,11351,181,4,100,False,0,car,0 days 01:22:38.578000,0 days 02:18:15.186000
2024-05-19 14:25:55.492,11212,192,4,100,False,0,car,0 days 01:22:38.898000,0 days 02:18:15.506000
2024-05-19 14:25:55.692,10485,200,4,100,False,0,car,0 days 01:22:39.098000,0 days 02:18:15.706000
2024-05-19 14:25:56.092,10913,213,5,100,False,0,car,0 days 01:22:39.498000,0 days 02:18:16.106000
2024-05-19 14:25:56.452,11446,224,5,100,False,0,car,0 days 01:22:39.858000,0 days 02:18:16.466000
2024-05-19 14:25:56.612,11446,229,5,100,False,0,car,0 days 01:22:40.018000,0 days 02:18:16.626000
2024-05-19 14:25:56.932,10615,236,5,100,False,0,car,0 days 01:22:40.338000,0 days 02:18:16.946000
2024-05-19 14:25:57.332,10845,245,6,100,False,0,car,0 days 01:22:40.738000,0 days 02:18:17.346000
2024-05-19 14:25:57.532,11158,249,6,100,False,0,car,0 days 01:22:40.938000,0 days 02:18:17.546000
2024-05-19 14:25:57.732,11299,252,6,100,False,0,car,0 days 01:22:41.138000,0 days 02:18:17.746000
2024-05-19 14:25:58.052,11513,257,6,100,False,0,car,0 days 01:22:41.458000,0 days 02:18:18.066000
2024-05-19 14:25:58.292,11608,261,6,100,False,0,car,0 days 01:22:41.698000,0 days 02:18:18.306000
2024-05-19 14:25:58.651,10610,267,7,100,False,0,car,0 days 01:22:42.057000,0 days 02:18:18.665000
2024-05-19 14:25:58.851,10764,270,7,100,False,0,car,0 days 01:22:42.257000,0 days 02:18:18.865000
2024-05-19 14:25:59.011,10824,272,7,100,False,0,car,0 days 01:22:42.417000,0 days 02:18:19.025000
2024-05-19 14:25:59.331,10990,277,7,100,False,0,car,0 days 01:22:42.737000,0 days 02:18:19.345000
2024-05-19 14:25:59.492,10990,277,7,100,False,0,car,0 days 01:22:42.898000,0 days 02:18:19.506000
2024-05-19 14:25:59.692,11102,279,7,100,False,0,car,0 days 01:22:43.098000,0 days 02:18:19.706000
2024-05-19 14:25:59.972,11218,283,7,100,False,0,car,0 days 01:22:43.378000,0 days 02:18:19.986000
2024-05-19 14:26:00.132,11305,285,7,100,False,0,car,0 days 01:22:43.538000,0 days 02:18:20.146000
2024-05-19 14:26:00.292,11308,286,7,100,False,0,car,0 days 01:22:43.698000,0 days 02:18:20.306000
2024-05-19 14:26:00.492,11308,288,7,100,False,0,car,0 days 01:22:43.898000,0 days 02:18:20.506000
2024-05-19 14:26:00.732,11448,291,7,100,False,0,car,0 days 01:22:44.138000,0 days 02:18:20.746000
2024-05-19 14:26:00.892,11417,291,7,100,False,0,car,0 days 01:22:44.298000,0 days 02:18:20.906000
2024-05-19 14:26:01.092,11531,292,7,100,False,0,car,0 days 01:22:44.498000,0 days 02:18:21.106000
2024-05-19 14:26:01.372,10532,294,7,100,False,0,car,0 days 01:22:44.778000,0 days 02:18:21.386000
2024-05-19 14:26:01.652,10550,295,8,100,False,0,car,0 days 01:22:45.058000,0 days 02:18:21.666000
2024-05-19 14:26:01.852,10607,297,8,100,False,0,car,0 days 01:22:45.258000,0 days 02:18:21.866000
2024-05-19 14:26:02.092,10640,298,8,100,False,0,car,0 days 01:22:45.498000,0 days 02:18:22.106000
2024-05-19 14:26:02.292,10696,299,8,100,False,0,car,0 days 01:22:45.698000,0 days 02:18:22.306000
2024-05-19 14:26:02.572,10757,302,8,100,False,0,car,0 days 01:22:45.978000,0 days 02:18:22.586000
2024-05-19 14:26:02.812,10783,303,8,100,False,0,car,0 days 01:22:46.218000,0 days 02:18:22.826000
2024-05-19 14:26:03.292,10818,305,8,100,False,0,car,0 days 01:22:46.698000,0 days 02:18:23.306000
2024-05-19 14:26:03.572,10818,306,8,100,False,0,car,0 days 01:22:46.978000,0 days 02:18:23.586000
2024-05-19 14:26:03.732,10876,307,8,100,False,0,car,0 days 01:22:47.138000,0 days 02:18:23.746000
2024-05-19 14:26:03.932,10894,307,8,100,False,0,car,0 days 01:22:47.338000,0 days 02:18:23.946000
2024-05-19 14:26:04.212,10956,308,8,100,False,0,car,0 days 01:22:47.618000,0 days 02:18:24.226000
2024-05-19 14:26:04.492,11012,309,8,100,False,0,car,0 days 01:22:47.898000,0 days 02:18:24.506000
2024-05-19 14:26:04.732,11041,310,8,100,False,0,car,0 days 01:22:48.138000,0 days 02:18:24.746000
2024-05-19 14:26:05.132,11003,311,8,100,False,0,car,0 days 01:22:48.538000,0 days 02:18:25.146000
2024-05-19 14:26:05.292,11033,311,8,100,False,0,car,0 days 01:22:48.698000,0 days 02:18:25.306000
2024-05-19 14:26:05.491,11089,312,8,100,False,0,car,0 days 01:22:48.897000,0 days 02:18:25.505000
2024-05-19 14:26:05.731,11118,312,8,100,False,0,car,0 days 01:22:49.137000,0 days 02:18:25.745000
2024-05-19 14:26:05.891,11061,313,8,100,False,0,car,0 days 01:22:49.297000,0 days 02:18:25.905000
2024-05-19 14:26:06.212,10890,313,8,100,False,0,car,0 days 01:22:49.618000,0 days 02:18:26.226000
2024-05-19 14:26:06.492,11054,313,8,100,False,0,car,0 days 01:22:49.898000,0 days 02:18:26.506000
2024-05-19 14:26:06.732,11064,311,8,100,False,0,car,0 days 01:22:50.138000,0 days 02:18:26.746000
2024-05-19 14:26:07.012,11006,310,8,100,False,0,car,0 days 01:22:50.418000,0 days 02:18:27.026000
2024-05-19 14:26:07.172,10925,310,8,100,False,0,car,0 days 01:22:50.578000,0 days 02:18:27.186000
2024-05-19 14:26:07.532,10935,309,8,100,False,0,car,0 days 01:22:50.938000,0 days 02:18:27.546000
2024-05-19 14:26:07.812,10939,308,8,100,False,0,car,0 days 01:22:51.218000,0 days 02:18:27.826000
2024-05-19 14:26:07.972,10867,308,8,100,False,0,car,0 days 01:22:51.378000,0 days 02:18:27.986000
2024-05-19 14:26:08.252,10896,307,8,100,False,0,car,0 days 01:22:51.658000,0 days 02:18:28.266000
2024-05-19 14:26:08.412,10961,305,8,100,False,0,car,0 days 01:22:51.818000,0 days 02:18:28.426000
2024-05-19 14:26:08.652,10902,304,8,100,False,0,car,0 days 01:22:52.058000,0 days 02:18:28.666000
2024-05-19 14:26:08.932,10766,303,8,100,False,0,car,0 days 01:22:52.338000,0 days 02:18:28.946000
2024-05-19 14:26:09.332,10653,302,8,100,False,0,car,0 days 01:22:52.738000,0 days 02:18:29.346000
2024-05-19 14:26:09.732,10544,281,8,72,True,0,car,0 days 01:22:53.138000,0 days 02:18:29.746000
2024-05-19 14:26:09.892,9501,268,8,0,True,0,car,0 days 01:22:53.298000,0 days 02:18:29.906000
2024-05-19 14:26:10.332,10502,219,8,0,True,0,car,0 days 01:22:53.738000,0 days 02:18:30.346000
2024-05-19 14:26:10.572,9952,200,7,0,True,0,car,0 days 01:22:53.978000,0 days 02:18:30.586000
2024-05-19 14:26:10.892,9905,171,5,0,True,0,car,0 days 01:22:54.298000,0 days 02:18:30.906000
2024-05-19 14:26:11.132,9282,157,4,0,True,0,car,0 days 01:22:54.538000,0 days 02:18:31.146000
2024-05-19 14:26:11.412,8810,152,4,0,True,0,car,0 days 01:22:54.818000,0 days 02:18:31.426000
2024-05-19 14:26:11.652,8671,146,4,1,False,0,car,0 days 01:22:55.058000,0 days 02:18:31.666000
2024-05-19 14:26:11.972,8702,143,4,40,False,0,car,0 days 01:22:55.378000,0 days 02:18:31.986000
2024-05-19 14:26:12.171,9144,145,4,51,False,0,car,0 days 01:22:55.577000,0 days 02:18:32.185000
2024-05-19 14:26:12.371,9388,150,4,71,False,0,car,0 days 01:22:55.777000,0 days 02:18:32.385000
2024-05-19 14:26:12.532,9724,155,4,80,False,0,car,0 days 01:22:55.938000,0 days 02:18:32.546000
2024-05-19 14:26:12.812,9272,165,4,71,False,0,car,0 days 01:22:56.218000,0 days 02:18:32.826000
2024-05-19 14:26:13.172,8646,166,5,53,False,0,car,0 days 01:22:56.578000,0 days 02:18:33.186000
2024-05-19 14:26:13.452,8801,170,5,70,False,0,car,0 days 01:22:56.858000,0 days 02:18:33.466000
2024-05-19 14:26:13.612,9177,174,5,71,False,0,car,0 days 01:22:57.018000,0 days 02:18:33.626000
2024-05-19 14:26:13.772,9177,176,5,71,False,0,car,0 days 01:22:57.178000,0 days 02:18:33.786000
2024-05-19 14:26:13.972,9661,182,5,100,False,0,car,0 days 01:22:57.378000,0 days 02:18:33.986000
2024-05-19 14:26:14.252,10215,193,5,100,False,0,car,0 days 01:22:57.658000,0 days 02:18:34.266000
2024-05-19 14:26:14.532,10425,203,5,100,False,0,car,0 days 01:22:57.938000,0 days 02:18:34.546000
2024-05-19 14:26:14.892,11110,210,5,100,False,0,car,0 days 01:22:58.298000,0 days 02:18:34.906000
2024-05-19 14:26:15.132,11455,221,5,100,False,0,car,0 days 01:22:58.538000,0 days 02:18:35.146000
2024-05-19 14:26:15.412,11627,223,5,100,False,0,car,0 days 01:22:58.818000,0 days 02:18:35.426000
2024-05-19 14:26:15.612,11767,230,5,100,False,0,car,0 days 01:22:59.018000,0 days 02:18:35.626000
2024-05-19 14:26:15.812,10777,233,5,100,False,0,car,0 days 01:22:59.218000,0 days 02:18:35.826000
2024-05-19 14:26:16.172,10852,238,6,100,False,0,car,0 days 01:22:59.578000,0 days 02:18:36.186000
2024-05-19 14:26:16.412,10991,242,6,100,False,0,car,0 days 01:22:59.818000,0 days 02:18:36.426000
2024-05-19 14:26:16.612,11184,248,6,100,False,0,car,0 days 01:23:00.018000,0 days 02:18:36.626000
2024-05-19 14:26:16.812,11335,251,6,100,False,0,car,0 days 01:23:00.218000,0 days 02:18:36.826000
2024-05-19 14:26:17.012,11387,257,6,100,False,0,car,0 days 01:23:00.418000,0 days 02:18:37.026000
2024-05-19 14:26:17.372,11206,261,6,100,False,0,car,0 days 01:23:00.778000,0 days 02:18:37.386000
2024-05-19 14:26:17.572,10558,264,6,100,False,0,car,0 days 01:23:00.978000,0 days 02:18:37.586000
2024-05-19 14:26:17.892,10692,269,7,100,False,0,car,0 days 01:23:01.298000,0 days 02:18:37.906000
2024-05-19 14:26:18.052,10778,270,7,100,False,0,car,0 days 01:23:01.458000,0 days 02:18:38.066000
2024-05-19 14:26:18.332,10951,275,7,100,False,0,car,0 days 01:23:01.738000,0 days 02:18:38.346000
2024-05-19 14:26:18.732,11090,280,7,100,False,0,car,0 days 01:23:02.138000,0 days 02:18:38.746000
2024-05-19 14:26:18.891,11125,280,7,100,False,0,car,0 days 01:23:02.297000,0 days 02:18:38.905000
2024-05-19 14:26:19.172,11175,282,7,100,False,0,car,0 days 01:23:02.578000,0 days 02:18:39.186000
2024-05-19 14:26:19.452,11104,283,7,100,False,0,car,0 days 01:23:02.858000,0 days 02:18:39.466000
2024-05-19 14:26:19.652,11234,284,7,100,False,0,car,0 days 01:23:03.058000,0 days 02:18:39.666000
2024-05-19 14:26:19.932,11174,284,7,100,False,0,car,0 days 01:23:03.338000,0 days 02:18:39.946000
2024-05-19 14:26:20.172,11169,283,7,100,False,0,car,0 days 01:23:03.578000,0 days 02:18:40.186000
2024-05-19 14:26:20.452,11108,284,7,100,False,0,car,0 days 01:23:03.858000,0 days 02:18:40.466000
2024-05-19 14:26:20.652,10924,283,7,25,False,0,car,0 days 01:23:04.058000,0 days 02:18:40.666000
2024-05-19 14:26:20.972,10504,257,7,0,True,0,car,0 days 01:23:04.378000,0 days 02:18:40.986000
2024-05-19 14:26:21.292,10383,245,7,0,True,0,car,0 days 01:23:04.698000,0 days 02:18:41.306000
2024-05-19 14:26:21.612,10092,232,6,0,True,0,car,0 days 01:23:05.018000,0 days 02:18:41.626000
2024-05-19 14:26:21.812,9677,224,6,1,True,0,car,0 days 01:23:05.218000,0 days 02:18:41.826000
2024-05-19 14:26:21.972,9677,217,6,1,True,0,car,0 days 01:23:05.378000,0 days 02:18:41.986000
2024-05-19 14:26:22.252,9585,196,6,0,True,0,car,0 days 01:23:05.658000,0 days 02:18:42.266000
2024-05-19 14:26:22.412,9108,178,5,0,True,0,car,0 days 01:23:05.818000,0 days 02:18:42.426000
2024-05-19 14:26:22.692,8547,172,5,0,True,0,car,0 days 01:23:06.098000,0 days 02:18:42.706000
2024-05-19 14:26:22.892,8454,170,5,11,True,0,car,0 days 01:23:06.298000,0 days 02:18:42.906000
2024-05-19 14:26:23.092,8520,164,5,29,False,0,car,0 days 01:23:06.498000,0 days 02:18:43.106000
2024-05-19 14:26:23.532,8559,165,5,50,False,0,car,0 days 01:23:06.938000,0 days 02:18:43.546000
2024-05-19 14:26:23.772,8883,168,5,71,False,0,car,0 days 01:23:07.178000,0 days 02:18:43.786000
2024-05-19 14:26:24.012,9200,175,5,82,False,0,car,0 days 01:23:07.418000,0 days 02:18:44.026000
2024-05-19 14:26:24.252,9844,179,5,100,False,0,car,0 days 01:23:07.658000,0 days 02:18:44.266000
2024-05-19 14:26:24.412,10117,184,5,100,False,0,car,0 days 01:23:07.818000,0 days 02:18:44.426000
2024-05-19 14:26:24.732,10249,193,5,100,False,0,car,0 days 01:23:08.138000,0 days 02:18:44.746000
2024-05-19 14:26:25.172,10842,207,5,100,False,0,car,0 days 01:23:08.578000,0 days 02:18:45.186000
2024-05-19 14:26:25.452,11399,218,5,100,False,0,car,0 days 01:23:08.858000,0 days 02:18:45.466000
2024-05-19 14:26:25.732,11483,223,5,100,False,0,car,0 days 01:23:09.138000,0 days 02:18:45.746000
2024-05-19 14:26:25.972,11549,226,5,100,False,0,car,0 days 01:23:09.378000,0 days 02:18:45.986000
2024-05-19 14:26:26.172,11572,227,5,100,False,0,car,0 days 01:23:09.578000,0 days 02:18:46.186000
2024-05-19 14:26:26.412,11572,230,5,100,False,0,car,0 days 01:23:09.818000,0 days 02:18:46.426000
2024-05-19 14:26:26.572,11579,231,5,0,False,0,car,0 days 01:23:09.978000,0 days 02:18:46.586000
2024-05-19 14:26:26.772,10821,225,5,0,True,0,car,0 days 01:23:10.178000,0 days 02:18:46.786000
2024-05-19 14:26:26.972,9748,203,5,0,True,0,car,0 days 01:23:10.378000,0 days 02:18:46.986000
2024-05-19 14:26:27.292,10748,173,5,0,True,0,car,0 days 01:23:10.698000,0 days 02:18:47.306000
2024-05-19 14:26:27.492,10579,152,5,0,True,0,car,0 days 01:23:10.898000,0 days 02:18:47.506000
2024-05-19 14:26:27.692,9772,146,3,0,True,0,car,0 days 01:23:11.098000,0 days 02:18:47.706000
2024-05-19 14:26:28.012,8882,126,3,0,True,0,car,0 days 01:23:11.418000,0 days 02:18:48.026000
2024-05-19 14:26:28.372,7871,117,3,0,True,0,car,0 days 01:23:11.778000,0 days 02:18:48.386000
2024-05-19 14:26:28.652,7233,107,3,0,True,0,car,0 days 01:23:12.058000,0 days 02:18:48.666000
2024-05-19 14:26:28.892,7054,102,3,0,True,0,car,0 days 01:23:12.298000,0 days 02:18:48.906000
2024-05-19 14:26:29.092,6889,99,3,0,True,0,car,0 days 01:23:12.498000,0 days 02:18:49.106000
2024-05-19 14:26:29.372,6375,94,3,0,False,0,car,0 days 01:23:12.778000,0 days 02:18:49.386000
2024-05-19 14:26:29.652,6702,89,3,4,False,0,car,0 days 01:23:13.058000,0 days 02:18:49.666000
2024-05-19 14:26:29.852,6741,90,3,22,False,0,car,0 days 01:23:13.258000,0 days 02:18:49.866000
2024-05-19 14:26:30.212,7054,94,3,37,False,0,car,0 days 01:23:13.618000,0 days 02:18:50.226000
2024-05-19 14:26:30.492,7543,98,3,45,False,0,car,0 days 01:23:13.898000,0 days 02:18:50.506000
2024-05-19 14:26:30.812,8192,106,3,55,False,0,car,0 days 01:23:14.218000,0 days 02:18:50.826000
2024-05-19 14:26:30.972,8775,112,3,69,False,0,car,0 days 01:23:14.378000,0 days 02:18:50.986000
2024-05-19 14:26:31.332,10222,123,3,85,False,0,car,0 days 01:23:14.738000,0 days 02:18:51.346000
2024-05-19 14:26:31.492,10480,131,3,86,False,0,car,0 days 01:23:14.898000,0 days 02:18:51.506000
2024-05-19 14:26:31.652,10816,135,3,100,False,0,car,0 days 01:23:15.058000,0 days 02:18:51.666000
2024-05-19 14:26:32.092,12215,159,3,100,False,0,car,0 days 01:23:15.498000,0 days 02:18:52.106000
2024-05-19 14:26:32.292,10955,163,3,100,False,0,car,0 days 01:23:15.698000,0 days 02:18:52.306000
2024-05-19 14:26:32.492,10978,172,4,100,False,0,car,0 days 01:23:15.898000,0 days 02:18:52.506000
2024-05-19 14:26:32.972,11831,192,4,100,False,0,car,0 days 01:23:16.378000,0 days 02:18:52.986000
2024-05-19 14:26:33.172,11620,199,4,100,False,0,car,0 days 01:23:16.578000,0 days 02:18:53.186000
2024-05-19 14:26:33.612,11102,215,5,100,False,0,car,0 days 01:23:17.018000,0 days 02:18:53.626000
2024-05-19 14:26:33.892,11457,220,5,100,False,0,car,0 days 01:23:17.298000,0 days 02:18:53.906000
2024-05-19 14:26:34.132,11723,228,5,100,False,0,car,0 days 01:23:17.538000,0 days 02:18:54.146000
2024-05-19 14:26:34.412,11839,237,5,100,False,0,car,0 days 01:23:17.818000,0 days 02:18:54.426000
2024-05-19 14:26:34.572,10795,237,6,100,False,0,car,0 days 01:23:17.978000,0 days 02:18:54.586000
2024-05-19 14:26:34.772,10965,241,6,100,False,0,car,0 days 01:23:18.178000,0 days 02:18:54.786000
2024-05-19 14:26:35.212,11199,253,6,100,False,0,car,0 days 01:23:18.618000,0 days 02:18:55.226000
2024-05-19 14:26:35.372,11348,254,6,100,False,0,car,0 days 01:23:18.778000,0 days 02:18:55.386000
2024-05-19 14:26:35.652,11565,257,6,100,False,0,car,0 days 01:23:19.058000,0 days 02:18:55.666000
2024-05-19 14:26:35.812,11577,260,6,100,False,0,car,0 days 01:23:19.218000,0 days 02:18:55.826000
2024-05-19 14:26:36.052,11338,263,6,100,False,0,car,0 days 01:23:19.458000,0 days 02:18:56.066000
2024-05-19 14:26:36.292,10597,265,7,100,False,0,car,0 days 01:23:19.698000,0 days 02:18:56.306000
2024-05-19 14:26:36.532,10711,268,7,100,False,0,car,0 days 01:23:19.938000,0 days 02:18:56.546000
2024-05-19 14:26:36.772,10810,270,7,100,False,0,car,0 days 01:23:20.178000,0 days 02:18:56.786000
2024-05-19 14:26:36.972,10715,272,7,100,False,0,car,0 days 01:23:20.378000,0 days 02:18:56.986000
2024-05-19 14:26:37.252,10849,274,7,100,False,0,car,0 days 01:23:20.658000,0 days 02:18:57.266000
2024-05-19 14:26:37.532,10903,275,7,100,False,0,car,0 days 01:23:20.938000,0 days 02:18:57.546000
2024-05-19 14:26:37.932,10895,276,7,100,False,0,car,0 days 01:23:21.338000,0 days 02:18:57.946000
2024-05-19 14:26:38.092,10898,276,7,100,False,0,car,0 days 01:23:21.498000,0 days 02:18:58.106000
2024-05-19 14:26:38.412,10869,276,7,100,False,0,car,0 days 01:23:21.818000,0 days 02:18:58.426000
2024-05-19 14:26:38.772,10677,274,7,0,True,0,car,0 days 01:23:22.178000,0 days 02:18:58.786000
2024-05-19 14:26:38.972,9758,259,7,0,True,0,car,0 days 01:23:22.378000,0 days 02:18:58.986000
2024-05-19 14:26:39.172,10002,240,7,0,True,0,car,0 days 01:23:22.578000,0 days 02:18:59.186000
2024-05-19 14:26:39.372,11105,225,6,2,True,0,car,0 days 01:23:22.778000,0 days 02:18:59.386000
2024-05-19 14:26:39.732,10530,210,5,5,True,0,car,0 days 01:23:23.138000,0 days 02:18:59.746000
2024-05-19 14:26:39.932,10441,204,5,39,False,0,car,0 days 01:23:23.338000,0 days 02:18:59.946000
2024-05-19 14:26:40.132,10521,201,5,60,False,0,car,0 days 01:23:23.538000,0 days 02:19:00.146000
2024-05-19 14:26:40.292,10683,202,5,82,False,0,car,0 days 01:23:23.698000,0 days 02:19:00.306000
2024-05-19 14:26:40.652,10986,208,5,84,False,0,car,0 days 01:23:24.058000,0 days 02:19:00.666000
2024-05-19 14:26:41.052,11306,215,5,100,False,0,car,0 days 01:23:24.458000,0 days 02:19:01.066000
2024-05-19 14:26:41.212,11402,219,5,100,False,0,car,0 days 01:23:24.618000,0 days 02:19:01.226000
2024-05-19 14:26:41.372,11632,223,5,100,False,0,car,0 days 01:23:24.778000,0 days 02:19:01.386000
2024-05-19 14:26:41.532,11749,227,5,100,False,0,car,0 days 01:23:24.938000,0 days 02:19:01.546000
2024-05-19 14:26:41.772,10667,231,5,100,False,0,car,0 days 01:23:25.178000,0 days 02:19:01.786000
2024-05-19 14:26:41.972,10724,236,6,100,False,0,car,0 days 01:23:25.378000,0 days 02:19:01.986000
2024-05-19 14:26:42.332,10863,244,6,100,False,0,car,0 days 01:23:25.738000,0 days 02:19:02.346000
2024-05-19 14:26:42.612,11222,250,6,100,False,0,car,0 days 01:23:26.018000,0 days 02:19:02.626000
2024-05-19 14:26:42.892,11427,254,6,100,False,0,car,0 days 01:23:26.298000,0 days 02:19:02.906000
2024-05-19 14:26:43.292,11661,261,6,100,False,0,car,0 days 01:23:26.698000,0 days 02:19:03.306000
2024-05-19 14:26:43.732,11815,267,6,100,False,0,car,0 days 01:23:27.138000,0 days 02:19:03.746000
2024-05-19 14:26:43.932,10695,272,6,100,False,0,car,0 days 01:23:27.338000,0 days 02:19:03.946000
2024-05-19 14:26:44.292,10879,274,7,100,False,0,car,0 days 01:23:27.698000,0 days 02:19:04.306000
2024-05-19 14:26:44.532,10936,276,7,100,False,0,car,0 days 01:23:27.938000,0 days 02:19:04.546000
2024-05-19 14:26:44.932,11015,278,7,100,False,0,car,0 days 01:23:28.338000,0 days 02:19:04.946000
2024-05-19 14:26:45.252,11000,278,7,100,False,0,car,0 days 01:23:28.658000,0 days 02:19:05.266000
2024-05-19 14:26:45.493,10715,277,7,25,False,0,car,0 days 01:23:28.899000,0 days 02:19:05.507000
2024-05-19 14:26:45.732,10352,273,7,0,False,0,car,0 days 01:23:29.138000,0 days 02:19:05.746000
2024-05-19 14:26:46.172,9883,256,7,0,True,0,car,0 days 01:23:29.578000,0 days 02:19:06.186000
2024-05-19 14:26:46.412,10440,226,7,0,True,0,car,0 days 01:23:29.818000,0 days 02:19:06.426000
2024-05-19 14:26:46.812,10789,184,6,0,True,0,car,0 days 01:23:30.218000,0 days 02:19:06.826000
2024-05-19 14:26:46.972,10084,175,5,0,True,0,car,0 days 01:23:30.378000,0 days 02:19:06.986000
2024-05-19 14:26:47.452,8147,154,4,0,True,0,car,0 days 01:23:30.858000,0 days 02:19:07.466000
2024-05-19 14:26:47.892,7479,131,4,0,True,0,car,0 days 01:23:31.298000,0 days 02:19:07.906000
2024-05-19 14:26:48.092,7421,125,4,0,False,0,car,0 days 01:23:31.498000,0 days 02:19:08.106000
2024-05-19 14:26:48.412,7455,119,4,30,False,0,car,0 days 01:23:31.818000,0 days 02:19:08.426000
2024-05-19 14:26:48.692,7772,121,4,54,False,0,car,0 days 01:23:32.098000,0 days 02:19:08.706000
2024-05-19 14:26:48.852,8040,124,4,54,False,0,car,0 days 01:23:32.258000,0 days 02:19:08.866000
2024-05-19 14:26:49.332,9053,140,4,100,False,0,car,0 days 01:23:32.738000,0 days 02:19:09.346000
2024-05-19 14:26:49.492,9053,145,4,100,False,0,car,0 days 01:23:32.898000,0 days 02:19:09.506000
2024-05-19 14:26:49.692,9959,153,4,100,False,0,car,0 days 01:23:33.098000,0 days 02:19:09.706000
2024-05-19 14:26:49.892,10424,160,4,100,False,0,car,0 days 01:23:33.298000,0 days 02:19:09.906000
2024-05-19 14:26:50.052,10897,168,4,100,False,0,car,0 days 01:23:33.458000,0 days 02:19:10.066000
2024-05-19 14:26:50.212,11366,174,4,100,False,0,car,0 days 01:23:33.618000,0 days 02:19:10.226000
2024-05-19 14:26:50.532,11588,187,4,100,False,0,car,0 days 01:23:33.938000,0 days 02:19:10.546000
2024-05-19 14:26:50.852,10239,196,4,100,False,0,car,0 days 01:23:34.258000,0 days 02:19:10.866000
2024-05-19 14:26:51.012,10610,199,5,100,False,0,car,0 days 01:23:34.418000,0 days 02:19:11.026000
2024-05-19 14:26:51.372,11214,213,5,100,False,0,car,0 days 01:23:34.778000,0 days 02:19:11.386000
2024-05-19 14:26:51.532,11229,218,5,100,False,0,car,0 days 01:23:34.938000,0 days 02:19:11.546000
2024-05-19 14:26:51.892,11652,226,5,100,False,0,car,0 days 01:23:35.298000,0 days 02:19:11.906000
2024-05-19 14:26:52.133,10915,233,5,100,False,0,car,0 days 01:23:35.539000,0 days 02:19:12.147000
2024-05-19 14:26:52.532,10946,243,6,100,False,0,car,0 days 01:23:35.938000,0 days 02:19:12.546000
2024-05-19 14:26:52.812,11082,247,6,100,False,0,car,0 days 01:23:36.218000,0 days 02:19:12.826000
2024-05-19 14:26:53.212,11286,253,6,100,False,0,car,0 days 01:23:36.618000,0 days 02:19:13.226000
2024-05-19 14:26:53.492,11453,254,6,100,False,0,car,0 days 01:23:36.898000,0 days 02:19:13.506000
2024-05-19 14:26:53.852,11632,257,6,100,False,0,car,0 days 01:23:37.258000,0 days 02:19:13.866000
2024-05-19 14:26:54.132,11416,259,6,100,False,0,car,0 days 01:23:37.538000,0 days 02:19:14.146000
2024-05-19 14:26:54.412,11416,259,6,100,False,0,car,0 days 01:23:37.818000,0 days 02:19:14.426000
2024-05-19 14:26:54.652,11529,260,6,100,False,0,car,0 days 01:23:38.058000,0 days 02:19:14.666000
2024-05-19 14:26:54.812,11566,260,6,100,False,0,car,0 days 01:23:38.218000,0 days 02:19:14.826000
2024-05-19 14:26:55.172,11032,261,6,0,True,0,car,0 days 01:23:38.578000,0 days 02:19:15.186000
2024-05-19 14:26:55.452,10037,229,6,0,True,0,car,0 days 01:23:38.858000,0 days 02:19:15.466000
2024-05-19 14:26:55.732,9801,196,6,0,True,0,car,0 days 01:23:39.138000,0 days 02:19:15.746000
2024-05-19 14:26:55.892,10279,186,6,0,True,0,car,0 days 01:23:39.298000,0 days 02:19:15.906000
2024-05-19 14:26:56.292,8718,155,4,0,True,0,car,0 days 01:23:39.698000,0 days 02:19:16.306000
2024-05-19 14:26:56.572,7728,137,4,0,True,0,car,0 days 01:23:39.978000,0 days 02:19:16.586000
2024-05-19 14:26:56.892,7048,129,4,0,True,0,car,0 days 01:23:40.298000,0 days 02:19:16.906000
2024-05-19 14:26:57.132,6859,120,4,0,True,0,car,0 days 01:23:40.538000,0 days 02:19:17.146000
2024-05-19 14:26:57.292,6887,120,4,0,False,0,car,0 days 01:23:40.698000,0 days 02:19:17.306000
2024-05-19 14:26:57.452,7167,113,4,0,False,0,car,0 days 01:23:40.858000,0 days 02:19:17.466000
2024-05-19 14:26:57.772,7225,109,3,0,True,0,car,0 days 01:23:41.178000,0 days 02:19:17.786000
2024-05-19 14:26:58.132,7233,102,3,0,False,0,car,0 days 01:23:41.538000,0 days 02:19:18.146000
2024-05-19 14:26:58.412,7539,99,3,19,False,0,car,0 days 01:23:41.818000,0 days 02:19:18.426000
2024-05-19 14:26:58.653,7519,99,3,22,False,0,car,0 days 01:23:42.059000,0 days 02:19:18.667000
2024-05-19 14:26:59.013,7890,104,3,42,False,0,car,0 days 01:23:42.419000,0 days 02:19:19.027000
2024-05-19 14:26:59.332,8859,111,3,59,False,0,car,0 days 01:23:42.738000,0 days 02:19:19.346000
2024-05-19 14:26:59.532,9250,117,3,73,False,0,car,0 days 01:23:42.938000,0 days 02:19:19.546000
2024-05-19 14:26:59.732,10090,117,3,87,False,0,car,0 days 01:23:43.138000,0 days 02:19:19.746000
2024-05-19 14:27:00.012,11333,141,3,100,False,0,car,0 days 01:23:43.418000,0 days 02:19:20.026000
2024-05-19 14:27:00.172,11702,141,3,100,False,0,car,0 days 01:23:43.578000,0 days 02:19:20.186000
2024-05-19 14:27:00.452,10847,161,3,100,False,0,car,0 days 01:23:43.858000,0 days 02:19:20.466000
2024-05-19 14:27:00.612,10755,171,4,100,False,0,car,0 days 01:23:44.018000,0 days 02:19:20.626000
2024-05-19 14:27:00.772,11057,179,4,100,False,0,car,0 days 01:23:44.178000,0 days 02:19:20.786000
2024-05-19 14:27:01.092,11684,187,4,100,False,0,car,0 days 01:23:44.498000,0 days 02:19:21.106000
2024-05-19 14:27:01.332,11873,198,4,100,False,0,car,0 days 01:23:44.738000,0 days 02:19:21.346000
2024-05-19 14:27:01.732,11063,211,5,100,False,0,car,0 days 01:23:45.138000,0 days 02:19:21.746000
2024-05-19 14:27:02.052,11311,215,5,100,False,0,car,0 days 01:23:45.458000,0 days 02:19:22.066000
2024-05-19 14:27:02.372,11815,229,5,100,False,0,car,0 days 01:23:45.778000,0 days 02:19:22.386000
2024-05-19 14:27:02.772,10826,236,6,100,False,0,car,0 days 01:23:46.178000,0 days 02:19:22.786000
2024-05-19 14:27:02.972,11070,243,6,100,False,0,car,0 days 01:23:46.378000,0 days 02:19:22.986000
2024-05-19 14:27:03.372,11374,250,6,100,False,0,car,0 days 01:23:46.778000,0 days 02:19:23.386000
2024-05-19 14:27:03.532,11508,255,6,100,False,0,car,0 days 01:23:46.938000,0 days 02:19:23.546000
2024-05-19 14:27:04.252,10596,266,6,100,False,0,car,0 days 01:23:47.658000,0 days 02:19:24.266000
2024-05-19 14:27:04.532,10725,270,7,100,False,0,car,0 days 01:23:47.938000,0 days 02:19:24.546000
2024-05-19 14:27:04.852,10917,274,7,100,False,0,car,0 days 01:23:48.258000,0 days 02:19:24.866000
2024-05-19 14:27:05.012,10983,277,7,100,False,0,car,0 days 01:23:48.418000,0 days 02:19:25.026000
2024-05-19 14:27:05.173,11067,278,7,100,False,0,car,0 days 01:23:48.579000,0 days 02:19:25.187000
2024-05-19 14:27:05.413,11137,281,7,100,False,0,car,0 days 01:23:48.819000,0 days 02:19:25.427000
2024-05-19 14:27:05.812,11260,286,7,100,False,0,car,0 days 01:23:49.218000,0 days 02:19:25.826000
2024-05-19 14:27:05.972,11260,287,7,100,False,0,car,0 days 01:23:49.378000,0 days 02:19:25.986000
2024-05-19 14:27:06.172,11356,287,7,100,False,0,car,0 days 01:23:49.578000,0 days 02:19:26.186000
2024-05-19 14:27:06.412,11438,291,7,100,False,0,car,0 days 01:23:49.818000,0 days 02:19:26.426000
2024-05-19 14:27:06.732,11537,294,7,100,False,0,car,0 days 01:23:50.138000,0 days 02:19:26.746000
2024-05-19 14:27:07.132,11555,294,7,100,False,0,car,0 days 01:23:50.538000,0 days 02:19:27.146000
2024-05-19 14:27:07.492,11527,294,7,100,False,0,car,0 days 01:23:50.898000,0 days 02:19:27.506000
2024-05-19 14:27:07.852,11436,292,7,100,False,0,car,0 days 01:23:51.258000,0 days 02:19:27.866000
2024-05-19 14:27:08.012,11469,289,7,93,False,0,car,0 days 01:23:51.418000,0 days 02:19:28.026000
2024-05-19 14:27:08.212,10956,289,7,0,True,0,car,0 days 01:23:51.618000,0 days 02:19:28.226000
2024-05-19 14:27:08.452,10023,274,7,0,True,0,car,0 days 01:23:51.858000,0 days 02:19:28.466000
2024-05-19 14:27:08.652,9603,249,7,0,True,0,car,0 days 01:23:52.058000,0 days 02:19:28.666000
2024-05-19 14:27:08.932,10087,203,6,0,True,0,car,0 days 01:23:52.338000,0 days 02:19:28.946000
2024-05-19 14:27:09.132,10174,183,6,0,True,0,car,0 days 01:23:52.538000,0 days 02:19:29.146000
2024-05-19 14:27:09.332,9799,164,5,0,True,0,car,0 days 01:23:52.738000,0 days 02:19:29.346000
2024-05-19 14:27:09.772,9505,146,3,0,True,0,car,0 days 01:23:53.178000,0 days 02:19:29.786000
2024-05-19 14:27:09.972,8972,130,3,0,True,0,car,0 days 01:23:53.378000,0 days 02:19:29.986000
2024-05-19 14:27:10.452,8117,117,3,0,True,0,car,0 days 01:23:53.858000,0 days 02:19:30.466000
2024-05-19 14:27:10.812,7918,113,3,1,False,0,car,0 days 01:23:54.218000,0 days 02:19:30.826000
2024-05-19 14:27:11.212,8261,112,3,40,False,0,car,0 days 01:23:54.618000,0 days 02:19:31.226000
2024-05-19 14:27:11.452,8837,113,3,48,False,0,car,0 days 01:23:54.858000,0 days 02:19:31.466000
2024-05-19 14:27:11.692,9221,119,3,59,False,0,car,0 days 01:23:55.098000,0 days 02:19:31.706000
2024-05-19 14:27:11.973,9887,128,3,80,False,0,car,0 days 01:23:55.379000,0 days 02:19:31.987000
2024-05-19 14:27:12.213,10827,140,3,98,False,0,car,0 days 01:23:55.619000,0 days 02:19:32.227000
2024-05-19 14:27:12.493,11424,151,3,100,False,0,car,0 days 01:23:55.899000,0 days 02:19:32.507000
2024-05-19 14:27:12.812,9464,162,3,3,True,0,car,0 days 01:23:56.218000,0 days 02:19:32.826000
2024-05-19 14:27:13.012,8860,154,4,0,True,0,car,0 days 01:23:56.418000,0 days 02:19:33.026000
2024-05-19 14:27:13.252,8473,147,4,0,True,0,car,0 days 01:23:56.658000,0 days 02:19:33.266000
2024-05-19 14:27:13.412,8368,142,4,1,True,0,car,0 days 01:23:56.818000,0 days 02:19:33.426000
2024-05-19 14:27:13.692,8040,138,4,2,False,0,car,0 days 01:23:57.098000,0 days 02:19:33.706000
2024-05-19 14:27:14.092,8044,133,4,42,False,0,car,0 days 01:23:57.498000,0 days 02:19:34.106000
2024-05-19 14:27:14.252,8146,130,4,47,False,0,car,0 days 01:23:57.658000,0 days 02:19:34.266000
2024-05-19 14:27:14.532,8318,135,4,47,False,0,car,0 days 01:23:57.938000,0 days 02:19:34.546000
2024-05-19 14:27:14.972,9141,143,4,72,False,0,car,0 days 01:23:58.378000,0 days 02:19:34.986000
2024-05-19 14:27:15.252,9841,151,4,79,False,0,car,0 days 01:23:58.658000,0 days 02:19:35.266000
2024-05-19 14:27:15.452,10249,158,4,87,False,0,car,0 days 01:23:58.858000,0 days 02:19:35.466000
2024-05-19 14:27:15.772,10878,169,4,100,False,0,car,0 days 01:23:59.178000,0 days 02:19:35.786000
2024-05-19 14:27:15.932,11119,178,4,100,False,0,car,0 days 01:23:59.338000,0 days 02:19:35.946000
2024-05-19 14:27:16.092,11604,182,4,100,False,0,car,0 days 01:23:59.498000,0 days 02:19:36.106000
2024-05-19 14:27:16.292,11449,189,4,100,False,0,car,0 days 01:23:59.698000,0 days 02:19:36.306000
2024-05-19 14:27:16.492,10536,197,4,100,False,0,car,0 days 01:23:59.898000,0 days 02:19:36.506000
2024-05-19 14:27:16.812,10883,210,5,100,False,0,car,0 days 01:24:00.218000,0 days 02:19:36.826000
2024-05-19 14:27:17.012,11164,216,5,100,False,0,car,0 days 01:24:00.418000,0 days 02:19:37.026000
2024-05-19 14:27:17.292,11497,222,5,100,False,0,car,0 days 01:24:00.698000,0 days 02:19:37.306000
2024-05-19 14:27:17.492,11826,227,5,100,False,0,car,0 days 01:24:00.898000,0 days 02:19:37.506000
2024-05-19 14:27:17.812,10685,237,6,100,False,0,car,0 days 01:24:01.218000,0 days 02:19:37.826000
2024-05-19 14:27:18.052,11079,241,6,100,False,0,car,0 days 01:24:01.458000,0 days 02:19:38.066000
2024-05-19 14:27:18.252,11132,245,6,100,False,0,car,0 days 01:24:01.658000,0 days 02:19:38.266000
2024-05-19 14:27:18.533,11294,249,6,100,False,0,car,0 days 01:24:01.939000,0 days 02:19:38.547000
2024-05-19 14:27:18.853,11450,256,6,100,False,0,car,0 days 01:24:02.259000,0 days 02:19:38.867000
2024-05-19 14:27:19.013,11657,260,6,100,False,0,car,0 days 01:24:02.419000,0 days 02:19:39.027000
2024-05-19 14:27:19.252,10625,262,6,100,False,0,car,0 days 01:24:02.658000,0 days 02:19:39.266000
2024-05-19 14:27:19.572,10720,267,7,100,False,0,car,0 days 01:24:02.978000,0 days 02:19:39.586000
2024-05-19 14:27:19.732,10765,270,7,100,False,0,car,0 days 01:24:03.138000,0 days 02:19:39.746000
2024-05-19 14:27:19.932,10859,272,7,100,False,0,car,0 days 01:24:03.338000,0 days 02:19:39.946000
2024-05-19 14:27:20.212,11005,276,7,100,False,0,car,0 days 01:24:03.618000,0 days 02:19:40.226000
2024-05-19 14:27:20.452,11066,279,7,100,False,0,car,0 days 01:24:03.858000,0 days 02:19:40.466000
2024-05-19 14:27:20.652,11205,280,7,100,False,0,car,0 days 01:24:04.058000,0 days 02:19:40.666000
2024-05-19 14:27:20.812,11178,283,7,100,False,0,car,0 days 01:24:04.218000,0 days 02:19:40.826000
2024-05-19 14:27:21.012,11333,285,7,100,False,0,car,0 days 01:24:04.418000,0 days 02:19:41.026000
2024-05-19 14:27:21.172,11333,286,7,100,False,0,car,0 days 01:24:04.578000,0 days 02:19:41.186000
2024-05-19 14:27:21.412,11388,288,7,100,False,0,car,0 days 01:24:04.818000,0 days 02:19:41.426000
2024-05-19 14:27:21.612,11464,291,7,100,False,0,car,0 days 01:24:05.018000,0 days 02:19:41.626000
2024-05-19 14:27:21.812,11528,292,7,100,False,0,car,0 days 01:24:05.218000,0 days 02:19:41.826000
2024-05-19 14:27:22.012,11604,293,7,100,False,0,car,0 days 01:24:05.418000,0 days 02:19:42.026000
2024-05-19 14:27:22.252,10494,294,7,100,False,0,car,0 days 01:24:05.658000,0 days 02:19:42.266000
2024-05-19 14:27:22.652,10597,297,8,100,False,0,car,0 days 01:24:06.058000,0 days 02:19:42.666000
2024-05-19 14:27:22.852,10649,299,8,100,False,0,car,0 days 01:24:06.258000,0 days 02:19:42.866000
2024-05-19 14:27:23.012,10685,300,8,100,False,0,car,0 days 01:24:06.418000,0 days 02:19:43.026000
2024-05-19 14:27:23.212,10729,301,8,100,False,0,car,0 days 01:24:06.618000,0 days 02:19:43.226000
2024-05-19 14:27:23.452,10742,302,8,100,False,0,car,0 days 01:24:06.858000,0 days 02:19:43.466000
2024-05-19 14:27:23.692,10805,303,8,100,False,0,car,0 days 01:24:07.098000,0 days 02:19:43.706000
2024-05-19 14:27:23.892,10829,304,8,100,False,0,car,0 days 01:24:07.298000,0 days 02:19:43.906000
2024-05-19 14:27:24.132,10893,306,8,100,False,0,car,0 days 01:24:07.538000,0 days 02:19:44.146000
2024-05-19 14:27:24.332,10915,306,8,100,False,0,car,0 days 01:24:07.738000,0 days 02:19:44.346000
2024-05-19 14:27:24.572,10881,307,8,100,False,0,car,0 days 01:24:07.978000,0 days 02:19:44.586000
2024-05-19 14:27:24.893,10963,308,8,100,False,0,car,0 days 01:24:08.299000,0 days 02:19:44.907000
2024-05-19 14:27:25.133,10963,309,8,100,False,0,car,0 days 01:24:08.539000,0 days 02:19:45.147000
2024-05-19 14:27:25.373,10980,309,8,100,False,0,car,0 days 01:24:08.779000,0 days 02:19:45.387000
2024-05-19 14:27:25.773,11044,310,8,100,False,0,car,0 days 01:24:09.179000,0 days 02:19:45.787000
2024-05-19 14:27:26.172,11043,311,8,100,False,0,car,0 days 01:24:09.578000,0 days 02:19:46.186000
2024-05-19 14:27:26.452,11098,313,8,100,False,0,car,0 days 01:24:09.858000,0 days 02:19:46.466000
2024-05-19 14:27:26.732,11126,314,8,100,False,0,car,0 days 01:24:10.138000,0 days 02:19:46.746000
2024-05-19 14:27:26.932,11138,314,8,100,False,0,car,0 days 01:24:10.338000,0 days 02:19:46.946000
2024-05-19 14:27:27.172,10996,313,8,100,False,0,car,0 days 01:24:10.578000,0 days 02:19:47.186000
2024-05-19 14:27:27.332,11064,313,8,100,False,0,car,0 days 01:24:10.738000,0 days 02:19:47.346000
2024-05-19 14:27:27.572,11112,312,8,100,False,0,car,0 days 01:24:10.978000,0 days 02:19:47.586000
2024-05-19 14:27:27.852,10935,312,8,100,False,0,car,0 days 01:24:11.258000,0 days 02:19:47.866000
2024-05-19 14:27:28.052,10995,310,8,100,False,0,car,0 days 01:24:11.458000,0 days 02:19:48.066000
2024-05-19 14:27:28.292,10959,310,8,100,False,0,car,0 days 01:24:11.698000,0 days 02:19:48.306000
2024-05-19 14:27:28.532,10982,309,8,100,False,0,car,0 days 01:24:11.938000,0 days 02:19:48.546000
2024-05-19 14:27:28.892,10921,308,8,100,False,0,car,0 days 01:24:12.298000,0 days 02:19:48.906000
2024-05-19 14:27:29.172,10868,308,8,100,False,0,car,0 days 01:24:12.578000,0 days 02:19:49.186000
2024-05-19 14:27:29.532,10835,305,8,100,False,0,car,0 days 01:24:12.938000,0 days 02:19:49.546000
2024-05-19 14:27:29.932,10761,303,8,100,False,0,car,0 days 01:24:13.338000,0 days 02:19:49.946000
2024-05-19 14:27:30.372,10366,301,8,1,False,0,car,0 days 01:24:13.778000,0 days 02:19:50.386000
2024-05-19 14:27:30.732,9509,279,8,0,True,0,car,0 days 01:24:14.138000,0 days 02:19:50.746000
2024-05-19 14:27:31.012,9991,228,8,0,True,0,car,0 days 01:24:14.418000,0 days 02:19:51.026000
2024-05-19 14:27:31.372,9936,197,7,0,True,0,car,0 days 01:24:14.778000,0 days 02:19:51.386000
2024-05-19 14:27:31.693,9812,176,4,0,True,0,car,0 days 01:24:15.099000,0 days 02:19:51.707000
2024-05-19 14:27:31.973,9029,157,4,0,True,0,car,0 days 01:24:15.379000,0 days 02:19:51.987000
2024-05-19 14:27:32.173,8737,157,4,0,True,0,car,0 days 01:24:15.579000,0 days 02:19:52.187000
2024-05-19 14:27:32.413,8323,146,4,0,True,0,car,0 days 01:24:15.819000,0 days 02:19:52.427000
2024-05-19 14:27:32.573,8325,144,4,21,False,0,car,0 days 01:24:15.979000,0 days 02:19:52.587000
2024-05-19 14:27:32.852,8849,141,4,53,False,0,car,0 days 01:24:16.258000,0 days 02:19:52.866000
2024-05-19 14:27:33.172,9454,148,4,82,False,0,car,0 days 01:24:16.578000,0 days 02:19:53.186000
2024-05-19 14:27:33.372,9847,154,4,86,False,0,car,0 days 01:24:16.778000,0 days 02:19:53.386000
2024-05-19 14:27:33.532,9940,163,4,52,False,0,car,0 days 01:24:16.938000,0 days 02:19:53.546000
2024-05-19 14:27:33.772,8260,165,5,27,False,0,car,0 days 01:24:17.178000,0 days 02:19:53.786000
2024-05-19 14:27:34.092,8561,163,5,56,False,0,car,0 days 01:24:17.498000,0 days 02:19:54.106000
2024-05-19 14:27:34.292,8666,165,5,74,False,0,car,0 days 01:24:17.698000,0 days 02:19:54.306000
2024-05-19 14:27:34.452,9162,170,5,84,False,0,car,0 days 01:24:17.858000,0 days 02:19:54.466000
2024-05-19 14:27:34.812,9693,182,5,100,False,0,car,0 days 01:24:18.218000,0 days 02:19:54.826000
2024-05-19 14:27:35.092,10061,189,5,100,False,0,car,0 days 01:24:18.498000,0 days 02:19:55.106000
2024-05-19 14:27:35.292,10405,196,5,100,False,0,car,0 days 01:24:18.698000,0 days 02:19:55.306000
2024-05-19 14:27:35.532,10627,208,5,100,False,0,car,0 days 01:24:18.938000,0 days 02:19:55.546000
2024-05-19 14:27:35.772,11313,214,5,100,False,0,car,0 days 01:24:19.178000,0 days 02:19:55.786000
2024-05-19 14:27:36.132,11608,221,5,100,False,0,car,0 days 01:24:19.538000,0 days 02:19:56.146000
2024-05-19 14:27:36.332,11608,227,5,100,False,0,car,0 days 01:24:19.738000,0 days 02:19:56.346000
2024-05-19 14:27:36.772,10822,232,6,100,False,0,car,0 days 01:24:20.178000,0 days 02:19:56.786000
2024-05-19 14:27:36.972,10892,239,6,100,False,0,car,0 days 01:24:20.378000,0 days 02:19:56.986000
2024-05-19 14:27:37.372,11205,244,6,100,False,0,car,0 days 01:24:20.778000,0 days 02:19:57.386000
2024-05-19 14:27:37.532,11232,251,6,100,False,0,car,0 days 01:24:20.938000,0 days 02:19:57.546000
2024-05-19 14:27:37.772,11509,255,6,100,False,0,car,0 days 01:24:21.178000,0 days 02:19:57.786000
2024-05-19 14:27:38.133,11656,262,6,100,False,0,car,0 days 01:24:21.539000,0 days 02:19:58.147000
2024-05-19 14:27:38.453,10643,266,6,100,False,0,car,0 days 01:24:21.859000,0 days 02:19:58.467000
2024-05-19 14:27:38.613,10695,269,7,100,False,0,car,0 days 01:24:22.019000,0 days 02:19:58.627000
2024-05-19 14:27:38.893,10859,272,7,100,False,0,car,0 days 01:24:22.299000,0 days 02:19:58.907000
2024-05-19 14:27:39.253,10966,276,7,100,False,0,car,0 days 01:24:22.659000,0 days 02:19:59.267000
2024-05-19 14:27:39.452,10982,279,7,100,False,0,car,0 days 01:24:22.858000,0 days 02:19:59.466000
2024-05-19 14:27:39.692,11132,280,7,100,False,0,car,0 days 01:24:23.098000,0 days 02:19:59.706000
2024-05-19 14:27:39.932,11087,281,7,100,False,0,car,0 days 01:24:23.338000,0 days 02:19:59.946000
2024-05-19 14:27:40.212,11161,283,7,100,False,0,car,0 days 01:24:23.618000,0 days 02:20:00.226000
2024-05-19 14:27:40.372,11244,283,7,100,False,0,car,0 days 01:24:23.778000,0 days 02:20:00.386000
2024-05-19 14:27:40.532,11211,284,7,100,False,0,car,0 days 01:24:23.938000,0 days 02:20:00.546000
2024-05-19 14:27:40.732,11181,284,7,100,False,0,car,0 days 01:24:24.138000,0 days 02:20:00.746000
2024-05-19 14:27:41.132,11177,284,7,100,False,0,car,0 days 01:24:24.538000,0 days 02:20:01.146000
2024-05-19 14:27:41.532,10580,271,7,0,True,0,car,0 days 01:24:24.938000,0 days 02:20:01.546000
2024-05-19 14:27:41.732,9839,255,7,0,True,0,car,0 days 01:24:25.138000,0 days 02:20:01.746000
2024-05-19 14:27:42.012,10136,233,7,0,True,0,car,0 days 01:24:25.418000,0 days 02:20:02.026000
2024-05-19 14:27:42.172,9785,230,6,2,True,0,car,0 days 01:24:25.578000,0 days 02:20:02.186000
2024-05-19 14:27:42.532,9516,217,6,2,True,0,car,0 days 01:24:25.938000,0 days 02:20:02.546000
2024-05-19 14:27:42.772,9335,210,6,0,True,0,car,0 days 01:24:26.178000,0 days 02:20:02.786000
2024-05-19 14:27:43.172,8936,184,5,0,True,0,car,0 days 01:24:26.578000,0 days 02:20:03.186000
2024-05-19 14:27:43.452,8518,173,5,0,True,0,car,0 days 01:24:26.858000,0 days 02:20:03.466000
2024-05-19 14:27:43.772,8350,166,5,6,False,0,car,0 days 01:24:27.178000,0 days 02:20:03.786000
2024-05-19 14:27:44.052,8459,160,5,21,False,0,car,0 days 01:24:27.458000,0 days 02:20:04.066000
2024-05-19 14:27:44.332,8605,162,5,69,False,0,car,0 days 01:24:27.738000,0 days 02:20:04.346000
2024-05-19 14:27:44.653,8882,168,5,77,False,0,car,0 days 01:24:28.059000,0 days 02:20:04.667000
2024-05-19 14:27:44.933,9438,174,5,100,False,0,car,0 days 01:24:28.339000,0 days 02:20:04.947000
2024-05-19 14:27:45.173,9963,184,5,100,False,0,car,0 days 01:24:28.579000,0 days 02:20:05.187000
2024-05-19 14:27:45.573,10402,196,5,100,False,0,car,0 days 01:24:28.979000,0 days 02:20:05.587000
2024-05-19 14:27:45.813,10566,206,5,100,False,0,car,0 days 01:24:29.219000,0 days 02:20:05.827000
2024-05-19 14:27:45.973,10978,210,5,100,False,0,car,0 days 01:24:29.379000,0 days 02:20:05.987000
2024-05-19 14:27:46.252,11280,212,5,100,False,0,car,0 days 01:24:29.658000,0 days 02:20:06.266000
2024-05-19 14:27:46.572,11574,224,5,100,False,0,car,0 days 01:24:29.978000,0 days 02:20:06.586000
2024-05-19 14:27:46.972,11707,228,5,100,False,0,car,0 days 01:24:30.378000,0 days 02:20:06.986000
2024-05-19 14:27:47.172,11742,229,5,98,False,0,car,0 days 01:24:30.578000,0 days 02:20:07.186000
2024-05-19 14:27:47.332,11172,231,5,5,False,0,car,0 days 01:24:30.738000,0 days 02:20:07.346000
2024-05-19 14:27:47.652,10131,206,5,0,True,0,car,0 days 01:24:31.058000,0 days 02:20:07.666000
2024-05-19 14:27:47.852,10297,187,5,0,True,0,car,0 days 01:24:31.258000,0 days 02:20:07.866000
2024-05-19 14:27:48.012,10857,177,5,0,True,0,car,0 days 01:24:31.418000,0 days 02:20:08.026000
2024-05-19 14:27:48.172,10922,160,5,0,True,0,car,0 days 01:24:31.578000,0 days 02:20:08.186000
2024-05-19 14:27:48.332,10339,148,4,0,True,0,car,0 days 01:24:31.738000,0 days 02:20:08.346000
2024-05-19 14:27:48.532,9592,137,3,0,True,0,car,0 days 01:24:31.938000,0 days 02:20:08.546000
2024-05-19 14:27:48.772,8604,128,3,0,True,0,car,0 days 01:24:32.178000,0 days 02:20:08.786000
2024-05-19 14:27:48.932,8455,123,3,0,True,0,car,0 days 01:24:32.338000,0 days 02:20:08.946000
2024-05-19 14:27:49.332,7768,112,3,0,True,0,car,0 days 01:24:32.738000,0 days 02:20:09.346000
2024-05-19 14:27:49.692,7212,106,3,0,True,0,car,0 days 01:24:33.098000,0 days 02:20:09.706000
2024-05-19 14:27:49.932,6986,101,3,0,False,0,car,0 days 01:24:33.338000,0 days 02:20:09.946000
2024-05-19 14:27:50.172,6711,97,3,0,False,0,car,0 days 01:24:33.578000,0 days 02:20:10.186000
2024-05-19 14:27:50.332,6707,95,3,0,False,0,car,0 days 01:24:33.738000,0 days 02:20:10.346000
2024-05-19 14:27:50.532,6767,92,3,6,False,0,car,0 days 01:24:33.938000,0 days 02:20:10.546000
2024-05-19 14:27:50.772,7016,92,3,28,False,0,car,0 days 01:24:34.178000,0 days 02:20:10.786000
2024-05-19 14:27:50.972,7066,94,3,28,False,0,car,0 days 01:24:34.378000,0 days 02:20:10.986000
2024-05-19 14:27:51.213,7348,98,3,32,False,0,car,0 days 01:24:34.619000,0 days 02:20:11.227000
2024-05-19 14:27:51.573,8027,102,3,51,False,0,car,0 days 01:24:34.979000,0 days 02:20:11.587000
2024-05-19 14:27:51.813,8565,106,3,62,False,0,car,0 days 01:24:35.219000,0 days 02:20:11.827000
2024-05-19 14:27:52.253,9952,126,3,83,False,0,car,0 days 01:24:35.659000,0 days 02:20:12.267000
2024-05-19 14:27:52.413,10512,129,3,100,False,0,car,0 days 01:24:35.819000,0 days 02:20:12.427000
2024-05-19 14:27:52.573,11418,139,3,100,False,0,car,0 days 01:24:35.979000,0 days 02:20:12.587000
2024-05-19 14:27:52.892,11784,154,3,100,False,0,car,0 days 01:24:36.298000,0 days 02:20:12.906000
2024-05-19 14:27:53.252,10621,167,3,100,False,0,car,0 days 01:24:36.658000,0 days 02:20:13.266000
2024-05-19 14:27:53.412,11214,180,4,100,False,0,car,0 days 01:24:36.818000,0 days 02:20:13.426000
2024-05-19 14:27:53.652,11567,188,4,100,False,0,car,0 days 01:24:37.058000,0 days 02:20:13.666000
2024-05-19 14:27:53.812,11841,195,4,100,False,0,car,0 days 01:24:37.218000,0 days 02:20:13.826000
2024-05-19 14:27:54.292,10936,208,5,100,False,0,car,0 days 01:24:37.698000,0 days 02:20:14.306000
2024-05-19 14:27:54.492,11261,214,5,100,False,0,car,0 days 01:24:37.898000,0 days 02:20:14.506000
2024-05-19 14:27:54.932,11725,228,5,100,False,0,car,0 days 01:24:38.338000,0 days 02:20:14.946000
2024-05-19 14:27:55.292,10598,235,5,100,False,0,car,0 days 01:24:38.698000,0 days 02:20:15.306000
2024-05-19 14:27:55.532,10883,241,6,100,False,0,car,0 days 01:24:38.938000,0 days 02:20:15.546000
2024-05-19 14:27:55.892,11156,247,6,100,False,0,car,0 days 01:24:39.298000,0 days 02:20:15.906000
2024-05-19 14:27:56.132,11259,253,6,100,False,0,car,0 days 01:24:39.538000,0 days 02:20:16.146000
2024-05-19 14:27:56.372,11472,253,6,100,False,0,car,0 days 01:24:39.778000,0 days 02:20:16.386000
2024-05-19 14:27:56.572,11595,258,6,100,False,0,car,0 days 01:24:39.978000,0 days 02:20:16.586000
2024-05-19 14:27:56.732,11587,261,6,100,False,0,car,0 days 01:24:40.138000,0 days 02:20:16.746000
2024-05-19 14:27:57.012,11027,265,7,100,False,0,car,0 days 01:24:40.418000,0 days 02:20:17.026000
2024-05-19 14:27:57.292,10654,266,7,100,False,0,car,0 days 01:24:40.698000,0 days 02:20:17.306000
2024-05-19 14:27:57.492,10714,269,7,100,False,0,car,0 days 01:24:40.898000,0 days 02:20:17.506000
2024-05-19 14:27:57.692,10706,270,7,100,False,0,car,0 days 01:24:41.098000,0 days 02:20:17.706000
2024-05-19 14:27:57.893,10778,271,7,100,False,0,car,0 days 01:24:41.299000,0 days 02:20:17.907000
2024-05-19 14:27:58.253,10817,272,7,100,False,0,car,0 days 01:24:41.659000,0 days 02:20:18.267000
2024-05-19 14:27:58.573,10748,273,7,100,False,0,car,0 days 01:24:41.979000,0 days 02:20:18.587000
2024-05-19 14:27:59.053,10870,273,7,100,False,0,car,0 days 01:24:42.459000,0 days 02:20:19.067000
2024-05-19 14:27:59.333,10853,274,7,100,False,0,car,0 days 01:24:42.739000,0 days 02:20:19.347000
2024-05-19 14:27:59.532,10696,273,7,8,False,0,car,0 days 01:24:42.938000,0 days 02:20:19.546000
2024-05-19 14:27:59.852,10084,253,7,0,True,0,car,0 days 01:24:43.258000,0 days 02:20:19.866000
2024-05-19 14:28:00.292,10876,220,6,4,True,0,car,0 days 01:24:43.698000,0 days 02:20:20.306000
2024-05-19 14:28:00.692,10401,210,5,13,False,0,car,0 days 01:24:44.098000,0 days 02:20:20.706000
2024-05-19 14:28:00.852,10398,201,5,35,False,0,car,0 days 01:24:44.258000,0 days 02:20:20.866000
2024-05-19 14:28:01.132,10546,200,5,83,False,0,car,0 days 01:24:44.538000,0 days 02:20:21.146000
2024-05-19 14:28:01.292,10690,202,5,88,False,0,car,0 days 01:24:44.698000,0 days 02:20:21.306000
2024-05-19 14:28:01.612,11075,207,5,100,False,0,car,0 days 01:24:45.018000,0 days 02:20:21.626000
2024-05-19 14:28:01.852,11137,207,5,100,False,0,car,0 days 01:24:45.258000,0 days 02:20:21.866000
2024-05-19 14:28:02.092,11368,215,5,100,False,0,car,0 days 01:24:45.498000,0 days 02:20:22.106000
2024-05-19 14:28:02.252,11621,225,5,100,False,0,car,0 days 01:24:45.658000,0 days 02:20:22.266000
2024-05-19 14:28:02.532,11948,231,5,100,False,0,car,0 days 01:24:45.938000,0 days 02:20:22.546000
2024-05-19 14:28:02.692,12142,233,5,100,False,0,car,0 days 01:24:46.098000,0 days 02:20:22.706000
2024-05-19 14:28:03.012,10882,241,5,100,False,0,car,0 days 01:24:46.418000,0 days 02:20:23.026000
2024-05-19 14:28:03.372,11179,248,6,100,False,0,car,0 days 01:24:46.778000,0 days 02:20:23.386000
2024-05-19 14:28:03.612,11316,253,6,100,False,0,car,0 days 01:24:47.018000,0 days 02:20:23.626000
2024-05-19 14:28:03.812,11485,257,6,100,False,0,car,0 days 01:24:47.218000,0 days 02:20:23.826000
2024-05-19 14:28:04.012,11709,261,6,100,False,0,car,0 days 01:24:47.418000,0 days 02:20:24.026000
2024-05-19 14:28:04.212,11699,264,6,100,False,0,car,0 days 01:24:47.618000,0 days 02:20:24.226000
2024-05-19 14:28:04.613,12074,270,6,100,False,0,car,0 days 01:24:48.019000,0 days 02:20:24.627000
2024-05-19 14:28:04.853,10814,272,6,100,False,0,car,0 days 01:24:48.259000,0 days 02:20:24.867000
2024-05-19 14:28:05.173,10959,274,7,100,False,0,car,0 days 01:24:48.579000,0 days 02:20:25.187000
2024-05-19 14:28:05.333,10952,276,7,100,False,0,car,0 days 01:24:48.739000,0 days 02:20:25.347000
2024-05-19 14:28:05.613,10927,276,7,100,False,0,car,0 days 01:24:49.019000,0 days 02:20:25.627000
2024-05-19 14:28:05.893,10936,277,7,100,False,0,car,0 days 01:24:49.299000,0 days 02:20:25.907000
2024-05-19 14:28:06.053,11005,278,7,97,False,0,car,0 days 01:24:49.459000,0 days 02:20:26.067000
2024-05-19 14:28:06.492,10510,271,7,0,False,0,car,0 days 01:24:49.898000,0 days 02:20:26.506000
2024-05-19 14:28:06.652,10147,264,7,0,True,0,car,0 days 01:24:50.058000,0 days 02:20:26.666000
2024-05-19 14:28:07.052,10010,243,7,0,True,0,car,0 days 01:24:50.458000,0 days 02:20:27.066000
2024-05-19 14:28:07.412,10842,206,7,0,True,0,car,0 days 01:24:50.818000,0 days 02:20:27.426000
2024-05-19 14:28:07.652,10621,185,5,0,True,0,car,0 days 01:24:51.058000,0 days 02:20:27.666000
2024-05-19 14:28:07.812,9923,167,4,0,True,0,car,0 days 01:24:51.218000,0 days 02:20:27.826000
2024-05-19 14:28:08.012,9208,156,4,0,True,0,car,0 days 01:24:51.418000,0 days 02:20:28.026000
2024-05-19 14:28:08.252,8311,150,4,0,True,0,car,0 days 01:24:51.658000,0 days 02:20:28.266000
2024-05-19 14:28:08.412,7903,136,4,0,True,0,car,0 days 01:24:51.818000,0 days 02:20:28.426000
2024-05-19 14:28:08.692,7503,131,4,0,True,0,car,0 days 01:24:52.098000,0 days 02:20:28.706000
2024-05-19 14:28:08.932,7503,125,4,0,True,0,car,0 days 01:24:52.338000,0 days 02:20:28.946000
2024-05-19 14:28:09.212,7205,118,4,18,False,0,car,0 days 01:24:52.618000,0 days 02:20:29.226000
2024-05-19 14:28:09.452,7495,118,4,38,False,0,car,0 days 01:24:52.858000,0 days 02:20:29.466000
2024-05-19 14:28:09.772,8046,124,4,74,False,0,car,0 days 01:24:53.178000,0 days 02:20:29.786000
2024-05-19 14:28:09.932,8441,131,4,79,False,0,car,0 days 01:24:53.338000,0 days 02:20:29.946000
2024-05-19 14:28:10.252,9823,140,4,100,False,0,car,0 days 01:24:53.658000,0 days 02:20:30.266000
2024-05-19 14:28:10.452,9631,150,4,100,False,0,car,0 days 01:24:53.858000,0 days 02:20:30.466000
2024-05-19 14:28:10.652,10129,153,4,100,False,0,car,0 days 01:24:54.058000,0 days 02:20:30.666000
2024-05-19 14:28:10.973,11610,168,4,100,False,0,car,0 days 01:24:54.379000,0 days 02:20:30.987000
2024-05-19 14:28:11.213,11603,178,4,100,False,0,car,0 days 01:24:54.619000,0 days 02:20:31.227000
2024-05-19 14:28:11.373,11326,182,4,100,False,0,car,0 days 01:24:54.779000,0 days 02:20:31.387000
2024-05-19 14:28:11.613,11790,189,4,100,False,0,car,0 days 01:24:55.019000,0 days 02:20:31.627000
2024-05-19 14:28:11.933,10531,202,5,100,False,0,car,0 days 01:24:55.339000,0 days 02:20:31.947000
2024-05-19 14:28:12.293,11011,211,5,100,False,0,car,0 days 01:24:55.699000,0 days 02:20:32.307000
2024-05-19 14:28:12.693,11469,223,5,100,False,0,car,0 days 01:24:56.099000,0 days 02:20:32.707000
2024-05-19 14:28:12.893,11306,228,5,100,False,0,car,0 days 01:24:56.299000,0 days 02:20:32.907000
2024-05-19 14:28:13.092,10526,232,6,100,False,0,car,0 days 01:24:56.498000,0 days 02:20:33.106000
2024-05-19 14:28:13.252,10794,234,6,100,False,0,car,0 days 01:24:56.658000,0 days 02:20:33.266000
2024-05-19 14:28:13.492,10919,240,6,100,False,0,car,0 days 01:24:56.898000,0 days 02:20:33.506000
2024-05-19 14:28:13.812,11179,249,6,100,False,0,car,0 days 01:24:57.218000,0 days 02:20:33.826000
2024-05-19 14:28:14.092,11283,252,6,100,False,0,car,0 days 01:24:57.498000,0 days 02:20:34.106000
2024-05-19 14:28:14.252,11502,256,6,100,False,0,car,0 days 01:24:57.658000,0 days 02:20:34.266000
2024-05-19 14:28:14.572,11554,260,6,100,False,0,car,0 days 01:24:57.978000,0 days 02:20:34.586000
2024-05-19 14:28:14.892,10869,263,6,100,False,0,car,0 days 01:24:58.298000,0 days 02:20:34.906000
2024-05-19 14:28:15.052,10577,267,7,100,False,0,car,0 days 01:24:58.458000,0 days 02:20:35.066000
2024-05-19 14:28:15.332,10662,271,7,100,False,0,car,0 days 01:24:58.738000,0 days 02:20:35.346000
2024-05-19 14:28:15.492,10773,272,7,100,False,0,car,0 days 01:24:58.898000,0 days 02:20:35.506000
2024-05-19 14:28:15.652,10777,275,7,73,False,0,car,0 days 01:24:59.058000,0 days 02:20:35.666000
2024-05-19 14:28:15.852,10391,268,7,0,True,0,car,0 days 01:24:59.258000,0 days 02:20:35.866000
2024-05-19 14:28:16.212,9781,222,7,0,True,0,car,0 days 01:24:59.618000,0 days 02:20:36.226000
2024-05-19 14:28:16.372,10075,210,7,0,True,0,car,0 days 01:24:59.778000,0 days 02:20:36.386000
2024-05-19 14:28:16.532,10775,189,7,0,True,0,car,0 days 01:24:59.938000,0 days 02:20:36.546000
2024-05-19 14:28:17.012,8806,149,4,0,True,0,car,0 days 01:25:00.418000,0 days 02:20:37.026000
2024-05-19 14:28:17.332,7797,133,4,0,True,0,car,0 days 01:25:00.738000,0 days 02:20:37.346000
2024-05-19 14:28:17.533,7392,127,4,0,True,0,car,0 days 01:25:00.939000,0 days 02:20:37.547000
2024-05-19 14:28:17.853,6771,117,4,0,True,0,car,0 days 01:25:01.259000,0 days 02:20:37.867000
2024-05-19 14:28:18.013,6771,116,4,0,False,0,car,0 days 01:25:01.419000,0 days 02:20:38.027000
2024-05-19 14:28:18.373,6550,109,4,0,False,0,car,0 days 01:25:01.779000,0 days 02:20:38.387000
2024-05-19 14:28:18.533,7250,108,4,0,False,0,car,0 days 01:25:01.939000,0 days 02:20:38.547000
2024-05-19 14:28:18.773,7072,105,3,0,False,0,car,0 days 01:25:02.179000,0 days 02:20:38.787000
2024-05-19 14:28:19.053,7106,103,3,0,False,0,car,0 days 01:25:02.459000,0 days 02:20:39.067000
2024-05-19 14:28:19.293,7341,96,3,14,False,0,car,0 days 01:25:02.699000,0 days 02:20:39.307000
2024-05-19 14:28:19.692,7642,98,3,34,False,0,car,0 days 01:25:03.098000,0 days 02:20:39.706000
2024-05-19 14:28:20.012,7994,104,3,42,False,0,car,0 days 01:25:03.418000,0 days 02:20:40.026000
2024-05-19 14:28:20.212,8311,108,3,53,False,0,car,0 days 01:25:03.618000,0 days 02:20:40.226000
2024-05-19 14:28:20.452,8761,114,3,67,False,0,car,0 days 01:25:03.858000,0 days 02:20:40.466000
2024-05-19 14:28:20.812,10150,131,3,85,False,0,car,0 days 01:25:04.218000,0 days 02:20:40.826000
2024-05-19 14:28:21.132,11570,146,3,100,False,0,car,0 days 01:25:04.538000,0 days 02:20:41.146000
2024-05-19 14:28:21.332,11847,155,3,100,False,0,car,0 days 01:25:04.738000,0 days 02:20:41.346000
2024-05-19 14:28:21.532,10447,165,3,100,False,0,car,0 days 01:25:04.938000,0 days 02:20:41.546000
2024-05-19 14:28:21.692,10835,165,4,100,False,0,car,0 days 01:25:05.098000,0 days 02:20:41.706000
2024-05-19 14:28:21.932,11178,183,4,100,False,0,car,0 days 01:25:05.338000,0 days 02:20:41.946000
2024-05-19 14:28:22.092,11585,187,4,100,False,0,car,0 days 01:25:05.498000,0 days 02:20:42.106000
2024-05-19 14:28:22.452,12026,201,4,100,False,0,car,0 days 01:25:05.858000,0 days 02:20:42.466000
2024-05-19 14:28:22.652,10901,208,4,100,False,0,car,0 days 01:25:06.058000,0 days 02:20:42.666000
2024-05-19 14:28:22.892,11190,215,5,100,False,0,car,0 days 01:25:06.298000,0 days 02:20:42.906000
2024-05-19 14:28:23.252,11606,226,5,100,False,0,car,0 days 01:25:06.658000,0 days 02:20:43.266000
2024-05-19 14:28:23.572,11837,234,5,100,False,0,car,0 days 01:25:06.978000,0 days 02:20:43.586000
2024-05-19 14:28:23.732,10717,238,5,100,False,0,car,0 days 01:25:07.138000,0 days 02:20:43.746000
2024-05-19 14:28:23.932,10896,242,6,100,False,0,car,0 days 01:25:07.338000,0 days 02:20:43.946000
2024-05-19 14:28:24.133,11162,247,6,100,False,0,car,0 days 01:25:07.539000,0 days 02:20:44.147000
2024-05-19 14:28:24.373,11343,251,6,100,False,0,car,0 days 01:25:07.779000,0 days 02:20:44.387000
2024-05-19 14:28:24.693,11594,257,6,100,False,0,car,0 days 01:25:08.099000,0 days 02:20:44.707000
2024-05-19 14:28:24.893,11569,260,6,100,False,0,car,0 days 01:25:08.299000,0 days 02:20:44.907000
2024-05-19 14:28:25.213,10575,266,6,100,False,0,car,0 days 01:25:08.619000,0 days 02:20:45.227000
2024-05-19 14:28:25.453,10768,269,7,100,False,0,car,0 days 01:25:08.859000,0 days 02:20:45.467000
2024-05-19 14:28:25.613,10792,271,7,100,False,0,car,0 days 01:25:09.019000,0 days 02:20:45.627000
2024-05-19 14:28:25.893,10937,274,7,100,False,0,car,0 days 01:25:09.299000,0 days 02:20:45.907000
2024-05-19 14:28:26.213,11026,279,7,100,False,0,car,0 days 01:25:09.619000,0 days 02:20:46.227000
2024-05-19 14:28:26.373,11127,280,7,100,False,0,car,0 days 01:25:09.779000,0 days 02:20:46.387000
2024-05-19 14:28:26.572,11184,282,7,100,False,0,car,0 days 01:25:09.978000,0 days 02:20:46.586000
2024-05-19 14:28:26.892,11297,286,7,100,False,0,car,0 days 01:25:10.298000,0 days 02:20:46.906000
2024-05-19 14:28:27.092,11407,287,7,100,False,0,car,0 days 01:25:10.498000,0 days 02:20:47.106000
2024-05-19 14:28:27.532,11460,290,7,100,False,0,car,0 days 01:25:10.938000,0 days 02:20:47.546000
2024-05-19 14:28:27.812,11045,295,7,100,False,0,car,0 days 01:25:11.218000,0 days 02:20:47.826000
2024-05-19 14:28:28.212,10645,297,8,100,False,0,car,0 days 01:25:11.618000,0 days 02:20:48.226000
2024-05-19 14:28:28.532,10636,298,8,100,False,0,car,0 days 01:25:11.938000,0 days 02:20:48.546000
2024-05-19 14:28:28.812,10641,300,8,100,False,0,car,0 days 01:25:12.218000,0 days 02:20:48.826000
2024-05-19 14:28:29.092,10278,298,8,8,True,0,car,0 days 01:25:12.498000,0 days 02:20:49.106000
2024-05-19 14:28:29.412,9018,260,8,0,True,0,car,0 days 01:25:12.818000,0 days 02:20:49.426000
2024-05-19 14:28:29.812,9705,213,8,0,True,0,car,0 days 01:25:13.218000,0 days 02:20:49.826000
2024-05-19 14:28:30.252,10126,192,8,0,True,0,car,0 days 01:25:13.658000,0 days 02:20:50.266000
2024-05-19 14:28:30.452,10308,156,6,0,True,0,car,0 days 01:25:13.858000,0 days 02:20:50.466000
2024-05-19 14:28:30.813,9532,134,3,0,True,0,car,0 days 01:25:14.219000,0 days 02:20:50.827000
2024-05-19 14:28:30.973,8711,130,3,0,True,0,car,0 days 01:25:14.379000,0 days 02:20:50.987000
2024-05-19 14:28:31.213,8619,123,3,0,True,0,car,0 days 01:25:14.619000,0 days 02:20:51.227000
2024-05-19 14:28:31.533,8092,116,3,0,False,0,car,0 days 01:25:14.939000,0 days 02:20:51.547000
2024-05-19 14:28:31.893,8311,112,3,23,False,0,car,0 days 01:25:15.299000,0 days 02:20:51.907000
2024-05-19 14:28:32.093,8110,109,3,35,False,0,car,0 days 01:25:15.499000,0 days 02:20:52.107000
2024-05-19 14:28:32.293,8233,111,3,39,False,0,car,0 days 01:25:15.699000,0 days 02:20:52.307000
2024-05-19 14:28:32.493,8639,114,3,49,False,0,car,0 days 01:25:15.899000,0 days 02:20:52.507000
2024-05-19 14:28:32.653,9013,119,3,55,False,0,car,0 days 01:25:16.059000,0 days 02:20:52.667000
2024-05-19 14:28:32.893,9643,124,3,69,False,0,car,0 days 01:25:16.299000,0 days 02:20:52.907000
2024-05-19 14:28:33.053,10096,131,3,74,False,0,car,0 days 01:25:16.459000,0 days 02:20:53.067000
2024-05-19 14:28:33.332,10912,143,3,96,False,0,car,0 days 01:25:16.738000,0 days 02:20:53.346000
2024-05-19 14:28:33.532,11430,154,3,100,False,0,car,0 days 01:25:16.938000,0 days 02:20:53.546000
2024-05-19 14:28:33.732,10730,161,3,31,False,0,car,0 days 01:25:17.138000,0 days 02:20:53.746000
2024-05-19 14:28:34.052,8719,154,4,0,True,0,car,0 days 01:25:17.458000,0 days 02:20:54.066000
2024-05-19 14:28:34.252,8483,150,4,0,True,0,car,0 days 01:25:17.658000,0 days 02:20:54.266000
2024-05-19 14:28:34.572,8249,142,4,0,True,0,car,0 days 01:25:17.978000,0 days 02:20:54.586000
2024-05-19 14:28:34.972,7897,133,4,2,False,0,car,0 days 01:25:18.378000,0 days 02:20:54.986000
2024-05-19 14:28:35.292,8097,130,4,10,False,0,car,0 days 01:25:18.698000,0 days 02:20:55.306000
2024-05-19 14:28:35.492,8077,132,4,46,False,0,car,0 days 01:25:18.898000,0 days 02:20:55.506000
2024-05-19 14:28:35.772,8400,136,4,48,False,0,car,0 days 01:25:19.178000,0 days 02:20:55.786000
2024-05-19 14:28:35.932,8700,140,4,59,False,0,car,0 days 01:25:19.338000,0 days 02:20:55.946000
2024-05-19 14:28:36.252,9169,147,4,72,False,0,car,0 days 01:25:19.658000,0 days 02:20:56.266000
2024-05-19 14:28:36.572,10321,158,4,100,False,0,car,0 days 01:25:19.978000,0 days 02:20:56.586000
2024-05-19 14:28:36.852,10883,166,4,100,False,0,car,0 days 01:25:20.258000,0 days 02:20:56.866000
2024-05-19 14:28:37.172,11429,184,4,100,False,0,car,0 days 01:25:20.578000,0 days 02:20:57.186000
2024-05-19 14:28:37.493,10537,192,4,100,False,0,car,0 days 01:25:20.899000,0 days 02:20:57.507000
2024-05-19 14:28:37.653,10581,202,5,100,False,0,car,0 days 01:25:21.059000,0 days 02:20:57.667000
2024-05-19 14:28:38.133,11268,218,5,100,False,0,car,0 days 01:25:21.539000,0 days 02:20:58.147000
2024-05-19 14:28:38.493,11767,226,5,100,False,0,car,0 days 01:25:21.899000,0 days 02:20:58.507000
2024-05-19 14:28:38.653,11627,231,5,100,False,0,car,0 days 01:25:22.059000,0 days 02:20:58.667000
2024-05-19 14:28:38.893,10757,236,5,100,False,0,car,0 days 01:25:22.299000,0 days 02:20:58.907000
2024-05-19 14:28:39.173,10980,243,6,100,False,0,car,0 days 01:25:22.579000,0 days 02:20:59.187000
2024-05-19 14:28:39.453,11237,249,6,100,False,0,car,0 days 01:25:22.859000,0 days 02:20:59.467000
2024-05-19 14:28:39.773,11507,255,6,100,False,0,car,0 days 01:25:23.179000,0 days 02:20:59.787000
2024-05-19 14:28:39.972,11633,259,6,100,False,0,car,0 days 01:25:23.378000,0 days 02:20:59.986000
2024-05-19 14:28:40.172,11377,261,6,100,False,0,car,0 days 01:25:23.578000,0 days 02:21:00.186000
2024-05-19 14:28:40.332,10492,264,6,100,False,0,car,0 days 01:25:23.738000,0 days 02:21:00.346000
2024-05-19 14:28:40.532,10633,266,6,100,False,0,car,0 days 01:25:23.938000,0 days 02:21:00.546000
2024-05-19 14:28:40.852,10815,268,7,100,False,0,car,0 days 01:25:24.258000,0 days 02:21:00.866000
2024-05-19 14:28:41.212,10961,276,7,100,False,0,car,0 days 01:25:24.618000,0 days 02:21:01.226000
2024-05-19 14:28:41.492,11115,278,7,100,False,0,car,0 days 01:25:24.898000,0 days 02:21:01.506000
2024-05-19 14:28:41.692,11150,280,7,100,False,0,car,0 days 01:25:25.098000,0 days 02:21:01.706000
2024-05-19 14:28:42.012,11205,284,7,100,False,0,car,0 days 01:25:25.418000,0 days 02:21:02.026000
Pos_data
Date,Status,X,Y,Z,Source,Time,SessionTime
2024-05-19 13:03:16.884,OnTrack,-3483,-1694,794,pos,0 days 00:00:00.290000,0 days 00:55:36.898000
2024-05-19 13:03:17.204,OnTrack,-3484,-1694,794,pos,0 days 00:00:00.610000,0 days 00:55:37.218000
2024-05-19 13:03:17.464,OnTrack,-3493,-1694,794,pos,0 days 00:00:00.870000,0 days 00:55:37.478000
2024-05-19 13:03:17.644,OnTrack,-3502,-1694,794,pos,0 days 00:00:01.050000,0 days 00:55:37.658000
2024-05-19 13:03:17.864,OnTrack,-3523,-1694,794,pos,0 days 00:00:01.270000,0 days 00:55:37.878000
2024-05-19 13:03:18.184,OnTrack,-3549,-1694,794,pos,0 days 00:00:01.590000,0 days 00:55:38.198000
2024-05-19 13:03:18.404,OnTrack,-3577,-1694,794,pos,0 days 00:00:01.810000,0 days 00:55:38.418000
2024-05-19 13:03:18.704,OnTrack,-3637,-1693,795,pos,0 days 00:00:02.110000,0 days 00:55:38.718000
2024-05-19 13:03:19.064,OnTrack,-3691,-1690,795,pos,0 days 00:00:02.470000,0 days 00:55:39.078000
2024-05-19 13:03:19.224,OnTrack,-3726,-1688,795,pos,0 days 00:00:02.630000,0 days 00:55:39.238000
2024-05-19 13:03:19.584,OnTrack,-3821,-1681,795,pos,0 days 00:00:02.990000,0 days 00:55:39.598000
2024-05-19 13:03:19.824,OnTrack,-3884,-1674,796,pos,0 days 00:00:03.230000,0 days 00:55:39.838000
2024-05-19 13:03:20.024,OnTrack,-3945,-1667,796,pos,0 days 00:00:03.430000,0 days 00:55:40.038000
2024-05-19 13:03:20.224,OnTrack,-4011,-1657,797,pos,0 days 00:00:03.630000,0 days 00:55:40.238000
2024-05-19 13:03:20.604,OnTrack,-4150,-1633,797,pos,0 days 00:00:04.010000,0 days 00:55:40.618000
2024-05-19 13:03:21.325,OnTrack,-4507,-1555,799,pos,0 days 00:00:04.731000,0 days 00:55:41.339000
2024-05-19 13:03:21.705,OnTrack,-4658,-1519,800,pos,0 days 00:00:05.111000,0 days 00:55:41.719000
2024-05-19 13:03:21.885,OnTrack,-4752,-1496,801,pos,0 days 00:00:05.291000,0 days 00:55:41.899000
2024-05-19 13:03:22.125,OnTrack,-4880,-1465,802,pos,0 days 00:00:05.531000,0 days 00:55:42.139000
2024-05-19 13:03:22.185,OnTrack,-4913,-1456,802,pos,0 days 00:00:05.591000,0 days 00:55:42.199000
2024-05-19 13:03:22.405,OnTrack,-5035,-1426,803,pos,0 days 00:00:05.811000,0 days 00:55:42.419000
2024-05-19 13:03:22.605,OnTrack,-5147,-1399,804,pos,0 days 00:00:06.011000,0 days 00:55:42.619000
2024-05-19 13:03:22.825,OnTrack,-5272,-1369,805,pos,0 days 00:00:06.231000,0 days 00:55:42.839000
2024-05-19 13:03:23.025,OnTrack,-5388,-1342,806,pos,0 days 00:00:06.431000,0 days 00:55:43.039000
2024-05-19 13:03:23.305,OnTrack,-5622,-1295,808,pos,0 days 00:00:06.711000,0 days 00:55:43.319000
2024-05-19 13:03:23.604,OnTrack,-5732,-1277,809,pos,0 days 00:00:07.010000,0 days 00:55:43.618000
2024-05-19 13:03:23.804,OnTrack,-5858,-1261,810,pos,0 days 00:00:07.210000,0 days 00:55:43.818000
2024-05-19 13:03:24.124,OnTrack,-6071,-1242,812,pos,0 days 00:00:07.530000,0 days 00:55:44.138000
2024-05-19 13:03:24.264,OnTrack,-6167,-1237,813,pos,0 days 00:00:07.670000,0 days 00:55:44.278000
2024-05-19 13:03:24.544,OnTrack,-6448,-1230,814,pos,0 days 00:00:07.950000,0 days 00:55:44.558000
2024-05-19 13:03:24.924,OnTrack,-6634,-1229,815,pos,0 days 00:00:08.330000,0 days 00:55:44.938000
2024-05-19 13:03:25.084,OnTrack,-6749,-1230,816,pos,0 days 00:00:08.490000,0 days 00:55:45.098000
2024-05-19 13:03:25.284,OnTrack,-6896,-1233,816,pos,0 days 00:00:08.690000,0 days 00:55:45.298000
2024-05-19 13:03:25.484,OnTrack,-7043,-1237,817,pos,0 days 00:00:08.890000,0 days 00:55:45.498000
2024-05-19 13:03:25.804,OnTrack,-7281,-1249,818,pos,0 days 00:00:09.210000,0 days 00:55:45.818000
2024-05-19 13:03:26.004,OnTrack,-7477,-1265,818,pos,0 days 00:00:09.410000,0 days 00:55:46.018000
2024-05-19 13:03:26.344,OnTrack,-7690,-1286,818,pos,0 days 00:00:09.750000,0 days 00:55:46.358000
2024-05-19 13:03:26.664,OnTrack,-8141,-1340,818,pos,0 days 00:00:10.070000,0 days 00:55:46.678000
2024-05-19 13:03:26.964,OnTrack,-8452,-1382,819,pos,0 days 00:00:10.370000,0 days 00:55:46.978000
2024-05-19 13:03:27.465,OnTrack,-8813,-1432,819,pos,0 days 00:00:10.871000,0 days 00:55:47.479000
2024-05-19 13:03:27.705,OnTrack,-8923,-1448,819,pos,0 days 00:00:11.111000,0 days 00:55:47.719000
2024-05-19 13:03:27.905,OnTrack,-9081,-1473,819,pos,0 days 00:00:11.311000,0 days 00:55:47.919000
2024-05-19 13:03:28.225,OnTrack,-9421,-1551,819,pos,0 days 00:00:11.631000,0 days 00:55:48.239000
2024-05-19 13:03:28.585,OnTrack,-9600,-1606,819,pos,0 days 00:00:11.991000,0 days 00:55:48.599000
2024-05-19 13:03:28.905,OnTrack,-9868,-1691,818,pos,0 days 00:00:12.311000,0 days 00:55:48.919000
2024-05-19 13:03:29.225,OnTrack,-9993,-1730,819,pos,0 days 00:00:12.631000,0 days 00:55:49.239000
2024-05-19 13:03:29.465,OnTrack,-10145,-1778,818,pos,0 days 00:00:12.871000,0 days 00:55:49.479000
2024-05-19 13:03:29.785,OnTrack,-10222,-1810,818,pos,0 days 00:00:13.191000,0 days 00:55:49.799000
2024-05-19 13:03:30.104,OnTrack,-10317,-1887,818,pos,0 days 00:00:13.510000,0 days 00:55:50.118000
2024-05-19 13:03:30.304,OnTrack,-10361,-1955,818,pos,0 days 00:00:13.710000,0 days 00:55:50.318000
2024-05-19 13:03:30.384,OnTrack,-10374,-1986,818,pos,0 days 00:00:13.790000,0 days 00:55:50.398000
2024-05-19 13:03:30.704,OnTrack,-10428,-2168,819,pos,0 days 00:00:14.110000,0 days 00:55:50.718000
2024-05-19 13:03:31.024,OnTrack,-10454,-2245,819,pos,0 days 00:00:14.430000,0 days 00:55:51.038000
2024-05-19 13:03:31.284,OnTrack,-10502,-2340,819,pos,0 days 00:00:14.690000,0 days 00:55:51.298000
2024-05-19 13:03:31.564,OnTrack,-10578,-2435,818,pos,0 days 00:00:14.970000,0 days 00:55:51.578000
2024-05-19 13:03:31.724,OnTrack,-10631,-2483,818,pos,0 days 00:00:15.130000,0 days 00:55:51.738000
2024-05-19 13:03:31.964,OnTrack,-10743,-2563,819,pos,0 days 00:00:15.370000,0 days 00:55:51.978000
2024-05-19 13:03:32.384,OnTrack,-10889,-2652,820,pos,0 days 00:00:15.790000,0 days 00:55:52.398000
2024-05-19 13:03:32.464,OnTrack,-10923,-2672,820,pos,0 days 00:00:15.870000,0 days 00:55:52.478000
2024-05-19 13:03:32.784,OnTrack,-11064,-2753,822,pos,0 days 00:00:16.190000,0 days 00:55:52.798000
2024-05-19 13:03:33.004,OnTrack,-11164,-2812,822,pos,0 days 00:00:16.410000,0 days 00:55:53.018000
2024-05-19 13:03:33.224,OnTrack,-11316,-2903,824,pos,0 days 00:00:16.630000,0 days 00:55:53.238000
2024-05-19 13:03:33.524,OnTrack,-11412,-2965,824,pos,0 days 00:00:16.930000,0 days 00:55:53.538000
2024-05-19 13:03:33.825,OnTrack,-11598,-3124,825,pos,0 days 00:00:17.231000,0 days 00:55:53.839000
2024-05-19 13:03:34.105,OnTrack,-11659,-3199,825,pos,0 days 00:00:17.511000,0 days 00:55:54.119000
2024-05-19 13:03:34.385,OnTrack,-11748,-3351,826,pos,0 days 00:00:17.791000,0 days 00:55:54.399000
2024-05-19 13:03:34.565,OnTrack,-11796,-3457,826,pos,0 days 00:00:17.971000,0 days 00:55:54.579000
2024-05-19 13:03:34.805,OnTrack,-11875,-3664,827,pos,0 days 00:00:18.211000,0 days 00:55:54.819000
2024-05-19 13:03:35.245,OnTrack,-11954,-3875,828,pos,0 days 00:00:18.651000,0 days 00:55:55.259000
2024-05-19 13:03:35.485,OnTrack,-12012,-4028,828,pos,0 days 00:00:18.891000,0 days 00:55:55.499000
2024-05-19 13:03:35.585,OnTrack,-12036,-4092,829,pos,0 days 00:00:18.991000,0 days 00:55:55.599000
2024-05-19 13:03:35.785,OnTrack,-12084,-4222,829,pos,0 days 00:00:19.191000,0 days 00:55:55.799000
2024-05-19 13:03:35.945,OnTrack,-12124,-4327,830,pos,0 days 00:00:19.351000,0 days 00:55:55.959000
2024-05-19 13:03:36.145,OnTrack,-12174,-4460,830,pos,0 days 00:00:19.551000,0 days 00:55:56.159000
2024-05-19 13:03:36.525,OnTrack,-12270,-4717,830,pos,0 days 00:00:19.931000,0 days 00:55:56.539000
2024-05-19 13:03:36.624,OnTrack,-12296,-4786,831,pos,0 days 00:00:20.030000,0 days 00:55:56.638000
2024-05-19 13:03:36.784,OnTrack,-12338,-4896,831,pos,0 days 00:00:20.190000,0 days 00:55:56.798000
2024-05-19 13:03:37.044,OnTrack,-12442,-5175,832,pos,0 days 00:00:20.450000,0 days 00:55:57.058000
2024-05-19 13:03:37.344,OnTrack,-12485,-5288,832,pos,0 days 00:00:20.750000,0 days 00:55:57.358000
2024-05-19 13:03:37.604,OnTrack,-12554,-5474,833,pos,0 days 00:00:21.010000,0 days 00:55:57.618000
2024-05-19 13:03:37.924,OnTrack,-12641,-5704,833,pos,0 days 00:00:21.330000,0 days 00:55:57.938000
2024-05-19 13:03:38.144,OnTrack,-12701,-5865,833,pos,0 days 00:00:21.550000,0 days 00:55:58.158000
2024-05-19 13:03:38.324,OnTrack,-12791,-6099,834,pos,0 days 00:00:21.730000,0 days 00:55:58.338000
2024-05-19 13:03:38.564,OnTrack,-12820,-6172,834,pos,0 days 00:00:21.970000,0 days 00:55:58.578000
2024-05-19 13:03:38.944,OnTrack,-12965,-6524,835,pos,0 days 00:00:22.350000,0 days 00:55:58.958000
2024-05-19 13:03:39.264,OnTrack,-13032,-6679,836,pos,0 days 00:00:22.670000,0 days 00:55:59.278000
2024-05-19 13:03:39.464,OnTrack,-13087,-6816,836,pos,0 days 00:00:22.870000,0 days 00:55:59.478000
2024-05-19 13:03:39.644,OnTrack,-13127,-6933,837,pos,0 days 00:00:23.050000,0 days 00:55:59.658000
2024-05-19 13:03:39.844,OnTrack,-13154,-7050,837,pos,0 days 00:00:23.250000,0 days 00:55:59.858000
2024-05-19 13:03:40.064,OnTrack,-13163,-7188,838,pos,0 days 00:00:23.470000,0 days 00:56:00.078000
2024-05-19 13:03:40.344,OnTrack,-13134,-7434,840,pos,0 days 00:00:23.750000,0 days 00:56:00.358000
2024-05-19 13:03:40.805,OnTrack,-13074,-7696,841,pos,0 days 00:00:24.211000,0 days 00:56:00.819000
2024-05-19 13:03:41.085,OnTrack,-13054,-7779,842,pos,0 days 00:00:24.491000,0 days 00:56:01.099000
2024-05-19 13:03:41.325,OnTrack,-13031,-7898,843,pos,0 days 00:00:24.731000,0 days 00:56:01.339000
2024-05-19 13:03:41.525,OnTrack,-13024,-7990,843,pos,0 days 00:00:24.931000,0 days 00:56:01.539000
2024-05-19 13:03:41.705,OnTrack,-13032,-8068,844,pos,0 days 00:00:25.111000,0 days 00:56:01.719000
2024-05-19 13:03:42.005,OnTrack,-13117,-8229,846,pos,0 days 00:00:25.411000,0 days 00:56:02.019000
2024-05-19 13:03:42.325,OnTrack,-13185,-8295,847,pos,0 days 00:00:25.731000,0 days 00:56:02.339000
2024-05-19 13:03:42.625,OnTrack,-13293,-8389,848,pos,0 days 00:00:26.031000,0 days 00:56:02.639000
2024-05-19 13:03:42.825,OnTrack,-13364,-8450,849,pos,0 days 00:00:26.231000,0 days 00:56:02.839000
2024-05-19 13:03:43.045,OnTrack,-13447,-8519,850,pos,0 days 00:00:26.451000,0 days 00:56:03.059000
2024-05-19 13:03:43.204,OnTrack,-13539,-8598,851,pos,0 days 00:00:26.610000,0 days 00:56:03.218000
2024-05-19 13:03:43.624,OnTrack,-13676,-8714,853,pos,0 days 00:00:27.030000,0 days 00:56:03.638000
2024-05-19 13:03:43.684,OnTrack,-13701,-8736,853,pos,0 days 00:00:27.090000,0 days 00:56:03.698000
2024-05-19 13:03:43.924,OnTrack,-13804,-8822,855,pos,0 days 00:00:27.330000,0 days 00:56:03.938000
2024-05-19 13:03:44.144,OnTrack,-13868,-8875,856,pos,0 days 00:00:27.550000,0 days 00:56:04.158000
2024-05-19 13:03:44.464,OnTrack,-14015,-9004,860,pos,0 days 00:00:27.870000,0 days 00:56:04.478000
2024-05-19 13:03:44.644,OnTrack,-14098,-9083,862,pos,0 days 00:00:28.050000,0 days 00:56:04.658000
2024-05-19 13:03:44.844,OnTrack,-14187,-9171,866,pos,0 days 00:00:28.250000,0 days 00:56:04.858000
2024-05-19 13:03:45.044,OnTrack,-14277,-9260,870,pos,0 days 00:00:28.450000,0 days 00:56:05.058000
2024-05-19 13:03:45.284,OnTrack,-14423,-9405,876,pos,0 days 00:00:28.690000,0 days 00:56:05.298000
2024-05-19 13:03:45.704,OnTrack,-14574,-9546,883,pos,0 days 00:00:29.110000,0 days 00:56:05.718000
2024-05-19 13:03:45.804,OnTrack,-14615,-9585,885,pos,0 days 00:00:29.210000,0 days 00:56:05.818000
2024-05-19 13:03:46.024,OnTrack,-14735,-9704,891,pos,0 days 00:00:29.430000,0 days 00:56:06.038000
2024-05-19 13:03:46.404,OnTrack,-14808,-9788,895,pos,0 days 00:00:29.810000,0 days 00:56:06.418000
2024-05-19 13:03:46.704,OnTrack,-14871,-9884,898,pos,0 days 00:00:30.110000,0 days 00:56:06.718000
2024-05-19 13:03:46.884,OnTrack,-14908,-9988,901,pos,0 days 00:00:30.290000,0 days 00:56:06.898000
2024-05-19 13:03:47.285,OnTrack,-14912,-10108,906,pos,0 days 00:00:30.691000,0 days 00:56:07.299000
2024-05-19 13:03:47.585,OnTrack,-14898,-10161,909,pos,0 days 00:00:30.991000,0 days 00:56:07.599000
2024-05-19 13:03:47.785,OnTrack,-14872,-10214,912,pos,0 days 00:00:31.191000,0 days 00:56:07.799000
2024-05-19 13:03:47.985,OnTrack,-14837,-10260,915,pos,0 days 00:00:31.391000,0 days 00:56:07.999000
2024-05-19 13:03:48.285,OnTrack,-14774,-10314,920,pos,0 days 00:00:31.691000,0 days 00:56:08.299000
2024-05-19 13:03:48.565,OnTrack,-14673,-10366,924,pos,0 days 00:00:31.971000,0 days 00:56:08.579000
2024-05-19 13:03:48.785,OnTrack,-14646,-10375,926,pos,0 days 00:00:32.191000,0 days 00:56:08.799000
2024-05-19 13:03:49.085,OnTrack,-14521,-10395,933,pos,0 days 00:00:32.491000,0 days 00:56:09.099000
2024-05-19 13:03:49.485,OnTrack,-14429,-10395,938,pos,0 days 00:00:32.891000,0 days 00:56:09.499000
2024-05-19 13:03:49.745,OnTrack,-14338,-10388,942,pos,0 days 00:00:33.151000,0 days 00:56:09.759000
2024-05-19 13:03:49.964,OnTrack,-14275,-10380,945,pos,0 days 00:00:33.370000,0 days 00:56:09.978000
2024-05-19 13:03:50.124,OnTrack,-14212,-10371,948,pos,0 days 00:00:33.530000,0 days 00:56:10.138000
2024-05-19 13:03:50.324,OnTrack,-14128,-10357,951,pos,0 days 00:00:33.730000,0 days 00:56:10.338000
2024-05-19 13:03:50.484,OnTrack,-14058,-10344,954,pos,0 days 00:00:33.890000,0 days 00:56:10.498000
2024-05-19 13:03:50.764,OnTrack,-13883,-10308,963,pos,0 days 00:00:34.170000,0 days 00:56:10.778000
2024-05-19 13:03:51.064,OnTrack,-13785,-10288,967,pos,0 days 00:00:34.470000,0 days 00:56:11.078000
2024-05-19 13:03:51.244,OnTrack,-13693,-10269,971,pos,0 days 00:00:34.650000,0 days 00:56:11.258000
2024-05-19 13:03:51.524,OnTrack,-13545,-10240,977,pos,0 days 00:00:34.930000,0 days 00:56:11.538000
2024-05-19 13:03:51.724,OnTrack,-13435,-10220,981,pos,0 days 00:00:35.130000,0 days 00:56:11.738000
2024-05-19 13:03:52.004,OnTrack,-13240,-10186,988,pos,0 days 00:00:35.410000,0 days 00:56:12.018000
2024-05-19 13:03:52.444,OnTrack,-12964,-10138,998,pos,0 days 00:00:35.850000,0 days 00:56:12.458000
2024-05-19 13:03:52.784,OnTrack,-12802,-10113,1003,pos,0 days 00:00:36.190000,0 days 00:56:12.798000
2024-05-19 13:03:52.884,OnTrack,-12738,-10104,1005,pos,0 days 00:00:36.290000,0 days 00:56:12.898000
2024-05-19 13:03:53.104,OnTrack,-12596,-10082,1009,pos,0 days 00:00:36.510000,0 days 00:56:13.118000
2024-05-19 13:03:53.344,OnTrack,-12439,-10059,1015,pos,0 days 00:00:36.750000,0 days 00:56:13.358000
2024-05-19 13:03:53.665,OnTrack,-12223,-10030,1025,pos,0 days 00:00:37.071000,0 days 00:56:13.679000
2024-05-19 13:03:53.845,OnTrack,-12100,-10013,1032,pos,0 days 00:00:37.251000,0 days 00:56:13.859000
2024-05-19 13:03:54.005,OnTrack,-11990,-9998,1040,pos,0 days 00:00:37.411000,0 days 00:56:14.019000
2024-05-19 13:03:54.165,OnTrack,-11870,-9982,1048,pos,0 days 00:00:37.571000,0 days 00:56:14.179000
2024-05-19 13:03:54.345,OnTrack,-11735,-9966,1057,pos,0 days 00:00:37.751000,0 days 00:56:14.359000
2024-05-19 13:03:54.605,OnTrack,-11551,-9947,1068,pos,0 days 00:00:38.011000,0 days 00:56:14.619000
2024-05-19 13:03:54.905,OnTrack,-11335,-9929,1083,pos,0 days 00:00:38.311000,0 days 00:56:14.919000
2024-05-19 13:03:55.005,OnTrack,-11263,-9925,1087,pos,0 days 00:00:38.411000,0 days 00:56:15.019000
2024-05-19 13:03:55.245,OnTrack,-11089,-9919,1097,pos,0 days 00:00:38.651000,0 days 00:56:15.259000
2024-05-19 13:03:55.485,OnTrack,-10915,-9919,1107,pos,0 days 00:00:38.891000,0 days 00:56:15.499000
2024-05-19 13:03:55.645,OnTrack,-10798,-9921,1113,pos,0 days 00:00:39.051000,0 days 00:56:15.659000
2024-05-19 13:03:55.805,OnTrack,-10681,-9926,1118,pos,0 days 00:00:39.211000,0 days 00:56:15.819000
2024-05-19 13:03:56.065,OnTrack,-10490,-9941,1122,pos,0 days 00:00:39.471000,0 days 00:56:16.079000
2024-05-19 13:03:56.265,OnTrack,-10344,-9956,1122,pos,0 days 00:00:39.671000,0 days 00:56:16.279000
2024-05-19 13:03:56.544,OnTrack,-10138,-9979,1121,pos,0 days 00:00:39.950000,0 days 00:56:16.558000
2024-05-19 13:03:56.764,OnTrack,-9886,-10009,1119,pos,0 days 00:00:40.170000,0 days 00:56:16.778000
2024-05-19 13:03:57.124,OnTrack,-9708,-10029,1118,pos,0 days 00:00:40.530000,0 days 00:56:17.138000
2024-05-19 13:03:57.364,OnTrack,-9532,-10048,1116,pos,0 days 00:00:40.770000,0 days 00:56:17.378000
2024-05-19 13:03:57.604,OnTrack,-9367,-10064,1115,pos,0 days 00:00:41.010000,0 days 00:56:17.618000
2024-05-19 13:03:57.844,OnTrack,-9212,-10071,1114,pos,0 days 00:00:41.250000,0 days 00:56:17.858000
2024-05-19 13:03:57.924,OnTrack,-9196,-10070,1114,pos,0 days 00:00:41.330000,0 days 00:56:17.938000
2024-05-19 13:03:58.204,OnTrack,-8998,-10048,1114,pos,0 days 00:00:41.610000,0 days 00:56:18.218000
2024-05-19 13:03:58.544,OnTrack,-8800,-9961,1113,pos,0 days 00:00:41.950000,0 days 00:56:18.558000
2024-05-19 13:03:59.004,OnTrack,-8671,-9845,1108,pos,0 days 00:00:42.410000,0 days 00:56:19.018000
2024-05-19 13:03:59.124,OnTrack,-8630,-9793,1107,pos,0 days 00:00:42.530000,0 days 00:56:19.138000
2024-05-19 13:03:59.364,OnTrack,-8558,-9673,1103,pos,0 days 00:00:42.770000,0 days 00:56:19.378000
2024-05-19 13:03:59.544,OnTrack,-8510,-9578,1100,pos,0 days 00:00:42.950000,0 days 00:56:19.558000
2024-05-19 13:03:59.704,OnTrack,-8467,-9494,1097,pos,0 days 00:00:43.110000,0 days 00:56:19.718000
2024-05-19 13:04:00.024,OnTrack,-8385,-9320,1091,pos,0 days 00:00:43.430000,0 days 00:56:20.038000
2024-05-19 13:04:00.125,OnTrack,-8362,-9263,1089,pos,0 days 00:00:43.531000,0 days 00:56:20.139000
2024-05-19 13:04:00.345,OnTrack,-8315,-9135,1085,pos,0 days 00:00:43.751000,0 days 00:56:20.359000
2024-05-19 13:04:00.705,OnTrack,-8262,-8912,1076,pos,0 days 00:00:44.111000,0 days 00:56:20.719000
2024-05-19 13:04:00.885,OnTrack,-8246,-8795,1070,pos,0 days 00:00:44.291000,0 days 00:56:20.899000
2024-05-19 13:04:00.945,OnTrack,-8242,-8756,1069,pos,0 days 00:00:44.351000,0 days 00:56:20.959000
2024-05-19 13:04:01.185,OnTrack,-8237,-8595,1059,pos,0 days 00:00:44.591000,0 days 00:56:21.199000
2024-05-19 13:04:01.365,OnTrack,-8241,-8472,1052,pos,0 days 00:00:44.771000,0 days 00:56:21.379000
2024-05-19 13:04:01.585,OnTrack,-8253,-8323,1041,pos,0 days 00:00:44.991000,0 days 00:56:21.599000
2024-05-19 13:04:01.845,OnTrack,-8276,-8151,1024,pos,0 days 00:00:45.251000,0 days 00:56:21.859000
2024-05-19 13:04:02.085,OnTrack,-8321,-7898,1002,pos,0 days 00:00:45.491000,0 days 00:56:22.099000
2024-05-19 13:04:02.525,OnTrack,-8372,-7671,984,pos,0 days 00:00:45.931000,0 days 00:56:22.539000
2024-05-19 13:04:02.725,OnTrack,-8421,-7455,969,pos,0 days 00:00:46.131000,0 days 00:56:22.739000
2024-05-19 13:04:03.084,OnTrack,-8464,-7267,958,pos,0 days 00:00:46.490000,0 days 00:56:23.098000
2024-05-19 13:04:03.404,OnTrack,-8527,-6989,944,pos,0 days 00:00:46.810000,0 days 00:56:23.418000
2024-05-19 13:04:03.764,OnTrack,-8577,-6768,932,pos,0 days 00:00:47.170000,0 days 00:56:23.778000
2024-05-19 13:04:04.004,OnTrack,-8615,-6595,923,pos,0 days 00:00:47.410000,0 days 00:56:24.018000
2024-05-19 13:04:04.164,OnTrack,-8637,-6482,917,pos,0 days 00:00:47.570000,0 days 00:56:24.178000
2024-05-19 13:04:04.404,OnTrack,-8653,-6284,908,pos,0 days 00:00:47.810000,0 days 00:56:24.418000
2024-05-19 13:04:04.644,OnTrack,-8642,-6182,903,pos,0 days 00:00:48.050000,0 days 00:56:24.658000
2024-05-19 13:04:04.904,OnTrack,-8594,-6016,899,pos,0 days 00:00:48.310000,0 days 00:56:24.918000
2024-05-19 13:04:05.044,OnTrack,-8556,-5930,898,pos,0 days 00:00:48.450000,0 days 00:56:25.058000
2024-05-19 13:04:05.264,OnTrack,-8492,-5804,897,pos,0 days 00:00:48.670000,0 days 00:56:25.278000
2024-05-19 13:04:05.484,OnTrack,-8428,-5692,896,pos,0 days 00:00:48.890000,0 days 00:56:25.498000
2024-05-19 13:04:05.764,OnTrack,-8312,-5511,899,pos,0 days 00:00:49.170000,0 days 00:56:25.778000
2024-05-19 13:04:06.224,OnTrack,-8204,-5396,903,pos,0 days 00:00:49.630000,0 days 00:56:26.238000
2024-05-19 13:04:06.644,OnTrack,-8059,-5329,909,pos,0 days 00:00:50.050000,0 days 00:56:26.658000
2024-05-19 13:04:06.865,OnTrack,-8010,-5325,912,pos,0 days 00:00:50.271000,0 days 00:56:26.879000
2024-05-19 13:04:07.205,OnTrack,-7849,-5351,926,pos,0 days 00:00:50.611000,0 days 00:56:27.219000
2024-05-19 13:04:07.505,OnTrack,-7778,-5370,932,pos,0 days 00:00:50.911000,0 days 00:56:27.519000
2024-05-19 13:04:07.765,OnTrack,-7684,-5395,941,pos,0 days 00:00:51.171000,0 days 00:56:27.779000
2024-05-19 13:04:07.925,OnTrack,-7623,-5409,947,pos,0 days 00:00:51.331000,0 days 00:56:27.939000
2024-05-19 13:04:08.125,OnTrack,-7543,-5423,954,pos,0 days 00:00:51.531000,0 days 00:56:28.139000
2024-05-19 13:04:08.485,OnTrack,-7386,-5439,968,pos,0 days 00:00:51.891000,0 days 00:56:28.499000
2024-05-19 13:04:08.705,OnTrack,-7237,-5443,981,pos,0 days 00:00:52.111000,0 days 00:56:28.719000
2024-05-19 13:04:09.085,OnTrack,-7098,-5443,991,pos,0 days 00:00:52.491000,0 days 00:56:29.099000
2024-05-19 13:04:09.125,OnTrack,-7077,-5443,993,pos,0 days 00:00:52.531000,0 days 00:56:29.139000
2024-05-19 13:04:09.445,OnTrack,-6854,-5441,1007,pos,0 days 00:00:52.851000,0 days 00:56:29.459000
2024-05-19 13:04:09.784,OnTrack,-6721,-5440,1014,pos,0 days 00:00:53.190000,0 days 00:56:29.798000
2024-05-19 13:04:10.104,OnTrack,-6536,-5438,1023,pos,0 days 00:00:53.510000,0 days 00:56:30.118000
2024-05-19 13:04:10.204,OnTrack,-6477,-5438,1025,pos,0 days 00:00:53.610000,0 days 00:56:30.218000
2024-05-19 13:04:10.404,OnTrack,-6357,-5437,1029,pos,0 days 00:00:53.810000,0 days 00:56:30.418000
2024-05-19 13:04:10.644,OnTrack,-6120,-5435,1036,pos,0 days 00:00:54.050000,0 days 00:56:30.658000
2024-05-19 13:04:11.144,OnTrack,-5889,-5433,1043,pos,0 days 00:00:54.550000,0 days 00:56:31.158000
2024-05-19 13:04:11.324,OnTrack,-5704,-5432,1048,pos,0 days 00:00:54.730000,0 days 00:56:31.338000
2024-05-19 13:04:11.624,OnTrack,-5570,-5430,1052,pos,0 days 00:00:55.030000,0 days 00:56:31.638000
2024-05-19 13:04:11.964,OnTrack,-5338,-5427,1058,pos,0 days 00:00:55.370000,0 days 00:56:31.978000
2024-05-19 13:04:12.184,OnTrack,-5244,-5424,1061,pos,0 days 00:00:55.590000,0 days 00:56:32.198000
2024-05-19 13:04:12.224,OnTrack,-5216,-5423,1062,pos,0 days 00:00:55.630000,0 days 00:56:32.238000
2024-05-19 13:04:12.524,OnTrack,-5020,-5410,1068,pos,0 days 00:00:55.930000,0 days 00:56:32.538000
2024-05-19 13:04:12.684,OnTrack,-4912,-5400,1071,pos,0 days 00:00:56.090000,0 days 00:56:32.698000
2024-05-19 13:04:12.924,OnTrack,-4744,-5385,1075,pos,0 days 00:00:56.330000,0 days 00:56:32.938000
2024-05-19 13:04:13.164,OnTrack,-4576,-5370,1079,pos,0 days 00:00:56.570000,0 days 00:56:33.178000
2024-05-19 13:04:13.244,OnTrack,-4520,-5366,1080,pos,0 days 00:00:56.650000,0 days 00:56:33.258000
2024-05-19 13:04:13.585,OnTrack,-4245,-5343,1083,pos,0 days 00:00:56.991000,0 days 00:56:33.599000
2024-05-19 13:04:14.005,OnTrack,-4006,-5323,1085,pos,0 days 00:00:57.411000,0 days 00:56:34.019000
2024-05-19 13:04:14.205,OnTrack,-3877,-5312,1086,pos,0 days 00:00:57.611000,0 days 00:56:34.219000
2024-05-19 13:04:14.385,OnTrack,-3704,-5298,1087,pos,0 days 00:00:57.791000,0 days 00:56:34.399000
2024-05-19 13:04:14.825,OnTrack,-3505,-5283,1087,pos,0 days 00:00:58.231000,0 days 00:56:34.839000
2024-05-19 13:04:15.145,OnTrack,-3401,-5276,1089,pos,0 days 00:00:58.551000,0 days 00:56:35.159000
2024-05-19 13:04:15.385,OnTrack,-3269,-5274,1091,pos,0 days 00:00:58.791000,0 days 00:56:35.399000
2024-05-19 13:04:15.645,OnTrack,-3147,-5314,1093,pos,0 days 00:00:59.051000,0 days 00:56:35.659000
2024-05-19 13:04:16.045,OnTrack,-3050,-5408,1096,pos,0 days 00:00:59.451000,0 days 00:56:36.059000
2024-05-19 13:04:16.324,OnTrack,-3013,-5448,1096,pos,0 days 00:00:59.730000,0 days 00:56:36.338000
2024-05-19 13:04:16.684,OnTrack,-2917,-5528,1096,pos,0 days 00:01:00.090000,0 days 00:56:36.698000
2024-05-19 13:04:17.004,OnTrack,-2841,-5558,1095,pos,0 days 00:01:00.410000,0 days 00:56:37.018000
2024-05-19 13:04:17.224,OnTrack,-2781,-5564,1094,pos,0 days 00:01:00.630000,0 days 00:56:37.238000
2024-05-19 13:04:17.504,OnTrack,-2664,-5541,1092,pos,0 days 00:01:00.910000,0 days 00:56:37.518000
2024-05-19 13:04:17.904,OnTrack,-2582,-5515,1090,pos,0 days 00:01:01.310000,0 days 00:56:37.918000
2024-05-19 13:04:18.124,OnTrack,-2506,-5487,1088,pos,0 days 00:01:01.530000,0 days 00:56:38.138000
2024-05-19 13:04:18.364,OnTrack,-2442,-5460,1086,pos,0 days 00:01:01.770000,0 days 00:56:38.378000
2024-05-19 13:04:18.584,OnTrack,-2367,-5426,1085,pos,0 days 00:01:01.990000,0 days 00:56:38.598000
2024-05-19 13:04:18.784,OnTrack,-2295,-5391,1083,pos,0 days 00:01:02.190000,0 days 00:56:38.798000
2024-05-19 13:04:19.104,OnTrack,-2140,-5310,1080,pos,0 days 00:01:02.510000,0 days 00:56:39.118000
2024-05-19 13:04:19.444,OnTrack,-2030,-5252,1077,pos,0 days 00:01:02.850000,0 days 00:56:39.458000
2024-05-19 13:04:19.664,OnTrack,-1933,-5201,1075,pos,0 days 00:01:03.070000,0 days 00:56:39.678000
2024-05-19 13:04:19.965,OnTrack,-1725,-5093,1071,pos,0 days 00:01:03.371000,0 days 00:56:39.979000
2024-05-19 13:04:20.385,OnTrack,-1575,-5018,1068,pos,0 days 00:01:03.791000,0 days 00:56:40.399000
2024-05-19 13:04:20.545,OnTrack,-1424,-4949,1065,pos,0 days 00:01:03.951000,0 days 00:56:40.559000
2024-05-19 13:04:20.925,OnTrack,-1281,-4884,1063,pos,0 days 00:01:04.331000,0 days 00:56:40.939000
2024-05-19 13:04:21.085,OnTrack,-1192,-4841,1061,pos,0 days 00:01:04.491000,0 days 00:56:41.099000
2024-05-19 13:04:21.365,OnTrack,-1034,-4761,1058,pos,0 days 00:01:04.771000,0 days 00:56:41.379000
2024-05-19 13:04:21.485,OnTrack,-966,-4722,1056,pos,0 days 00:01:04.891000,0 days 00:56:41.499000
2024-05-19 13:04:21.825,OnTrack,-776,-4604,1052,pos,0 days 00:01:05.231000,0 days 00:56:41.839000
2024-05-19 13:04:22.065,OnTrack,-642,-4512,1048,pos,0 days 00:01:05.471000,0 days 00:56:42.079000
2024-05-19 13:04:22.265,OnTrack,-531,-4432,1044,pos,0 days 00:01:05.671000,0 days 00:56:42.279000
2024-05-19 13:04:22.485,OnTrack,-408,-4341,1040,pos,0 days 00:01:05.891000,0 days 00:56:42.499000
2024-05-19 13:04:22.545,OnTrack,-374,-4316,1040,pos,0 days 00:01:05.951000,0 days 00:56:42.559000
2024-05-19 13:04:22.844,OnTrack,-151,-4138,1033,pos,0 days 00:01:06.250000,0 days 00:56:42.858000
2024-05-19 13:04:23.124,OnTrack,-52,-4053,1030,pos,0 days 00:01:06.530000,0 days 00:56:43.138000
2024-05-19 13:04:23.304,OnTrack,43,-3965,1028,pos,0 days 00:01:06.710000,0 days 00:56:43.318000
2024-05-19 13:04:23.504,OnTrack,151,-3860,1025,pos,0 days 00:01:06.910000,0 days 00:56:43.518000
2024-05-19 13:04:23.764,OnTrack,298,-3705,1020,pos,0 days 00:01:07.170000,0 days 00:56:43.778000
2024-05-19 13:04:24.064,OnTrack,450,-3537,1015,pos,0 days 00:01:07.470000,0 days 00:56:44.078000
2024-05-19 13:04:24.224,OnTrack,531,-3447,1011,pos,0 days 00:01:07.630000,0 days 00:56:44.238000
2024-05-19 13:04:24.404,OnTrack,623,-3345,1006,pos,0 days 00:01:07.810000,0 days 00:56:44.418000
2024-05-19 13:04:24.544,OnTrack,695,-3265,1002,pos,0 days 00:01:07.950000,0 days 00:56:44.558000
2024-05-19 13:04:24.804,OnTrack,902,-3036,988,pos,0 days 00:01:08.210000,0 days 00:56:44.818000
2024-05-19 13:04:25.284,OnTrack,1143,-2770,968,pos,0 days 00:01:08.690000,0 days 00:56:45.298000
2024-05-19 13:04:25.704,OnTrack,1302,-2597,953,pos,0 days 00:01:09.110000,0 days 00:56:45.718000
2024-05-19 13:04:25.964,OnTrack,1467,-2431,939,pos,0 days 00:01:09.370000,0 days 00:56:45.978000
2024-05-19 13:04:26.244,OnTrack,1620,-2306,923,pos,0 days 00:01:09.650000,0 days 00:56:46.258000
2024-05-19 13:04:26.445,OnTrack,1777,-2202,913,pos,0 days 00:01:09.851000,0 days 00:56:46.459000
2024-05-19 13:04:26.725,OnTrack,1977,-2104,898,pos,0 days 00:01:10.131000,0 days 00:56:46.739000
2024-05-19 13:04:26.905,OnTrack,2212,-2009,879,pos,0 days 00:01:10.311000,0 days 00:56:46.919000
2024-05-19 13:04:27.385,OnTrack,2500,-1893,857,pos,0 days 00:01:10.791000,0 days 00:56:47.399000
2024-05-19 13:04:27.785,OnTrack,2691,-1815,842,pos,0 days 00:01:11.191000,0 days 00:56:47.799000
2024-05-19 13:04:27.985,OnTrack,2865,-1743,830,pos,0 days 00:01:11.391000,0 days 00:56:47.999000
2024-05-19 13:04:28.285,OnTrack,2937,-1711,826,pos,0 days 00:01:11.691000,0 days 00:56:48.299000
2024-05-19 13:04:28.485,OnTrack,3016,-1668,821,pos,0 days 00:01:11.891000,0 days 00:56:48.499000
2024-05-19 13:04:28.805,OnTrack,3124,-1572,813,pos,0 days 00:01:12.211000,0 days 00:56:48.819000
2024-05-19 13:04:29.085,OnTrack,3163,-1504,810,pos,0 days 00:01:12.491000,0 days 00:56:49.099000
2024-05-19 13:04:29.304,OnTrack,3185,-1431,806,pos,0 days 00:01:12.710000,0 days 00:56:49.318000
2024-05-19 13:04:29.524,OnTrack,3191,-1357,804,pos,0 days 00:01:12.930000,0 days 00:56:49.538000
2024-05-19 13:04:29.844,OnTrack,3174,-1231,800,pos,0 days 00:01:13.250000,0 days 00:56:49.858000
2024-05-19 13:04:30.104,OnTrack,3158,-1168,798,pos,0 days 00:01:13.510000,0 days 00:56:50.118000
2024-05-19 13:04:30.364,OnTrack,3133,-1085,796,pos,0 days 00:01:13.770000,0 days 00:56:50.378000
2024-05-19 13:04:30.584,OnTrack,3109,-1013,795,pos,0 days 00:01:13.990000,0 days 00:56:50.598000
2024-05-19 13:04:30.844,OnTrack,3077,-924,794,pos,0 days 00:01:14.250000,0 days 00:56:50.858000
2024-05-19 13:04:31.024,OnTrack,3031,-813,793,pos,0 days 00:01:14.430000,0 days 00:56:51.038000
2024-05-19 13:04:31.504,OnTrack,2936,-633,790,pos,0 days 00:01:14.910000,0 days 00:56:51.518000
2024-05-19 13:04:31.904,OnTrack,2824,-495,789,pos,0 days 00:01:15.310000,0 days 00:56:51.918000
2024-05-19 13:04:32.264,OnTrack,2736,-431,788,pos,0 days 00:01:15.670000,0 days 00:56:52.278000
2024-05-19 13:04:32.484,OnTrack,2652,-393,787,pos,0 days 00:01:15.890000,0 days 00:56:52.498000
2024-05-19 13:04:32.624,OnTrack,2597,-377,787,pos,0 days 00:01:16.030000,0 days 00:56:52.638000
2024-05-19 13:04:32.804,OnTrack,2525,-365,786,pos,0 days 00:01:16.210000,0 days 00:56:52.818000
2024-05-19 13:04:33.065,OnTrack,2423,-359,786,pos,0 days 00:01:16.471000,0 days 00:56:53.079000
2024-05-19 13:04:33.305,OnTrack,2328,-364,786,pos,0 days 00:01:16.711000,0 days 00:56:53.319000
2024-05-19 13:04:33.485,OnTrack,2255,-377,784,pos,0 days 00:01:16.891000,0 days 00:56:53.499000
2024-05-19 13:04:33.785,OnTrack,2075,-437,782,pos,0 days 00:01:17.191000,0 days 00:56:53.799000
2024-05-19 13:04:34.085,OnTrack,2008,-468,782,pos,0 days 00:01:17.491000,0 days 00:56:54.099000
2024-05-19 13:04:34.265,OnTrack,1930,-504,781,pos,0 days 00:01:17.671000,0 days 00:56:54.279000
2024-05-19 13:04:34.465,OnTrack,1840,-546,780,pos,0 days 00:01:17.871000,0 days 00:56:54.479000
2024-05-19 13:04:34.725,OnTrack,1750,-587,779,pos,0 days 00:01:18.131000,0 days 00:56:54.739000
2024-05-19 13:04:35.025,OnTrack,1551,-678,778,pos,0 days 00:01:18.431000,0 days 00:56:55.039000
2024-05-19 13:04:35.405,OnTrack,1405,-744,778,pos,0 days 00:01:18.811000,0 days 00:56:55.419000
2024-05-19 13:04:35.605,OnTrack,1296,-793,778,pos,0 days 00:01:19.011000,0 days 00:56:55.619000
2024-05-19 13:04:35.844,OnTrack,1107,-879,778,pos,0 days 00:01:19.250000,0 days 00:56:55.858000
2024-05-19 13:04:36.124,OnTrack,1004,-926,778,pos,0 days 00:01:19.530000,0 days 00:56:56.138000
2024-05-19 13:04:36.464,OnTrack,803,-1014,779,pos,0 days 00:01:19.870000,0 days 00:56:56.478000
2024-05-19 13:04:36.644,OnTrack,693,-1060,779,pos,0 days 00:01:20.050000,0 days 00:56:56.658000
2024-05-19 13:04:36.824,OnTrack,584,-1106,780,pos,0 days 00:01:20.230000,0 days 00:56:56.838000
2024-05-19 13:04:37.004,OnTrack,471,-1153,780,pos,0 days 00:01:20.410000,0 days 00:56:57.018000
2024-05-19 13:04:37.244,OnTrack,241,-1249,781,pos,0 days 00:01:20.650000,0 days 00:56:57.258000
2024-05-19 13:04:37.664,OnTrack,47,-1331,781,pos,0 days 00:01:21.070000,0 days 00:56:57.678000
2024-05-19 13:04:37.964,OnTrack,-221,-1436,782,pos,0 days 00:01:21.370000,0 days 00:56:57.978000
2024-05-19 13:04:38.224,OnTrack,-331,-1473,782,pos,0 days 00:01:21.630000,0 days 00:56:58.238000
2024-05-19 13:04:38.524,OnTrack,-545,-1530,783,pos,0 days 00:01:21.930000,0 days 00:56:58.538000
2024-05-19 13:04:38.724,OnTrack,-691,-1558,783,pos,0 days 00:01:22.130000,0 days 00:56:58.738000
2024-05-19 13:04:38.924,OnTrack,-842,-1575,783,pos,0 days 00:01:22.330000,0 days 00:56:58.938000
2024-05-19 13:04:39.104,OnTrack,-1017,-1585,784,pos,0 days 00:01:22.510000,0 days 00:56:59.118000
2024-05-19 13:04:39.284,OnTrack,-1156,-1590,784,pos,0 days 00:01:22.690000,0 days 00:56:59.298000
2024-05-19 13:04:39.444,OnTrack,-1269,-1593,785,pos,0 days 00:01:22.850000,0 days 00:56:59.458000
2024-05-19 13:04:39.665,OnTrack,-1422,-1600,785,pos,0 days 00:01:23.071000,0 days 00:56:59.679000
2024-05-19 13:04:39.885,OnTrack,-1595,-1610,786,pos,0 days 00:01:23.291000,0 days 00:56:59.899000
2024-05-19 13:04:40.165,OnTrack,-1816,-1623,787,pos,0 days 00:01:23.571000,0 days 00:57:00.179000
2024-05-19 13:04:40.445,OnTrack,-2119,-1639,788,pos,0 days 00:01:23.851000,0 days 00:57:00.459000
2024-05-19 13:04:40.785,OnTrack,-2312,-1650,789,pos,0 days 00:01:24.191000,0 days 00:57:00.799000
2024-05-19 13:04:41.045,OnTrack,-2620,-1667,791,pos,0 days 00:01:24.451000,0 days 00:57:01.059000
2024-05-19 13:04:41.445,OnTrack,-2849,-1674,791,pos,0 days 00:01:24.851000,0 days 00:57:01.459000
2024-05-19 13:04:41.665,OnTrack,-3030,-1680,792,pos,0 days 00:01:25.071000,0 days 00:57:01.679000
2024-05-19 13:04:41.905,OnTrack,-3228,-1687,793,pos,0 days 00:01:25.311000,0 days 00:57:01.919000
2024-05-19 13:04:42.025,OnTrack,-3328,-1691,793,pos,0 days 00:01:25.431000,0 days 00:57:02.039000
2024-05-19 13:04:42.285,OnTrack,-3544,-1695,794,pos,0 days 00:01:25.691000,0 days 00:57:02.299000
2024-05-19 13:04:42.464,OnTrack,-3793,-1685,795,pos,0 days 00:01:25.870000,0 days 00:57:02.478000
2024-05-19 13:04:42.764,OnTrack,-3943,-1669,796,pos,0 days 00:01:26.170000,0 days 00:57:02.778000
2024-05-19 13:04:43.144,OnTrack,-4261,-1611,798,pos,0 days 00:01:26.550000,0 days 00:57:03.158000
2024-05-19 13:04:43.344,OnTrack,-4460,-1567,799,pos,0 days 00:01:26.750000,0 days 00:57:03.358000
2024-05-19 13:04:43.604,OnTrack,-4642,-1523,800,pos,0 days 00:01:27.010000,0 days 00:57:03.618000
2024-05-19 13:04:43.844,OnTrack,-4840,-1475,802,pos,0 days 00:01:27.250000,0 days 00:57:03.858000
2024-05-19 13:04:44.104,OnTrack,-5055,-1422,804,pos,0 days 00:01:27.510000,0 days 00:57:04.118000
2024-05-19 13:04:44.364,OnTrack,-5270,-1370,805,pos,0 days 00:01:27.770000,0 days 00:57:04.378000
2024-05-19 13:04:44.544,OnTrack,-5502,-1318,807,pos,0 days 00:01:27.950000,0 days 00:57:04.558000
2024-05-19 13:04:44.884,OnTrack,-5703,-1281,809,pos,0 days 00:01:28.290000,0 days 00:57:04.898000
2024-05-19 13:04:45.084,OnTrack,-5872,-1259,810,pos,0 days 00:01:28.490000,0 days 00:57:05.098000
2024-05-19 13:04:45.364,OnTrack,-6111,-1239,812,pos,0 days 00:01:28.770000,0 days 00:57:05.378000
2024-05-19 13:04:45.524,OnTrack,-6249,-1233,815,pos,0 days 00:01:28.930000,0 days 00:57:05.538000
2024-05-19 13:04:45.724,OnTrack,-6420,-1230,814,pos,0 days 00:01:29.130000,0 days 00:57:05.738000
2024-05-19 13:04:45.924,OnTrack,-6591,-1229,815,pos,0 days 00:01:29.330000,0 days 00:57:05.938000
2024-05-19 13:04:46.064,OnTrack,-6710,-1230,816,pos,0 days 00:01:29.470000,0 days 00:57:06.078000
2024-05-19 13:04:46.405,OnTrack,-7050,-1237,817,pos,0 days 00:01:29.811000,0 days 00:57:06.419000
2024-05-19 13:04:46.745,OnTrack,-7287,-1250,818,pos,0 days 00:01:30.151000,0 days 00:57:06.759000
2024-05-19 13:04:47.065,OnTrack,-7556,-1272,818,pos,0 days 00:01:30.471000,0 days 00:57:07.079000
2024-05-19 13:04:47.185,OnTrack,-7657,-1282,818,pos,0 days 00:01:30.591000,0 days 00:57:07.199000
2024-05-19 13:04:47.385,OnTrack,-7824,-1301,818,pos,0 days 00:01:30.791000,0 days 00:57:07.399000
2024-05-19 13:04:47.605,OnTrack,-8076,-1332,818,pos,0 days 00:01:31.011000,0 days 00:57:07.619000
2024-05-19 13:04:47.805,OnTrack,-8242,-1353,819,pos,0 days 00:01:31.211000,0 days 00:57:07.819000
2024-05-19 13:04:48.025,OnTrack,-8490,-1387,819,pos,0 days 00:01:31.431000,0 days 00:57:08.039000
2024-05-19 13:04:48.405,OnTrack,-8737,-1421,819,pos,0 days 00:01:31.811000,0 days 00:57:08.419000
2024-05-19 13:04:48.585,OnTrack,-8998,-1460,819,pos,0 days 00:01:31.991000,0 days 00:57:08.599000
2024-05-19 13:04:48.945,OnTrack,-9175,-1491,819,pos,0 days 00:01:32.351000,0 days 00:57:08.959000
2024-05-19 13:04:49.224,OnTrack,-9393,-1543,819,pos,0 days 00:01:32.630000,0 days 00:57:09.238000
2024-05-19 13:04:49.484,OnTrack,-9626,-1615,819,pos,0 days 00:01:32.890000,0 days 00:57:09.498000
2024-05-19 13:04:49.804,OnTrack,-9793,-1668,818,pos,0 days 00:01:33.210000,0 days 00:57:09.818000
2024-05-19 13:04:50.024,OnTrack,-9998,-1732,819,pos,0 days 00:01:33.430000,0 days 00:57:10.038000
2024-05-19 13:04:50.524,OnTrack,-10141,-1776,818,pos,0 days 00:01:33.930000,0 days 00:57:10.538000
2024-05-19 13:04:50.704,OnTrack,-10237,-1819,818,pos,0 days 00:01:34.110000,0 days 00:57:10.718000
2024-05-19 13:04:51.084,OnTrack,-10333,-1907,818,pos,0 days 00:01:34.490000,0 days 00:57:11.098000
2024-05-19 13:04:51.264,OnTrack,-10370,-1974,818,pos,0 days 00:01:34.670000,0 days 00:57:11.278000
2024-05-19 13:04:51.444,OnTrack,-10396,-2051,818,pos,0 days 00:01:34.850000,0 days 00:57:11.458000
2024-05-19 13:04:51.664,OnTrack,-10442,-2211,819,pos,0 days 00:01:35.070000,0 days 00:57:11.678000
2024-05-19 13:04:52.144,OnTrack,-10508,-2350,819,pos,0 days 00:01:35.550000,0 days 00:57:12.158000
2024-05-19 13:04:52.344,OnTrack,-10595,-2452,818,pos,0 days 00:01:35.750000,0 days 00:57:12.358000
2024-05-19 13:04:52.785,OnTrack,-10786,-2591,819,pos,0 days 00:01:36.191000,0 days 00:57:12.799000
2024-05-19 13:04:53.105,OnTrack,-10873,-2643,820,pos,0 days 00:01:36.511000,0 days 00:57:13.119000
2024-05-19 13:04:53.225,OnTrack,-10926,-2674,821,pos,0 days 00:01:36.631000,0 days 00:57:13.239000
2024-05-19 13:04:53.485,OnTrack,-11044,-2742,821,pos,0 days 00:01:36.891000,0 days 00:57:13.499000
2024-05-19 13:04:53.785,OnTrack,-11254,-2865,823,pos,0 days 00:01:37.191000,0 days 00:57:13.799000
2024-05-19 13:04:54.205,OnTrack,-11392,-2951,824,pos,0 days 00:01:37.611000,0 days 00:57:14.219000
2024-05-19 13:04:54.365,OnTrack,-11515,-3043,825,pos,0 days 00:01:37.771000,0 days 00:57:14.379000
2024-05-19 13:04:54.805,OnTrack,-11683,-3235,825,pos,0 days 00:01:38.211000,0 days 00:57:14.819000
2024-05-19 13:04:55.145,OnTrack,-11761,-3380,826,pos,0 days 00:01:38.551000,0 days 00:57:15.159000
2024-05-19 13:04:55.445,OnTrack,-11851,-3598,827,pos,0 days 00:01:38.851000,0 days 00:57:15.459000
2024-05-19 13:04:55.804,OnTrack,-11920,-3785,828,pos,0 days 00:01:39.210000,0 days 00:57:15.818000
2024-05-19 13:04:56.084,OnTrack,-12001,-3999,828,pos,0 days 00:01:39.490000,0 days 00:57:16.098000
2024-05-19 13:04:56.464,OnTrack,-12078,-4205,829,pos,0 days 00:01:39.870000,0 days 00:57:16.478000
2024-05-19 13:04:56.684,OnTrack,-12143,-4377,830,pos,0 days 00:01:40.090000,0 days 00:57:16.698000
2024-05-19 13:04:57.104,OnTrack,-12249,-4661,830,pos,0 days 00:01:40.510000,0 days 00:57:17.118000
2024-05-19 13:04:57.424,OnTrack,-12322,-4853,831,pos,0 days 00:01:40.830000,0 days 00:57:17.438000
2024-05-19 13:04:57.604,OnTrack,-12368,-4977,831,pos,0 days 00:01:41.010000,0 days 00:57:17.618000
2024-05-19 13:04:57.824,OnTrack,-12425,-5130,832,pos,0 days 00:01:41.230000,0 days 00:57:17.838000
2024-05-19 13:04:58.024,OnTrack,-12479,-5271,832,pos,0 days 00:01:41.430000,0 days 00:57:18.038000
2024-05-19 13:04:58.184,OnTrack,-12521,-5385,832,pos,0 days 00:01:41.590000,0 days 00:57:18.198000
2024-05-19 13:04:58.484,OnTrack,-12640,-5701,833,pos,0 days 00:01:41.890000,0 days 00:57:18.498000
2024-05-19 13:04:58.804,OnTrack,-12689,-5832,833,pos,0 days 00:01:42.210000,0 days 00:57:18.818000
2024-05-19 13:04:59.084,OnTrack,-12806,-6137,834,pos,0 days 00:01:42.490000,0 days 00:57:19.098000
2024-05-19 13:04:59.525,OnTrack,-12930,-6439,835,pos,0 days 00:01:42.931000,0 days 00:57:19.539000
2024-05-19 13:04:59.905,OnTrack,-13038,-6695,836,pos,0 days 00:01:43.311000,0 days 00:57:19.919000
2024-05-19 13:05:00.305,OnTrack,-13118,-6903,837,pos,0 days 00:01:43.711000,0 days 00:57:20.319000
2024-05-19 13:05:00.605,OnTrack,-13163,-7156,838,pos,0 days 00:01:44.011000,0 days 00:57:20.619000
2024-05-19 13:05:00.865,OnTrack,-13159,-7274,838,pos,0 days 00:01:44.271000,0 days 00:57:20.879000
2024-05-19 13:05:01.125,OnTrack,-13133,-7443,840,pos,0 days 00:01:44.531000,0 days 00:57:21.139000
2024-05-19 13:05:01.365,OnTrack,-13099,-7591,841,pos,0 days 00:01:44.771000,0 days 00:57:21.379000
2024-05-19 13:05:01.445,OnTrack,-13088,-7639,841,pos,0 days 00:01:44.851000,0 days 00:57:21.459000
2024-05-19 13:05:01.805,OnTrack,-13037,-7863,843,pos,0 days 00:01:45.211000,0 days 00:57:21.819000
2024-05-19 13:05:02.224,OnTrack,-13033,-8072,844,pos,0 days 00:01:45.630000,0 days 00:57:22.238000
2024-05-19 13:05:02.624,OnTrack,-13129,-8242,846,pos,0 days 00:01:46.030000,0 days 00:57:22.638000
2024-05-19 13:05:02.984,OnTrack,-13246,-8348,847,pos,0 days 00:01:46.390000,0 days 00:57:22.998000
2024-05-19 13:05:03.464,OnTrack,-13386,-8469,849,pos,0 days 00:01:46.870000,0 days 00:57:23.478000
2024-05-19 13:05:03.644,OnTrack,-13456,-8527,850,pos,0 days 00:01:47.050000,0 days 00:57:23.658000
2024-05-19 13:05:03.864,OnTrack,-13567,-8621,852,pos,0 days 00:01:47.270000,0 days 00:57:23.878000
2024-05-19 13:05:04.104,OnTrack,-13640,-8684,853,pos,0 days 00:01:47.510000,0 days 00:57:24.118000
2024-05-19 13:05:04.444,OnTrack,-13785,-8806,855,pos,0 days 00:01:47.850000,0 days 00:57:24.458000
2024-05-19 13:05:04.524,OnTrack,-13812,-8829,855,pos,0 days 00:01:47.930000,0 days 00:57:24.538000
2024-05-19 13:05:04.864,OnTrack,-13968,-8961,859,pos,0 days 00:01:48.270000,0 days 00:57:24.878000
2024-05-19 13:05:05.144,OnTrack,-14076,-9062,862,pos,0 days 00:01:48.550000,0 days 00:57:25.158000
2024-05-19 13:05:05.384,OnTrack,-14184,-9167,866,pos,0 days 00:01:48.790000,0 days 00:57:25.398000
2024-05-19 13:05:05.564,OnTrack,-14265,-9248,869,pos,0 days 00:01:48.970000,0 days 00:57:25.578000
2024-05-19 13:05:05.784,OnTrack,-14365,-9347,874,pos,0 days 00:01:49.190000,0 days 00:57:25.798000
2024-05-19 13:05:06.085,OnTrack,-14500,-9479,880,pos,0 days 00:01:49.491000,0 days 00:57:26.099000
2024-05-19 13:05:06.345,OnTrack,-14611,-9581,885,pos,0 days 00:01:49.751000,0 days 00:57:26.359000
2024-05-19 13:05:06.545,OnTrack,-14685,-9654,888,pos,0 days 00:01:49.951000,0 days 00:57:26.559000
2024-05-19 13:05:06.745,OnTrack,-14752,-9722,892,pos,0 days 00:01:50.151000,0 days 00:57:26.759000
2024-05-19 13:05:06.965,OnTrack,-14813,-9794,895,pos,0 days 00:01:50.371000,0 days 00:57:26.979000
2024-05-19 13:05:07.145,OnTrack,-14874,-9891,899,pos,0 days 00:01:50.551000,0 days 00:57:27.159000
2024-05-19 13:05:07.525,OnTrack,-14906,-9979,901,pos,0 days 00:01:50.931000,0 days 00:57:27.539000
2024-05-19 13:05:07.705,OnTrack,-14915,-10037,903,pos,0 days 00:01:51.111000,0 days 00:57:27.719000
2024-05-19 13:05:07.945,OnTrack,-14912,-10112,906,pos,0 days 00:01:51.351000,0 days 00:57:27.959000
2024-05-19 13:05:08.105,OnTrack,-14899,-10158,909,pos,0 days 00:01:51.511000,0 days 00:57:28.119000
2024-05-19 13:05:08.305,OnTrack,-14874,-10211,912,pos,0 days 00:01:51.711000,0 days 00:57:28.319000
2024-05-19 13:05:08.525,OnTrack,-14835,-10262,915,pos,0 days 00:01:51.931000,0 days 00:57:28.539000
2024-05-19 13:05:08.844,OnTrack,-14754,-10327,921,pos,0 days 00:01:52.250000,0 days 00:57:28.858000
2024-05-19 13:05:09.144,OnTrack,-14695,-10357,923,pos,0 days 00:01:52.550000,0 days 00:57:29.158000
2024-05-19 13:05:09.444,OnTrack,-14614,-10382,928,pos,0 days 00:01:52.850000,0 days 00:57:29.458000
2024-05-19 13:05:09.504,OnTrack,-14597,-10385,929,pos,0 days 00:01:52.910000,0 days 00:57:29.518000
2024-05-19 13:05:09.704,OnTrack,-14538,-10393,932,pos,0 days 00:01:53.110000,0 days 00:57:29.718000
2024-05-19 13:05:09.984,OnTrack,-14451,-10396,937,pos,0 days 00:01:53.390000,0 days 00:57:29.998000
2024-05-19 13:05:10.224,OnTrack,-14372,-10391,940,pos,0 days 00:01:53.630000,0 days 00:57:30.238000
2024-05-19 13:05:10.404,OnTrack,-14324,-10386,942,pos,0 days 00:01:53.810000,0 days 00:57:30.418000
2024-05-19 13:05:10.684,OnTrack,-14228,-10373,947,pos,0 days 00:01:54.090000,0 days 00:57:30.698000
2024-05-19 13:05:10.904,OnTrack,-14140,-10359,951,pos,0 days 00:01:54.310000,0 days 00:57:30.918000
2024-05-19 13:05:11.144,OnTrack,-14039,-10340,955,pos,0 days 00:01:54.550000,0 days 00:57:31.158000
2024-05-19 13:05:11.344,OnTrack,-13884,-10308,963,pos,0 days 00:01:54.750000,0 days 00:57:31.358000
2024-05-19 13:05:11.624,OnTrack,-13816,-10294,965,pos,0 days 00:01:55.030000,0 days 00:57:31.638000
2024-05-19 13:05:11.844,OnTrack,-13706,-10272,970,pos,0 days 00:01:55.250000,0 days 00:57:31.858000
2024-05-19 13:05:12.004,OnTrack,-13624,-10255,973,pos,0 days 00:01:55.410000,0 days 00:57:32.018000
2024-05-19 13:05:12.264,OnTrack,-13485,-10229,979,pos,0 days 00:01:55.670000,0 days 00:57:32.278000
2024-05-19 13:05:12.585,OnTrack,-13307,-10198,986,pos,0 days 00:01:55.991000,0 days 00:57:32.599000
2024-05-19 13:05:12.665,OnTrack,-13261,-10189,988,pos,0 days 00:01:56.071000,0 days 00:57:32.679000
2024-05-19 13:05:12.925,OnTrack,-13108,-10162,993,pos,0 days 00:01:56.331000,0 days 00:57:32.939000
2024-05-19 13:05:13.125,OnTrack,-12987,-10142,997,pos,0 days 00:01:56.531000,0 days 00:57:33.139000
2024-05-19 13:05:13.365,OnTrack,-12839,-10119,1002,pos,0 days 00:01:56.771000,0 days 00:57:33.379000
2024-05-19 13:05:13.605,OnTrack,-12687,-10096,1007,pos,0 days 00:01:57.011000,0 days 00:57:33.619000
2024-05-19 13:05:13.825,OnTrack,-12545,-10075,1011,pos,0 days 00:01:57.231000,0 days 00:57:33.839000
2024-05-19 13:05:14.005,OnTrack,-12348,-10047,1019,pos,0 days 00:01:57.411000,0 days 00:57:34.019000
2024-05-19 13:05:14.365,OnTrack,-12186,-10024,1027,pos,0 days 00:01:57.771000,0 days 00:57:34.379000
2024-05-19 13:05:14.545,OnTrack,-12063,-10008,1035,pos,0 days 00:01:57.951000,0 days 00:57:34.559000
2024-05-19 13:05:14.725,OnTrack,-11939,-9991,1043,pos,0 days 00:01:58.131000,0 days 00:57:34.739000
2024-05-19 13:05:15.065,OnTrack,-11686,-9961,1060,pos,0 days 00:01:58.471000,0 days 00:57:35.079000
2024-05-19 13:05:15.265,OnTrack,-11544,-9946,1069,pos,0 days 00:01:58.671000,0 days 00:57:35.279000
2024-05-19 13:05:15.464,OnTrack,-11299,-9927,1085,pos,0 days 00:01:58.870000,0 days 00:57:35.478000
2024-05-19 13:05:15.804,OnTrack,-11154,-9921,1093,pos,0 days 00:01:59.210000,0 days 00:57:35.818000
2024-05-19 13:05:15.984,OnTrack,-11022,-9918,1101,pos,0 days 00:01:59.390000,0 days 00:57:35.998000
2024-05-19 13:05:16.164,OnTrack,-10891,-9919,1108,pos,0 days 00:01:59.570000,0 days 00:57:36.178000
2024-05-19 13:05:16.324,OnTrack,-10773,-9922,1114,pos,0 days 00:01:59.730000,0 days 00:57:36.338000
2024-05-19 13:05:16.704,OnTrack,-10495,-9940,1122,pos,0 days 00:02:00.110000,0 days 00:57:36.718000
2024-05-19 13:05:16.924,OnTrack,-10304,-9960,1122,pos,0 days 00:02:00.330000,0 days 00:57:36.938000
2024-05-19 13:05:17.224,OnTrack,-10114,-9982,1121,pos,0 days 00:02:00.630000,0 days 00:57:37.238000
2024-05-19 13:05:17.464,OnTrack,-9938,-10003,1120,pos,0 days 00:02:00.870000,0 days 00:57:37.478000
2024-05-19 13:05:17.604,OnTrack,-9835,-10014,1119,pos,0 days 00:02:01.010000,0 days 00:57:37.618000
2024-05-19 13:05:17.944,OnTrack,-9587,-10042,1117,pos,0 days 00:02:01.350000,0 days 00:57:37.958000
2024-05-19 13:05:18.164,OnTrack,-9419,-10060,1115,pos,0 days 00:02:01.570000,0 days 00:57:38.178000
2024-05-19 13:05:18.464,OnTrack,-9237,-10071,1114,pos,0 days 00:02:01.870000,0 days 00:57:38.478000
2024-05-19 13:05:18.784,OnTrack,-9067,-10062,1114,pos,0 days 00:02:02.190000,0 days 00:57:38.798000
2024-05-19 13:05:18.924,OnTrack,-8992,-10047,1114,pos,0 days 00:02:02.330000,0 days 00:57:38.938000
2024-05-19 13:05:19.165,OnTrack,-8869,-10001,1113,pos,0 days 00:02:02.571000,0 days 00:57:39.179000
2024-05-19 13:05:19.325,OnTrack,-8794,-9957,1113,pos,0 days 00:02:02.731000,0 days 00:57:39.339000
2024-05-19 13:05:19.565,OnTrack,-8695,-9873,1109,pos,0 days 00:02:02.971000,0 days 00:57:39.579000
2024-05-19 13:05:19.765,OnTrack,-8626,-9786,1106,pos,0 days 00:02:03.171000,0 days 00:57:39.779000
2024-05-19 13:05:19.945,OnTrack,-8572,-9697,1103,pos,0 days 00:02:03.351000,0 days 00:57:39.959000
2024-05-19 13:05:20.105,OnTrack,-8527,-9613,1101,pos,0 days 00:02:03.511000,0 days 00:57:40.119000
2024-05-19 13:05:20.365,OnTrack,-8458,-9476,1097,pos,0 days 00:02:03.771000,0 days 00:57:40.379000
2024-05-19 13:05:20.525,OnTrack,-8417,-9389,1094,pos,0 days 00:02:03.931000,0 days 00:57:40.539000
2024-05-19 13:05:20.665,OnTrack,-8382,-9312,1091,pos,0 days 00:02:04.071000,0 days 00:57:40.679000
2024-05-19 13:05:20.885,OnTrack,-8332,-9186,1087,pos,0 days 00:02:04.291000,0 days 00:57:40.899000
2024-05-19 13:05:21.085,OnTrack,-8295,-9066,1083,pos,0 days 00:02:04.491000,0 days 00:57:41.099000
2024-05-19 13:05:21.385,OnTrack,-8256,-8878,1075,pos,0 days 00:02:04.791000,0 days 00:57:41.399000
2024-05-19 13:05:21.645,OnTrack,-8239,-8707,1066,pos,0 days 00:02:05.051000,0 days 00:57:41.659000
2024-05-19 13:05:21.765,OnTrack,-8237,-8627,1062,pos,0 days 00:02:05.171000,0 days 00:57:41.779000
2024-05-19 13:05:22.004,OnTrack,-8245,-8408,1047,pos,0 days 00:02:05.410000,0 days 00:57:42.018000
2024-05-19 13:05:22.444,OnTrack,-8280,-8122,1021,pos,0 days 00:02:05.850000,0 days 00:57:42.458000
2024-05-19 13:05:22.884,OnTrack,-8327,-7868,999,pos,0 days 00:02:06.290000,0 days 00:57:42.898000
2024-05-19 13:05:23.084,OnTrack,-8372,-7669,984,pos,0 days 00:02:06.490000,0 days 00:57:43.098000
2024-05-19 13:05:23.324,OnTrack,-8398,-7554,975,pos,0 days 00:02:06.730000,0 days 00:57:43.338000
2024-05-19 13:05:23.684,OnTrack,-8458,-7294,959,pos,0 days 00:02:07.090000,0 days 00:57:43.698000
2024-05-19 13:05:23.884,OnTrack,-8514,-7046,946,pos,0 days 00:02:07.290000,0 days 00:57:43.898000
2024-05-19 13:05:24.284,OnTrack,-8558,-6855,936,pos,0 days 00:02:07.690000,0 days 00:57:44.298000
2024-05-19 13:05:24.544,OnTrack,-8601,-6664,927,pos,0 days 00:02:07.950000,0 days 00:57:44.558000
2024-05-19 13:05:24.744,OnTrack,-8630,-6518,919,pos,0 days 00:02:08.150000,0 days 00:57:44.758000
2024-05-19 13:05:24.784,OnTrack,-8636,-6490,917,pos,0 days 00:02:08.190000,0 days 00:57:44.798000
2024-05-19 13:05:25.004,OnTrack,-8653,-6341,911,pos,0 days 00:02:08.410000,0 days 00:57:45.018000
2024-05-19 13:05:25.184,OnTrack,-8649,-6221,905,pos,0 days 00:02:08.590000,0 days 00:57:45.198000
2024-05-19 13:05:25.504,OnTrack,-8591,-6007,899,pos,0 days 00:02:08.910000,0 days 00:57:45.518000
2024-05-19 13:05:25.685,OnTrack,-8538,-5893,897,pos,0 days 00:02:09.091000,0 days 00:57:45.699000
2024-05-19 13:05:25.805,OnTrack,-8502,-5821,897,pos,0 days 00:02:09.211000,0 days 00:57:45.819000
2024-05-19 13:05:25.985,OnTrack,-8447,-5724,896,pos,0 days 00:02:09.391000,0 days 00:57:45.999000
2024-05-19 13:05:26.265,OnTrack,-8368,-5591,898,pos,0 days 00:02:09.671000,0 days 00:57:46.279000
2024-05-19 13:05:26.465,OnTrack,-8313,-5512,899,pos,0 days 00:02:09.871000,0 days 00:57:46.479000
2024-05-19 13:05:26.685,OnTrack,-8251,-5438,902,pos,0 days 00:02:10.091000,0 days 00:57:46.699000
2024-05-19 13:05:26.925,OnTrack,-8139,-5355,906,pos,0 days 00:02:10.331000,0 days 00:57:46.939000
2024-05-19 13:05:27.285,OnTrack,-8054,-5328,909,pos,0 days 00:02:10.691000,0 days 00:57:47.299000
2024-05-19 13:05:27.625,OnTrack,-7883,-5342,923,pos,0 days 00:02:11.031000,0 days 00:57:47.639000
2024-05-19 13:05:27.905,OnTrack,-7825,-5357,927,pos,0 days 00:02:11.311000,0 days 00:57:47.919000
2024-05-19 13:05:28.145,OnTrack,-7738,-5381,936,pos,0 days 00:02:11.551000,0 days 00:57:48.159000
2024-05-19 13:05:28.345,OnTrack,-7664,-5400,943,pos,0 days 00:02:11.751000,0 days 00:57:48.359000
2024-05-19 13:05:28.545,OnTrack,-7587,-5416,950,pos,0 days 00:02:11.951000,0 days 00:57:48.559000
2024-05-19 13:05:28.724,OnTrack,-7513,-5427,957,pos,0 days 00:02:12.130000,0 days 00:57:48.738000
2024-05-19 13:05:29.044,OnTrack,-7335,-5441,973,pos,0 days 00:02:12.450000,0 days 00:57:49.058000
2024-05-19 13:05:29.384,OnTrack,-7143,-5444,988,pos,0 days 00:02:12.790000,0 days 00:57:49.398000
2024-05-19 13:05:29.704,OnTrack,-7051,-5443,994,pos,0 days 00:02:13.110000,0 days 00:57:49.718000
2024-05-19 13:05:30.064,OnTrack,-6860,-5441,1007,pos,0 days 00:02:13.470000,0 days 00:57:50.078000
2024-05-19 13:05:30.224,OnTrack,-6727,-5440,1014,pos,0 days 00:02:13.630000,0 days 00:57:50.238000
2024-05-19 13:05:30.584,OnTrack,-6566,-5438,1022,pos,0 days 00:02:13.990000,0 days 00:57:50.598000
2024-05-19 13:05:30.824,OnTrack,-6424,-5437,1027,pos,0 days 00:02:14.230000,0 days 00:57:50.838000
2024-05-19 13:05:31.044,OnTrack,-6253,-5436,1032,pos,0 days 00:02:14.450000,0 days 00:57:51.058000
2024-05-19 13:05:31.484,OnTrack,-6013,-5434,1039,pos,0 days 00:02:14.890000,0 days 00:57:51.498000
2024-05-19 13:05:31.644,OnTrack,-5910,-5433,1042,pos,0 days 00:02:15.050000,0 days 00:57:51.658000
2024-05-19 13:05:31.864,OnTrack,-5766,-5432,1046,pos,0 days 00:02:15.270000,0 days 00:57:51.878000
2024-05-19 13:05:31.964,OnTrack,-5699,-5431,1048,pos,0 days 00:02:15.370000,0 days 00:57:51.978000
2024-05-19 13:05:32.305,OnTrack,-5442,-5429,1055,pos,0 days 00:02:15.711000,0 days 00:57:52.319000
2024-05-19 13:05:32.565,OnTrack,-5309,-5426,1059,pos,0 days 00:02:15.971000,0 days 00:57:52.579000
2024-05-19 13:05:32.725,OnTrack,-5198,-5422,1062,pos,0 days 00:02:16.131000,0 days 00:57:52.739000
2024-05-19 13:05:32.965,OnTrack,-5026,-5411,1068,pos,0 days 00:02:16.371000,0 days 00:57:52.979000
2024-05-19 13:05:33.325,OnTrack,-4744,-5385,1075,pos,0 days 00:02:16.731000,0 days 00:57:53.339000
2024-05-19 13:05:33.665,OnTrack,-4533,-5367,1080,pos,0 days 00:02:17.071000,0 days 00:57:53.679000
2024-05-19 13:05:33.885,OnTrack,-4377,-5354,1082,pos,0 days 00:02:17.291000,0 days 00:57:53.899000
2024-05-19 13:05:34.125,OnTrack,-4109,-5332,1084,pos,0 days 00:02:17.531000,0 days 00:57:54.139000
2024-05-19 13:05:34.365,OnTrack,-4039,-5326,1084,pos,0 days 00:02:17.771000,0 days 00:57:54.379000
2024-05-19 13:05:34.685,OnTrack,-3761,-5303,1087,pos,0 days 00:02:18.091000,0 days 00:57:54.699000
2024-05-19 13:05:34.965,OnTrack,-3654,-5294,1087,pos,0 days 00:02:18.371000,0 days 00:57:54.979000
2024-05-19 13:05:35.224,OnTrack,-3520,-5284,1087,pos,0 days 00:02:18.630000,0 days 00:57:55.238000
2024-05-19 13:05:35.404,OnTrack,-3436,-5278,1088,pos,0 days 00:02:18.810000,0 days 00:57:55.418000
2024-05-19 13:05:35.704,OnTrack,-3308,-5273,1090,pos,0 days 00:02:19.110000,0 days 00:57:55.718000
2024-05-19 13:05:35.944,OnTrack,-3230,-5278,1092,pos,0 days 00:02:19.350000,0 days 00:57:55.958000
2024-05-19 13:05:36.064,OnTrack,-3154,-5309,1093,pos,0 days 00:02:19.470000,0 days 00:57:56.078000
2024-05-19 13:05:36.484,OnTrack,-3078,-5376,1096,pos,0 days 00:02:19.890000,0 days 00:57:56.498000
2024-05-19 13:05:36.664,OnTrack,-3034,-5425,1096,pos,0 days 00:02:20.070000,0 days 00:57:56.678000
2024-05-19 13:05:36.984,OnTrack,-2960,-5498,1096,pos,0 days 00:02:20.390000,0 days 00:57:56.998000
2024-05-19 13:05:37.164,OnTrack,-2900,-5536,1096,pos,0 days 00:02:20.570000,0 days 00:57:57.178000
2024-05-19 13:05:37.604,OnTrack,-2757,-5561,1094,pos,0 days 00:02:21.010000,0 days 00:57:57.618000
2024-05-19 13:05:37.844,OnTrack,-2728,-5556,1093,pos,0 days 00:02:21.250000,0 days 00:57:57.858000
2024-05-19 13:05:38.084,OnTrack,-2660,-5540,1092,pos,0 days 00:02:21.490000,0 days 00:57:58.098000
2024-05-19 13:05:38.284,OnTrack,-2602,-5522,1090,pos,0 days 00:02:21.690000,0 days 00:57:58.298000
2024-05-19 13:05:38.464,OnTrack,-2550,-5504,1089,pos,0 days 00:02:21.870000,0 days 00:57:58.478000
2024-05-19 13:05:38.724,OnTrack,-2470,-5472,1087,pos,0 days 00:02:22.130000,0 days 00:57:58.738000
2024-05-19 13:05:38.925,OnTrack,-2406,-5444,1086,pos,0 days 00:02:22.331000,0 days 00:57:58.939000
2024-05-19 13:05:39.185,OnTrack,-2316,-5401,1084,pos,0 days 00:02:22.591000,0 days 00:57:59.199000
2024-05-19 13:05:39.345,OnTrack,-2205,-5344,1081,pos,0 days 00:02:22.751000,0 days 00:57:59.359000
2024-05-19 13:05:39.845,OnTrack,-2060,-5268,1078,pos,0 days 00:02:23.251000,0 days 00:57:59.859000
2024-05-19 13:05:40.005,OnTrack,-1991,-5231,1076,pos,0 days 00:02:23.411000,0 days 00:58:00.019000
2024-05-19 13:05:40.245,OnTrack,-1883,-5174,1074,pos,0 days 00:02:23.651000,0 days 00:58:00.259000
2024-05-19 13:05:40.465,OnTrack,-1731,-5096,1071,pos,0 days 00:02:23.871000,0 days 00:58:00.479000
2024-05-19 13:05:40.705,OnTrack,-1663,-5061,1070,pos,0 days 00:02:24.111000,0 days 00:58:00.719000
2024-05-19 13:05:40.905,OnTrack,-1562,-5012,1068,pos,0 days 00:02:24.311000,0 days 00:58:00.919000
2024-05-19 13:05:41.185,OnTrack,-1340,-4910,1064,pos,0 days 00:02:24.591000,0 days 00:58:01.199000
2024-05-19 13:05:41.525,OnTrack,-1231,-4860,1062,pos,0 days 00:02:24.931000,0 days 00:58:01.539000
2024-05-19 13:05:41.904,OnTrack,-1019,-4752,1057,pos,0 days 00:02:25.310000,0 days 00:58:01.918000
2024-05-19 13:05:42.044,OnTrack,-941,-4707,1056,pos,0 days 00:02:25.450000,0 days 00:58:02.058000
2024-05-19 13:05:42.244,OnTrack,-829,-4638,1053,pos,0 days 00:02:25.650000,0 days 00:58:02.258000
2024-05-19 13:05:42.424,OnTrack,-729,-4572,1050,pos,0 days 00:02:25.830000,0 days 00:58:02.438000
2024-05-19 13:05:42.684,OnTrack,-550,-4446,1045,pos,0 days 00:02:26.090000,0 days 00:58:02.698000
2024-05-19 13:05:43.064,OnTrack,-371,-4314,1040,pos,0 days 00:02:26.470000,0 days 00:58:03.078000
2024-05-19 13:05:43.304,OnTrack,-238,-4210,1035,pos,0 days 00:02:26.710000,0 days 00:58:03.318000
2024-05-19 13:05:43.484,OnTrack,-139,-4128,1032,pos,0 days 00:02:26.890000,0 days 00:58:03.498000
2024-05-19 13:05:43.644,OnTrack,-52,-4053,1030,pos,0 days 00:02:27.050000,0 days 00:58:03.658000
2024-05-19 13:05:43.844,OnTrack,53,-3955,1028,pos,0 days 00:02:27.250000,0 days 00:58:03.858000
2024-05-19 13:05:44.084,OnTrack,179,-3831,1024,pos,0 days 00:02:27.490000,0 days 00:58:04.098000
2024-05-19 13:05:44.304,OnTrack,292,-3712,1021,pos,0 days 00:02:27.710000,0 days 00:58:04.318000
2024-05-19 13:05:44.484,OnTrack,443,-3545,1015,pos,0 days 00:02:27.890000,0 days 00:58:04.498000
2024-05-19 13:05:44.824,OnTrack,555,-3421,1009,pos,0 days 00:02:28.230000,0 days 00:58:04.838000
2024-05-19 13:05:45.044,OnTrack,668,-3295,1003,pos,0 days 00:02:28.450000,0 days 00:58:05.058000
2024-05-19 13:05:45.244,OnTrack,771,-3181,997,pos,0 days 00:02:28.650000,0 days 00:58:05.258000
2024-05-19 13:05:45.405,OnTrack,854,-3089,991,pos,0 days 00:02:28.811000,0 days 00:58:05.419000
2024-05-19 13:05:45.665,OnTrack,990,-2939,980,pos,0 days 00:02:29.071000,0 days 00:58:05.679000
2024-05-19 13:05:45.825,OnTrack,1074,-2846,973,pos,0 days 00:02:29.231000,0 days 00:58:05.839000
2024-05-19 13:05:46.045,OnTrack,1191,-2718,963,pos,0 days 00:02:29.451000,0 days 00:58:06.059000
2024-05-19 13:05:46.245,OnTrack,1298,-2601,954,pos,0 days 00:02:29.651000,0 days 00:58:06.259000
2024-05-19 13:05:46.565,OnTrack,1510,-2394,935,pos,0 days 00:02:29.971000,0 days 00:58:06.579000
2024-05-19 13:05:47.005,OnTrack,1912,-2133,903,pos,0 days 00:02:30.411000,0 days 00:58:07.019000
2024-05-19 13:05:47.305,OnTrack,2024,-2085,893,pos,0 days 00:02:30.711000,0 days 00:58:07.319000
2024-05-19 13:05:47.605,OnTrack,2300,-1974,872,pos,0 days 00:02:31.011000,0 days 00:58:07.619000
2024-05-19 13:05:47.885,OnTrack,2437,-1919,862,pos,0 days 00:02:31.291000,0 days 00:58:07.899000
2024-05-19 13:05:48.245,OnTrack,2693,-1814,842,pos,0 days 00:02:31.651000,0 days 00:58:08.259000
2024-05-19 13:05:48.504,OnTrack,2795,-1772,835,pos,0 days 00:02:31.910000,0 days 00:58:08.518000
2024-05-19 13:05:48.804,OnTrack,2976,-1691,823,pos,0 days 00:02:32.210000,0 days 00:58:08.818000
2024-05-19 13:05:49.084,OnTrack,3036,-1655,820,pos,0 days 00:02:32.490000,0 days 00:58:09.098000
2024-05-19 13:05:49.284,OnTrack,3092,-1608,816,pos,0 days 00:02:32.690000,0 days 00:58:09.298000
2024-05-19 13:05:49.604,OnTrack,3156,-1518,810,pos,0 days 00:02:33.010000,0 days 00:58:09.618000
2024-05-19 13:05:49.764,OnTrack,3176,-1467,809,pos,0 days 00:02:33.170000,0 days 00:58:09.778000
2024-05-19 13:05:49.944,OnTrack,3188,-1408,806,pos,0 days 00:02:33.350000,0 days 00:58:09.958000
2024-05-19 13:05:50.204,OnTrack,3189,-1323,802,pos,0 days 00:02:33.610000,0 days 00:58:10.218000
2024-05-19 13:05:50.504,OnTrack,3164,-1187,799,pos,0 days 00:02:33.910000,0 days 00:58:10.518000
2024-05-19 13:05:50.764,OnTrack,3151,-1142,797,pos,0 days 00:02:34.170000,0 days 00:58:10.778000
2024-05-19 13:05:51.024,OnTrack,3123,-1055,796,pos,0 days 00:02:34.430000,0 days 00:58:11.038000
2024-05-19 13:05:51.224,OnTrack,3099,-987,794,pos,0 days 00:02:34.630000,0 days 00:58:11.238000
2024-05-19 13:05:51.444,OnTrack,3071,-908,793,pos,0 days 00:02:34.850000,0 days 00:58:11.458000
2024-05-19 13:05:51.624,OnTrack,3043,-841,793,pos,0 days 00:02:35.030000,0 days 00:58:11.638000
2024-05-19 13:05:51.924,OnTrack,2962,-677,791,pos,0 days 00:02:35.330000,0 days 00:58:11.938000
2024-05-19 13:05:52.225,OnTrack,2919,-607,790,pos,0 days 00:02:35.631000,0 days 00:58:12.239000
2024-05-19 13:05:52.505,OnTrack,2841,-511,789,pos,0 days 00:02:35.911000,0 days 00:58:12.519000
2024-05-19 13:05:52.825,OnTrack,2734,-430,788,pos,0 days 00:02:36.231000,0 days 00:58:12.839000
2024-05-19 13:05:53.025,OnTrack,2609,-380,787,pos,0 days 00:02:36.431000,0 days 00:58:13.039000
2024-05-19 13:05:53.445,OnTrack,2451,-359,786,pos,0 days 00:02:36.851000,0 days 00:58:13.459000
2024-05-19 13:05:53.745,OnTrack,2366,-361,786,pos,0 days 00:02:37.151000,0 days 00:58:13.759000
2024-05-19 13:05:54.065,OnTrack,2194,-393,784,pos,0 days 00:02:37.471000,0 days 00:58:14.079000
2024-05-19 13:05:54.405,OnTrack,2107,-424,783,pos,0 days 00:02:37.811000,0 days 00:58:14.419000
2024-05-19 13:05:54.565,OnTrack,2042,-452,782,pos,0 days 00:02:37.971000,0 days 00:58:14.579000
2024-05-19 13:05:54.845,OnTrack,1924,-507,781,pos,0 days 00:02:38.251000,0 days 00:58:14.859000
2024-05-19 13:05:55.064,OnTrack,1835,-549,780,pos,0 days 00:02:38.470000,0 days 00:58:15.078000
2024-05-19 13:05:55.244,OnTrack,1776,-576,780,pos,0 days 00:02:38.650000,0 days 00:58:15.258000
2024-05-19 13:05:55.384,OnTrack,1710,-606,779,pos,0 days 00:02:38.790000,0 days 00:58:15.398000
2024-05-19 13:05:55.584,OnTrack,1612,-650,778,pos,0 days 00:02:38.990000,0 days 00:58:15.598000
2024-05-19 13:05:55.944,OnTrack,1396,-748,778,pos,0 days 00:02:39.350000,0 days 00:58:15.958000
2024-05-19 13:05:56.264,OnTrack,1258,-811,778,pos,0 days 00:02:39.670000,0 days 00:58:16.278000
2024-05-19 13:05:56.564,OnTrack,1092,-886,778,pos,0 days 00:02:39.970000,0 days 00:58:16.578000
2024-05-19 13:05:56.744,OnTrack,944,-953,778,pos,0 days 00:02:40.150000,0 days 00:58:16.758000
2024-05-19 13:05:57.064,OnTrack,802,-1014,779,pos,0 days 00:02:40.470000,0 days 00:58:17.078000
2024-05-19 13:05:57.344,OnTrack,632,-1085,780,pos,0 days 00:02:40.750000,0 days 00:58:17.358000
2024-05-19 13:05:57.564,OnTrack,407,-1179,780,pos,0 days 00:02:40.970000,0 days 00:58:17.578000
2024-05-19 13:05:58.004,OnTrack,151,-1288,781,pos,0 days 00:02:41.410000,0 days 00:58:18.018000
2024-05-19 13:05:58.404,OnTrack,-45,-1369,781,pos,0 days 00:02:41.810000,0 days 00:58:18.418000
2024-05-19 13:05:58.444,OnTrack,-72,-1380,781,pos,0 days 00:02:41.850000,0 days 00:58:18.458000
2024-05-19 13:05:58.685,OnTrack,-234,-1441,782,pos,0 days 00:02:42.091000,0 days 00:58:18.699000
2024-05-19 13:05:59.005,OnTrack,-486,-1516,783,pos,0 days 00:02:42.411000,0 days 00:58:19.019000
2024-05-19 13:05:59.405,OnTrack,-749,-1566,783,pos,0 days 00:02:42.811000,0 days 00:58:19.419000
2024-05-19 13:05:59.565,OnTrack,-1017,-1585,784,pos,0 days 00:02:42.971000,0 days 00:58:19.579000
2024-05-19 13:06:00.005,OnTrack,-1249,-1593,785,pos,0 days 00:02:43.411000,0 days 00:58:20.019000
2024-05-19 13:06:00.185,OnTrack,-1360,-1596,785,pos,0 days 00:02:43.591000,0 days 00:58:20.199000
2024-05-19 13:06:00.425,OnTrack,-1547,-1608,786,pos,0 days 00:02:43.831000,0 days 00:58:20.439000
2024-05-19 13:06:00.625,OnTrack,-1705,-1617,787,pos,0 days 00:02:44.031000,0 days 00:58:20.639000
2024-05-19 13:06:00.805,OnTrack,-1926,-1629,787,pos,0 days 00:02:44.211000,0 days 00:58:20.819000
2024-05-19 13:06:01.245,OnTrack,-2262,-1647,789,pos,0 days 00:02:44.651000,0 days 00:58:21.259000
2024-05-19 13:06:01.505,OnTrack,-2407,-1656,790,pos,0 days 00:02:44.911000,0 days 00:58:21.519000
2024-05-19 13:06:01.704,OnTrack,-2569,-1665,790,pos,0 days 00:02:45.110000,0 days 00:58:21.718000
2024-05-19 13:06:01.924,OnTrack,-2748,-1671,791,pos,0 days 00:02:45.330000,0 days 00:58:21.938000
2024-05-19 13:06:02.204,OnTrack,-2977,-1678,792,pos,0 days 00:02:45.610000,0 days 00:58:22.218000
2024-05-19 13:06:02.384,OnTrack,-3125,-1683,793,pos,0 days 00:02:45.790000,0 days 00:58:22.398000
2024-05-19 13:06:02.684,OnTrack,-3455,-1694,794,pos,0 days 00:02:46.090000,0 days 00:58:22.698000
2024-05-19 13:06:02.944,OnTrack,-3587,-1695,795,pos,0 days 00:02:46.350000,0 days 00:58:22.958000
2024-05-19 13:06:03.164,OnTrack,-3769,-1687,795,pos,0 days 00:02:46.570000,0 days 00:58:23.178000
2024-05-19 13:06:03.424,OnTrack,-3985,-1663,797,pos,0 days 00:02:46.830000,0 days 00:58:23.438000
2024-05-19 13:06:03.724,OnTrack,-4235,-1617,798,pos,0 days 00:02:47.130000,0 days 00:58:23.738000
2024-05-19 13:06:03.924,OnTrack,-4401,-1580,799,pos,0 days 00:02:47.330000,0 days 00:58:23.938000
2024-05-19 13:06:04.104,OnTrack,-4583,-1538,800,pos,0 days 00:02:47.510000,0 days 00:58:24.118000
2024-05-19 13:06:04.364,OnTrack,-4765,-1493,801,pos,0 days 00:02:47.770000,0 days 00:58:24.378000
2024-05-19 13:06:04.584,OnTrack,-4946,-1448,803,pos,0 days 00:02:47.990000,0 days 00:58:24.598000
2024-05-19 13:06:04.944,OnTrack,-5361,-1349,806,pos,0 days 00:02:48.350000,0 days 00:58:24.958000
2024-05-19 13:06:05.265,OnTrack,-5511,-1316,807,pos,0 days 00:02:48.671000,0 days 00:58:25.279000
2024-05-19 13:06:05.545,OnTrack,-5723,-1279,809,pos,0 days 00:02:48.951000,0 days 00:58:25.559000
2024-05-19 13:06:05.665,OnTrack,-5825,-1264,810,pos,0 days 00:02:49.071000,0 days 00:58:25.679000
2024-05-19 13:06:05.825,OnTrack,-5962,-1250,811,pos,0 days 00:02:49.231000,0 days 00:58:25.839000
2024-05-19 13:06:06.085,OnTrack,-6186,-1236,813,pos,0 days 00:02:49.491000,0 days 00:58:26.099000
2024-05-19 13:06:06.365,OnTrack,-6427,-1230,814,pos,0 days 00:02:49.771000,0 days 00:58:26.379000
2024-05-19 13:06:06.525,OnTrack,-6564,-1229,815,pos,0 days 00:02:49.931000,0 days 00:58:26.539000
2024-05-19 13:06:06.745,OnTrack,-6752,-1230,816,pos,0 days 00:02:50.151000,0 days 00:58:26.759000
2024-05-19 13:06:06.945,OnTrack,-6923,-1233,816,pos,0 days 00:02:50.351000,0 days 00:58:26.959000
2024-05-19 13:06:07.125,OnTrack,-7144,-1241,817,pos,0 days 00:02:50.531000,0 days 00:58:27.139000
2024-05-19 13:06:07.425,OnTrack,-7331,-1253,818,pos,0 days 00:02:50.831000,0 days 00:58:27.439000
2024-05-19 13:06:07.825,OnTrack,-7719,-1289,818,pos,0 days 00:02:51.231000,0 days 00:58:27.839000
2024-05-19 13:06:08.085,OnTrack,-7887,-1308,818,pos,0 days 00:02:51.491000,0 days 00:58:28.099000
2024-05-19 13:06:08.284,OnTrack,-8151,-1341,818,pos,0 days 00:02:51.690000,0 days 00:58:28.298000
2024-05-19 13:06:08.564,OnTrack,-8384,-1373,819,pos,0 days 00:02:51.970000,0 days 00:58:28.578000
2024-05-19 13:06:08.784,OnTrack,-8566,-1398,819,pos,0 days 00:02:52.190000,0 days 00:58:28.798000
2024-05-19 13:06:09.024,OnTrack,-8764,-1425,819,pos,0 days 00:02:52.430000,0 days 00:58:29.038000
2024-05-19 13:06:09.224,OnTrack,-8995,-1459,819,pos,0 days 00:02:52.630000,0 days 00:58:29.238000
2024-05-19 13:06:09.664,OnTrack,-9284,-1515,819,pos,0 days 00:02:53.070000,0 days 00:58:29.678000
2024-05-19 13:06:09.704,OnTrack,-9315,-1522,819,pos,0 days 00:02:53.110000,0 days 00:58:29.718000
2024-05-19 13:06:09.884,OnTrack,-9454,-1561,819,pos,0 days 00:02:53.290000,0 days 00:58:29.898000
2024-05-19 13:06:10.204,OnTrack,-9753,-1655,819,pos,0 days 00:02:53.610000,0 days 00:58:30.218000
2024-05-19 13:06:10.544,OnTrack,-9901,-1702,818,pos,0 days 00:02:53.950000,0 days 00:58:30.558000
2024-05-19 13:06:10.804,OnTrack,-10042,-1745,819,pos,0 days 00:02:54.210000,0 days 00:58:30.818000
2024-05-19 13:06:10.984,OnTrack,-10131,-1773,818,pos,0 days 00:02:54.390000,0 days 00:58:30.998000
2024-05-19 13:06:11.224,OnTrack,-10277,-1846,818,pos,0 days 00:02:54.630000,0 days 00:58:31.238000
2024-05-19 13:06:11.664,OnTrack,-10354,-1941,818,pos,0 days 00:02:55.070000,0 days 00:58:31.678000
2024-05-19 13:06:11.885,OnTrack,-10401,-2067,818,pos,0 days 00:02:55.291000,0 days 00:58:31.899000
2024-05-19 13:06:12.185,OnTrack,-10426,-2163,819,pos,0 days 00:02:55.591000,0 days 00:58:32.199000
2024-05-19 13:06:12.465,OnTrack,-10467,-2277,819,pos,0 days 00:02:55.871000,0 days 00:58:32.479000
2024-05-19 13:06:12.645,OnTrack,-10505,-2345,819,pos,0 days 00:02:56.051000,0 days 00:58:32.659000
2024-05-19 13:06:12.825,OnTrack,-10555,-2411,818,pos,0 days 00:02:56.231000,0 days 00:58:32.839000
2024-05-19 13:06:13.005,OnTrack,-10615,-2470,818,pos,0 days 00:02:56.411000,0 days 00:58:33.019000
2024-05-19 13:06:13.245,OnTrack,-10706,-2539,819,pos,0 days 00:02:56.651000,0 days 00:58:33.259000
2024-05-19 13:06:13.505,OnTrack,-10853,-2631,820,pos,0 days 00:02:56.911000,0 days 00:58:33.519000
2024-05-19 13:06:13.825,OnTrack,-10947,-2686,821,pos,0 days 00:02:57.231000,0 days 00:58:33.839000
2024-05-19 13:06:14.105,OnTrack,-11127,-2790,822,pos,0 days 00:02:57.511000,0 days 00:58:34.119000
2024-05-19 13:06:14.425,OnTrack,-11221,-2845,823,pos,0 days 00:02:57.831000,0 days 00:58:34.439000
2024-05-19 13:06:14.724,OnTrack,-11365,-2933,824,pos,0 days 00:02:58.130000,0 days 00:58:34.738000
2024-05-19 13:06:15.004,OnTrack,-11524,-3051,825,pos,0 days 00:02:58.410000,0 days 00:58:35.018000
2024-05-19 13:06:15.324,OnTrack,-11681,-3231,825,pos,0 days 00:02:58.730000,0 days 00:58:35.338000
2024-05-19 13:06:15.724,OnTrack,-11756,-3369,826,pos,0 days 00:02:59.130000,0 days 00:58:35.738000
2024-05-19 13:06:15.984,OnTrack,-11818,-3513,826,pos,0 days 00:02:59.390000,0 days 00:58:35.998000
2024-05-19 13:06:16.064,OnTrack,-11836,-3561,827,pos,0 days 00:02:59.470000,0 days 00:58:36.078000
2024-05-19 13:06:16.364,OnTrack,-11906,-3745,828,pos,0 days 00:02:59.770000,0 days 00:58:36.378000
2024-05-19 13:06:16.564,OnTrack,-11952,-3870,828,pos,0 days 00:02:59.970000,0 days 00:58:36.578000
2024-05-19 13:06:16.864,OnTrack,-12023,-4060,829,pos,0 days 00:03:00.270000,0 days 00:58:36.878000
2024-05-19 13:06:16.904,OnTrack,-12033,-4085,829,pos,0 days 00:03:00.310000,0 days 00:58:36.918000
2024-05-19 13:06:17.184,OnTrack,-12136,-4360,830,pos,0 days 00:03:00.590000,0 days 00:58:37.198000
2024-05-19 13:06:17.544,OnTrack,-12191,-4506,830,pos,0 days 00:03:00.950000,0 days 00:58:37.558000
2024-05-19 13:06:17.704,OnTrack,-12232,-4614,830,pos,0 days 00:03:01.110000,0 days 00:58:37.718000
2024-05-19 13:06:17.904,OnTrack,-12282,-4750,831,pos,0 days 00:03:01.310000,0 days 00:58:37.918000
2024-05-19 13:06:18.204,OnTrack,-12360,-4956,831,pos,0 days 00:03:01.610000,0 days 00:58:38.218000
2024-05-19 13:06:18.365,OnTrack,-12402,-5067,832,pos,0 days 00:03:01.771000,0 days 00:58:38.379000
2024-05-19 13:06:18.645,OnTrack,-12476,-5264,832,pos,0 days 00:03:02.051000,0 days 00:58:38.659000
2024-05-19 13:06:18.805,OnTrack,-12518,-5377,832,pos,0 days 00:03:02.211000,0 days 00:58:38.819000
2024-05-19 13:06:18.965,OnTrack,-12561,-5491,833,pos,0 days 00:03:02.371000,0 days 00:58:38.979000
2024-05-19 13:06:19.325,OnTrack,-12658,-5750,833,pos,0 days 00:03:02.731000,0 days 00:58:39.339000
2024-05-19 13:06:19.485,OnTrack,-12740,-5968,834,pos,0 days 00:03:02.891000,0 days 00:58:39.499000
2024-05-19 13:06:19.765,OnTrack,-12779,-6069,834,pos,0 days 00:03:03.171000,0 days 00:58:39.779000
2024-05-19 13:06:20.165,OnTrack,-12895,-6357,835,pos,0 days 00:03:03.571000,0 days 00:58:40.179000
2024-05-19 13:06:20.365,OnTrack,-12973,-6542,835,pos,0 days 00:03:03.771000,0 days 00:58:40.379000
2024-05-19 13:06:20.705,OnTrack,-13057,-6740,836,pos,0 days 00:03:04.111000,0 days 00:58:40.719000
2024-05-19 13:06:20.985,OnTrack,-13127,-6933,837,pos,0 days 00:03:04.391000,0 days 00:58:40.999000
2024-05-19 13:06:21.045,OnTrack,-13138,-6973,837,pos,0 days 00:03:04.451000,0 days 00:58:41.059000
2024-05-19 13:06:21.364,OnTrack,-13160,-7260,838,pos,0 days 00:03:04.770000,0 days 00:58:41.378000
2024-05-19 13:06:21.664,OnTrack,-13145,-7376,839,pos,0 days 00:03:05.070000,0 days 00:58:41.678000
2024-05-19 13:06:21.984,OnTrack,-13103,-7575,841,pos,0 days 00:03:05.390000,0 days 00:58:41.998000
2024-05-19 13:06:22.104,OnTrack,-13086,-7646,841,pos,0 days 00:03:05.510000,0 days 00:58:42.118000
2024-05-19 13:06:22.344,OnTrack,-13055,-7773,842,pos,0 days 00:03:05.750000,0 days 00:58:42.358000
2024-05-19 13:06:22.604,OnTrack,-13024,-7966,843,pos,0 days 00:03:06.010000,0 days 00:58:42.618000
2024-05-19 13:06:23.044,OnTrack,-13039,-8095,844,pos,0 days 00:03:06.450000,0 days 00:58:43.058000
2024-05-19 13:06:23.264,OnTrack,-13079,-8180,845,pos,0 days 00:03:06.670000,0 days 00:58:43.278000
2024-05-19 13:06:23.444,OnTrack,-13130,-8243,846,pos,0 days 00:03:06.850000,0 days 00:58:43.458000
2024-05-19 13:06:23.664,OnTrack,-13221,-8326,847,pos,0 days 00:03:07.070000,0 days 00:58:43.678000
2024-05-19 13:06:23.884,OnTrack,-13284,-8381,848,pos,0 days 00:03:07.290000,0 days 00:58:43.898000
2024-05-19 13:06:24.124,OnTrack,-13370,-8455,849,pos,0 days 00:03:07.530000,0 days 00:58:44.138000
2024-05-19 13:06:24.364,OnTrack,-13514,-8577,851,pos,0 days 00:03:07.770000,0 days 00:58:44.378000
2024-05-19 13:06:24.845,OnTrack,-13692,-8727,853,pos,0 days 00:03:08.251000,0 days 00:58:44.859000
2024-05-19 13:06:25.225,OnTrack,-13811,-8828,855,pos,0 days 00:03:08.631000,0 days 00:58:45.239000
2024-05-19 13:06:25.445,OnTrack,-13865,-8873,856,pos,0 days 00:03:08.851000,0 days 00:58:45.459000
2024-05-19 13:06:25.725,OnTrack,-13992,-8983,859,pos,0 days 00:03:09.131000,0 days 00:58:45.739000
2024-05-19 13:06:25.925,OnTrack,-14093,-9078,862,pos,0 days 00:03:09.331000,0 days 00:58:45.939000
2024-05-19 13:06:26.085,OnTrack,-14164,-9147,865,pos,0 days 00:03:09.491000,0 days 00:58:46.099000
2024-05-19 13:06:26.145,OnTrack,-14190,-9174,866,pos,0 days 00:03:09.551000,0 days 00:58:46.159000
2024-05-19 13:06:26.365,OnTrack,-14288,-9271,870,pos,0 days 00:03:09.771000,0 days 00:58:46.379000
2024-05-19 13:06:26.645,OnTrack,-14412,-9394,876,pos,0 days 00:03:10.051000,0 days 00:58:46.659000
2024-05-19 13:06:26.845,OnTrack,-14560,-9534,883,pos,0 days 00:03:10.251000,0 days 00:58:46.859000
2024-05-19 13:06:27.345,OnTrack,-14695,-9663,889,pos,0 days 00:03:10.751000,0 days 00:58:47.359000
2024-05-19 13:06:27.505,OnTrack,-14746,-9716,891,pos,0 days 00:03:10.911000,0 days 00:58:47.519000
2024-05-19 13:06:27.685,OnTrack,-14796,-9773,894,pos,0 days 00:03:11.091000,0 days 00:58:47.699000
2024-05-19 13:06:27.884,OnTrack,-14842,-9835,896,pos,0 days 00:03:11.290000,0 days 00:58:47.898000
2024-05-19 13:06:28.104,OnTrack,-14880,-9904,899,pos,0 days 00:03:11.510000,0 days 00:58:48.118000
2024-05-19 13:06:28.304,OnTrack,-14912,-10010,902,pos,0 days 00:03:11.710000,0 days 00:58:48.318000
2024-05-19 13:06:28.684,OnTrack,-14915,-10084,906,pos,0 days 00:03:12.090000,0 days 00:58:48.698000
2024-05-19 13:06:28.984,OnTrack,-14895,-10169,909,pos,0 days 00:03:12.390000,0 days 00:58:48.998000
2024-05-19 13:06:29.084,OnTrack,-14883,-10195,911,pos,0 days 00:03:12.490000,0 days 00:58:49.098000
2024-05-19 13:06:29.304,OnTrack,-14848,-10246,915,pos,0 days 00:03:12.710000,0 days 00:58:49.318000
2024-05-19 13:06:29.504,OnTrack,-14811,-10285,917,pos,0 days 00:03:12.910000,0 days 00:58:49.518000
2024-05-19 13:06:29.664,OnTrack,-14777,-10312,920,pos,0 days 00:03:13.070000,0 days 00:58:49.678000
2024-05-19 13:06:29.924,OnTrack,-14715,-10348,923,pos,0 days 00:03:13.330000,0 days 00:58:49.938000
2024-05-19 13:06:30.124,OnTrack,-14663,-10369,925,pos,0 days 00:03:13.530000,0 days 00:58:50.138000
2024-05-19 13:06:30.264,OnTrack,-14625,-10380,927,pos,0 days 00:03:13.670000,0 days 00:58:50.278000
2024-05-19 13:06:30.544,OnTrack,-14543,-10393,932,pos,0 days 00:03:13.950000,0 days 00:58:50.558000
2024-05-19 13:06:30.764,OnTrack,-14474,-10396,935,pos,0 days 00:03:14.170000,0 days 00:58:50.778000
2024-05-19 13:06:31.004,OnTrack,-14396,-10393,939,pos,0 days 00:03:14.410000,0 days 00:58:51.018000
2024-05-19 13:06:31.204,OnTrack,-14326,-10387,942,pos,0 days 00:03:14.610000,0 days 00:58:51.218000
2024-05-19 13:06:31.324,OnTrack,-14283,-10381,945,pos,0 days 00:03:14.730000,0 days 00:58:51.338000
2024-05-19 13:06:31.545,OnTrack,-14200,-10369,948,pos,0 days 00:03:14.951000,0 days 00:58:51.559000
2024-05-19 13:06:31.845,OnTrack,-14026,-10337,956,pos,0 days 00:03:15.251000,0 days 00:58:51.859000
2024-05-19 13:06:32.125,OnTrack,-13955,-10323,959,pos,0 days 00:03:15.531000,0 days 00:58:52.139000
2024-05-19 13:06:32.345,OnTrack,-13853,-10302,964,pos,0 days 00:03:15.751000,0 days 00:58:52.359000
2024-05-19 13:06:32.605,OnTrack,-13664,-10263,972,pos,0 days 00:03:16.011000,0 days 00:58:52.619000
2024-05-19 13:06:32.925,OnTrack,-13559,-10243,976,pos,0 days 00:03:16.331000,0 days 00:58:52.939000
2024-05-19 13:06:33.165,OnTrack,-13428,-10219,982,pos,0 days 00:03:16.571000,0 days 00:58:53.179000
2024-05-19 13:06:33.425,OnTrack,-13281,-10193,987,pos,0 days 00:03:16.831000,0 days 00:58:53.439000
2024-05-19 13:06:33.625,OnTrack,-13165,-10172,991,pos,0 days 00:03:17.031000,0 days 00:58:53.639000
2024-05-19 13:06:33.845,OnTrack,-13034,-10150,995,pos,0 days 00:03:17.251000,0 days 00:58:53.859000
2024-05-19 13:06:34.105,OnTrack,-12874,-10124,1000,pos,0 days 00:03:17.511000,0 days 00:58:54.119000
2024-05-19 13:06:34.345,OnTrack,-12659,-10091,1008,pos,0 days 00:03:17.751000,0 days 00:58:54.359000
2024-05-19 13:06:34.684,OnTrack,-12503,-10068,1013,pos,0 days 00:03:18.090000,0 days 00:58:54.698000
2024-05-19 13:06:34.884,OnTrack,-12290,-10039,1022,pos,0 days 00:03:18.290000,0 days 00:58:54.898000
2024-05-19 13:06:35.364,OnTrack,-12046,-10005,1035,pos,0 days 00:03:18.770000,0 days 00:58:55.378000
2024-05-19 13:06:35.584,OnTrack,-11894,-9985,1046,pos,0 days 00:03:18.990000,0 days 00:58:55.598000
2024-05-19 13:06:35.744,OnTrack,-11727,-9965,1057,pos,0 days 00:03:19.150000,0 days 00:58:55.758000
2024-05-19 13:06:36.204,OnTrack,-11457,-9938,1074,pos,0 days 00:03:19.610000,0 days 00:58:56.218000
2024-05-19 13:06:36.324,OnTrack,-11298,-9927,1085,pos,0 days 00:03:19.730000,0 days 00:58:56.338000
2024-05-19 13:06:36.724,OnTrack,-11080,-9919,1097,pos,0 days 00:03:20.130000,0 days 00:58:56.738000
2024-05-19 13:06:37.004,OnTrack,-10847,-9920,1110,pos,0 days 00:03:20.410000,0 days 00:58:57.018000
2024-05-19 13:06:37.324,OnTrack,-10642,-9929,1119,pos,0 days 00:03:20.730000,0 days 00:58:57.338000
2024-05-19 13:06:37.584,OnTrack,-10451,-9945,1122,pos,0 days 00:03:20.990000,0 days 00:58:57.598000
2024-05-19 13:06:37.764,OnTrack,-10319,-9959,1122,pos,0 days 00:03:21.170000,0 days 00:58:57.778000
2024-05-19 13:06:38.045,OnTrack,-10054,-9989,1121,pos,0 days 00:03:21.451000,0 days 00:58:58.059000
2024-05-19 13:06:38.285,OnTrack,-9937,-10003,1120,pos,0 days 00:03:21.691000,0 days 00:58:58.299000
2024-05-19 13:06:38.525,OnTrack,-9760,-10023,1118,pos,0 days 00:03:21.931000,0 days 00:58:58.539000
2024-05-19 13:06:38.705,OnTrack,-9628,-10038,1117,pos,0 days 00:03:22.111000,0 days 00:58:58.719000
2024-05-19 13:06:38.965,OnTrack,-9443,-10057,1116,pos,0 days 00:03:22.371000,0 days 00:58:58.979000
2024-05-19 13:06:39.245,OnTrack,-9260,-10070,1115,pos,0 days 00:03:22.651000,0 days 00:58:59.259000
2024-05-19 13:06:39.305,OnTrack,-9225,-10071,1114,pos,0 days 00:03:22.711000,0 days 00:58:59.319000
2024-05-19 13:06:39.645,OnTrack,-8984,-10045,1114,pos,0 days 00:03:23.051000,0 days 00:58:59.659000
2024-05-19 13:06:40.025,OnTrack,-8845,-9988,1114,pos,0 days 00:03:23.431000,0 days 00:59:00.039000
2024-05-19 13:06:40.205,OnTrack,-8766,-9936,1112,pos,0 days 00:03:23.611000,0 days 00:59:00.219000
2024-05-19 13:06:40.445,OnTrack,-8674,-9849,1109,pos,0 days 00:03:23.851000,0 days 00:59:00.459000
2024-05-19 13:06:40.625,OnTrack,-8615,-9769,1106,pos,0 days 00:03:24.031000,0 days 00:59:00.639000
2024-05-19 13:06:40.905,OnTrack,-8514,-9587,1100,pos,0 days 00:03:24.311000,0 days 00:59:00.919000
2024-05-19 13:06:41.264,OnTrack,-8441,-9440,1095,pos,0 days 00:03:24.670000,0 days 00:59:01.278000
2024-05-19 13:06:41.504,OnTrack,-8349,-9230,1088,pos,0 days 00:03:24.910000,0 days 00:59:01.518000
2024-05-19 13:06:41.804,OnTrack,-8316,-9137,1085,pos,0 days 00:03:25.210000,0 days 00:59:01.818000
2024-05-19 13:06:42.064,OnTrack,-8258,-8891,1075,pos,0 days 00:03:25.470000,0 days 00:59:02.078000
2024-05-19 13:06:42.404,OnTrack,-8243,-8761,1069,pos,0 days 00:03:25.810000,0 days 00:59:02.418000
2024-05-19 13:06:42.624,OnTrack,-8237,-8615,1060,pos,0 days 00:03:26.030000,0 days 00:59:02.638000
2024-05-19 13:06:42.804,OnTrack,-8240,-8493,1053,pos,0 days 00:03:26.210000,0 days 00:59:02.818000
2024-05-19 13:06:43.064,OnTrack,-8254,-8319,1041,pos,0 days 00:03:26.470000,0 days 00:59:03.078000
2024-05-19 13:06:43.324,OnTrack,-8276,-8152,1024,pos,0 days 00:03:26.730000,0 days 00:59:03.338000
2024-05-19 13:06:43.564,OnTrack,-8304,-7984,1009,pos,0 days 00:03:26.970000,0 days 00:59:03.578000
2024-05-19 13:06:43.804,OnTrack,-8351,-7759,990,pos,0 days 00:03:27.210000,0 days 00:59:03.818000
2024-05-19 13:06:44.104,OnTrack,-8387,-7603,979,pos,0 days 00:03:27.510000,0 days 00:59:04.118000
2024-05-19 13:06:44.344,OnTrack,-8426,-7432,968,pos,0 days 00:03:27.750000,0 days 00:59:04.358000
2024-05-19 13:06:44.444,OnTrack,-8443,-7361,964,pos,0 days 00:03:27.850000,0 days 00:59:04.458000
2024-05-19 13:06:44.705,OnTrack,-8508,-7072,948,pos,0 days 00:03:28.111000,0 days 00:59:04.719000
2024-05-19 13:06:45.185,OnTrack,-8564,-6826,935,pos,0 days 00:03:28.591000,0 days 00:59:05.199000
2024-05-19 13:06:45.405,OnTrack,-8600,-6666,927,pos,0 days 00:03:28.811000,0 days 00:59:05.419000
2024-05-19 13:06:45.465,OnTrack,-8610,-6622,924,pos,0 days 00:03:28.871000,0 days 00:59:05.479000
2024-05-19 13:06:45.665,OnTrack,-8638,-6478,917,pos,0 days 00:03:29.071000,0 days 00:59:05.679000
2024-05-19 13:06:45.945,OnTrack,-8654,-6284,908,pos,0 days 00:03:29.351000,0 days 00:59:05.959000
2024-05-19 13:06:46.185,OnTrack,-8629,-6122,902,pos,0 days 00:03:29.591000,0 days 00:59:06.199000
2024-05-19 13:06:46.385,OnTrack,-8542,-5900,898,pos,0 days 00:03:29.791000,0 days 00:59:06.399000
2024-05-19 13:06:46.765,OnTrack,-8468,-5761,896,pos,0 days 00:03:30.171000,0 days 00:59:06.779000
2024-05-19 13:06:47.025,OnTrack,-8392,-5630,897,pos,0 days 00:03:30.431000,0 days 00:59:07.039000
2024-05-19 13:06:47.265,OnTrack,-8285,-5476,900,pos,0 days 00:03:30.671000,0 days 00:59:07.279000
2024-05-19 13:06:47.625,OnTrack,-8220,-5408,903,pos,0 days 00:03:31.031000,0 days 00:59:07.639000
2024-05-19 13:06:47.784,OnTrack,-8169,-5371,904,pos,0 days 00:03:31.190000,0 days 00:59:07.798000
2024-05-19 13:06:48.064,OnTrack,-8072,-5331,909,pos,0 days 00:03:31.470000,0 days 00:59:08.078000
2024-05-19 13:06:48.304,OnTrack,-7984,-5326,915,pos,0 days 00:03:31.710000,0 days 00:59:08.318000
2024-05-19 13:06:48.484,OnTrack,-7914,-5336,920,pos,0 days 00:03:31.890000,0 days 00:59:08.498000
2024-05-19 13:06:48.544,OnTrack,-7892,-5340,922,pos,0 days 00:03:31.950000,0 days 00:59:08.558000
2024-05-19 13:06:48.904,OnTrack,-7764,-5374,933,pos,0 days 00:03:32.310000,0 days 00:59:08.918000
2024-05-19 13:06:49.104,OnTrack,-7671,-5398,942,pos,0 days 00:03:32.510000,0 days 00:59:09.118000
2024-05-19 13:06:49.364,OnTrack,-7597,-5414,949,pos,0 days 00:03:32.770000,0 days 00:59:09.378000
2024-05-19 13:06:49.624,OnTrack,-7494,-5429,959,pos,0 days 00:03:33.030000,0 days 00:59:09.638000
2024-05-19 13:06:49.784,OnTrack,-7426,-5436,964,pos,0 days 00:03:33.190000,0 days 00:59:09.798000
2024-05-19 13:06:50.064,OnTrack,-7324,-5441,974,pos,0 days 00:03:33.470000,0 days 00:59:10.078000
2024-05-19 13:06:50.284,OnTrack,-7221,-5443,982,pos,0 days 00:03:33.690000,0 days 00:59:10.298000
2024-05-19 13:06:50.424,OnTrack,-7153,-5443,987,pos,0 days 00:03:33.830000,0 days 00:59:10.438000
2024-05-19 13:06:50.724,OnTrack,-6927,-5442,1003,pos,0 days 00:03:34.130000,0 days 00:59:10.738000
2024-05-19 13:06:51.044,OnTrack,-6830,-5441,1009,pos,0 days 00:03:34.450000,0 days 00:59:11.058000
2024-05-19 13:06:51.225,OnTrack,-6730,-5440,1014,pos,0 days 00:03:34.631000,0 days 00:59:11.239000
2024-05-19 13:06:51.585,OnTrack,-6500,-5438,1025,pos,0 days 00:03:34.991000,0 days 00:59:11.599000
2024-05-19 13:06:51.825,OnTrack,-6381,-5437,1029,pos,0 days 00:03:35.231000,0 days 00:59:11.839000
2024-05-19 13:06:52.085,OnTrack,-6222,-5436,1033,pos,0 days 00:03:35.491000,0 days 00:59:12.099000
2024-05-19 13:06:52.245,OnTrack,-6122,-5435,1036,pos,0 days 00:03:35.651000,0 days 00:59:12.259000
2024-05-19 13:06:52.585,OnTrack,-5904,-5433,1042,pos,0 days 00:03:35.991000,0 days 00:59:12.599000
2024-05-19 13:06:52.825,OnTrack,-5746,-5432,1046,pos,0 days 00:03:36.231000,0 days 00:59:12.839000
2024-05-19 13:06:53.045,OnTrack,-5531,-5430,1053,pos,0 days 00:03:36.451000,0 days 00:59:13.059000
2024-05-19 13:06:53.405,OnTrack,-5353,-5427,1058,pos,0 days 00:03:36.811000,0 days 00:59:13.419000
2024-05-19 13:06:53.685,OnTrack,-5103,-5417,1065,pos,0 days 00:03:37.091000,0 days 00:59:13.699000
2024-05-19 13:06:53.925,OnTrack,-4992,-5408,1069,pos,0 days 00:03:37.331000,0 days 00:59:13.939000
2024-05-19 13:06:54.264,OnTrack,-4698,-5381,1076,pos,0 days 00:03:37.670000,0 days 00:59:14.278000
2024-05-19 13:06:54.544,OnTrack,-4557,-5369,1079,pos,0 days 00:03:37.950000,0 days 00:59:14.558000
2024-05-19 13:06:54.824,OnTrack,-4360,-5352,1082,pos,0 days 00:03:38.230000,0 days 00:59:14.838000
2024-05-19 13:06:55.084,OnTrack,-4133,-5334,1084,pos,0 days 00:03:38.490000,0 days 00:59:15.098000
2024-05-19 13:06:55.524,OnTrack,-3845,-5310,1086,pos,0 days 00:03:38.930000,0 days 00:59:15.538000
2024-05-19 13:06:55.784,OnTrack,-3712,-5299,1087,pos,0 days 00:03:39.190000,0 days 00:59:15.798000
2024-05-19 13:06:56.164,OnTrack,-3465,-5280,1088,pos,0 days 00:03:39.570000,0 days 00:59:16.178000
2024-05-19 13:06:56.544,OnTrack,-3343,-5273,1090,pos,0 days 00:03:39.950000,0 days 00:59:16.558000
2024-05-19 13:06:56.804,OnTrack,-3211,-5282,1092,pos,0 days 00:03:40.210000,0 days 00:59:16.818000
2024-05-19 13:06:57.044,OnTrack,-3175,-5297,1093,pos,0 days 00:03:40.450000,0 days 00:59:17.058000
2024-05-19 13:06:57.324,OnTrack,-3096,-5357,1096,pos,0 days 00:03:40.730000,0 days 00:59:17.338000
2024-05-19 13:06:57.624,OnTrack,-3023,-5437,1096,pos,0 days 00:03:41.030000,0 days 00:59:17.638000
2024-05-19 13:06:57.704,OnTrack,-3005,-5456,1096,pos,0 days 00:03:41.110000,0 days 00:59:17.718000
2024-05-19 13:06:57.905,OnTrack,-2958,-5499,1096,pos,0 days 00:03:41.311000,0 days 00:59:17.919000
2024-05-19 13:06:58.085,OnTrack,-2915,-5529,1096,pos,0 days 00:03:41.491000,0 days 00:59:18.099000
2024-05-19 13:06:58.325,OnTrack,-2850,-5556,1095,pos,0 days 00:03:41.731000,0 days 00:59:18.339000
2024-05-19 13:06:58.565,OnTrack,-2782,-5564,1094,pos,0 days 00:03:41.971000,0 days 00:59:18.579000
2024-05-19 13:06:58.745,OnTrack,-2730,-5557,1093,pos,0 days 00:03:42.151000,0 days 00:59:18.759000
2024-05-19 13:06:59.025,OnTrack,-2648,-5536,1091,pos,0 days 00:03:42.431000,0 days 00:59:19.039000
2024-05-19 13:06:59.185,OnTrack,-2572,-5512,1090,pos,0 days 00:03:42.591000,0 days 00:59:19.199000
2024-05-19 13:06:59.585,OnTrack,-2481,-5477,1087,pos,0 days 00:03:42.991000,0 days 00:59:19.599000
2024-05-19 13:06:59.845,OnTrack,-2368,-5426,1085,pos,0 days 00:03:43.251000,0 days 00:59:19.859000
2024-05-19 13:07:00.185,OnTrack,-2221,-5353,1081,pos,0 days 00:03:43.591000,0 days 00:59:20.199000
2024-05-19 13:07:00.665,OnTrack,-2087,-5282,1078,pos,0 days 00:03:44.071000,0 days 00:59:20.679000
2024-05-19 13:07:00.725,OnTrack,-2061,-5269,1078,pos,0 days 00:03:44.131000,0 days 00:59:20.739000
2024-05-19 13:07:01.004,OnTrack,-1885,-5175,1074,pos,0 days 00:03:44.410000,0 days 00:59:21.018000
2024-05-19 13:07:01.464,OnTrack,-1673,-5066,1070,pos,0 days 00:03:44.870000,0 days 00:59:21.478000
2024-05-19 13:07:01.744,OnTrack,-1580,-5021,1068,pos,0 days 00:03:45.150000,0 days 00:59:21.758000
2024-05-19 13:07:01.944,OnTrack,-1475,-4972,1066,pos,0 days 00:03:45.350000,0 days 00:59:21.958000
2024-05-19 13:07:02.244,OnTrack,-1313,-4898,1063,pos,0 days 00:03:45.650000,0 days 00:59:22.258000
2024-05-19 13:07:02.484,OnTrack,-1106,-4798,1059,pos,0 days 00:03:45.890000,0 days 00:59:22.498000
2024-05-19 13:07:02.944,OnTrack,-864,-4660,1054,pos,0 days 00:03:46.350000,0 days 00:59:22.958000
2024-05-19 13:07:03.184,OnTrack,-797,-4617,1052,pos,0 days 00:03:46.590000,0 days 00:59:23.198000
2024-05-19 13:07:03.404,OnTrack,-674,-4534,1048,pos,0 days 00:03:46.810000,0 days 00:59:23.418000
2024-05-19 13:07:03.624,OnTrack,-551,-4447,1045,pos,0 days 00:03:47.030000,0 days 00:59:23.638000
2024-05-19 13:07:03.864,OnTrack,-417,-4348,1041,pos,0 days 00:03:47.270000,0 days 00:59:23.878000
2024-05-19 13:07:04.044,OnTrack,-316,-4271,1038,pos,0 days 00:03:47.450000,0 days 00:59:24.058000
2024-05-19 13:07:04.224,OnTrack,-215,-4191,1035,pos,0 days 00:03:47.630000,0 days 00:59:24.238000
2024-05-19 13:07:04.585,OnTrack,-17,-4022,1030,pos,0 days 00:03:47.991000,0 days 00:59:24.599000
2024-05-19 13:07:04.625,OnTrack,3,-4002,1029,pos,0 days 00:03:48.031000,0 days 00:59:24.639000
2024-05-19 13:07:04.985,OnTrack,194,-3816,1024,pos,0 days 00:03:48.391000,0 days 00:59:24.999000
2024-05-19 13:07:05.165,OnTrack,358,-3640,1018,pos,0 days 00:03:48.571000,0 days 00:59:25.179000
2024-05-19 13:07:05.445,OnTrack,429,-3561,1016,pos,0 days 00:03:48.851000,0 days 00:59:25.459000
2024-05-19 13:07:05.685,OnTrack,551,-3425,1010,pos,0 days 00:03:49.091000,0 days 00:59:25.699000
2024-05-19 13:07:05.845,OnTrack,634,-3333,1005,pos,0 days 00:03:49.251000,0 days 00:59:25.859000
2024-05-19 13:07:06.045,OnTrack,737,-3218,999,pos,0 days 00:03:49.451000,0 days 00:59:26.059000
2024-05-19 13:07:06.325,OnTrack,883,-3057,989,pos,0 days 00:03:49.731000,0 days 00:59:26.339000
2024-05-19 13:07:06.525,OnTrack,988,-2941,980,pos,0 days 00:03:49.931000,0 days 00:59:26.539000
2024-05-19 13:07:06.705,OnTrack,1083,-2836,973,pos,0 days 00:03:50.111000,0 days 00:59:26.719000
2024-05-19 13:07:06.945,OnTrack,1210,-2696,962,pos,0 days 00:03:50.351000,0 days 00:59:26.959000
2024-05-19 13:07:07.265,OnTrack,1383,-2513,946,pos,0 days 00:03:50.671000,0 days 00:59:27.279000
2024-05-19 13:07:07.444,OnTrack,1484,-2416,937,pos,0 days 00:03:50.850000,0 days 00:59:27.458000
2024-05-19 13:07:07.604,OnTrack,1631,-2299,923,pos,0 days 00:03:51.010000,0 days 00:59:27.618000
2024-05-19 13:07:07.804,OnTrack,1790,-2194,912,pos,0 days 00:03:51.210000,0 days 00:59:27.818000
2024-05-19 13:07:07.904,OnTrack,1861,-2157,907,pos,0 days 00:03:51.310000,0 days 00:59:27.918000
2024-05-19 13:07:08.244,OnTrack,2111,-2049,887,pos,0 days 00:03:51.650000,0 days 00:59:28.258000
2024-05-19 13:07:08.444,OnTrack,2340,-1958,869,pos,0 days 00:03:51.850000,0 days 00:59:28.458000
2024-05-19 13:07:08.784,OnTrack,2488,-1898,858,pos,0 days 00:03:52.190000,0 days 00:59:28.798000
2024-05-19 13:07:08.944,OnTrack,2588,-1857,850,pos,0 days 00:03:52.350000,0 days 00:59:28.958000
2024-05-19 13:07:09.224,OnTrack,2744,-1793,839,pos,0 days 00:03:52.630000,0 days 00:59:29.238000
2024-05-19 13:07:09.464,OnTrack,2861,-1745,831,pos,0 days 00:03:52.870000,0 days 00:59:29.478000
2024-05-19 13:07:09.644,OnTrack,2938,-1710,826,pos,0 days 00:03:53.050000,0 days 00:59:29.658000
2024-05-19 13:07:09.944,OnTrack,3045,-1648,819,pos,0 days 00:03:53.350000,0 days 00:59:29.958000
2024-05-19 13:07:10.124,OnTrack,3125,-1569,813,pos,0 days 00:03:53.530000,0 days 00:59:30.138000
2024-05-19 13:07:10.384,OnTrack,3147,-1535,811,pos,0 days 00:03:53.790000,0 days 00:59:30.398000
2024-05-19 13:07:10.724,OnTrack,3184,-1430,806,pos,0 days 00:03:54.130000,0 days 00:59:30.738000
2024-05-19 13:07:10.925,OnTrack,3190,-1366,804,pos,0 days 00:03:54.331000,0 days 00:59:30.939000
2024-05-19 13:07:10.985,OnTrack,3190,-1347,803,pos,0 days 00:03:54.391000,0 days 00:59:30.999000
2024-05-19 13:07:11.225,OnTrack,3182,-1271,801,pos,0 days 00:03:54.631000,0 days 00:59:31.239000
2024-05-19 13:07:11.465,OnTrack,3165,-1194,799,pos,0 days 00:03:54.871000,0 days 00:59:31.479000
2024-05-19 13:07:11.705,OnTrack,3142,-1115,797,pos,0 days 00:03:55.111000,0 days 00:59:31.719000
2024-05-19 13:07:11.945,OnTrack,3116,-1034,795,pos,0 days 00:03:55.351000,0 days 00:59:31.959000
2024-05-19 13:07:12.025,OnTrack,3106,-1006,795,pos,0 days 00:03:55.431000,0 days 00:59:32.039000
2024-05-19 13:07:12.365,OnTrack,3049,-854,793,pos,0 days 00:03:55.771000,0 days 00:59:32.379000
2024-05-19 13:07:12.665,OnTrack,3010,-769,792,pos,0 days 00:03:56.071000,0 days 00:59:32.679000
2024-05-19 13:07:12.905,OnTrack,2960,-674,791,pos,0 days 00:03:56.311000,0 days 00:59:32.919000
2024-05-19 13:07:13.125,OnTrack,2907,-590,790,pos,0 days 00:03:56.531000,0 days 00:59:33.139000
2024-05-19 13:07:13.405,OnTrack,2786,-463,788,pos,0 days 00:03:56.811000,0 days 00:59:33.419000
2024-05-19 13:07:13.745,OnTrack,2666,-399,787,pos,0 days 00:03:57.151000,0 days 00:59:33.759000
2024-05-19 13:07:14.224,OnTrack,2504,-363,786,pos,0 days 00:03:57.630000,0 days 00:59:34.238000
2024-05-19 13:07:14.624,OnTrack,2335,-363,786,pos,0 days 00:03:58.030000,0 days 00:59:34.638000
2024-05-19 13:07:14.984,OnTrack,2241,-380,784,pos,0 days 00:03:58.390000,0 days 00:59:34.998000
2024-05-19 13:07:15.064,OnTrack,2209,-388,784,pos,0 days 00:03:58.470000,0 days 00:59:35.078000
2024-05-19 13:07:15.304,OnTrack,2113,-422,783,pos,0 days 00:03:58.710000,0 days 00:59:35.318000
2024-05-19 13:07:15.644,OnTrack,1946,-497,781,pos,0 days 00:03:59.050000,0 days 00:59:35.658000
2024-05-19 13:07:16.044,OnTrack,1797,-566,780,pos,0 days 00:03:59.450000,0 days 00:59:36.058000
2024-05-19 13:07:16.224,OnTrack,1712,-605,779,pos,0 days 00:03:59.630000,0 days 00:59:36.238000
2024-05-19 13:07:16.384,OnTrack,1635,-640,778,pos,0 days 00:03:59.790000,0 days 00:59:36.398000
2024-05-19 13:07:16.584,OnTrack,1534,-685,778,pos,0 days 00:03:59.990000,0 days 00:59:36.598000
2024-05-19 13:07:16.784,OnTrack,1431,-732,778,pos,0 days 00:04:00.190000,0 days 00:59:36.798000
2024-05-19 13:07:17.004,OnTrack,1315,-785,778,pos,0 days 00:04:00.410000,0 days 00:59:37.018000
2024-05-19 13:07:17.304,OnTrack,1151,-859,778,pos,0 days 00:04:00.710000,0 days 00:59:37.318000
2024-05-19 13:07:17.485,OnTrack,993,-931,778,pos,0 days 00:04:00.891000,0 days 00:59:37.499000
2024-05-19 13:07:17.745,OnTrack,900,-972,779,pos,0 days 00:04:01.151000,0 days 00:59:37.759000
2024-05-19 13:07:17.985,OnTrack,757,-1033,779,pos,0 days 00:04:01.391000,0 days 00:59:37.999000
2024-05-19 13:07:18.285,OnTrack,583,-1106,780,pos,0 days 00:04:01.691000,0 days 00:59:38.299000
2024-05-19 13:07:18.525,OnTrack,434,-1169,780,pos,0 days 00:04:01.931000,0 days 00:59:38.539000
2024-05-19 13:07:18.685,OnTrack,333,-1211,781,pos,0 days 00:04:02.091000,0 days 00:59:38.699000
2024-05-19 13:07:18.885,OnTrack,205,-1265,781,pos,0 days 00:04:02.291000,0 days 00:59:38.899000
2024-05-19 13:07:19.105,OnTrack,62,-1325,781,pos,0 days 00:04:02.511000,0 days 00:59:39.119000
2024-05-19 13:07:20.305,OnTrack,-851,-1576,783,pos,0 days 00:04:03.711000,0 days 00:59:40.319000
2024-05-19 13:07:20.744,OnTrack,-1241,-1592,785,pos,0 days 00:04:04.150000,0 days 00:59:40.758000
2024-05-19 13:07:21.144,OnTrack,-1429,-1600,785,pos,0 days 00:04:04.550000,0 days 00:59:41.158000
2024-05-19 13:07:21.384,OnTrack,-1616,-1612,786,pos,0 days 00:04:04.790000,0 days 00:59:41.398000
2024-05-19 13:07:21.624,OnTrack,-1900,-1627,787,pos,0 days 00:04:05.030000,0 days 00:59:41.638000
2024-05-19 13:07:21.884,OnTrack,-2012,-1633,788,pos,0 days 00:04:05.290000,0 days 00:59:41.898000
2024-05-19 13:07:22.184,OnTrack,-2332,-1652,789,pos,0 days 00:04:05.590000,0 days 00:59:42.198000
2024-05-19 13:07:22.584,OnTrack,-2574,-1665,790,pos,0 days 00:04:05.990000,0 days 00:59:42.598000
2024-05-19 13:07:22.764,OnTrack,-2834,-1674,791,pos,0 days 00:04:06.170000,0 days 00:59:42.778000
2024-05-19 13:07:23.284,OnTrack,-3146,-1684,793,pos,0 days 00:04:06.690000,0 days 00:59:43.298000
2024-05-19 13:07:23.464,OnTrack,-3294,-1690,793,pos,0 days 00:04:06.870000,0 days 00:59:43.478000
2024-05-19 13:07:23.684,OnTrack,-3576,-1695,794,pos,0 days 00:04:07.090000,0 days 00:59:43.698000
2024-05-19 13:07:24.024,OnTrack,-3758,-1688,795,pos,0 days 00:04:07.430000,0 days 00:59:44.038000
2024-05-19 13:07:24.185,OnTrack,-3890,-1675,796,pos,0 days 00:04:07.591000,0 days 00:59:44.199000
2024-05-19 13:07:24.465,OnTrack,-4124,-1639,797,pos,0 days 00:04:07.871000,0 days 00:59:44.479000
2024-05-19 13:07:24.745,OnTrack,-4456,-1568,799,pos,0 days 00:04:08.151000,0 days 00:59:44.759000
2024-05-19 13:07:25.085,OnTrack,-4638,-1525,800,pos,0 days 00:04:08.491000,0 days 00:59:45.099000
2024-05-19 13:07:25.265,OnTrack,-4786,-1488,801,pos,0 days 00:04:08.671000,0 days 00:59:45.279000
2024-05-19 13:07:25.465,OnTrack,-4952,-1447,803,pos,0 days 00:04:08.871000,0 days 00:59:45.479000
2024-05-19 13:07:25.745,OnTrack,-5284,-1366,805,pos,0 days 00:04:09.151000,0 days 00:59:45.759000
2024-05-19 13:07:26.125,OnTrack,-5501,-1318,807,pos,0 days 00:04:09.531000,0 days 00:59:46.139000
2024-05-19 13:07:26.325,OnTrack,-5669,-1287,809,pos,0 days 00:04:09.731000,0 days 00:59:46.339000
2024-05-19 13:07:26.545,OnTrack,-5941,-1252,811,pos,0 days 00:04:09.951000,0 days 00:59:46.559000
2024-05-19 13:07:27.005,OnTrack,-6302,-1232,814,pos,0 days 00:04:10.411000,0 days 00:59:47.019000
2024-05-19 13:07:27.344,OnTrack,-6543,-1229,815,pos,0 days 00:04:10.750000,0 days 00:59:47.358000
2024-05-19 13:07:27.584,OnTrack,-6749,-1230,816,pos,0 days 00:04:10.990000,0 days 00:59:47.598000
2024-05-19 13:07:27.764,OnTrack,-6902,-1233,816,pos,0 days 00:04:11.170000,0 days 00:59:47.778000
2024-05-19 13:07:27.944,OnTrack,-7056,-1237,817,pos,0 days 00:04:11.350000,0 days 00:59:47.958000
2024-05-19 13:07:28.144,OnTrack,-7225,-1246,817,pos,0 days 00:04:11.550000,0 days 00:59:48.158000
2024-05-19 13:07:28.344,OnTrack,-7513,-1268,818,pos,0 days 00:04:11.750000,0 days 00:59:48.358000
2024-05-19 13:07:28.804,OnTrack,-7901,-1310,818,pos,0 days 00:04:12.210000,0 days 00:59:48.818000
2024-05-19 13:07:29.124,OnTrack,-8127,-1338,818,pos,0 days 00:04:12.530000,0 days 00:59:49.138000
2024-05-19 13:07:29.504,OnTrack,-8444,-1381,819,pos,0 days 00:04:12.910000,0 days 00:59:49.518000
2024-05-19 13:07:29.664,OnTrack,-8692,-1415,819,pos,0 days 00:04:13.070000,0 days 00:59:49.678000
2024-05-19 13:07:30.044,OnTrack,-8890,-1443,819,pos,0 days 00:04:13.450000,0 days 00:59:50.058000
2024-05-19 13:07:30.264,OnTrack,-9167,-1489,819,pos,0 days 00:04:13.670000,0 days 00:59:50.278000
2024-05-19 13:07:30.584,OnTrack,-9323,-1524,819,pos,0 days 00:04:13.990000,0 days 00:59:50.598000
2024-05-19 13:07:30.765,OnTrack,-9461,-1563,819,pos,0 days 00:04:14.171000,0 days 00:59:50.779000
2024-05-19 13:07:30.965,OnTrack,-9608,-1609,819,pos,0 days 00:04:14.371000,0 days 00:59:50.979000
2024-05-19 13:07:31.185,OnTrack,-9756,-1656,818,pos,0 days 00:04:14.591000,0 days 00:59:51.199000
2024-05-19 13:07:31.465,OnTrack,-9923,-1708,818,pos,0 days 00:04:14.871000,0 days 00:59:51.479000
2024-05-19 13:07:31.625,OnTrack,-10009,-1735,819,pos,0 days 00:04:15.031000,0 days 00:59:51.639000
2024-05-19 13:07:31.825,OnTrack,-10102,-1764,818,pos,0 days 00:04:15.231000,0 days 00:59:51.839000
2024-05-19 13:07:32.065,OnTrack,-10191,-1795,818,pos,0 days 00:04:15.471000,0 days 00:59:52.079000
2024-05-19 13:07:32.285,OnTrack,-10268,-1840,818,pos,0 days 00:04:15.691000,0 days 00:59:52.299000
2024-05-19 13:07:32.485,OnTrack,-10324,-1895,818,pos,0 days 00:04:15.891000,0 days 00:59:52.499000
2024-05-19 13:07:32.725,OnTrack,-10373,-1983,818,pos,0 days 00:04:16.131000,0 days 00:59:52.739000
2024-05-19 13:07:32.925,OnTrack,-10400,-2068,818,pos,0 days 00:04:16.331000,0 days 00:59:52.939000
2024-05-19 13:07:33.145,OnTrack,-10440,-2207,819,pos,0 days 00:04:16.551000,0 days 00:59:53.159000
2024-05-19 13:07:33.525,OnTrack,-10489,-2319,819,pos,0 days 00:04:16.931000,0 days 00:59:53.539000
2024-05-19 13:07:33.725,OnTrack,-10581,-2438,818,pos,0 days 00:04:17.131000,0 days 00:59:53.739000
2024-05-19 13:07:34.044,OnTrack,-10653,-2502,818,pos,0 days 00:04:17.450000,0 days 00:59:54.058000
2024-05-19 13:07:34.284,OnTrack,-10749,-2568,819,pos,0 days 00:04:17.690000,0 days 00:59:54.298000
2024-05-19 13:07:35.224,OnTrack,-11171,-2816,823,pos,0 days 00:04:18.630000,0 days 00:59:55.238000
2024-05-19 13:07:35.444,OnTrack,-11277,-2879,824,pos,0 days 00:04:18.850000,0 days 00:59:55.458000
2024-05-19 13:07:35.684,OnTrack,-11462,-3001,824,pos,0 days 00:04:19.090000,0 days 00:59:55.698000
2024-05-19 13:07:36.124,OnTrack,-11643,-3177,825,pos,0 days 00:04:19.530000,0 days 00:59:56.138000
2024-05-19 13:07:36.564,OnTrack,-11787,-3437,826,pos,0 days 00:04:19.970000,0 days 00:59:56.578000
2024-05-19 13:07:36.984,OnTrack,-11878,-3671,827,pos,0 days 00:04:20.390000,0 days 00:59:56.998000
2024-05-19 13:07:37.405,OnTrack,-11957,-3884,828,pos,0 days 00:04:20.811000,0 days 00:59:57.419000
2024-05-19 13:07:37.545,OnTrack,-11991,-3974,828,pos,0 days 00:04:20.951000,0 days 00:59:57.559000
2024-05-19 13:07:37.785,OnTrack,-12049,-4128,829,pos,0 days 00:04:21.191000,0 days 00:59:57.799000
2024-05-19 13:07:37.965,OnTrack,-12093,-4245,829,pos,0 days 00:04:21.371000,0 days 00:59:57.979000
2024-05-19 13:07:38.185,OnTrack,-12148,-4392,830,pos,0 days 00:04:21.591000,0 days 00:59:58.199000
2024-05-19 13:07:38.365,OnTrack,-12194,-4513,830,pos,0 days 00:04:21.771000,0 days 00:59:58.379000
2024-05-19 13:07:38.545,OnTrack,-12270,-4717,830,pos,0 days 00:04:21.951000,0 days 00:59:58.559000
2024-05-19 13:07:38.985,OnTrack,-12354,-4938,831,pos,0 days 00:04:22.391000,0 days 00:59:58.999000
2024-05-19 13:07:39.205,OnTrack,-12411,-5092,832,pos,0 days 00:04:22.611000,0 days 00:59:59.219000
2024-05-19 13:07:39.405,OnTrack,-12464,-5234,832,pos,0 days 00:04:22.811000,0 days 00:59:59.419000
2024-05-19 13:07:39.485,OnTrack,-12486,-5291,832,pos,0 days 00:04:22.891000,0 days 00:59:59.499000
2024-05-19 13:07:39.685,OnTrack,-12539,-5434,832,pos,0 days 00:04:23.091000,0 days 00:59:59.699000
2024-05-19 13:07:39.865,OnTrack,-12588,-5564,833,pos,0 days 00:04:23.271000,0 days 00:59:59.879000
2024-05-19 13:07:40.085,OnTrack,-12648,-5723,833,pos,0 days 00:04:23.491000,0 days 01:00:00.099000
2024-05-19 13:07:40.424,OnTrack,-12741,-5970,834,pos,0 days 00:04:23.830000,0 days 01:00:00.438000
2024-05-19 13:07:40.524,OnTrack,-12769,-6042,834,pos,0 days 00:04:23.930000,0 days 01:00:00.538000
2024-05-19 13:07:40.784,OnTrack,-12843,-6230,835,pos,0 days 00:04:24.190000,0 days 01:00:00.798000
2024-05-19 13:07:41.064,OnTrack,-12956,-6502,835,pos,0 days 00:04:24.470000,0 days 01:00:01.078000
2024-05-19 13:07:41.304,OnTrack,-12998,-6602,835,pos,0 days 00:04:24.710000,0 days 01:00:01.318000
2024-05-19 13:07:41.584,OnTrack,-13082,-6803,836,pos,0 days 00:04:24.990000,0 days 01:00:01.598000
2024-05-19 13:07:41.784,OnTrack,-13130,-6942,837,pos,0 days 00:04:25.190000,0 days 01:00:01.798000
2024-05-19 13:07:42.044,OnTrack,-13160,-7103,838,pos,0 days 00:04:25.450000,0 days 01:00:02.058000
2024-05-19 13:07:42.304,OnTrack,-13147,-7366,839,pos,0 days 00:04:25.710000,0 days 01:00:02.318000
2024-05-19 13:07:42.564,OnTrack,-13133,-7445,840,pos,0 days 00:04:25.970000,0 days 01:00:02.578000
2024-05-19 13:07:42.804,OnTrack,-13098,-7594,841,pos,0 days 00:04:26.210000,0 days 01:00:02.818000
2024-05-19 13:07:43.104,OnTrack,-13041,-7838,843,pos,0 days 00:04:26.510000,0 days 01:00:03.118000
2024-05-19 13:07:43.344,OnTrack,-13032,-7887,843,pos,0 days 00:04:26.750000,0 days 01:00:03.358000
2024-05-19 13:07:43.584,OnTrack,-13024,-7998,843,pos,0 days 00:04:26.990000,0 days 01:00:03.598000
2024-05-19 13:07:43.885,OnTrack,-13049,-8122,845,pos,0 days 00:04:27.291000,0 days 01:00:03.899000
2024-05-19 13:07:44.085,OnTrack,-13091,-8196,846,pos,0 days 00:04:27.491000,0 days 01:00:04.099000
2024-05-19 13:07:44.365,OnTrack,-13178,-8288,847,pos,0 days 00:04:27.771000,0 days 01:00:04.379000
2024-05-19 13:07:44.565,OnTrack,-13248,-8349,847,pos,0 days 00:04:27.971000,0 days 01:00:04.579000
2024-05-19 13:07:44.765,OnTrack,-13368,-8453,849,pos,0 days 00:04:28.171000,0 days 01:00:04.779000
2024-05-19 13:07:45.025,OnTrack,-13412,-8491,849,pos,0 days 00:04:28.431000,0 days 01:00:05.039000
2024-05-19 13:07:45.285,OnTrack,-13512,-8575,851,pos,0 days 00:04:28.691000,0 days 01:00:05.299000
2024-05-19 13:07:45.505,OnTrack,-13599,-8649,852,pos,0 days 00:04:28.911000,0 days 01:00:05.519000
2024-05-19 13:07:45.765,OnTrack,-13706,-8740,853,pos,0 days 00:04:29.171000,0 days 01:00:05.779000
2024-05-19 13:07:45.925,OnTrack,-13774,-8797,855,pos,0 days 00:04:29.331000,0 days 01:00:05.939000
2024-05-19 13:07:46.105,OnTrack,-13826,-8840,856,pos,0 days 00:04:29.511000,0 days 01:00:06.119000
2024-05-19 13:07:46.365,OnTrack,-13996,-8986,859,pos,0 days 00:04:29.771000,0 days 01:00:06.379000
2024-05-19 13:07:46.765,OnTrack,-14164,-9148,865,pos,0 days 00:04:30.171000,0 days 01:00:06.779000
2024-05-19 13:07:47.064,OnTrack,-14253,-9236,868,pos,0 days 00:04:30.470000,0 days 01:00:07.078000
2024-05-19 13:07:47.324,OnTrack,-14369,-9351,874,pos,0 days 00:04:30.730000,0 days 01:00:07.338000
2024-05-19 13:07:47.564,OnTrack,-14476,-9456,879,pos,0 days 00:04:30.970000,0 days 01:00:07.578000
2024-05-19 13:07:47.804,OnTrack,-14622,-9592,886,pos,0 days 00:04:31.210000,0 days 01:00:07.818000
2024-05-19 13:07:48.244,OnTrack,-14790,-9765,893,pos,0 days 00:04:31.650000,0 days 01:00:08.258000
2024-05-19 13:07:48.544,OnTrack,-14838,-9828,897,pos,0 days 00:04:31.950000,0 days 01:00:08.558000
2024-05-19 13:07:48.784,OnTrack,-14882,-9909,899,pos,0 days 00:04:32.190000,0 days 01:00:08.798000
2024-05-19 13:07:49.064,OnTrack,-14911,-10002,902,pos,0 days 00:04:32.470000,0 days 01:00:09.078000
2024-05-19 13:07:49.264,OnTrack,-14912,-10110,906,pos,0 days 00:04:32.670000,0 days 01:00:09.278000
2024-05-19 13:07:49.604,OnTrack,-14895,-10168,910,pos,0 days 00:04:33.010000,0 days 01:00:09.618000
2024-05-19 13:07:49.784,OnTrack,-14871,-10216,913,pos,0 days 00:04:33.190000,0 days 01:00:09.798000
2024-05-19 13:07:50.124,OnTrack,-14786,-10306,919,pos,0 days 00:04:33.530000,0 days 01:00:10.138000
2024-05-19 13:07:50.445,OnTrack,-14736,-10338,922,pos,0 days 00:04:33.851000,0 days 01:00:10.459000
2024-05-19 13:07:50.745,OnTrack,-14662,-10370,925,pos,0 days 00:04:34.151000,0 days 01:00:10.759000
2024-05-19 13:07:50.805,OnTrack,-14646,-10374,926,pos,0 days 00:04:34.211000,0 days 01:00:10.819000
2024-05-19 13:07:51.045,OnTrack,-14580,-10388,929,pos,0 days 00:04:34.451000,0 days 01:00:11.059000
2024-05-19 13:07:51.325,OnTrack,-14499,-10395,934,pos,0 days 00:04:34.731000,0 days 01:00:11.339000
2024-05-19 13:07:51.565,OnTrack,-14413,-10394,938,pos,0 days 00:04:34.971000,0 days 01:00:11.579000
2024-05-19 13:07:51.905,OnTrack,-14315,-10385,943,pos,0 days 00:04:35.311000,0 days 01:00:11.919000
2024-05-19 13:07:52.085,OnTrack,-14301,-10383,944,pos,0 days 00:04:35.491000,0 days 01:00:12.099000
2024-05-19 13:07:52.365,OnTrack,-14195,-10368,948,pos,0 days 00:04:35.771000,0 days 01:00:12.379000
2024-05-19 13:07:52.545,OnTrack,-14122,-10355,952,pos,0 days 00:04:35.951000,0 days 01:00:12.559000
2024-05-19 13:07:52.745,OnTrack,-13983,-10329,958,pos,0 days 00:04:36.151000,0 days 01:00:12.759000
2024-05-19 13:07:53.145,OnTrack,-13786,-10288,967,pos,0 days 00:04:36.551000,0 days 01:00:13.159000
2024-05-19 13:07:53.604,OnTrack,-13623,-10255,973,pos,0 days 00:04:37.010000,0 days 01:00:13.618000
2024-05-19 13:07:53.744,OnTrack,-13549,-10241,977,pos,0 days 00:04:37.150000,0 days 01:00:13.758000
2024-05-19 13:07:54.064,OnTrack,-13293,-10195,986,pos,0 days 00:04:37.470000,0 days 01:00:14.078000
2024-05-19 13:07:54.324,OnTrack,-13224,-10183,989,pos,0 days 00:04:37.730000,0 days 01:00:14.338000
2024-05-19 13:07:54.664,OnTrack,-13022,-10147,996,pos,0 days 00:04:38.070000,0 days 01:00:14.678000
2024-05-19 13:07:54.844,OnTrack,-12850,-10121,1002,pos,0 days 00:04:38.250000,0 days 01:00:14.858000
2024-05-19 13:07:55.764,OnTrack,-12320,-10043,1020,pos,0 days 00:04:39.170000,0 days 01:00:15.778000
2024-05-19 13:07:56.004,OnTrack,-12076,-10009,1034,pos,0 days 00:04:39.410000,0 days 01:00:16.018000
2024-05-19 13:07:56.444,OnTrack,-11834,-9978,1050,pos,0 days 00:04:39.850000,0 days 01:00:16.458000
2024-05-19 13:07:56.684,OnTrack,-11666,-9959,1061,pos,0 days 00:04:40.090000,0 days 01:00:16.698000
2024-05-19 13:07:56.884,OnTrack,-11452,-9938,1075,pos,0 days 00:04:40.290000,0 days 01:00:16.898000
2024-05-19 13:07:57.165,OnTrack,-11322,-9928,1083,pos,0 days 00:04:40.571000,0 days 01:00:17.179000
2024-05-19 13:07:57.485,OnTrack,-10988,-9918,1103,pos,0 days 00:04:40.891000,0 days 01:00:17.499000
2024-05-19 13:07:57.905,OnTrack,-10709,-9925,1117,pos,0 days 00:04:41.311000,0 days 01:00:17.919000
2024-05-19 13:07:58.205,OnTrack,-10562,-9934,1121,pos,0 days 00:04:41.611000,0 days 01:00:18.219000
2024-05-19 13:07:58.385,OnTrack,-10430,-9947,1122,pos,0 days 00:04:41.791000,0 days 01:00:18.399000
2024-05-19 13:07:58.625,OnTrack,-10151,-9978,1121,pos,0 days 00:04:42.031000,0 days 01:00:18.639000
2024-05-19 13:07:58.945,OnTrack,-10018,-9993,1120,pos,0 days 00:04:42.351000,0 days 01:00:18.959000
2024-05-19 13:07:59.325,OnTrack,-9708,-10029,1118,pos,0 days 00:04:42.731000,0 days 01:00:19.339000
2024-05-19 13:07:59.625,OnTrack,-9519,-10050,1116,pos,0 days 00:04:43.031000,0 days 01:00:19.639000
2024-05-19 13:07:59.905,OnTrack,-9326,-10067,1115,pos,0 days 00:04:43.311000,0 days 01:00:19.919000
2024-05-19 13:07:59.965,OnTrack,-9287,-10069,1115,pos,0 days 00:04:43.371000,0 days 01:00:19.979000
2024-05-19 13:08:00.304,OnTrack,-9058,-10061,1114,pos,0 days 00:04:43.710000,0 days 01:00:20.318000
2024-05-19 13:08:00.724,OnTrack,-8879,-10006,1114,pos,0 days 00:04:44.130000,0 days 01:00:20.738000
2024-05-19 13:08:00.864,OnTrack,-8812,-9969,1113,pos,0 days 00:04:44.270000,0 days 01:00:20.878000
2024-05-19 13:08:01.084,OnTrack,-8672,-9847,1108,pos,0 days 00:04:44.490000,0 days 01:00:21.098000
2024-05-19 13:08:01.564,OnTrack,-8525,-9608,1101,pos,0 days 00:04:44.970000,0 days 01:00:21.578000
2024-05-19 13:08:01.904,OnTrack,-8467,-9492,1097,pos,0 days 00:04:45.310000,0 days 01:00:21.918000
2024-05-19 13:08:02.084,OnTrack,-8420,-9396,1094,pos,0 days 00:04:45.490000,0 days 01:00:22.098000
2024-05-19 13:08:02.384,OnTrack,-8319,-9147,1085,pos,0 days 00:04:45.790000,0 days 01:00:22.398000
2024-05-19 13:08:02.684,OnTrack,-8291,-9051,1082,pos,0 days 00:04:46.090000,0 days 01:00:22.698000
2024-05-19 13:08:02.904,OnTrack,-8262,-8912,1076,pos,0 days 00:04:46.310000,0 days 01:00:22.918000
2024-05-19 13:08:03.124,OnTrack,-8244,-8769,1070,pos,0 days 00:04:46.530000,0 days 01:00:23.138000
2024-05-19 13:08:03.404,OnTrack,-8238,-8527,1056,pos,0 days 00:04:46.810000,0 days 01:00:23.418000
2024-05-19 13:08:03.765,OnTrack,-8252,-8335,1041,pos,0 days 00:04:47.171000,0 days 01:00:23.779000
2024-05-19 13:08:03.985,OnTrack,-8270,-8194,1029,pos,0 days 00:04:47.391000,0 days 01:00:23.999000
2024-05-19 13:08:04.125,OnTrack,-8284,-8096,1019,pos,0 days 00:04:47.531000,0 days 01:00:24.139000
2024-05-19 13:08:04.325,OnTrack,-8310,-7956,1006,pos,0 days 00:04:47.731000,0 days 01:00:24.339000
2024-05-19 13:08:04.565,OnTrack,-8345,-7786,992,pos,0 days 00:04:47.971000,0 days 01:00:24.579000
2024-05-19 13:08:04.765,OnTrack,-8378,-7642,982,pos,0 days 00:04:48.171000,0 days 01:00:24.779000
2024-05-19 13:08:05.005,OnTrack,-8418,-7469,970,pos,0 days 00:04:48.411000,0 days 01:00:25.019000
2024-05-19 13:08:05.205,OnTrack,-8475,-7221,955,pos,0 days 00:04:48.611000,0 days 01:00:25.219000
2024-05-19 13:08:05.605,OnTrack,-8518,-7030,946,pos,0 days 00:04:49.011000,0 days 01:00:25.619000
2024-05-19 13:08:05.785,OnTrack,-8548,-6897,938,pos,0 days 00:04:49.191000,0 days 01:00:25.799000
2024-05-19 13:08:06.025,OnTrack,-8588,-6720,930,pos,0 days 00:04:49.431000,0 days 01:00:26.039000
2024-05-19 13:08:06.125,OnTrack,-8604,-6646,925,pos,0 days 00:04:49.531000,0 days 01:00:26.139000
2024-05-19 13:08:06.365,OnTrack,-8639,-6471,917,pos,0 days 00:04:49.771000,0 days 01:00:26.379000
2024-05-19 13:08:06.665,OnTrack,-8649,-6224,905,pos,0 days 00:04:50.071000,0 days 01:00:26.679000
2024-05-19 13:08:07.104,OnTrack,-8549,-5913,897,pos,0 days 00:04:50.510000,0 days 01:00:27.118000
2024-05-19 13:08:07.484,OnTrack,-8430,-5695,896,pos,0 days 00:04:50.890000,0 days 01:00:27.498000
2024-05-19 13:08:07.804,OnTrack,-8368,-5592,898,pos,0 days 00:04:51.210000,0 days 01:00:27.818000
2024-05-19 13:08:08.084,OnTrack,-8290,-5483,900,pos,0 days 00:04:51.490000,0 days 01:00:28.098000
2024-05-19 13:08:08.244,OnTrack,-8244,-5432,902,pos,0 days 00:04:51.650000,0 days 01:00:28.258000
2024-05-19 13:08:08.524,OnTrack,-8160,-5365,905,pos,0 days 00:04:51.930000,0 days 01:00:28.538000
2024-05-19 13:08:08.704,OnTrack,-8063,-5330,909,pos,0 days 00:04:52.110000,0 days 01:00:28.718000
2024-05-19 13:08:09.004,OnTrack,-7992,-5325,915,pos,0 days 00:04:52.410000,0 days 01:00:29.018000
2024-05-19 13:08:09.324,OnTrack,-7873,-5345,924,pos,0 days 00:04:52.730000,0 days 01:00:29.338000
2024-05-19 13:08:09.584,OnTrack,-7781,-5369,932,pos,0 days 00:04:52.990000,0 days 01:00:29.598000
2024-05-19 13:08:09.764,OnTrack,-7717,-5387,938,pos,0 days 00:04:53.170000,0 days 01:00:29.778000
2024-05-19 13:08:09.984,OnTrack,-7635,-5406,945,pos,0 days 00:04:53.390000,0 days 01:00:29.998000
2024-05-19 13:08:10.125,OnTrack,-7533,-5424,955,pos,0 days 00:04:53.531000,0 days 01:00:30.139000
2024-05-19 13:08:10.505,OnTrack,-7366,-5440,969,pos,0 days 00:04:53.911000,0 days 01:00:30.519000
2024-05-19 13:08:10.985,OnTrack,-7213,-5443,982,pos,0 days 00:04:54.391000,0 days 01:00:30.999000
2024-05-19 13:08:11.205,OnTrack,-7044,-5443,995,pos,0 days 00:04:54.611000,0 days 01:00:31.219000
2024-05-19 13:08:11.505,OnTrack,-6950,-5442,1001,pos,0 days 00:04:54.911000,0 days 01:00:31.519000
2024-05-19 13:08:11.705,OnTrack,-6845,-5441,1007,pos,0 days 00:04:55.111000,0 days 01:00:31.719000
2024-05-19 13:08:11.945,OnTrack,-6715,-5440,1014,pos,0 days 00:04:55.351000,0 days 01:00:31.959000
2024-05-19 13:08:12.105,OnTrack,-6625,-5439,1019,pos,0 days 00:04:55.511000,0 days 01:00:32.119000
2024-05-19 13:08:12.285,OnTrack,-6520,-5438,1024,pos,0 days 00:04:55.691000,0 days 01:00:32.299000
2024-05-19 13:08:12.625,OnTrack,-6228,-5436,1033,pos,0 days 00:04:56.031000,0 days 01:00:32.639000
2024-05-19 13:08:13.005,OnTrack,-6077,-5434,1037,pos,0 days 00:04:56.411000,0 days 01:00:33.019000
2024-05-19 13:08:13.245,OnTrack,-5923,-5433,1042,pos,0 days 00:04:56.651000,0 days 01:00:33.259000
2024-05-19 13:08:13.424,OnTrack,-5805,-5432,1045,pos,0 days 00:04:56.830000,0 days 01:00:33.438000
2024-05-19 13:08:13.584,OnTrack,-5699,-5431,1048,pos,0 days 00:04:56.990000,0 days 01:00:33.598000
2024-05-19 13:08:13.824,OnTrack,-5443,-5429,1055,pos,0 days 00:04:57.230000,0 days 01:00:33.838000
2024-05-19 13:08:14.144,OnTrack,-5318,-5426,1059,pos,0 days 00:04:57.550000,0 days 01:00:34.158000
2024-05-19 13:08:14.464,OnTrack,-5098,-5416,1065,pos,0 days 00:04:57.870000,0 days 01:00:34.478000
2024-05-19 13:08:14.644,OnTrack,-4956,-5404,1070,pos,0 days 00:04:58.050000,0 days 01:00:34.658000
2024-05-19 13:08:14.824,OnTrack,-4829,-5393,1073,pos,0 days 00:04:58.230000,0 days 01:00:34.838000
2024-05-19 13:08:14.984,OnTrack,-4717,-5383,1076,pos,0 days 00:04:58.390000,0 days 01:00:34.998000
2024-05-19 13:08:15.284,OnTrack,-4408,-5356,1082,pos,0 days 00:04:58.690000,0 days 01:00:35.298000
2024-05-19 13:08:15.624,OnTrack,-4267,-5344,1083,pos,0 days 00:04:59.030000,0 days 01:00:35.638000
2024-05-19 13:08:15.904,OnTrack,-3987,-5321,1085,pos,0 days 00:04:59.310000,0 days 01:00:35.918000
2024-05-19 13:08:16.344,OnTrack,-3697,-5297,1087,pos,0 days 00:04:59.750000,0 days 01:00:36.358000
2024-05-19 13:08:16.845,OnTrack,-3476,-5280,1087,pos,0 days 00:05:00.251000,0 days 01:00:36.859000
2024-05-19 13:08:17.185,OnTrack,-3346,-5273,1089,pos,0 days 00:05:00.591000,0 days 01:00:37.199000
2024-05-19 13:08:17.405,OnTrack,-3273,-5274,1091,pos,0 days 00:05:00.811000,0 days 01:00:37.419000
2024-05-19 13:08:17.565,OnTrack,-3185,-5292,1092,pos,0 days 00:05:00.971000,0 days 01:00:37.579000
2024-05-19 13:08:17.965,OnTrack,-3107,-5347,1095,pos,0 days 00:05:01.371000,0 days 01:00:37.979000
2024-05-19 13:08:18.145,OnTrack,-3063,-5393,1096,pos,0 days 00:05:01.551000,0 days 01:00:38.159000
2024-05-19 13:08:18.485,OnTrack,-2957,-5500,1096,pos,0 days 00:05:01.891000,0 days 01:00:38.499000
2024-05-19 13:08:18.785,OnTrack,-2913,-5530,1096,pos,0 days 00:05:02.191000,0 days 01:00:38.799000
2024-05-19 13:08:18.985,OnTrack,-2860,-5553,1095,pos,0 days 00:05:02.391000,0 days 01:00:38.999000
2024-05-19 13:08:19.305,OnTrack,-2773,-5563,1094,pos,0 days 00:05:02.711000,0 days 01:00:39.319000
2024-05-19 13:08:19.485,OnTrack,-2721,-5555,1093,pos,0 days 00:05:02.891000,0 days 01:00:39.499000
2024-05-19 13:08:19.685,OnTrack,-2624,-5529,1091,pos,0 days 00:05:03.091000,0 days 01:00:39.699000
2024-05-19 13:08:20.044,OnTrack,-2560,-5507,1089,pos,0 days 00:05:03.450000,0 days 01:00:40.058000
2024-05-19 13:08:20.284,OnTrack,-2487,-5479,1087,pos,0 days 00:05:03.690000,0 days 01:00:40.298000
2024-05-19 13:08:20.504,OnTrack,-2415,-5448,1086,pos,0 days 00:05:03.910000,0 days 01:00:40.518000
2024-05-19 13:08:20.724,OnTrack,-2341,-5413,1084,pos,0 days 00:05:04.130000,0 days 01:00:40.738000
2024-05-19 13:08:20.884,OnTrack,-2238,-5361,1082,pos,0 days 00:05:04.290000,0 days 01:00:40.898000
2024-05-19 13:08:21.324,OnTrack,-2077,-5277,1078,pos,0 days 00:05:04.730000,0 days 01:00:41.338000
2024-05-19 13:08:21.604,OnTrack,-1991,-5232,1076,pos,0 days 00:05:05.010000,0 days 01:00:41.618000
2024-05-19 13:08:21.884,OnTrack,-1864,-5164,1074,pos,0 days 00:05:05.290000,0 days 01:00:41.898000
2024-05-19 13:08:22.124,OnTrack,-1692,-5075,1070,pos,0 days 00:05:05.530000,0 days 01:00:42.138000
2024-05-19 13:08:22.584,OnTrack,-1495,-4981,1067,pos,0 days 00:05:05.990000,0 days 01:00:42.598000
2024-05-19 13:08:22.924,OnTrack,-1321,-4902,1064,pos,0 days 00:05:06.330000,0 days 01:00:42.938000
2024-05-19 13:08:23.124,OnTrack,-1209,-4850,1061,pos,0 days 00:05:06.530000,0 days 01:00:43.138000
2024-05-19 13:08:23.245,OnTrack,-1143,-4817,1060,pos,0 days 00:05:06.651000,0 days 01:00:43.259000
2024-05-19 13:08:23.605,OnTrack,-927,-4699,1055,pos,0 days 00:05:07.011000,0 days 01:00:43.619000
2024-05-19 13:08:23.925,OnTrack,-771,-4600,1052,pos,0 days 00:05:07.331000,0 days 01:00:43.939000
2024-05-19 13:08:24.185,OnTrack,-627,-4501,1047,pos,0 days 00:05:07.591000,0 days 01:00:44.199000
2024-05-19 13:08:24.305,OnTrack,-560,-4453,1045,pos,0 days 00:05:07.711000,0 days 01:00:44.319000
2024-05-19 13:08:24.585,OnTrack,-324,-4278,1038,pos,0 days 00:05:07.991000,0 days 01:00:44.599000
2024-05-19 13:08:25.045,OnTrack,-146,-4134,1033,pos,0 days 00:05:08.451000,0 days 01:00:45.059000
2024-05-19 13:08:25.225,OnTrack,-48,-4049,1030,pos,0 days 00:05:08.631000,0 days 01:00:45.239000
2024-05-19 13:08:25.405,OnTrack,48,-3960,1028,pos,0 days 00:05:08.811000,0 days 01:00:45.419000
2024-05-19 13:08:25.565,OnTrack,148,-3863,1025,pos,0 days 00:05:08.971000,0 days 01:00:45.579000
2024-05-19 13:08:25.765,OnTrack,276,-3729,1021,pos,0 days 00:05:09.171000,0 days 01:00:45.779000
2024-05-19 13:08:25.925,OnTrack,357,-3640,1018,pos,0 days 00:05:09.331000,0 days 01:00:45.939000
2024-05-19 13:08:26.225,OnTrack,509,-3472,1012,pos,0 days 00:05:09.631000,0 days 01:00:46.239000
2024-05-19 13:08:26.504,OnTrack,723,-3234,1000,pos,0 days 00:05:09.910000,0 days 01:00:46.518000
2024-05-19 13:08:26.844,OnTrack,826,-3120,993,pos,0 days 00:05:10.250000,0 days 01:00:46.858000
2024-05-19 13:08:27.784,OnTrack,1323,-2574,951,pos,0 days 00:05:11.190000,0 days 01:00:47.798000
2024-05-19 13:08:28.024,OnTrack,1538,-2369,932,pos,0 days 00:05:11.430000,0 days 01:00:48.038000
2024-05-19 13:08:28.264,OnTrack,1599,-2321,927,pos,0 days 00:05:11.670000,0 days 01:00:48.278000
2024-05-19 13:08:28.564,OnTrack,1814,-2182,909,pos,0 days 00:05:11.970000,0 days 01:00:48.578000
2024-05-19 13:08:28.744,OnTrack,2037,-2079,893,pos,0 days 00:05:12.150000,0 days 01:00:48.758000
2024-05-19 13:08:29.124,OnTrack,2213,-2009,879,pos,0 days 00:05:12.530000,0 days 01:00:49.138000
2024-05-19 13:08:29.324,OnTrack,2353,-1953,869,pos,0 days 00:05:12.730000,0 days 01:00:49.338000
2024-05-19 13:08:29.504,OnTrack,2474,-1904,859,pos,0 days 00:05:12.910000,0 days 01:00:49.518000
2024-05-19 13:08:29.865,OnTrack,2764,-1785,837,pos,0 days 00:05:13.271000,0 days 01:00:49.879000
2024-05-19 13:08:30.225,OnTrack,2870,-1741,830,pos,0 days 00:05:13.631000,0 days 01:00:50.239000
2024-05-19 13:08:30.505,OnTrack,2999,-1678,822,pos,0 days 00:05:13.911000,0 days 01:00:50.519000
2024-05-19 13:08:30.865,OnTrack,3096,-1603,816,pos,0 days 00:05:14.271000,0 days 01:00:50.879000
2024-05-19 13:08:31.085,OnTrack,3143,-1542,811,pos,0 days 00:05:14.491000,0 days 01:00:51.099000
2024-05-19 13:08:31.285,OnTrack,3172,-1480,809,pos,0 days 00:05:14.691000,0 days 01:00:51.299000
2024-05-19 13:08:31.365,OnTrack,3179,-1454,808,pos,0 days 00:05:14.771000,0 days 01:00:51.379000
2024-05-19 13:08:31.585,OnTrack,3190,-1381,805,pos,0 days 00:05:14.991000,0 days 01:00:51.599000
2024-05-19 13:08:31.885,OnTrack,3184,-1282,801,pos,0 days 00:05:15.291000,0 days 01:00:51.899000
2024-05-19 13:08:32.065,OnTrack,3165,-1191,799,pos,0 days 00:05:15.471000,0 days 01:00:52.079000
2024-05-19 13:08:32.485,OnTrack,3133,-1086,796,pos,0 days 00:05:15.891000,0 days 01:00:52.499000
2024-05-19 13:08:32.645,OnTrack,3116,-1033,795,pos,0 days 00:05:16.051000,0 days 01:00:52.659000
2024-05-19 13:08:32.865,OnTrack,3089,-958,794,pos,0 days 00:05:16.271000,0 days 01:00:52.879000
2024-05-19 13:08:33.124,OnTrack,3030,-811,793,pos,0 days 00:05:16.530000,0 days 01:00:53.138000
2024-05-19 13:08:33.584,OnTrack,2967,-686,791,pos,0 days 00:05:16.990000,0 days 01:00:53.598000
2024-05-19 13:08:33.704,OnTrack,2940,-640,791,pos,0 days 00:05:17.110000,0 days 01:00:53.718000
2024-05-19 13:08:33.884,OnTrack,2896,-574,790,pos,0 days 00:05:17.290000,0 days 01:00:53.898000
2024-05-19 13:08:34.044,OnTrack,2851,-522,789,pos,0 days 00:05:17.450000,0 days 01:00:54.058000
2024-05-19 13:08:34.284,OnTrack,2776,-457,788,pos,0 days 00:05:17.690000,0 days 01:00:54.298000
2024-05-19 13:08:34.584,OnTrack,2669,-400,787,pos,0 days 00:05:17.990000,0 days 01:00:54.598000
2024-05-19 13:08:34.684,OnTrack,2631,-387,787,pos,0 days 00:05:18.090000,0 days 01:00:54.698000
2024-05-19 13:08:34.904,OnTrack,2548,-368,786,pos,0 days 00:05:18.310000,0 days 01:00:54.918000
2024-05-19 13:08:35.124,OnTrack,2463,-360,786,pos,0 days 00:05:18.530000,0 days 01:00:55.138000
2024-05-19 13:08:35.424,OnTrack,2345,-362,786,pos,0 days 00:05:18.830000,0 days 01:00:55.438000
2024-05-19 13:08:35.664,OnTrack,2251,-378,784,pos,0 days 00:05:19.070000,0 days 01:00:55.678000
2024-05-19 13:08:35.704,OnTrack,2235,-382,784,pos,0 days 00:05:19.110000,0 days 01:00:55.718000
2024-05-19 13:08:35.944,OnTrack,2082,-435,783,pos,0 days 00:05:19.350000,0 days 01:00:55.958000
2024-05-19 13:08:36.284,OnTrack,1999,-472,782,pos,0 days 00:05:19.690000,0 days 01:00:56.298000
2024-05-19 13:08:36.585,OnTrack,1866,-534,780,pos,0 days 00:05:19.991000,0 days 01:00:56.599000
2024-05-19 13:08:36.825,OnTrack,1772,-578,779,pos,0 days 00:05:20.231000,0 days 01:00:56.839000
2024-05-19 13:08:37.065,OnTrack,1657,-630,778,pos,0 days 00:05:20.471000,0 days 01:00:57.079000
2024-05-19 13:08:37.305,OnTrack,1535,-685,778,pos,0 days 00:05:20.711000,0 days 01:00:57.319000
2024-05-19 13:08:37.465,OnTrack,1452,-723,778,pos,0 days 00:05:20.871000,0 days 01:00:57.479000
2024-05-19 13:08:37.705,OnTrack,1324,-781,778,pos,0 days 00:05:21.111000,0 days 01:00:57.719000
2024-05-19 13:08:37.805,OnTrack,1269,-806,778,pos,0 days 00:05:21.211000,0 days 01:00:57.819000
2024-05-19 13:08:37.965,OnTrack,1181,-846,778,pos,0 days 00:05:21.371000,0 days 01:00:57.979000
2024-05-19 13:08:38.305,OnTrack,987,-933,778,pos,0 days 00:05:21.711000,0 days 01:00:58.319000
2024-05-19 13:08:38.525,OnTrack,799,-1016,779,pos,0 days 00:05:21.931000,0 days 01:00:58.539000
2024-05-19 13:08:38.765,OnTrack,714,-1051,779,pos,0 days 00:05:22.171000,0 days 01:00:58.779000
2024-05-19 13:08:39.145,OnTrack,384,-1189,780,pos,0 days 00:05:22.551000,0 days 01:00:59.159000
2024-05-19 13:08:39.425,OnTrack,294,-1227,781,pos,0 days 00:05:22.831000,0 days 01:00:59.439000
2024-05-19 13:08:39.665,OnTrack,139,-1293,781,pos,0 days 00:05:23.071000,0 days 01:00:59.679000
2024-05-19 13:08:39.944,OnTrack,-44,-1369,781,pos,0 days 00:05:23.350000,0 days 01:00:59.958000
2024-05-19 13:08:40.104,OnTrack,-151,-1411,781,pos,0 days 00:05:23.510000,0 days 01:01:00.118000
2024-05-19 13:08:40.424,OnTrack,-442,-1505,782,pos,0 days 00:05:23.830000,0 days 01:01:00.438000
2024-05-19 13:08:40.744,OnTrack,-600,-1542,783,pos,0 days 00:05:24.150000,0 days 01:01:00.758000
2024-05-19 13:08:40.904,OnTrack,-717,-1562,783,pos,0 days 00:05:24.310000,0 days 01:01:00.918000
2024-05-19 13:08:41.104,OnTrack,-868,-1577,783,pos,0 days 00:05:24.510000,0 days 01:01:01.118000
2024-05-19 13:08:41.364,OnTrack,-1109,-1589,784,pos,0 days 00:05:24.770000,0 days 01:01:01.378000
2024-05-19 13:08:41.684,OnTrack,-1329,-1595,785,pos,0 days 00:05:25.090000,0 days 01:01:01.698000
2024-05-19 13:08:41.864,OnTrack,-1468,-1603,786,pos,0 days 00:05:25.270000,0 days 01:01:01.878000
2024-05-19 13:08:42.044,OnTrack,-1609,-1611,786,pos,0 days 00:05:25.450000,0 days 01:01:02.058000
2024-05-19 13:08:42.244,OnTrack,-1766,-1620,787,pos,0 days 00:05:25.650000,0 days 01:01:02.258000
2024-05-19 13:08:42.464,OnTrack,-1988,-1632,788,pos,0 days 00:05:25.870000,0 days 01:01:02.478000
2024-05-19 13:08:42.764,OnTrack,-2180,-1643,788,pos,0 days 00:05:26.170000,0 days 01:01:02.778000
2024-05-19 13:08:43.065,OnTrack,-2421,-1657,790,pos,0 days 00:05:26.471000,0 days 01:01:03.079000
2024-05-19 13:08:43.325,OnTrack,-2745,-1671,791,pos,0 days 00:05:26.731000,0 days 01:01:03.339000
2024-05-19 13:08:43.585,OnTrack,-2843,-1674,791,pos,0 days 00:05:26.991000,0 days 01:01:03.599000
2024-05-19 13:08:43.845,OnTrack,-3170,-1685,793,pos,0 days 00:05:27.251000,0 days 01:01:03.859000
2024-05-19 13:08:44.225,OnTrack,-3368,-1692,793,pos,0 days 00:05:27.631000,0 days 01:01:04.239000
2024-05-19 13:08:44.405,OnTrack,-3517,-1695,794,pos,0 days 00:05:27.811000,0 days 01:01:04.419000
2024-05-19 13:08:44.685,OnTrack,-3748,-1689,795,pos,0 days 00:05:28.091000,0 days 01:01:04.699000
2024-05-19 13:08:44.925,OnTrack,-3947,-1668,796,pos,0 days 00:05:28.331000,0 days 01:01:04.939000
2024-05-19 13:08:45.065,OnTrack,-4064,-1650,797,pos,0 days 00:05:28.471000,0 days 01:01:05.079000
2024-05-19 13:08:45.385,OnTrack,-4429,-1574,799,pos,0 days 00:05:28.791000,0 days 01:01:05.399000
2024-05-19 13:08:45.625,OnTrack,-4528,-1551,799,pos,0 days 00:05:29.031000,0 days 01:01:05.639000
2024-05-19 13:08:45.925,OnTrack,-4776,-1491,801,pos,0 days 00:05:29.331000,0 days 01:01:05.939000
2024-05-19 13:08:46.125,OnTrack,-5057,-1421,804,pos,0 days 00:05:29.531000,0 days 01:01:06.139000
2024-05-19 13:08:46.464,OnTrack,-5222,-1381,805,pos,0 days 00:05:29.870000,0 days 01:01:06.478000
2024-05-19 13:08:46.844,OnTrack,-5538,-1311,807,pos,0 days 00:05:30.250000,0 days 01:01:06.858000
2024-05-19 13:08:47.044,OnTrack,-5706,-1281,809,pos,0 days 00:05:30.450000,0 days 01:01:07.058000
2024-05-19 13:08:47.284,OnTrack,-5960,-1250,811,pos,0 days 00:05:30.690000,0 days 01:01:07.298000
2024-05-19 13:08:47.684,OnTrack,-6253,-1233,815,pos,0 days 00:05:31.090000,0 days 01:01:07.698000
2024-05-19 13:08:47.844,OnTrack,-6391,-1230,814,pos,0 days 00:05:31.250000,0 days 01:01:07.858000
2024-05-19 13:08:48.064,OnTrack,-6648,-1229,815,pos,0 days 00:05:31.470000,0 days 01:01:08.078000
2024-05-19 13:08:48.404,OnTrack,-6870,-1232,816,pos,0 days 00:05:31.810000,0 days 01:01:08.418000
2024-05-19 13:08:48.704,OnTrack,-7125,-1240,817,pos,0 days 00:05:32.110000,0 days 01:01:08.718000
2024-05-19 13:08:48.764,OnTrack,-7176,-1243,817,pos,0 days 00:05:32.170000,0 days 01:01:08.778000
2024-05-19 13:08:49.104,OnTrack,-7583,-1275,818,pos,0 days 00:05:32.510000,0 days 01:01:09.118000
2024-05-19 13:08:49.424,OnTrack,-7735,-1291,818,pos,0 days 00:05:32.830000,0 days 01:01:09.438000
2024-05-19 13:08:49.625,OnTrack,-7904,-1310,818,pos,0 days 00:05:33.031000,0 days 01:01:09.639000
2024-05-19 13:08:49.805,OnTrack,-8135,-1339,818,pos,0 days 00:05:33.211000,0 days 01:01:09.819000
2024-05-19 13:08:49.985,OnTrack,-8285,-1359,819,pos,0 days 00:05:33.391000,0 days 01:01:09.999000
2024-05-19 13:08:50.345,OnTrack,-8584,-1400,819,pos,0 days 00:05:33.751000,0 days 01:01:10.359000
2024-05-19 13:08:50.525,OnTrack,-8733,-1421,819,pos,0 days 00:05:33.931000,0 days 01:01:10.539000
2024-05-19 13:08:50.725,OnTrack,-8898,-1445,819,pos,0 days 00:05:34.131000,0 days 01:01:10.739000
2024-05-19 13:08:50.905,OnTrack,-9046,-1467,819,pos,0 days 00:05:34.311000,0 days 01:01:10.919000
2024-05-19 13:08:51.065,OnTrack,-9175,-1491,819,pos,0 days 00:05:34.471000,0 days 01:01:11.079000
2024-05-19 13:08:51.385,OnTrack,-9425,-1552,819,pos,0 days 00:05:34.791000,0 days 01:01:11.399000
2024-05-19 13:08:51.585,OnTrack,-9573,-1598,819,pos,0 days 00:05:34.991000,0 days 01:01:11.599000
2024-05-19 13:08:51.825,OnTrack,-9759,-1657,818,pos,0 days 00:05:35.231000,0 days 01:01:11.839000
2024-05-19 13:08:52.125,OnTrack,-9913,-1705,819,pos,0 days 00:05:35.531000,0 days 01:01:12.139000
2024-05-19 13:08:52.425,OnTrack,-10112,-1767,818,pos,0 days 00:05:35.831000,0 days 01:01:12.439000
2024-05-19 13:08:52.845,OnTrack,-10296,-1864,818,pos,0 days 00:05:36.251000,0 days 01:01:12.859000
2024-05-19 13:08:53.244,OnTrack,-10361,-1953,818,pos,0 days 00:05:36.650000,0 days 01:01:13.258000
2024-05-19 13:08:53.464,OnTrack,-10407,-2090,819,pos,0 days 00:05:36.870000,0 days 01:01:13.478000
2024-05-19 13:08:53.804,OnTrack,-10436,-2194,819,pos,0 days 00:05:37.210000,0 days 01:01:13.818000
2024-05-19 13:08:54.104,OnTrack,-10486,-2314,819,pos,0 days 00:05:37.510000,0 days 01:01:14.118000
2024-05-19 13:08:54.164,OnTrack,-10500,-2337,819,pos,0 days 00:05:37.570000,0 days 01:01:14.178000
2024-05-19 13:08:54.384,OnTrack,-10560,-2417,818,pos,0 days 00:05:37.790000,0 days 01:01:14.398000
2024-05-19 13:08:54.624,OnTrack,-10698,-2534,819,pos,0 days 00:05:38.030000,0 days 01:01:14.638000
2024-05-19 13:08:55.104,OnTrack,-10881,-2648,820,pos,0 days 00:05:38.510000,0 days 01:01:15.118000
2024-05-19 13:08:55.524,OnTrack,-11023,-2730,821,pos,0 days 00:05:38.930000,0 days 01:01:15.538000
2024-05-19 13:08:55.744,OnTrack,-11172,-2817,823,pos,0 days 00:05:39.150000,0 days 01:01:15.758000
2024-05-19 13:08:56.084,OnTrack,-11287,-2885,824,pos,0 days 00:05:39.490000,0 days 01:01:16.098000
2024-05-19 13:08:56.405,OnTrack,-11443,-2987,824,pos,0 days 00:05:39.811000,0 days 01:01:16.419000
2024-05-19 13:08:56.605,OnTrack,-11587,-3111,825,pos,0 days 00:05:40.011000,0 days 01:01:16.619000
2024-05-19 13:08:56.925,OnTrack,-11704,-3268,825,pos,0 days 00:05:40.331000,0 days 01:01:16.939000
2024-05-19 13:08:57.445,OnTrack,-11828,-3540,827,pos,0 days 00:05:40.851000,0 days 01:01:17.459000
2024-05-19 13:08:57.685,OnTrack,-11861,-3626,827,pos,0 days 00:05:41.091000,0 days 01:01:17.699000
2024-05-19 13:08:58.025,OnTrack,-11964,-3901,828,pos,0 days 00:05:41.431000,0 days 01:01:18.039000
2024-05-19 13:08:58.405,OnTrack,-12031,-4081,829,pos,0 days 00:05:41.811000,0 days 01:01:18.419000
2024-05-19 13:08:58.685,OnTrack,-12100,-4264,829,pos,0 days 00:05:42.091000,0 days 01:01:18.699000
2024-05-19 13:08:58.885,OnTrack,-12180,-4478,830,pos,0 days 00:05:42.291000,0 days 01:01:18.899000
2024-05-19 13:08:59.205,OnTrack,-12232,-4613,830,pos,0 days 00:05:42.611000,0 days 01:01:19.219000
2024-05-19 13:08:59.524,OnTrack,-12314,-4833,831,pos,0 days 00:05:42.930000,0 days 01:01:19.538000
2024-05-19 13:08:59.704,OnTrack,-12361,-4957,831,pos,0 days 00:05:43.110000,0 days 01:01:19.718000
2024-05-19 13:08:59.904,OnTrack,-12413,-5097,832,pos,0 days 00:05:43.310000,0 days 01:01:19.918000
2024-05-19 13:09:00.124,OnTrack,-12471,-5252,832,pos,0 days 00:05:43.530000,0 days 01:01:20.138000
2024-05-19 13:09:00.284,OnTrack,-12514,-5367,832,pos,0 days 00:05:43.690000,0 days 01:01:20.298000
2024-05-19 13:09:00.484,OnTrack,-12568,-5510,833,pos,0 days 00:05:43.890000,0 days 01:01:20.498000
2024-05-19 13:09:00.744,OnTrack,-12660,-5757,833,pos,0 days 00:05:44.150000,0 days 01:01:20.758000
2024-05-19 13:09:01.084,OnTrack,-12732,-5945,833,pos,0 days 00:05:44.490000,0 days 01:01:21.098000
2024-05-19 13:09:01.224,OnTrack,-12771,-6047,834,pos,0 days 00:05:44.630000,0 days 01:01:21.238000
2024-05-19 13:09:01.624,OnTrack,-12886,-6336,835,pos,0 days 00:05:45.030000,0 days 01:01:21.638000
2024-05-19 13:09:01.824,OnTrack,-12959,-6508,835,pos,0 days 00:05:45.230000,0 days 01:01:21.838000
2024-05-19 13:09:02.084,OnTrack,-13025,-6665,836,pos,0 days 00:05:45.490000,0 days 01:01:22.098000
2024-05-19 13:09:02.404,OnTrack,-13113,-6888,836,pos,0 days 00:05:45.810000,0 days 01:01:22.418000
2024-05-19 13:09:02.564,OnTrack,-13142,-6990,837,pos,0 days 00:05:45.970000,0 days 01:01:22.578000
2024-05-19 13:09:02.765,OnTrack,-13161,-7118,838,pos,0 days 00:05:46.171000,0 days 01:01:22.779000
2024-05-19 13:09:03.025,OnTrack,-13147,-7367,839,pos,0 days 00:05:46.431000,0 days 01:01:23.039000
2024-05-19 13:09:03.285,OnTrack,-13130,-7457,840,pos,0 days 00:05:46.691000,0 days 01:01:23.299000
2024-05-19 13:09:03.625,OnTrack,-13082,-7661,841,pos,0 days 00:05:47.031000,0 days 01:01:23.639000
2024-05-19 13:09:03.785,OnTrack,-13061,-7747,842,pos,0 days 00:05:47.191000,0 days 01:01:23.799000
2024-05-19 13:09:03.985,OnTrack,-13039,-7850,843,pos,0 days 00:05:47.391000,0 days 01:01:23.999000
2024-05-19 13:09:04.245,OnTrack,-13024,-7972,843,pos,0 days 00:05:47.651000,0 days 01:01:24.259000
2024-05-19 13:09:04.445,OnTrack,-13046,-8116,844,pos,0 days 00:05:47.851000,0 days 01:01:24.459000
2024-05-19 13:09:04.785,OnTrack,-13088,-8193,846,pos,0 days 00:05:48.191000,0 days 01:01:24.799000
2024-05-19 13:09:05.045,OnTrack,-13172,-8284,847,pos,0 days 00:05:48.451000,0 days 01:01:25.059000
2024-05-19 13:09:05.265,OnTrack,-13254,-8355,848,pos,0 days 00:05:48.671000,0 days 01:01:25.279000
2024-05-19 13:09:05.365,OnTrack,-13291,-8388,848,pos,0 days 00:05:48.771000,0 days 01:01:25.379000
2024-05-19 13:09:05.745,OnTrack,-13482,-8549,850,pos,0 days 00:05:49.151000,0 days 01:01:25.759000
2024-05-19 13:09:06.144,OnTrack,-13644,-8687,853,pos,0 days 00:05:49.550000,0 days 01:01:26.158000
2024-05-19 13:09:06.464,OnTrack,-13728,-8759,854,pos,0 days 00:05:49.870000,0 days 01:01:26.478000
2024-05-19 13:09:06.664,OnTrack,-13806,-8823,855,pos,0 days 00:05:50.070000,0 days 01:01:26.678000
2024-05-19 13:09:06.904,OnTrack,-13966,-8959,859,pos,0 days 00:05:50.310000,0 days 01:01:26.918000
2024-05-19 13:09:07.204,OnTrack,-14041,-9028,861,pos,0 days 00:05:50.610000,0 days 01:01:27.218000
2024-05-19 13:09:07.604,OnTrack,-14216,-9199,867,pos,0 days 00:05:51.010000,0 days 01:01:27.618000
2024-05-19 13:09:07.784,OnTrack,-14348,-9331,873,pos,0 days 00:05:51.190000,0 days 01:01:27.798000
2024-05-19 13:09:08.104,OnTrack,-14490,-9470,879,pos,0 days 00:05:51.510000,0 days 01:01:28.118000
2024-05-19 13:09:08.584,OnTrack,-14643,-9612,886,pos,0 days 00:05:51.990000,0 days 01:01:28.598000
2024-05-19 13:09:08.804,OnTrack,-14756,-9727,892,pos,0 days 00:05:52.210000,0 days 01:01:28.818000
2024-05-19 13:09:09.164,OnTrack,-14846,-9841,897,pos,0 days 00:05:52.570000,0 days 01:01:29.178000
2024-05-19 13:09:09.485,OnTrack,-14887,-9921,900,pos,0 days 00:05:52.891000,0 days 01:01:29.499000
2024-05-19 13:09:09.765,OnTrack,-14916,-10052,904,pos,0 days 00:05:53.171000,0 days 01:01:29.779000
2024-05-19 13:09:10.165,OnTrack,-14896,-10166,910,pos,0 days 00:05:53.571000,0 days 01:01:30.179000
2024-05-19 13:09:10.625,OnTrack,-14826,-10271,916,pos,0 days 00:05:54.031000,0 days 01:01:30.639000
2024-05-19 13:09:10.905,OnTrack,-14784,-10306,919,pos,0 days 00:05:54.311000,0 days 01:01:30.919000
2024-05-19 13:09:11.225,OnTrack,-14711,-10350,923,pos,0 days 00:05:54.631000,0 days 01:01:31.239000
2024-05-19 13:09:11.465,OnTrack,-14626,-10379,927,pos,0 days 00:05:54.871000,0 days 01:01:31.479000
2024-05-19 13:09:11.925,OnTrack,-14503,-10395,934,pos,0 days 00:05:55.331000,0 days 01:01:31.939000
2024-05-19 13:09:12.225,OnTrack,-14436,-10395,937,pos,0 days 00:05:55.631000,0 days 01:01:32.239000
2024-05-19 13:09:12.545,OnTrack,-14333,-10387,942,pos,0 days 00:05:55.951000,0 days 01:01:32.559000
2024-05-19 13:09:12.704,OnTrack,-14299,-10383,944,pos,0 days 00:05:56.110000,0 days 01:01:32.718000
2024-05-19 13:09:12.964,OnTrack,-14202,-10369,948,pos,0 days 00:05:56.370000,0 days 01:01:32.978000
2024-05-19 13:09:13.124,OnTrack,-14090,-10349,953,pos,0 days 00:05:56.530000,0 days 01:01:33.138000
2024-05-19 13:09:13.404,OnTrack,-14021,-10336,956,pos,0 days 00:05:56.810000,0 days 01:01:33.418000
2024-05-19 13:09:13.664,OnTrack,-13907,-10313,962,pos,0 days 00:05:57.070000,0 days 01:01:33.678000
2024-05-19 13:09:13.864,OnTrack,-13812,-10293,965,pos,0 days 00:05:57.270000,0 days 01:01:33.878000
2024-05-19 13:09:14.084,OnTrack,-13630,-10256,973,pos,0 days 00:05:57.490000,0 days 01:01:34.098000
2024-05-19 13:09:14.464,OnTrack,-13503,-10232,978,pos,0 days 00:05:57.870000,0 days 01:01:34.478000
2024-05-19 13:09:14.824,OnTrack,-13224,-10183,989,pos,0 days 00:05:58.230000,0 days 01:01:34.838000
2024-05-19 13:09:15.084,OnTrack,-13154,-10170,992,pos,0 days 00:05:58.490000,0 days 01:01:35.098000
2024-05-19 13:09:15.384,OnTrack,-12974,-10140,997,pos,0 days 00:05:58.790000,0 days 01:01:35.398000
2024-05-19 13:09:15.504,OnTrack,-12900,-10128,1000,pos,0 days 00:05:58.910000,0 days 01:01:35.518000
2024-05-19 13:09:15.704,OnTrack,-12686,-10096,1007,pos,0 days 00:05:59.110000,0 days 01:01:35.718000
2024-05-19 13:09:16.165,OnTrack,-12412,-10056,1016,pos,0 days 00:05:59.571000,0 days 01:01:36.179000
2024-05-19 13:09:16.505,OnTrack,-12251,-10033,1024,pos,0 days 00:05:59.911000,0 days 01:01:36.519000
2024-05-19 13:09:16.705,OnTrack,-12114,-10014,1032,pos,0 days 00:06:00.111000,0 days 01:01:36.719000
2024-05-19 13:09:16.965,OnTrack,-11935,-9990,1044,pos,0 days 00:06:00.371000,0 days 01:01:36.979000
2024-05-19 13:09:17.125,OnTrack,-11793,-9973,1053,pos,0 days 00:06:00.531000,0 days 01:01:37.139000
2024-05-19 13:09:17.445,OnTrack,-11566,-9948,1067,pos,0 days 00:06:00.851000,0 days 01:01:37.459000
2024-05-19 13:09:17.645,OnTrack,-11351,-9930,1082,pos,0 days 00:06:01.051000,0 days 01:01:37.659000
2024-05-19 13:09:17.945,OnTrack,-11206,-9922,1090,pos,0 days 00:06:01.351000,0 days 01:01:37.959000
2024-05-19 13:09:18.205,OnTrack,-11016,-9918,1101,pos,0 days 00:06:01.611000,0 days 01:01:38.219000
2024-05-19 13:09:18.445,OnTrack,-10841,-9920,1111,pos,0 days 00:06:01.851000,0 days 01:01:38.459000
2024-05-19 13:09:18.605,OnTrack,-10723,-9924,1116,pos,0 days 00:06:02.011000,0 days 01:01:38.619000
2024-05-19 13:09:18.845,OnTrack,-10547,-9936,1121,pos,0 days 00:06:02.251000,0 days 01:01:38.859000
2024-05-19 13:09:19.105,OnTrack,-10296,-9961,1122,pos,0 days 00:06:02.511000,0 days 01:01:39.119000
2024-05-19 13:09:19.524,OnTrack,-10046,-9990,1121,pos,0 days 00:06:02.930000,0 days 01:01:39.538000
2024-05-19 13:09:19.604,OnTrack,-9987,-9997,1120,pos,0 days 00:06:03.010000,0 days 01:01:39.618000
2024-05-19 13:09:19.804,OnTrack,-9839,-10014,1119,pos,0 days 00:06:03.210000,0 days 01:01:39.818000
2024-05-19 13:09:20.124,OnTrack,-9604,-10040,1117,pos,0 days 00:06:03.530000,0 days 01:01:40.138000
2024-05-19 13:09:20.304,OnTrack,-9392,-10062,1115,pos,0 days 00:06:03.710000,0 days 01:01:40.318000
2024-05-19 13:09:20.664,OnTrack,-9237,-10071,1114,pos,0 days 00:06:04.070000,0 days 01:01:40.678000
2024-05-19 13:09:20.964,OnTrack,-9045,-10059,1114,pos,0 days 00:06:04.370000,0 days 01:01:40.978000
2024-05-19 13:09:21.364,OnTrack,-8866,-9999,1114,pos,0 days 00:06:04.770000,0 days 01:01:41.378000
2024-05-19 13:09:21.544,OnTrack,-8781,-9947,1112,pos,0 days 00:06:04.950000,0 days 01:01:41.558000
2024-05-19 13:09:21.624,OnTrack,-8746,-9920,1111,pos,0 days 00:06:05.030000,0 days 01:01:41.638000
2024-05-19 13:09:22.004,OnTrack,-8574,-9700,1104,pos,0 days 00:06:05.410000,0 days 01:01:42.018000
2024-05-19 13:09:22.224,OnTrack,-8546,-9648,1102,pos,0 days 00:06:05.630000,0 days 01:01:42.238000
2024-05-19 13:09:22.485,OnTrack,-8476,-9511,1098,pos,0 days 00:06:05.891000,0 days 01:01:42.499000
2024-05-19 13:09:22.705,OnTrack,-8419,-9394,1094,pos,0 days 00:06:06.111000,0 days 01:01:42.719000
2024-05-19 13:09:23.005,OnTrack,-8347,-9226,1088,pos,0 days 00:06:06.411000,0 days 01:01:43.019000
2024-05-19 13:09:23.225,OnTrack,-8294,-9059,1082,pos,0 days 00:06:06.631000,0 days 01:01:43.239000
2024-05-19 13:09:23.505,OnTrack,-8263,-8921,1077,pos,0 days 00:06:06.911000,0 days 01:01:43.519000
2024-05-19 13:09:23.765,OnTrack,-8242,-8752,1069,pos,0 days 00:06:07.171000,0 days 01:01:43.779000
2024-05-19 13:09:23.925,OnTrack,-8237,-8645,1062,pos,0 days 00:06:07.331000,0 days 01:01:43.939000
2024-05-19 13:09:24.145,OnTrack,-8240,-8496,1053,pos,0 days 00:06:07.551000,0 days 01:01:44.159000
2024-05-19 13:09:24.305,OnTrack,-8247,-8385,1045,pos,0 days 00:06:07.711000,0 days 01:01:44.319000
2024-05-19 13:09:24.545,OnTrack,-8264,-8235,1033,pos,0 days 00:06:07.951000,0 days 01:01:44.559000
2024-05-19 13:09:24.765,OnTrack,-8287,-8081,1018,pos,0 days 00:06:08.171000,0 days 01:01:44.779000
2024-05-19 13:09:24.945,OnTrack,-8310,-7954,1006,pos,0 days 00:06:08.351000,0 days 01:01:44.959000
2024-05-19 13:09:25.105,OnTrack,-8333,-7840,997,pos,0 days 00:06:08.511000,0 days 01:01:45.119000
2024-05-19 13:09:25.385,OnTrack,-8379,-7640,982,pos,0 days 00:06:08.791000,0 days 01:01:45.399000
2024-05-19 13:09:25.605,OnTrack,-8415,-7481,971,pos,0 days 00:06:09.011000,0 days 01:01:45.619000
2024-05-19 13:09:25.864,OnTrack,-8479,-7204,954,pos,0 days 00:06:09.270000,0 days 01:01:45.878000
2024-05-19 13:09:26.204,OnTrack,-8515,-7042,946,pos,0 days 00:06:09.610000,0 days 01:01:46.218000
2024-05-19 13:09:26.504,OnTrack,-8565,-6821,935,pos,0 days 00:06:09.910000,0 days 01:01:46.518000
2024-05-19 13:09:26.584,OnTrack,-8579,-6763,932,pos,0 days 00:06:09.990000,0 days 01:01:46.598000
2024-05-19 13:09:26.924,OnTrack,-8631,-6514,919,pos,0 days 00:06:10.330000,0 days 01:01:46.938000
2024-05-19 13:09:27.144,OnTrack,-8653,-6332,910,pos,0 days 00:06:10.550000,0 days 01:01:47.158000
2024-05-19 13:09:27.384,OnTrack,-8647,-6211,904,pos,0 days 00:06:10.790000,0 days 01:01:47.398000
2024-05-19 13:09:27.624,OnTrack,-8607,-6050,900,pos,0 days 00:06:11.030000,0 days 01:01:47.638000
2024-05-19 13:09:27.904,OnTrack,-8497,-5812,897,pos,0 days 00:06:11.310000,0 days 01:01:47.918000
2024-05-19 13:09:28.244,OnTrack,-8425,-5687,897,pos,0 days 00:06:11.650000,0 days 01:01:48.258000
2024-05-19 13:09:28.444,OnTrack,-8371,-5597,898,pos,0 days 00:06:11.850000,0 days 01:01:48.458000
2024-05-19 13:09:28.764,OnTrack,-8285,-5476,900,pos,0 days 00:06:12.170000,0 days 01:01:48.778000
2024-05-19 13:09:28.924,OnTrack,-8199,-5392,903,pos,0 days 00:06:12.330000,0 days 01:01:48.938000
2024-05-19 13:09:29.265,OnTrack,-8137,-5354,906,pos,0 days 00:06:12.671000,0 days 01:01:49.279000
2024-05-19 13:09:29.545,OnTrack,-8040,-5326,910,pos,0 days 00:06:12.951000,0 days 01:01:49.559000
2024-05-19 13:09:29.785,OnTrack,-7917,-5335,920,pos,0 days 00:06:13.191000,0 days 01:01:49.799000
2024-05-19 13:09:30.125,OnTrack,-7832,-5355,927,pos,0 days 00:06:13.531000,0 days 01:01:50.139000
2024-05-19 13:09:30.305,OnTrack,-7768,-5372,933,pos,0 days 00:06:13.711000,0 days 01:01:50.319000
2024-05-19 13:09:30.605,OnTrack,-7660,-5401,943,pos,0 days 00:06:14.011000,0 days 01:01:50.619000
2024-05-19 13:09:30.705,OnTrack,-7622,-5409,947,pos,0 days 00:06:14.111000,0 days 01:01:50.719000
2024-05-19 13:09:31.025,OnTrack,-7453,-5433,962,pos,0 days 00:06:14.431000,0 days 01:01:51.039000
2024-05-19 13:09:31.425,OnTrack,-7322,-5442,974,pos,0 days 00:06:14.831000,0 days 01:01:51.439000
2024-05-19 13:09:31.585,OnTrack,-7247,-5443,980,pos,0 days 00:06:14.991000,0 days 01:01:51.599000
2024-05-19 13:09:31.685,OnTrack,-7199,-5443,983,pos,0 days 00:06:15.091000,0 days 01:01:51.699000
2024-05-19 13:09:32.045,OnTrack,-6997,-5442,998,pos,0 days 00:06:15.451000,0 days 01:01:52.059000
2024-05-19 13:09:32.345,OnTrack,-6861,-5441,1006,pos,0 days 00:06:15.751000,0 days 01:01:52.359000
2024-05-19 13:09:32.664,OnTrack,-6684,-5439,1016,pos,0 days 00:06:16.070000,0 days 01:01:52.678000
2024-05-19 13:09:32.744,OnTrack,-6557,-5438,1022,pos,0 days 00:06:16.150000,0 days 01:01:52.758000
2024-05-19 13:09:33.244,OnTrack,-6341,-5437,1030,pos,0 days 00:06:16.650000,0 days 01:01:53.258000
2024-05-19 13:09:33.504,OnTrack,-6181,-5435,1035,pos,0 days 00:06:16.910000,0 days 01:01:53.518000
2024-05-19 13:09:33.704,OnTrack,-6054,-5434,1038,pos,0 days 00:06:17.110000,0 days 01:01:53.718000
2024-05-19 13:09:33.804,OnTrack,-5990,-5434,1040,pos,0 days 00:06:17.210000,0 days 01:01:53.818000
2024-05-19 13:09:34.004,OnTrack,-5860,-5433,1043,pos,0 days 00:06:17.410000,0 days 01:01:54.018000
2024-05-19 13:09:34.304,OnTrack,-5567,-5430,1052,pos,0 days 00:06:17.710000,0 days 01:01:54.318000
2024-05-19 13:09:34.604,OnTrack,-5458,-5429,1054,pos,0 days 00:06:18.010000,0 days 01:01:54.618000
2024-05-19 13:09:34.904,OnTrack,-5251,-5424,1061,pos,0 days 00:06:18.310000,0 days 01:01:54.918000
2024-05-19 13:09:35.064,OnTrack,-5036,-5411,1068,pos,0 days 00:06:18.470000,0 days 01:01:55.078000
2024-05-19 13:09:35.504,OnTrack,-4822,-5392,1073,pos,0 days 00:06:18.910000,0 days 01:01:55.518000
2024-05-19 13:09:35.745,OnTrack,-4653,-5377,1077,pos,0 days 00:06:19.151000,0 days 01:01:55.759000
2024-05-19 13:09:35.885,OnTrack,-4555,-5368,1079,pos,0 days 00:06:19.291000,0 days 01:01:55.899000
2024-05-19 13:09:36.185,OnTrack,-4244,-5343,1083,pos,0 days 00:06:19.591000,0 days 01:01:56.199000
2024-05-19 13:09:36.525,OnTrack,-4103,-5331,1084,pos,0 days 00:06:19.931000,0 days 01:01:56.539000
2024-05-19 13:09:36.805,OnTrack,-3869,-5311,1086,pos,0 days 00:06:20.211000,0 days 01:01:56.819000
2024-05-19 13:09:37.245,OnTrack,-3619,-5291,1087,pos,0 days 00:06:20.651000,0 days 01:01:57.259000
2024-05-19 13:09:37.505,OnTrack,-3508,-5283,1087,pos,0 days 00:06:20.911000,0 days 01:01:57.519000
2024-05-19 13:09:37.705,OnTrack,-3415,-5276,1088,pos,0 days 00:06:21.111000,0 days 01:01:57.719000
2024-05-19 13:09:38.065,OnTrack,-3272,-5274,1091,pos,0 days 00:06:21.471000,0 days 01:01:58.079000
2024-05-19 13:09:38.245,OnTrack,-3176,-5297,1092,pos,0 days 00:06:21.651000,0 days 01:01:58.259000
2024-05-19 13:09:38.605,OnTrack,-3107,-5347,1095,pos,0 days 00:06:22.011000,0 days 01:01:58.619000
2024-05-19 13:09:38.745,OnTrack,-3071,-5383,1096,pos,0 days 00:06:22.151000,0 days 01:01:58.759000
2024-05-19 13:09:38.965,OnTrack,-3019,-5442,1096,pos,0 days 00:06:22.371000,0 days 01:01:58.979000
2024-05-19 13:09:39.284,OnTrack,-2945,-5509,1096,pos,0 days 00:06:22.690000,0 days 01:01:59.298000
2024-05-19 13:09:39.484,OnTrack,-2856,-5554,1095,pos,0 days 00:06:22.890000,0 days 01:01:59.498000
2024-05-19 13:09:39.904,OnTrack,-2767,-5562,1094,pos,0 days 00:06:23.310000,0 days 01:01:59.918000
2024-05-19 13:09:40.204,OnTrack,-2693,-5548,1092,pos,0 days 00:06:23.610000,0 days 01:02:00.218000
2024-05-19 13:09:40.464,OnTrack,-2621,-5528,1091,pos,0 days 00:06:23.870000,0 days 01:02:00.478000
2024-05-19 13:09:40.704,OnTrack,-2555,-5505,1089,pos,0 days 00:06:24.110000,0 days 01:02:00.718000
2024-05-19 13:09:40.844,OnTrack,-2515,-5490,1088,pos,0 days 00:06:24.250000,0 days 01:02:00.858000
2024-05-19 13:09:41.004,OnTrack,-2467,-5471,1087,pos,0 days 00:06:24.410000,0 days 01:02:01.018000
2024-05-19 13:09:41.244,OnTrack,-2393,-5438,1085,pos,0 days 00:06:24.650000,0 days 01:02:01.258000
2024-05-19 13:09:41.464,OnTrack,-2318,-5402,1084,pos,0 days 00:06:24.870000,0 days 01:02:01.478000
2024-05-19 13:09:41.744,OnTrack,-2214,-5349,1081,pos,0 days 00:06:25.150000,0 days 01:02:01.758000
2024-05-19 13:09:41.844,OnTrack,-2175,-5329,1080,pos,0 days 00:06:25.250000,0 days 01:02:01.858000
2024-05-19 13:09:42.144,OnTrack,-2054,-5265,1078,pos,0 days 00:06:25.550000,0 days 01:02:02.158000
2024-05-19 13:09:42.365,OnTrack,-1959,-5214,1076,pos,0 days 00:06:25.771000,0 days 01:02:02.379000
2024-05-19 13:09:42.565,OnTrack,-1821,-5142,1073,pos,0 days 00:06:25.971000,0 days 01:02:02.579000
2024-05-19 13:09:42.965,OnTrack,-1635,-5047,1069,pos,0 days 00:06:26.371000,0 days 01:02:02.979000
2024-05-19 13:09:43.225,OnTrack,-1543,-5003,1068,pos,0 days 00:06:26.631000,0 days 01:02:03.239000
2024-05-19 13:09:43.465,OnTrack,-1415,-4944,1065,pos,0 days 00:06:26.871000,0 days 01:02:03.479000
2024-05-19 13:09:43.705,OnTrack,-1283,-4884,1063,pos,0 days 00:06:27.111000,0 days 01:02:03.719000
2024-05-19 13:09:44.005,OnTrack,-1104,-4798,1059,pos,0 days 00:06:27.411000,0 days 01:02:04.019000
2024-05-19 13:09:44.245,OnTrack,-980,-4730,1057,pos,0 days 00:06:27.651000,0 days 01:02:04.259000
2024-05-19 13:09:44.425,OnTrack,-880,-4671,1055,pos,0 days 00:06:27.831000,0 days 01:02:04.439000
2024-05-19 13:09:44.645,OnTrack,-759,-4592,1051,pos,0 days 00:06:28.051000,0 days 01:02:04.659000
2024-05-19 13:09:44.965,OnTrack,-581,-4468,1046,pos,0 days 00:06:28.371000,0 days 01:02:04.979000
2024-05-19 13:09:45.145,OnTrack,-424,-4353,1041,pos,0 days 00:06:28.551000,0 days 01:02:05.159000
2024-05-19 13:09:45.585,OnTrack,-234,-4206,1035,pos,0 days 00:06:28.991000,0 days 01:02:05.599000
2024-05-19 13:09:45.764,OnTrack,-134,-4124,1032,pos,0 days 00:06:29.170000,0 days 01:02:05.778000
2024-05-19 13:09:45.944,OnTrack,-36,-4039,1030,pos,0 days 00:06:29.350000,0 days 01:02:05.958000
2024-05-19 13:09:46.204,OnTrack,102,-3908,1026,pos,0 days 00:06:29.610000,0 days 01:02:06.218000
2024-05-19 13:09:46.424,OnTrack,286,-3718,1021,pos,0 days 00:06:29.830000,0 days 01:02:06.438000
2024-05-19 13:09:46.804,OnTrack,448,-3539,1015,pos,0 days 00:06:30.210000,0 days 01:02:06.818000
2024-05-19 13:09:46.944,OnTrack,580,-3392,1008,pos,0 days 00:06:30.350000,0 days 01:02:06.958000
2024-05-19 13:09:47.424,OnTrack,828,-3118,993,pos,0 days 00:06:30.830000,0 days 01:02:07.438000
2024-05-19 13:09:47.824,OnTrack,975,-2956,982,pos,0 days 00:06:31.230000,0 days 01:02:07.838000
2024-05-19 13:09:47.904,OnTrack,1017,-2909,978,pos,0 days 00:06:31.310000,0 days 01:02:07.918000
2024-05-19 13:09:48.224,OnTrack,1186,-2722,964,pos,0 days 00:06:31.630000,0 days 01:02:08.238000
2024-05-19 13:09:48.424,OnTrack,1294,-2606,954,pos,0 days 00:06:31.830000,0 days 01:02:08.438000
2024-05-19 13:09:48.604,OnTrack,1392,-2504,945,pos,0 days 00:06:32.010000,0 days 01:02:08.618000
2024-05-19 13:09:48.845,OnTrack,1529,-2377,933,pos,0 days 00:06:32.251000,0 days 01:02:08.859000
2024-05-19 13:09:49.045,OnTrack,1669,-2271,921,pos,0 days 00:06:32.451000,0 days 01:02:09.059000
2024-05-19 13:09:49.265,OnTrack,1821,-2178,909,pos,0 days 00:06:32.671000,0 days 01:02:09.279000
2024-05-19 13:09:49.465,OnTrack,2060,-2070,891,pos,0 days 00:06:32.871000,0 days 01:02:09.479000
2024-05-19 13:09:49.805,OnTrack,2205,-2012,879,pos,0 days 00:06:33.211000,0 days 01:02:09.819000
2024-05-19 13:09:50.105,OnTrack,2412,-1929,864,pos,0 days 00:06:33.511000,0 days 01:02:10.119000
2024-05-19 13:09:50.265,OnTrack,2590,-1856,850,pos,0 days 00:06:33.671000,0 days 01:02:10.279000
2024-05-19 13:09:50.685,OnTrack,2815,-1764,834,pos,0 days 00:06:34.091000,0 days 01:02:10.699000
2024-05-19 13:09:51.045,OnTrack,2922,-1718,827,pos,0 days 00:06:34.451000,0 days 01:02:11.059000
2024-05-19 13:09:51.325,OnTrack,3029,-1659,820,pos,0 days 00:06:34.731000,0 days 01:02:11.339000
2024-05-19 13:09:51.485,OnTrack,3075,-1624,817,pos,0 days 00:06:34.891000,0 days 01:02:11.499000
2024-05-19 13:09:51.725,OnTrack,3131,-1561,813,pos,0 days 00:06:35.131000,0 days 01:02:11.739000
2024-05-19 13:09:51.925,OnTrack,3163,-1501,809,pos,0 days 00:06:35.331000,0 days 01:02:11.939000
2024-05-19 13:09:52.025,OnTrack,3175,-1470,809,pos,0 days 00:06:35.431000,0 days 01:02:12.039000
2024-05-19 13:09:52.224,OnTrack,3188,-1404,806,pos,0 days 00:06:35.630000,0 days 01:02:12.238000
2024-05-19 13:09:52.424,OnTrack,3190,-1339,803,pos,0 days 00:06:35.830000,0 days 01:02:12.438000
2024-05-19 13:09:52.624,OnTrack,3183,-1273,801,pos,0 days 00:06:36.030000,0 days 01:02:12.638000
2024-05-19 13:09:52.964,OnTrack,3157,-1164,798,pos,0 days 00:06:36.370000,0 days 01:02:12.978000
2024-05-19 13:09:53.024,OnTrack,3151,-1144,797,pos,0 days 00:06:36.430000,0 days 01:02:13.038000
2024-05-19 13:09:53.304,OnTrack,3122,-1053,795,pos,0 days 00:06:36.710000,0 days 01:02:13.318000
2024-05-19 13:09:53.524,OnTrack,3097,-980,794,pos,0 days 00:06:36.930000,0 days 01:02:13.538000
2024-05-19 13:09:53.804,OnTrack,3060,-882,793,pos,0 days 00:06:37.210000,0 days 01:02:13.818000
2024-05-19 13:09:53.884,OnTrack,3048,-852,793,pos,0 days 00:06:37.290000,0 days 01:02:13.898000
2024-05-19 13:09:54.164,OnTrack,2998,-746,792,pos,0 days 00:06:37.570000,0 days 01:02:14.178000
2024-05-19 13:09:54.364,OnTrack,2957,-668,791,pos,0 days 00:06:37.770000,0 days 01:02:14.378000
2024-05-19 13:09:54.544,OnTrack,2878,-552,789,pos,0 days 00:06:37.950000,0 days 01:02:14.558000
2024-05-19 13:09:54.924,OnTrack,2808,-481,788,pos,0 days 00:06:38.330000,0 days 01:02:14.938000
2024-05-19 13:09:55.164,OnTrack,2677,-403,787,pos,0 days 00:06:38.570000,0 days 01:02:15.178000
2024-05-19 13:09:55.525,OnTrack,2595,-377,787,pos,0 days 00:06:38.931000,0 days 01:02:15.539000
2024-05-19 13:09:55.825,OnTrack,2457,-359,786,pos,0 days 00:06:39.231000,0 days 01:02:15.839000
2024-05-19 13:09:56.125,OnTrack,2362,-361,786,pos,0 days 00:06:39.531000,0 days 01:02:16.139000
2024-05-19 13:09:56.325,OnTrack,2282,-371,785,pos,0 days 00:06:39.731000,0 days 01:02:16.339000
2024-05-19 13:09:56.525,OnTrack,2202,-390,784,pos,0 days 00:06:39.931000,0 days 01:02:16.539000
2024-05-19 13:09:56.845,OnTrack,2044,-451,782,pos,0 days 00:06:40.251000,0 days 01:02:16.859000
2024-05-19 13:09:57.145,OnTrack,1941,-499,781,pos,0 days 00:06:40.551000,0 days 01:02:17.159000
2024-05-19 13:09:57.385,OnTrack,1833,-550,780,pos,0 days 00:06:40.791000,0 days 01:02:17.399000
2024-05-19 13:09:57.545,OnTrack,1758,-584,779,pos,0 days 00:06:40.951000,0 days 01:02:17.559000
2024-05-19 13:09:57.725,OnTrack,1671,-623,778,pos,0 days 00:06:41.131000,0 days 01:02:17.739000
2024-05-19 13:09:57.905,OnTrack,1582,-664,778,pos,0 days 00:06:41.311000,0 days 01:02:17.919000
2024-05-19 13:09:58.185,OnTrack,1438,-729,778,pos,0 days 00:06:41.591000,0 days 01:02:18.199000
2024-05-19 13:09:58.385,OnTrack,1332,-777,778,pos,0 days 00:06:41.791000,0 days 01:02:18.399000
2024-05-19 13:09:58.685,OnTrack,1167,-852,778,pos,0 days 00:06:42.091000,0 days 01:02:18.699000
2024-05-19 13:09:58.864,OnTrack,1066,-898,778,pos,0 days 00:06:42.270000,0 days 01:02:18.878000
2024-05-19 13:09:59.024,OnTrack,974,-939,778,pos,0 days 00:06:42.430000,0 days 01:02:19.038000
2024-05-19 13:09:59.184,OnTrack,881,-980,779,pos,0 days 00:06:42.590000,0 days 01:02:19.198000
2024-05-19 13:09:59.404,OnTrack,750,-1036,779,pos,0 days 00:06:42.810000,0 days 01:02:19.418000
2024-05-19 13:09:59.624,OnTrack,625,-1088,780,pos,0 days 00:06:43.030000,0 days 01:02:19.638000
2024-05-19 13:09:59.804,OnTrack,514,-1135,780,pos,0 days 00:06:43.210000,0 days 01:02:19.818000
2024-05-19 13:10:00.064,OnTrack,275,-1235,781,pos,0 days 00:06:43.470000,0 days 01:02:20.078000
2024-05-19 13:10:00.324,OnTrack,185,-1274,781,pos,0 days 00:06:43.730000,0 days 01:02:20.338000
2024-05-19 13:10:00.704,OnTrack,-158,-1413,781,pos,0 days 00:06:44.110000,0 days 01:02:20.718000
2024-05-19 13:10:01.064,OnTrack,-308,-1466,782,pos,0 days 00:06:44.470000,0 days 01:02:21.078000
2024-05-19 13:10:01.324,OnTrack,-492,-1518,783,pos,0 days 00:06:44.730000,0 days 01:02:21.338000
2024-05-19 13:10:01.364,OnTrack,-520,-1525,783,pos,0 days 00:06:44.770000,0 days 01:02:21.378000
2024-05-19 13:10:01.624,OnTrack,-709,-1561,783,pos,0 days 00:06:45.030000,0 days 01:02:21.638000
2024-05-19 13:10:01.824,OnTrack,-860,-1576,783,pos,0 days 00:06:45.230000,0 days 01:02:21.838000
2024-05-19 13:10:02.005,OnTrack,-1039,-1586,784,pos,0 days 00:06:45.411000,0 days 01:02:22.019000
2024-05-19 13:10:02.305,OnTrack,-1337,-1595,785,pos,0 days 00:06:45.711000,0 days 01:02:22.319000
2024-05-19 13:10:02.765,OnTrack,-1633,-1613,786,pos,0 days 00:06:46.171000,0 days 01:02:22.779000
2024-05-19 13:10:02.985,OnTrack,-1774,-1620,787,pos,0 days 00:06:46.391000,0 days 01:02:22.999000
2024-05-19 13:10:03.225,OnTrack,-1963,-1631,788,pos,0 days 00:06:46.631000,0 days 01:02:23.239000
2024-05-19 13:10:03.545,OnTrack,-2282,-1649,789,pos,0 days 00:06:46.951000,0 days 01:02:23.559000
2024-05-19 13:10:03.885,OnTrack,-2491,-1661,790,pos,0 days 00:06:47.291000,0 days 01:02:23.899000
2024-05-19 13:10:04.125,OnTrack,-2685,-1669,791,pos,0 days 00:06:47.531000,0 days 01:02:24.139000
2024-05-19 13:10:04.365,OnTrack,-2945,-1677,792,pos,0 days 00:06:47.771000,0 days 01:02:24.379000
2024-05-19 13:10:04.685,OnTrack,-3142,-1684,793,pos,0 days 00:06:48.091000,0 days 01:02:24.699000
2024-05-19 13:10:04.965,OnTrack,-3372,-1693,794,pos,0 days 00:06:48.371000,0 days 01:02:24.979000
2024-05-19 13:10:05.165,OnTrack,-3537,-1695,794,pos,0 days 00:06:48.571000,0 days 01:02:25.179000
2024-05-19 13:10:05.384,OnTrack,-3801,-1685,795,pos,0 days 00:06:48.790000,0 days 01:02:25.398000
2024-05-19 13:10:05.824,OnTrack,-4083,-1646,797,pos,0 days 00:06:49.230000,0 days 01:02:25.838000
2024-05-19 13:10:06.044,OnTrack,-4365,-1589,798,pos,0 days 00:06:49.450000,0 days 01:02:26.058000
2024-05-19 13:10:06.344,OnTrack,-4513,-1554,799,pos,0 days 00:06:49.750000,0 days 01:02:26.358000
2024-05-19 13:10:06.604,OnTrack,-4809,-1483,801,pos,0 days 00:06:50.010000,0 days 01:02:26.618000
2024-05-19 13:10:06.944,OnTrack,-5006,-1434,803,pos,0 days 00:06:50.350000,0 days 01:02:26.958000
2024-05-19 13:10:07.124,OnTrack,-5155,-1397,804,pos,0 days 00:06:50.530000,0 days 01:02:27.138000
2024-05-19 13:10:07.424,OnTrack,-5403,-1339,806,pos,0 days 00:06:50.830000,0 days 01:02:27.438000
2024-05-19 13:10:07.604,OnTrack,-5552,-1308,808,pos,0 days 00:06:51.010000,0 days 01:02:27.618000
2024-05-19 13:10:07.844,OnTrack,-5703,-1283,809,pos,0 days 00:06:51.250000,0 days 01:02:27.858000
2024-05-19 13:10:08.244,OnTrack,-6093,-1240,812,pos,0 days 00:06:51.650000,0 days 01:02:28.258000
2024-05-19 13:10:08.525,OnTrack,-6213,-1235,814,pos,0 days 00:06:51.931000,0 days 01:02:28.539000
2024-05-19 13:10:08.805,OnTrack,-6452,-1230,814,pos,0 days 00:06:52.211000,0 days 01:02:28.819000
2024-05-19 13:10:09.045,OnTrack,-6759,-1230,816,pos,0 days 00:06:52.451000,0 days 01:02:29.059000
2024-05-19 13:10:09.405,OnTrack,-6963,-1234,817,pos,0 days 00:06:52.811000,0 days 01:02:29.419000
2024-05-19 13:10:09.705,OnTrack,-7335,-1253,818,pos,0 days 00:06:53.111000,0 days 01:02:29.719000
2024-05-19 13:10:10.045,OnTrack,-7504,-1267,818,pos,0 days 00:06:53.451000,0 days 01:02:30.059000
2024-05-19 13:10:10.285,OnTrack,-7705,-1288,818,pos,0 days 00:06:53.691000,0 days 01:02:30.299000
2024-05-19 13:10:10.505,OnTrack,-8087,-1333,818,pos,0 days 00:06:53.911000,0 days 01:02:30.519000
2024-05-19 13:10:10.665,OnTrack,-8320,-1364,819,pos,0 days 00:06:54.071000,0 days 01:02:30.679000
2024-05-19 13:10:11.005,OnTrack,-8502,-1389,819,pos,0 days 00:06:54.411000,0 days 01:02:31.019000
2024-05-19 13:10:11.265,OnTrack,-8717,-1419,819,pos,0 days 00:06:54.671000,0 days 01:02:31.279000
2024-05-19 13:10:11.565,OnTrack,-8963,-1454,819,pos,0 days 00:06:54.971000,0 days 01:02:31.579000
2024-05-19 13:10:11.765,OnTrack,-9125,-1481,819,pos,0 days 00:06:55.171000,0 days 01:02:31.779000
2024-05-19 13:10:11.925,OnTrack,-9251,-1507,819,pos,0 days 00:06:55.331000,0 days 01:02:31.939000
2024-05-19 13:10:12.104,OnTrack,-9390,-1542,819,pos,0 days 00:06:55.510000,0 days 01:02:32.118000
2024-05-19 13:10:12.324,OnTrack,-9556,-1593,819,pos,0 days 00:06:55.730000,0 days 01:02:32.338000
2024-05-19 13:10:12.564,OnTrack,-9724,-1646,818,pos,0 days 00:06:55.970000,0 days 01:02:32.578000
2024-05-19 13:10:12.724,OnTrack,-9885,-1697,818,pos,0 days 00:06:56.130000,0 days 01:02:32.738000
2024-05-19 13:10:13.104,OnTrack,-10040,-1745,819,pos,0 days 00:06:56.510000,0 days 01:02:33.118000
2024-05-19 13:10:13.404,OnTrack,-10155,-1781,818,pos,0 days 00:06:56.810000,0 days 01:02:33.418000
2024-05-19 13:10:13.564,OnTrack,-10220,-1809,818,pos,0 days 00:06:56.970000,0 days 01:02:33.578000
2024-05-19 13:10:13.844,OnTrack,-10326,-1897,818,pos,0 days 00:06:57.250000,0 days 01:02:33.858000
2024-05-19 13:10:14.204,OnTrack,-10402,-2072,818,pos,0 days 00:06:57.610000,0 days 01:02:34.218000
2024-05-19 13:10:14.684,OnTrack,-10455,-2249,819,pos,0 days 00:06:58.090000,0 days 01:02:34.698000
2024-05-19 13:10:14.984,OnTrack,-10499,-2335,819,pos,0 days 00:06:58.390000,0 days 01:02:34.998000
2024-05-19 13:10:15.305,OnTrack,-10593,-2450,818,pos,0 days 00:06:58.711000,0 days 01:02:35.319000
2024-05-19 13:10:15.505,OnTrack,-10666,-2511,818,pos,0 days 00:06:58.911000,0 days 01:02:35.519000
2024-05-19 13:10:15.565,OnTrack,-10689,-2528,819,pos,0 days 00:06:58.971000,0 days 01:02:35.579000
2024-05-19 13:10:15.785,OnTrack,-10779,-2587,819,pos,0 days 00:06:59.191000,0 days 01:02:35.799000
2024-05-19 13:10:16.065,OnTrack,-10945,-2685,821,pos,0 days 00:06:59.471000,0 days 01:02:36.079000
2024-05-19 13:10:16.345,OnTrack,-11027,-2732,821,pos,0 days 00:06:59.751000,0 days 01:02:36.359000
2024-05-19 13:10:16.625,OnTrack,-11158,-2808,822,pos,0 days 00:07:00.031000,0 days 01:02:36.639000
2024-05-19 13:10:16.825,OnTrack,-11254,-2865,823,pos,0 days 00:07:00.231000,0 days 01:02:36.839000
2024-05-19 13:10:17.005,OnTrack,-11342,-2919,824,pos,0 days 00:07:00.411000,0 days 01:02:37.019000
2024-05-19 13:10:17.325,OnTrack,-11497,-3028,825,pos,0 days 00:07:00.731000,0 days 01:02:37.339000
2024-05-19 13:10:17.545,OnTrack,-11593,-3118,825,pos,0 days 00:07:00.951000,0 days 01:02:37.559000
2024-05-19 13:10:17.745,OnTrack,-11716,-3289,825,pos,0 days 00:07:01.151000,0 days 01:02:37.759000
2024-05-19 13:10:18.125,OnTrack,-11785,-3432,826,pos,0 days 00:07:01.531000,0 days 01:02:38.139000
2024-05-19 13:10:18.365,OnTrack,-11843,-3579,827,pos,0 days 00:07:01.771000,0 days 01:02:38.379000
2024-05-19 13:10:18.445,OnTrack,-11862,-3629,827,pos,0 days 00:07:01.851000,0 days 01:02:38.459000
2024-05-19 13:10:18.624,OnTrack,-11904,-3741,828,pos,0 days 00:07:02.030000,0 days 01:02:38.638000
2024-05-19 13:10:18.864,OnTrack,-11960,-3892,828,pos,0 days 00:07:02.270000,0 days 01:02:38.878000
2024-05-19 13:10:19.204,OnTrack,-12077,-4203,829,pos,0 days 00:07:02.610000,0 days 01:02:39.218000
2024-05-19 13:10:19.504,OnTrack,-12117,-4308,829,pos,0 days 00:07:02.910000,0 days 01:02:39.518000
2024-05-19 13:10:19.824,OnTrack,-12223,-4590,830,pos,0 days 00:07:03.230000,0 days 01:02:39.838000
2024-05-19 13:10:20.124,OnTrack,-12274,-4726,831,pos,0 days 00:07:03.530000,0 days 01:02:40.138000
2024-05-19 13:10:20.284,OnTrack,-12315,-4836,831,pos,0 days 00:07:03.690000,0 days 01:02:40.298000
2024-05-19 13:10:20.644,OnTrack,-12409,-5087,832,pos,0 days 00:07:04.050000,0 days 01:02:40.658000
2024-05-19 13:10:20.764,OnTrack,-12440,-5172,832,pos,0 days 00:07:04.170000,0 days 01:02:40.778000
2024-05-19 13:10:21.004,OnTrack,-12542,-5442,832,pos,0 days 00:07:04.410000,0 days 01:02:41.018000
2024-05-19 13:10:21.324,OnTrack,-12591,-5572,833,pos,0 days 00:07:04.730000,0 days 01:02:41.338000
2024-05-19 13:10:21.564,OnTrack,-12656,-5745,833,pos,0 days 00:07:04.970000,0 days 01:02:41.578000
2024-05-19 13:10:21.725,OnTrack,-12700,-5861,833,pos,0 days 00:07:05.131000,0 days 01:02:41.739000
2024-05-19 13:10:21.945,OnTrack,-12761,-6021,834,pos,0 days 00:07:05.351000,0 days 01:02:41.959000
2024-05-19 13:10:22.225,OnTrack,-12840,-6223,835,pos,0 days 00:07:05.631000,0 days 01:02:42.239000
2024-05-19 13:10:22.405,OnTrack,-12893,-6353,835,pos,0 days 00:07:05.811000,0 days 01:02:42.419000
2024-05-19 13:10:22.605,OnTrack,-12954,-6496,835,pos,0 days 00:07:06.011000,0 days 01:02:42.619000
2024-05-19 13:10:22.805,OnTrack,-13014,-6639,836,pos,0 days 00:07:06.211000,0 days 01:02:42.819000
2024-05-19 13:10:22.985,OnTrack,-13066,-6765,836,pos,0 days 00:07:06.391000,0 days 01:02:42.999000
2024-05-19 13:10:23.165,OnTrack,-13112,-6886,836,pos,0 days 00:07:06.571000,0 days 01:02:43.179000
2024-05-19 13:10:23.465,OnTrack,-13158,-7082,837,pos,0 days 00:07:06.871000,0 days 01:02:43.479000
2024-05-19 13:10:23.665,OnTrack,-13157,-7289,838,pos,0 days 00:07:07.071000,0 days 01:02:43.679000
2024-05-19 13:10:24.005,OnTrack,-13136,-7428,840,pos,0 days 00:07:07.411000,0 days 01:02:44.019000
2024-05-19 13:10:24.365,OnTrack,-13081,-7664,841,pos,0 days 00:07:07.771000,0 days 01:02:44.379000
2024-05-19 13:10:24.605,OnTrack,-13056,-7771,842,pos,0 days 00:07:08.011000,0 days 01:02:44.619000
2024-05-19 13:10:25.005,OnTrack,-13024,-7962,843,pos,0 days 00:07:08.411000,0 days 01:02:45.019000
2024-05-19 13:10:25.204,OnTrack,-13033,-8074,844,pos,0 days 00:07:08.610000,0 days 01:02:45.218000
2024-05-19 13:10:25.424,OnTrack,-13056,-8138,845,pos,0 days 00:07:08.830000,0 days 01:02:45.438000
2024-05-19 13:10:25.684,OnTrack,-13121,-8232,846,pos,0 days 00:07:09.090000,0 days 01:02:45.698000
2024-05-19 13:10:25.984,OnTrack,-13226,-8331,847,pos,0 days 00:07:09.390000,0 days 01:02:45.998000
2024-05-19 13:10:26.224,OnTrack,-13364,-8451,849,pos,0 days 00:07:09.630000,0 days 01:02:46.238000
2024-05-19 13:10:26.644,OnTrack,-13487,-8554,851,pos,0 days 00:07:10.050000,0 days 01:02:46.658000
2024-05-19 13:10:26.864,OnTrack,-13558,-8614,851,pos,0 days 00:07:10.270000,0 days 01:02:46.878000
2024-05-19 13:10:27.144,OnTrack,-13672,-8711,853,pos,0 days 00:07:10.550000,0 days 01:02:47.158000
2024-05-19 13:10:27.464,OnTrack,-13813,-8829,855,pos,0 days 00:07:10.870000,0 days 01:02:47.478000
2024-05-19 13:10:27.684,OnTrack,-13876,-8882,857,pos,0 days 00:07:11.090000,0 days 01:02:47.698000
2024-05-19 13:10:27.904,OnTrack,-13974,-8967,859,pos,0 days 00:07:11.310000,0 days 01:02:47.918000
2024-05-19 13:10:28.265,OnTrack,-14179,-9163,865,pos,0 days 00:07:11.671000,0 days 01:02:48.279000
2024-05-19 13:10:28.545,OnTrack,-14257,-9240,869,pos,0 days 00:07:11.951000,0 days 01:02:48.559000
2024-05-19 13:10:28.745,OnTrack,-14344,-9327,872,pos,0 days 00:07:12.151000,0 days 01:02:48.759000
2024-05-19 13:10:29.065,OnTrack,-14486,-9466,880,pos,0 days 00:07:12.471000,0 days 01:02:49.079000
2024-05-19 13:10:29.245,OnTrack,-14604,-9575,885,pos,0 days 00:07:12.651000,0 days 01:02:49.259000
2024-05-19 13:10:29.665,OnTrack,-14745,-9715,891,pos,0 days 00:07:13.071000,0 days 01:02:49.679000
2024-05-19 13:10:30.105,OnTrack,-14838,-9829,897,pos,0 days 00:07:13.511000,0 days 01:02:50.119000
2024-05-19 13:10:30.305,OnTrack,-14880,-9905,899,pos,0 days 00:07:13.711000,0 days 01:02:50.319000
2024-05-19 13:10:30.645,OnTrack,-14910,-10001,902,pos,0 days 00:07:14.051000,0 days 01:02:50.659000
2024-05-19 13:10:30.825,OnTrack,-14916,-10056,904,pos,0 days 00:07:14.231000,0 days 01:02:50.839000
2024-05-19 13:10:30.985,OnTrack,-14913,-10104,906,pos,0 days 00:07:14.391000,0 days 01:02:50.999000
2024-05-19 13:10:31.305,OnTrack,-14869,-10218,913,pos,0 days 00:07:14.711000,0 days 01:02:51.319000
2024-05-19 13:10:31.705,OnTrack,-14799,-10295,918,pos,0 days 00:07:15.111000,0 days 01:02:51.719000
2024-05-19 13:10:32.064,OnTrack,-14736,-10338,922,pos,0 days 00:07:15.470000,0 days 01:02:52.078000
2024-05-19 13:10:32.344,OnTrack,-14665,-10368,925,pos,0 days 00:07:15.750000,0 days 01:02:52.358000
2024-05-19 13:10:32.584,OnTrack,-14566,-10390,930,pos,0 days 00:07:15.990000,0 days 01:02:52.598000
2024-05-19 13:10:32.824,OnTrack,-14530,-10394,933,pos,0 days 00:07:16.230000,0 days 01:02:52.838000
2024-05-19 13:10:33.024,OnTrack,-14468,-10396,936,pos,0 days 00:07:16.430000,0 days 01:02:53.038000
2024-05-19 13:10:33.284,OnTrack,-14385,-10392,939,pos,0 days 00:07:16.690000,0 days 01:02:53.298000
2024-05-19 13:10:33.544,OnTrack,-14279,-10380,945,pos,0 days 00:07:16.950000,0 days 01:02:53.558000
2024-05-19 13:10:33.964,OnTrack,-14156,-10361,950,pos,0 days 00:07:17.370000,0 days 01:02:53.978000
2024-05-19 13:10:34.204,OnTrack,-13996,-10331,957,pos,0 days 00:07:17.610000,0 days 01:02:54.218000
2024-05-19 13:10:34.524,OnTrack,-13848,-10300,964,pos,0 days 00:07:17.930000,0 days 01:02:54.538000
2024-05-19 13:10:35.025,OnTrack,-13668,-10264,972,pos,0 days 00:07:18.431000,0 days 01:02:55.039000
2024-05-19 13:10:35.105,OnTrack,-13626,-10256,973,pos,0 days 00:07:18.511000,0 days 01:02:55.119000
2024-05-19 13:10:35.425,OnTrack,-13388,-10212,983,pos,0 days 00:07:18.831000,0 days 01:02:55.439000
2024-05-19 13:10:35.665,OnTrack,-13320,-10200,986,pos,0 days 00:07:19.071000,0 days 01:02:55.679000
2024-05-19 13:10:35.985,OnTrack,-13135,-10167,992,pos,0 days 00:07:19.391000,0 days 01:02:55.999000
2024-05-19 13:10:36.145,OnTrack,-12953,-10136,998,pos,0 days 00:07:19.551000,0 days 01:02:56.159000
2024-05-19 13:10:36.685,OnTrack,-12613,-10084,1009,pos,0 days 00:07:20.091000,0 days 01:02:56.699000
2024-05-19 13:10:36.965,OnTrack,-12522,-10071,1012,pos,0 days 00:07:20.371000,0 days 01:02:56.979000
2024-05-19 13:10:37.265,OnTrack,-12323,-10043,1020,pos,0 days 00:07:20.671000,0 days 01:02:57.279000
2024-05-19 13:10:37.505,OnTrack,-12161,-10021,1029,pos,0 days 00:07:20.911000,0 days 01:02:57.519000
2024-05-19 13:10:37.685,OnTrack,-12010,-10000,1038,pos,0 days 00:07:21.091000,0 days 01:02:57.699000
2024-05-19 13:10:37.965,OnTrack,-11808,-9974,1052,pos,0 days 00:07:21.371000,0 days 01:02:57.979000
2024-05-19 13:10:38.125,OnTrack,-11695,-9962,1060,pos,0 days 00:07:21.531000,0 days 01:02:58.139000
2024-05-19 13:10:38.364,OnTrack,-11524,-9944,1070,pos,0 days 00:07:21.770000,0 days 01:02:58.378000
2024-05-19 13:10:38.544,OnTrack,-11395,-9933,1079,pos,0 days 00:07:21.950000,0 days 01:02:58.558000
2024-05-19 13:10:38.844,OnTrack,-11178,-9921,1091,pos,0 days 00:07:22.250000,0 days 01:02:58.858000
2024-05-19 13:10:39.124,OnTrack,-10886,-9919,1109,pos,0 days 00:07:22.530000,0 days 01:02:59.138000
2024-05-19 13:10:39.544,OnTrack,-10593,-9932,1120,pos,0 days 00:07:22.950000,0 days 01:02:59.558000
2024-05-19 13:10:39.944,OnTrack,-10372,-9953,1122,pos,0 days 00:07:23.350000,0 days 01:02:59.958000
2024-05-19 13:10:40.144,OnTrack,-10181,-9974,1122,pos,0 days 00:07:23.550000,0 days 01:03:00.158000
2024-05-19 13:10:40.504,OnTrack,-9961,-10000,1120,pos,0 days 00:07:23.910000,0 days 01:03:00.518000
2024-05-19 13:10:40.784,OnTrack,-9725,-10027,1118,pos,0 days 00:07:24.190000,0 days 01:03:00.798000
2024-05-19 13:10:41.204,OnTrack,-9451,-10056,1116,pos,0 days 00:07:24.610000,0 days 01:03:01.218000
2024-05-19 13:10:41.385,OnTrack,-9303,-10068,1115,pos,0 days 00:07:24.791000,0 days 01:03:01.399000
2024-05-19 13:10:41.705,OnTrack,-9164,-10070,1114,pos,0 days 00:07:25.111000,0 days 01:03:01.719000
2024-05-19 13:10:41.925,OnTrack,-9041,-10058,1114,pos,0 days 00:07:25.331000,0 days 01:03:01.939000
2024-05-19 13:10:42.225,OnTrack,-8846,-9989,1114,pos,0 days 00:07:25.631000,0 days 01:03:02.239000
2024-05-19 13:10:42.505,OnTrack,-8756,-9928,1111,pos,0 days 00:07:25.911000,0 days 01:03:02.519000
2024-05-19 13:10:42.765,OnTrack,-8656,-9828,1107,pos,0 days 00:07:26.171000,0 days 01:03:02.779000
2024-05-19 13:10:42.965,OnTrack,-8592,-9732,1105,pos,0 days 00:07:26.371000,0 days 01:03:02.979000
2024-05-19 13:10:43.065,OnTrack,-8562,-9680,1103,pos,0 days 00:07:26.471000,0 days 01:03:03.079000
2024-05-19 13:10:43.285,OnTrack,-8502,-9563,1100,pos,0 days 00:07:26.691000,0 days 01:03:03.299000
2024-05-19 13:10:43.525,OnTrack,-8438,-9434,1096,pos,0 days 00:07:26.931000,0 days 01:03:03.539000
2024-05-19 13:10:43.725,OnTrack,-8387,-9323,1092,pos,0 days 00:07:27.131000,0 days 01:03:03.739000
2024-05-19 13:10:43.885,OnTrack,-8350,-9232,1088,pos,0 days 00:07:27.291000,0 days 01:03:03.899000
2024-05-19 13:10:44.125,OnTrack,-8302,-9090,1083,pos,0 days 00:07:27.531000,0 days 01:03:04.139000
2024-05-19 13:10:44.325,OnTrack,-8272,-8966,1079,pos,0 days 00:07:27.731000,0 days 01:03:04.339000
2024-05-19 13:10:44.605,OnTrack,-8245,-8786,1070,pos,0 days 00:07:28.011000,0 days 01:03:04.619000
2024-05-19 13:10:44.785,OnTrack,-8238,-8666,1064,pos,0 days 00:07:28.191000,0 days 01:03:04.799000
2024-05-19 13:10:44.984,OnTrack,-8238,-8531,1056,pos,0 days 00:07:28.390000,0 days 01:03:04.998000
2024-05-19 13:10:45.204,OnTrack,-8248,-8379,1045,pos,0 days 00:07:28.610000,0 days 01:03:05.218000
2024-05-19 13:10:45.444,OnTrack,-8275,-8160,1026,pos,0 days 00:07:28.850000,0 days 01:03:05.458000
2024-05-19 13:10:45.764,OnTrack,-8303,-7991,1010,pos,0 days 00:07:29.170000,0 days 01:03:05.778000
2024-05-19 13:10:45.984,OnTrack,-8335,-7835,996,pos,0 days 00:07:29.390000,0 days 01:03:05.998000
2024-05-19 13:10:46.144,OnTrack,-8360,-7721,988,pos,0 days 00:07:29.550000,0 days 01:03:06.158000
2024-05-19 13:10:46.484,OnTrack,-8426,-7435,968,pos,0 days 00:07:29.890000,0 days 01:03:06.498000
2024-05-19 13:10:46.744,OnTrack,-8459,-7290,959,pos,0 days 00:07:30.150000,0 days 01:03:06.758000
2024-05-19 13:10:47.064,OnTrack,-8512,-7058,947,pos,0 days 00:07:30.470000,0 days 01:03:07.078000
2024-05-19 13:10:47.124,OnTrack,-8522,-7014,945,pos,0 days 00:07:30.530000,0 days 01:03:07.138000
2024-05-19 13:10:47.524,OnTrack,-8591,-6707,929,pos,0 days 00:07:30.930000,0 days 01:03:07.538000
2024-05-19 13:10:47.764,OnTrack,-8625,-6546,920,pos,0 days 00:07:31.170000,0 days 01:03:07.778000
2024-05-19 13:10:48.085,OnTrack,-8654,-6293,908,pos,0 days 00:07:31.491000,0 days 01:03:08.099000
2024-05-19 13:10:48.465,OnTrack,-8617,-6078,901,pos,0 days 00:07:31.871000,0 days 01:03:08.479000
2024-05-19 13:10:48.645,OnTrack,-8528,-5872,897,pos,0 days 00:07:32.051000,0 days 01:03:08.659000
2024-05-19 13:10:49.145,OnTrack,-8419,-5675,897,pos,0 days 00:07:32.551000,0 days 01:03:09.159000
2024-05-19 13:10:49.205,OnTrack,-8402,-5647,897,pos,0 days 00:07:32.611000,0 days 01:03:09.219000
2024-05-19 13:10:49.385,OnTrack,-8352,-5567,898,pos,0 days 00:07:32.791000,0 days 01:03:09.399000
2024-05-19 13:10:49.585,OnTrack,-8297,-5491,900,pos,0 days 00:07:32.991000,0 days 01:03:09.599000
2024-05-19 13:10:49.925,OnTrack,-8172,-5373,905,pos,0 days 00:07:33.331000,0 days 01:03:09.939000
2024-05-19 13:10:50.245,OnTrack,-8091,-5336,908,pos,0 days 00:07:33.651000,0 days 01:03:10.259000
2024-05-19 13:10:50.545,OnTrack,-7950,-5330,918,pos,0 days 00:07:33.951000,0 days 01:03:10.559000
2024-05-19 13:10:50.905,OnTrack,-7847,-5351,926,pos,0 days 00:07:34.311000,0 days 01:03:10.919000
2024-05-19 13:10:51.185,OnTrack,-7748,-5378,935,pos,0 days 00:07:34.591000,0 days 01:03:11.199000
2024-05-19 13:10:51.405,OnTrack,-7668,-5399,942,pos,0 days 00:07:34.811000,0 days 01:03:11.419000
2024-05-19 13:10:51.544,OnTrack,-7617,-5410,947,pos,0 days 00:07:34.950000,0 days 01:03:11.558000
2024-05-19 13:10:51.784,OnTrack,-7524,-5425,956,pos,0 days 00:07:35.190000,0 days 01:03:11.798000
2024-05-19 13:10:51.944,OnTrack,-7415,-5437,966,pos,0 days 00:07:35.350000,0 days 01:03:11.958000
2024-05-19 13:10:52.384,OnTrack,-7280,-5442,977,pos,0 days 00:07:35.790000,0 days 01:03:12.398000
2024-05-19 13:10:52.564,OnTrack,-7195,-5443,984,pos,0 days 00:07:35.970000,0 days 01:03:12.578000
2024-05-19 13:10:52.784,OnTrack,-7086,-5443,992,pos,0 days 00:07:36.190000,0 days 01:03:12.798000
2024-05-19 13:10:52.944,OnTrack,-7004,-5442,998,pos,0 days 00:07:36.350000,0 days 01:03:12.958000
2024-05-19 13:10:53.184,OnTrack,-6877,-5441,1006,pos,0 days 00:07:36.590000,0 days 01:03:13.198000
2024-05-19 13:10:53.444,OnTrack,-6736,-5440,1013,pos,0 days 00:07:36.850000,0 days 01:03:13.458000
2024-05-19 13:10:53.664,OnTrack,-6545,-5438,1023,pos,0 days 00:07:37.070000,0 days 01:03:13.678000
2024-05-19 13:10:53.964,OnTrack,-6439,-5437,1027,pos,0 days 00:07:37.370000,0 days 01:03:13.978000
2024-05-19 13:10:54.264,OnTrack,-6256,-5436,1032,pos,0 days 00:07:37.670000,0 days 01:03:14.278000
2024-05-19 13:10:54.484,OnTrack,-6119,-5435,1036,pos,0 days 00:07:37.890000,0 days 01:03:14.498000
2024-05-19 13:10:54.585,OnTrack,-6055,-5434,1038,pos,0 days 00:07:37.991000,0 days 01:03:14.599000
2024-05-19 13:10:54.885,OnTrack,-5862,-5433,1043,pos,0 days 00:07:38.291000,0 days 01:03:14.899000
2024-05-19 13:10:55.065,OnTrack,-5743,-5432,1047,pos,0 days 00:07:38.471000,0 days 01:03:15.079000
2024-05-19 13:10:55.305,OnTrack,-5582,-5430,1051,pos,0 days 00:07:38.711000,0 days 01:03:15.319000
2024-05-19 13:10:55.345,OnTrack,-5555,-5430,1052,pos,0 days 00:07:38.751000,0 days 01:03:15.359000
2024-05-19 13:10:55.685,OnTrack,-5318,-5426,1059,pos,0 days 00:07:39.091000,0 days 01:03:15.699000
2024-05-19 13:10:55.845,OnTrack,-5123,-5418,1065,pos,0 days 00:07:39.251000,0 days 01:03:15.859000
2024-05-19 13:10:56.165,OnTrack,-4976,-5406,1069,pos,0 days 00:07:39.571000,0 days 01:03:16.179000
2024-05-19 13:10:56.385,OnTrack,-4821,-5392,1073,pos,0 days 00:07:39.791000,0 days 01:03:16.399000
2024-05-19 13:10:56.565,OnTrack,-4695,-5381,1076,pos,0 days 00:07:39.971000,0 days 01:03:16.579000
2024-05-19 13:10:56.805,OnTrack,-4526,-5366,1080,pos,0 days 00:07:40.211000,0 days 01:03:16.819000
2024-05-19 13:10:57.025,OnTrack,-4370,-5353,1082,pos,0 days 00:07:40.431000,0 days 01:03:17.039000
2024-05-19 13:10:57.185,OnTrack,-4256,-5344,1083,pos,0 days 00:07:40.591000,0 days 01:03:17.199000
2024-05-19 13:10:57.525,OnTrack,-3920,-5316,1085,pos,0 days 00:07:40.931000,0 days 01:03:17.539000
2024-05-19 13:10:57.905,OnTrack,-3682,-5296,1087,pos,0 days 00:07:41.311000,0 days 01:03:17.919000
2024-05-19 13:10:58.264,OnTrack,-3562,-5287,1087,pos,0 days 00:07:41.670000,0 days 01:03:18.278000
2024-05-19 13:10:58.424,OnTrack,-3480,-5281,1087,pos,0 days 00:07:41.830000,0 days 01:03:18.438000
2024-05-19 13:10:58.644,OnTrack,-3378,-5275,1089,pos,0 days 00:07:42.050000,0 days 01:03:18.658000
2024-05-19 13:10:58.824,OnTrack,-3303,-5273,1090,pos,0 days 00:07:42.230000,0 days 01:03:18.838000
2024-05-19 13:10:59.204,OnTrack,-3180,-5295,1092,pos,0 days 00:07:42.610000,0 days 01:03:19.218000
2024-05-19 13:10:59.384,OnTrack,-3128,-5329,1094,pos,0 days 00:07:42.790000,0 days 01:03:19.398000
2024-05-19 13:10:59.604,OnTrack,-3071,-5384,1096,pos,0 days 00:07:43.010000,0 days 01:03:19.618000
2024-05-19 13:10:59.784,OnTrack,-3007,-5455,1096,pos,0 days 00:07:43.190000,0 days 01:03:19.798000
2024-05-19 13:11:00.244,OnTrack,-2905,-5534,1096,pos,0 days 00:07:43.650000,0 days 01:03:20.258000
2024-05-19 13:11:00.544,OnTrack,-2840,-5558,1095,pos,0 days 00:07:43.950000,0 days 01:03:20.558000
2024-05-19 13:11:00.764,OnTrack,-2780,-5563,1094,pos,0 days 00:07:44.170000,0 days 01:03:20.778000
2024-05-19 13:11:00.944,OnTrack,-2729,-5556,1093,pos,0 days 00:07:44.350000,0 days 01:03:20.958000
2024-05-19 13:11:01.205,OnTrack,-2654,-5538,1092,pos,0 days 00:07:44.611000,0 days 01:03:21.219000
2024-05-19 13:11:01.365,OnTrack,-2608,-5524,1090,pos,0 days 00:07:44.771000,0 days 01:03:21.379000
2024-05-19 13:11:01.565,OnTrack,-2551,-5504,1089,pos,0 days 00:07:44.971000,0 days 01:03:21.579000
2024-05-19 13:11:01.865,OnTrack,-2459,-5467,1087,pos,0 days 00:07:45.271000,0 days 01:03:21.879000
2024-05-19 13:11:02.045,OnTrack,-2401,-5442,1085,pos,0 days 00:07:45.451000,0 days 01:03:22.059000
2024-05-19 13:11:02.225,OnTrack,-2340,-5413,1084,pos,0 days 00:07:45.631000,0 days 01:03:22.239000
2024-05-19 13:11:02.485,OnTrack,-2245,-5365,1082,pos,0 days 00:07:45.891000,0 days 01:03:22.499000
2024-05-19 13:11:02.545,OnTrack,-2223,-5354,1081,pos,0 days 00:07:45.951000,0 days 01:03:22.559000
2024-05-19 13:11:02.925,OnTrack,-2030,-5252,1077,pos,0 days 00:07:46.331000,0 days 01:03:22.939000
2024-05-19 13:11:03.165,OnTrack,-1969,-5220,1076,pos,0 days 00:07:46.571000,0 days 01:03:23.179000
2024-05-19 13:11:03.505,OnTrack,-1813,-5137,1073,pos,0 days 00:07:46.911000,0 days 01:03:23.519000
2024-05-19 13:11:03.725,OnTrack,-1636,-5048,1069,pos,0 days 00:07:47.131000,0 days 01:03:23.739000
2024-05-19 13:11:04.005,OnTrack,-1558,-5010,1068,pos,0 days 00:07:47.411000,0 days 01:03:24.019000
2024-05-19 13:11:04.205,OnTrack,-1452,-4961,1066,pos,0 days 00:07:47.611000,0 days 01:03:24.219000
2024-05-19 13:11:04.405,OnTrack,-1343,-4912,1064,pos,0 days 00:07:47.811000,0 days 01:03:24.419000
2024-05-19 13:11:04.625,OnTrack,-1220,-4855,1062,pos,0 days 00:07:48.031000,0 days 01:03:24.639000
2024-05-19 13:11:04.824,OnTrack,-1108,-4799,1059,pos,0 days 00:07:48.230000,0 days 01:03:24.838000
2024-05-19 13:11:05.004,OnTrack,-1007,-4745,1057,pos,0 days 00:07:48.410000,0 days 01:03:25.018000
2024-05-19 13:11:05.244,OnTrack,-872,-4666,1054,pos,0 days 00:07:48.650000,0 days 01:03:25.258000
2024-05-19 13:11:05.424,OnTrack,-772,-4601,1052,pos,0 days 00:07:48.830000,0 days 01:03:25.438000
2024-05-19 13:11:05.744,OnTrack,-537,-4437,1044,pos,0 days 00:07:49.150000,0 days 01:03:25.758000
2024-05-19 13:11:06.184,OnTrack,-279,-4242,1037,pos,0 days 00:07:49.590000,0 days 01:03:26.198000
2024-05-19 13:11:06.464,OnTrack,-189,-4170,1034,pos,0 days 00:07:49.870000,0 days 01:03:26.478000
2024-05-19 13:11:06.764,OnTrack,7,-3999,1029,pos,0 days 00:07:50.170000,0 days 01:03:26.778000
2024-05-19 13:11:07.124,OnTrack,200,-3809,1023,pos,0 days 00:07:50.530000,0 days 01:03:27.138000
2024-05-19 13:11:07.364,OnTrack,323,-3678,1020,pos,0 days 00:07:50.770000,0 days 01:03:27.378000
2024-05-19 13:11:07.564,OnTrack,485,-3499,1013,pos,0 days 00:07:50.970000,0 days 01:03:27.578000
2024-05-19 13:11:08.025,OnTrack,711,-3248,1001,pos,0 days 00:07:51.431000,0 days 01:03:28.039000
2024-05-19 13:11:08.305,OnTrack,804,-3144,995,pos,0 days 00:07:51.711000,0 days 01:03:28.319000
2024-05-19 13:11:08.525,OnTrack,918,-3018,986,pos,0 days 00:07:51.931000,0 days 01:03:28.539000
2024-05-19 13:11:08.825,OnTrack,1076,-2843,973,pos,0 days 00:07:52.231000,0 days 01:03:28.839000
2024-05-19 13:11:09.065,OnTrack,1247,-2655,958,pos,0 days 00:07:52.471000,0 days 01:03:29.079000
2024-05-19 13:11:09.385,OnTrack,1378,-2517,946,pos,0 days 00:07:52.791000,0 days 01:03:29.399000
2024-05-19 13:11:09.685,OnTrack,1552,-2358,931,pos,0 days 00:07:53.091000,0 days 01:03:29.699000
2024-05-19 13:11:09.845,OnTrack,1690,-2256,920,pos,0 days 00:07:53.251000,0 days 01:03:29.859000
2024-05-19 13:11:10.305,OnTrack,2059,-2070,891,pos,0 days 00:07:53.711000,0 days 01:03:30.319000
2024-05-19 13:11:10.645,OnTrack,2235,-2000,877,pos,0 days 00:07:54.051000,0 days 01:03:30.659000
2024-05-19 13:11:10.885,OnTrack,2402,-1933,865,pos,0 days 00:07:54.291000,0 days 01:03:30.899000
2024-05-19 13:11:11.105,OnTrack,2568,-1865,851,pos,0 days 00:07:54.511000,0 days 01:03:31.119000
2024-05-19 13:11:11.404,OnTrack,2718,-1804,841,pos,0 days 00:07:54.810000,0 days 01:03:31.418000
2024-05-19 13:11:11.684,OnTrack,2856,-1746,831,pos,0 days 00:07:55.090000,0 days 01:03:31.698000
2024-05-19 13:11:11.784,OnTrack,2901,-1727,829,pos,0 days 00:07:55.190000,0 days 01:03:31.798000
2024-05-19 13:11:12.064,OnTrack,3014,-1669,821,pos,0 days 00:07:55.470000,0 days 01:03:32.078000
2024-05-19 13:11:12.344,OnTrack,3109,-1589,815,pos,0 days 00:07:55.750000,0 days 01:03:32.358000
2024-05-19 13:11:12.724,OnTrack,3165,-1497,809,pos,0 days 00:07:56.130000,0 days 01:03:32.738000
2024-05-19 13:11:13.784,OnTrack,3152,-1147,797,pos,0 days 00:07:57.190000,0 days 01:03:33.798000
2024-05-19 13:11:14.084,OnTrack,3130,-1079,796,pos,0 days 00:07:57.490000,0 days 01:03:34.098000
2024-05-19 13:11:14.445,OnTrack,3090,-961,794,pos,0 days 00:07:57.851000,0 days 01:03:34.459000
2024-05-19 13:11:14.505,OnTrack,3083,-940,794,pos,0 days 00:07:57.911000,0 days 01:03:34.519000
2024-05-19 13:11:14.845,OnTrack,3032,-817,792,pos,0 days 00:07:58.251000,0 days 01:03:34.859000
2024-05-19 13:11:15.025,OnTrack,2983,-717,791,pos,0 days 00:07:58.431000,0 days 01:03:35.039000
2024-05-19 13:11:15.305,OnTrack,2940,-639,791,pos,0 days 00:07:58.711000,0 days 01:03:35.319000
2024-05-19 13:11:15.585,OnTrack,2868,-540,789,pos,0 days 00:07:58.991000,0 days 01:03:35.599000
2024-05-19 13:11:15.785,OnTrack,2809,-482,788,pos,0 days 00:07:59.191000,0 days 01:03:35.799000
2024-05-19 13:11:15.965,OnTrack,2749,-439,788,pos,0 days 00:07:59.371000,0 days 01:03:35.979000
2024-05-19 13:11:16.265,OnTrack,2637,-389,787,pos,0 days 00:07:59.671000,0 days 01:03:36.279000
2024-05-19 13:11:16.465,OnTrack,2514,-364,786,pos,0 days 00:07:59.871000,0 days 01:03:36.479000
2024-05-19 13:11:16.885,OnTrack,2398,-359,786,pos,0 days 00:08:00.291000,0 days 01:03:36.899000
2024-05-19 13:11:17.085,OnTrack,2262,-375,784,pos,0 days 00:08:00.491000,0 days 01:03:37.099000
2024-05-19 13:11:17.365,OnTrack,2205,-389,784,pos,0 days 00:08:00.771000,0 days 01:03:37.379000
2024-05-19 13:11:17.565,OnTrack,2123,-418,783,pos,0 days 00:08:00.971000,0 days 01:03:37.579000
2024-05-19 13:11:17.924,OnTrack,1946,-497,781,pos,0 days 00:08:01.330000,0 days 01:03:37.938000
2024-05-19 13:11:18.284,OnTrack,1833,-550,780,pos,0 days 00:08:01.690000,0 days 01:03:38.298000
2024-05-19 13:11:18.524,OnTrack,1651,-633,778,pos,0 days 00:08:01.930000,0 days 01:03:38.538000
2024-05-19 13:11:18.864,OnTrack,1478,-711,778,pos,0 days 00:08:02.270000,0 days 01:03:38.878000
2024-05-19 13:11:19.224,OnTrack,1362,-764,778,pos,0 days 00:08:02.630000,0 days 01:03:39.238000
2024-05-19 13:11:19.424,OnTrack,1253,-813,778,pos,0 days 00:08:02.830000,0 days 01:03:39.438000
2024-05-19 13:11:19.664,OnTrack,1119,-874,778,pos,0 days 00:08:03.070000,0 days 01:03:39.678000
2024-05-19 13:11:19.804,OnTrack,1039,-910,778,pos,0 days 00:08:03.210000,0 days 01:03:39.818000
2024-05-19 13:11:20.084,OnTrack,876,-983,779,pos,0 days 00:08:03.490000,0 days 01:03:40.098000
2024-05-19 13:11:20.264,OnTrack,769,-1028,779,pos,0 days 00:08:03.670000,0 days 01:03:40.278000
2024-05-19 13:11:20.564,OnTrack,502,-1140,780,pos,0 days 00:08:03.970000,0 days 01:03:40.578000
2024-05-19 13:11:20.824,OnTrack,427,-1171,780,pos,0 days 00:08:04.230000,0 days 01:03:40.838000
2024-05-19 13:11:21.085,OnTrack,261,-1241,781,pos,0 days 00:08:04.491000,0 days 01:03:41.099000
2024-05-19 13:11:21.345,OnTrack,92,-1313,781,pos,0 days 00:08:04.751000,0 days 01:03:41.359000
2024-05-19 13:11:21.545,OnTrack,-39,-1367,781,pos,0 days 00:08:04.951000,0 days 01:03:41.559000
2024-05-19 13:11:21.785,OnTrack,-201,-1429,782,pos,0 days 00:08:05.191000,0 days 01:03:41.799000
2024-05-19 13:11:21.845,OnTrack,-242,-1444,782,pos,0 days 00:08:05.251000,0 days 01:03:41.859000
2024-05-19 13:11:22.045,OnTrack,-381,-1488,782,pos,0 days 00:08:05.451000,0 days 01:03:42.059000
2024-05-19 13:11:22.425,OnTrack,-655,-1552,783,pos,0 days 00:08:05.831000,0 days 01:03:42.439000
2024-05-19 13:11:22.605,OnTrack,-849,-1576,783,pos,0 days 00:08:06.011000,0 days 01:03:42.619000
2024-05-19 13:11:22.985,OnTrack,-1141,-1590,784,pos,0 days 00:08:06.391000,0 days 01:03:42.999000
2024-05-19 13:11:23.345,OnTrack,-1358,-1596,785,pos,0 days 00:08:06.751000,0 days 01:03:43.359000
2024-05-19 13:11:23.505,OnTrack,-1483,-1604,786,pos,0 days 00:08:06.911000,0 days 01:03:43.519000
2024-05-19 13:11:23.745,OnTrack,-1670,-1615,786,pos,0 days 00:08:07.151000,0 days 01:03:43.759000
2024-05-19 13:11:23.945,OnTrack,-1828,-1623,787,pos,0 days 00:08:07.351000,0 days 01:03:43.959000
2024-05-19 13:11:24.265,OnTrack,-2130,-1640,788,pos,0 days 00:08:07.671000,0 days 01:03:44.279000
2024-05-19 13:11:24.644,OnTrack,-2467,-1659,790,pos,0 days 00:08:08.050000,0 days 01:03:44.658000
2024-05-19 13:11:25.044,OnTrack,-2791,-1673,791,pos,0 days 00:08:08.450000,0 days 01:03:45.058000
2024-05-19 13:11:25.344,OnTrack,-2955,-1677,792,pos,0 days 00:08:08.750000,0 days 01:03:45.358000
2024-05-19 13:11:25.604,OnTrack,-3168,-1685,793,pos,0 days 00:08:09.010000,0 days 01:03:45.618000
2024-05-19 13:11:25.764,OnTrack,-3300,-1690,793,pos,0 days 00:08:09.170000,0 days 01:03:45.778000
2024-05-19 13:11:26.044,OnTrack,-3646,-1694,795,pos,0 days 00:08:09.450000,0 days 01:03:46.058000
2024-05-19 13:11:26.484,OnTrack,-3893,-1675,796,pos,0 days 00:08:09.890000,0 days 01:03:46.498000
2024-05-19 13:11:26.664,OnTrack,-4043,-1654,797,pos,0 days 00:08:10.070000,0 days 01:03:46.678000
2024-05-19 13:11:26.904,OnTrack,-4242,-1616,798,pos,0 days 00:08:10.310000,0 days 01:03:46.918000
2024-05-19 13:11:27.184,OnTrack,-4473,-1564,799,pos,0 days 00:08:10.590000,0 days 01:03:47.198000
2024-05-19 13:11:27.344,OnTrack,-4605,-1533,800,pos,0 days 00:08:10.750000,0 days 01:03:47.358000
2024-05-19 13:11:27.565,OnTrack,-4786,-1488,801,pos,0 days 00:08:10.971000,0 days 01:03:47.579000
2024-05-19 13:11:27.785,OnTrack,-4967,-1443,803,pos,0 days 00:08:11.191000,0 days 01:03:47.799000
2024-05-19 13:11:27.985,OnTrack,-5198,-1387,805,pos,0 days 00:08:11.391000,0 days 01:03:47.999000
2024-05-19 13:11:28.365,OnTrack,-5447,-1330,807,pos,0 days 00:08:11.771000,0 days 01:03:48.379000
2024-05-19 13:11:28.525,OnTrack,-5586,-1302,808,pos,0 days 00:08:11.931000,0 days 01:03:48.539000
2024-05-19 13:11:28.785,OnTrack,-5845,-1262,810,pos,0 days 00:08:12.191000,0 days 01:03:48.799000
2024-05-19 13:11:28.865,OnTrack,-5913,-1254,811,pos,0 days 00:08:12.271000,0 days 01:03:48.879000
2024-05-19 13:11:29.125,OnTrack,-6137,-1238,812,pos,0 days 00:08:12.531000,0 days 01:03:49.139000
2024-05-19 13:11:29.305,OnTrack,-6291,-1232,814,pos,0 days 00:08:12.711000,0 days 01:03:49.319000
2024-05-19 13:11:29.565,OnTrack,-6601,-1229,815,pos,0 days 00:08:12.971000,0 days 01:03:49.579000
2024-05-19 13:11:29.865,OnTrack,-6773,-1231,816,pos,0 days 00:08:13.271000,0 days 01:03:49.879000
2024-05-19 13:11:30.225,OnTrack,-7080,-1238,817,pos,0 days 00:08:13.631000,0 days 01:03:50.239000
2024-05-19 13:11:30.405,OnTrack,-7234,-1246,817,pos,0 days 00:08:13.811000,0 days 01:03:50.419000
2024-05-19 13:11:30.565,OnTrack,-7370,-1256,818,pos,0 days 00:08:13.971000,0 days 01:03:50.579000
2024-05-19 13:11:30.725,OnTrack,-7505,-1268,818,pos,0 days 00:08:14.131000,0 days 01:03:50.739000
2024-05-19 13:11:30.985,OnTrack,-7725,-1290,818,pos,0 days 00:08:14.391000,0 days 01:03:50.999000
2024-05-19 13:11:31.184,OnTrack,-7894,-1309,818,pos,0 days 00:08:14.590000,0 days 01:03:51.198000
2024-05-19 13:11:31.344,OnTrack,-8069,-1331,818,pos,0 days 00:08:14.750000,0 days 01:03:51.358000
2024-05-19 13:11:31.624,OnTrack,-8303,-1362,819,pos,0 days 00:08:15.030000,0 days 01:03:51.638000
2024-05-19 13:11:31.804,OnTrack,-8453,-1382,819,pos,0 days 00:08:15.210000,0 days 01:03:51.818000
2024-05-19 13:11:31.964,OnTrack,-8585,-1401,819,pos,0 days 00:08:15.370000,0 days 01:03:51.978000
2024-05-19 13:11:32.124,OnTrack,-8718,-1419,819,pos,0 days 00:08:15.530000,0 days 01:03:52.138000
2024-05-19 13:11:32.364,OnTrack,-8915,-1447,819,pos,0 days 00:08:15.770000,0 days 01:03:52.378000
2024-05-19 13:11:32.584,OnTrack,-9095,-1476,819,pos,0 days 00:08:15.990000,0 days 01:03:52.598000
2024-05-19 13:11:32.824,OnTrack,-9286,-1515,819,pos,0 days 00:08:16.230000,0 days 01:03:52.838000
2024-05-19 13:11:33.104,OnTrack,-9576,-1599,819,pos,0 days 00:08:16.510000,0 days 01:03:53.118000
2024-05-19 13:11:33.504,OnTrack,-9781,-1664,819,pos,0 days 00:08:16.910000,0 days 01:03:53.518000
2024-05-19 13:11:33.764,OnTrack,-9956,-1719,818,pos,0 days 00:08:17.170000,0 days 01:03:53.778000
2024-05-19 13:11:34.105,OnTrack,-10101,-1764,818,pos,0 days 00:08:17.511000,0 days 01:03:54.119000
2024-05-19 13:11:34.365,OnTrack,-10203,-1801,818,pos,0 days 00:08:17.771000,0 days 01:03:54.379000
2024-05-19 13:11:34.525,OnTrack,-10284,-1853,818,pos,0 days 00:08:17.931000,0 days 01:03:54.539000
2024-05-19 13:11:34.885,OnTrack,-10379,-1999,818,pos,0 days 00:08:18.291000,0 days 01:03:54.899000
2024-05-19 13:11:35.405,OnTrack,-10433,-2187,819,pos,0 days 00:08:18.811000,0 days 01:03:55.419000
2024-05-19 13:11:35.785,OnTrack,-10487,-2316,819,pos,0 days 00:08:19.191000,0 days 01:03:55.799000
2024-05-19 13:11:35.945,OnTrack,-10526,-2375,818,pos,0 days 00:08:19.351000,0 days 01:03:55.959000
2024-05-19 13:11:36.185,OnTrack,-10652,-2500,818,pos,0 days 00:08:19.591000,0 days 01:03:56.199000
2024-05-19 13:11:36.645,OnTrack,-10789,-2593,819,pos,0 days 00:08:20.051000,0 days 01:03:56.659000
2024-05-19 13:11:37.045,OnTrack,-10955,-2691,821,pos,0 days 00:08:20.451000,0 days 01:03:57.059000
2024-05-19 13:11:37.125,OnTrack,-10991,-2712,821,pos,0 days 00:08:20.531000,0 days 01:03:57.139000
2024-05-19 13:11:37.425,OnTrack,-11187,-2825,823,pos,0 days 00:08:20.831000,0 days 01:03:57.439000
2024-05-19 13:11:37.724,OnTrack,-11274,-2877,823,pos,0 days 00:08:21.130000,0 days 01:03:57.738000
2024-05-19 13:11:37.944,OnTrack,-11381,-2944,824,pos,0 days 00:08:21.350000,0 days 01:03:57.958000
2024-05-19 13:11:38.164,OnTrack,-11487,-3020,825,pos,0 days 00:08:21.570000,0 days 01:03:58.178000
2024-05-19 13:11:38.364,OnTrack,-11576,-3100,825,pos,0 days 00:08:21.770000,0 days 01:03:58.378000
2024-05-19 13:11:38.584,OnTrack,-11662,-3203,825,pos,0 days 00:08:21.990000,0 days 01:03:58.598000
2024-05-19 13:11:38.804,OnTrack,-11733,-3322,826,pos,0 days 00:08:22.210000,0 days 01:03:58.818000
2024-05-19 13:11:39.004,OnTrack,-11788,-3440,826,pos,0 days 00:08:22.410000,0 days 01:03:59.018000
2024-05-19 13:11:39.244,OnTrack,-11846,-3587,827,pos,0 days 00:08:22.650000,0 days 01:03:59.258000
2024-05-19 13:11:39.424,OnTrack,-11888,-3698,827,pos,0 days 00:08:22.830000,0 days 01:03:59.438000
2024-05-19 13:11:39.724,OnTrack,-11987,-3963,828,pos,0 days 00:08:23.130000,0 days 01:03:59.738000
2024-05-19 13:11:40.064,OnTrack,-12040,-4105,829,pos,0 days 00:08:23.470000,0 days 01:04:00.078000
2024-05-19 13:11:40.304,OnTrack,-12100,-4262,829,pos,0 days 00:08:23.710000,0 days 01:04:00.318000
2024-05-19 13:11:40.544,OnTrack,-12159,-4423,830,pos,0 days 00:08:23.950000,0 days 01:04:00.558000
2024-05-19 13:11:40.805,OnTrack,-12226,-4598,830,pos,0 days 00:08:24.211000,0 days 01:04:00.819000
2024-05-19 13:11:40.965,OnTrack,-12267,-4708,830,pos,0 days 00:08:24.371000,0 days 01:04:00.979000
2024-05-19 13:11:41.205,OnTrack,-12329,-4874,831,pos,0 days 00:08:24.611000,0 days 01:04:01.219000
2024-05-19 13:11:41.345,OnTrack,-12366,-4971,831,pos,0 days 00:08:24.751000,0 days 01:04:01.359000
2024-05-19 13:11:41.565,OnTrack,-12424,-5126,832,pos,0 days 00:08:24.971000,0 days 01:04:01.579000
2024-05-19 13:11:41.765,OnTrack,-12477,-5268,832,pos,0 days 00:08:25.171000,0 days 01:04:01.779000
2024-05-19 13:11:41.965,OnTrack,-12531,-5411,832,pos,0 days 00:08:25.371000,0 days 01:04:01.979000
2024-05-19 13:11:42.145,OnTrack,-12579,-5541,833,pos,0 days 00:08:25.551000,0 days 01:04:02.159000
2024-05-19 13:11:42.485,OnTrack,-12711,-5891,833,pos,0 days 00:08:25.891000,0 days 01:04:02.499000
2024-05-19 13:11:42.805,OnTrack,-12761,-6022,834,pos,0 days 00:08:26.211000,0 days 01:04:02.819000
2024-05-19 13:11:43.145,OnTrack,-12894,-6356,835,pos,0 days 00:08:26.551000,0 days 01:04:03.159000
2024-05-19 13:11:43.385,OnTrack,-12931,-6442,835,pos,0 days 00:08:26.791000,0 days 01:04:03.399000
2024-05-19 13:11:43.685,OnTrack,-13052,-6728,836,pos,0 days 00:08:27.091000,0 days 01:04:03.699000
2024-05-19 13:11:44.045,OnTrack,-13120,-6909,837,pos,0 days 00:08:27.451000,0 days 01:04:04.059000
2024-05-19 13:11:44.224,OnTrack,-13152,-7039,837,pos,0 days 00:08:27.630000,0 days 01:04:04.238000
2024-05-19 13:11:44.504,OnTrack,-13163,-7223,838,pos,0 days 00:08:27.910000,0 days 01:04:04.518000
2024-05-19 13:11:44.684,OnTrack,-13151,-7340,839,pos,0 days 00:08:28.090000,0 days 01:04:04.698000
2024-05-19 13:11:44.844,OnTrack,-13133,-7444,840,pos,0 days 00:08:28.250000,0 days 01:04:04.858000
2024-05-19 13:11:45.204,OnTrack,-13082,-7661,841,pos,0 days 00:08:28.610000,0 days 01:04:05.218000
2024-05-19 13:11:45.404,OnTrack,-13057,-7767,842,pos,0 days 00:08:28.810000,0 days 01:04:05.418000
2024-05-19 13:11:45.644,OnTrack,-13033,-7883,843,pos,0 days 00:08:29.050000,0 days 01:04:05.658000
2024-05-19 13:11:45.824,OnTrack,-13024,-7965,843,pos,0 days 00:08:29.230000,0 days 01:04:05.838000
2024-05-19 13:11:46.004,OnTrack,-13027,-8042,844,pos,0 days 00:08:29.410000,0 days 01:04:06.018000
2024-05-19 13:11:46.244,OnTrack,-13055,-8136,845,pos,0 days 00:08:29.650000,0 days 01:04:06.258000
2024-05-19 13:11:46.284,OnTrack,-13063,-8151,845,pos,0 days 00:08:29.690000,0 days 01:04:06.298000
2024-05-19 13:11:46.524,OnTrack,-13122,-8234,846,pos,0 days 00:08:29.930000,0 days 01:04:06.538000
2024-05-19 13:11:46.824,OnTrack,-13270,-8368,848,pos,0 days 00:08:30.230000,0 days 01:04:06.838000
2024-05-19 13:11:47.205,OnTrack,-13353,-8441,849,pos,0 days 00:08:30.611000,0 days 01:04:07.219000
2024-05-19 13:11:47.385,OnTrack,-13471,-8541,850,pos,0 days 00:08:30.791000,0 days 01:04:07.399000
2024-05-19 13:11:47.885,OnTrack,-13613,-8660,852,pos,0 days 00:08:31.291000,0 days 01:04:07.899000
2024-05-19 13:11:48.085,OnTrack,-13717,-8750,854,pos,0 days 00:08:31.491000,0 days 01:04:08.099000
2024-05-19 13:11:48.545,OnTrack,-13858,-8867,856,pos,0 days 00:08:31.951000,0 days 01:04:08.559000
2024-05-19 13:11:48.745,OnTrack,-13992,-8983,859,pos,0 days 00:08:32.151000,0 days 01:04:08.759000
2024-05-19 13:11:48.985,OnTrack,-14062,-9048,861,pos,0 days 00:08:32.391000,0 days 01:04:08.999000
2024-05-19 13:11:49.225,OnTrack,-14167,-9150,865,pos,0 days 00:08:32.631000,0 days 01:04:09.239000
2024-05-19 13:11:49.565,OnTrack,-14315,-9298,871,pos,0 days 00:08:32.971000,0 days 01:04:09.579000
2024-05-19 13:11:49.745,OnTrack,-14395,-9377,875,pos,0 days 00:08:33.151000,0 days 01:04:09.759000
2024-05-19 13:11:49.905,OnTrack,-14519,-9496,881,pos,0 days 00:08:33.311000,0 days 01:04:09.919000
2024-05-19 13:11:50.205,OnTrack,-14596,-9567,884,pos,0 days 00:08:33.611000,0 days 01:04:10.219000
2024-05-19 13:11:50.465,OnTrack,-14693,-9661,889,pos,0 days 00:08:33.871000,0 days 01:04:10.479000
2024-05-19 13:11:50.705,OnTrack,-14770,-9742,892,pos,0 days 00:08:34.111000,0 days 01:04:10.719000
2024-05-19 13:11:50.964,OnTrack,-14853,-9852,897,pos,0 days 00:08:34.370000,0 days 01:04:10.978000
2024-05-19 13:11:51.324,OnTrack,-14896,-9944,900,pos,0 days 00:08:34.730000,0 days 01:04:11.338000
2024-05-19 13:11:51.484,OnTrack,-14910,-9997,902,pos,0 days 00:08:34.890000,0 days 01:04:11.498000
2024-05-19 13:11:51.824,OnTrack,-14906,-10137,908,pos,0 days 00:08:35.230000,0 days 01:04:11.838000
2024-05-19 13:11:52.104,OnTrack,-14890,-10181,910,pos,0 days 00:08:35.510000,0 days 01:04:12.118000
2024-05-19 13:11:52.404,OnTrack,-14843,-10252,914,pos,0 days 00:08:35.810000,0 days 01:04:12.418000
2024-05-19 13:11:52.484,OnTrack,-14828,-10268,916,pos,0 days 00:08:35.890000,0 days 01:04:12.498000
2024-05-19 13:11:52.744,OnTrack,-14775,-10313,920,pos,0 days 00:08:36.150000,0 days 01:04:12.758000
2024-05-19 13:11:52.924,OnTrack,-14733,-10339,922,pos,0 days 00:08:36.330000,0 days 01:04:12.938000
2024-05-19 13:11:53.264,OnTrack,-14632,-10378,926,pos,0 days 00:08:36.670000,0 days 01:04:13.278000
2024-05-19 13:11:53.544,OnTrack,-14570,-10390,930,pos,0 days 00:08:36.950000,0 days 01:04:13.558000
2024-05-19 13:11:53.865,OnTrack,-14477,-10396,935,pos,0 days 00:08:37.271000,0 days 01:04:13.879000
2024-05-19 13:11:54.105,OnTrack,-14402,-10393,939,pos,0 days 00:08:37.511000,0 days 01:04:14.119000
2024-05-19 13:11:54.305,OnTrack,-14314,-10385,943,pos,0 days 00:08:37.711000,0 days 01:04:14.319000
2024-05-19 13:11:54.605,OnTrack,-14257,-10377,946,pos,0 days 00:08:38.011000,0 days 01:04:14.619000
2024-05-19 13:11:54.885,OnTrack,-14112,-10353,952,pos,0 days 00:08:38.291000,0 days 01:04:14.899000
2024-05-19 13:11:55.245,OnTrack,-13939,-10320,960,pos,0 days 00:08:38.651000,0 days 01:04:15.259000
2024-05-19 13:11:55.625,OnTrack,-13827,-10296,965,pos,0 days 00:08:39.031000,0 days 01:04:15.639000
2024-05-19 13:11:55.945,OnTrack,-13670,-10264,971,pos,0 days 00:08:39.351000,0 days 01:04:15.959000
2024-05-19 13:11:56.165,OnTrack,-13523,-10236,978,pos,0 days 00:08:39.571000,0 days 01:04:16.179000
2024-05-19 13:11:56.505,OnTrack,-13371,-10209,984,pos,0 days 00:08:39.911000,0 days 01:04:16.519000
2024-05-19 13:11:56.685,OnTrack,-13270,-10191,987,pos,0 days 00:08:40.091000,0 days 01:04:16.699000
2024-05-19 13:11:56.885,OnTrack,-13154,-10170,992,pos,0 days 00:08:40.291000,0 days 01:04:16.899000
2024-05-19 13:11:57.165,OnTrack,-12987,-10142,997,pos,0 days 00:08:40.571000,0 days 01:04:17.179000
2024-05-19 13:11:57.424,OnTrack,-12827,-10117,1002,pos,0 days 00:08:40.830000,0 days 01:04:17.438000
2024-05-19 13:11:57.564,OnTrack,-12739,-10104,1005,pos,0 days 00:08:40.970000,0 days 01:04:17.578000
2024-05-19 13:11:57.724,OnTrack,-12638,-10088,1008,pos,0 days 00:08:41.130000,0 days 01:04:17.738000
2024-05-19 13:11:58.064,OnTrack,-12377,-10051,1018,pos,0 days 00:08:41.470000,0 days 01:04:18.078000
2024-05-19 13:11:58.304,OnTrack,-12256,-10034,1023,pos,0 days 00:08:41.710000,0 days 01:04:18.318000
2024-05-19 13:11:58.524,OnTrack,-12107,-10013,1032,pos,0 days 00:08:41.930000,0 days 01:04:18.538000
2024-05-19 13:11:58.904,OnTrack,-11703,-9963,1059,pos,0 days 00:08:42.310000,0 days 01:04:18.918000
2024-05-19 13:11:59.184,OnTrack,-11604,-9952,1065,pos,0 days 00:08:42.590000,0 days 01:04:19.198000
2024-05-19 13:11:59.384,OnTrack,-11462,-9938,1074,pos,0 days 00:08:42.790000,0 days 01:04:19.398000
2024-05-19 13:11:59.664,OnTrack,-11174,-9921,1092,pos,0 days 00:08:43.070000,0 days 01:04:19.678000
2024-05-19 13:12:00.124,OnTrack,-10927,-9918,1106,pos,0 days 00:08:43.530000,0 days 01:04:20.138000
2024-05-19 13:12:00.325,OnTrack,-10678,-9926,1118,pos,0 days 00:08:43.731000,0 days 01:04:20.339000
2024-05-19 13:12:00.705,OnTrack,-10503,-9940,1122,pos,0 days 00:08:44.111000,0 days 01:04:20.719000
2024-05-19 13:12:00.865,OnTrack,-10385,-9951,1122,pos,0 days 00:08:44.271000,0 days 01:04:20.879000
2024-05-19 13:12:01.065,OnTrack,-10239,-9968,1122,pos,0 days 00:08:44.471000,0 days 01:04:21.079000
2024-05-19 13:12:01.345,OnTrack,-9960,-10000,1120,pos,0 days 00:08:44.751000,0 days 01:04:21.359000
2024-05-19 13:12:01.785,OnTrack,-9710,-10029,1118,pos,0 days 00:08:45.191000,0 days 01:04:21.799000
2024-05-19 13:12:01.965,OnTrack,-9493,-10052,1116,pos,0 days 00:08:45.371000,0 days 01:04:21.979000
2024-05-19 13:12:02.265,OnTrack,-9368,-10064,1115,pos,0 days 00:08:45.671000,0 days 01:04:22.279000
2024-05-19 13:12:02.505,OnTrack,-9216,-10071,1114,pos,0 days 00:08:45.911000,0 days 01:04:22.519000
2024-05-19 13:12:02.685,OnTrack,-9126,-10068,1114,pos,0 days 00:08:46.091000,0 days 01:04:22.699000
2024-05-19 13:12:03.005,OnTrack,-8951,-10035,1114,pos,0 days 00:08:46.411000,0 days 01:04:23.019000
2024-05-19 13:12:03.185,OnTrack,-8861,-9997,1114,pos,0 days 00:08:46.591000,0 days 01:04:23.199000
2024-05-19 13:12:03.345,OnTrack,-8787,-9951,1112,pos,0 days 00:08:46.751000,0 days 01:04:23.359000
2024-05-19 13:12:03.665,OnTrack,-8661,-9833,1108,pos,0 days 00:08:47.071000,0 days 01:04:23.679000
2024-05-19 13:12:03.705,OnTrack,-8647,-9816,1107,pos,0 days 00:08:47.111000,0 days 01:04:23.719000
2024-05-19 13:12:03.925,OnTrack,-8579,-9709,1104,pos,0 days 00:08:47.331000,0 days 01:04:23.939000
2024-05-19 13:12:04.184,OnTrack,-8507,-9573,1100,pos,0 days 00:08:47.590000,0 days 01:04:24.198000
2024-05-19 13:12:04.404,OnTrack,-8449,-9456,1096,pos,0 days 00:08:47.810000,0 days 01:04:24.418000
2024-05-19 13:12:04.684,OnTrack,-8378,-9302,1091,pos,0 days 00:08:48.090000,0 days 01:04:24.698000
2024-05-19 13:12:04.864,OnTrack,-8337,-9198,1087,pos,0 days 00:08:48.270000,0 days 01:04:24.878000
2024-05-19 13:12:05.104,OnTrack,-8289,-9042,1082,pos,0 days 00:08:48.510000,0 days 01:04:25.118000
2024-05-19 13:12:05.384,OnTrack,-8256,-8877,1075,pos,0 days 00:08:48.790000,0 days 01:04:25.398000
2024-05-19 13:12:05.704,OnTrack,-8238,-8666,1064,pos,0 days 00:08:49.110000,0 days 01:04:25.718000
2024-05-19 13:12:05.784,OnTrack,-8237,-8612,1060,pos,0 days 00:08:49.190000,0 days 01:04:25.798000
2024-05-19 13:12:06.044,OnTrack,-8243,-8433,1049,pos,0 days 00:08:49.450000,0 days 01:04:26.058000
2024-05-19 13:12:06.284,OnTrack,-8260,-8267,1036,pos,0 days 00:08:49.690000,0 days 01:04:26.298000
2024-05-19 13:12:06.464,OnTrack,-8291,-8057,1016,pos,0 days 00:08:49.870000,0 days 01:04:26.478000
2024-05-19 13:12:06.945,OnTrack,-8361,-7717,987,pos,0 days 00:08:50.351000,0 days 01:04:26.959000
2024-05-19 13:12:07.345,OnTrack,-8407,-7516,973,pos,0 days 00:08:50.751000,0 days 01:04:27.359000
2024-05-19 13:12:07.525,OnTrack,-8437,-7387,965,pos,0 days 00:08:50.931000,0 days 01:04:27.539000
2024-05-19 13:12:07.705,OnTrack,-8467,-7256,957,pos,0 days 00:08:51.111000,0 days 01:04:27.719000
2024-05-19 13:12:07.885,OnTrack,-8496,-7126,950,pos,0 days 00:08:51.291000,0 days 01:04:27.899000
2024-05-19 13:12:08.065,OnTrack,-8526,-6994,944,pos,0 days 00:08:51.471000,0 days 01:04:28.079000
2024-05-19 13:12:08.285,OnTrack,-8563,-6834,935,pos,0 days 00:08:51.691000,0 days 01:04:28.299000
2024-05-19 13:12:08.485,OnTrack,-8596,-6687,928,pos,0 days 00:08:51.891000,0 days 01:04:28.499000
2024-05-19 13:12:08.705,OnTrack,-8643,-6441,915,pos,0 days 00:08:52.111000,0 days 01:04:28.719000
2024-05-19 13:12:09.185,OnTrack,-8649,-6224,905,pos,0 days 00:08:52.591000,0 days 01:04:29.199000
2024-05-19 13:12:09.385,OnTrack,-8620,-6089,901,pos,0 days 00:08:52.791000,0 days 01:04:29.399000
2024-05-19 13:12:09.645,OnTrack,-8553,-5921,898,pos,0 days 00:08:53.051000,0 days 01:04:29.659000
2024-05-19 13:12:09.745,OnTrack,-8481,-5783,896,pos,0 days 00:08:53.151000,0 days 01:04:29.759000
2024-05-19 13:12:10.145,OnTrack,-8406,-5654,897,pos,0 days 00:08:53.551000,0 days 01:04:30.159000
2024-05-19 13:12:10.405,OnTrack,-8305,-5502,900,pos,0 days 00:08:53.811000,0 days 01:04:30.419000
2024-05-19 13:12:10.704,OnTrack,-8256,-5444,902,pos,0 days 00:08:54.110000,0 days 01:04:30.718000
2024-05-19 13:12:11.064,OnTrack,-8123,-5347,906,pos,0 days 00:08:54.470000,0 days 01:04:31.078000
2024-05-19 13:12:11.424,OnTrack,-8024,-5325,911,pos,0 days 00:08:54.830000,0 days 01:04:31.438000
2024-05-19 13:12:11.604,OnTrack,-7958,-5329,917,pos,0 days 00:08:55.010000,0 days 01:04:31.618000
2024-05-19 13:12:11.784,OnTrack,-7892,-5341,922,pos,0 days 00:08:55.190000,0 days 01:04:31.798000
2024-05-19 13:12:11.944,OnTrack,-7835,-5354,927,pos,0 days 00:08:55.350000,0 days 01:04:31.958000
2024-05-19 13:12:12.264,OnTrack,-7724,-5385,937,pos,0 days 00:08:55.670000,0 days 01:04:32.278000
2024-05-19 13:12:12.504,OnTrack,-7618,-5409,947,pos,0 days 00:08:55.910000,0 days 01:04:32.518000
2024-05-19 13:12:12.764,OnTrack,-7543,-5422,954,pos,0 days 00:08:56.170000,0 days 01:04:32.778000
2024-05-19 13:12:12.984,OnTrack,-7453,-5433,962,pos,0 days 00:08:56.390000,0 days 01:04:32.998000
2024-05-19 13:12:13.184,OnTrack,-7369,-5439,969,pos,0 days 00:08:56.590000,0 days 01:04:33.198000
2024-05-19 13:12:13.505,OnTrack,-7224,-5443,982,pos,0 days 00:08:56.911000,0 days 01:04:33.519000
2024-05-19 13:12:13.685,OnTrack,-7136,-5443,988,pos,0 days 00:08:57.091000,0 days 01:04:33.699000
2024-05-19 13:12:13.885,OnTrack,-6974,-5442,999,pos,0 days 00:08:57.291000,0 days 01:04:33.899000
2024-05-19 13:12:14.225,OnTrack,-6858,-5441,1007,pos,0 days 00:08:57.631000,0 days 01:04:34.239000
2024-05-19 13:12:14.585,OnTrack,-6615,-5439,1019,pos,0 days 00:08:57.991000,0 days 01:04:34.599000
2024-05-19 13:12:14.945,OnTrack,-6403,-5437,1028,pos,0 days 00:08:58.351000,0 days 01:04:34.959000
2024-05-19 13:12:15.285,OnTrack,-6244,-5436,1033,pos,0 days 00:08:58.691000,0 days 01:04:35.299000
2024-05-19 13:12:15.545,OnTrack,-6030,-5434,1038,pos,0 days 00:08:58.951000,0 days 01:04:35.559000
2024-05-19 13:12:15.905,OnTrack,-5849,-5432,1044,pos,0 days 00:08:59.311000,0 days 01:04:35.919000
2024-05-19 13:12:16.165,OnTrack,-5610,-5431,1050,pos,0 days 00:08:59.571000,0 days 01:04:36.179000
2024-05-19 13:12:16.585,OnTrack,-5393,-5428,1057,pos,0 days 00:08:59.991000,0 days 01:04:36.599000
2024-05-19 13:12:16.745,OnTrack,-5283,-5425,1060,pos,0 days 00:09:00.151000,0 days 01:04:36.759000
2024-05-19 13:12:17.005,OnTrack,-5071,-5414,1067,pos,0 days 00:09:00.411000,0 days 01:04:37.019000
2024-05-19 13:12:17.264,OnTrack,-4900,-5399,1071,pos,0 days 00:09:00.670000,0 days 01:04:37.278000
2024-05-19 13:12:17.624,OnTrack,-4648,-5376,1077,pos,0 days 00:09:01.030000,0 days 01:04:37.638000
2024-05-19 13:12:17.844,OnTrack,-4494,-5363,1080,pos,0 days 00:09:01.250000,0 days 01:04:37.858000
2024-05-19 13:12:18.044,OnTrack,-4296,-5347,1083,pos,0 days 00:09:01.450000,0 days 01:04:38.058000
2024-05-19 13:12:18.444,OnTrack,-4071,-5328,1084,pos,0 days 00:09:01.850000,0 days 01:04:38.458000
2024-05-19 13:12:18.604,OnTrack,-3879,-5312,1086,pos,0 days 00:09:02.010000,0 days 01:04:38.618000
2024-05-19 13:12:18.904,OnTrack,-3764,-5303,1086,pos,0 days 00:09:02.310000,0 days 01:04:38.918000
2024-05-19 13:12:19.144,OnTrack,-3626,-5292,1087,pos,0 days 00:09:02.550000,0 days 01:04:39.158000
2024-05-19 13:12:19.324,OnTrack,-3531,-5284,1087,pos,0 days 00:09:02.730000,0 days 01:04:39.338000
2024-05-19 13:12:19.544,OnTrack,-3425,-5277,1088,pos,0 days 00:09:02.950000,0 days 01:04:39.558000
2024-05-19 13:12:19.884,OnTrack,-3284,-5273,1090,pos,0 days 00:09:03.290000,0 days 01:04:39.898000
2024-05-19 13:12:20.004,OnTrack,-3252,-5276,1091,pos,0 days 00:09:03.410000,0 days 01:04:40.018000
2024-05-19 13:12:20.345,OnTrack,-3137,-5321,1094,pos,0 days 00:09:03.751000,0 days 01:04:40.359000
2024-05-19 13:12:20.645,OnTrack,-3069,-5386,1096,pos,0 days 00:09:04.051000,0 days 01:04:40.659000
2024-05-19 13:12:20.945,OnTrack,-2981,-5479,1096,pos,0 days 00:09:04.351000,0 days 01:04:40.959000
2024-05-19 13:12:21.345,OnTrack,-2892,-5540,1096,pos,0 days 00:09:04.751000,0 days 01:04:41.359000
2024-05-19 13:12:21.605,OnTrack,-2831,-5560,1095,pos,0 days 00:09:05.011000,0 days 01:04:41.619000
2024-05-19 13:12:21.905,OnTrack,-2711,-5553,1093,pos,0 days 00:09:05.311000,0 days 01:04:41.919000
2024-05-19 13:12:22.385,OnTrack,-2592,-5519,1090,pos,0 days 00:09:05.791000,0 days 01:04:42.399000
2024-05-19 13:12:22.765,OnTrack,-2497,-5483,1088,pos,0 days 00:09:06.171000,0 days 01:04:42.779000
2024-05-19 13:12:22.925,OnTrack,-2447,-5462,1087,pos,0 days 00:09:06.331000,0 days 01:04:42.939000
2024-05-19 13:12:23.105,OnTrack,-2388,-5436,1085,pos,0 days 00:09:06.511000,0 days 01:04:43.119000
2024-05-19 13:12:23.305,OnTrack,-2268,-5377,1083,pos,0 days 00:09:06.711000,0 days 01:04:43.319000
2024-05-19 13:12:23.665,OnTrack,-2184,-5333,1080,pos,0 days 00:09:07.071000,0 days 01:04:43.679000
2024-05-19 13:12:23.864,OnTrack,-2103,-5291,1078,pos,0 days 00:09:07.270000,0 days 01:04:43.878000
2024-05-19 13:12:24.184,OnTrack,-1967,-5218,1076,pos,0 days 00:09:07.590000,0 days 01:04:44.198000
2024-05-19 13:12:24.404,OnTrack,-1803,-5132,1072,pos,0 days 00:09:07.810000,0 days 01:04:44.418000
2024-05-19 13:12:24.784,OnTrack,-1647,-5053,1069,pos,0 days 00:09:08.190000,0 days 01:04:44.798000
2024-05-19 13:12:25.144,OnTrack,-1490,-4978,1067,pos,0 days 00:09:08.550000,0 days 01:04:45.158000
2024-05-19 13:12:25.344,OnTrack,-1383,-4930,1065,pos,0 days 00:09:08.750000,0 days 01:04:45.358000
2024-05-19 13:12:25.524,OnTrack,-1283,-4884,1063,pos,0 days 00:09:08.930000,0 days 01:04:45.538000
2024-05-19 13:12:25.684,OnTrack,-1194,-4842,1061,pos,0 days 00:09:09.090000,0 days 01:04:45.698000
2024-05-19 13:12:25.904,OnTrack,-1071,-4780,1059,pos,0 days 00:09:09.310000,0 days 01:04:45.918000
2024-05-19 13:12:26.124,OnTrack,-947,-4711,1056,pos,0 days 00:09:09.530000,0 days 01:04:46.138000
2024-05-19 13:12:26.444,OnTrack,-735,-4576,1050,pos,0 days 00:09:09.850000,0 days 01:04:46.458000
2024-05-19 13:12:26.765,OnTrack,-590,-4474,1046,pos,0 days 00:09:10.171000,0 days 01:04:46.779000
2024-05-19 13:12:27.025,OnTrack,-444,-4368,1042,pos,0 days 00:09:10.431000,0 days 01:04:47.039000
2024-05-19 13:12:27.205,OnTrack,-344,-4292,1039,pos,0 days 00:09:10.611000,0 days 01:04:47.219000
2024-05-19 13:12:27.485,OnTrack,-166,-4151,1033,pos,0 days 00:09:10.891000,0 days 01:04:47.499000
2024-05-19 13:12:27.905,OnTrack,40,-3968,1028,pos,0 days 00:09:11.311000,0 days 01:04:47.919000
2024-05-19 13:12:27.945,OnTrack,61,-3947,1027,pos,0 days 00:09:11.351000,0 days 01:04:47.959000
2024-05-19 13:12:28.205,OnTrack,198,-3811,1024,pos,0 days 00:09:11.611000,0 days 01:04:48.219000
2024-05-19 13:12:28.405,OnTrack,300,-3703,1020,pos,0 days 00:09:11.811000,0 days 01:04:48.419000
2024-05-19 13:12:28.625,OnTrack,473,-3512,1014,pos,0 days 00:09:12.031000,0 days 01:04:48.639000
2024-05-19 13:12:28.985,OnTrack,595,-3376,1007,pos,0 days 00:09:12.391000,0 days 01:04:48.999000
2024-05-19 13:12:29.285,OnTrack,812,-3136,994,pos,0 days 00:09:12.691000,0 days 01:04:49.299000
2024-05-19 13:12:29.625,OnTrack,926,-3010,985,pos,0 days 00:09:13.031000,0 days 01:04:49.639000
2024-05-19 13:12:29.925,OnTrack,1083,-2836,973,pos,0 days 00:09:13.331000,0 days 01:04:49.939000
2024-05-19 13:12:29.985,OnTrack,1114,-2801,970,pos,0 days 00:09:13.391000,0 days 01:04:49.999000
2024-05-19 13:12:30.305,OnTrack,1286,-2614,955,pos,0 days 00:09:13.711000,0 days 01:04:50.319000
2024-05-19 13:12:30.524,OnTrack,1452,-2446,940,pos,0 days 00:09:13.930000,0 days 01:04:50.538000
2024-05-19 13:12:30.944,OnTrack,1822,-2176,909,pos,0 days 00:09:14.350000,0 days 01:04:50.958000
2024-05-19 13:12:31.324,OnTrack,1999,-2094,896,pos,0 days 00:09:14.730000,0 days 01:04:51.338000
2024-05-19 13:12:31.604,OnTrack,2236,-2000,877,pos,0 days 00:09:15.010000,0 days 01:04:51.618000
2024-05-19 13:12:31.984,OnTrack,2468,-1906,859,pos,0 days 00:09:15.390000,0 days 01:04:51.998000
2024-05-19 13:12:32.144,OnTrack,2567,-1865,853,pos,0 days 00:09:15.550000,0 days 01:04:52.158000
2024-05-19 13:12:32.304,OnTrack,2659,-1828,846,pos,0 days 00:09:15.710000,0 days 01:04:52.318000
2024-05-19 13:12:32.544,OnTrack,2783,-1777,836,pos,0 days 00:09:15.950000,0 days 01:04:52.558000
2024-05-19 13:12:32.784,OnTrack,2893,-1731,829,pos,0 days 00:09:16.190000,0 days 01:04:52.798000
2024-05-19 13:12:32.944,OnTrack,2958,-1700,825,pos,0 days 00:09:16.350000,0 days 01:04:52.958000
2024-05-19 13:12:33.104,OnTrack,3016,-1668,821,pos,0 days 00:09:16.510000,0 days 01:04:53.118000
2024-05-19 13:12:33.345,OnTrack,3085,-1614,816,pos,0 days 00:09:16.751000,0 days 01:04:53.359000
2024-05-19 13:12:33.645,OnTrack,3168,-1489,809,pos,0 days 00:09:17.051000,0 days 01:04:53.659000
2024-05-19 13:12:33.965,OnTrack,3184,-1430,806,pos,0 days 00:09:17.371000,0 days 01:04:53.979000
2024-05-19 13:12:34.145,OnTrack,3190,-1371,804,pos,0 days 00:09:17.551000,0 days 01:04:54.159000
2024-05-19 13:12:34.385,OnTrack,3185,-1292,801,pos,0 days 00:09:17.791000,0 days 01:04:54.399000
2024-05-19 13:12:34.585,OnTrack,3173,-1226,800,pos,0 days 00:09:17.991000,0 days 01:04:54.599000
2024-05-19 13:12:34.865,OnTrack,3148,-1134,797,pos,0 days 00:09:18.271000,0 days 01:04:54.879000
2024-05-19 13:12:35.045,OnTrack,3129,-1075,796,pos,0 days 00:09:18.451000,0 days 01:04:55.059000
2024-05-19 13:12:35.265,OnTrack,3104,-1000,795,pos,0 days 00:09:18.671000,0 days 01:04:55.279000
2024-05-19 13:12:35.565,OnTrack,3056,-871,793,pos,0 days 00:09:18.971000,0 days 01:04:55.579000
2024-05-19 13:12:35.845,OnTrack,3019,-788,792,pos,0 days 00:09:19.251000,0 days 01:04:55.859000
2024-05-19 13:12:36.065,OnTrack,2975,-701,791,pos,0 days 00:09:19.471000,0 days 01:04:56.079000
2024-05-19 13:12:36.325,OnTrack,2882,-557,789,pos,0 days 00:09:19.731000,0 days 01:04:56.339000
2024-05-19 13:12:36.645,OnTrack,2824,-496,789,pos,0 days 00:09:20.051000,0 days 01:04:56.659000
2024-05-19 13:12:36.865,OnTrack,2753,-441,788,pos,0 days 00:09:20.271000,0 days 01:04:56.879000
2024-05-19 13:12:37.224,OnTrack,2603,-379,787,pos,0 days 00:09:20.630000,0 days 01:04:57.238000
2024-05-19 13:12:37.624,OnTrack,2433,-359,786,pos,0 days 00:09:21.030000,0 days 01:04:57.638000
2024-05-19 13:12:37.964,OnTrack,2329,-364,786,pos,0 days 00:09:21.370000,0 days 01:04:57.978000
2024-05-19 13:12:38.184,OnTrack,2240,-380,784,pos,0 days 00:09:21.590000,0 days 01:04:58.198000
2024-05-19 13:12:38.324,OnTrack,2183,-396,784,pos,0 days 00:09:21.730000,0 days 01:04:58.338000
2024-05-19 13:12:38.544,OnTrack,2092,-430,783,pos,0 days 00:09:21.950000,0 days 01:04:58.558000
2024-05-19 13:12:38.804,OnTrack,1939,-500,781,pos,0 days 00:09:22.210000,0 days 01:04:58.818000
2024-05-19 13:12:39.164,OnTrack,1836,-549,780,pos,0 days 00:09:22.570000,0 days 01:04:59.178000
2024-05-19 13:12:39.484,OnTrack,1636,-640,778,pos,0 days 00:09:22.890000,0 days 01:04:59.498000
2024-05-19 13:12:39.785,OnTrack,1534,-686,778,pos,0 days 00:09:23.191000,0 days 01:04:59.799000
2024-05-19 13:12:40.125,OnTrack,1278,-802,778,pos,0 days 00:09:23.531000,0 days 01:05:00.139000
2024-05-19 13:12:40.505,OnTrack,1064,-899,778,pos,0 days 00:09:23.911000,0 days 01:05:00.519000
2024-05-19 13:12:40.805,OnTrack,972,-940,778,pos,0 days 00:09:24.211000,0 days 01:05:00.819000
2024-05-19 13:12:41.065,OnTrack,818,-1008,779,pos,0 days 00:09:24.471000,0 days 01:05:01.079000
2024-05-19 13:12:41.245,OnTrack,708,-1054,779,pos,0 days 00:09:24.651000,0 days 01:05:01.259000
2024-05-19 13:12:41.585,OnTrack,471,-1153,780,pos,0 days 00:09:24.991000,0 days 01:05:01.599000
2024-05-19 13:12:41.905,OnTrack,292,-1228,781,pos,0 days 00:09:25.311000,0 days 01:05:01.919000
2024-05-19 13:12:42.105,OnTrack,163,-1283,781,pos,0 days 00:09:25.511000,0 days 01:05:02.119000
2024-05-19 13:12:42.345,OnTrack,5,-1349,781,pos,0 days 00:09:25.751000,0 days 01:05:02.359000
2024-05-19 13:12:42.625,OnTrack,-237,-1442,782,pos,0 days 00:09:26.031000,0 days 01:05:02.639000
2024-05-19 13:12:42.865,OnTrack,-348,-1478,782,pos,0 days 00:09:26.271000,0 days 01:05:02.879000
2024-05-19 13:12:43.145,OnTrack,-548,-1531,783,pos,0 days 00:09:26.551000,0 days 01:05:03.159000
2024-05-19 13:12:43.305,OnTrack,-664,-1554,783,pos,0 days 00:09:26.711000,0 days 01:05:03.319000
2024-05-19 13:12:43.505,OnTrack,-813,-1572,783,pos,0 days 00:09:26.911000,0 days 01:05:03.519000
2024-05-19 13:12:43.744,OnTrack,-1032,-1586,784,pos,0 days 00:09:27.150000,0 days 01:05:03.758000
2024-05-19 13:12:44.004,OnTrack,-1321,-1594,785,pos,0 days 00:09:27.410000,0 days 01:05:04.018000
2024-05-19 13:12:44.464,OnTrack,-1601,-1611,786,pos,0 days 00:09:27.870000,0 days 01:05:04.478000
2024-05-19 13:12:44.864,OnTrack,-1883,-1627,787,pos,0 days 00:09:28.270000,0 days 01:05:04.878000
2024-05-19 13:12:45.044,OnTrack,-2138,-1641,788,pos,0 days 00:09:28.450000,0 days 01:05:05.058000
2024-05-19 13:12:45.524,OnTrack,-2475,-1660,790,pos,0 days 00:09:28.930000,0 days 01:05:05.538000
2024-05-19 13:12:45.944,OnTrack,-2782,-1672,791,pos,0 days 00:09:29.350000,0 days 01:05:05.958000
2024-05-19 13:12:46.204,OnTrack,-2961,-1678,792,pos,0 days 00:09:29.610000,0 days 01:05:06.218000
2024-05-19 13:12:46.425,OnTrack,-3141,-1684,793,pos,0 days 00:09:29.831000,0 days 01:05:06.439000
2024-05-19 13:12:46.585,OnTrack,-3272,-1689,793,pos,0 days 00:09:29.991000,0 days 01:05:06.599000
2024-05-19 13:12:46.905,OnTrack,-3536,-1695,794,pos,0 days 00:09:30.311000,0 days 01:05:06.919000
2024-05-19 13:12:47.125,OnTrack,-3717,-1691,795,pos,0 days 00:09:30.531000,0 days 01:05:07.139000
2024-05-19 13:12:47.385,OnTrack,-3932,-1670,796,pos,0 days 00:09:30.791000,0 days 01:05:07.399000
2024-05-19 13:12:47.565,OnTrack,-4081,-1647,797,pos,0 days 00:09:30.971000,0 days 01:05:07.579000
2024-05-19 13:12:47.705,OnTrack,-4197,-1625,798,pos,0 days 00:09:31.111000,0 days 01:05:07.719000
2024-05-19 13:12:47.905,OnTrack,-4363,-1589,798,pos,0 days 00:09:31.311000,0 days 01:05:07.919000
2024-05-19 13:12:48.205,OnTrack,-4610,-1531,800,pos,0 days 00:09:31.611000,0 days 01:05:08.219000
2024-05-19 13:12:48.445,OnTrack,-4807,-1483,801,pos,0 days 00:09:31.851000,0 days 01:05:08.459000
2024-05-19 13:12:48.645,OnTrack,-5054,-1422,804,pos,0 days 00:09:32.051000,0 days 01:05:08.659000
2024-05-19 13:12:49.045,OnTrack,-5418,-1336,806,pos,0 days 00:09:32.451000,0 days 01:05:09.059000
2024-05-19 13:12:49.285,OnTrack,-5501,-1318,807,pos,0 days 00:09:32.691000,0 days 01:05:09.299000
2024-05-19 13:12:49.565,OnTrack,-5736,-1277,810,pos,0 days 00:09:32.971000,0 days 01:05:09.579000
2024-05-19 13:12:49.825,OnTrack,-6060,-1242,812,pos,0 days 00:09:33.231000,0 days 01:05:09.839000
2024-05-19 13:12:50.105,OnTrack,-6197,-1235,814,pos,0 days 00:09:33.511000,0 days 01:05:10.119000
2024-05-19 13:12:50.384,OnTrack,-6437,-1230,814,pos,0 days 00:09:33.790000,0 days 01:05:10.398000
2024-05-19 13:12:50.564,OnTrack,-6591,-1229,815,pos,0 days 00:09:33.970000,0 days 01:05:10.578000
2024-05-19 13:12:50.724,OnTrack,-6728,-1230,816,pos,0 days 00:09:34.130000,0 days 01:05:10.738000
2024-05-19 13:12:51.004,OnTrack,-7086,-1239,817,pos,0 days 00:09:34.410000,0 days 01:05:11.018000
2024-05-19 13:12:51.324,OnTrack,-7239,-1247,817,pos,0 days 00:09:34.730000,0 days 01:05:11.338000
2024-05-19 13:12:51.544,OnTrack,-7425,-1260,818,pos,0 days 00:09:34.950000,0 days 01:05:11.558000
2024-05-19 13:12:51.904,OnTrack,-7796,-1298,818,pos,0 days 00:09:35.310000,0 days 01:05:11.918000
2024-05-19 13:12:52.204,OnTrack,-7981,-1320,818,pos,0 days 00:09:35.610000,0 days 01:05:12.218000
2024-05-19 13:12:52.344,OnTrack,-8098,-1335,818,pos,0 days 00:09:35.750000,0 days 01:05:12.358000
2024-05-19 13:12:52.644,OnTrack,-8347,-1368,819,pos,0 days 00:09:36.050000,0 days 01:05:12.658000
2024-05-19 13:12:52.864,OnTrack,-8645,-1409,819,pos,0 days 00:09:36.270000,0 days 01:05:12.878000
2024-05-19 13:12:53.365,OnTrack,-8991,-1459,819,pos,0 days 00:09:36.771000,0 days 01:05:13.379000
2024-05-19 13:12:53.725,OnTrack,-9234,-1503,819,pos,0 days 00:09:37.131000,0 days 01:05:13.739000
2024-05-19 13:12:53.925,OnTrack,-9387,-1542,819,pos,0 days 00:09:37.331000,0 days 01:05:13.939000
2024-05-19 13:12:54.105,OnTrack,-9604,-1608,819,pos,0 days 00:09:37.511000,0 days 01:05:14.119000
2024-05-19 13:12:54.545,OnTrack,-9809,-1673,818,pos,0 days 00:09:37.951000,0 days 01:05:14.559000
2024-05-19 13:12:54.625,OnTrack,-9853,-1687,818,pos,0 days 00:09:38.031000,0 days 01:05:14.639000
2024-05-19 13:12:54.865,OnTrack,-10062,-1752,818,pos,0 days 00:09:38.271000,0 days 01:05:14.879000
2024-05-19 13:12:55.305,OnTrack,-10215,-1807,818,pos,0 days 00:09:38.711000,0 days 01:05:15.319000
2024-05-19 13:12:55.465,OnTrack,-10270,-1841,818,pos,0 days 00:09:38.871000,0 days 01:05:15.479000
2024-05-19 13:12:55.805,OnTrack,-10365,-1963,818,pos,0 days 00:09:39.211000,0 days 01:05:15.819000
2024-05-19 13:12:56.205,OnTrack,-10414,-2117,819,pos,0 days 00:09:39.611000,0 days 01:05:16.219000
2024-05-19 13:12:56.365,OnTrack,-10433,-2185,819,pos,0 days 00:09:39.771000,0 days 01:05:16.379000
2024-05-19 13:12:56.525,OnTrack,-10482,-2307,819,pos,0 days 00:09:39.931000,0 days 01:05:16.539000
2024-05-19 13:12:56.924,OnTrack,-10550,-2406,818,pos,0 days 00:09:40.330000,0 days 01:05:16.938000
2024-05-19 13:12:57.084,OnTrack,-10604,-2461,818,pos,0 days 00:09:40.490000,0 days 01:05:17.098000
2024-05-19 13:12:57.364,OnTrack,-10711,-2543,819,pos,0 days 00:09:40.770000,0 days 01:05:17.378000
2024-05-19 13:12:57.624,OnTrack,-10818,-2611,820,pos,0 days 00:09:41.030000,0 days 01:05:17.638000
2024-05-19 13:12:57.804,OnTrack,-10947,-2687,821,pos,0 days 00:09:41.210000,0 days 01:05:17.818000
2024-05-19 13:12:58.224,OnTrack,-11130,-2792,822,pos,0 days 00:09:41.630000,0 days 01:05:18.238000
2024-05-19 13:12:58.584,OnTrack,-11254,-2865,823,pos,0 days 00:09:41.990000,0 days 01:05:18.598000
2024-05-19 13:12:58.804,OnTrack,-11361,-2931,824,pos,0 days 00:09:42.210000,0 days 01:05:18.818000
2024-05-19 13:12:59.064,OnTrack,-11540,-3066,825,pos,0 days 00:09:42.470000,0 days 01:05:19.078000
2024-05-19 13:12:59.504,OnTrack,-11668,-3212,825,pos,0 days 00:09:42.910000,0 days 01:05:19.518000
2024-05-19 13:12:59.665,OnTrack,-11720,-3297,825,pos,0 days 00:09:43.071000,0 days 01:05:19.679000
2024-05-19 13:12:59.805,OnTrack,-11760,-3377,826,pos,0 days 00:09:43.211000,0 days 01:05:19.819000
2024-05-19 13:13:00.025,OnTrack,-11816,-3508,826,pos,0 days 00:09:43.431000,0 days 01:05:20.039000
2024-05-19 13:13:00.225,OnTrack,-11863,-3631,827,pos,0 days 00:09:43.631000,0 days 01:05:20.239000
2024-05-19 13:13:00.505,OnTrack,-11927,-3804,828,pos,0 days 00:09:43.911000,0 days 01:05:20.519000
2024-05-19 13:13:00.705,OnTrack,-11974,-3930,828,pos,0 days 00:09:44.111000,0 days 01:05:20.719000
2024-05-19 13:13:00.785,OnTrack,-11994,-3980,828,pos,0 days 00:09:44.191000,0 days 01:05:20.799000
2024-05-19 13:13:01.125,OnTrack,-12076,-4199,829,pos,0 days 00:09:44.531000,0 days 01:05:21.139000
2024-05-19 13:13:01.745,OnTrack,-12231,-4613,830,pos,0 days 00:09:45.151000,0 days 01:05:21.759000
2024-05-19 13:13:01.945,OnTrack,-12282,-4750,831,pos,0 days 00:09:45.351000,0 days 01:05:21.959000
2024-05-19 13:13:02.105,OnTrack,-12324,-4860,831,pos,0 days 00:09:45.511000,0 days 01:05:22.119000
2024-05-19 13:13:02.285,OnTrack,-12371,-4985,831,pos,0 days 00:09:45.691000,0 days 01:05:22.299000
2024-05-19 13:13:02.505,OnTrack,-12428,-5139,832,pos,0 days 00:09:45.911000,0 days 01:05:22.519000
2024-05-19 13:13:02.745,OnTrack,-12493,-5309,832,pos,0 days 00:09:46.151000,0 days 01:05:22.759000
2024-05-19 13:13:03.105,OnTrack,-12600,-5596,833,pos,0 days 00:09:46.511000,0 days 01:05:23.119000
2024-05-19 13:13:03.524,OnTrack,-12704,-5872,833,pos,0 days 00:09:46.930000,0 days 01:05:23.538000
2024-05-19 13:13:03.724,OnTrack,-12798,-6119,834,pos,0 days 00:09:47.130000,0 days 01:05:23.738000
2024-05-19 13:13:04.004,OnTrack,-12839,-6220,835,pos,0 days 00:09:47.410000,0 days 01:05:24.018000
2024-05-19 13:13:04.324,OnTrack,-12977,-6551,835,pos,0 days 00:09:47.730000,0 days 01:05:24.338000
2024-05-19 13:13:04.684,OnTrack,-13043,-6708,836,pos,0 days 00:09:48.090000,0 days 01:05:24.698000
2024-05-19 13:13:04.824,OnTrack,-13083,-6807,836,pos,0 days 00:09:48.230000,0 days 01:05:24.838000
2024-05-19 13:13:05.204,OnTrack,-13161,-7114,838,pos,0 days 00:09:48.610000,0 days 01:05:25.218000
2024-05-19 13:13:05.564,OnTrack,-13150,-7347,839,pos,0 days 00:09:48.970000,0 days 01:05:25.578000
2024-05-19 13:13:06.004,OnTrack,-13104,-7568,840,pos,0 days 00:09:49.410000,0 days 01:05:26.018000
2024-05-19 13:13:06.084,OnTrack,-13093,-7615,841,pos,0 days 00:09:49.490000,0 days 01:05:26.098000
2024-05-19 13:13:06.265,OnTrack,-13069,-7713,842,pos,0 days 00:09:49.671000,0 days 01:05:26.279000
2024-05-19 13:13:06.585,OnTrack,-13034,-7875,843,pos,0 days 00:09:49.991000,0 days 01:05:26.599000
2024-05-19 13:13:06.805,OnTrack,-13024,-7976,843,pos,0 days 00:09:50.211000,0 days 01:05:26.819000
2024-05-19 13:13:07.065,OnTrack,-13051,-8127,845,pos,0 days 00:09:50.471000,0 days 01:05:27.079000
2024-05-19 13:13:07.445,OnTrack,-13138,-8252,846,pos,0 days 00:09:50.851000,0 days 01:05:27.459000
2024-05-19 13:13:07.725,OnTrack,-13217,-8323,847,pos,0 days 00:09:51.131000,0 days 01:05:27.739000
2024-05-19 13:13:08.045,OnTrack,-13333,-8424,849,pos,0 days 00:09:51.451000,0 days 01:05:28.059000
2024-05-19 13:13:08.185,OnTrack,-13386,-8468,849,pos,0 days 00:09:51.591000,0 days 01:05:28.199000
2024-05-19 13:13:08.485,OnTrack,-13501,-8566,851,pos,0 days 00:09:51.891000,0 days 01:05:28.499000
2024-05-19 13:13:08.685,OnTrack,-13621,-8668,852,pos,0 days 00:09:52.091000,0 days 01:05:28.699000
2024-05-19 13:13:08.925,OnTrack,-13679,-8717,853,pos,0 days 00:09:52.331000,0 days 01:05:28.939000
2024-05-19 13:13:09.265,OnTrack,-13832,-8845,856,pos,0 days 00:09:52.671000,0 days 01:05:29.279000
2024-05-19 13:13:09.605,OnTrack,-13949,-8944,858,pos,0 days 00:09:53.011000,0 days 01:05:29.619000
2024-05-19 13:13:09.785,OnTrack,-14036,-9023,861,pos,0 days 00:09:53.191000,0 days 01:05:29.799000
2024-05-19 13:13:10.124,OnTrack,-14228,-9211,867,pos,0 days 00:09:53.530000,0 days 01:05:30.138000
2024-05-19 13:13:10.384,OnTrack,-14298,-9281,871,pos,0 days 00:09:53.790000,0 days 01:05:30.398000
2024-05-19 13:13:10.664,OnTrack,-14422,-9404,876,pos,0 days 00:09:54.070000,0 days 01:05:30.678000
2024-05-19 13:13:10.864,OnTrack,-14510,-9488,881,pos,0 days 00:09:54.270000,0 days 01:05:30.878000
2024-05-19 13:13:11.084,OnTrack,-14602,-9573,885,pos,0 days 00:09:54.490000,0 days 01:05:31.098000
2024-05-19 13:13:11.284,OnTrack,-14677,-9646,888,pos,0 days 00:09:54.690000,0 days 01:05:31.298000
2024-05-19 13:13:11.584,OnTrack,-14784,-9759,894,pos,0 days 00:09:54.990000,0 days 01:05:31.598000
2024-05-19 13:13:11.984,OnTrack,-14885,-9916,899,pos,0 days 00:09:55.390000,0 days 01:05:31.998000
2024-05-19 13:13:12.344,OnTrack,-14907,-9985,901,pos,0 days 00:09:55.750000,0 days 01:05:32.358000
2024-05-19 13:13:12.524,OnTrack,-14915,-10041,903,pos,0 days 00:09:55.930000,0 days 01:05:32.538000
2024-05-19 13:13:12.805,OnTrack,-14902,-10148,908,pos,0 days 00:09:56.211000,0 days 01:05:32.819000
2024-05-19 13:13:13.185,OnTrack,-14864,-10225,913,pos,0 days 00:09:56.591000,0 days 01:05:33.199000
2024-05-19 13:13:13.465,OnTrack,-14787,-10304,919,pos,0 days 00:09:56.871000,0 days 01:05:33.479000
2024-05-19 13:13:13.685,OnTrack,-14766,-10319,921,pos,0 days 00:09:57.091000,0 days 01:05:33.699000
2024-05-19 13:13:14.025,OnTrack,-14684,-10362,924,pos,0 days 00:09:57.431000,0 days 01:05:34.039000
2024-05-19 13:13:14.225,OnTrack,-14600,-10385,929,pos,0 days 00:09:57.631000,0 days 01:05:34.239000
2024-05-19 13:13:14.585,OnTrack,-14489,-10395,935,pos,0 days 00:09:57.991000,0 days 01:05:34.599000
2024-05-19 13:13:15.105,OnTrack,-14342,-10388,942,pos,0 days 00:09:58.511000,0 days 01:05:35.119000
2024-05-19 13:13:15.425,OnTrack,-14278,-10380,945,pos,0 days 00:09:58.831000,0 days 01:05:35.439000
2024-05-19 13:13:15.625,OnTrack,-14202,-10369,948,pos,0 days 00:09:59.031000,0 days 01:05:35.639000
2024-05-19 13:13:15.885,OnTrack,-14096,-10350,952,pos,0 days 00:09:59.291000,0 days 01:05:35.899000
2024-05-19 13:13:16.165,OnTrack,-13974,-10327,958,pos,0 days 00:09:59.571000,0 days 01:05:36.179000
2024-05-19 13:13:16.305,OnTrack,-13910,-10314,961,pos,0 days 00:09:59.711000,0 days 01:05:36.319000
2024-05-19 13:13:16.544,OnTrack,-13795,-10290,966,pos,0 days 00:09:59.950000,0 days 01:05:36.558000
2024-05-19 13:13:16.704,OnTrack,-13644,-10259,973,pos,0 days 00:10:00.110000,0 days 01:05:36.718000
2024-05-19 13:13:17.124,OnTrack,-13495,-10231,979,pos,0 days 00:10:00.530000,0 days 01:05:37.138000
2024-05-19 13:13:17.244,OnTrack,-13430,-10219,982,pos,0 days 00:10:00.650000,0 days 01:05:37.258000
2024-05-19 13:13:17.444,OnTrack,-13318,-10199,986,pos,0 days 00:10:00.850000,0 days 01:05:37.458000
2024-05-19 13:13:17.744,OnTrack,-13060,-10154,995,pos,0 days 00:10:01.150000,0 days 01:05:37.758000
2024-05-19 13:13:18.184,OnTrack,-12877,-10125,1000,pos,0 days 00:10:01.590000,0 days 01:05:38.198000
2024-05-19 13:13:18.324,OnTrack,-12790,-10111,1003,pos,0 days 00:10:01.730000,0 days 01:05:38.338000
2024-05-19 13:13:18.604,OnTrack,-12611,-10084,1009,pos,0 days 00:10:02.010000,0 days 01:05:38.618000
2024-05-19 13:13:18.804,OnTrack,-12388,-10052,1017,pos,0 days 00:10:02.210000,0 days 01:05:38.818000
2024-05-19 13:13:19.184,OnTrack,-12228,-10030,1025,pos,0 days 00:10:02.590000,0 days 01:05:39.198000
2024-05-19 13:13:19.345,OnTrack,-12119,-10015,1031,pos,0 days 00:10:02.751000,0 days 01:05:39.359000
2024-05-19 13:13:19.525,OnTrack,-11995,-9998,1039,pos,0 days 00:10:02.931000,0 days 01:05:39.539000
2024-05-19 13:13:19.745,OnTrack,-11814,-9975,1052,pos,0 days 00:10:03.151000,0 days 01:05:39.759000
2024-05-19 13:13:20.065,OnTrack,-11588,-9950,1066,pos,0 days 00:10:03.471000,0 days 01:05:40.079000
2024-05-19 13:13:20.245,OnTrack,-11459,-9938,1074,pos,0 days 00:10:03.651000,0 days 01:05:40.259000
2024-05-19 13:13:20.365,OnTrack,-11373,-9931,1080,pos,0 days 00:10:03.771000,0 days 01:05:40.379000
2024-05-19 13:13:20.705,OnTrack,-11023,-9918,1101,pos,0 days 00:10:04.111000,0 days 01:05:40.719000
2024-05-19 13:13:21.005,OnTrack,-10906,-9918,1108,pos,0 days 00:10:04.411000,0 days 01:05:41.019000
2024-05-19 13:13:21.305,OnTrack,-10686,-9926,1118,pos,0 days 00:10:04.711000,0 days 01:05:41.319000
2024-05-19 13:13:21.425,OnTrack,-10598,-9932,1120,pos,0 days 00:10:04.831000,0 days 01:05:41.439000
2024-05-19 13:13:21.745,OnTrack,-10363,-9954,1122,pos,0 days 00:10:05.151000,0 days 01:05:41.759000
2024-05-19 13:13:21.945,OnTrack,-10216,-9970,1122,pos,0 days 00:10:05.351000,0 days 01:05:41.959000
2024-05-19 13:13:22.105,OnTrack,-10025,-9992,1120,pos,0 days 00:10:05.511000,0 days 01:05:42.119000
2024-05-19 13:13:22.485,OnTrack,-9820,-10016,1119,pos,0 days 00:10:05.891000,0 days 01:05:42.499000
2024-05-19 13:13:22.765,OnTrack,-9615,-10039,1117,pos,0 days 00:10:06.171000,0 days 01:05:42.779000
2024-05-19 13:13:22.965,OnTrack,-9473,-10054,1116,pos,0 days 00:10:06.371000,0 days 01:05:42.979000
2024-05-19 13:13:23.204,OnTrack,-9314,-10068,1115,pos,0 days 00:10:06.610000,0 days 01:05:43.218000
2024-05-19 13:13:23.324,OnTrack,-9238,-10071,1114,pos,0 days 00:10:06.730000,0 days 01:05:43.338000
2024-05-19 13:13:23.644,OnTrack,-9042,-10058,1114,pos,0 days 00:10:07.050000,0 days 01:05:43.658000
2024-05-19 13:13:24.044,OnTrack,-8807,-9965,1113,pos,0 days 00:10:07.450000,0 days 01:05:44.058000
2024-05-19 13:13:24.464,OnTrack,-8627,-9788,1106,pos,0 days 00:10:07.870000,0 days 01:05:44.478000
2024-05-19 13:13:24.704,OnTrack,-8596,-9739,1105,pos,0 days 00:10:08.110000,0 days 01:05:44.718000
2024-05-19 13:13:24.904,OnTrack,-8538,-9634,1102,pos,0 days 00:10:08.310000,0 days 01:05:44.918000
2024-05-19 13:13:25.264,OnTrack,-8442,-9441,1095,pos,0 days 00:10:08.670000,0 days 01:05:45.278000
2024-05-19 13:13:25.444,OnTrack,-8372,-9287,1090,pos,0 days 00:10:08.850000,0 days 01:05:45.458000
2024-05-19 13:13:25.744,OnTrack,-8328,-9171,1086,pos,0 days 00:10:09.150000,0 days 01:05:45.758000
2024-05-19 13:13:26.085,OnTrack,-8271,-8963,1079,pos,0 days 00:10:09.491000,0 days 01:05:46.099000
2024-05-19 13:13:26.265,OnTrack,-8252,-8847,1074,pos,0 days 00:10:09.671000,0 days 01:05:46.279000
2024-05-19 13:13:26.465,OnTrack,-8240,-8715,1066,pos,0 days 00:10:09.871000,0 days 01:05:46.479000
2024-05-19 13:13:26.725,OnTrack,-8241,-8470,1052,pos,0 days 00:10:10.131000,0 days 01:05:46.739000
2024-05-19 13:13:27.145,OnTrack,-8261,-8263,1035,pos,0 days 00:10:10.551000,0 days 01:05:47.159000
2024-05-19 13:13:27.365,OnTrack,-8282,-8109,1020,pos,0 days 00:10:10.771000,0 days 01:05:47.379000
2024-05-19 13:13:27.585,OnTrack,-8321,-7898,1002,pos,0 days 00:10:10.991000,0 days 01:05:47.599000
2024-05-19 13:13:27.965,OnTrack,-8385,-7613,980,pos,0 days 00:10:11.371000,0 days 01:05:47.979000
2024-05-19 13:13:28.305,OnTrack,-8424,-7441,968,pos,0 days 00:10:11.711000,0 days 01:05:48.319000
2024-05-19 13:13:28.445,OnTrack,-8448,-7340,962,pos,0 days 00:10:11.851000,0 days 01:05:48.459000
2024-05-19 13:13:28.765,OnTrack,-8514,-7049,947,pos,0 days 00:10:12.171000,0 days 01:05:48.779000
2024-05-19 13:13:29.045,OnTrack,-8547,-6903,939,pos,0 days 00:10:12.451000,0 days 01:05:49.059000
2024-05-19 13:13:29.385,OnTrack,-8618,-6581,922,pos,0 days 00:10:12.791000,0 days 01:05:49.399000
2024-05-19 13:13:29.764,OnTrack,-8654,-6326,910,pos,0 days 00:10:13.170000,0 days 01:05:49.778000
2024-05-19 13:13:30.164,OnTrack,-8631,-6127,902,pos,0 days 00:10:13.570000,0 days 01:05:50.178000
2024-05-19 13:13:30.404,OnTrack,-8574,-5968,899,pos,0 days 00:10:13.810000,0 days 01:05:50.418000
2024-05-19 13:13:30.484,OnTrack,-8551,-5917,898,pos,0 days 00:10:13.890000,0 days 01:05:50.498000
2024-05-19 13:13:30.724,OnTrack,-8478,-5777,896,pos,0 days 00:10:14.130000,0 days 01:05:50.738000
2024-05-19 13:13:31.044,OnTrack,-8376,-5604,897,pos,0 days 00:10:14.450000,0 days 01:05:51.058000
2024-05-19 13:13:31.404,OnTrack,-8290,-5483,900,pos,0 days 00:10:14.810000,0 days 01:05:51.418000
2024-05-19 13:13:31.504,OnTrack,-8263,-5451,902,pos,0 days 00:10:14.910000,0 days 01:05:51.518000
2024-05-19 13:13:31.804,OnTrack,-8176,-5376,905,pos,0 days 00:10:15.210000,0 days 01:05:51.818000
2024-05-19 13:13:32.064,OnTrack,-8091,-5337,908,pos,0 days 00:10:15.470000,0 days 01:05:52.078000
2024-05-19 13:13:32.264,OnTrack,-7978,-5327,915,pos,0 days 00:10:15.670000,0 days 01:05:52.278000
2024-05-19 13:13:32.605,OnTrack,-7898,-5339,921,pos,0 days 00:10:16.011000,0 days 01:05:52.619000
2024-05-19 13:13:32.865,OnTrack,-7758,-5375,933,pos,0 days 00:10:16.271000,0 days 01:05:52.879000
2024-05-19 13:13:33.285,OnTrack,-7626,-5408,945,pos,0 days 00:10:16.691000,0 days 01:05:53.299000
2024-05-19 13:13:33.545,OnTrack,-7557,-5420,953,pos,0 days 00:10:16.951000,0 days 01:05:53.559000
2024-05-19 13:13:33.825,OnTrack,-7442,-5434,962,pos,0 days 00:10:17.231000,0 days 01:05:53.839000
2024-05-19 13:13:34.125,OnTrack,-7239,-5443,980,pos,0 days 00:10:17.531000,0 days 01:05:54.139000
2024-05-19 13:13:34.365,OnTrack,-7191,-5443,984,pos,0 days 00:10:17.771000,0 days 01:05:54.379000
2024-05-19 13:13:34.665,OnTrack,-7041,-5443,995,pos,0 days 00:10:18.071000,0 days 01:05:54.679000
2024-05-19 13:13:34.845,OnTrack,-6872,-5441,1006,pos,0 days 00:10:18.251000,0 days 01:05:54.859000
2024-05-19 13:13:35.345,OnTrack,-6628,-5439,1019,pos,0 days 00:10:18.751000,0 days 01:05:55.359000
2024-05-19 13:13:35.605,OnTrack,-6523,-5438,1023,pos,0 days 00:10:19.011000,0 days 01:05:55.619000
2024-05-19 13:13:35.845,OnTrack,-6380,-5437,1029,pos,0 days 00:10:19.251000,0 days 01:05:55.859000
2024-05-19 13:13:36.045,OnTrack,-6257,-5436,1032,pos,0 days 00:10:19.451000,0 days 01:05:56.059000
2024-05-19 13:13:36.304,OnTrack,-6094,-5434,1036,pos,0 days 00:10:19.710000,0 days 01:05:56.318000
2024-05-19 13:13:36.484,OnTrack,-5979,-5433,1040,pos,0 days 00:10:19.890000,0 days 01:05:56.498000
2024-05-19 13:13:36.684,OnTrack,-5850,-5432,1044,pos,0 days 00:10:20.090000,0 days 01:05:56.698000
2024-05-19 13:13:36.884,OnTrack,-5720,-5431,1047,pos,0 days 00:10:20.290000,0 days 01:05:56.898000
2024-05-19 13:13:37.084,OnTrack,-5586,-5430,1051,pos,0 days 00:10:20.490000,0 days 01:05:57.098000
2024-05-19 13:13:37.384,OnTrack,-5295,-5426,1059,pos,0 days 00:10:20.790000,0 days 01:05:57.398000
2024-05-19 13:13:37.764,OnTrack,-5128,-5418,1065,pos,0 days 00:10:21.170000,0 days 01:05:57.778000
2024-05-19 13:13:37.944,OnTrack,-4990,-5407,1069,pos,0 days 00:10:21.350000,0 days 01:05:57.958000
2024-05-19 13:13:38.204,OnTrack,-4779,-5388,1074,pos,0 days 00:10:21.610000,0 days 01:05:58.218000
2024-05-19 13:13:38.444,OnTrack,-4638,-5376,1078,pos,0 days 00:10:21.850000,0 days 01:05:58.458000
2024-05-19 13:13:38.704,OnTrack,-4454,-5360,1081,pos,0 days 00:10:22.110000,0 days 01:05:58.718000
2024-05-19 13:13:38.964,OnTrack,-4270,-5345,1083,pos,0 days 00:10:22.370000,0 days 01:05:58.978000
2024-05-19 13:13:39.185,OnTrack,-4015,-5323,1085,pos,0 days 00:10:22.591000,0 days 01:05:59.199000
2024-05-19 13:13:39.605,OnTrack,-3822,-5308,1086,pos,0 days 00:10:23.011000,0 days 01:05:59.619000
2024-05-19 13:13:39.765,OnTrack,-3719,-5299,1087,pos,0 days 00:10:23.171000,0 days 01:05:59.779000
2024-05-19 13:13:40.045,OnTrack,-3561,-5287,1087,pos,0 days 00:10:23.451000,0 days 01:06:00.059000
2024-05-19 13:13:40.245,OnTrack,-3462,-5279,1088,pos,0 days 00:10:23.651000,0 days 01:06:00.259000
2024-05-19 13:13:40.445,OnTrack,-3313,-5273,1090,pos,0 days 00:10:23.851000,0 days 01:06:00.459000
2024-05-19 13:13:40.765,OnTrack,-3249,-5276,1091,pos,0 days 00:10:24.171000,0 days 01:06:00.779000
2024-05-19 13:13:41.105,OnTrack,-3118,-5337,1095,pos,0 days 00:10:24.511000,0 days 01:06:01.119000
2024-05-19 13:13:41.465,OnTrack,-3052,-5405,1096,pos,0 days 00:10:24.871000,0 days 01:06:01.479000
2024-05-19 13:13:41.685,OnTrack,-3001,-5460,1096,pos,0 days 00:10:25.091000,0 days 01:06:01.699000
2024-05-19 13:13:41.805,OnTrack,-2974,-5486,1096,pos,0 days 00:10:25.211000,0 days 01:06:01.819000
2024-05-19 13:13:41.965,OnTrack,-2935,-5516,1096,pos,0 days 00:10:25.371000,0 days 01:06:01.979000
2024-05-19 13:13:42.205,OnTrack,-2833,-5559,1095,pos,0 days 00:10:25.611000,0 days 01:06:02.219000
2024-05-19 13:13:42.545,OnTrack,-2779,-5563,1094,pos,0 days 00:10:25.951000,0 days 01:06:02.559000
2024-05-19 13:13:42.844,OnTrack,-2692,-5548,1092,pos,0 days 00:10:26.250000,0 days 01:06:02.858000
2024-05-19 13:13:43.024,OnTrack,-2641,-5534,1091,pos,0 days 00:10:26.430000,0 days 01:06:03.038000
2024-05-19 13:13:43.284,OnTrack,-2567,-5510,1089,pos,0 days 00:10:26.690000,0 days 01:06:03.298000
2024-05-19 13:13:43.544,OnTrack,-2488,-5480,1087,pos,0 days 00:10:26.950000,0 days 01:06:03.558000
2024-05-19 13:13:43.584,OnTrack,-2476,-5474,1087,pos,0 days 00:10:26.990000,0 days 01:06:03.598000
2024-05-19 13:13:43.824,OnTrack,-2399,-5441,1085,pos,0 days 00:10:27.230000,0 days 01:06:03.838000
2024-05-19 13:13:44.044,OnTrack,-2323,-5405,1084,pos,0 days 00:10:27.450000,0 days 01:06:04.058000
2024-05-19 13:13:44.364,OnTrack,-2150,-5315,1080,pos,0 days 00:10:27.770000,0 days 01:06:04.378000
2024-05-19 13:13:44.624,OnTrack,-2101,-5290,1079,pos,0 days 00:10:28.030000,0 days 01:06:04.638000
2024-05-19 13:13:44.844,OnTrack,-2008,-5240,1077,pos,0 days 00:10:28.250000,0 days 01:06:04.858000
2024-05-19 13:13:45.024,OnTrack,-1929,-5198,1075,pos,0 days 00:10:28.430000,0 days 01:06:05.038000
2024-05-19 13:13:45.264,OnTrack,-1820,-5141,1073,pos,0 days 00:10:28.670000,0 days 01:06:05.278000
2024-05-19 13:13:45.484,OnTrack,-1717,-5088,1071,pos,0 days 00:10:28.890000,0 days 01:06:05.498000
2024-05-19 13:13:45.665,OnTrack,-1627,-5043,1069,pos,0 days 00:10:29.071000,0 days 01:06:05.679000
2024-05-19 13:13:45.985,OnTrack,-1420,-4946,1065,pos,0 days 00:10:29.391000,0 days 01:06:05.999000
2024-05-19 13:13:46.345,OnTrack,-1254,-4871,1062,pos,0 days 00:10:29.751000,0 days 01:06:06.359000
2024-05-19 13:13:46.525,OnTrack,-1153,-4822,1060,pos,0 days 00:10:29.931000,0 days 01:06:06.539000
2024-05-19 13:13:46.705,OnTrack,-1052,-4770,1058,pos,0 days 00:10:30.111000,0 days 01:06:06.719000
2024-05-19 13:13:46.925,OnTrack,-928,-4700,1055,pos,0 days 00:10:30.331000,0 days 01:06:06.939000
2024-05-19 13:13:47.245,OnTrack,-749,-4585,1051,pos,0 days 00:10:30.651000,0 days 01:06:07.259000
2024-05-19 13:13:47.465,OnTrack,-570,-4460,1045,pos,0 days 00:10:30.871000,0 days 01:06:07.479000
2024-05-19 13:13:47.745,OnTrack,-468,-4386,1042,pos,0 days 00:10:31.151000,0 days 01:06:07.759000
2024-05-19 13:13:48.045,OnTrack,-222,-4196,1035,pos,0 days 00:10:31.451000,0 days 01:06:08.059000
2024-05-19 13:13:48.345,OnTrack,-133,-4123,1032,pos,0 days 00:10:31.751000,0 days 01:06:08.359000
2024-05-19 13:13:48.585,OnTrack,-2,-4008,1029,pos,0 days 00:10:31.991000,0 days 01:06:08.599000
2024-05-19 13:13:48.785,OnTrack,103,-3907,1026,pos,0 days 00:10:32.191000,0 days 01:06:08.799000
2024-05-19 13:13:49.085,OnTrack,292,-3711,1020,pos,0 days 00:10:32.491000,0 days 01:06:09.099000
2024-05-19 13:13:49.285,OnTrack,434,-3555,1016,pos,0 days 00:10:32.691000,0 days 01:06:09.299000
2024-05-19 13:13:49.564,OnTrack,536,-3442,1010,pos,0 days 00:10:32.970000,0 days 01:06:09.578000
2024-05-19 13:13:49.804,OnTrack,659,-3305,1004,pos,0 days 00:10:33.210000,0 days 01:06:09.818000
2024-05-19 13:13:49.984,OnTrack,753,-3201,998,pos,0 days 00:10:33.390000,0 days 01:06:09.998000
2024-05-19 13:13:50.204,OnTrack,867,-3074,990,pos,0 days 00:10:33.610000,0 days 01:06:10.218000
2024-05-19 13:13:50.544,OnTrack,1047,-2876,976,pos,0 days 00:10:33.950000,0 days 01:06:10.558000
2024-05-19 13:13:50.744,OnTrack,1153,-2758,967,pos,0 days 00:10:34.150000,0 days 01:06:10.758000
2024-05-19 13:13:50.904,OnTrack,1239,-2664,958,pos,0 days 00:10:34.310000,0 days 01:06:10.918000
2024-05-19 13:13:51.064,OnTrack,1405,-2491,944,pos,0 days 00:10:34.470000,0 days 01:06:11.078000
2024-05-19 13:13:51.484,OnTrack,1570,-2343,930,pos,0 days 00:10:34.890000,0 days 01:06:11.498000
2024-05-19 13:13:51.664,OnTrack,1685,-2259,920,pos,0 days 00:10:35.070000,0 days 01:06:11.678000
2024-05-19 13:13:51.884,OnTrack,1835,-2171,908,pos,0 days 00:10:35.290000,0 days 01:06:11.898000
2024-05-19 13:13:52.185,OnTrack,2067,-2067,891,pos,0 days 00:10:35.591000,0 days 01:06:12.199000
2024-05-19 13:13:52.345,OnTrack,2187,-2019,881,pos,0 days 00:10:35.751000,0 days 01:06:12.359000
2024-05-19 13:13:52.585,OnTrack,2359,-1950,868,pos,0 days 00:10:35.991000,0 days 01:06:12.599000
2024-05-19 13:13:52.785,OnTrack,2493,-1895,858,pos,0 days 00:10:36.191000,0 days 01:06:12.799000
2024-05-19 13:13:52.925,OnTrack,2580,-1860,850,pos,0 days 00:10:36.331000,0 days 01:06:12.939000
2024-05-19 13:13:53.225,OnTrack,2788,-1775,836,pos,0 days 00:10:36.631000,0 days 01:06:13.239000
2024-05-19 13:13:53.585,OnTrack,2916,-1720,827,pos,0 days 00:10:36.991000,0 days 01:06:13.599000
2024-05-19 13:13:53.825,OnTrack,3017,-1667,821,pos,0 days 00:10:37.231000,0 days 01:06:13.839000
2024-05-19 13:13:53.945,OnTrack,3055,-1641,819,pos,0 days 00:10:37.351000,0 days 01:06:13.959000
2024-05-19 13:13:54.145,OnTrack,3108,-1591,815,pos,0 days 00:10:37.551000,0 days 01:06:14.159000
2024-05-19 13:13:54.425,OnTrack,3160,-1510,810,pos,0 days 00:10:37.831000,0 days 01:06:14.439000
2024-05-19 13:13:54.665,OnTrack,3184,-1432,806,pos,0 days 00:10:38.071000,0 days 01:06:14.679000
2024-05-19 13:13:54.785,OnTrack,3189,-1392,805,pos,0 days 00:10:38.191000,0 days 01:06:14.799000
2024-05-19 13:13:55.005,OnTrack,3189,-1320,802,pos,0 days 00:10:38.411000,0 days 01:06:15.019000
2024-05-19 13:13:55.245,OnTrack,3177,-1242,800,pos,0 days 00:10:38.651000,0 days 01:06:15.259000
2024-05-19 13:13:55.445,OnTrack,3161,-1178,798,pos,0 days 00:10:38.851000,0 days 01:06:15.459000
2024-05-19 13:13:55.645,OnTrack,3142,-1113,797,pos,0 days 00:10:39.051000,0 days 01:06:15.659000
2024-05-19 13:13:55.785,OnTrack,3127,-1067,796,pos,0 days 00:10:39.191000,0 days 01:06:15.799000
2024-05-19 13:13:56.104,OnTrack,3089,-957,794,pos,0 days 00:10:39.510000,0 days 01:06:16.118000
2024-05-19 13:13:56.304,OnTrack,3039,-832,793,pos,0 days 00:10:39.710000,0 days 01:06:16.318000
2024-05-19 13:13:56.724,OnTrack,2987,-724,791,pos,0 days 00:10:40.130000,0 days 01:06:16.738000
2024-05-19 13:13:56.984,OnTrack,2929,-622,790,pos,0 days 00:10:40.390000,0 days 01:06:16.998000
2024-05-19 13:13:57.024,OnTrack,2919,-607,790,pos,0 days 00:10:40.430000,0 days 01:06:17.038000
2024-05-19 13:13:57.224,OnTrack,2866,-539,789,pos,0 days 00:10:40.630000,0 days 01:06:17.238000
2024-05-19 13:13:57.544,OnTrack,2768,-451,788,pos,0 days 00:10:40.950000,0 days 01:06:17.558000
2024-05-19 13:13:57.724,OnTrack,2704,-415,787,pos,0 days 00:10:41.130000,0 days 01:06:17.738000
2024-05-19 13:13:57.864,OnTrack,2652,-394,787,pos,0 days 00:10:41.270000,0 days 01:06:17.878000
2024-05-19 13:13:58.184,OnTrack,2529,-366,786,pos,0 days 00:10:41.590000,0 days 01:06:18.198000
2024-05-19 13:13:58.424,OnTrack,2396,-359,786,pos,0 days 00:10:41.830000,0 days 01:06:18.438000
2024-05-19 13:13:58.785,OnTrack,2293,-369,785,pos,0 days 00:10:42.191000,0 days 01:06:18.799000
2024-05-19 13:13:59.045,OnTrack,2188,-395,784,pos,0 days 00:10:42.451000,0 days 01:06:19.059000
2024-05-19 13:13:59.125,OnTrack,2156,-405,783,pos,0 days 00:10:42.531000,0 days 01:06:19.139000
2024-05-19 13:13:59.385,OnTrack,2050,-449,782,pos,0 days 00:10:42.791000,0 days 01:06:19.399000
2024-05-19 13:13:59.565,OnTrack,1974,-484,781,pos,0 days 00:10:42.971000,0 days 01:06:19.579000
2024-05-19 13:13:59.845,OnTrack,1854,-540,780,pos,0 days 00:10:43.251000,0 days 01:06:19.859000
2024-05-19 13:14:00.025,OnTrack,1783,-573,780,pos,0 days 00:10:43.431000,0 days 01:06:20.039000
2024-05-19 13:14:00.265,OnTrack,1619,-647,778,pos,0 days 00:10:43.671000,0 days 01:06:20.279000
2024-05-19 13:14:00.545,OnTrack,1528,-688,778,pos,0 days 00:10:43.951000,0 days 01:06:20.559000
2024-05-19 13:14:00.845,OnTrack,1372,-759,778,pos,0 days 00:10:44.251000,0 days 01:06:20.859000
2024-05-19 13:14:01.045,OnTrack,1264,-808,778,pos,0 days 00:10:44.451000,0 days 01:06:21.059000
2024-05-19 13:14:01.145,OnTrack,1209,-833,778,pos,0 days 00:10:44.551000,0 days 01:06:21.159000
2024-05-19 13:14:01.365,OnTrack,1086,-889,778,pos,0 days 00:10:44.771000,0 days 01:06:21.379000
2024-05-19 13:14:01.605,OnTrack,949,-951,778,pos,0 days 00:10:45.011000,0 days 01:06:21.619000
2024-05-19 13:14:01.885,OnTrack,710,-1053,779,pos,0 days 00:10:45.291000,0 days 01:06:21.899000
2024-05-19 13:14:02.185,OnTrack,591,-1103,780,pos,0 days 00:10:45.591000,0 days 01:06:22.199000
2024-05-19 13:14:02.525,OnTrack,378,-1192,780,pos,0 days 00:10:45.931000,0 days 01:06:22.539000
2024-05-19 13:14:02.704,OnTrack,262,-1241,781,pos,0 days 00:10:46.110000,0 days 01:06:22.718000
2024-05-19 13:14:02.964,OnTrack,94,-1312,781,pos,0 days 00:10:46.370000,0 days 01:06:22.978000
2024-05-19 13:14:03.124,OnTrack,-10,-1355,781,pos,0 days 00:10:46.530000,0 days 01:06:23.138000
2024-05-19 13:14:03.244,OnTrack,-90,-1387,781,pos,0 days 00:10:46.650000,0 days 01:06:23.258000
2024-05-19 13:14:03.404,OnTrack,-198,-1428,782,pos,0 days 00:10:46.810000,0 days 01:06:23.418000
2024-05-19 13:14:03.644,OnTrack,-364,-1483,782,pos,0 days 00:10:47.050000,0 days 01:06:23.658000
2024-05-19 13:14:03.884,OnTrack,-535,-1528,783,pos,0 days 00:10:47.290000,0 days 01:06:23.898000
2024-05-19 13:14:04.044,OnTrack,-652,-1552,783,pos,0 days 00:10:47.450000,0 days 01:06:24.058000
2024-05-19 13:14:04.324,OnTrack,-1009,-1585,784,pos,0 days 00:10:47.730000,0 days 01:06:24.338000
2024-05-19 13:14:04.644,OnTrack,-1148,-1590,784,pos,0 days 00:10:48.050000,0 days 01:06:24.658000
2024-05-19 13:14:05.004,OnTrack,-1474,-1603,786,pos,0 days 00:10:48.410000,0 days 01:06:25.018000
2024-05-19 13:14:05.425,OnTrack,-1818,-1623,787,pos,0 days 00:10:48.831000,0 days 01:06:25.439000
2024-05-19 13:14:05.825,OnTrack,-2072,-1637,788,pos,0 days 00:10:49.231000,0 days 01:06:25.839000
2024-05-19 13:14:06.025,OnTrack,-2296,-1650,789,pos,0 days 00:10:49.431000,0 days 01:06:26.039000
2024-05-19 13:14:06.285,OnTrack,-2440,-1658,790,pos,0 days 00:10:49.691000,0 days 01:06:26.299000
2024-05-19 13:14:06.565,OnTrack,-2666,-1669,791,pos,0 days 00:10:49.971000,0 days 01:06:26.579000
2024-05-19 13:14:06.805,OnTrack,-2926,-1677,792,pos,0 days 00:10:50.211000,0 days 01:06:26.819000
2024-05-19 13:14:07.185,OnTrack,-3172,-1685,793,pos,0 days 00:10:50.591000,0 days 01:06:27.199000
2024-05-19 13:14:07.325,OnTrack,-3287,-1690,793,pos,0 days 00:10:50.731000,0 days 01:06:27.339000
2024-05-19 13:14:07.625,OnTrack,-3534,-1695,794,pos,0 days 00:10:51.031000,0 days 01:06:27.639000
2024-05-19 13:14:07.785,OnTrack,-3666,-1693,795,pos,0 days 00:10:51.191000,0 days 01:06:27.799000
2024-05-19 13:14:08.045,OnTrack,-3880,-1677,796,pos,0 days 00:10:51.451000,0 days 01:06:28.059000
2024-05-19 13:14:09.324,OnTrack,-4936,-1451,803,pos,0 days 00:10:52.730000,0 days 01:06:29.338000
2024-05-19 13:14:09.404,OnTrack,-5002,-1435,803,pos,0 days 00:10:52.810000,0 days 01:06:29.418000
2024-05-19 13:14:09.584,OnTrack,-5150,-1398,804,pos,0 days 00:10:52.990000,0 days 01:06:29.598000
2024-05-19 13:14:09.784,OnTrack,-5315,-1359,805,pos,0 days 00:10:53.190000,0 days 01:06:29.798000
2024-05-19 13:14:10.024,OnTrack,-5515,-1316,807,pos,0 days 00:10:53.430000,0 days 01:06:30.038000
2024-05-19 13:14:10.284,OnTrack,-5720,-1279,808,pos,0 days 00:10:53.690000,0 days 01:06:30.298000
2024-05-19 13:14:10.544,OnTrack,-5973,-1249,811,pos,0 days 00:10:53.950000,0 days 01:06:30.558000
2024-05-19 13:14:10.964,OnTrack,-6214,-1235,814,pos,0 days 00:10:54.370000,0 days 01:06:30.978000
2024-05-19 13:14:11.184,OnTrack,-6403,-1230,814,pos,0 days 00:10:54.590000,0 days 01:06:31.198000
2024-05-19 13:14:11.424,OnTrack,-6610,-1229,815,pos,0 days 00:10:54.830000,0 days 01:06:31.438000
2024-05-19 13:14:11.624,OnTrack,-6817,-1231,816,pos,0 days 00:10:55.030000,0 days 01:06:31.638000
2024-05-19 13:14:12.045,OnTrack,-7210,-1245,817,pos,0 days 00:10:55.451000,0 days 01:06:32.059000
2024-05-19 13:14:12.345,OnTrack,-7398,-1258,818,pos,0 days 00:10:55.751000,0 days 01:06:32.359000
2024-05-19 13:14:12.625,OnTrack,-7720,-1289,818,pos,0 days 00:10:56.031000,0 days 01:06:32.639000
2024-05-19 13:14:13.045,OnTrack,-8141,-1340,818,pos,0 days 00:10:56.451000,0 days 01:06:33.059000
2024-05-19 13:14:13.265,OnTrack,-8326,-1365,819,pos,0 days 00:10:56.671000,0 days 01:06:33.279000
2024-05-19 13:14:13.505,OnTrack,-8526,-1393,819,pos,0 days 00:10:56.911000,0 days 01:06:33.519000
2024-05-19 13:14:13.545,OnTrack,-8560,-1397,819,pos,0 days 00:10:56.951000,0 days 01:06:33.559000
2024-05-19 13:14:13.925,OnTrack,-8909,-1446,819,pos,0 days 00:10:57.331000,0 days 01:06:33.939000
2024-05-19 13:14:14.185,OnTrack,-9090,-1475,819,pos,0 days 00:10:57.591000,0 days 01:06:34.199000
2024-05-19 13:14:14.425,OnTrack,-9283,-1514,819,pos,0 days 00:10:57.831000,0 days 01:06:34.439000
2024-05-19 13:14:14.725,OnTrack,-9602,-1607,819,pos,0 days 00:10:58.131000,0 days 01:06:34.739000
2024-05-19 13:14:15.085,OnTrack,-9848,-1685,818,pos,0 days 00:10:58.491000,0 days 01:06:35.099000
2024-05-19 13:14:15.545,OnTrack,-10073,-1755,819,pos,0 days 00:10:58.951000,0 days 01:06:35.559000
2024-05-19 13:14:15.864,OnTrack,-10154,-1781,818,pos,0 days 00:10:59.270000,0 days 01:06:35.878000
2024-05-19 13:14:16.044,OnTrack,-10229,-1814,818,pos,0 days 00:10:59.450000,0 days 01:06:36.058000
2024-05-19 13:14:16.264,OnTrack,-10301,-1868,818,pos,0 days 00:10:59.670000,0 days 01:06:36.278000
2024-05-19 13:14:16.544,OnTrack,-10366,-1965,818,pos,0 days 00:10:59.950000,0 days 01:06:36.558000
2024-05-19 13:14:16.764,OnTrack,-10398,-2057,818,pos,0 days 00:11:00.170000,0 days 01:06:36.778000
2024-05-19 13:14:17.004,OnTrack,-10425,-2160,819,pos,0 days 00:11:00.410000,0 days 01:06:37.018000
2024-05-19 13:14:17.184,OnTrack,-10473,-2288,819,pos,0 days 00:11:00.590000,0 days 01:06:37.198000
2024-05-19 13:14:17.484,OnTrack,-10508,-2349,819,pos,0 days 00:11:00.890000,0 days 01:06:37.498000
2024-05-19 13:14:17.804,OnTrack,-10647,-2496,818,pos,0 days 00:11:01.210000,0 days 01:06:37.818000
2024-05-19 13:14:18.204,OnTrack,-10815,-2609,820,pos,0 days 00:11:01.610000,0 days 01:06:38.218000
2024-05-19 13:14:18.525,OnTrack,-10891,-2654,820,pos,0 days 00:11:01.931000,0 days 01:06:38.539000
2024-05-19 13:14:18.765,OnTrack,-10997,-2715,821,pos,0 days 00:11:02.171000,0 days 01:06:38.779000
2024-05-19 13:14:18.985,OnTrack,-11096,-2772,822,pos,0 days 00:11:02.391000,0 days 01:06:38.999000
2024-05-19 13:14:19.245,OnTrack,-11285,-2884,824,pos,0 days 00:11:02.651000,0 days 01:06:39.259000
2024-05-19 13:14:19.705,OnTrack,-11487,-3021,825,pos,0 days 00:11:03.111000,0 days 01:06:39.719000
2024-05-19 13:14:20.065,OnTrack,-11654,-3193,825,pos,0 days 00:11:03.471000,0 days 01:06:40.079000
2024-05-19 13:14:20.525,OnTrack,-11755,-3368,826,pos,0 days 00:11:03.931000,0 days 01:06:40.539000
2024-05-19 13:14:20.605,OnTrack,-11777,-3415,826,pos,0 days 00:11:04.011000,0 days 01:06:40.619000
2024-05-19 13:14:20.965,OnTrack,-11877,-3670,827,pos,0 days 00:11:04.371000,0 days 01:06:40.979000
2024-05-19 13:14:21.345,OnTrack,-11975,-3933,828,pos,0 days 00:11:04.751000,0 days 01:06:41.359000
2024-05-19 13:14:21.745,OnTrack,-12047,-4125,829,pos,0 days 00:11:05.151000,0 days 01:06:41.759000
2024-05-19 13:14:21.945,OnTrack,-12097,-4256,829,pos,0 days 00:11:05.351000,0 days 01:06:41.959000
2024-05-19 13:14:22.205,OnTrack,-12192,-4509,830,pos,0 days 00:11:05.611000,0 days 01:06:42.219000
2024-05-19 13:14:22.524,OnTrack,-12243,-4645,830,pos,0 days 00:11:05.930000,0 days 01:06:42.538000
2024-05-19 13:14:22.664,OnTrack,-12279,-4741,831,pos,0 days 00:11:06.070000,0 days 01:06:42.678000
2024-05-19 13:14:22.864,OnTrack,-12331,-4879,831,pos,0 days 00:11:06.270000,0 days 01:06:42.878000
2024-05-19 13:14:23.144,OnTrack,-12404,-5074,832,pos,0 days 00:11:06.550000,0 days 01:06:43.158000
2024-05-19 13:14:23.404,OnTrack,-12473,-5257,832,pos,0 days 00:11:06.810000,0 days 01:06:43.418000
2024-05-19 13:14:23.644,OnTrack,-12569,-5514,833,pos,0 days 00:11:07.050000,0 days 01:06:43.658000
2024-05-19 13:14:24.024,OnTrack,-12656,-5746,833,pos,0 days 00:11:07.430000,0 days 01:06:44.038000
2024-05-19 13:14:24.364,OnTrack,-12733,-5950,834,pos,0 days 00:11:07.770000,0 days 01:06:44.378000
2024-05-19 13:14:24.604,OnTrack,-12801,-6125,834,pos,0 days 00:11:08.010000,0 days 01:06:44.618000
2024-05-19 13:14:24.784,OnTrack,-12853,-6256,835,pos,0 days 00:11:08.190000,0 days 01:06:44.798000
2024-05-19 13:14:25.085,OnTrack,-12974,-6544,835,pos,0 days 00:11:08.491000,0 days 01:06:45.099000
2024-05-19 13:14:25.385,OnTrack,-13034,-6687,836,pos,0 days 00:11:08.791000,0 days 01:06:45.399000
2024-05-19 13:14:25.525,OnTrack,-13074,-6784,836,pos,0 days 00:11:08.931000,0 days 01:06:45.539000
2024-05-19 13:14:25.725,OnTrack,-13123,-6919,837,pos,0 days 00:11:09.131000,0 days 01:06:45.739000
2024-05-19 13:14:25.965,OnTrack,-13157,-7071,837,pos,0 days 00:11:09.371000,0 days 01:06:45.979000
2024-05-19 13:14:26.225,OnTrack,-13162,-7239,838,pos,0 days 00:11:09.631000,0 days 01:06:46.239000
2024-05-19 13:14:26.525,OnTrack,-13135,-7429,840,pos,0 days 00:11:09.931000,0 days 01:06:46.539000
2024-05-19 13:14:26.565,OnTrack,-13130,-7454,840,pos,0 days 00:11:09.971000,0 days 01:06:46.579000
2024-05-19 13:14:26.805,OnTrack,-13097,-7597,841,pos,0 days 00:11:10.211000,0 days 01:06:46.819000
2024-05-19 13:14:27.005,OnTrack,-13071,-7708,842,pos,0 days 00:11:10.411000,0 days 01:06:47.019000
2024-05-19 13:14:27.325,OnTrack,-13029,-7907,843,pos,0 days 00:11:10.731000,0 days 01:06:47.339000
2024-05-19 13:14:27.585,OnTrack,-13024,-7989,843,pos,0 days 00:11:10.991000,0 days 01:06:47.599000
2024-05-19 13:14:27.785,OnTrack,-13033,-8075,844,pos,0 days 00:11:11.191000,0 days 01:06:47.799000
2024-05-19 13:14:28.165,OnTrack,-13111,-8222,846,pos,0 days 00:11:11.571000,0 days 01:06:48.179000
2024-05-19 13:14:28.365,OnTrack,-13203,-8311,847,pos,0 days 00:11:11.771000,0 days 01:06:48.379000
2024-05-19 13:14:28.625,OnTrack,-13279,-8377,848,pos,0 days 00:11:12.031000,0 days 01:06:48.639000
2024-05-19 13:14:28.945,OnTrack,-13400,-8480,849,pos,0 days 00:11:12.351000,0 days 01:06:48.959000
2024-05-19 13:14:29.124,OnTrack,-13470,-8540,850,pos,0 days 00:11:12.530000,0 days 01:06:49.138000
2024-05-19 13:14:29.404,OnTrack,-13583,-8635,852,pos,0 days 00:11:12.810000,0 days 01:06:49.418000
2024-05-19 13:14:29.584,OnTrack,-13657,-8698,853,pos,0 days 00:11:12.990000,0 days 01:06:49.598000
2024-05-19 13:14:29.704,OnTrack,-13708,-8742,854,pos,0 days 00:11:13.110000,0 days 01:06:49.718000
2024-05-19 13:14:29.944,OnTrack,-13854,-8864,856,pos,0 days 00:11:13.350000,0 days 01:06:49.958000
2024-05-19 13:14:30.244,OnTrack,-13928,-8926,858,pos,0 days 00:11:13.650000,0 days 01:06:50.258000
2024-05-19 13:14:30.544,OnTrack,-14076,-9061,862,pos,0 days 00:11:13.950000,0 days 01:06:50.558000
2024-05-19 13:14:30.864,OnTrack,-14219,-9202,867,pos,0 days 00:11:14.270000,0 days 01:06:50.878000
2024-05-19 13:14:31.064,OnTrack,-14345,-9328,873,pos,0 days 00:11:14.470000,0 days 01:06:51.078000
2024-05-19 13:14:31.324,OnTrack,-14426,-9408,877,pos,0 days 00:11:14.730000,0 days 01:06:51.338000
2024-05-19 13:14:31.504,OnTrack,-14507,-9485,881,pos,0 days 00:11:14.910000,0 days 01:06:51.518000
2024-05-19 13:14:31.865,OnTrack,-14698,-9666,889,pos,0 days 00:11:15.271000,0 days 01:06:51.879000
2024-05-19 13:14:32.285,OnTrack,-14819,-9803,895,pos,0 days 00:11:15.691000,0 days 01:06:52.299000
2024-05-19 13:14:32.705,OnTrack,-14883,-9911,899,pos,0 days 00:11:16.111000,0 days 01:06:52.719000
2024-05-19 13:14:33.025,OnTrack,-14911,-10001,902,pos,0 days 00:11:16.431000,0 days 01:06:53.039000
2024-05-19 13:14:33.225,OnTrack,-14916,-10064,905,pos,0 days 00:11:16.631000,0 days 01:06:53.239000
2024-05-19 13:14:33.525,OnTrack,-14901,-10152,908,pos,0 days 00:11:16.931000,0 days 01:06:53.539000
2024-05-19 13:14:33.685,OnTrack,-14883,-10195,911,pos,0 days 00:11:17.091000,0 days 01:06:53.699000
2024-05-19 13:14:33.825,OnTrack,-14861,-10229,913,pos,0 days 00:11:17.231000,0 days 01:06:53.839000
2024-05-19 13:14:34.065,OnTrack,-14817,-10279,917,pos,0 days 00:11:17.471000,0 days 01:06:54.079000
2024-05-19 13:14:34.345,OnTrack,-14757,-10325,921,pos,0 days 00:11:17.751000,0 days 01:06:54.359000
2024-05-19 13:14:34.565,OnTrack,-14705,-10353,923,pos,0 days 00:11:17.971000,0 days 01:06:54.579000
2024-05-19 13:14:34.785,OnTrack,-14647,-10374,926,pos,0 days 00:11:18.191000,0 days 01:06:54.799000
2024-05-19 13:14:34.985,OnTrack,-14592,-10386,929,pos,0 days 00:11:18.391000,0 days 01:06:54.999000
2024-05-19 13:14:35.145,OnTrack,-14516,-10395,933,pos,0 days 00:11:18.551000,0 days 01:06:55.159000
2024-05-19 13:14:35.584,OnTrack,-14410,-10394,939,pos,0 days 00:11:18.990000,0 days 01:06:55.598000
2024-05-19 13:14:35.824,OnTrack,-14308,-10384,943,pos,0 days 00:11:19.230000,0 days 01:06:55.838000
2024-05-19 13:14:36.104,OnTrack,-14243,-10375,947,pos,0 days 00:11:19.510000,0 days 01:06:56.118000
2024-05-19 13:14:36.384,OnTrack,-14133,-10357,951,pos,0 days 00:11:19.790000,0 days 01:06:56.398000
2024-05-19 13:14:36.624,OnTrack,-14032,-10338,955,pos,0 days 00:11:20.030000,0 days 01:06:56.638000
2024-05-19 13:14:36.804,OnTrack,-13906,-10313,962,pos,0 days 00:11:20.210000,0 days 01:06:56.818000
2024-05-19 13:14:37.144,OnTrack,-13792,-10289,966,pos,0 days 00:11:20.550000,0 days 01:06:57.158000
2024-05-19 13:14:37.364,OnTrack,-13682,-10267,971,pos,0 days 00:11:20.770000,0 days 01:06:57.378000
2024-05-19 13:14:37.664,OnTrack,-13525,-10236,978,pos,0 days 00:11:21.070000,0 days 01:06:57.678000
2024-05-19 13:14:37.764,OnTrack,-13470,-10226,980,pos,0 days 00:11:21.170000,0 days 01:06:57.778000
2024-05-19 13:14:38.004,OnTrack,-13258,-10189,988,pos,0 days 00:11:21.410000,0 days 01:06:58.018000
2024-05-19 13:14:38.545,OnTrack,-13021,-10147,996,pos,0 days 00:11:21.951000,0 days 01:06:58.559000
2024-05-19 13:14:38.725,OnTrack,-12912,-10130,1000,pos,0 days 00:11:22.131000,0 days 01:06:58.739000
2024-05-19 13:14:38.865,OnTrack,-12826,-10117,1002,pos,0 days 00:11:22.271000,0 days 01:06:58.879000
2024-05-19 13:14:39.025,OnTrack,-12726,-10102,1005,pos,0 days 00:11:22.431000,0 days 01:06:59.039000
2024-05-19 13:14:39.325,OnTrack,-12534,-10073,1011,pos,0 days 00:11:22.731000,0 days 01:06:59.339000
2024-05-19 13:14:39.485,OnTrack,-12349,-10047,1019,pos,0 days 00:11:22.891000,0 days 01:06:59.499000
2024-05-19 13:14:39.825,OnTrack,-12201,-10026,1027,pos,0 days 00:11:23.231000,0 days 01:06:59.839000
2024-05-19 13:14:40.105,OnTrack,-12009,-10000,1038,pos,0 days 00:11:23.511000,0 days 01:07:00.119000
2024-05-19 13:14:40.305,OnTrack,-11854,-9980,1049,pos,0 days 00:11:23.711000,0 days 01:07:00.319000
2024-05-19 13:14:40.605,OnTrack,-11566,-9948,1067,pos,0 days 00:11:24.011000,0 days 01:07:00.619000
2024-05-19 13:14:40.965,OnTrack,-11278,-9925,1085,pos,0 days 00:11:24.371000,0 days 01:07:00.979000
2024-05-19 13:14:41.265,OnTrack,-11161,-9921,1093,pos,0 days 00:11:24.671000,0 days 01:07:01.279000
2024-05-19 13:14:41.645,OnTrack,-10852,-9919,1110,pos,0 days 00:11:25.051000,0 days 01:07:01.659000
2024-05-19 13:14:41.885,OnTrack,-10704,-9925,1117,pos,0 days 00:11:25.291000,0 days 01:07:01.899000
2024-05-19 13:14:42.284,OnTrack,-10378,-9952,1122,pos,0 days 00:11:25.690000,0 days 01:07:02.298000
2024-05-19 13:14:42.564,OnTrack,-10200,-9972,1122,pos,0 days 00:11:25.970000,0 days 01:07:02.578000
2024-05-19 13:14:42.884,OnTrack,-9963,-9999,1120,pos,0 days 00:11:26.290000,0 days 01:07:02.898000
2024-05-19 13:14:43.064,OnTrack,-9829,-10015,1119,pos,0 days 00:11:26.470000,0 days 01:07:03.078000
2024-05-19 13:14:43.224,OnTrack,-9710,-10028,1118,pos,0 days 00:11:26.630000,0 days 01:07:03.238000
2024-05-19 13:14:43.404,OnTrack,-9578,-10043,1117,pos,0 days 00:11:26.810000,0 days 01:07:03.418000
2024-05-19 13:14:43.624,OnTrack,-9342,-10066,1115,pos,0 days 00:11:27.030000,0 days 01:07:03.638000
2024-05-19 13:14:44.004,OnTrack,-9189,-10071,1114,pos,0 days 00:11:27.410000,0 days 01:07:04.018000
2024-05-19 13:14:44.204,OnTrack,-9072,-10063,1114,pos,0 days 00:11:27.610000,0 days 01:07:04.218000
2024-05-19 13:14:44.404,OnTrack,-8964,-10039,1114,pos,0 days 00:11:27.810000,0 days 01:07:04.418000
2024-05-19 13:14:44.604,OnTrack,-8861,-9996,1114,pos,0 days 00:11:28.010000,0 days 01:07:04.618000
2024-05-19 13:14:44.825,OnTrack,-8759,-9931,1111,pos,0 days 00:11:28.231000,0 days 01:07:04.839000
2024-05-19 13:14:45.005,OnTrack,-8687,-9864,1109,pos,0 days 00:11:28.411000,0 days 01:07:05.019000
2024-05-19 13:14:45.185,OnTrack,-8625,-9785,1106,pos,0 days 00:11:28.591000,0 days 01:07:05.199000
2024-05-19 13:14:45.425,OnTrack,-8554,-9663,1103,pos,0 days 00:11:28.831000,0 days 01:07:05.439000
2024-05-19 13:14:45.725,OnTrack,-8473,-9505,1097,pos,0 days 00:11:29.131000,0 days 01:07:05.739000
2024-05-19 13:14:45.965,OnTrack,-8411,-9376,1093,pos,0 days 00:11:29.371000,0 days 01:07:05.979000
2024-05-19 13:14:46.065,OnTrack,-8386,-9320,1091,pos,0 days 00:11:29.471000,0 days 01:07:06.079000
2024-05-19 13:14:46.245,OnTrack,-8344,-9218,1088,pos,0 days 00:11:29.651000,0 days 01:07:06.259000
2024-05-19 13:14:46.565,OnTrack,-8285,-9026,1081,pos,0 days 00:11:29.971000,0 days 01:07:06.579000
2024-05-19 13:14:46.785,OnTrack,-8258,-8887,1075,pos,0 days 00:11:30.191000,0 days 01:07:06.799000
2024-05-19 13:14:46.985,OnTrack,-8239,-8690,1065,pos,0 days 00:11:30.391000,0 days 01:07:06.999000
2024-05-19 13:14:47.345,OnTrack,-8239,-8515,1055,pos,0 days 00:11:30.751000,0 days 01:07:07.359000
2024-05-19 13:14:47.545,OnTrack,-8248,-8377,1045,pos,0 days 00:11:30.951000,0 days 01:07:07.559000
2024-05-19 13:14:47.705,OnTrack,-8258,-8284,1037,pos,0 days 00:11:31.111000,0 days 01:07:07.719000
2024-05-19 13:14:47.885,OnTrack,-8275,-8158,1026,pos,0 days 00:11:31.291000,0 days 01:07:07.899000
2024-05-19 13:14:48.205,OnTrack,-8329,-7862,999,pos,0 days 00:11:31.611000,0 days 01:07:08.219000
2024-05-19 13:14:48.505,OnTrack,-8360,-7720,988,pos,0 days 00:11:31.911000,0 days 01:07:08.519000
2024-05-19 13:14:48.725,OnTrack,-8397,-7562,976,pos,0 days 00:11:32.131000,0 days 01:07:08.739000
2024-05-19 13:14:49.044,OnTrack,-8450,-7330,962,pos,0 days 00:11:32.450000,0 days 01:07:09.058000
2024-05-19 13:14:49.244,OnTrack,-8483,-7184,953,pos,0 days 00:11:32.650000,0 days 01:07:09.258000
2024-05-19 13:14:49.444,OnTrack,-8530,-6978,943,pos,0 days 00:11:32.850000,0 days 01:07:09.458000
2024-05-19 13:14:49.864,OnTrack,-8609,-6625,924,pos,0 days 00:11:33.270000,0 days 01:07:09.878000
2024-05-19 13:14:50.164,OnTrack,-8632,-6510,919,pos,0 days 00:11:33.570000,0 days 01:07:10.178000
2024-05-19 13:14:50.504,OnTrack,-8653,-6263,907,pos,0 days 00:11:33.910000,0 days 01:07:10.518000
2024-05-19 13:14:50.764,OnTrack,-8624,-6102,901,pos,0 days 00:11:34.170000,0 days 01:07:10.778000
2024-05-19 13:14:50.944,OnTrack,-8581,-5983,899,pos,0 days 00:11:34.350000,0 days 01:07:10.958000
2024-05-19 13:14:51.144,OnTrack,-8521,-5859,897,pos,0 days 00:11:34.550000,0 days 01:07:11.158000
2024-05-19 13:14:51.345,OnTrack,-8462,-5749,897,pos,0 days 00:11:34.751000,0 days 01:07:11.359000
2024-05-19 13:14:51.605,OnTrack,-8388,-5624,897,pos,0 days 00:11:35.011000,0 days 01:07:11.619000
2024-05-19 13:14:51.885,OnTrack,-8312,-5510,899,pos,0 days 00:11:35.291000,0 days 01:07:11.899000
2024-05-19 13:14:52.045,OnTrack,-8267,-5455,901,pos,0 days 00:11:35.451000,0 days 01:07:12.059000
2024-05-19 13:14:52.385,OnTrack,-8151,-5361,905,pos,0 days 00:11:35.791000,0 days 01:07:12.399000
2024-05-19 13:14:52.745,OnTrack,-7995,-5325,914,pos,0 days 00:11:36.151000,0 days 01:07:12.759000
2024-05-19 13:14:53.185,OnTrack,-7872,-5345,924,pos,0 days 00:11:36.591000,0 days 01:07:13.199000
2024-05-19 13:14:53.385,OnTrack,-7750,-5377,935,pos,0 days 00:11:36.791000,0 days 01:07:13.399000
2024-05-19 13:14:53.785,OnTrack,-7655,-5402,943,pos,0 days 00:11:37.191000,0 days 01:07:13.799000
2024-05-19 13:14:53.985,OnTrack,-7579,-5417,951,pos,0 days 00:11:37.391000,0 days 01:07:13.999000
2024-05-19 13:14:54.105,OnTrack,-7531,-5424,955,pos,0 days 00:11:37.511000,0 days 01:07:14.119000
2024-05-19 13:14:54.325,OnTrack,-7438,-5435,962,pos,0 days 00:11:37.731000,0 days 01:07:14.339000
2024-05-19 13:14:54.625,OnTrack,-7319,-5441,974,pos,0 days 00:11:38.031000,0 days 01:07:14.639000
2024-05-19 13:14:54.885,OnTrack,-7138,-5443,988,pos,0 days 00:11:38.291000,0 days 01:07:14.899000
2024-05-19 13:14:55.165,OnTrack,-7058,-5443,994,pos,0 days 00:11:38.571000,0 days 01:07:15.179000
2024-05-19 13:14:55.484,OnTrack,-6857,-5441,1007,pos,0 days 00:11:38.890000,0 days 01:07:15.498000
2024-05-19 13:14:55.744,OnTrack,-6747,-5440,1013,pos,0 days 00:11:39.150000,0 days 01:07:15.758000
2024-05-19 13:14:56.064,OnTrack,-6564,-5438,1022,pos,0 days 00:11:39.470000,0 days 01:07:16.078000
2024-05-19 13:14:56.324,OnTrack,-6410,-5437,1028,pos,0 days 00:11:39.730000,0 days 01:07:16.338000
2024-05-19 13:14:56.544,OnTrack,-6276,-5436,1032,pos,0 days 00:11:39.950000,0 days 01:07:16.558000
2024-05-19 13:14:56.744,OnTrack,-6151,-5435,1035,pos,0 days 00:11:40.150000,0 days 01:07:16.758000
2024-05-19 13:14:56.784,OnTrack,-6125,-5435,1036,pos,0 days 00:11:40.190000,0 days 01:07:16.798000
2024-05-19 13:14:57.104,OnTrack,-5920,-5433,1042,pos,0 days 00:11:40.510000,0 days 01:07:17.118000
2024-05-19 13:14:57.304,OnTrack,-5789,-5432,1045,pos,0 days 00:11:40.710000,0 days 01:07:17.318000
2024-05-19 13:14:57.504,OnTrack,-5656,-5431,1049,pos,0 days 00:11:40.910000,0 days 01:07:17.518000
2024-05-19 13:14:57.724,OnTrack,-5507,-5429,1053,pos,0 days 00:11:41.130000,0 days 01:07:17.738000
2024-05-19 13:14:57.884,OnTrack,-5398,-5428,1056,pos,0 days 00:11:41.290000,0 days 01:07:17.898000
2024-05-19 13:14:58.045,OnTrack,-5296,-5426,1059,pos,0 days 00:11:41.451000,0 days 01:07:18.059000
2024-05-19 13:14:58.365,OnTrack,-5072,-5414,1067,pos,0 days 00:11:41.771000,0 days 01:07:18.379000
2024-05-19 13:14:58.585,OnTrack,-4858,-5395,1072,pos,0 days 00:11:41.991000,0 days 01:07:18.599000
2024-05-19 13:14:58.865,OnTrack,-4715,-5382,1076,pos,0 days 00:11:42.271000,0 days 01:07:18.879000
2024-05-19 13:14:59.065,OnTrack,-4573,-5370,1079,pos,0 days 00:11:42.471000,0 days 01:07:19.079000
2024-05-19 13:14:59.445,OnTrack,-4214,-5340,1083,pos,0 days 00:11:42.851000,0 days 01:07:19.459000
2024-05-19 13:14:59.845,OnTrack,-3987,-5321,1085,pos,0 days 00:11:43.251000,0 days 01:07:19.859000
2024-05-19 13:15:00.265,OnTrack,-3740,-5301,1087,pos,0 days 00:11:43.671000,0 days 01:07:20.279000
2024-05-19 13:15:00.285,OnTrack,-3728,-5300,1087,pos,0 days 00:11:43.691000,0 days 01:07:20.299000
2024-05-19 13:15:00.565,OnTrack,-3572,-5287,1087,pos,0 days 00:11:43.971000,0 days 01:07:20.579000
2024-05-19 13:15:00.845,OnTrack,-3377,-5274,1089,pos,0 days 00:11:44.251000,0 days 01:07:20.859000
2024-05-19 13:15:01.145,OnTrack,-3313,-5273,1090,pos,0 days 00:11:44.551000,0 days 01:07:21.159000
2024-05-19 13:15:01.405,OnTrack,-3217,-5280,1092,pos,0 days 00:11:44.811000,0 days 01:07:21.419000
2024-05-19 13:15:01.585,OnTrack,-3165,-5303,1093,pos,0 days 00:11:44.991000,0 days 01:07:21.599000
2024-05-19 13:15:01.825,OnTrack,-3099,-5354,1096,pos,0 days 00:11:45.231000,0 days 01:07:21.839000
2024-05-19 13:15:02.004,OnTrack,-3055,-5401,1096,pos,0 days 00:11:45.410000,0 days 01:07:22.018000
2024-05-19 13:15:02.224,OnTrack,-3005,-5457,1096,pos,0 days 00:11:45.630000,0 days 01:07:22.238000
2024-05-19 13:15:02.544,OnTrack,-2914,-5529,1096,pos,0 days 00:11:45.950000,0 days 01:07:22.558000
2024-05-19 13:15:02.884,OnTrack,-2839,-5558,1095,pos,0 days 00:11:46.290000,0 days 01:07:22.898000
2024-05-19 13:15:03.164,OnTrack,-2782,-5563,1094,pos,0 days 00:11:46.570000,0 days 01:07:23.178000
2024-05-19 13:15:03.264,OnTrack,-2754,-5560,1094,pos,0 days 00:11:46.670000,0 days 01:07:23.278000
2024-05-19 13:15:03.544,OnTrack,-2674,-5543,1092,pos,0 days 00:11:46.950000,0 days 01:07:23.558000
2024-05-19 13:15:03.724,OnTrack,-2593,-5519,1090,pos,0 days 00:11:47.130000,0 days 01:07:23.738000
2024-05-19 13:15:04.124,OnTrack,-2503,-5486,1088,pos,0 days 00:11:47.530000,0 days 01:07:24.138000
2024-05-19 13:15:04.404,OnTrack,-2414,-5447,1086,pos,0 days 00:11:47.810000,0 days 01:07:24.418000
2024-05-19 13:15:04.585,OnTrack,-2352,-5419,1084,pos,0 days 00:11:47.991000,0 days 01:07:24.599000
2024-05-19 13:15:04.765,OnTrack,-2235,-5360,1082,pos,0 days 00:11:48.171000,0 days 01:07:24.779000
2024-05-19 13:15:05.105,OnTrack,-2157,-5319,1080,pos,0 days 00:11:48.511000,0 days 01:07:25.119000
2024-05-19 13:15:05.425,OnTrack,-2025,-5249,1077,pos,0 days 00:11:48.831000,0 days 01:07:25.439000
2024-05-19 13:15:05.605,OnTrack,-1900,-5183,1074,pos,0 days 00:11:49.011000,0 days 01:07:25.619000
2024-05-19 13:15:05.905,OnTrack,-1806,-5134,1072,pos,0 days 00:11:49.311000,0 days 01:07:25.919000
2024-05-19 13:15:06.205,OnTrack,-1659,-5059,1070,pos,0 days 00:11:49.611000,0 days 01:07:26.219000
2024-05-19 13:15:06.405,OnTrack,-1529,-4996,1067,pos,0 days 00:11:49.811000,0 days 01:07:26.419000
2024-05-19 13:15:06.645,OnTrack,-1400,-4937,1065,pos,0 days 00:11:50.051000,0 days 01:07:26.659000
2024-05-19 13:15:06.885,OnTrack,-1211,-4851,1061,pos,0 days 00:11:50.291000,0 days 01:07:26.899000
2024-05-19 13:15:07.165,OnTrack,-1110,-4800,1059,pos,0 days 00:11:50.571000,0 days 01:07:27.179000
2024-05-19 13:15:07.425,OnTrack,-964,-4721,1056,pos,0 days 00:11:50.831000,0 days 01:07:27.439000
2024-05-19 13:15:07.645,OnTrack,-840,-4645,1053,pos,0 days 00:11:51.051000,0 days 01:07:27.659000
2024-05-19 13:15:07.845,OnTrack,-728,-4571,1050,pos,0 days 00:11:51.251000,0 days 01:07:27.859000
2024-05-19 13:15:08.045,OnTrack,-616,-4493,1047,pos,0 days 00:11:51.451000,0 days 01:07:28.059000
2024-05-19 13:15:08.245,OnTrack,-504,-4413,1043,pos,0 days 00:11:51.651000,0 days 01:07:28.259000
2024-05-19 13:15:08.504,OnTrack,-290,-4251,1037,pos,0 days 00:11:51.910000,0 days 01:07:28.518000
2024-05-19 13:15:08.784,OnTrack,-201,-4179,1034,pos,0 days 00:11:52.190000,0 days 01:07:28.798000
2024-05-19 13:15:09.064,OnTrack,-46,-4048,1030,pos,0 days 00:11:52.470000,0 days 01:07:29.078000
2024-05-19 13:15:09.704,OnTrack,362,-3635,1018,pos,0 days 00:11:53.110000,0 days 01:07:29.718000
2024-05-19 13:15:10.104,OnTrack,494,-3488,1013,pos,0 days 00:11:53.510000,0 days 01:07:30.118000
2024-05-19 13:15:10.284,OnTrack,587,-3385,1008,pos,0 days 00:11:53.690000,0 days 01:07:30.298000
2024-05-19 13:15:10.644,OnTrack,774,-3178,997,pos,0 days 00:11:54.050000,0 days 01:07:30.658000
2024-05-19 13:15:10.844,OnTrack,879,-3062,989,pos,0 days 00:11:54.250000,0 days 01:07:30.858000
2024-05-19 13:15:11.044,OnTrack,1048,-2874,976,pos,0 days 00:11:54.450000,0 days 01:07:31.058000
2024-05-19 13:15:11.305,OnTrack,1123,-2791,969,pos,0 days 00:11:54.711000,0 days 01:07:31.319000
2024-05-19 13:15:11.545,OnTrack,1253,-2649,958,pos,0 days 00:11:54.951000,0 days 01:07:31.559000
2024-05-19 13:15:11.805,OnTrack,1478,-2422,937,pos,0 days 00:11:55.211000,0 days 01:07:31.819000
2024-05-19 13:15:12.285,OnTrack,1798,-2190,912,pos,0 days 00:11:55.691000,0 days 01:07:32.299000
2024-05-19 13:15:12.625,OnTrack,1986,-2100,897,pos,0 days 00:11:56.031000,0 days 01:07:32.639000
2024-05-19 13:15:12.905,OnTrack,2198,-2014,880,pos,0 days 00:11:56.311000,0 days 01:07:32.919000
2024-05-19 13:15:13.065,OnTrack,2386,-1939,865,pos,0 days 00:11:56.471000,0 days 01:07:33.079000
2024-05-19 13:15:13.445,OnTrack,2569,-1864,851,pos,0 days 00:11:56.851000,0 days 01:07:33.459000
2024-05-19 13:15:13.605,OnTrack,2666,-1825,844,pos,0 days 00:11:57.011000,0 days 01:07:33.619000
2024-05-19 13:15:13.785,OnTrack,2764,-1785,837,pos,0 days 00:11:57.191000,0 days 01:07:33.799000
2024-05-19 13:15:14.025,OnTrack,2879,-1736,830,pos,0 days 00:11:57.431000,0 days 01:07:34.039000
2024-05-19 13:15:14.265,OnTrack,2981,-1688,823,pos,0 days 00:11:57.671000,0 days 01:07:34.279000
2024-05-19 13:15:14.565,OnTrack,3102,-1598,815,pos,0 days 00:11:57.971000,0 days 01:07:34.579000
2024-05-19 13:15:15.005,OnTrack,3174,-1474,809,pos,0 days 00:11:58.411000,0 days 01:07:35.019000
2024-05-19 13:15:15.384,OnTrack,3190,-1374,804,pos,0 days 00:11:58.790000,0 days 01:07:35.398000
2024-05-19 13:15:15.544,OnTrack,3189,-1321,802,pos,0 days 00:11:58.950000,0 days 01:07:35.558000
2024-05-19 13:15:15.804,OnTrack,3170,-1211,799,pos,0 days 00:11:59.210000,0 days 01:07:35.818000
2024-05-19 13:15:16.124,OnTrack,3148,-1133,797,pos,0 days 00:11:59.530000,0 days 01:07:36.138000
2024-05-19 13:15:16.384,OnTrack,3120,-1046,795,pos,0 days 00:11:59.790000,0 days 01:07:36.398000
2024-05-19 13:15:16.464,OnTrack,3111,-1019,795,pos,0 days 00:11:59.870000,0 days 01:07:36.478000
2024-05-19 13:15:16.704,OnTrack,3081,-934,794,pos,0 days 00:12:00.110000,0 days 01:07:36.718000
2024-05-19 13:15:17.044,OnTrack,3029,-809,793,pos,0 days 00:12:00.450000,0 days 01:07:37.058000
2024-05-19 13:15:17.244,OnTrack,2991,-731,791,pos,0 days 00:12:00.650000,0 days 01:07:37.258000
2024-05-19 13:15:17.384,OnTrack,2928,-621,790,pos,0 days 00:12:00.790000,0 days 01:07:37.398000
2024-05-19 13:15:17.725,OnTrack,2876,-550,789,pos,0 days 00:12:01.131000,0 days 01:07:37.739000
2024-05-19 13:15:18.045,OnTrack,2759,-445,788,pos,0 days 00:12:01.451000,0 days 01:07:38.059000
2024-05-19 13:15:18.405,OnTrack,2650,-393,787,pos,0 days 00:12:01.811000,0 days 01:07:38.419000
2024-05-19 13:15:18.605,OnTrack,2575,-373,786,pos,0 days 00:12:02.011000,0 days 01:07:38.619000
2024-05-19 13:15:18.805,OnTrack,2498,-362,786,pos,0 days 00:12:02.211000,0 days 01:07:38.819000
2024-05-19 13:15:19.105,OnTrack,2381,-360,786,pos,0 days 00:12:02.511000,0 days 01:07:39.119000
2024-05-19 13:15:19.305,OnTrack,2270,-374,785,pos,0 days 00:12:02.711000,0 days 01:07:39.319000
2024-05-19 13:15:19.605,OnTrack,2125,-417,783,pos,0 days 00:12:03.011000,0 days 01:07:39.619000
2024-05-19 13:15:20.045,OnTrack,2001,-471,782,pos,0 days 00:12:03.451000,0 days 01:07:40.059000
2024-05-19 13:15:20.205,OnTrack,1934,-503,781,pos,0 days 00:12:03.611000,0 days 01:07:40.219000
2024-05-19 13:15:20.505,OnTrack,1812,-560,780,pos,0 days 00:12:03.911000,0 days 01:07:40.519000
2024-05-19 13:15:20.665,OnTrack,1737,-594,779,pos,0 days 00:12:04.071000,0 days 01:07:40.679000
2024-05-19 13:15:20.885,OnTrack,1630,-642,778,pos,0 days 00:12:04.291000,0 days 01:07:40.899000
2024-05-19 13:15:21.045,OnTrack,1550,-679,778,pos,0 days 00:12:04.451000,0 days 01:07:41.059000
2024-05-19 13:15:21.225,OnTrack,1457,-721,778,pos,0 days 00:12:04.631000,0 days 01:07:41.239000
2024-05-19 13:15:21.505,OnTrack,1309,-788,778,pos,0 days 00:12:04.911000,0 days 01:07:41.519000
2024-05-19 13:15:21.605,OnTrack,1254,-813,778,pos,0 days 00:12:05.011000,0 days 01:07:41.619000
2024-05-19 13:15:21.864,OnTrack,1110,-878,778,pos,0 days 00:12:05.270000,0 days 01:07:41.878000
2024-05-19 13:15:22.124,OnTrack,904,-971,779,pos,0 days 00:12:05.530000,0 days 01:07:42.138000
2024-05-19 13:15:22.564,OnTrack,622,-1090,780,pos,0 days 00:12:05.970000,0 days 01:07:42.578000
2024-05-19 13:15:22.824,OnTrack,535,-1126,780,pos,0 days 00:12:06.230000,0 days 01:07:42.838000
2024-05-19 13:15:23.144,OnTrack,332,-1211,781,pos,0 days 00:12:06.550000,0 days 01:07:43.158000
2024-05-19 13:15:23.344,OnTrack,203,-1266,781,pos,0 days 00:12:06.750000,0 days 01:07:43.358000
2024-05-19 13:15:23.544,OnTrack,73,-1321,781,pos,0 days 00:12:06.950000,0 days 01:07:43.558000
2024-05-19 13:15:23.724,OnTrack,-125,-1401,781,pos,0 days 00:12:07.130000,0 days 01:07:43.738000
2024-05-19 13:15:24.104,OnTrack,-302,-1464,782,pos,0 days 00:12:07.510000,0 days 01:07:44.118000
2024-05-19 13:15:24.425,OnTrack,-587,-1539,783,pos,0 days 00:12:07.831000,0 days 01:07:44.439000
2024-05-19 13:15:24.665,OnTrack,-704,-1560,783,pos,0 days 00:12:08.071000,0 days 01:07:44.679000
2024-05-19 13:15:24.905,OnTrack,-886,-1578,783,pos,0 days 00:12:08.311000,0 days 01:07:44.919000
2024-05-19 13:15:25.185,OnTrack,-1133,-1590,784,pos,0 days 00:12:08.591000,0 days 01:07:45.199000
2024-05-19 13:15:25.365,OnTrack,-1266,-1593,785,pos,0 days 00:12:08.771000,0 days 01:07:45.379000
2024-05-19 13:15:25.665,OnTrack,-1554,-1608,786,pos,0 days 00:12:09.071000,0 days 01:07:45.679000
2024-05-19 13:15:26.045,OnTrack,-1902,-1628,787,pos,0 days 00:12:09.451000,0 days 01:07:46.059000
2024-05-19 13:15:26.365,OnTrack,-2045,-1635,788,pos,0 days 00:12:09.771000,0 days 01:07:46.379000
2024-05-19 13:15:26.765,OnTrack,-2479,-1660,790,pos,0 days 00:12:10.171000,0 days 01:07:46.779000
2024-05-19 13:15:27.005,OnTrack,-2560,-1664,790,pos,0 days 00:12:10.411000,0 days 01:07:47.019000
2024-05-19 13:15:27.385,OnTrack,-2983,-1678,792,pos,0 days 00:12:10.791000,0 days 01:07:47.399000
2024-05-19 13:15:27.665,OnTrack,-3098,-1682,792,pos,0 days 00:12:11.071000,0 days 01:07:47.679000
2024-05-19 13:15:27.925,OnTrack,-3411,-1694,794,pos,0 days 00:12:11.331000,0 days 01:07:47.939000
2024-05-19 13:15:28.344,OnTrack,-3742,-1689,795,pos,0 days 00:12:11.750000,0 days 01:07:48.358000
2024-05-19 13:15:28.744,OnTrack,-3991,-1662,797,pos,0 days 00:12:12.150000,0 days 01:07:48.758000
2024-05-19 13:15:29.024,OnTrack,-4224,-1619,798,pos,0 days 00:12:12.430000,0 days 01:07:49.038000
2024-05-19 13:15:29.244,OnTrack,-4440,-1572,799,pos,0 days 00:12:12.650000,0 days 01:07:49.258000
2024-05-19 13:15:29.504,OnTrack,-4621,-1529,800,pos,0 days 00:12:12.910000,0 days 01:07:49.518000
2024-05-19 13:15:29.684,OnTrack,-4769,-1492,801,pos,0 days 00:12:13.090000,0 days 01:07:49.698000
2024-05-19 13:15:29.924,OnTrack,-4967,-1443,803,pos,0 days 00:12:13.330000,0 days 01:07:49.938000
2024-05-19 13:15:30.264,OnTrack,-5282,-1367,805,pos,0 days 00:12:13.670000,0 days 01:07:50.278000
2024-05-19 13:15:30.664,OnTrack,-5582,-1303,808,pos,0 days 00:12:14.070000,0 days 01:07:50.678000
2024-05-19 13:15:30.865,OnTrack,-5783,-1270,810,pos,0 days 00:12:14.271000,0 days 01:07:50.879000
2024-05-19 13:15:31.125,OnTrack,-5970,-1249,811,pos,0 days 00:12:14.531000,0 days 01:07:51.139000
2024-05-19 13:15:31.405,OnTrack,-6211,-1235,814,pos,0 days 00:12:14.811000,0 days 01:07:51.419000
2024-05-19 13:15:31.665,OnTrack,-6435,-1230,814,pos,0 days 00:12:15.071000,0 days 01:07:51.679000
2024-05-19 13:15:31.745,OnTrack,-6504,-1229,814,pos,0 days 00:12:15.151000,0 days 01:07:51.759000
2024-05-19 13:15:32.125,OnTrack,-6829,-1231,816,pos,0 days 00:12:15.531000,0 days 01:07:52.139000
2024-05-19 13:15:32.345,OnTrack,-7017,-1236,817,pos,0 days 00:12:15.751000,0 days 01:07:52.359000
2024-05-19 13:15:32.545,OnTrack,-7222,-1246,817,pos,0 days 00:12:15.951000,0 days 01:07:52.559000
2024-05-19 13:15:32.945,OnTrack,-7629,-1280,818,pos,0 days 00:12:16.351000,0 days 01:07:52.959000
2024-05-19 13:15:33.205,OnTrack,-7748,-1292,818,pos,0 days 00:12:16.611000,0 days 01:07:53.219000
2024-05-19 13:15:33.505,OnTrack,-8068,-1331,818,pos,0 days 00:12:16.911000,0 days 01:07:53.519000
2024-05-19 13:15:33.645,OnTrack,-8186,-1346,819,pos,0 days 00:12:17.051000,0 days 01:07:53.659000
2024-05-19 13:15:33.985,OnTrack,-8537,-1394,819,pos,0 days 00:12:17.391000,0 days 01:07:53.999000
2024-05-19 13:15:34.245,OnTrack,-8686,-1415,819,pos,0 days 00:12:17.651000,0 days 01:07:54.259000
2024-05-19 13:15:34.485,OnTrack,-8885,-1443,819,pos,0 days 00:12:17.891000,0 days 01:07:54.499000
2024-05-19 13:15:34.745,OnTrack,-9099,-1477,819,pos,0 days 00:12:18.151000,0 days 01:07:54.759000
2024-05-19 13:15:34.984,OnTrack,-9353,-1532,819,pos,0 days 00:12:18.390000,0 days 01:07:54.998000
2024-05-19 13:15:35.344,OnTrack,-9561,-1594,819,pos,0 days 00:12:18.750000,0 days 01:07:55.358000
2024-05-19 13:15:35.584,OnTrack,-9722,-1645,819,pos,0 days 00:12:18.990000,0 days 01:07:55.598000
2024-05-19 13:15:35.804,OnTrack,-9854,-1687,818,pos,0 days 00:12:19.210000,0 days 01:07:55.818000
2024-05-19 13:15:35.944,OnTrack,-9931,-1711,818,pos,0 days 00:12:19.350000,0 days 01:07:55.958000
2024-05-19 13:15:36.144,OnTrack,-10036,-1744,819,pos,0 days 00:12:19.550000,0 days 01:07:56.158000
2024-05-19 13:15:36.404,OnTrack,-10139,-1776,818,pos,0 days 00:12:19.810000,0 days 01:07:56.418000
2024-05-19 13:15:36.644,OnTrack,-10234,-1817,818,pos,0 days 00:12:20.050000,0 days 01:07:56.658000
2024-05-19 13:15:36.824,OnTrack,-10318,-1888,818,pos,0 days 00:12:20.230000,0 days 01:07:56.838000
2024-05-19 13:15:37.164,OnTrack,-10370,-1975,818,pos,0 days 00:12:20.570000,0 days 01:07:57.178000
2024-05-19 13:15:37.344,OnTrack,-10396,-2051,818,pos,0 days 00:12:20.750000,0 days 01:07:57.358000
2024-05-19 13:15:37.645,OnTrack,-10432,-2182,819,pos,0 days 00:12:21.051000,0 days 01:07:57.659000
2024-05-19 13:15:37.805,OnTrack,-10455,-2249,819,pos,0 days 00:12:21.211000,0 days 01:07:57.819000
2024-05-19 13:15:37.985,OnTrack,-10490,-2321,819,pos,0 days 00:12:21.391000,0 days 01:07:57.999000
2024-05-19 13:15:38.265,OnTrack,-10567,-2424,818,pos,0 days 00:12:21.671000,0 days 01:07:58.279000
2024-05-19 13:15:38.545,OnTrack,-10667,-2512,818,pos,0 days 00:12:21.951000,0 days 01:07:58.559000
2024-05-19 13:15:38.765,OnTrack,-10773,-2583,819,pos,0 days 00:12:22.171000,0 days 01:07:58.779000
2024-05-19 13:15:39.185,OnTrack,-10973,-2701,821,pos,0 days 00:12:22.591000,0 days 01:07:59.199000
2024-05-19 13:15:39.445,OnTrack,-11055,-2749,822,pos,0 days 00:12:22.851000,0 days 01:07:59.459000
2024-05-19 13:15:39.685,OnTrack,-11225,-2848,823,pos,0 days 00:12:23.091000,0 days 01:07:59.699000
2024-05-19 13:15:40.125,OnTrack,-11440,-2985,824,pos,0 days 00:12:23.531000,0 days 01:08:00.139000
2024-05-19 13:15:40.525,OnTrack,-11568,-3092,825,pos,0 days 00:12:23.931000,0 days 01:08:00.539000
2024-05-19 13:15:40.725,OnTrack,-11648,-3184,825,pos,0 days 00:12:24.131000,0 days 01:08:00.739000
2024-05-19 13:15:40.865,OnTrack,-11697,-3257,825,pos,0 days 00:12:24.271000,0 days 01:08:00.879000
2024-05-19 13:15:41.205,OnTrack,-11829,-3540,827,pos,0 days 00:12:24.611000,0 days 01:08:01.219000
2024-05-19 13:15:41.644,OnTrack,-11921,-3788,828,pos,0 days 00:12:25.050000,0 days 01:08:01.658000
2024-05-19 13:15:41.964,OnTrack,-11978,-3940,828,pos,0 days 00:12:25.370000,0 days 01:08:01.978000
2024-05-19 13:15:42.124,OnTrack,-12017,-4043,828,pos,0 days 00:12:25.530000,0 days 01:08:02.138000
2024-05-19 13:15:42.324,OnTrack,-12065,-4173,829,pos,0 days 00:12:25.730000,0 days 01:08:02.338000
2024-05-19 13:15:42.544,OnTrack,-12120,-4317,830,pos,0 days 00:12:25.950000,0 days 01:08:02.558000
2024-05-19 13:15:42.844,OnTrack,-12196,-4518,830,pos,0 days 00:12:26.250000,0 days 01:08:02.858000
2024-05-19 13:15:42.924,OnTrack,-12216,-4573,830,pos,0 days 00:12:26.330000,0 days 01:08:02.938000
2024-05-19 13:15:43.124,OnTrack,-12267,-4709,830,pos,0 days 00:12:26.530000,0 days 01:08:03.138000
2024-05-19 13:15:43.404,OnTrack,-12340,-4902,831,pos,0 days 00:12:26.810000,0 days 01:08:03.418000
2024-05-19 13:15:43.664,OnTrack,-12428,-5140,832,pos,0 days 00:12:27.070000,0 days 01:08:03.678000
2024-05-19 13:15:43.924,OnTrack,-12477,-5267,832,pos,0 days 00:12:27.330000,0 days 01:08:03.938000
2024-05-19 13:15:44.125,OnTrack,-12530,-5409,832,pos,0 days 00:12:27.531000,0 days 01:08:04.139000
2024-05-19 13:15:44.425,OnTrack,-12611,-5625,833,pos,0 days 00:12:27.831000,0 days 01:08:04.439000
2024-05-19 13:15:44.685,OnTrack,-12709,-5887,833,pos,0 days 00:12:28.091000,0 days 01:08:04.699000
2024-05-19 13:15:45.005,OnTrack,-12770,-6047,834,pos,0 days 00:12:28.411000,0 days 01:08:05.019000
2024-05-19 13:15:45.185,OnTrack,-12821,-6177,834,pos,0 days 00:12:28.591000,0 days 01:08:05.199000
2024-05-19 13:15:45.585,OnTrack,-12983,-6565,835,pos,0 days 00:12:28.991000,0 days 01:08:05.599000
2024-05-19 13:15:46.005,OnTrack,-13066,-6763,836,pos,0 days 00:12:29.411000,0 days 01:08:06.019000
2024-05-19 13:15:46.145,OnTrack,-13102,-6858,836,pos,0 days 00:12:29.551000,0 days 01:08:06.159000
2024-05-19 13:15:46.345,OnTrack,-13141,-6988,837,pos,0 days 00:12:29.751000,0 days 01:08:06.359000
2024-05-19 13:15:46.505,OnTrack,-13163,-7179,838,pos,0 days 00:12:29.911000,0 days 01:08:06.519000
2024-05-19 13:15:46.945,OnTrack,-13146,-7369,839,pos,0 days 00:12:30.351000,0 days 01:08:06.959000
2024-05-19 13:15:47.065,OnTrack,-13133,-7443,840,pos,0 days 00:12:30.471000,0 days 01:08:07.079000
2024-05-19 13:15:47.405,OnTrack,-13087,-7642,841,pos,0 days 00:12:30.811000,0 days 01:08:07.419000
2024-05-19 13:15:47.605,OnTrack,-13045,-7822,842,pos,0 days 00:12:31.011000,0 days 01:08:07.619000
2024-05-19 13:15:48.045,OnTrack,-13025,-8017,844,pos,0 days 00:12:31.451000,0 days 01:08:08.059000
2024-05-19 13:15:48.364,OnTrack,-13041,-8100,844,pos,0 days 00:12:31.770000,0 days 01:08:08.378000
2024-05-19 13:15:48.604,OnTrack,-13088,-8193,846,pos,0 days 00:12:32.010000,0 days 01:08:08.618000
2024-05-19 13:15:48.864,OnTrack,-13172,-8284,847,pos,0 days 00:12:32.270000,0 days 01:08:08.878000
2024-05-19 13:15:49.064,OnTrack,-13248,-8350,847,pos,0 days 00:12:32.470000,0 days 01:08:09.078000
2024-05-19 13:15:49.144,OnTrack,-13278,-8376,848,pos,0 days 00:12:32.550000,0 days 01:08:09.158000
2024-05-19 13:15:49.444,OnTrack,-13390,-8472,849,pos,0 days 00:12:32.850000,0 days 01:08:09.458000
2024-05-19 13:15:49.684,OnTrack,-13484,-8551,851,pos,0 days 00:12:33.090000,0 days 01:08:09.698000
2024-05-19 13:15:49.864,OnTrack,-13557,-8613,851,pos,0 days 00:12:33.270000,0 days 01:08:09.878000
2024-05-19 13:15:50.024,OnTrack,-13622,-8669,852,pos,0 days 00:12:33.430000,0 days 01:08:10.038000
2024-05-19 13:15:50.244,OnTrack,-13715,-8748,854,pos,0 days 00:12:33.650000,0 days 01:08:10.258000
2024-05-19 13:15:50.484,OnTrack,-13807,-8824,855,pos,0 days 00:12:33.890000,0 days 01:08:10.498000
2024-05-19 13:15:50.745,OnTrack,-13934,-8931,858,pos,0 days 00:12:34.151000,0 days 01:08:10.759000
2024-05-19 13:15:51.025,OnTrack,-14042,-9029,861,pos,0 days 00:12:34.431000,0 days 01:08:11.039000
2024-05-19 13:15:51.245,OnTrack,-14140,-9124,864,pos,0 days 00:12:34.651000,0 days 01:08:11.259000
2024-05-19 13:15:51.505,OnTrack,-14255,-9238,869,pos,0 days 00:12:34.911000,0 days 01:08:11.519000
2024-05-19 13:15:51.705,OnTrack,-14380,-9362,874,pos,0 days 00:12:35.111000,0 days 01:08:11.719000
2024-05-19 13:15:52.045,OnTrack,-14496,-9475,880,pos,0 days 00:12:35.451000,0 days 01:08:12.059000
2024-05-19 13:15:52.245,OnTrack,-14582,-9554,884,pos,0 days 00:12:35.651000,0 days 01:08:12.259000
2024-05-19 13:15:52.465,OnTrack,-14666,-9634,887,pos,0 days 00:12:35.871000,0 days 01:08:12.479000
2024-05-19 13:15:52.665,OnTrack,-14733,-9702,891,pos,0 days 00:12:36.071000,0 days 01:08:12.679000
2024-05-19 13:15:52.925,OnTrack,-14806,-9786,895,pos,0 days 00:12:36.331000,0 days 01:08:12.939000
2024-05-19 13:15:53.085,OnTrack,-14843,-9837,896,pos,0 days 00:12:36.491000,0 days 01:08:13.099000
2024-05-19 13:15:53.245,OnTrack,-14872,-9888,898,pos,0 days 00:12:36.651000,0 days 01:08:13.259000
2024-05-19 13:15:53.465,OnTrack,-14901,-9959,901,pos,0 days 00:12:36.871000,0 days 01:08:13.479000
2024-05-19 13:15:53.765,OnTrack,-14916,-10055,904,pos,0 days 00:12:37.171000,0 days 01:08:13.779000
2024-05-19 13:15:53.945,OnTrack,-14912,-10110,906,pos,0 days 00:12:37.351000,0 days 01:08:13.959000
2024-05-19 13:15:54.205,OnTrack,-14878,-10203,911,pos,0 days 00:12:37.611000,0 days 01:08:14.219000
2024-05-19 13:15:54.605,OnTrack,-14799,-10295,918,pos,0 days 00:12:38.011000,0 days 01:08:14.619000
2024-05-19 13:15:55.064,OnTrack,-14725,-10343,922,pos,0 days 00:12:38.470000,0 days 01:08:15.078000
2024-05-19 13:15:55.284,OnTrack,-14651,-10372,925,pos,0 days 00:12:38.690000,0 days 01:08:15.298000
2024-05-19 13:15:55.524,OnTrack,-14609,-10383,928,pos,0 days 00:12:38.930000,0 days 01:08:15.538000
2024-05-19 13:15:55.764,OnTrack,-14543,-10392,932,pos,0 days 00:12:39.170000,0 days 01:08:15.778000
2024-05-19 13:15:55.944,OnTrack,-14491,-10395,935,pos,0 days 00:12:39.350000,0 days 01:08:15.958000
2024-05-19 13:15:56.124,OnTrack,-14435,-10395,937,pos,0 days 00:12:39.530000,0 days 01:08:16.138000
2024-05-19 13:15:56.464,OnTrack,-14322,-10386,942,pos,0 days 00:12:39.870000,0 days 01:08:16.478000
2024-05-19 13:15:56.924,OnTrack,-14166,-10363,949,pos,0 days 00:12:40.330000,0 days 01:08:16.938000
2024-05-19 13:15:57.265,OnTrack,-14031,-10338,955,pos,0 days 00:12:40.671000,0 days 01:08:17.279000
2024-05-19 13:15:57.505,OnTrack,-13884,-10308,963,pos,0 days 00:12:40.911000,0 days 01:08:17.519000
2024-05-19 13:15:57.845,OnTrack,-13697,-10270,971,pos,0 days 00:12:41.251000,0 days 01:08:17.859000
2024-05-19 13:15:58.345,OnTrack,-13474,-10227,980,pos,0 days 00:12:41.751000,0 days 01:08:18.359000
2024-05-19 13:15:58.605,OnTrack,-13352,-10205,984,pos,0 days 00:12:42.011000,0 days 01:08:18.619000
2024-05-19 13:15:58.965,OnTrack,-13085,-10158,994,pos,0 days 00:12:42.371000,0 days 01:08:18.979000
2024-05-19 13:15:59.245,OnTrack,-12976,-10140,997,pos,0 days 00:12:42.651000,0 days 01:08:19.259000
2024-05-19 13:15:59.585,OnTrack,-12687,-10096,1007,pos,0 days 00:12:42.991000,0 days 01:08:19.599000
2024-05-19 13:16:00.005,OnTrack,-12493,-10067,1013,pos,0 days 00:12:43.411000,0 days 01:08:20.019000
2024-05-19 13:16:00.205,OnTrack,-12361,-10048,1019,pos,0 days 00:12:43.611000,0 days 01:08:20.219000
2024-05-19 13:16:00.245,OnTrack,-12334,-10045,1020,pos,0 days 00:12:43.651000,0 days 01:08:20.259000
2024-05-19 13:16:00.485,OnTrack,-12172,-10022,1028,pos,0 days 00:12:43.891000,0 days 01:08:20.499000
2024-05-19 13:16:00.765,OnTrack,-11866,-9981,1048,pos,0 days 00:12:44.171000,0 days 01:08:20.779000
2024-05-19 13:16:01.225,OnTrack,-11630,-9955,1063,pos,0 days 00:12:44.631000,0 days 01:08:21.239000
2024-05-19 13:16:01.404,OnTrack,-11502,-9942,1072,pos,0 days 00:12:44.810000,0 days 01:08:21.418000
2024-05-19 13:16:01.624,OnTrack,-11242,-9924,1088,pos,0 days 00:12:45.030000,0 days 01:08:21.638000
2024-05-19 13:16:01.924,OnTrack,-11125,-9920,1095,pos,0 days 00:12:45.330000,0 days 01:08:21.938000
2024-05-19 13:16:02.084,OnTrack,-11008,-9918,1101,pos,0 days 00:12:45.490000,0 days 01:08:22.098000
2024-05-19 13:16:02.384,OnTrack,-10788,-9921,1113,pos,0 days 00:12:45.790000,0 days 01:08:22.398000
2024-05-19 13:16:02.564,OnTrack,-10656,-9928,1119,pos,0 days 00:12:45.970000,0 days 01:08:22.578000
2024-05-19 13:16:02.884,OnTrack,-10317,-9959,1122,pos,0 days 00:12:46.290000,0 days 01:08:22.898000
2024-05-19 13:16:03.184,OnTrack,-10199,-9972,1122,pos,0 days 00:12:46.590000,0 days 01:08:23.198000
2024-05-19 13:16:03.344,OnTrack,-10082,-9986,1121,pos,0 days 00:12:46.750000,0 days 01:08:23.358000
2024-05-19 13:16:03.564,OnTrack,-9920,-10004,1120,pos,0 days 00:12:46.970000,0 days 01:08:23.578000
2024-05-19 13:16:03.825,OnTrack,-9728,-10027,1118,pos,0 days 00:12:47.231000,0 days 01:08:23.839000
2024-05-19 13:16:04.085,OnTrack,-9539,-10047,1116,pos,0 days 00:12:47.491000,0 days 01:08:24.099000
2024-05-19 13:16:04.245,OnTrack,-9428,-10059,1115,pos,0 days 00:12:47.651000,0 days 01:08:24.259000
2024-05-19 13:16:04.465,OnTrack,-9283,-10069,1115,pos,0 days 00:12:47.871000,0 days 01:08:24.479000
2024-05-19 13:16:04.625,OnTrack,-9185,-10071,1114,pos,0 days 00:12:48.031000,0 days 01:08:24.639000
2024-05-19 13:16:04.885,OnTrack,-9040,-10057,1114,pos,0 days 00:12:48.291000,0 days 01:08:24.899000
2024-05-19 13:16:05.125,OnTrack,-8914,-10021,1114,pos,0 days 00:12:48.531000,0 days 01:08:25.139000
2024-05-19 13:16:05.305,OnTrack,-8827,-9978,1113,pos,0 days 00:12:48.711000,0 days 01:08:25.319000
2024-05-19 13:16:05.465,OnTrack,-8756,-9928,1111,pos,0 days 00:12:48.871000,0 days 01:08:25.479000
2024-05-19 13:16:05.765,OnTrack,-8603,-9751,1106,pos,0 days 00:12:49.171000,0 days 01:08:25.779000
2024-05-19 13:16:06.125,OnTrack,-8534,-9626,1101,pos,0 days 00:12:49.531000,0 days 01:08:26.139000
2024-05-19 13:16:06.365,OnTrack,-8470,-9498,1097,pos,0 days 00:12:49.771000,0 days 01:08:26.379000
2024-05-19 13:16:06.525,OnTrack,-8427,-9411,1095,pos,0 days 00:12:49.931000,0 days 01:08:26.539000
2024-05-19 13:16:06.725,OnTrack,-8377,-9299,1091,pos,0 days 00:12:50.131000,0 days 01:08:26.739000
2024-05-19 13:16:06.925,OnTrack,-8332,-9184,1087,pos,0 days 00:12:50.331000,0 days 01:08:26.939000
2024-05-19 13:16:07.105,OnTrack,-8298,-9075,1083,pos,0 days 00:12:50.511000,0 days 01:08:27.119000
2024-05-19 13:16:07.325,OnTrack,-8267,-8938,1078,pos,0 days 00:12:50.731000,0 days 01:08:27.339000
2024-05-19 13:16:07.585,OnTrack,-8238,-8674,1064,pos,0 days 00:12:50.991000,0 days 01:08:27.599000
2024-05-19 13:16:08.044,OnTrack,-8242,-8456,1050,pos,0 days 00:12:51.450000,0 days 01:08:28.058000
2024-05-19 13:16:08.244,OnTrack,-8254,-8318,1040,pos,0 days 00:12:51.650000,0 days 01:08:28.258000
2024-05-19 13:16:08.344,OnTrack,-8259,-8276,1036,pos,0 days 00:12:51.750000,0 days 01:08:28.358000
2024-05-19 13:16:08.564,OnTrack,-8281,-8121,1021,pos,0 days 00:12:51.970000,0 days 01:08:28.578000
2024-05-19 13:16:08.744,OnTrack,-8303,-7994,1010,pos,0 days 00:12:52.150000,0 days 01:08:28.758000
2024-05-19 13:16:08.984,OnTrack,-8356,-7739,989,pos,0 days 00:12:52.390000,0 days 01:08:28.998000
2024-05-19 13:16:09.424,OnTrack,-8409,-7511,973,pos,0 days 00:12:52.830000,0 days 01:08:29.438000
2024-05-19 13:16:09.604,OnTrack,-8438,-7381,965,pos,0 days 00:12:53.010000,0 days 01:08:29.618000
2024-05-19 13:16:09.824,OnTrack,-8475,-7222,955,pos,0 days 00:12:53.230000,0 days 01:08:29.838000
2024-05-19 13:16:10.024,OnTrack,-8508,-7076,948,pos,0 days 00:12:53.430000,0 days 01:08:30.038000
2024-05-19 13:16:10.184,OnTrack,-8534,-6959,942,pos,0 days 00:12:53.590000,0 days 01:08:30.198000
2024-05-19 13:16:10.465,OnTrack,-8581,-6753,931,pos,0 days 00:12:53.871000,0 days 01:08:30.479000
2024-05-19 13:16:10.685,OnTrack,-8633,-6506,918,pos,0 days 00:12:54.091000,0 days 01:08:30.699000
2024-05-19 13:16:11.165,OnTrack,-8652,-6255,906,pos,0 days 00:12:54.571000,0 days 01:08:31.179000
2024-05-19 13:16:11.565,OnTrack,-8589,-6003,899,pos,0 days 00:12:54.971000,0 days 01:08:31.579000
2024-05-19 13:16:11.765,OnTrack,-8506,-5828,897,pos,0 days 00:12:55.171000,0 days 01:08:31.779000
2024-05-19 13:16:12.045,OnTrack,-8446,-5723,896,pos,0 days 00:12:55.451000,0 days 01:08:32.059000
2024-05-19 13:16:12.325,OnTrack,-8369,-5594,898,pos,0 days 00:12:55.731000,0 days 01:08:32.339000
2024-05-19 13:16:12.545,OnTrack,-8310,-5509,899,pos,0 days 00:12:55.951000,0 days 01:08:32.559000
2024-05-19 13:16:12.605,OnTrack,-8294,-5488,900,pos,0 days 00:12:56.011000,0 days 01:08:32.619000
2024-05-19 13:16:12.925,OnTrack,-8204,-5396,903,pos,0 days 00:12:56.331000,0 days 01:08:32.939000
2024-05-19 13:16:13.165,OnTrack,-8130,-5350,906,pos,0 days 00:12:56.571000,0 days 01:08:33.179000
2024-05-19 13:16:13.365,OnTrack,-8062,-5330,909,pos,0 days 00:12:56.771000,0 days 01:08:33.379000
2024-05-19 13:16:13.625,OnTrack,-7971,-5327,916,pos,0 days 00:12:57.031000,0 days 01:08:33.639000
2024-05-19 13:16:13.825,OnTrack,-7865,-5347,924,pos,0 days 00:12:57.231000,0 days 01:08:33.839000
2024-05-19 13:16:14.245,OnTrack,-7737,-5381,936,pos,0 days 00:12:57.651000,0 days 01:08:34.259000
2024-05-19 13:16:14.544,OnTrack,-7607,-5411,948,pos,0 days 00:12:57.950000,0 days 01:08:34.558000
2024-05-19 13:16:14.924,OnTrack,-7506,-5427,957,pos,0 days 00:12:58.330000,0 days 01:08:34.938000
2024-05-19 13:16:15.084,OnTrack,-7440,-5435,962,pos,0 days 00:12:58.490000,0 days 01:08:35.098000
2024-05-19 13:16:15.284,OnTrack,-7353,-5440,971,pos,0 days 00:12:58.690000,0 days 01:08:35.298000
2024-05-19 13:16:15.644,OnTrack,-7188,-5443,985,pos,0 days 00:12:59.050000,0 days 01:08:35.658000
2024-05-19 13:16:15.804,OnTrack,-7039,-5443,995,pos,0 days 00:12:59.210000,0 days 01:08:35.818000
2024-05-19 13:16:16.104,OnTrack,-6956,-5442,1001,pos,0 days 00:12:59.510000,0 days 01:08:36.118000
2024-05-19 13:16:16.424,OnTrack,-6785,-5440,1011,pos,0 days 00:12:59.830000,0 days 01:08:36.438000
2024-05-19 13:16:16.664,OnTrack,-6651,-5439,1017,pos,0 days 00:13:00.070000,0 days 01:08:36.678000
2024-05-19 13:16:16.925,OnTrack,-6442,-5437,1026,pos,0 days 00:13:00.331000,0 days 01:08:36.939000
2024-05-19 13:16:17.165,OnTrack,-6358,-5437,1029,pos,0 days 00:13:00.571000,0 days 01:08:37.179000
2024-05-19 13:16:17.405,OnTrack,-6211,-5435,1034,pos,0 days 00:13:00.811000,0 days 01:08:37.419000
2024-05-19 13:16:18.285,OnTrack,-5548,-5430,1052,pos,0 days 00:13:01.691000,0 days 01:08:38.299000
2024-05-19 13:16:18.605,OnTrack,-5426,-5428,1055,pos,0 days 00:13:02.011000,0 days 01:08:38.619000
2024-05-19 13:16:18.925,OnTrack,-5219,-5423,1062,pos,0 days 00:13:02.331000,0 days 01:08:38.939000
2024-05-19 13:16:19.105,OnTrack,-5012,-5409,1068,pos,0 days 00:13:02.511000,0 days 01:08:39.119000
2024-05-19 13:16:19.505,OnTrack,-4788,-5389,1074,pos,0 days 00:13:02.911000,0 days 01:08:39.519000
2024-05-19 13:16:19.685,OnTrack,-4661,-5378,1077,pos,0 days 00:13:03.091000,0 days 01:08:39.699000
2024-05-19 13:16:19.905,OnTrack,-4506,-5364,1080,pos,0 days 00:13:03.311000,0 days 01:08:39.919000
2024-05-19 13:16:20.125,OnTrack,-4350,-5351,1082,pos,0 days 00:13:03.531000,0 days 01:08:40.139000
2024-05-19 13:16:20.345,OnTrack,-4137,-5334,1084,pos,0 days 00:13:03.751000,0 days 01:08:40.359000
2024-05-19 13:16:20.645,OnTrack,-3981,-5321,1085,pos,0 days 00:13:04.051000,0 days 01:08:40.659000
2024-05-19 13:16:20.905,OnTrack,-3807,-5306,1086,pos,0 days 00:13:04.311000,0 days 01:08:40.919000
2024-05-19 13:16:21.104,OnTrack,-3685,-5296,1087,pos,0 days 00:13:04.510000,0 days 01:08:41.118000
2024-05-19 13:16:21.424,OnTrack,-3486,-5281,1087,pos,0 days 00:13:04.830000,0 days 01:08:41.438000
2024-05-19 13:16:21.704,OnTrack,-3388,-5275,1089,pos,0 days 00:13:05.110000,0 days 01:08:41.718000
2024-05-19 13:16:22.024,OnTrack,-3231,-5278,1092,pos,0 days 00:13:05.430000,0 days 01:08:42.038000
2024-05-19 13:16:22.344,OnTrack,-3181,-5294,1092,pos,0 days 00:13:05.750000,0 days 01:08:42.358000
2024-05-19 13:16:22.624,OnTrack,-3104,-5350,1095,pos,0 days 00:13:06.030000,0 days 01:08:42.638000
2024-05-19 13:16:22.704,OnTrack,-3085,-5370,1096,pos,0 days 00:13:06.110000,0 days 01:08:42.718000
2024-05-19 13:16:23.044,OnTrack,-3007,-5454,1096,pos,0 days 00:13:06.450000,0 days 01:08:43.058000
2024-05-19 13:16:23.224,OnTrack,-2967,-5492,1096,pos,0 days 00:13:06.630000,0 days 01:08:43.238000
2024-05-19 13:16:23.465,OnTrack,-2909,-5532,1096,pos,0 days 00:13:06.871000,0 days 01:08:43.479000
2024-05-19 13:16:23.625,OnTrack,-2868,-5550,1096,pos,0 days 00:13:07.031000,0 days 01:08:43.639000
2024-05-19 13:16:23.765,OnTrack,-2830,-5560,1095,pos,0 days 00:13:07.171000,0 days 01:08:43.779000
2024-05-19 13:16:23.945,OnTrack,-2782,-5563,1094,pos,0 days 00:13:07.351000,0 days 01:08:43.959000
2024-05-19 13:16:24.125,OnTrack,-2732,-5557,1093,pos,0 days 00:13:07.531000,0 days 01:08:44.139000
2024-05-19 13:16:24.325,OnTrack,-2676,-5544,1092,pos,0 days 00:13:07.731000,0 days 01:08:44.339000
2024-05-19 13:16:24.585,OnTrack,-2605,-5522,1090,pos,0 days 00:13:07.991000,0 days 01:08:44.599000
2024-05-19 13:16:24.825,OnTrack,-2509,-5488,1088,pos,0 days 00:13:08.231000,0 days 01:08:44.839000
2024-05-19 13:16:25.285,OnTrack,-2360,-5422,1085,pos,0 days 00:13:08.691000,0 days 01:08:45.299000
2024-05-19 13:16:25.625,OnTrack,-2284,-5385,1083,pos,0 days 00:13:09.031000,0 days 01:08:45.639000
2024-05-19 13:16:25.885,OnTrack,-2188,-5335,1081,pos,0 days 00:13:09.291000,0 days 01:08:45.899000
2024-05-19 13:16:26.045,OnTrack,-2126,-5302,1079,pos,0 days 00:13:09.451000,0 days 01:08:46.059000
2024-05-19 13:16:26.225,OnTrack,-2053,-5264,1078,pos,0 days 00:13:09.631000,0 days 01:08:46.239000
2024-05-19 13:16:26.525,OnTrack,-1923,-5195,1075,pos,0 days 00:13:09.931000,0 days 01:08:46.539000
2024-05-19 13:16:26.685,OnTrack,-1814,-5138,1073,pos,0 days 00:13:10.091000,0 days 01:08:46.699000
2024-05-19 13:16:27.025,OnTrack,-1691,-5075,1070,pos,0 days 00:13:10.431000,0 days 01:08:47.039000
2024-05-19 13:16:27.345,OnTrack,-1517,-4991,1067,pos,0 days 00:13:10.751000,0 days 01:08:47.359000
2024-05-19 13:16:27.505,OnTrack,-1432,-4952,1066,pos,0 days 00:13:10.911000,0 days 01:08:47.519000
2024-05-19 13:16:27.565,OnTrack,-1400,-4937,1065,pos,0 days 00:13:10.971000,0 days 01:08:47.579000
2024-05-19 13:16:27.904,OnTrack,-1214,-4852,1062,pos,0 days 00:13:11.310000,0 days 01:08:47.918000
2024-05-19 13:16:28.064,OnTrack,-1125,-4808,1060,pos,0 days 00:13:11.470000,0 days 01:08:48.078000
2024-05-19 13:16:28.304,OnTrack,-990,-4736,1057,pos,0 days 00:13:11.710000,0 days 01:08:48.318000
2024-05-19 13:16:28.544,OnTrack,-779,-4605,1052,pos,0 days 00:13:11.950000,0 days 01:08:48.558000
2024-05-19 13:16:28.964,OnTrack,-590,-4475,1046,pos,0 days 00:13:12.370000,0 days 01:08:48.978000
2024-05-19 13:16:29.264,OnTrack,-456,-4377,1042,pos,0 days 00:13:12.670000,0 days 01:08:49.278000
2024-05-19 13:16:29.444,OnTrack,-356,-4301,1039,pos,0 days 00:13:12.850000,0 days 01:08:49.458000
2024-05-19 13:16:29.604,OnTrack,-266,-4232,1036,pos,0 days 00:13:13.010000,0 days 01:08:49.618000
2024-05-19 13:16:29.884,OnTrack,-112,-4105,1032,pos,0 days 00:13:13.290000,0 days 01:08:49.898000
2024-05-19 13:16:30.165,OnTrack,102,-3908,1026,pos,0 days 00:13:13.571000,0 days 01:08:50.179000
2024-05-19 13:16:30.485,OnTrack,236,-3771,1023,pos,0 days 00:13:13.891000,0 days 01:08:50.499000
2024-05-19 13:16:30.665,OnTrack,327,-3673,1020,pos,0 days 00:13:14.071000,0 days 01:08:50.679000
2024-05-19 13:16:30.845,OnTrack,418,-3573,1016,pos,0 days 00:13:14.251000,0 days 01:08:50.859000
2024-05-19 13:16:31.145,OnTrack,570,-3404,1009,pos,0 days 00:13:14.551000,0 days 01:08:51.159000
2024-05-19 13:16:31.325,OnTrack,662,-3301,1003,pos,0 days 00:13:14.731000,0 days 01:08:51.339000
2024-05-19 13:16:31.585,OnTrack,797,-3152,995,pos,0 days 00:13:14.991000,0 days 01:08:51.599000
2024-05-19 13:16:31.745,OnTrack,880,-3060,989,pos,0 days 00:13:15.151000,0 days 01:08:51.759000
2024-05-19 13:16:31.945,OnTrack,985,-2944,981,pos,0 days 00:13:15.351000,0 days 01:08:51.959000
2024-05-19 13:16:32.165,OnTrack,1101,-2816,971,pos,0 days 00:13:15.571000,0 days 01:08:52.179000
2024-05-19 13:16:32.365,OnTrack,1208,-2698,962,pos,0 days 00:13:15.771000,0 days 01:08:52.379000
2024-05-19 13:16:32.565,OnTrack,1316,-2581,952,pos,0 days 00:13:15.971000,0 days 01:08:52.579000
2024-05-19 13:16:32.785,OnTrack,1439,-2458,941,pos,0 days 00:13:16.191000,0 days 01:08:52.799000
2024-05-19 13:16:33.005,OnTrack,1568,-2345,930,pos,0 days 00:13:16.411000,0 days 01:08:53.019000
2024-05-19 13:16:33.225,OnTrack,1726,-2232,917,pos,0 days 00:13:16.631000,0 days 01:08:53.239000
2024-05-19 13:16:33.485,OnTrack,1908,-2135,903,pos,0 days 00:13:16.891000,0 days 01:08:53.499000
2024-05-19 13:16:33.645,OnTrack,2016,-2088,894,pos,0 days 00:13:17.051000,0 days 01:08:53.659000
2024-05-19 13:16:33.765,OnTrack,2106,-2051,887,pos,0 days 00:13:17.171000,0 days 01:08:53.779000
2024-05-19 13:16:33.945,OnTrack,2238,-1999,877,pos,0 days 00:13:17.351000,0 days 01:08:53.959000
2024-05-19 13:16:34.204,OnTrack,2422,-1924,863,pos,0 days 00:13:17.610000,0 days 01:08:54.218000
2024-05-19 13:16:34.484,OnTrack,2658,-1828,846,pos,0 days 00:13:17.890000,0 days 01:08:54.498000
2024-05-19 13:16:34.824,OnTrack,2787,-1775,836,pos,0 days 00:13:18.230000,0 days 01:08:54.838000
2024-05-19 13:16:35.104,OnTrack,2961,-1699,824,pos,0 days 00:13:18.510000,0 days 01:08:55.118000
2024-05-19 13:16:35.584,OnTrack,3115,-1582,814,pos,0 days 00:13:18.990000,0 days 01:08:55.598000
2024-05-19 13:16:35.964,OnTrack,3158,-1513,810,pos,0 days 00:13:19.370000,0 days 01:08:55.978000
2024-05-19 13:16:36.164,OnTrack,3180,-1451,808,pos,0 days 00:13:19.570000,0 days 01:08:56.178000
2024-05-19 13:16:36.344,OnTrack,3190,-1347,803,pos,0 days 00:13:19.750000,0 days 01:08:56.358000
2024-05-19 13:16:36.665,OnTrack,3185,-1290,801,pos,0 days 00:13:20.071000,0 days 01:08:56.679000
2024-05-19 13:16:36.885,OnTrack,3172,-1221,799,pos,0 days 00:13:20.291000,0 days 01:08:56.899000
2024-05-19 13:16:37.245,OnTrack,3129,-1074,796,pos,0 days 00:13:20.651000,0 days 01:08:57.259000
2024-05-19 13:16:37.625,OnTrack,3084,-945,794,pos,0 days 00:13:21.031000,0 days 01:08:57.639000
2024-05-19 13:16:37.925,OnTrack,3057,-873,793,pos,0 days 00:13:21.331000,0 days 01:08:57.939000
2024-05-19 13:16:38.245,OnTrack,2990,-729,791,pos,0 days 00:13:21.651000,0 days 01:08:58.259000
2024-05-19 13:16:38.625,OnTrack,2917,-605,790,pos,0 days 00:13:22.031000,0 days 01:08:58.639000
2024-05-19 13:16:38.785,OnTrack,2876,-549,789,pos,0 days 00:13:22.191000,0 days 01:08:58.799000
2024-05-19 13:16:39.065,OnTrack,2792,-468,788,pos,0 days 00:13:22.471000,0 days 01:08:59.079000
2024-05-19 13:16:39.265,OnTrack,2695,-411,787,pos,0 days 00:13:22.671000,0 days 01:08:59.279000
2024-05-19 13:16:39.685,OnTrack,2565,-371,786,pos,0 days 00:13:23.091000,0 days 01:08:59.699000
2024-05-19 13:16:39.945,OnTrack,2465,-360,786,pos,0 days 00:13:23.351000,0 days 01:08:59.959000
2024-05-19 13:16:40.145,OnTrack,2386,-360,786,pos,0 days 00:13:23.551000,0 days 01:09:00.159000
2024-05-19 13:16:40.225,OnTrack,2355,-362,786,pos,0 days 00:13:23.631000,0 days 01:09:00.239000
2024-05-19 13:16:40.485,OnTrack,2253,-377,784,pos,0 days 00:13:23.891000,0 days 01:09:00.499000
2024-05-19 13:16:40.645,OnTrack,2135,-413,783,pos,0 days 00:13:24.051000,0 days 01:09:00.659000
2024-05-19 13:16:41.184,OnTrack,1973,-485,781,pos,0 days 00:13:24.590000,0 days 01:09:01.198000
2024-05-19 13:16:41.264,OnTrack,1939,-501,781,pos,0 days 00:13:24.670000,0 days 01:09:01.278000
2024-05-19 13:16:41.444,OnTrack,1860,-537,780,pos,0 days 00:13:24.850000,0 days 01:09:01.458000
2024-05-19 13:16:41.764,OnTrack,1645,-635,778,pos,0 days 00:13:25.170000,0 days 01:09:01.778000
2024-05-19 13:16:42.204,OnTrack,1496,-703,778,pos,0 days 00:13:25.610000,0 days 01:09:02.218000
2024-05-19 13:16:42.424,OnTrack,1382,-755,778,pos,0 days 00:13:25.830000,0 days 01:09:02.438000
2024-05-19 13:16:42.604,OnTrack,1243,-818,778,pos,0 days 00:13:26.010000,0 days 01:09:02.618000
2024-05-19 13:16:43.064,OnTrack,1008,-924,778,pos,0 days 00:13:26.470000,0 days 01:09:03.078000
2024-05-19 13:16:43.305,OnTrack,892,-976,779,pos,0 days 00:13:26.711000,0 days 01:09:03.319000
2024-05-19 13:16:43.565,OnTrack,737,-1042,779,pos,0 days 00:13:26.971000,0 days 01:09:03.579000
2024-05-19 13:16:43.765,OnTrack,615,-1093,780,pos,0 days 00:13:27.171000,0 days 01:09:03.779000
2024-05-19 13:16:44.025,OnTrack,454,-1160,780,pos,0 days 00:13:27.431000,0 days 01:09:04.039000
2024-05-19 13:16:44.285,OnTrack,251,-1246,781,pos,0 days 00:13:27.691000,0 days 01:09:04.299000
2024-05-19 13:16:44.585,OnTrack,96,-1311,781,pos,0 days 00:13:27.991000,0 days 01:09:04.599000
2024-05-19 13:16:44.845,OnTrack,-75,-1381,781,pos,0 days 00:13:28.251000,0 days 01:09:04.859000
2024-05-19 13:16:44.965,OnTrack,-156,-1412,781,pos,0 days 00:13:28.371000,0 days 01:09:04.979000
2024-05-19 13:16:45.245,OnTrack,-347,-1478,782,pos,0 days 00:13:28.651000,0 days 01:09:05.259000
2024-05-19 13:16:45.425,OnTrack,-475,-1514,783,pos,0 days 00:13:28.831000,0 days 01:09:05.439000
2024-05-19 13:16:45.665,OnTrack,-721,-1563,783,pos,0 days 00:13:29.071000,0 days 01:09:05.679000
2024-05-19 13:16:46.005,OnTrack,-903,-1580,783,pos,0 days 00:13:29.411000,0 days 01:09:06.019000
2024-05-19 13:16:46.225,OnTrack,-1072,-1587,784,pos,0 days 00:13:29.631000,0 days 01:09:06.239000
2024-05-19 13:16:46.545,OnTrack,-1380,-1597,785,pos,0 days 00:13:29.951000,0 days 01:09:06.559000
2024-05-19 13:16:46.885,OnTrack,-1583,-1610,786,pos,0 days 00:13:30.291000,0 days 01:09:06.899000
2024-05-19 13:16:47.085,OnTrack,-1740,-1619,787,pos,0 days 00:13:30.491000,0 days 01:09:07.099000
2024-05-19 13:16:47.245,OnTrack,-1866,-1626,787,pos,0 days 00:13:30.651000,0 days 01:09:07.259000
2024-05-19 13:16:47.504,OnTrack,-2073,-1637,788,pos,0 days 00:13:30.910000,0 days 01:09:07.518000
2024-05-19 13:16:47.784,OnTrack,-2393,-1655,790,pos,0 days 00:13:31.190000,0 days 01:09:07.798000
2024-05-19 13:16:48.104,OnTrack,-2554,-1664,790,pos,0 days 00:13:31.510000,0 days 01:09:08.118000
2024-05-19 13:16:48.324,OnTrack,-2830,-1674,791,pos,0 days 00:13:31.730000,0 days 01:09:08.338000
2024-05-19 13:16:48.664,OnTrack,-3010,-1679,792,pos,0 days 00:13:32.070000,0 days 01:09:08.678000
2024-05-19 13:16:48.984,OnTrack,-3306,-1690,793,pos,0 days 00:13:32.390000,0 days 01:09:08.998000
2024-05-19 13:16:49.384,OnTrack,-3653,-1694,795,pos,0 days 00:13:32.790000,0 days 01:09:09.398000
2024-05-19 13:16:49.805,OnTrack,-4035,-1655,797,pos,0 days 00:13:33.211000,0 days 01:09:09.819000
2024-05-19 13:16:50.045,OnTrack,-4152,-1634,797,pos,0 days 00:13:33.451000,0 days 01:09:10.059000
2024-05-19 13:16:50.345,OnTrack,-4484,-1562,799,pos,0 days 00:13:33.751000,0 days 01:09:10.359000
2024-05-19 13:16:50.785,OnTrack,-4765,-1494,801,pos,0 days 00:13:34.191000,0 days 01:09:10.799000
2024-05-19 13:16:51.025,OnTrack,-5079,-1416,804,pos,0 days 00:13:34.431000,0 days 01:09:11.039000
2024-05-19 13:16:51.305,OnTrack,-5195,-1388,805,pos,0 days 00:13:34.711000,0 days 01:09:11.319000
2024-05-19 13:16:51.545,OnTrack,-5395,-1341,806,pos,0 days 00:13:34.951000,0 days 01:09:11.559000
2024-05-19 13:16:51.805,OnTrack,-5612,-1297,808,pos,0 days 00:13:35.211000,0 days 01:09:11.819000
2024-05-19 13:16:51.965,OnTrack,-5747,-1275,810,pos,0 days 00:13:35.371000,0 days 01:09:11.979000
2024-05-19 13:16:52.185,OnTrack,-5934,-1252,811,pos,0 days 00:13:35.591000,0 days 01:09:12.199000
2024-05-19 13:16:52.465,OnTrack,-6175,-1236,813,pos,0 days 00:13:35.871000,0 days 01:09:12.479000
2024-05-19 13:16:52.665,OnTrack,-6451,-1230,814,pos,0 days 00:13:36.071000,0 days 01:09:12.679000
2024-05-19 13:16:52.965,OnTrack,-6607,-1229,815,pos,0 days 00:13:36.371000,0 days 01:09:12.979000
2024-05-19 13:16:53.245,OnTrack,-6847,-1232,816,pos,0 days 00:13:36.651000,0 days 01:09:13.259000
2024-05-19 13:16:53.465,OnTrack,-7087,-1239,817,pos,0 days 00:13:36.871000,0 days 01:09:13.479000
2024-05-19 13:16:53.885,OnTrack,-7496,-1267,818,pos,0 days 00:13:37.291000,0 days 01:09:13.899000
2024-05-19 13:16:54.144,OnTrack,-7615,-1278,819,pos,0 days 00:13:37.550000,0 days 01:09:14.158000
2024-05-19 13:16:54.504,OnTrack,-7953,-1316,818,pos,0 days 00:13:37.910000,0 days 01:09:14.518000
2024-05-19 13:16:54.684,OnTrack,-8278,-1358,819,pos,0 days 00:13:38.090000,0 days 01:09:14.698000
2024-05-19 13:16:55.124,OnTrack,-8596,-1402,819,pos,0 days 00:13:38.530000,0 days 01:09:15.138000
2024-05-19 13:16:55.504,OnTrack,-8895,-1444,819,pos,0 days 00:13:38.910000,0 days 01:09:15.518000
2024-05-19 13:16:55.764,OnTrack,-9060,-1470,819,pos,0 days 00:13:39.170000,0 days 01:09:15.778000
2024-05-19 13:16:56.064,OnTrack,-9380,-1540,819,pos,0 days 00:13:39.470000,0 days 01:09:16.078000
2024-05-19 13:16:56.425,OnTrack,-9575,-1599,819,pos,0 days 00:13:39.831000,0 days 01:09:16.439000
2024-05-19 13:16:56.625,OnTrack,-9713,-1643,819,pos,0 days 00:13:40.031000,0 days 01:09:16.639000
2024-05-19 13:16:56.825,OnTrack,-9840,-1683,818,pos,0 days 00:13:40.231000,0 days 01:09:16.839000
2024-05-19 13:16:57.005,OnTrack,-9943,-1715,819,pos,0 days 00:13:40.411000,0 days 01:09:17.019000
2024-05-19 13:16:57.385,OnTrack,-10112,-1767,818,pos,0 days 00:13:40.791000,0 days 01:09:17.399000
2024-05-19 13:16:57.725,OnTrack,-10243,-1822,818,pos,0 days 00:13:41.131000,0 days 01:09:17.739000
2024-05-19 13:16:57.945,OnTrack,-10310,-1879,818,pos,0 days 00:13:41.351000,0 days 01:09:17.959000
2024-05-19 13:16:58.105,OnTrack,-10349,-1933,818,pos,0 days 00:13:41.511000,0 days 01:09:18.119000
2024-05-19 13:16:58.325,OnTrack,-10387,-2021,818,pos,0 days 00:13:41.731000,0 days 01:09:18.339000
2024-05-19 13:16:58.505,OnTrack,-10409,-2100,819,pos,0 days 00:13:41.911000,0 days 01:09:18.519000
2024-05-19 13:16:58.785,OnTrack,-10459,-2259,819,pos,0 days 00:13:42.191000,0 days 01:09:18.799000
2024-05-19 13:16:59.185,OnTrack,-10536,-2388,818,pos,0 days 00:13:42.591000,0 days 01:09:19.199000
2024-05-19 13:16:59.525,OnTrack,-10634,-2486,818,pos,0 days 00:13:42.931000,0 days 01:09:19.539000
2024-05-19 13:16:59.765,OnTrack,-10773,-2583,819,pos,0 days 00:13:43.171000,0 days 01:09:19.779000
2024-05-19 13:17:00.225,OnTrack,-10941,-2683,821,pos,0 days 00:13:43.631000,0 days 01:09:20.239000
2024-05-19 13:17:00.465,OnTrack,-11020,-2728,821,pos,0 days 00:13:43.871000,0 days 01:09:20.479000
2024-05-19 13:17:00.664,OnTrack,-11110,-2781,822,pos,0 days 00:13:44.070000,0 days 01:09:20.678000
2024-05-19 13:17:01.044,OnTrack,-11288,-2886,824,pos,0 days 00:13:44.450000,0 days 01:09:21.058000
2024-05-19 13:17:01.224,OnTrack,-11403,-2959,824,pos,0 days 00:13:44.630000,0 days 01:09:21.238000
2024-05-19 13:17:01.644,OnTrack,-11623,-3153,825,pos,0 days 00:13:45.050000,0 days 01:09:21.658000
2024-05-19 13:17:02.084,OnTrack,-11725,-3307,825,pos,0 days 00:13:45.490000,0 days 01:09:22.098000
2024-05-19 13:17:02.264,OnTrack,-11811,-3497,826,pos,0 days 00:13:45.670000,0 days 01:09:22.278000
2024-05-19 13:17:02.544,OnTrack,-11844,-3582,827,pos,0 days 00:13:45.950000,0 days 01:09:22.558000
2024-05-19 13:17:02.824,OnTrack,-11941,-3841,828,pos,0 days 00:13:46.230000,0 days 01:09:22.838000
2024-05-19 13:17:03.185,OnTrack,-11993,-3980,828,pos,0 days 00:13:46.591000,0 days 01:09:23.199000
2024-05-19 13:17:03.425,OnTrack,-12051,-4134,829,pos,0 days 00:13:46.831000,0 days 01:09:23.439000
2024-05-19 13:17:03.585,OnTrack,-12090,-4237,829,pos,0 days 00:13:46.991000,0 days 01:09:23.599000
2024-05-19 13:17:03.785,OnTrack,-12139,-4369,830,pos,0 days 00:13:47.191000,0 days 01:09:23.799000
2024-05-19 13:17:04.005,OnTrack,-12194,-4515,830,pos,0 days 00:13:47.411000,0 days 01:09:24.019000
2024-05-19 13:17:04.285,OnTrack,-12265,-4704,830,pos,0 days 00:13:47.691000,0 days 01:09:24.299000
2024-05-19 13:17:04.365,OnTrack,-12285,-4758,831,pos,0 days 00:13:47.771000,0 days 01:09:24.379000
2024-05-19 13:17:04.745,OnTrack,-12394,-5047,831,pos,0 days 00:13:48.151000,0 days 01:09:24.759000
2024-05-19 13:17:04.985,OnTrack,-12446,-5187,832,pos,0 days 00:13:48.391000,0 days 01:09:24.999000
2024-05-19 13:17:05.185,OnTrack,-12500,-5328,832,pos,0 days 00:13:48.591000,0 days 01:09:25.199000
2024-05-19 13:17:05.385,OnTrack,-12553,-5470,833,pos,0 days 00:13:48.791000,0 days 01:09:25.399000
2024-05-19 13:17:05.725,OnTrack,-12645,-5715,833,pos,0 days 00:13:49.131000,0 days 01:09:25.739000
2024-05-19 13:17:05.965,OnTrack,-12710,-5889,833,pos,0 days 00:13:49.371000,0 days 01:09:25.979000
2024-05-19 13:17:06.125,OnTrack,-12754,-6005,834,pos,0 days 00:13:49.531000,0 days 01:09:26.139000
2024-05-19 13:17:06.345,OnTrack,-12851,-6252,835,pos,0 days 00:13:49.751000,0 days 01:09:26.359000
2024-05-19 13:17:06.645,OnTrack,-12905,-6382,835,pos,0 days 00:13:50.051000,0 days 01:09:26.659000
2024-05-19 13:17:06.945,OnTrack,-12996,-6598,835,pos,0 days 00:13:50.351000,0 days 01:09:26.959000
2024-05-19 13:17:07.105,OnTrack,-13045,-6711,836,pos,0 days 00:13:50.511000,0 days 01:09:27.119000
2024-05-19 13:17:07.384,OnTrack,-13118,-6905,837,pos,0 days 00:13:50.790000,0 days 01:09:27.398000
2024-05-19 13:17:07.584,OnTrack,-13152,-7037,837,pos,0 days 00:13:50.990000,0 days 01:09:27.598000
2024-05-19 13:17:07.844,OnTrack,-13163,-7206,838,pos,0 days 00:13:51.250000,0 days 01:09:27.858000
2024-05-19 13:17:08.044,OnTrack,-13141,-7398,839,pos,0 days 00:13:51.450000,0 days 01:09:28.058000
2024-05-19 13:17:08.384,OnTrack,-13110,-7544,840,pos,0 days 00:13:51.790000,0 days 01:09:28.398000
2024-05-19 13:17:08.584,OnTrack,-13082,-7659,841,pos,0 days 00:13:51.990000,0 days 01:09:28.598000
2024-05-19 13:17:08.764,OnTrack,-13059,-7756,842,pos,0 days 00:13:52.170000,0 days 01:09:28.778000
2024-05-19 13:17:08.924,OnTrack,-13042,-7836,843,pos,0 days 00:13:52.330000,0 days 01:09:28.938000
2024-05-19 13:17:09.204,OnTrack,-13024,-7967,843,pos,0 days 00:13:52.610000,0 days 01:09:29.218000
2024-05-19 13:17:09.424,OnTrack,-13042,-8104,844,pos,0 days 00:13:52.830000,0 days 01:09:29.438000
2024-05-19 13:17:09.845,OnTrack,-13113,-8225,846,pos,0 days 00:13:53.251000,0 days 01:09:29.859000
2024-05-19 13:17:10.025,OnTrack,-13228,-8332,847,pos,0 days 00:13:53.431000,0 days 01:09:30.039000
2024-05-19 13:17:10.485,OnTrack,-13345,-8435,849,pos,0 days 00:13:53.891000,0 days 01:09:30.499000
2024-05-19 13:17:10.625,OnTrack,-13452,-8524,850,pos,0 days 00:13:54.031000,0 days 01:09:30.639000
2024-05-19 13:17:11.045,OnTrack,-13563,-8618,851,pos,0 days 00:13:54.451000,0 days 01:09:31.059000
2024-05-19 13:17:11.305,OnTrack,-13703,-8737,853,pos,0 days 00:13:54.711000,0 days 01:09:31.319000
2024-05-19 13:17:11.525,OnTrack,-13763,-8788,854,pos,0 days 00:13:54.931000,0 days 01:09:31.539000
2024-05-19 13:17:11.805,OnTrack,-13934,-8932,858,pos,0 days 00:13:55.211000,0 days 01:09:31.819000
2024-05-19 13:17:12.245,OnTrack,-14072,-9058,862,pos,0 days 00:13:55.651000,0 days 01:09:32.259000
2024-05-19 13:17:12.545,OnTrack,-14206,-9189,866,pos,0 days 00:13:55.951000,0 days 01:09:32.559000
2024-05-19 13:17:12.605,OnTrack,-14232,-9216,867,pos,0 days 00:13:56.011000,0 days 01:09:32.619000
2024-05-19 13:17:12.825,OnTrack,-14331,-9314,872,pos,0 days 00:13:56.231000,0 days 01:09:32.839000
2024-05-19 13:17:13.065,OnTrack,-14439,-9421,877,pos,0 days 00:13:56.471000,0 days 01:09:33.079000
2024-05-19 13:17:13.365,OnTrack,-14573,-9546,883,pos,0 days 00:13:56.771000,0 days 01:09:33.379000
2024-05-19 13:17:13.585,OnTrack,-14661,-9629,888,pos,0 days 00:13:56.991000,0 days 01:09:33.599000
2024-05-19 13:17:13.724,OnTrack,-14756,-9727,892,pos,0 days 00:13:57.130000,0 days 01:09:33.738000
2024-05-19 13:17:14.104,OnTrack,-14821,-9805,895,pos,0 days 00:13:57.510000,0 days 01:09:34.118000
2024-05-19 13:17:14.304,OnTrack,-14862,-9870,898,pos,0 days 00:13:57.710000,0 days 01:09:34.318000
2024-05-19 13:17:14.544,OnTrack,-14897,-9947,900,pos,0 days 00:13:57.950000,0 days 01:09:34.558000
2024-05-19 13:17:14.644,OnTrack,-14906,-9979,901,pos,0 days 00:13:58.050000,0 days 01:09:34.658000
2024-05-19 13:17:14.924,OnTrack,-14916,-10067,905,pos,0 days 00:13:58.330000,0 days 01:09:34.938000
2024-05-19 13:17:15.164,OnTrack,-14896,-10164,910,pos,0 days 00:13:58.570000,0 days 01:09:35.178000
2024-05-19 13:17:15.584,OnTrack,-14850,-10243,914,pos,0 days 00:13:58.990000,0 days 01:09:35.598000
2024-05-19 13:17:15.764,OnTrack,-14817,-10279,917,pos,0 days 00:13:59.170000,0 days 01:09:35.778000
2024-05-19 13:17:16.024,OnTrack,-14763,-10321,921,pos,0 days 00:13:59.430000,0 days 01:09:36.038000
2024-05-19 13:17:16.225,OnTrack,-14717,-10347,923,pos,0 days 00:13:59.631000,0 days 01:09:36.239000
2024-05-19 13:17:16.405,OnTrack,-14648,-10373,926,pos,0 days 00:13:59.811000,0 days 01:09:36.419000
2024-05-19 13:17:16.825,OnTrack,-14562,-10390,930,pos,0 days 00:14:00.231000,0 days 01:09:36.839000
2024-05-19 13:17:17.065,OnTrack,-14459,-10395,936,pos,0 days 00:14:00.471000,0 days 01:09:37.079000
2024-05-19 13:17:17.405,OnTrack,-14391,-10392,939,pos,0 days 00:14:00.811000,0 days 01:09:37.419000
2024-05-19 13:17:17.665,OnTrack,-14311,-10384,943,pos,0 days 00:14:01.071000,0 days 01:09:37.679000
2024-05-19 13:17:17.785,OnTrack,-14270,-10379,945,pos,0 days 00:14:01.191000,0 days 01:09:37.799000
2024-05-19 13:17:18.085,OnTrack,-14123,-10355,952,pos,0 days 00:14:01.491000,0 days 01:09:38.099000
2024-05-19 13:17:18.405,OnTrack,-14021,-10336,956,pos,0 days 00:14:01.811000,0 days 01:09:38.419000
2024-05-19 13:17:18.645,OnTrack,-13914,-10314,961,pos,0 days 00:14:02.051000,0 days 01:09:38.659000
2024-05-19 13:17:18.905,OnTrack,-13791,-10289,966,pos,0 days 00:14:02.311000,0 days 01:09:38.919000
2024-05-19 13:17:19.065,OnTrack,-13711,-10272,970,pos,0 days 00:14:02.471000,0 days 01:09:39.079000
2024-05-19 13:17:19.265,OnTrack,-13610,-10252,974,pos,0 days 00:14:02.671000,0 days 01:09:39.279000
2024-05-19 13:17:19.445,OnTrack,-13514,-10234,978,pos,0 days 00:14:02.851000,0 days 01:09:39.459000
2024-05-19 13:17:19.725,OnTrack,-13360,-10207,984,pos,0 days 00:14:03.131000,0 days 01:09:39.739000
2024-05-19 13:17:19.885,OnTrack,-13269,-10191,987,pos,0 days 00:14:03.291000,0 days 01:09:39.899000
2024-05-19 13:17:20.125,OnTrack,-13129,-10166,992,pos,0 days 00:14:03.531000,0 days 01:09:40.139000
2024-05-19 13:17:20.364,OnTrack,-12986,-10141,997,pos,0 days 00:14:03.770000,0 days 01:09:40.378000
2024-05-19 13:17:20.624,OnTrack,-12788,-10111,1003,pos,0 days 00:14:04.030000,0 days 01:09:40.638000
2024-05-19 13:17:21.044,OnTrack,-12544,-10074,1011,pos,0 days 00:14:04.450000,0 days 01:09:41.058000
2024-05-19 13:17:21.384,OnTrack,-12334,-10045,1020,pos,0 days 00:14:04.790000,0 days 01:09:41.398000
2024-05-19 13:17:21.564,OnTrack,-12118,-10015,1031,pos,0 days 00:14:04.970000,0 days 01:09:41.578000
2024-05-19 13:17:22.044,OnTrack,-11866,-9981,1048,pos,0 days 00:14:05.450000,0 days 01:09:42.058000
2024-05-19 13:17:22.264,OnTrack,-11631,-9955,1063,pos,0 days 00:14:05.670000,0 days 01:09:42.278000
2024-05-19 13:17:22.645,OnTrack,-11431,-9936,1076,pos,0 days 00:14:06.051000,0 days 01:09:42.659000
2024-05-19 13:17:22.845,OnTrack,-11287,-9926,1085,pos,0 days 00:14:06.251000,0 days 01:09:42.859000
2024-05-19 13:17:23.025,OnTrack,-11053,-9918,1099,pos,0 days 00:14:06.431000,0 days 01:09:43.039000
2024-05-19 13:17:23.425,OnTrack,-10861,-9919,1110,pos,0 days 00:14:06.831000,0 days 01:09:43.439000
2024-05-19 13:17:23.585,OnTrack,-10743,-9923,1115,pos,0 days 00:14:06.991000,0 days 01:09:43.599000
2024-05-19 13:17:23.825,OnTrack,-10565,-9934,1121,pos,0 days 00:14:07.231000,0 days 01:09:43.839000
2024-05-19 13:17:24.105,OnTrack,-10283,-9962,1122,pos,0 days 00:14:07.511000,0 days 01:09:44.119000
2024-05-19 13:17:24.525,OnTrack,-9970,-9998,1120,pos,0 days 00:14:07.931000,0 days 01:09:44.539000
2024-05-19 13:17:24.825,OnTrack,-9822,-10016,1119,pos,0 days 00:14:08.231000,0 days 01:09:44.839000
2024-05-19 13:17:25.165,OnTrack,-9571,-10044,1117,pos,0 days 00:14:08.571000,0 days 01:09:45.179000
2024-05-19 13:17:25.725,OnTrack,-9116,-10068,1114,pos,0 days 00:14:09.131000,0 days 01:09:45.739000
2024-05-19 13:17:26.165,OnTrack,-8951,-10034,1114,pos,0 days 00:14:09.571000,0 days 01:09:46.179000
2024-05-19 13:17:26.345,OnTrack,-8858,-9995,1114,pos,0 days 00:14:09.751000,0 days 01:09:46.359000
2024-05-19 13:17:26.565,OnTrack,-8756,-9929,1111,pos,0 days 00:14:09.971000,0 days 01:09:46.579000
2024-05-19 13:17:26.765,OnTrack,-8677,-9853,1109,pos,0 days 00:14:10.171000,0 days 01:09:46.779000
2024-05-19 13:17:27.024,OnTrack,-8591,-9731,1105,pos,0 days 00:14:10.430000,0 days 01:09:47.038000
2024-05-19 13:17:27.184,OnTrack,-8545,-9648,1102,pos,0 days 00:14:10.590000,0 days 01:09:47.198000
2024-05-19 13:17:27.424,OnTrack,-8449,-9456,1096,pos,0 days 00:14:10.830000,0 days 01:09:47.438000
2024-05-19 13:17:27.784,OnTrack,-8388,-9325,1092,pos,0 days 00:14:11.190000,0 days 01:09:47.798000
2024-05-19 13:17:27.984,OnTrack,-8342,-9210,1088,pos,0 days 00:14:11.390000,0 days 01:09:47.998000
2024-05-19 13:17:28.304,OnTrack,-8278,-8993,1080,pos,0 days 00:14:11.710000,0 days 01:09:48.318000
2024-05-19 13:17:28.724,OnTrack,-8239,-8707,1066,pos,0 days 00:14:12.130000,0 days 01:09:48.738000
2024-05-19 13:17:28.984,OnTrack,-8237,-8572,1058,pos,0 days 00:14:12.390000,0 days 01:09:48.998000
2024-05-19 13:17:29.265,OnTrack,-8248,-8380,1045,pos,0 days 00:14:12.671000,0 days 01:09:49.279000
2024-05-19 13:17:29.525,OnTrack,-8275,-8157,1026,pos,0 days 00:14:12.931000,0 days 01:09:49.539000
2024-05-19 13:17:29.825,OnTrack,-8299,-8016,1011,pos,0 days 00:14:13.231000,0 days 01:09:49.839000
2024-05-19 13:17:30.045,OnTrack,-8329,-7859,999,pos,0 days 00:14:13.451000,0 days 01:09:50.059000
2024-05-19 13:17:30.405,OnTrack,-8404,-7531,974,pos,0 days 00:14:13.811000,0 days 01:09:50.419000
2024-05-19 13:17:30.685,OnTrack,-8434,-7401,966,pos,0 days 00:14:14.091000,0 days 01:09:50.699000
2024-05-19 13:17:30.885,OnTrack,-8467,-7256,957,pos,0 days 00:14:14.291000,0 days 01:09:50.899000
2024-05-19 13:17:31.205,OnTrack,-8520,-7022,945,pos,0 days 00:14:14.611000,0 days 01:09:51.219000
2024-05-19 13:17:31.365,OnTrack,-8547,-6905,939,pos,0 days 00:14:14.771000,0 days 01:09:51.379000
2024-05-19 13:17:31.625,OnTrack,-8590,-6713,929,pos,0 days 00:14:15.031000,0 days 01:09:51.639000
2024-05-19 13:17:31.825,OnTrack,-8621,-6567,921,pos,0 days 00:14:15.231000,0 days 01:09:51.839000
2024-05-19 13:17:32.005,OnTrack,-8644,-6438,915,pos,0 days 00:14:15.411000,0 days 01:09:52.019000
2024-05-19 13:17:32.165,OnTrack,-8653,-6273,907,pos,0 days 00:14:15.571000,0 days 01:09:52.179000
2024-05-19 13:17:32.545,OnTrack,-8619,-6085,901,pos,0 days 00:14:15.951000,0 days 01:09:52.559000
2024-05-19 13:17:32.785,OnTrack,-8556,-5928,898,pos,0 days 00:14:16.191000,0 days 01:09:52.799000
2024-05-19 13:17:32.985,OnTrack,-8496,-5810,897,pos,0 days 00:14:16.391000,0 days 01:09:52.999000
2024-05-19 13:17:33.125,OnTrack,-8454,-5737,896,pos,0 days 00:14:16.531000,0 days 01:09:53.139000
2024-05-19 13:17:33.365,OnTrack,-8356,-5573,898,pos,0 days 00:14:16.771000,0 days 01:09:53.379000
2024-05-19 13:17:33.684,OnTrack,-8302,-5498,900,pos,0 days 00:14:17.090000,0 days 01:09:53.698000
2024-05-19 13:17:34.044,OnTrack,-8201,-5393,903,pos,0 days 00:14:17.450000,0 days 01:09:54.058000
2024-05-19 13:17:34.184,OnTrack,-8158,-5365,905,pos,0 days 00:14:17.590000,0 days 01:09:54.198000
2024-05-19 13:17:34.364,OnTrack,-8099,-5339,908,pos,0 days 00:14:17.770000,0 days 01:09:54.378000
2024-05-19 13:17:34.684,OnTrack,-7970,-5327,916,pos,0 days 00:14:18.090000,0 days 01:09:54.698000
2024-05-19 13:17:34.964,OnTrack,-7882,-5343,923,pos,0 days 00:14:18.370000,0 days 01:09:54.978000
2024-05-19 13:17:35.304,OnTrack,-7741,-5380,936,pos,0 days 00:14:18.710000,0 days 01:09:55.318000
2024-05-19 13:17:35.624,OnTrack,-7646,-5404,943,pos,0 days 00:14:19.030000,0 days 01:09:55.638000
2024-05-19 13:17:35.845,OnTrack,-7561,-5420,952,pos,0 days 00:14:19.251000,0 days 01:09:55.859000
2024-05-19 13:17:36.045,OnTrack,-7479,-5431,960,pos,0 days 00:14:19.451000,0 days 01:09:56.059000
2024-05-19 13:17:36.225,OnTrack,-7401,-5438,967,pos,0 days 00:14:19.631000,0 days 01:09:56.239000
2024-05-19 13:17:36.405,OnTrack,-7325,-5441,974,pos,0 days 00:14:19.811000,0 days 01:09:56.419000
2024-05-19 13:17:36.585,OnTrack,-7242,-5443,980,pos,0 days 00:14:19.991000,0 days 01:09:56.599000
2024-05-19 13:17:36.885,OnTrack,-7094,-5443,991,pos,0 days 00:14:20.291000,0 days 01:09:56.899000
2024-05-19 13:17:37.145,OnTrack,-6959,-5442,1001,pos,0 days 00:14:20.551000,0 days 01:09:57.159000
2024-05-19 13:17:37.265,OnTrack,-6894,-5441,1005,pos,0 days 00:14:20.671000,0 days 01:09:57.279000
2024-05-19 13:17:37.445,OnTrack,-6796,-5440,1010,pos,0 days 00:14:20.851000,0 days 01:09:57.459000
2024-05-19 13:17:37.725,OnTrack,-6637,-5439,1019,pos,0 days 00:14:21.131000,0 days 01:09:57.739000
2024-05-19 13:17:37.905,OnTrack,-6532,-5438,1023,pos,0 days 00:14:21.311000,0 days 01:09:57.919000
2024-05-19 13:17:38.065,OnTrack,-6437,-5437,1027,pos,0 days 00:14:21.471000,0 days 01:09:58.079000
2024-05-19 13:17:38.265,OnTrack,-6315,-5436,1030,pos,0 days 00:14:21.671000,0 days 01:09:58.279000
2024-05-19 13:17:38.565,OnTrack,-6128,-5435,1036,pos,0 days 00:14:21.971000,0 days 01:09:58.579000
2024-05-19 13:17:38.765,OnTrack,-5948,-5433,1041,pos,0 days 00:14:22.171000,0 days 01:09:58.779000
2024-05-19 13:17:39.145,OnTrack,-5750,-5432,1046,pos,0 days 00:14:22.551000,0 days 01:09:59.159000
2024-05-19 13:17:39.365,OnTrack,-5603,-5430,1051,pos,0 days 00:14:22.771000,0 days 01:09:59.379000
2024-05-19 13:17:39.585,OnTrack,-5397,-5428,1056,pos,0 days 00:14:22.991000,0 days 01:09:59.599000
2024-05-19 13:17:39.985,OnTrack,-5170,-5421,1063,pos,0 days 00:14:23.391000,0 days 01:09:59.999000
2024-05-19 13:17:40.184,OnTrack,-5026,-5410,1068,pos,0 days 00:14:23.590000,0 days 01:10:00.198000
2024-05-19 13:17:40.424,OnTrack,-4853,-5395,1073,pos,0 days 00:14:23.830000,0 days 01:10:00.438000
2024-05-19 13:17:40.644,OnTrack,-4639,-5376,1078,pos,0 days 00:14:24.050000,0 days 01:10:00.658000
2024-05-19 13:17:40.984,OnTrack,-4453,-5360,1081,pos,0 days 00:14:24.390000,0 days 01:10:00.998000
2024-05-19 13:17:41.144,OnTrack,-4338,-5350,1082,pos,0 days 00:14:24.550000,0 days 01:10:01.158000
2024-05-19 13:17:41.444,OnTrack,-4036,-5325,1084,pos,0 days 00:14:24.850000,0 days 01:10:01.458000
2024-05-19 13:17:41.784,OnTrack,-3882,-5312,1086,pos,0 days 00:14:25.190000,0 days 01:10:01.798000
2024-05-19 13:17:41.964,OnTrack,-3766,-5303,1086,pos,0 days 00:14:25.370000,0 days 01:10:01.978000
2024-05-19 13:17:42.164,OnTrack,-3649,-5293,1087,pos,0 days 00:14:25.570000,0 days 01:10:02.178000
2024-05-19 13:17:42.425,OnTrack,-3514,-5283,1087,pos,0 days 00:14:25.831000,0 days 01:10:02.439000
2024-05-19 13:17:42.745,OnTrack,-3308,-5273,1090,pos,0 days 00:14:26.151000,0 days 01:10:02.759000
2024-05-19 13:17:43.065,OnTrack,-3245,-5276,1091,pos,0 days 00:14:26.471000,0 days 01:10:03.079000
2024-05-19 13:17:43.325,OnTrack,-3134,-5323,1094,pos,0 days 00:14:26.731000,0 days 01:10:03.339000
2024-05-19 13:17:43.665,OnTrack,-3078,-5376,1096,pos,0 days 00:14:27.071000,0 days 01:10:03.679000
2024-05-19 13:17:43.925,OnTrack,-2996,-5465,1096,pos,0 days 00:14:27.331000,0 days 01:10:03.939000
2024-05-19 13:17:44.285,OnTrack,-2935,-5516,1096,pos,0 days 00:14:27.691000,0 days 01:10:04.299000
2024-05-19 13:17:44.465,OnTrack,-2889,-5541,1096,pos,0 days 00:14:27.871000,0 days 01:10:04.479000
2024-05-19 13:17:44.665,OnTrack,-2836,-5559,1095,pos,0 days 00:14:28.071000,0 days 01:10:04.679000
2024-05-19 13:17:44.985,OnTrack,-2747,-5559,1093,pos,0 days 00:14:28.391000,0 days 01:10:04.999000
2024-05-19 13:17:45.145,OnTrack,-2700,-5550,1092,pos,0 days 00:14:28.551000,0 days 01:10:05.159000
2024-05-19 13:17:45.285,OnTrack,-2660,-5540,1092,pos,0 days 00:14:28.691000,0 days 01:10:05.299000
2024-05-19 13:17:45.605,OnTrack,-2533,-5497,1089,pos,0 days 00:14:29.011000,0 days 01:10:05.619000
2024-05-19 13:17:46.045,OnTrack,-2414,-5448,1086,pos,0 days 00:14:29.451000,0 days 01:10:06.059000
2024-05-19 13:17:46.445,OnTrack,-2283,-5384,1083,pos,0 days 00:14:29.851000,0 days 01:10:06.459000
2024-05-19 13:17:46.824,OnTrack,-2154,-5317,1080,pos,0 days 00:14:30.230000,0 days 01:10:06.838000
2024-05-19 13:17:47.044,OnTrack,-2064,-5270,1078,pos,0 days 00:14:30.450000,0 days 01:10:07.058000
2024-05-19 13:17:47.244,OnTrack,-1981,-5226,1076,pos,0 days 00:14:30.650000,0 days 01:10:07.258000
2024-05-19 13:17:47.444,OnTrack,-1855,-5159,1073,pos,0 days 00:14:30.850000,0 days 01:10:07.458000
2024-05-19 13:17:47.884,OnTrack,-1681,-5070,1070,pos,0 days 00:14:31.290000,0 days 01:10:07.898000
2024-05-19 13:17:48.064,OnTrack,-1576,-5019,1068,pos,0 days 00:14:31.470000,0 days 01:10:08.078000
2024-05-19 13:17:48.224,OnTrack,-1491,-4978,1067,pos,0 days 00:14:31.630000,0 days 01:10:08.238000
2024-05-19 13:17:48.384,OnTrack,-1404,-4939,1065,pos,0 days 00:14:31.790000,0 days 01:10:08.398000
2024-05-19 13:17:48.584,OnTrack,-1294,-4889,1063,pos,0 days 00:14:31.990000,0 days 01:10:08.598000
2024-05-19 13:17:48.764,OnTrack,-1193,-4842,1061,pos,0 days 00:14:32.170000,0 days 01:10:08.778000
2024-05-19 13:17:48.985,OnTrack,-1069,-4779,1059,pos,0 days 00:14:32.391000,0 days 01:10:08.999000
2024-05-19 13:17:49.365,OnTrack,-790,-4612,1052,pos,0 days 00:14:32.771000,0 days 01:10:09.379000
2024-05-19 13:17:49.645,OnTrack,-701,-4552,1049,pos,0 days 00:14:33.051000,0 days 01:10:09.659000
2024-05-19 13:17:49.885,OnTrack,-567,-4458,1045,pos,0 days 00:14:33.291000,0 days 01:10:09.899000
2024-05-19 13:17:50.065,OnTrack,-466,-4385,1042,pos,0 days 00:14:33.471000,0 days 01:10:10.079000
2024-05-19 13:17:50.385,OnTrack,-287,-4248,1037,pos,0 days 00:14:33.791000,0 days 01:10:10.399000
2024-05-19 13:17:50.525,OnTrack,-209,-4186,1034,pos,0 days 00:14:33.931000,0 days 01:10:10.539000
2024-05-19 13:17:50.765,OnTrack,-33,-4035,1030,pos,0 days 00:14:34.171000,0 days 01:10:10.779000
2024-05-19 13:17:51.085,OnTrack,94,-3915,1027,pos,0 days 00:14:34.491000,0 days 01:10:11.099000
2024-05-19 13:17:51.365,OnTrack,240,-3767,1022,pos,0 days 00:14:34.771000,0 days 01:10:11.379000
2024-05-19 13:17:51.625,OnTrack,423,-3567,1016,pos,0 days 00:14:35.031000,0 days 01:10:11.639000
2024-05-19 13:17:51.945,OnTrack,535,-3442,1011,pos,0 days 00:14:35.351000,0 days 01:10:11.959000
2024-05-19 13:17:52.265,OnTrack,700,-3259,1002,pos,0 days 00:14:35.671000,0 days 01:10:12.279000
2024-05-19 13:17:52.485,OnTrack,815,-3132,994,pos,0 days 00:14:35.891000,0 days 01:10:12.499000
2024-05-19 13:17:52.565,OnTrack,857,-3086,991,pos,0 days 00:14:35.971000,0 days 01:10:12.579000
2024-05-19 13:17:52.825,OnTrack,993,-2935,980,pos,0 days 00:14:36.231000,0 days 01:10:12.839000
2024-05-19 13:17:53.065,OnTrack,1163,-2748,966,pos,0 days 00:14:36.471000,0 days 01:10:13.079000
2024-05-19 13:17:53.504,OnTrack,1414,-2481,943,pos,0 days 00:14:36.910000,0 days 01:10:13.518000
2024-05-19 13:17:53.864,OnTrack,1568,-2344,930,pos,0 days 00:14:37.270000,0 days 01:10:13.878000
2024-05-19 13:17:54.024,OnTrack,1826,-2174,909,pos,0 days 00:14:37.430000,0 days 01:10:14.038000
2024-05-19 13:17:54.424,OnTrack,2018,-2087,894,pos,0 days 00:14:37.830000,0 days 01:10:14.438000
2024-05-19 13:17:54.664,OnTrack,2200,-2014,880,pos,0 days 00:14:38.070000,0 days 01:10:14.678000
2024-05-19 13:17:54.844,OnTrack,2331,-1961,870,pos,0 days 00:14:38.250000,0 days 01:10:14.858000
2024-05-19 13:17:55.124,OnTrack,2522,-1884,855,pos,0 days 00:14:38.530000,0 days 01:10:15.138000
2024-05-19 13:17:55.304,OnTrack,2633,-1838,847,pos,0 days 00:14:38.710000,0 days 01:10:15.318000
2024-05-19 13:17:55.504,OnTrack,2744,-1793,839,pos,0 days 00:14:38.910000,0 days 01:10:15.518000
2024-05-19 13:17:55.685,OnTrack,2835,-1755,833,pos,0 days 00:14:39.091000,0 days 01:10:15.699000
2024-05-19 13:17:55.865,OnTrack,2917,-1720,827,pos,0 days 00:14:39.271000,0 days 01:10:15.879000
2024-05-19 13:17:56.065,OnTrack,2997,-1679,822,pos,0 days 00:14:39.471000,0 days 01:10:16.079000
2024-05-19 13:17:56.285,OnTrack,3067,-1631,818,pos,0 days 00:14:39.691000,0 days 01:10:16.299000
2024-05-19 13:17:56.545,OnTrack,3148,-1533,811,pos,0 days 00:14:39.951000,0 days 01:10:16.559000
2024-05-19 13:17:56.865,OnTrack,3177,-1463,808,pos,0 days 00:14:40.271000,0 days 01:10:16.879000
2024-05-19 13:17:57.025,OnTrack,3187,-1411,806,pos,0 days 00:14:40.431000,0 days 01:10:17.039000
2024-05-19 13:17:57.365,OnTrack,3186,-1299,802,pos,0 days 00:14:40.771000,0 days 01:10:17.379000
2024-05-19 13:17:57.645,OnTrack,3160,-1174,798,pos,0 days 00:14:41.051000,0 days 01:10:17.659000
2024-05-19 13:17:58.005,OnTrack,3132,-1082,796,pos,0 days 00:14:41.411000,0 days 01:10:18.019000
2024-05-19 13:17:58.365,OnTrack,3100,-989,794,pos,0 days 00:14:41.771000,0 days 01:10:18.379000
2024-05-19 13:17:58.505,OnTrack,3083,-943,794,pos,0 days 00:14:41.911000,0 days 01:10:18.519000
2024-05-19 13:17:58.865,OnTrack,3024,-799,793,pos,0 days 00:14:42.271000,0 days 01:10:18.879000
2024-05-19 13:17:59.265,OnTrack,2935,-632,790,pos,0 days 00:14:42.671000,0 days 01:10:19.279000
2024-05-19 13:17:59.565,OnTrack,2890,-568,790,pos,0 days 00:14:42.971000,0 days 01:10:19.579000
2024-05-19 13:17:59.884,OnTrack,2765,-449,788,pos,0 days 00:14:43.290000,0 days 01:10:19.898000
2024-05-19 13:18:00.184,OnTrack,2695,-411,787,pos,0 days 00:14:43.590000,0 days 01:10:20.198000
2024-05-19 13:18:00.524,OnTrack,2567,-372,786,pos,0 days 00:14:43.930000,0 days 01:10:20.538000
2024-05-19 13:18:00.704,OnTrack,2476,-361,786,pos,0 days 00:14:44.110000,0 days 01:10:20.718000
2024-05-19 13:18:01.044,OnTrack,2370,-361,786,pos,0 days 00:14:44.450000,0 days 01:10:21.058000
2024-05-19 13:18:01.264,OnTrack,2230,-383,784,pos,0 days 00:14:44.670000,0 days 01:10:21.278000
2024-05-19 13:18:01.644,OnTrack,2136,-413,783,pos,0 days 00:14:45.050000,0 days 01:10:21.658000
2024-05-19 13:18:01.904,OnTrack,1974,-484,781,pos,0 days 00:14:45.310000,0 days 01:10:21.918000
2024-05-19 13:18:02.305,OnTrack,1861,-537,780,pos,0 days 00:14:45.711000,0 days 01:10:22.319000
2024-05-19 13:18:02.485,OnTrack,1801,-564,780,pos,0 days 00:14:45.891000,0 days 01:10:22.499000
2024-05-19 13:18:02.685,OnTrack,1708,-607,779,pos,0 days 00:14:46.091000,0 days 01:10:22.699000
2024-05-19 13:18:02.905,OnTrack,1605,-654,778,pos,0 days 00:14:46.311000,0 days 01:10:22.919000
2024-05-19 13:18:03.085,OnTrack,1514,-695,778,pos,0 days 00:14:46.491000,0 days 01:10:23.099000
2024-05-19 13:18:03.265,OnTrack,1421,-737,778,pos,0 days 00:14:46.671000,0 days 01:10:23.279000
2024-05-19 13:18:03.465,OnTrack,1315,-785,778,pos,0 days 00:14:46.871000,0 days 01:10:23.479000
2024-05-19 13:18:03.645,OnTrack,1217,-830,778,pos,0 days 00:14:47.051000,0 days 01:10:23.659000
2024-05-19 13:18:03.865,OnTrack,1094,-885,778,pos,0 days 00:14:47.271000,0 days 01:10:23.879000
2024-05-19 13:18:04.085,OnTrack,968,-942,778,pos,0 days 00:14:47.491000,0 days 01:10:24.099000
2024-05-19 13:18:04.325,OnTrack,827,-1004,779,pos,0 days 00:14:47.731000,0 days 01:10:24.339000
2024-05-19 13:18:04.525,OnTrack,707,-1054,779,pos,0 days 00:14:47.931000,0 days 01:10:24.539000
2024-05-19 13:18:04.705,OnTrack,597,-1100,780,pos,0 days 00:14:48.111000,0 days 01:10:24.719000
2024-05-19 13:18:04.905,OnTrack,472,-1153,780,pos,0 days 00:14:48.311000,0 days 01:10:24.919000
2024-05-19 13:18:05.265,OnTrack,153,-1287,781,pos,0 days 00:14:48.671000,0 days 01:10:25.279000
2024-05-19 13:18:05.605,OnTrack,23,-1342,781,pos,0 days 00:14:49.011000,0 days 01:10:25.619000
2024-05-19 13:18:05.805,OnTrack,-109,-1395,781,pos,0 days 00:14:49.211000,0 days 01:10:25.819000
2024-05-19 13:18:06.005,OnTrack,-245,-1445,782,pos,0 days 00:14:49.411000,0 days 01:10:26.019000
2024-05-19 13:18:06.325,OnTrack,-498,-1519,783,pos,0 days 00:14:49.731000,0 days 01:10:26.339000
2024-05-19 13:18:06.564,OnTrack,-643,-1550,783,pos,0 days 00:14:49.970000,0 days 01:10:26.578000
2024-05-19 13:18:06.764,OnTrack,-790,-1570,783,pos,0 days 00:14:50.170000,0 days 01:10:26.778000
2024-05-19 13:18:07.004,OnTrack,-1017,-1586,784,pos,0 days 00:14:50.410000,0 days 01:10:27.018000
2024-05-19 13:18:07.344,OnTrack,-1338,-1595,785,pos,0 days 00:14:50.750000,0 days 01:10:27.358000
2024-05-19 13:18:07.704,OnTrack,-1525,-1606,786,pos,0 days 00:14:51.110000,0 days 01:10:27.718000
2024-05-19 13:18:07.944,OnTrack,-1824,-1623,787,pos,0 days 00:14:51.350000,0 days 01:10:27.958000
2024-05-19 13:18:08.304,OnTrack,-1999,-1633,788,pos,0 days 00:14:51.710000,0 days 01:10:28.318000
2024-05-19 13:18:08.524,OnTrack,-2175,-1643,788,pos,0 days 00:14:51.930000,0 days 01:10:28.538000
2024-05-19 13:18:08.745,OnTrack,-2383,-1655,789,pos,0 days 00:14:52.151000,0 days 01:10:28.759000
2024-05-19 13:18:09.045,OnTrack,-2593,-1666,790,pos,0 days 00:14:52.451000,0 days 01:10:29.059000
2024-05-19 13:18:09.265,OnTrack,-2772,-1672,791,pos,0 days 00:14:52.671000,0 days 01:10:29.279000
2024-05-19 13:18:09.465,OnTrack,-2936,-1677,792,pos,0 days 00:14:52.871000,0 days 01:10:29.479000
2024-05-19 13:18:09.645,OnTrack,-3083,-1682,792,pos,0 days 00:14:53.051000,0 days 01:10:29.659000
2024-05-19 13:18:09.825,OnTrack,-3232,-1688,793,pos,0 days 00:14:53.231000,0 days 01:10:29.839000
2024-05-19 13:18:10.145,OnTrack,-3595,-1695,795,pos,0 days 00:14:53.551000,0 days 01:10:30.159000
2024-05-19 13:18:10.505,OnTrack,-3793,-1686,795,pos,0 days 00:14:53.911000,0 days 01:10:30.519000
2024-05-19 13:18:11.305,OnTrack,-4457,-1568,799,pos,0 days 00:14:54.711000,0 days 01:10:31.319000
2024-05-19 13:18:11.505,OnTrack,-4622,-1528,800,pos,0 days 00:14:54.911000,0 days 01:10:31.519000
2024-05-19 13:18:11.725,OnTrack,-4837,-1476,802,pos,0 days 00:14:55.131000,0 days 01:10:31.739000
2024-05-19 13:18:12.145,OnTrack,-5151,-1398,804,pos,0 days 00:14:55.551000,0 days 01:10:32.159000
2024-05-19 13:18:12.345,OnTrack,-5317,-1359,806,pos,0 days 00:14:55.751000,0 days 01:10:32.359000
2024-05-19 13:18:12.545,OnTrack,-5601,-1299,808,pos,0 days 00:14:55.951000,0 days 01:10:32.559000
2024-05-19 13:18:12.965,OnTrack,-5941,-1252,811,pos,0 days 00:14:56.371000,0 days 01:10:32.979000
2024-05-19 13:18:13.364,OnTrack,-6285,-1232,814,pos,0 days 00:14:56.770000,0 days 01:10:33.378000
2024-05-19 13:18:13.724,OnTrack,-6492,-1229,814,pos,0 days 00:14:57.130000,0 days 01:10:33.738000
2024-05-19 13:18:13.864,OnTrack,-6613,-1229,815,pos,0 days 00:14:57.270000,0 days 01:10:33.878000
2024-05-19 13:18:14.124,OnTrack,-6836,-1232,816,pos,0 days 00:14:57.530000,0 days 01:10:34.138000
2024-05-19 13:18:14.344,OnTrack,-7024,-1236,817,pos,0 days 00:14:57.750000,0 days 01:10:34.358000
2024-05-19 13:18:14.624,OnTrack,-7349,-1254,818,pos,0 days 00:14:58.030000,0 days 01:10:34.638000
2024-05-19 13:18:14.904,OnTrack,-7502,-1267,818,pos,0 days 00:14:58.310000,0 days 01:10:34.918000
2024-05-19 13:18:15.164,OnTrack,-7722,-1290,818,pos,0 days 00:14:58.570000,0 days 01:10:35.178000
2024-05-19 13:18:15.345,OnTrack,-7874,-1307,818,pos,0 days 00:14:58.751000,0 days 01:10:35.359000
2024-05-19 13:18:15.625,OnTrack,-8194,-1347,819,pos,0 days 00:14:59.031000,0 days 01:10:35.639000
2024-05-19 13:18:15.885,OnTrack,-8479,-1386,819,pos,0 days 00:14:59.291000,0 days 01:10:35.899000
2024-05-19 13:18:16.305,OnTrack,-8779,-1428,819,pos,0 days 00:14:59.711000,0 days 01:10:36.319000
2024-05-19 13:18:16.545,OnTrack,-8961,-1454,819,pos,0 days 00:14:59.951000,0 days 01:10:36.559000
2024-05-19 13:18:16.725,OnTrack,-9109,-1478,819,pos,0 days 00:15:00.131000,0 days 01:10:36.739000
2024-05-19 13:18:17.085,OnTrack,-9440,-1557,819,pos,0 days 00:15:00.491000,0 days 01:10:37.099000
2024-05-19 13:18:17.445,OnTrack,-9743,-1652,818,pos,0 days 00:15:00.851000,0 days 01:10:37.459000
2024-05-19 13:18:17.765,OnTrack,-9849,-1685,818,pos,0 days 00:15:01.171000,0 days 01:10:37.779000
2024-05-19 13:18:18.085,OnTrack,-10019,-1739,819,pos,0 days 00:15:01.491000,0 days 01:10:38.099000
2024-05-19 13:18:18.285,OnTrack,-10105,-1765,818,pos,0 days 00:15:01.691000,0 days 01:10:38.299000
2024-05-19 13:18:18.545,OnTrack,-10210,-1804,818,pos,0 days 00:15:01.951000,0 days 01:10:38.559000
2024-05-19 13:18:18.725,OnTrack,-10271,-1841,818,pos,0 days 00:15:02.131000,0 days 01:10:38.739000
2024-05-19 13:18:18.905,OnTrack,-10321,-1891,818,pos,0 days 00:15:02.311000,0 days 01:10:38.919000
2024-05-19 13:18:19.145,OnTrack,-10370,-1977,818,pos,0 days 00:15:02.551000,0 days 01:10:39.159000
2024-05-19 13:18:19.345,OnTrack,-10411,-2109,819,pos,0 days 00:15:02.751000,0 days 01:10:39.359000
2024-05-19 13:18:19.624,OnTrack,-10429,-2174,819,pos,0 days 00:15:03.030000,0 days 01:10:39.638000
2024-05-19 13:18:20.024,OnTrack,-10493,-2326,819,pos,0 days 00:15:03.430000,0 days 01:10:40.038000
2024-05-19 13:18:20.064,OnTrack,-10502,-2341,819,pos,0 days 00:15:03.470000,0 days 01:10:40.078000
2024-05-19 13:18:20.424,OnTrack,-10649,-2498,818,pos,0 days 00:15:03.830000,0 days 01:10:40.438000
2024-05-19 13:18:20.784,OnTrack,-10798,-2598,820,pos,0 days 00:15:04.190000,0 days 01:10:40.798000
2024-05-19 13:18:21.244,OnTrack,-10976,-2703,821,pos,0 days 00:15:04.650000,0 days 01:10:41.258000
2024-05-19 13:18:21.564,OnTrack,-11128,-2791,822,pos,0 days 00:15:04.970000,0 days 01:10:41.578000
2024-05-19 13:18:21.905,OnTrack,-11230,-2851,823,pos,0 days 00:15:05.311000,0 days 01:10:41.919000
2024-05-19 13:18:22.205,OnTrack,-11374,-2940,824,pos,0 days 00:15:05.611000,0 days 01:10:42.219000
2024-05-19 13:18:22.445,OnTrack,-11533,-3059,825,pos,0 days 00:15:05.851000,0 days 01:10:42.459000
2024-05-19 13:18:22.805,OnTrack,-11639,-3173,825,pos,0 days 00:15:06.211000,0 days 01:10:42.819000
2024-05-19 13:18:23.045,OnTrack,-11720,-3297,825,pos,0 days 00:15:06.451000,0 days 01:10:43.059000
2024-05-19 13:18:23.225,OnTrack,-11771,-3402,826,pos,0 days 00:15:06.631000,0 days 01:10:43.239000
2024-05-19 13:18:23.385,OnTrack,-11812,-3498,826,pos,0 days 00:15:06.791000,0 days 01:10:43.399000
2024-05-19 13:18:23.585,OnTrack,-11858,-3620,827,pos,0 days 00:15:06.991000,0 days 01:10:43.599000
2024-05-19 13:18:23.765,OnTrack,-11900,-3730,827,pos,0 days 00:15:07.171000,0 days 01:10:43.779000
2024-05-19 13:18:24.105,OnTrack,-11978,-3940,828,pos,0 days 00:15:07.511000,0 days 01:10:44.119000
2024-05-19 13:18:24.345,OnTrack,-12065,-4171,829,pos,0 days 00:15:07.751000,0 days 01:10:44.359000
2024-05-19 13:18:24.685,OnTrack,-12154,-4408,830,pos,0 days 00:15:08.091000,0 days 01:10:44.699000
2024-05-19 13:18:25.125,OnTrack,-12230,-4609,830,pos,0 days 00:15:08.531000,0 days 01:10:45.139000
2024-05-19 13:18:25.305,OnTrack,-12275,-4731,831,pos,0 days 00:15:08.711000,0 days 01:10:45.319000
2024-05-19 13:18:25.505,OnTrack,-12327,-4868,831,pos,0 days 00:15:08.911000,0 days 01:10:45.519000
2024-05-19 13:18:25.785,OnTrack,-12415,-5105,832,pos,0 days 00:15:09.191000,0 days 01:10:45.799000
2024-05-19 13:18:26.125,OnTrack,-12490,-5302,832,pos,0 days 00:15:09.531000,0 days 01:10:46.139000
2024-05-19 13:18:26.384,OnTrack,-12559,-5488,833,pos,0 days 00:15:09.790000,0 days 01:10:46.398000
2024-05-19 13:18:26.584,OnTrack,-12614,-5632,833,pos,0 days 00:15:09.990000,0 days 01:10:46.598000
2024-05-19 13:18:26.764,OnTrack,-12663,-5763,833,pos,0 days 00:15:10.170000,0 days 01:10:46.778000
2024-05-19 13:18:27.044,OnTrack,-12757,-6011,834,pos,0 days 00:15:10.450000,0 days 01:10:47.058000
2024-05-19 13:18:27.364,OnTrack,-12831,-6201,834,pos,0 days 00:15:10.770000,0 days 01:10:47.378000
2024-05-19 13:18:27.644,OnTrack,-12915,-6404,835,pos,0 days 00:15:11.050000,0 days 01:10:47.658000
2024-05-19 13:18:27.844,OnTrack,-13000,-6606,835,pos,0 days 00:15:11.250000,0 days 01:10:47.858000
2024-05-19 13:18:28.264,OnTrack,-13097,-6843,836,pos,0 days 00:15:11.670000,0 days 01:10:48.278000
2024-05-19 13:18:28.465,OnTrack,-13156,-7064,837,pos,0 days 00:15:11.871000,0 days 01:10:48.479000
2024-05-19 13:18:28.725,OnTrack,-13163,-7141,838,pos,0 days 00:15:12.131000,0 days 01:10:48.739000
2024-05-19 13:18:28.965,OnTrack,-13157,-7295,839,pos,0 days 00:15:12.371000,0 days 01:10:48.979000
2024-05-19 13:18:29.225,OnTrack,-13130,-7458,840,pos,0 days 00:15:12.631000,0 days 01:10:49.239000
2024-05-19 13:18:29.385,OnTrack,-13108,-7554,840,pos,0 days 00:15:12.791000,0 days 01:10:49.399000
2024-05-19 13:18:29.705,OnTrack,-13059,-7754,842,pos,0 days 00:15:13.111000,0 days 01:10:49.719000
2024-05-19 13:18:29.945,OnTrack,-13038,-7855,843,pos,0 days 00:15:13.351000,0 days 01:10:49.959000
2024-05-19 13:18:30.125,OnTrack,-13026,-7940,843,pos,0 days 00:15:13.531000,0 days 01:10:50.139000
2024-05-19 13:18:30.505,OnTrack,-13056,-8139,845,pos,0 days 00:15:13.911000,0 days 01:10:50.519000
2024-05-19 13:18:30.745,OnTrack,-13092,-8199,846,pos,0 days 00:15:14.151000,0 days 01:10:50.759000
2024-05-19 13:18:31.025,OnTrack,-13185,-8295,847,pos,0 days 00:15:14.431000,0 days 01:10:51.039000
2024-05-19 13:18:31.265,OnTrack,-13274,-8373,848,pos,0 days 00:15:14.671000,0 days 01:10:51.279000
2024-05-19 13:18:31.465,OnTrack,-13346,-8435,849,pos,0 days 00:15:14.871000,0 days 01:10:51.479000
2024-05-19 13:18:31.725,OnTrack,-13446,-8519,850,pos,0 days 00:15:15.131000,0 days 01:10:51.739000
2024-05-19 13:18:31.945,OnTrack,-13565,-8619,851,pos,0 days 00:15:15.351000,0 days 01:10:51.959000
2024-05-19 13:18:32.305,OnTrack,-13680,-8718,853,pos,0 days 00:15:15.711000,0 days 01:10:52.319000
2024-05-19 13:18:32.525,OnTrack,-13774,-8797,855,pos,0 days 00:15:15.931000,0 days 01:10:52.539000
2024-05-19 13:18:32.685,OnTrack,-13859,-8868,856,pos,0 days 00:15:16.091000,0 days 01:10:52.699000
2024-05-19 13:18:33.164,OnTrack,-14030,-9018,861,pos,0 days 00:15:16.570000,0 days 01:10:53.178000
2024-05-19 13:18:33.264,OnTrack,-14075,-9060,862,pos,0 days 00:15:16.670000,0 days 01:10:53.278000
2024-05-19 13:18:33.524,OnTrack,-14251,-9234,868,pos,0 days 00:15:16.930000,0 days 01:10:53.538000
2024-05-19 13:18:33.964,OnTrack,-14384,-9367,874,pos,0 days 00:15:17.370000,0 days 01:10:53.978000
2024-05-19 13:18:34.124,OnTrack,-14454,-9436,878,pos,0 days 00:15:17.530000,0 days 01:10:54.138000
2024-05-19 13:18:34.404,OnTrack,-14573,-9546,883,pos,0 days 00:15:17.810000,0 days 01:10:54.418000
2024-05-19 13:18:34.604,OnTrack,-14676,-9645,888,pos,0 days 00:15:18.010000,0 days 01:10:54.618000
2024-05-19 13:18:34.944,OnTrack,-14757,-9728,892,pos,0 days 00:15:18.350000,0 days 01:10:54.958000
2024-05-19 13:18:35.125,OnTrack,-14805,-9785,895,pos,0 days 00:15:18.531000,0 days 01:10:55.139000
2024-05-19 13:18:35.425,OnTrack,-14888,-9924,900,pos,0 days 00:15:18.831000,0 days 01:10:55.439000
2024-05-19 13:18:35.765,OnTrack,-14908,-9987,901,pos,0 days 00:15:19.171000,0 days 01:10:55.779000
2024-05-19 13:18:36.005,OnTrack,-14916,-10061,904,pos,0 days 00:15:19.411000,0 days 01:10:56.019000
2024-05-19 13:18:36.245,OnTrack,-14907,-10132,908,pos,0 days 00:15:19.651000,0 days 01:10:56.259000
2024-05-19 13:18:36.305,OnTrack,-14902,-10149,908,pos,0 days 00:15:19.711000,0 days 01:10:56.319000
2024-05-19 13:18:36.585,OnTrack,-14851,-10242,914,pos,0 days 00:15:19.991000,0 days 01:10:56.599000
2024-05-19 13:18:37.005,OnTrack,-14789,-10302,919,pos,0 days 00:15:20.411000,0 days 01:10:57.019000
2024-05-19 13:18:37.185,OnTrack,-14750,-10329,921,pos,0 days 00:15:20.591000,0 days 01:10:57.199000
2024-05-19 13:18:37.385,OnTrack,-14702,-10354,923,pos,0 days 00:15:20.791000,0 days 01:10:57.399000
2024-05-19 13:18:37.565,OnTrack,-14619,-10381,928,pos,0 days 00:15:20.971000,0 days 01:10:57.579000
2024-05-19 13:18:38.025,OnTrack,-14529,-10394,933,pos,0 days 00:15:21.431000,0 days 01:10:58.039000
2024-05-19 13:18:38.245,OnTrack,-14463,-10395,936,pos,0 days 00:15:21.651000,0 days 01:10:58.259000
2024-05-19 13:18:38.325,OnTrack,-14438,-10395,937,pos,0 days 00:15:21.731000,0 days 01:10:58.339000
2024-05-19 13:18:38.685,OnTrack,-14280,-10381,945,pos,0 days 00:15:22.091000,0 days 01:10:58.699000
2024-05-19 13:18:39.005,OnTrack,-14206,-10369,948,pos,0 days 00:15:22.411000,0 days 01:10:59.019000
2024-05-19 13:18:39.185,OnTrack,-14136,-10358,951,pos,0 days 00:15:22.591000,0 days 01:10:59.199000
2024-05-19 13:18:39.385,OnTrack,-14055,-10343,955,pos,0 days 00:15:22.791000,0 days 01:10:59.399000
2024-05-19 13:18:39.684,OnTrack,-13923,-10316,960,pos,0 days 00:15:23.090000,0 days 01:10:59.698000
2024-05-19 13:18:39.944,OnTrack,-13773,-10285,967,pos,0 days 00:15:23.350000,0 days 01:10:59.958000
2024-05-19 13:18:40.244,OnTrack,-13654,-10261,972,pos,0 days 00:15:23.650000,0 days 01:11:00.258000
2024-05-19 13:18:40.544,OnTrack,-13453,-10223,980,pos,0 days 00:15:23.950000,0 days 01:11:00.558000
2024-05-19 13:18:40.784,OnTrack,-13365,-10208,984,pos,0 days 00:15:24.190000,0 days 01:11:00.798000
2024-05-19 13:18:41.164,OnTrack,-13064,-10155,994,pos,0 days 00:15:24.570000,0 days 01:11:01.178000
2024-05-19 13:18:41.424,OnTrack,-12992,-10142,997,pos,0 days 00:15:24.830000,0 days 01:11:01.438000
2024-05-19 13:18:41.645,OnTrack,-12857,-10122,1001,pos,0 days 00:15:25.051000,0 days 01:11:01.659000
2024-05-19 13:18:41.885,OnTrack,-12707,-10099,1006,pos,0 days 00:15:25.291000,0 days 01:11:01.899000
2024-05-19 13:18:42.105,OnTrack,-12566,-10077,1010,pos,0 days 00:15:25.511000,0 days 01:11:02.119000
2024-05-19 13:18:42.285,OnTrack,-12448,-10061,1015,pos,0 days 00:15:25.691000,0 days 01:11:02.299000
2024-05-19 13:18:42.485,OnTrack,-12316,-10042,1020,pos,0 days 00:15:25.891000,0 days 01:11:02.499000
2024-05-19 13:18:42.685,OnTrack,-12181,-10023,1028,pos,0 days 00:15:26.091000,0 days 01:11:02.699000
2024-05-19 13:18:42.965,OnTrack,-11990,-9997,1040,pos,0 days 00:15:26.371000,0 days 01:11:02.979000
2024-05-19 13:18:43.185,OnTrack,-11807,-9974,1052,pos,0 days 00:15:26.591000,0 days 01:11:03.199000
2024-05-19 13:18:43.285,OnTrack,-11737,-9966,1056,pos,0 days 00:15:26.691000,0 days 01:11:03.299000
2024-05-19 13:18:43.565,OnTrack,-11539,-9946,1069,pos,0 days 00:15:26.971000,0 days 01:11:03.579000
2024-05-19 13:18:43.765,OnTrack,-11397,-9933,1078,pos,0 days 00:15:27.171000,0 days 01:11:03.779000
2024-05-19 13:18:44.025,OnTrack,-11151,-9920,1093,pos,0 days 00:15:27.431000,0 days 01:11:04.039000
2024-05-19 13:18:44.325,OnTrack,-10990,-9918,1103,pos,0 days 00:15:27.731000,0 days 01:11:04.339000
2024-05-19 13:18:44.625,OnTrack,-10770,-9922,1114,pos,0 days 00:15:28.031000,0 days 01:11:04.639000
2024-05-19 13:18:44.805,OnTrack,-10638,-9929,1119,pos,0 days 00:15:28.211000,0 days 01:11:04.819000
2024-05-19 13:18:45.085,OnTrack,-10328,-9957,1122,pos,0 days 00:15:28.491000,0 days 01:11:05.099000
2024-05-19 13:18:45.385,OnTrack,-10210,-9971,1122,pos,0 days 00:15:28.791000,0 days 01:11:05.399000
2024-05-19 13:18:45.725,OnTrack,-9958,-10000,1120,pos,0 days 00:15:29.131000,0 days 01:11:05.739000
2024-05-19 13:18:45.925,OnTrack,-9810,-10017,1119,pos,0 days 00:15:29.331000,0 days 01:11:05.939000
2024-05-19 13:18:46.104,OnTrack,-9603,-10040,1117,pos,0 days 00:15:29.510000,0 days 01:11:06.118000
2024-05-19 13:18:46.544,OnTrack,-9364,-10064,1115,pos,0 days 00:15:29.950000,0 days 01:11:06.558000
2024-05-19 13:18:46.744,OnTrack,-9236,-10071,1114,pos,0 days 00:15:30.150000,0 days 01:11:06.758000
2024-05-19 13:18:46.964,OnTrack,-9072,-10063,1114,pos,0 days 00:15:30.370000,0 days 01:11:06.978000
2024-05-19 13:18:47.344,OnTrack,-8853,-9992,1114,pos,0 days 00:15:30.750000,0 days 01:11:07.358000
2024-05-19 13:18:47.704,OnTrack,-8744,-9918,1111,pos,0 days 00:15:31.110000,0 days 01:11:07.718000
2024-05-19 13:18:47.944,OnTrack,-8653,-9823,1108,pos,0 days 00:15:31.350000,0 days 01:11:07.958000
2024-05-19 13:18:48.124,OnTrack,-8595,-9737,1105,pos,0 days 00:15:31.530000,0 days 01:11:08.138000
2024-05-19 13:18:48.345,OnTrack,-8533,-9623,1101,pos,0 days 00:15:31.751000,0 days 01:11:08.359000
2024-05-19 13:18:48.625,OnTrack,-8459,-9476,1097,pos,0 days 00:15:32.031000,0 days 01:11:08.639000
2024-05-19 13:18:48.705,OnTrack,-8438,-9434,1096,pos,0 days 00:15:32.111000,0 days 01:11:08.719000
2024-05-19 13:18:48.965,OnTrack,-8373,-9291,1090,pos,0 days 00:15:32.371000,0 days 01:11:08.979000
2024-05-19 13:18:49.165,OnTrack,-8329,-9176,1086,pos,0 days 00:15:32.571000,0 days 01:11:09.179000
2024-05-19 13:18:49.325,OnTrack,-8300,-9080,1083,pos,0 days 00:15:32.731000,0 days 01:11:09.339000
2024-05-19 13:18:49.585,OnTrack,-8263,-8919,1077,pos,0 days 00:15:32.991000,0 days 01:11:09.599000
2024-05-19 13:18:49.725,OnTrack,-8250,-8829,1073,pos,0 days 00:15:33.131000,0 days 01:11:09.739000
2024-05-19 13:18:50.725,OnTrack,-8275,-8159,1026,pos,0 days 00:15:34.131000,0 days 01:11:10.739000
2024-05-19 13:18:50.965,OnTrack,-8303,-7991,1010,pos,0 days 00:15:34.371000,0 days 01:11:10.979000
2024-05-19 13:18:51.145,OnTrack,-8350,-7764,990,pos,0 days 00:15:34.551000,0 days 01:11:11.159000
2024-05-19 13:18:51.545,OnTrack,-8393,-7578,978,pos,0 days 00:15:34.951000,0 days 01:11:11.559000
2024-05-19 13:18:51.845,OnTrack,-8443,-7362,964,pos,0 days 00:15:35.251000,0 days 01:11:11.859000
2024-05-19 13:18:52.045,OnTrack,-8493,-7143,951,pos,0 days 00:15:35.451000,0 days 01:11:12.059000
2024-05-19 13:18:52.325,OnTrack,-8523,-7011,945,pos,0 days 00:15:35.731000,0 days 01:11:12.339000
2024-05-19 13:18:52.604,OnTrack,-8569,-6805,934,pos,0 days 00:15:36.010000,0 days 01:11:12.618000
2024-05-19 13:18:52.804,OnTrack,-8602,-6658,926,pos,0 days 00:15:36.210000,0 days 01:11:12.818000
2024-05-19 13:18:53.124,OnTrack,-8651,-6367,912,pos,0 days 00:15:36.530000,0 days 01:11:13.138000
2024-05-19 13:18:53.404,OnTrack,-8652,-6247,906,pos,0 days 00:15:36.810000,0 days 01:11:13.418000
2024-05-19 13:18:53.564,OnTrack,-8634,-6140,903,pos,0 days 00:15:36.970000,0 days 01:11:13.578000
2024-05-19 13:18:53.844,OnTrack,-8567,-5952,898,pos,0 days 00:15:37.250000,0 days 01:11:13.858000
2024-05-19 13:18:54.064,OnTrack,-8501,-5819,897,pos,0 days 00:15:37.470000,0 days 01:11:14.078000
2024-05-19 13:18:54.304,OnTrack,-8406,-5653,897,pos,0 days 00:15:37.710000,0 days 01:11:14.318000
2024-05-19 13:18:54.725,OnTrack,-8314,-5513,899,pos,0 days 00:15:38.131000,0 days 01:11:14.739000
2024-05-19 13:18:54.965,OnTrack,-8237,-5424,902,pos,0 days 00:15:38.371000,0 days 01:11:14.979000
2024-05-19 13:18:55.225,OnTrack,-8173,-5373,905,pos,0 days 00:15:38.631000,0 days 01:11:15.239000
2024-05-19 13:18:55.425,OnTrack,-8109,-5342,907,pos,0 days 00:15:38.831000,0 days 01:11:15.439000
2024-05-19 13:18:55.765,OnTrack,-7992,-5326,915,pos,0 days 00:15:39.171000,0 days 01:11:15.779000
2024-05-19 13:18:55.925,OnTrack,-7935,-5332,918,pos,0 days 00:15:39.331000,0 days 01:11:15.939000
2024-05-19 13:18:56.125,OnTrack,-7866,-5347,924,pos,0 days 00:15:39.531000,0 days 01:11:16.139000
2024-05-19 13:18:56.305,OnTrack,-7759,-5375,933,pos,0 days 00:15:39.711000,0 days 01:11:16.319000
2024-05-19 13:18:56.705,OnTrack,-7668,-5399,942,pos,0 days 00:15:40.111000,0 days 01:11:16.719000
2024-05-19 13:18:56.885,OnTrack,-7601,-5413,949,pos,0 days 00:15:40.291000,0 days 01:11:16.899000
2024-05-19 13:18:57.165,OnTrack,-7447,-5434,962,pos,0 days 00:15:40.571000,0 days 01:11:17.179000
2024-05-19 13:18:57.545,OnTrack,-7338,-5441,972,pos,0 days 00:15:40.951000,0 days 01:11:17.559000
2024-05-19 13:18:57.745,OnTrack,-7246,-5443,980,pos,0 days 00:15:41.151000,0 days 01:11:17.759000
2024-05-19 13:18:57.905,OnTrack,-7169,-5443,985,pos,0 days 00:15:41.311000,0 days 01:11:17.919000
2024-05-19 13:18:58.085,OnTrack,-7080,-5443,992,pos,0 days 00:15:41.491000,0 days 01:11:18.099000
2024-05-19 13:18:58.365,OnTrack,-6936,-5442,1002,pos,0 days 00:15:41.771000,0 days 01:11:18.379000
2024-05-19 13:18:58.685,OnTrack,-6708,-5439,1015,pos,0 days 00:15:42.091000,0 days 01:11:18.699000
2024-05-19 13:18:58.905,OnTrack,-6640,-5439,1019,pos,0 days 00:15:42.311000,0 days 01:11:18.919000
2024-05-19 13:18:59.164,OnTrack,-6489,-5438,1025,pos,0 days 00:15:42.570000,0 days 01:11:19.178000
2024-05-19 13:18:59.344,OnTrack,-6381,-5437,1029,pos,0 days 00:15:42.750000,0 days 01:11:19.358000
2024-05-19 13:18:59.564,OnTrack,-6247,-5436,1033,pos,0 days 00:15:42.970000,0 days 01:11:19.578000
2024-05-19 13:18:59.744,OnTrack,-6135,-5435,1035,pos,0 days 00:15:43.150000,0 days 01:11:19.758000
2024-05-19 13:19:00.064,OnTrack,-5852,-5432,1044,pos,0 days 00:15:43.470000,0 days 01:11:20.078000
2024-05-19 13:19:00.544,OnTrack,-5572,-5430,1052,pos,0 days 00:15:43.950000,0 days 01:11:20.558000
2024-05-19 13:19:01.745,OnTrack,-4785,-5389,1074,pos,0 days 00:15:45.151000,0 days 01:11:21.759000
2024-05-19 13:19:01.905,OnTrack,-4672,-5379,1077,pos,0 days 00:15:45.311000,0 days 01:11:21.919000
2024-05-19 13:19:02.165,OnTrack,-4490,-5363,1080,pos,0 days 00:15:45.571000,0 days 01:11:22.179000
2024-05-19 13:19:02.345,OnTrack,-4363,-5352,1082,pos,0 days 00:15:45.751000,0 days 01:11:22.359000
2024-05-19 13:19:02.505,OnTrack,-4249,-5343,1083,pos,0 days 00:15:45.911000,0 days 01:11:22.519000
2024-05-19 13:19:02.885,OnTrack,-3982,-5321,1085,pos,0 days 00:15:46.291000,0 days 01:11:22.899000
2024-05-19 13:19:02.945,OnTrack,-3940,-5317,1085,pos,0 days 00:15:46.351000,0 days 01:11:22.959000
2024-05-19 13:19:03.205,OnTrack,-3768,-5303,1086,pos,0 days 00:15:46.611000,0 days 01:11:23.219000
2024-05-19 13:19:03.505,OnTrack,-3579,-5288,1087,pos,0 days 00:15:46.911000,0 days 01:11:23.519000
2024-05-19 13:19:03.725,OnTrack,-3488,-5281,1087,pos,0 days 00:15:47.131000,0 days 01:11:23.739000
2024-05-19 13:19:04.085,OnTrack,-3291,-5273,1090,pos,0 days 00:15:47.491000,0 days 01:11:24.099000
2024-05-19 13:19:04.365,OnTrack,-3228,-5278,1092,pos,0 days 00:15:47.771000,0 days 01:11:24.379000
2024-05-19 13:19:04.585,OnTrack,-3166,-5302,1093,pos,0 days 00:15:47.991000,0 days 01:11:24.599000
2024-05-19 13:19:04.825,OnTrack,-3100,-5354,1096,pos,0 days 00:15:48.231000,0 days 01:11:24.839000
2024-05-19 13:19:05.025,OnTrack,-3051,-5406,1096,pos,0 days 00:15:48.431000,0 days 01:11:25.039000
2024-05-19 13:19:05.325,OnTrack,-2949,-5506,1096,pos,0 days 00:15:48.731000,0 days 01:11:25.339000
2024-05-19 13:19:05.605,OnTrack,-2914,-5529,1096,pos,0 days 00:15:49.011000,0 days 01:11:25.619000
2024-05-19 13:19:05.964,OnTrack,-2816,-5562,1095,pos,0 days 00:15:49.370000,0 days 01:11:25.978000
2024-05-19 13:19:06.004,OnTrack,-2805,-5563,1095,pos,0 days 00:15:49.410000,0 days 01:11:26.018000
2024-05-19 13:19:06.264,OnTrack,-2732,-5557,1093,pos,0 days 00:15:49.670000,0 days 01:11:26.278000
2024-05-19 13:19:06.464,OnTrack,-2675,-5544,1092,pos,0 days 00:15:49.870000,0 days 01:11:26.478000
2024-05-19 13:19:06.704,OnTrack,-2608,-5524,1090,pos,0 days 00:15:50.110000,0 days 01:11:26.718000
2024-05-19 13:19:06.924,OnTrack,-2546,-5502,1089,pos,0 days 00:15:50.330000,0 days 01:11:26.938000
2024-05-19 13:19:07.044,OnTrack,-2511,-5489,1088,pos,0 days 00:15:50.450000,0 days 01:11:27.058000
2024-05-19 13:19:07.244,OnTrack,-2452,-5464,1087,pos,0 days 00:15:50.650000,0 days 01:11:27.258000
2024-05-19 13:19:07.544,OnTrack,-2357,-5421,1085,pos,0 days 00:15:50.950000,0 days 01:11:27.558000
2024-05-19 13:19:07.804,OnTrack,-2269,-5377,1083,pos,0 days 00:15:51.210000,0 days 01:11:27.818000
2024-05-19 13:19:07.965,OnTrack,-2209,-5346,1081,pos,0 days 00:15:51.371000,0 days 01:11:27.979000
2024-05-19 13:19:08.045,OnTrack,-2179,-5330,1080,pos,0 days 00:15:51.451000,0 days 01:11:28.059000
2024-05-19 13:19:08.425,OnTrack,-2026,-5250,1077,pos,0 days 00:15:51.831000,0 days 01:11:28.439000
2024-05-19 13:19:08.605,OnTrack,-1948,-5209,1076,pos,0 days 00:15:52.011000,0 days 01:11:28.619000
2024-05-19 13:19:08.785,OnTrack,-1831,-5147,1073,pos,0 days 00:15:52.191000,0 days 01:11:28.799000
2024-05-19 13:19:09.085,OnTrack,-1727,-5093,1071,pos,0 days 00:15:52.491000,0 days 01:11:29.099000
2024-05-19 13:19:09.285,OnTrack,-1628,-5044,1069,pos,0 days 00:15:52.691000,0 days 01:11:29.299000
2024-05-19 13:19:09.505,OnTrack,-1515,-4990,1067,pos,0 days 00:15:52.911000,0 days 01:11:29.519000
2024-05-19 13:19:09.705,OnTrack,-1409,-4941,1065,pos,0 days 00:15:53.111000,0 days 01:11:29.719000
2024-05-19 13:19:10.005,OnTrack,-1244,-4866,1062,pos,0 days 00:15:53.411000,0 days 01:11:30.019000
2024-05-19 13:19:10.245,OnTrack,-1032,-4759,1058,pos,0 days 00:15:53.651000,0 days 01:11:30.259000
2024-05-19 13:19:10.505,OnTrack,-965,-4721,1056,pos,0 days 00:15:53.911000,0 days 01:11:30.519000
2024-05-19 13:19:10.825,OnTrack,-787,-4611,1052,pos,0 days 00:15:54.231000,0 days 01:11:30.839000
2024-05-19 13:19:11.005,OnTrack,-687,-4543,1049,pos,0 days 00:15:54.411000,0 days 01:11:31.019000
2024-05-19 13:19:11.205,OnTrack,-576,-4464,1045,pos,0 days 00:15:54.611000,0 days 01:11:31.219000
2024-05-19 13:19:11.385,OnTrack,-475,-4391,1043,pos,0 days 00:15:54.791000,0 days 01:11:31.399000
2024-05-19 13:19:11.585,OnTrack,-285,-4247,1037,pos,0 days 00:15:54.991000,0 days 01:11:31.599000
2024-05-19 13:19:12.105,OnTrack,-75,-4073,1031,pos,0 days 00:15:55.511000,0 days 01:11:32.119000
2024-05-19 13:19:12.205,OnTrack,-21,-4025,1030,pos,0 days 00:15:55.611000,0 days 01:11:32.219000
2024-05-19 13:19:12.384,OnTrack,74,-3935,1027,pos,0 days 00:15:55.790000,0 days 01:11:32.398000
2024-05-19 13:19:12.624,OnTrack,312,-3690,1020,pos,0 days 00:15:56.030000,0 days 01:11:32.638000
2024-05-19 13:19:13.124,OnTrack,494,-3488,1013,pos,0 days 00:15:56.530000,0 days 01:11:33.138000
2024-05-19 13:19:13.184,OnTrack,525,-3454,1011,pos,0 days 00:15:56.590000,0 days 01:11:33.198000
2024-05-19 13:19:13.524,OnTrack,730,-3226,1000,pos,0 days 00:15:56.930000,0 days 01:11:33.538000
2024-05-19 13:19:13.784,OnTrack,834,-3111,992,pos,0 days 00:15:57.190000,0 days 01:11:33.798000
2024-05-19 13:19:14.084,OnTrack,1054,-2868,975,pos,0 days 00:15:57.490000,0 days 01:11:34.098000
2024-05-19 13:19:14.404,OnTrack,1160,-2751,966,pos,0 days 00:15:57.810000,0 days 01:11:34.418000
2024-05-19 13:19:14.745,OnTrack,1424,-2472,942,pos,0 days 00:15:58.151000,0 days 01:11:34.759000
2024-05-19 13:19:15.185,OnTrack,1604,-2317,927,pos,0 days 00:15:58.591000,0 days 01:11:35.199000
2024-05-19 13:19:15.305,OnTrack,1707,-2245,919,pos,0 days 00:15:58.711000,0 days 01:11:35.319000
2024-05-19 13:19:15.565,OnTrack,1888,-2144,905,pos,0 days 00:15:58.971000,0 days 01:11:35.579000
2024-05-19 13:19:15.765,OnTrack,2093,-2056,888,pos,0 days 00:15:59.171000,0 days 01:11:35.779000
2024-05-19 13:19:16.825,OnTrack,2730,-1799,840,pos,0 days 00:16:00.231000,0 days 01:11:36.839000
2024-05-19 13:19:17.045,OnTrack,2859,-1745,831,pos,0 days 00:16:00.451000,0 days 01:11:37.059000
2024-05-19 13:19:17.265,OnTrack,2936,-1711,826,pos,0 days 00:16:00.671000,0 days 01:11:37.279000
2024-05-19 13:19:17.625,OnTrack,3057,-1639,819,pos,0 days 00:16:01.031000,0 days 01:11:37.639000
2024-05-19 13:19:17.825,OnTrack,3121,-1574,813,pos,0 days 00:16:01.231000,0 days 01:11:37.839000
2024-05-19 13:19:18.125,OnTrack,3163,-1501,809,pos,0 days 00:16:01.531000,0 days 01:11:38.139000
2024-05-19 13:19:18.385,OnTrack,3190,-1374,805,pos,0 days 00:16:01.791000,0 days 01:11:38.399000
2024-05-19 13:19:18.805,OnTrack,3176,-1242,800,pos,0 days 00:16:02.211000,0 days 01:11:38.819000
2024-05-19 13:19:19.184,OnTrack,3145,-1123,797,pos,0 days 00:16:02.590000,0 days 01:11:39.198000
2024-05-19 13:19:19.524,OnTrack,3124,-1060,796,pos,0 days 00:16:02.930000,0 days 01:11:39.538000
2024-05-19 13:19:19.924,OnTrack,3057,-875,793,pos,0 days 00:16:03.330000,0 days 01:11:39.938000
2024-05-19 13:19:20.204,OnTrack,3035,-824,793,pos,0 days 00:16:03.610000,0 days 01:11:40.218000
2024-05-19 13:19:20.524,OnTrack,2963,-679,791,pos,0 days 00:16:03.930000,0 days 01:11:40.538000
2024-05-19 13:19:20.924,OnTrack,2869,-542,789,pos,0 days 00:16:04.330000,0 days 01:11:40.938000
2024-05-19 13:19:21.285,OnTrack,2772,-454,788,pos,0 days 00:16:04.691000,0 days 01:11:41.299000
2024-05-19 13:19:21.545,OnTrack,2628,-386,787,pos,0 days 00:16:04.951000,0 days 01:11:41.559000
2024-05-19 13:19:21.925,OnTrack,2499,-362,786,pos,0 days 00:16:05.331000,0 days 01:11:41.939000
2024-05-19 13:19:22.345,OnTrack,2375,-360,786,pos,0 days 00:16:05.751000,0 days 01:11:42.359000
2024-05-19 13:19:22.545,OnTrack,2297,-369,785,pos,0 days 00:16:05.951000,0 days 01:11:42.559000
2024-05-19 13:19:22.745,OnTrack,2178,-398,783,pos,0 days 00:16:06.151000,0 days 01:11:42.759000
2024-05-19 13:19:23.165,OnTrack,2049,-449,782,pos,0 days 00:16:06.571000,0 days 01:11:43.179000
2024-05-19 13:19:23.245,OnTrack,2016,-464,782,pos,0 days 00:16:06.651000,0 days 01:11:43.259000
2024-05-19 13:19:23.465,OnTrack,1924,-508,781,pos,0 days 00:16:06.871000,0 days 01:11:43.479000
2024-05-19 13:19:23.745,OnTrack,1799,-565,780,pos,0 days 00:16:07.151000,0 days 01:11:43.759000
2024-05-19 13:19:23.985,OnTrack,1689,-616,779,pos,0 days 00:16:07.391000,0 days 01:11:43.999000
2024-05-19 13:19:24.165,OnTrack,1601,-655,778,pos,0 days 00:16:07.571000,0 days 01:11:44.179000
2024-05-19 13:19:24.365,OnTrack,1501,-701,778,pos,0 days 00:16:07.771000,0 days 01:11:44.379000
2024-05-19 13:19:24.525,OnTrack,1344,-772,778,pos,0 days 00:16:07.931000,0 days 01:11:44.539000
2024-05-19 13:19:25.025,OnTrack,1092,-886,778,pos,0 days 00:16:08.431000,0 days 01:11:45.039000
2024-05-19 13:19:25.285,OnTrack,1002,-927,778,pos,0 days 00:16:08.691000,0 days 01:11:45.299000
2024-05-19 13:19:25.544,OnTrack,851,-994,779,pos,0 days 00:16:08.950000,0 days 01:11:45.558000
2024-05-19 13:19:25.784,OnTrack,707,-1054,779,pos,0 days 00:16:09.190000,0 days 01:11:45.798000
2024-05-19 13:19:25.964,OnTrack,609,-1095,780,pos,0 days 00:16:09.370000,0 days 01:11:45.978000
2024-05-19 13:19:26.144,OnTrack,497,-1142,780,pos,0 days 00:16:09.550000,0 days 01:11:46.158000
2024-05-19 13:19:26.364,OnTrack,359,-1200,781,pos,0 days 00:16:09.770000,0 days 01:11:46.378000
2024-05-19 13:19:26.684,OnTrack,154,-1287,781,pos,0 days 00:16:10.090000,0 days 01:11:46.698000
2024-05-19 13:19:26.884,OnTrack,-15,-1358,781,pos,0 days 00:16:10.290000,0 days 01:11:46.898000
2024-05-19 13:19:27.244,OnTrack,-217,-1435,782,pos,0 days 00:16:10.650000,0 days 01:11:47.258000
2024-05-19 13:19:27.384,OnTrack,-313,-1467,782,pos,0 days 00:16:10.790000,0 days 01:11:47.398000
2024-05-19 13:19:27.665,OnTrack,-511,-1522,783,pos,0 days 00:16:11.071000,0 days 01:11:47.679000
2024-05-19 13:19:27.885,OnTrack,-728,-1564,783,pos,0 days 00:16:11.291000,0 days 01:11:47.899000
2024-05-19 13:19:28.185,OnTrack,-900,-1579,783,pos,0 days 00:16:11.591000,0 days 01:11:48.199000
2024-05-19 13:19:28.525,OnTrack,-1285,-1594,785,pos,0 days 00:16:11.931000,0 days 01:11:48.539000
2024-05-19 13:19:28.745,OnTrack,-1344,-1595,785,pos,0 days 00:16:12.151000,0 days 01:11:48.759000
2024-05-19 13:19:28.945,OnTrack,-1500,-1605,786,pos,0 days 00:16:12.351000,0 days 01:11:48.959000
2024-05-19 13:19:29.245,OnTrack,-1735,-1618,787,pos,0 days 00:16:12.651000,0 days 01:11:49.259000
2024-05-19 13:19:29.465,OnTrack,-1908,-1628,787,pos,0 days 00:16:12.871000,0 days 01:11:49.479000
2024-05-19 13:19:29.645,OnTrack,-2051,-1636,788,pos,0 days 00:16:13.051000,0 days 01:11:49.659000
2024-05-19 13:19:29.805,OnTrack,-2178,-1643,788,pos,0 days 00:16:13.211000,0 days 01:11:49.819000
2024-05-19 13:19:29.985,OnTrack,-2323,-1651,789,pos,0 days 00:16:13.391000,0 days 01:11:49.999000
2024-05-19 13:19:30.325,OnTrack,-2596,-1666,790,pos,0 days 00:16:13.731000,0 days 01:11:50.339000
2024-05-19 13:19:30.405,OnTrack,-2661,-1669,791,pos,0 days 00:16:13.811000,0 days 01:11:50.419000
2024-05-19 13:19:30.605,OnTrack,-2823,-1674,791,pos,0 days 00:16:14.011000,0 days 01:11:50.619000
2024-05-19 13:19:30.945,OnTrack,-3102,-1683,792,pos,0 days 00:16:14.351000,0 days 01:11:50.959000
2024-05-19 13:19:31.105,OnTrack,-3332,-1691,793,pos,0 days 00:16:14.511000,0 days 01:11:51.119000
2024-05-19 13:19:31.565,OnTrack,-3612,-1695,795,pos,0 days 00:16:14.971000,0 days 01:11:51.579000
2024-05-19 13:19:31.725,OnTrack,-3744,-1689,795,pos,0 days 00:16:15.131000,0 days 01:11:51.739000
2024-05-19 13:19:31.925,OnTrack,-3910,-1673,796,pos,0 days 00:16:15.331000,0 days 01:11:51.939000
2024-05-19 13:19:32.184,OnTrack,-4192,-1626,798,pos,0 days 00:16:15.590000,0 days 01:11:52.198000
2024-05-19 13:19:32.604,OnTrack,-4474,-1564,799,pos,0 days 00:16:16.010000,0 days 01:11:52.618000
2024-05-19 13:19:32.804,OnTrack,-4754,-1496,801,pos,0 days 00:16:16.210000,0 days 01:11:52.818000
2024-05-19 13:19:33.144,OnTrack,-5034,-1427,803,pos,0 days 00:16:16.550000,0 days 01:11:53.158000
2024-05-19 13:19:33.504,OnTrack,-5215,-1383,805,pos,0 days 00:16:16.910000,0 days 01:11:53.518000
2024-05-19 13:19:33.724,OnTrack,-5398,-1341,806,pos,0 days 00:16:17.130000,0 days 01:11:53.738000
2024-05-19 13:19:34.044,OnTrack,-5820,-1265,810,pos,0 days 00:16:17.450000,0 days 01:11:54.058000
2024-05-19 13:19:34.445,OnTrack,-6042,-1244,812,pos,0 days 00:16:17.851000,0 days 01:11:54.459000
2024-05-19 13:19:34.585,OnTrack,-6162,-1237,813,pos,0 days 00:16:17.991000,0 days 01:11:54.599000
2024-05-19 13:19:34.785,OnTrack,-6333,-1231,814,pos,0 days 00:16:18.191000,0 days 01:11:54.799000
2024-05-19 13:19:34.985,OnTrack,-6609,-1229,815,pos,0 days 00:16:18.391000,0 days 01:11:54.999000
2024-05-19 13:19:35.305,OnTrack,-6781,-1231,816,pos,0 days 00:16:18.711000,0 days 01:11:55.319000
2024-05-19 13:19:35.665,OnTrack,-7159,-1242,817,pos,0 days 00:16:19.071000,0 days 01:11:55.679000
2024-05-19 13:19:36.065,OnTrack,-7517,-1269,818,pos,0 days 00:16:19.471000,0 days 01:11:56.079000
2024-05-19 13:19:36.505,OnTrack,-7806,-1299,818,pos,0 days 00:16:19.911000,0 days 01:11:56.519000
2024-05-19 13:19:36.665,OnTrack,-7941,-1315,818,pos,0 days 00:16:20.071000,0 days 01:11:56.679000
2024-05-19 13:19:36.885,OnTrack,-8230,-1352,819,pos,0 days 00:16:20.291000,0 days 01:11:56.899000
2024-05-19 13:19:37.165,OnTrack,-8398,-1375,819,pos,0 days 00:16:20.571000,0 days 01:11:57.179000
2024-05-19 13:19:37.485,OnTrack,-8665,-1412,819,pos,0 days 00:16:20.891000,0 days 01:11:57.499000
2024-05-19 13:19:37.685,OnTrack,-8831,-1435,819,pos,0 days 00:16:21.091000,0 days 01:11:57.699000
2024-05-19 13:19:37.945,OnTrack,-9046,-1468,819,pos,0 days 00:16:21.351000,0 days 01:11:57.959000
2024-05-19 13:19:38.125,OnTrack,-9193,-1495,819,pos,0 days 00:16:21.531000,0 days 01:11:58.139000
2024-05-19 13:19:38.325,OnTrack,-9350,-1532,819,pos,0 days 00:16:21.731000,0 days 01:11:58.339000
2024-05-19 13:19:38.405,OnTrack,-9411,-1549,819,pos,0 days 00:16:21.811000,0 days 01:11:58.419000
2024-05-19 13:19:38.764,OnTrack,-9695,-1637,818,pos,0 days 00:16:22.170000,0 days 01:11:58.778000
2024-05-19 13:19:39.044,OnTrack,-9840,-1683,818,pos,0 days 00:16:22.450000,0 days 01:11:59.058000
2024-05-19 13:19:39.284,OnTrack,-9973,-1724,819,pos,0 days 00:16:22.690000,0 days 01:11:59.298000
2024-05-19 13:19:39.564,OnTrack,-10115,-1768,818,pos,0 days 00:16:22.970000,0 days 01:11:59.578000
2024-05-19 13:19:39.804,OnTrack,-10231,-1815,818,pos,0 days 00:16:23.210000,0 days 01:11:59.818000
2024-05-19 13:19:40.224,OnTrack,-10350,-1934,818,pos,0 days 00:16:23.630000,0 days 01:12:00.238000
2024-05-19 13:19:40.604,OnTrack,-10402,-2073,818,pos,0 days 00:16:24.010000,0 days 01:12:00.618000
2024-05-19 13:19:40.664,OnTrack,-10409,-2099,819,pos,0 days 00:16:24.070000,0 days 01:12:00.678000
2024-05-19 13:19:40.865,OnTrack,-10432,-2183,819,pos,0 days 00:16:24.271000,0 days 01:12:00.879000
2024-05-19 13:19:41.825,OnTrack,-10682,-2523,819,pos,0 days 00:16:25.231000,0 days 01:12:01.839000
2024-05-19 13:19:41.985,OnTrack,-10786,-2591,819,pos,0 days 00:16:25.391000,0 days 01:12:01.999000
2024-05-19 13:19:42.425,OnTrack,-10974,-2702,821,pos,0 days 00:16:25.831000,0 days 01:12:02.439000
2024-05-19 13:19:42.805,OnTrack,-11099,-2775,822,pos,0 days 00:16:26.211000,0 days 01:12:02.819000
2024-05-19 13:19:43.025,OnTrack,-11240,-2857,823,pos,0 days 00:16:26.431000,0 days 01:12:03.039000
2024-05-19 13:19:43.445,OnTrack,-11432,-2979,824,pos,0 days 00:16:26.851000,0 days 01:12:03.459000
2024-05-19 13:19:43.865,OnTrack,-11647,-3183,825,pos,0 days 00:16:27.271000,0 days 01:12:03.879000
2024-05-19 13:19:44.205,OnTrack,-11744,-3343,826,pos,0 days 00:16:27.611000,0 days 01:12:04.219000
2024-05-19 13:19:44.645,OnTrack,-11827,-3536,827,pos,0 days 00:16:28.051000,0 days 01:12:04.659000
2024-05-19 13:19:44.825,OnTrack,-11868,-3646,827,pos,0 days 00:16:28.231000,0 days 01:12:04.839000
2024-05-19 13:19:45.045,OnTrack,-11919,-3782,828,pos,0 days 00:16:28.451000,0 days 01:12:05.059000
2024-05-19 13:19:45.205,OnTrack,-11990,-3971,828,pos,0 days 00:16:28.611000,0 days 01:12:05.219000
2024-05-19 13:19:45.664,OnTrack,-12066,-4176,829,pos,0 days 00:16:29.070000,0 days 01:12:05.678000
2024-05-19 13:19:45.804,OnTrack,-12101,-4267,829,pos,0 days 00:16:29.210000,0 days 01:12:05.818000
2024-05-19 13:19:45.964,OnTrack,-12141,-4373,830,pos,0 days 00:16:29.370000,0 days 01:12:05.978000
2024-05-19 13:19:46.284,OnTrack,-12242,-4641,830,pos,0 days 00:16:29.690000,0 days 01:12:06.298000
2024-05-19 13:19:46.724,OnTrack,-12355,-4943,831,pos,0 days 00:16:30.130000,0 days 01:12:06.738000
2024-05-19 13:19:47.024,OnTrack,-12449,-5194,832,pos,0 days 00:16:30.430000,0 days 01:12:07.038000
2024-05-19 13:19:47.485,OnTrack,-12534,-5422,832,pos,0 days 00:16:30.891000,0 days 01:12:07.499000
2024-05-19 13:19:47.665,OnTrack,-12583,-5551,833,pos,0 days 00:16:31.071000,0 days 01:12:07.679000
2024-05-19 13:19:47.885,OnTrack,-12643,-5710,833,pos,0 days 00:16:31.291000,0 days 01:12:07.899000
2024-05-19 13:19:48.085,OnTrack,-12731,-5943,833,pos,0 days 00:16:31.491000,0 days 01:12:08.099000
2024-05-19 13:19:48.405,OnTrack,-12787,-6090,834,pos,0 days 00:16:31.811000,0 days 01:12:08.419000
2024-05-19 13:19:48.605,OnTrack,-12845,-6236,835,pos,0 days 00:16:32.011000,0 days 01:12:08.619000
2024-05-19 13:19:48.985,OnTrack,-12960,-6512,835,pos,0 days 00:16:32.391000,0 days 01:12:08.999000
2024-05-19 13:19:49.025,OnTrack,-12972,-6541,835,pos,0 days 00:16:32.431000,0 days 01:12:09.039000
2024-05-19 13:19:49.265,OnTrack,-13083,-6808,836,pos,0 days 00:16:32.671000,0 days 01:12:09.279000
2024-05-19 13:19:49.605,OnTrack,-13129,-6940,837,pos,0 days 00:16:33.011000,0 days 01:12:09.619000
2024-05-19 13:19:49.925,OnTrack,-13162,-7141,838,pos,0 days 00:16:33.331000,0 days 01:12:09.939000
2024-05-19 13:19:50.185,OnTrack,-13155,-7308,839,pos,0 days 00:16:33.591000,0 days 01:12:10.199000
2024-05-19 13:19:50.345,OnTrack,-13139,-7410,839,pos,0 days 00:16:33.751000,0 days 01:12:10.359000
2024-05-19 13:19:50.545,OnTrack,-13113,-7531,840,pos,0 days 00:16:33.951000,0 days 01:12:10.559000
2024-05-19 13:19:50.765,OnTrack,-13082,-7660,841,pos,0 days 00:16:34.171000,0 days 01:12:10.779000
2024-05-19 13:19:51.025,OnTrack,-13035,-7868,843,pos,0 days 00:16:34.431000,0 days 01:12:11.039000
2024-05-19 13:19:51.245,OnTrack,-13029,-7906,843,pos,0 days 00:16:34.651000,0 days 01:12:11.259000
2024-05-19 13:19:51.585,OnTrack,-13041,-8101,844,pos,0 days 00:16:34.991000,0 days 01:12:11.599000
2024-05-19 13:19:52.044,OnTrack,-13125,-8238,846,pos,0 days 00:16:35.450000,0 days 01:12:12.058000
2024-05-19 13:19:52.224,OnTrack,-13243,-8345,847,pos,0 days 00:16:35.630000,0 days 01:12:12.238000
2024-05-19 13:19:52.484,OnTrack,-13287,-8384,848,pos,0 days 00:16:35.890000,0 days 01:12:12.498000
2024-05-19 13:19:52.824,OnTrack,-13415,-8493,850,pos,0 days 00:16:36.230000,0 days 01:12:12.838000
2024-05-19 13:19:53.004,OnTrack,-13485,-8552,851,pos,0 days 00:16:36.410000,0 days 01:12:13.018000
2024-05-19 13:19:53.184,OnTrack,-13606,-8655,852,pos,0 days 00:16:36.590000,0 days 01:12:13.198000
2024-05-19 13:19:53.544,OnTrack,-13707,-8741,854,pos,0 days 00:16:36.950000,0 days 01:12:13.558000
2024-05-19 13:19:53.844,OnTrack,-13813,-8830,855,pos,0 days 00:16:37.250000,0 days 01:12:13.858000
2024-05-19 13:19:54.025,OnTrack,-13891,-8895,857,pos,0 days 00:16:37.431000,0 days 01:12:14.039000
2024-05-19 13:19:54.225,OnTrack,-13982,-8974,859,pos,0 days 00:16:37.631000,0 days 01:12:14.239000
2024-05-19 13:19:54.445,OnTrack,-14090,-9075,862,pos,0 days 00:16:37.851000,0 days 01:12:14.459000
2024-05-19 13:19:54.625,OnTrack,-14169,-9153,865,pos,0 days 00:16:38.031000,0 days 01:12:14.639000
2024-05-19 13:19:54.785,OnTrack,-14240,-9224,868,pos,0 days 00:16:38.191000,0 days 01:12:14.799000
2024-05-19 13:19:54.965,OnTrack,-14321,-9304,872,pos,0 days 00:16:38.371000,0 days 01:12:14.979000
2024-05-19 13:19:55.245,OnTrack,-14508,-9486,881,pos,0 days 00:16:38.651000,0 days 01:12:15.259000
2024-05-19 13:19:55.665,OnTrack,-14625,-9595,886,pos,0 days 00:16:39.071000,0 days 01:12:15.679000
2024-05-19 13:19:55.965,OnTrack,-14730,-9699,891,pos,0 days 00:16:39.371000,0 days 01:12:15.979000
2024-05-19 13:19:55.985,OnTrack,-14736,-9706,891,pos,0 days 00:16:39.391000,0 days 01:12:15.999000
2024-05-19 13:19:56.325,OnTrack,-14850,-9848,897,pos,0 days 00:16:39.731000,0 days 01:12:16.339000
2024-05-19 13:19:56.645,OnTrack,-14886,-9918,899,pos,0 days 00:16:40.051000,0 days 01:12:16.659000
2024-05-19 13:19:56.965,OnTrack,-14913,-10018,902,pos,0 days 00:16:40.371000,0 days 01:12:16.979000
2024-05-19 13:19:57.065,OnTrack,-14916,-10049,904,pos,0 days 00:16:40.471000,0 days 01:12:17.079000
2024-05-19 13:19:57.245,OnTrack,-14913,-10103,907,pos,0 days 00:16:40.651000,0 days 01:12:17.259000
2024-05-19 13:19:57.525,OnTrack,-14890,-10180,910,pos,0 days 00:16:40.931000,0 days 01:12:17.539000
2024-05-19 13:19:57.785,OnTrack,-14830,-10266,916,pos,0 days 00:16:41.191000,0 days 01:12:17.799000
2024-05-19 13:19:58.065,OnTrack,-14798,-10295,918,pos,0 days 00:16:41.471000,0 days 01:12:18.079000
2024-05-19 13:19:58.345,OnTrack,-14738,-10337,921,pos,0 days 00:16:41.751000,0 days 01:12:18.359000
2024-05-19 13:19:58.604,OnTrack,-14675,-10365,924,pos,0 days 00:16:42.010000,0 days 01:12:18.618000
2024-05-19 13:19:58.824,OnTrack,-14601,-10384,928,pos,0 days 00:16:42.230000,0 days 01:12:18.838000
2024-05-19 13:19:59.184,OnTrack,-14515,-10394,933,pos,0 days 00:16:42.590000,0 days 01:12:19.198000
2024-05-19 13:19:59.364,OnTrack,-14461,-10395,936,pos,0 days 00:16:42.770000,0 days 01:12:19.378000
2024-05-19 13:19:59.624,OnTrack,-14340,-10388,942,pos,0 days 00:16:43.030000,0 days 01:12:19.638000
2024-05-19 13:20:00.044,OnTrack,-14254,-10377,946,pos,0 days 00:16:43.450000,0 days 01:12:20.058000
2024-05-19 13:20:00.184,OnTrack,-14201,-10368,948,pos,0 days 00:16:43.590000,0 days 01:12:20.198000
2024-05-19 13:20:00.364,OnTrack,-14129,-10356,951,pos,0 days 00:16:43.770000,0 days 01:12:20.378000
2024-05-19 13:20:00.605,OnTrack,-14028,-10337,955,pos,0 days 00:16:44.011000,0 days 01:12:20.619000
2024-05-19 13:20:00.945,OnTrack,-13874,-10306,963,pos,0 days 00:16:44.351000,0 days 01:12:20.959000
2024-05-19 13:20:01.125,OnTrack,-13788,-10288,967,pos,0 days 00:16:44.531000,0 days 01:12:21.139000
2024-05-19 13:20:01.245,OnTrack,-13729,-10276,969,pos,0 days 00:16:44.651000,0 days 01:12:21.259000
2024-05-19 13:20:01.545,OnTrack,-13533,-10238,977,pos,0 days 00:16:44.951000,0 days 01:12:21.559000
2024-05-19 13:20:01.865,OnTrack,-13402,-10214,982,pos,0 days 00:16:45.271000,0 days 01:12:21.879000
2024-05-19 13:20:02.045,OnTrack,-13301,-10196,987,pos,0 days 00:16:45.451000,0 days 01:12:22.059000
2024-05-19 13:20:02.325,OnTrack,-13091,-10159,994,pos,0 days 00:16:45.731000,0 days 01:12:22.339000
2024-05-19 13:20:02.705,OnTrack,-12847,-10120,1002,pos,0 days 00:16:46.111000,0 days 01:12:22.719000
2024-05-19 13:20:03.045,OnTrack,-12696,-10097,1006,pos,0 days 00:16:46.451000,0 days 01:12:23.059000
2024-05-19 13:20:03.285,OnTrack,-12542,-10074,1011,pos,0 days 00:16:46.691000,0 days 01:12:23.299000
2024-05-19 13:20:03.565,OnTrack,-12305,-10041,1021,pos,0 days 00:16:46.971000,0 days 01:12:23.579000
2024-05-19 13:20:04.025,OnTrack,-11993,-9998,1040,pos,0 days 00:16:47.431000,0 days 01:12:24.039000
2024-05-19 13:20:04.305,OnTrack,-11843,-9978,1050,pos,0 days 00:16:47.711000,0 days 01:12:24.319000
2024-05-19 13:20:04.605,OnTrack,-11629,-9955,1063,pos,0 days 00:16:48.011000,0 days 01:12:24.619000
2024-05-19 13:20:04.845,OnTrack,-11429,-9935,1076,pos,0 days 00:16:48.251000,0 days 01:12:24.859000
2024-05-19 13:20:05.124,OnTrack,-11256,-9924,1087,pos,0 days 00:16:48.530000,0 days 01:12:25.138000
2024-05-19 13:20:05.404,OnTrack,-10976,-9918,1104,pos,0 days 00:16:48.810000,0 days 01:12:25.418000
2024-05-19 13:20:05.804,OnTrack,-10754,-9922,1115,pos,0 days 00:16:49.210000,0 days 01:12:25.818000
2024-05-19 13:20:05.984,OnTrack,-10621,-9930,1119,pos,0 days 00:16:49.390000,0 days 01:12:25.998000
2024-05-19 13:20:06.224,OnTrack,-10443,-9945,1122,pos,0 days 00:16:49.630000,0 days 01:12:26.238000
2024-05-19 13:20:06.404,OnTrack,-10308,-9960,1122,pos,0 days 00:16:49.810000,0 days 01:12:26.418000
2024-05-19 13:20:06.684,OnTrack,-10055,-9989,1121,pos,0 days 00:16:50.090000,0 days 01:12:26.698000
2024-05-19 13:20:07.085,OnTrack,-9802,-10018,1119,pos,0 days 00:16:50.491000,0 days 01:12:27.099000
2024-05-19 13:20:07.285,OnTrack,-9653,-10035,1117,pos,0 days 00:16:50.691000,0 days 01:12:27.299000
2024-05-19 13:20:07.345,OnTrack,-9609,-10040,1117,pos,0 days 00:16:50.751000,0 days 01:12:27.359000
2024-05-19 13:20:07.665,OnTrack,-9383,-10063,1115,pos,0 days 00:16:51.071000,0 days 01:12:27.679000
2024-05-19 13:20:07.925,OnTrack,-9220,-10071,1114,pos,0 days 00:16:51.331000,0 days 01:12:27.939000
2024-05-19 13:20:07.985,OnTrack,-9190,-10071,1114,pos,0 days 00:16:51.391000,0 days 01:12:27.999000
2024-05-19 13:20:08.185,OnTrack,-9074,-10063,1114,pos,0 days 00:16:51.591000,0 days 01:12:28.199000
2024-05-19 13:20:08.505,OnTrack,-8863,-9998,1114,pos,0 days 00:16:51.911000,0 days 01:12:28.519000
2024-05-19 13:20:08.945,OnTrack,-8652,-9823,1108,pos,0 days 00:16:52.351000,0 days 01:12:28.959000
2024-05-19 13:20:09.205,OnTrack,-8613,-9766,1106,pos,0 days 00:16:52.611000,0 days 01:12:29.219000
2024-05-19 13:20:09.545,OnTrack,-8485,-9528,1098,pos,0 days 00:16:52.951000,0 days 01:12:29.559000
2024-05-19 13:20:09.865,OnTrack,-8433,-9423,1095,pos,0 days 00:16:53.271000,0 days 01:12:29.879000
2024-05-19 13:20:10.185,OnTrack,-8355,-9247,1089,pos,0 days 00:16:53.591000,0 days 01:12:30.199000
2024-05-19 13:20:10.325,OnTrack,-8326,-9166,1086,pos,0 days 00:16:53.731000,0 days 01:12:30.339000
2024-05-19 13:20:10.565,OnTrack,-8276,-8984,1080,pos,0 days 00:16:53.971000,0 days 01:12:30.579000
2024-05-19 13:20:10.965,OnTrack,-8239,-8687,1065,pos,0 days 00:16:54.371000,0 days 01:12:30.979000
2024-05-19 13:20:11.305,OnTrack,-8238,-8539,1056,pos,0 days 00:16:54.711000,0 days 01:12:31.319000
2024-05-19 13:20:11.465,OnTrack,-8244,-8430,1049,pos,0 days 00:16:54.871000,0 days 01:12:31.479000
2024-05-19 13:20:11.664,OnTrack,-8256,-8302,1039,pos,0 days 00:16:55.070000,0 days 01:12:31.678000
2024-05-19 13:20:11.864,OnTrack,-8274,-8166,1026,pos,0 days 00:16:55.270000,0 days 01:12:31.878000
2024-05-19 13:20:12.104,OnTrack,-8302,-7998,1011,pos,0 days 00:16:55.510000,0 days 01:12:32.118000
2024-05-19 13:20:12.324,OnTrack,-8333,-7842,997,pos,0 days 00:16:55.730000,0 days 01:12:32.338000
2024-05-19 13:20:12.564,OnTrack,-8372,-7671,984,pos,0 days 00:16:55.970000,0 days 01:12:32.578000
2024-05-19 13:20:12.844,OnTrack,-8435,-7396,965,pos,0 days 00:16:56.250000,0 days 01:12:32.858000
2024-05-19 13:20:13.264,OnTrack,-8498,-7118,950,pos,0 days 00:16:56.670000,0 days 01:12:33.278000
2024-05-19 13:20:13.484,OnTrack,-8525,-7001,944,pos,0 days 00:16:56.890000,0 days 01:12:33.498000
2024-05-19 13:20:13.885,OnTrack,-8614,-6603,923,pos,0 days 00:16:57.291000,0 days 01:12:33.899000
2024-05-19 13:20:14.185,OnTrack,-8636,-6487,917,pos,0 days 00:16:57.591000,0 days 01:12:34.199000
2024-05-19 13:20:14.485,OnTrack,-8652,-6255,906,pos,0 days 00:16:57.891000,0 days 01:12:34.499000
2024-05-19 13:20:14.845,OnTrack,-8579,-5978,899,pos,0 days 00:16:58.251000,0 days 01:12:34.859000
2024-05-19 13:20:15.205,OnTrack,-8507,-5832,897,pos,0 days 00:16:58.611000,0 days 01:12:35.219000
2024-05-19 13:20:15.545,OnTrack,-8376,-5604,897,pos,0 days 00:16:58.951000,0 days 01:12:35.559000
2024-05-19 13:20:16.765,OnTrack,-8005,-5325,912,pos,0 days 00:17:00.171000,0 days 01:12:36.779000
2024-05-19 13:20:17.165,OnTrack,-7874,-5345,923,pos,0 days 00:17:00.571000,0 days 01:12:37.179000
2024-05-19 13:20:17.505,OnTrack,-7784,-5368,931,pos,0 days 00:17:00.911000,0 days 01:12:37.519000
2024-05-19 13:20:17.785,OnTrack,-7659,-5401,943,pos,0 days 00:17:01.191000,0 days 01:12:37.799000
2024-05-19 13:20:18.185,OnTrack,-7508,-5427,957,pos,0 days 00:17:01.591000,0 days 01:12:38.199000
2024-05-19 13:20:18.644,OnTrack,-7290,-5442,976,pos,0 days 00:17:02.050000,0 days 01:12:38.658000
2024-05-19 13:20:18.904,OnTrack,-7236,-5443,981,pos,0 days 00:17:02.310000,0 days 01:12:38.918000
2024-05-19 13:20:19.104,OnTrack,-7140,-5443,988,pos,0 days 00:17:02.510000,0 days 01:12:39.118000
2024-05-19 13:20:19.284,OnTrack,-7052,-5443,994,pos,0 days 00:17:02.690000,0 days 01:12:39.298000
2024-05-19 13:20:19.544,OnTrack,-6919,-5441,1003,pos,0 days 00:17:02.950000,0 days 01:12:39.558000
2024-05-19 13:20:19.704,OnTrack,-6834,-5441,1008,pos,0 days 00:17:03.110000,0 days 01:12:39.718000
2024-05-19 13:20:19.924,OnTrack,-6714,-5439,1014,pos,0 days 00:17:03.330000,0 days 01:12:39.938000
2024-05-19 13:20:20.104,OnTrack,-6613,-5439,1019,pos,0 days 00:17:03.510000,0 days 01:12:40.118000
2024-05-19 13:20:20.365,OnTrack,-6462,-5437,1025,pos,0 days 00:17:03.771000,0 days 01:12:40.379000
2024-05-19 13:20:20.665,OnTrack,-6281,-5436,1032,pos,0 days 00:17:04.071000,0 days 01:12:40.679000
2024-05-19 13:20:20.865,OnTrack,-6158,-5435,1035,pos,0 days 00:17:04.271000,0 days 01:12:40.879000
2024-05-19 13:20:21.065,OnTrack,-6031,-5434,1038,pos,0 days 00:17:04.471000,0 days 01:12:41.079000
2024-05-19 13:20:21.285,OnTrack,-5890,-5433,1043,pos,0 days 00:17:04.691000,0 days 01:12:41.299000
2024-05-19 13:20:21.485,OnTrack,-5760,-5432,1046,pos,0 days 00:17:04.891000,0 days 01:12:41.499000
2024-05-19 13:20:21.685,OnTrack,-5627,-5431,1050,pos,0 days 00:17:05.091000,0 days 01:12:41.699000
2024-05-19 13:20:21.865,OnTrack,-5439,-5428,1055,pos,0 days 00:17:05.271000,0 days 01:12:41.879000
2024-05-19 13:20:22.165,OnTrack,-5302,-5426,1059,pos,0 days 00:17:05.571000,0 days 01:12:42.179000
2024-05-19 13:20:22.385,OnTrack,-5149,-5419,1064,pos,0 days 00:17:05.791000,0 days 01:12:42.399000
2024-05-19 13:20:22.705,OnTrack,-4925,-5401,1071,pos,0 days 00:17:06.111000,0 days 01:12:42.719000
2024-05-19 13:20:22.905,OnTrack,-4686,-5380,1077,pos,0 days 00:17:06.311000,0 days 01:12:42.919000
2024-05-19 13:20:23.285,OnTrack,-4516,-5365,1080,pos,0 days 00:17:06.691000,0 days 01:12:43.299000
2024-05-19 13:20:23.465,OnTrack,-4388,-5354,1082,pos,0 days 00:17:06.871000,0 days 01:12:43.479000
2024-05-19 13:20:23.685,OnTrack,-4232,-5341,1083,pos,0 days 00:17:07.091000,0 days 01:12:43.699000
2024-05-19 13:20:23.925,OnTrack,-3991,-5321,1085,pos,0 days 00:17:07.331000,0 days 01:12:43.939000
2024-05-19 13:20:24.305,OnTrack,-3796,-5305,1086,pos,0 days 00:17:07.711000,0 days 01:12:44.319000
2024-05-19 13:20:24.505,OnTrack,-3677,-5296,1087,pos,0 days 00:17:07.911000,0 days 01:12:44.519000
2024-05-19 13:20:24.685,OnTrack,-3581,-5288,1087,pos,0 days 00:17:08.091000,0 days 01:12:44.699000
2024-05-19 13:20:25.004,OnTrack,-3430,-5277,1088,pos,0 days 00:17:08.410000,0 days 01:12:45.018000
2024-05-19 13:20:25.164,OnTrack,-3308,-5273,1090,pos,0 days 00:17:08.570000,0 days 01:12:45.178000
2024-05-19 13:20:25.564,OnTrack,-3219,-5280,1092,pos,0 days 00:17:08.970000,0 days 01:12:45.578000
2024-05-19 13:20:25.804,OnTrack,-3151,-5311,1093,pos,0 days 00:17:09.210000,0 days 01:12:45.818000
2024-05-19 13:20:26.024,OnTrack,-3093,-5361,1096,pos,0 days 00:17:09.430000,0 days 01:12:46.038000
2024-05-19 13:20:26.204,OnTrack,-3050,-5407,1096,pos,0 days 00:17:09.610000,0 days 01:12:46.218000
2024-05-19 13:20:26.404,OnTrack,-3004,-5457,1096,pos,0 days 00:17:09.810000,0 days 01:12:46.418000
2024-05-19 13:20:26.564,OnTrack,-2968,-5491,1096,pos,0 days 00:17:09.970000,0 days 01:12:46.578000
2024-05-19 13:20:26.804,OnTrack,-2910,-5531,1096,pos,0 days 00:17:10.210000,0 days 01:12:46.818000
2024-05-19 13:20:26.985,OnTrack,-2862,-5552,1096,pos,0 days 00:17:10.391000,0 days 01:12:46.999000
2024-05-19 13:20:27.245,OnTrack,-2791,-5564,1094,pos,0 days 00:17:10.651000,0 days 01:12:47.259000
2024-05-19 13:20:27.425,OnTrack,-2742,-5558,1093,pos,0 days 00:17:10.831000,0 days 01:12:47.439000
2024-05-19 13:20:27.565,OnTrack,-2702,-5550,1093,pos,0 days 00:17:10.971000,0 days 01:12:47.579000
2024-05-19 13:20:27.865,OnTrack,-2617,-5527,1090,pos,0 days 00:17:11.271000,0 days 01:12:47.879000
2024-05-19 13:20:28.745,OnTrack,-2308,-5397,1084,pos,0 days 00:17:12.151000,0 days 01:12:48.759000
2024-05-19 13:20:29.145,OnTrack,-2207,-5345,1081,pos,0 days 00:17:12.551000,0 days 01:12:49.159000
2024-05-19 13:20:29.425,OnTrack,-2083,-5280,1078,pos,0 days 00:17:12.831000,0 days 01:12:49.439000
2024-05-19 13:20:29.725,OnTrack,-1976,-5223,1076,pos,0 days 00:17:13.131000,0 days 01:12:49.739000
2024-05-19 13:20:29.925,OnTrack,-1887,-5176,1074,pos,0 days 00:17:13.331000,0 days 01:12:49.939000
2024-05-19 13:20:30.085,OnTrack,-1813,-5137,1073,pos,0 days 00:17:13.491000,0 days 01:12:50.099000
2024-05-19 13:20:30.325,OnTrack,-1697,-5078,1070,pos,0 days 00:17:13.731000,0 days 01:12:50.339000
2024-05-19 13:20:30.625,OnTrack,-1533,-4998,1067,pos,0 days 00:17:14.031000,0 days 01:12:50.639000
2024-05-19 13:20:30.765,OnTrack,-1459,-4964,1066,pos,0 days 00:17:14.171000,0 days 01:12:50.779000
2024-05-19 13:20:30.985,OnTrack,-1343,-4911,1064,pos,0 days 00:17:14.391000,0 days 01:12:50.999000
2024-05-19 13:20:31.225,OnTrack,-1212,-4851,1061,pos,0 days 00:17:14.631000,0 days 01:12:51.239000
2024-05-19 13:20:31.405,OnTrack,-1114,-4802,1059,pos,0 days 00:17:14.811000,0 days 01:12:51.419000
2024-05-19 13:20:31.644,OnTrack,-979,-4730,1057,pos,0 days 00:17:15.050000,0 days 01:12:51.658000
2024-05-19 13:20:31.764,OnTrack,-912,-4690,1055,pos,0 days 00:17:15.170000,0 days 01:12:51.778000
2024-05-19 13:20:32.004,OnTrack,-778,-4605,1052,pos,0 days 00:17:15.410000,0 days 01:12:52.018000
2024-05-19 13:20:32.304,OnTrack,-543,-4441,1045,pos,0 days 00:17:15.710000,0 days 01:12:52.318000
2024-05-19 13:20:32.764,OnTrack,-353,-4299,1039,pos,0 days 00:17:16.170000,0 days 01:12:52.778000
2024-05-19 13:20:32.984,OnTrack,-196,-4175,1034,pos,0 days 00:17:16.390000,0 days 01:12:52.998000
2024-05-19 13:20:33.304,OnTrack,-53,-4053,1030,pos,0 days 00:17:16.710000,0 days 01:12:53.318000
2024-05-19 13:20:33.525,OnTrack,167,-3843,1024,pos,0 days 00:17:16.931000,0 days 01:12:53.539000
2024-05-19 13:20:33.885,OnTrack,296,-3707,1020,pos,0 days 00:17:17.291000,0 days 01:12:53.899000
2024-05-19 13:20:34.125,OnTrack,490,-3493,1013,pos,0 days 00:17:17.531000,0 days 01:12:54.139000
2024-05-19 13:20:34.525,OnTrack,623,-3345,1006,pos,0 days 00:17:17.931000,0 days 01:12:54.539000
2024-05-19 13:20:34.785,OnTrack,758,-3196,998,pos,0 days 00:17:18.191000,0 days 01:12:54.799000
2024-05-19 13:20:34.865,OnTrack,799,-3150,995,pos,0 days 00:17:18.271000,0 days 01:12:54.879000
2024-05-19 13:20:35.105,OnTrack,925,-3011,985,pos,0 days 00:17:18.511000,0 days 01:12:55.119000
2024-05-19 13:20:35.365,OnTrack,1126,-2788,969,pos,0 days 00:17:18.771000,0 days 01:12:55.379000
2024-05-19 13:20:35.845,OnTrack,1321,-2577,951,pos,0 days 00:17:19.251000,0 days 01:12:55.859000
2024-05-19 13:20:35.885,OnTrack,1343,-2553,949,pos,0 days 00:17:19.291000,0 days 01:12:55.899000
2024-05-19 13:20:36.085,OnTrack,1456,-2441,940,pos,0 days 00:17:19.491000,0 days 01:12:56.099000
2024-05-19 13:20:36.445,OnTrack,1707,-2244,919,pos,0 days 00:17:19.851000,0 days 01:12:56.459000
2024-05-19 13:20:36.705,OnTrack,1860,-2158,907,pos,0 days 00:17:20.111000,0 days 01:12:56.719000
2024-05-19 13:20:36.905,OnTrack,2023,-2084,893,pos,0 days 00:17:20.311000,0 days 01:12:56.919000
2024-05-19 13:20:37.245,OnTrack,2277,-1983,874,pos,0 days 00:17:20.651000,0 days 01:12:57.259000
2024-05-19 13:20:37.465,OnTrack,2483,-1899,858,pos,0 days 00:17:20.871000,0 days 01:12:57.479000
2024-05-19 13:20:37.745,OnTrack,2609,-1848,848,pos,0 days 00:17:21.151000,0 days 01:12:57.759000
2024-05-19 13:20:38.044,OnTrack,2843,-1752,832,pos,0 days 00:17:21.450000,0 days 01:12:58.058000
2024-05-19 13:20:38.444,OnTrack,3011,-1671,821,pos,0 days 00:17:21.850000,0 days 01:12:58.458000
2024-05-19 13:20:38.844,OnTrack,3089,-1611,816,pos,0 days 00:17:22.250000,0 days 01:12:58.858000
2024-05-19 13:20:39.164,OnTrack,3168,-1490,809,pos,0 days 00:17:22.570000,0 days 01:12:59.178000
2024-05-19 13:20:39.484,OnTrack,3186,-1419,806,pos,0 days 00:17:22.890000,0 days 01:12:59.498000
2024-05-19 13:20:39.664,OnTrack,3190,-1360,804,pos,0 days 00:17:23.070000,0 days 01:12:59.678000
2024-05-19 13:20:39.964,OnTrack,3181,-1265,801,pos,0 days 00:17:23.370000,0 days 01:12:59.978000
2024-05-19 13:20:40.065,OnTrack,3175,-1234,800,pos,0 days 00:17:23.471000,0 days 01:13:00.079000
2024-05-19 13:20:40.385,OnTrack,3134,-1091,796,pos,0 days 00:17:23.791000,0 days 01:13:00.399000
2024-05-19 13:20:40.825,OnTrack,3102,-994,794,pos,0 days 00:17:24.231000,0 days 01:13:00.839000
2024-05-19 13:20:40.925,OnTrack,3090,-960,794,pos,0 days 00:17:24.331000,0 days 01:13:00.939000
2024-05-19 13:20:41.125,OnTrack,3064,-893,793,pos,0 days 00:17:24.531000,0 days 01:13:01.139000
2024-05-19 13:20:41.385,OnTrack,3024,-799,792,pos,0 days 00:17:24.791000,0 days 01:13:01.399000
2024-05-19 13:20:41.545,OnTrack,2994,-737,791,pos,0 days 00:17:24.951000,0 days 01:13:01.559000
2024-05-19 13:20:41.905,OnTrack,2913,-599,790,pos,0 days 00:17:25.311000,0 days 01:13:01.919000
2024-05-19 13:20:41.985,OnTrack,2892,-570,790,pos,0 days 00:17:25.391000,0 days 01:13:01.999000
2024-05-19 13:20:42.205,OnTrack,2830,-501,789,pos,0 days 00:17:25.611000,0 days 01:13:02.219000
2024-05-19 13:20:42.505,OnTrack,2681,-405,787,pos,0 days 00:17:25.911000,0 days 01:13:02.519000
2024-05-19 13:20:42.785,OnTrack,2629,-386,787,pos,0 days 00:17:26.191000,0 days 01:13:02.799000
2024-05-19 13:20:43.125,OnTrack,2477,-361,786,pos,0 days 00:17:26.531000,0 days 01:13:03.139000
2024-05-19 13:20:43.505,OnTrack,2298,-369,785,pos,0 days 00:17:26.911000,0 days 01:13:03.519000
2024-05-19 13:20:43.865,OnTrack,2211,-388,784,pos,0 days 00:17:27.271000,0 days 01:13:03.879000
2024-05-19 13:20:44.145,OnTrack,2098,-428,783,pos,0 days 00:17:27.551000,0 days 01:13:04.159000
2024-05-19 13:20:44.365,OnTrack,2007,-468,782,pos,0 days 00:17:27.771000,0 days 01:13:04.379000
2024-05-19 13:20:44.525,OnTrack,1939,-500,781,pos,0 days 00:17:27.931000,0 days 01:13:04.539000
2024-05-19 13:20:44.744,OnTrack,1848,-543,780,pos,0 days 00:17:28.150000,0 days 01:13:04.758000
2024-05-19 13:20:45.024,OnTrack,1727,-598,779,pos,0 days 00:17:28.430000,0 days 01:13:05.038000
2024-05-19 13:20:45.104,OnTrack,1688,-616,779,pos,0 days 00:17:28.510000,0 days 01:13:05.118000
2024-05-19 13:20:45.344,OnTrack,1570,-670,778,pos,0 days 00:17:28.750000,0 days 01:13:05.358000
2024-05-19 13:20:45.584,OnTrack,1447,-725,778,pos,0 days 00:17:28.990000,0 days 01:13:05.598000
2024-05-19 13:20:45.744,OnTrack,1363,-764,778,pos,0 days 00:17:29.150000,0 days 01:13:05.758000
2024-05-19 13:20:45.924,OnTrack,1265,-808,778,pos,0 days 00:17:29.330000,0 days 01:13:05.938000
2024-05-19 13:20:46.264,OnTrack,996,-930,778,pos,0 days 00:17:29.670000,0 days 01:13:06.278000
2024-05-19 13:20:46.605,OnTrack,807,-1012,779,pos,0 days 00:17:30.011000,0 days 01:13:06.619000
2024-05-19 13:20:47.105,OnTrack,572,-1111,780,pos,0 days 00:17:30.511000,0 days 01:13:07.119000
2024-05-19 13:20:47.125,OnTrack,559,-1116,780,pos,0 days 00:17:30.531000,0 days 01:13:07.139000
2024-05-19 13:20:47.425,OnTrack,371,-1195,781,pos,0 days 00:17:30.831000,0 days 01:13:07.439000
2024-05-19 13:20:47.685,OnTrack,165,-1282,781,pos,0 days 00:17:31.091000,0 days 01:13:07.699000
2024-05-19 13:20:47.965,OnTrack,21,-1343,781,pos,0 days 00:17:31.371000,0 days 01:13:07.979000
2024-05-19 13:20:48.165,OnTrack,-112,-1396,781,pos,0 days 00:17:31.571000,0 days 01:13:08.179000
2024-05-19 13:20:48.445,OnTrack,-302,-1464,782,pos,0 days 00:17:31.851000,0 days 01:13:08.459000
2024-05-19 13:20:48.625,OnTrack,-429,-1502,782,pos,0 days 00:17:32.031000,0 days 01:13:08.639000
2024-05-19 13:20:48.865,OnTrack,-601,-1542,783,pos,0 days 00:17:32.271000,0 days 01:13:08.879000
2024-05-19 13:20:49.025,OnTrack,-718,-1562,783,pos,0 days 00:17:32.431000,0 days 01:13:09.039000
2024-05-19 13:20:49.225,OnTrack,-870,-1577,783,pos,0 days 00:17:32.631000,0 days 01:13:09.239000
2024-05-19 13:20:49.565,OnTrack,-1171,-1591,784,pos,0 days 00:17:32.971000,0 days 01:13:09.579000
2024-05-19 13:20:49.725,OnTrack,-1280,-1594,785,pos,0 days 00:17:33.131000,0 days 01:13:09.739000
2024-05-19 13:20:49.945,OnTrack,-1445,-1602,785,pos,0 days 00:17:33.351000,0 days 01:13:09.959000
2024-05-19 13:20:50.165,OnTrack,-1727,-1618,787,pos,0 days 00:17:33.571000,0 days 01:13:10.179000
2024-05-19 13:20:50.425,OnTrack,-1822,-1623,787,pos,0 days 00:17:33.831000,0 days 01:13:10.439000
2024-05-19 13:20:50.785,OnTrack,-2204,-1644,789,pos,0 days 00:17:34.191000,0 days 01:13:10.799000
2024-05-19 13:20:51.224,OnTrack,-2461,-1659,790,pos,0 days 00:17:34.630000,0 days 01:13:11.238000
2024-05-19 13:20:51.404,OnTrack,-2703,-1670,791,pos,0 days 00:17:34.810000,0 days 01:13:11.418000
2024-05-19 13:20:51.724,OnTrack,-2866,-1675,792,pos,0 days 00:17:35.130000,0 days 01:13:11.738000
2024-05-19 13:20:51.964,OnTrack,-3062,-1681,792,pos,0 days 00:17:35.370000,0 days 01:13:11.978000
2024-05-19 13:20:52.204,OnTrack,-3325,-1691,793,pos,0 days 00:17:35.610000,0 days 01:13:12.218000
2024-05-19 13:20:52.484,OnTrack,-3490,-1695,794,pos,0 days 00:17:35.890000,0 days 01:13:12.498000
2024-05-19 13:20:52.784,OnTrack,-3737,-1690,795,pos,0 days 00:17:36.190000,0 days 01:13:12.798000
2024-05-19 13:20:53.024,OnTrack,-3936,-1670,796,pos,0 days 00:17:36.430000,0 days 01:13:13.038000
2024-05-19 13:20:53.145,OnTrack,-4036,-1655,797,pos,0 days 00:17:36.551000,0 days 01:13:13.159000
2024-05-19 13:20:53.445,OnTrack,-4285,-1607,798,pos,0 days 00:17:36.851000,0 days 01:13:13.459000
2024-05-19 13:20:53.625,OnTrack,-4434,-1573,799,pos,0 days 00:17:37.031000,0 days 01:13:13.639000
2024-05-19 13:20:53.825,OnTrack,-4599,-1534,800,pos,0 days 00:17:37.231000,0 days 01:13:13.839000
2024-05-19 13:20:54.025,OnTrack,-4764,-1494,801,pos,0 days 00:17:37.431000,0 days 01:13:14.039000
2024-05-19 13:20:54.165,OnTrack,-4880,-1465,802,pos,0 days 00:17:37.571000,0 days 01:13:14.179000
2024-05-19 13:20:54.385,OnTrack,-5062,-1420,804,pos,0 days 00:17:37.791000,0 days 01:13:14.399000
2024-05-19 13:20:54.685,OnTrack,-5410,-1338,806,pos,0 days 00:17:38.091000,0 days 01:13:14.699000
2024-05-19 13:20:55.105,OnTrack,-5658,-1289,808,pos,0 days 00:17:38.511000,0 days 01:13:15.119000
2024-05-19 13:20:55.245,OnTrack,-5749,-1275,810,pos,0 days 00:17:38.651000,0 days 01:13:15.259000
2024-05-19 13:20:56.205,OnTrack,-6575,-1229,815,pos,0 days 00:17:39.611000,0 days 01:13:16.219000
2024-05-19 13:20:56.385,OnTrack,-6731,-1230,816,pos,0 days 00:17:39.791000,0 days 01:13:16.399000
2024-05-19 13:20:56.745,OnTrack,-7160,-1242,817,pos,0 days 00:17:40.151000,0 days 01:13:16.759000
2024-05-19 13:20:57.145,OnTrack,-7382,-1257,818,pos,0 days 00:17:40.551000,0 days 01:13:17.159000
2024-05-19 13:20:57.245,OnTrack,-7467,-1264,818,pos,0 days 00:17:40.651000,0 days 01:13:17.259000
2024-05-19 13:20:57.585,OnTrack,-7807,-1299,818,pos,0 days 00:17:40.991000,0 days 01:13:17.599000
2024-05-19 13:20:57.844,OnTrack,-8084,-1333,818,pos,0 days 00:17:41.250000,0 days 01:13:17.858000
2024-05-19 13:20:58.164,OnTrack,-8353,-1369,819,pos,0 days 00:17:41.570000,0 days 01:13:18.178000
2024-05-19 13:20:58.244,OnTrack,-8420,-1378,819,pos,0 days 00:17:41.650000,0 days 01:13:18.258000
2024-05-19 13:20:58.624,OnTrack,-8737,-1422,819,pos,0 days 00:17:42.030000,0 days 01:13:18.638000
2024-05-19 13:20:58.844,OnTrack,-8937,-1450,819,pos,0 days 00:17:42.250000,0 days 01:13:18.858000
2024-05-19 13:20:59.164,OnTrack,-9183,-1492,819,pos,0 days 00:17:42.570000,0 days 01:13:19.178000
2024-05-19 13:20:59.304,OnTrack,-9293,-1517,819,pos,0 days 00:17:42.710000,0 days 01:13:19.318000
2024-05-19 13:20:59.604,OnTrack,-9595,-1605,819,pos,0 days 00:17:43.010000,0 days 01:13:19.618000
2024-05-19 13:20:59.925,OnTrack,-9745,-1653,818,pos,0 days 00:17:43.331000,0 days 01:13:19.939000
2024-05-19 13:21:00.125,OnTrack,-9865,-1691,818,pos,0 days 00:17:43.531000,0 days 01:13:20.139000
2024-05-19 13:21:00.385,OnTrack,-10005,-1734,819,pos,0 days 00:17:43.791000,0 days 01:13:20.399000
2024-05-19 13:21:00.545,OnTrack,-10084,-1758,818,pos,0 days 00:17:43.951000,0 days 01:13:20.559000
2024-05-19 13:21:00.745,OnTrack,-10175,-1789,818,pos,0 days 00:17:44.151000,0 days 01:13:20.759000
2024-05-19 13:21:01.025,OnTrack,-10314,-1883,818,pos,0 days 00:17:44.431000,0 days 01:13:21.039000
2024-05-19 13:21:01.525,OnTrack,-10388,-2025,818,pos,0 days 00:17:44.931000,0 days 01:13:21.539000
2024-05-19 13:21:01.925,OnTrack,-10450,-2235,819,pos,0 days 00:17:45.331000,0 days 01:13:21.939000
2024-05-19 13:21:02.325,OnTrack,-10504,-2344,819,pos,0 days 00:17:45.731000,0 days 01:13:22.339000
2024-05-19 13:21:02.425,OnTrack,-10530,-2382,818,pos,0 days 00:17:45.831000,0 days 01:13:22.439000
2024-05-19 13:21:02.685,OnTrack,-10615,-2471,818,pos,0 days 00:17:46.091000,0 days 01:13:22.699000
2024-05-19 13:21:02.925,OnTrack,-10748,-2568,819,pos,0 days 00:17:46.331000,0 days 01:13:22.939000
2024-05-19 13:21:03.265,OnTrack,-10850,-2630,820,pos,0 days 00:17:46.671000,0 days 01:13:23.279000
2024-05-19 13:21:03.525,OnTrack,-11000,-2717,821,pos,0 days 00:17:46.931000,0 days 01:13:23.539000
2024-05-19 13:21:03.905,OnTrack,-11138,-2797,822,pos,0 days 00:17:47.311000,0 days 01:13:23.919000
2024-05-19 13:21:04.145,OnTrack,-11253,-2865,823,pos,0 days 00:17:47.551000,0 days 01:13:24.159000
2024-05-19 13:21:04.345,OnTrack,-11351,-2925,824,pos,0 days 00:17:47.751000,0 days 01:13:24.359000
2024-05-19 13:21:04.424,OnTrack,-11391,-2951,824,pos,0 days 00:17:47.830000,0 days 01:13:24.438000
2024-05-19 13:21:04.664,OnTrack,-11505,-3035,825,pos,0 days 00:17:48.070000,0 days 01:13:24.678000
2024-05-19 13:21:04.844,OnTrack,-11583,-3108,825,pos,0 days 00:17:48.250000,0 days 01:13:24.858000
2024-05-19 13:21:05.124,OnTrack,-11733,-3321,826,pos,0 days 00:17:48.530000,0 days 01:13:25.138000
2024-05-19 13:21:05.464,OnTrack,-11780,-3423,826,pos,0 days 00:17:48.870000,0 days 01:13:25.478000
2024-05-19 13:21:05.724,OnTrack,-11844,-3581,827,pos,0 days 00:17:49.130000,0 days 01:13:25.738000
2024-05-19 13:21:06.024,OnTrack,-11927,-3804,828,pos,0 days 00:17:49.430000,0 days 01:13:26.038000
2024-05-19 13:21:06.325,OnTrack,-11984,-3955,828,pos,0 days 00:17:49.731000,0 days 01:13:26.339000
2024-05-19 13:21:06.665,OnTrack,-12066,-4176,829,pos,0 days 00:17:50.071000,0 days 01:13:26.679000
2024-05-19 13:21:06.865,OnTrack,-12117,-4308,829,pos,0 days 00:17:50.271000,0 days 01:13:26.879000
2024-05-19 13:21:07.025,OnTrack,-12156,-4415,830,pos,0 days 00:17:50.431000,0 days 01:13:27.039000
2024-05-19 13:21:07.245,OnTrack,-12213,-4563,830,pos,0 days 00:17:50.651000,0 days 01:13:27.259000
2024-05-19 13:21:07.425,OnTrack,-12258,-4686,830,pos,0 days 00:17:50.831000,0 days 01:13:27.439000
2024-05-19 13:21:07.545,OnTrack,-12289,-4768,831,pos,0 days 00:17:50.951000,0 days 01:13:27.559000
2024-05-19 13:21:07.725,OnTrack,-12336,-4893,831,pos,0 days 00:17:51.131000,0 days 01:13:27.739000
2024-05-19 13:21:07.925,OnTrack,-12389,-5033,831,pos,0 days 00:17:51.331000,0 days 01:13:27.939000
2024-05-19 13:21:08.165,OnTrack,-12452,-5202,832,pos,0 days 00:17:51.571000,0 days 01:13:28.179000
2024-05-19 13:21:08.325,OnTrack,-12495,-5316,832,pos,0 days 00:17:51.731000,0 days 01:13:28.339000
2024-05-19 13:21:08.585,OnTrack,-12565,-5503,833,pos,0 days 00:17:51.991000,0 days 01:13:28.599000
2024-05-19 13:21:08.845,OnTrack,-12636,-5692,833,pos,0 days 00:17:52.251000,0 days 01:13:28.859000
2024-05-19 13:21:09.045,OnTrack,-12730,-5940,833,pos,0 days 00:17:52.451000,0 days 01:13:29.059000
2024-05-19 13:21:09.385,OnTrack,-12786,-6087,834,pos,0 days 00:17:52.791000,0 days 01:13:29.399000
2024-05-19 13:21:09.645,OnTrack,-12861,-6276,835,pos,0 days 00:17:53.051000,0 days 01:13:29.659000
2024-05-19 13:21:09.805,OnTrack,-12909,-6392,835,pos,0 days 00:17:53.211000,0 days 01:13:29.819000
2024-05-19 13:21:10.145,OnTrack,-13044,-6709,836,pos,0 days 00:17:53.551000,0 days 01:13:30.159000
2024-05-19 13:21:10.505,OnTrack,-13113,-6890,837,pos,0 days 00:17:53.911000,0 days 01:13:30.519000
2024-05-19 13:21:10.765,OnTrack,-13162,-7125,838,pos,0 days 00:17:54.171000,0 days 01:13:30.779000
2024-05-19 13:21:11.064,OnTrack,-13160,-7256,838,pos,0 days 00:17:54.470000,0 days 01:13:31.078000
2024-05-19 13:21:11.304,OnTrack,-13139,-7412,840,pos,0 days 00:17:54.710000,0 days 01:13:31.318000
2024-05-19 13:21:11.604,OnTrack,-13098,-7596,841,pos,0 days 00:17:55.010000,0 days 01:13:31.618000
2024-05-19 13:21:11.764,OnTrack,-13063,-7740,842,pos,0 days 00:17:55.170000,0 days 01:13:31.778000
2024-05-19 13:21:12.144,OnTrack,-13033,-7882,843,pos,0 days 00:17:55.550000,0 days 01:13:32.158000
2024-05-19 13:21:12.324,OnTrack,-13024,-7967,843,pos,0 days 00:17:55.730000,0 days 01:13:32.338000
2024-05-19 13:21:12.544,OnTrack,-13031,-8062,844,pos,0 days 00:17:55.950000,0 days 01:13:32.558000
2024-05-19 13:21:12.865,OnTrack,-13086,-8190,846,pos,0 days 00:17:56.271000,0 days 01:13:32.879000
2024-05-19 13:21:13.045,OnTrack,-13168,-8281,847,pos,0 days 00:17:56.451000,0 days 01:13:33.059000
2024-05-19 13:21:13.405,OnTrack,-13273,-8372,848,pos,0 days 00:17:56.811000,0 days 01:13:33.419000
2024-05-19 13:21:13.725,OnTrack,-13438,-8512,850,pos,0 days 00:17:57.131000,0 days 01:13:33.739000
2024-05-19 13:21:14.065,OnTrack,-13525,-8586,851,pos,0 days 00:17:57.471000,0 days 01:13:34.079000
2024-05-19 13:21:14.165,OnTrack,-13565,-8620,851,pos,0 days 00:17:57.571000,0 days 01:13:34.179000
2024-05-19 13:21:14.445,OnTrack,-13680,-8718,853,pos,0 days 00:17:57.851000,0 days 01:13:34.459000
2024-05-19 13:21:14.685,OnTrack,-13783,-8805,855,pos,0 days 00:17:58.091000,0 days 01:13:34.699000
2024-05-19 13:21:14.965,OnTrack,-13936,-8933,858,pos,0 days 00:17:58.371000,0 days 01:13:34.979000
2024-05-19 13:21:15.365,OnTrack,-14071,-9057,861,pos,0 days 00:17:58.771000,0 days 01:13:35.379000
2024-05-19 13:21:15.565,OnTrack,-14160,-9143,865,pos,0 days 00:17:58.971000,0 days 01:13:35.579000
2024-05-19 13:21:15.785,OnTrack,-14283,-9267,870,pos,0 days 00:17:59.191000,0 days 01:13:35.799000
2024-05-19 13:21:16.185,OnTrack,-14498,-9477,880,pos,0 days 00:17:59.591000,0 days 01:13:36.199000
2024-05-19 13:21:16.585,OnTrack,-14608,-9579,885,pos,0 days 00:17:59.991000,0 days 01:13:36.599000
2024-05-19 13:21:16.805,OnTrack,-14689,-9657,888,pos,0 days 00:18:00.211000,0 days 01:13:36.819000
2024-05-19 13:21:16.965,OnTrack,-14783,-9758,894,pos,0 days 00:18:00.371000,0 days 01:13:36.979000
2024-05-19 13:21:17.445,OnTrack,-14861,-9867,898,pos,0 days 00:18:00.851000,0 days 01:13:37.459000
2024-05-19 13:21:17.604,OnTrack,-14886,-9919,899,pos,0 days 00:18:01.010000,0 days 01:13:37.618000
2024-05-19 13:21:17.724,OnTrack,-14900,-9958,901,pos,0 days 00:18:01.130000,0 days 01:13:37.738000
2024-05-19 13:21:17.944,OnTrack,-14914,-10028,903,pos,0 days 00:18:01.350000,0 days 01:13:37.958000
2024-05-19 13:21:18.164,OnTrack,-14914,-10095,906,pos,0 days 00:18:01.570000,0 days 01:13:38.178000
2024-05-19 13:21:18.324,OnTrack,-14904,-10141,908,pos,0 days 00:18:01.730000,0 days 01:13:38.338000
2024-05-19 13:21:18.584,OnTrack,-14874,-10210,912,pos,0 days 00:18:01.990000,0 days 01:13:38.598000
2024-05-19 13:21:18.884,OnTrack,-14822,-10274,916,pos,0 days 00:18:02.290000,0 days 01:13:38.898000
2024-05-19 13:21:19.044,OnTrack,-14790,-10302,919,pos,0 days 00:18:02.450000,0 days 01:13:39.058000
2024-05-19 13:21:19.224,OnTrack,-14752,-10328,921,pos,0 days 00:18:02.630000,0 days 01:13:39.238000
2024-05-19 13:21:19.424,OnTrack,-14706,-10352,923,pos,0 days 00:18:02.830000,0 days 01:13:39.438000
2024-05-19 13:21:19.625,OnTrack,-14656,-10371,925,pos,0 days 00:18:03.031000,0 days 01:13:39.639000
2024-05-19 13:21:19.965,OnTrack,-14526,-10394,933,pos,0 days 00:18:03.371000,0 days 01:13:39.979000
2024-05-19 13:21:20.245,OnTrack,-14485,-10395,935,pos,0 days 00:18:03.651000,0 days 01:13:40.259000
2024-05-19 13:21:20.465,OnTrack,-14418,-10394,938,pos,0 days 00:18:03.871000,0 days 01:13:40.479000
2024-05-19 13:21:20.745,OnTrack,-14327,-10386,942,pos,0 days 00:18:04.151000,0 days 01:13:40.759000
2024-05-19 13:21:20.825,OnTrack,-14300,-10383,944,pos,0 days 00:18:04.231000,0 days 01:13:40.839000
2024-05-19 13:21:21.125,OnTrack,-14162,-10362,950,pos,0 days 00:18:04.531000,0 days 01:13:41.139000
2024-05-19 13:21:21.425,OnTrack,-14073,-10346,954,pos,0 days 00:18:04.831000,0 days 01:13:41.439000
2024-05-19 13:21:21.685,OnTrack,-13962,-10324,959,pos,0 days 00:18:05.091000,0 days 01:13:41.699000
2024-05-19 13:21:22.005,OnTrack,-13815,-10294,965,pos,0 days 00:18:05.411000,0 days 01:13:42.019000
2024-05-19 13:21:22.225,OnTrack,-13687,-10268,971,pos,0 days 00:18:05.631000,0 days 01:13:42.239000
2024-05-19 13:21:22.585,OnTrack,-13522,-10236,978,pos,0 days 00:18:05.991000,0 days 01:13:42.599000
2024-05-19 13:21:22.745,OnTrack,-13358,-10206,984,pos,0 days 00:18:06.151000,0 days 01:13:42.759000
2024-05-19 13:21:23.165,OnTrack,-13129,-10166,992,pos,0 days 00:18:06.571000,0 days 01:13:43.179000
2024-05-19 13:21:23.585,OnTrack,-12949,-10135,998,pos,0 days 00:18:06.991000,0 days 01:13:43.599000
2024-05-19 13:21:23.745,OnTrack,-12850,-10120,1002,pos,0 days 00:18:07.151000,0 days 01:13:43.759000
2024-05-19 13:21:23.905,OnTrack,-12750,-10105,1005,pos,0 days 00:18:07.311000,0 days 01:13:43.919000
2024-05-19 13:21:24.164,OnTrack,-12584,-10080,1010,pos,0 days 00:18:07.570000,0 days 01:13:44.178000
2024-05-19 13:21:24.444,OnTrack,-12401,-10054,1017,pos,0 days 00:18:07.850000,0 days 01:13:44.458000
2024-05-19 13:21:24.624,OnTrack,-12281,-10037,1022,pos,0 days 00:18:08.030000,0 days 01:13:44.638000
2024-05-19 13:21:24.824,OnTrack,-12146,-10019,1029,pos,0 days 00:18:08.230000,0 days 01:13:44.838000
2024-05-19 13:21:25.124,OnTrack,-11912,-9987,1045,pos,0 days 00:18:08.530000,0 days 01:13:45.138000
2024-05-19 13:21:25.344,OnTrack,-11791,-9972,1053,pos,0 days 00:18:08.750000,0 days 01:13:45.358000
2024-05-19 13:21:25.704,OnTrack,-11536,-9945,1070,pos,0 days 00:18:09.110000,0 days 01:13:45.718000
2024-05-19 13:21:25.804,OnTrack,-11464,-9938,1074,pos,0 days 00:18:09.210000,0 days 01:13:45.818000
2024-05-19 13:21:26.105,OnTrack,-11247,-9924,1087,pos,0 days 00:18:09.511000,0 days 01:13:46.119000
2024-05-19 13:21:26.345,OnTrack,-11012,-9918,1101,pos,0 days 00:18:09.751000,0 days 01:13:46.359000
2024-05-19 13:21:26.625,OnTrack,-10864,-9919,1110,pos,0 days 00:18:10.031000,0 days 01:13:46.639000
2024-05-19 13:21:26.945,OnTrack,-10627,-9929,1119,pos,0 days 00:18:10.351000,0 days 01:13:46.959000
2024-05-19 13:21:27.045,OnTrack,-10553,-9935,1121,pos,0 days 00:18:10.451000,0 days 01:13:47.059000
2024-05-19 13:21:27.365,OnTrack,-10210,-9971,1122,pos,0 days 00:18:10.771000,0 days 01:13:47.379000
2024-05-19 13:21:27.645,OnTrack,-10106,-9983,1121,pos,0 days 00:18:11.051000,0 days 01:13:47.659000
2024-05-19 13:21:27.965,OnTrack,-9808,-10017,1119,pos,0 days 00:18:11.371000,0 days 01:13:47.979000
2024-05-19 13:21:28.365,OnTrack,-9571,-10044,1117,pos,0 days 00:18:11.771000,0 days 01:13:48.379000
2024-05-19 13:21:28.605,OnTrack,-9403,-10061,1115,pos,0 days 00:18:12.011000,0 days 01:13:48.619000
2024-05-19 13:21:28.805,OnTrack,-9272,-10070,1115,pos,0 days 00:18:12.211000,0 days 01:13:48.819000
2024-05-19 13:21:28.985,OnTrack,-9177,-10070,1114,pos,0 days 00:18:12.391000,0 days 01:13:48.999000
2024-05-19 13:21:29.065,OnTrack,-9131,-10069,1114,pos,0 days 00:18:12.471000,0 days 01:13:49.079000
2024-05-19 13:21:29.345,OnTrack,-8978,-10043,1114,pos,0 days 00:18:12.751000,0 days 01:13:49.359000
2024-05-19 13:21:29.525,OnTrack,-8885,-10008,1114,pos,0 days 00:18:12.931000,0 days 01:13:49.539000
2024-05-19 13:21:29.705,OnTrack,-8799,-9960,1113,pos,0 days 00:18:13.111000,0 days 01:13:49.719000
2024-05-19 13:21:30.005,OnTrack,-8650,-9819,1108,pos,0 days 00:18:13.411000,0 days 01:13:50.019000
2024-05-19 13:21:30.465,OnTrack,-8538,-9632,1102,pos,0 days 00:18:13.871000,0 days 01:13:50.479000
2024-05-19 13:21:30.625,OnTrack,-8474,-9507,1097,pos,0 days 00:18:14.031000,0 days 01:13:50.639000
2024-05-19 13:21:30.964,OnTrack,-8408,-9369,1093,pos,0 days 00:18:14.370000,0 days 01:13:50.978000
2024-05-19 13:21:31.244,OnTrack,-8322,-9153,1085,pos,0 days 00:18:14.650000,0 days 01:13:51.258000
2024-05-19 13:21:31.544,OnTrack,-8287,-9033,1081,pos,0 days 00:18:14.950000,0 days 01:13:51.558000
2024-05-19 13:21:31.744,OnTrack,-8261,-8908,1076,pos,0 days 00:18:15.150000,0 days 01:13:51.758000
2024-05-19 13:21:31.944,OnTrack,-8245,-8779,1070,pos,0 days 00:18:15.350000,0 days 01:13:51.958000
2024-05-19 13:21:32.204,OnTrack,-8237,-8606,1060,pos,0 days 00:18:15.610000,0 days 01:13:52.218000
2024-05-19 13:21:32.484,OnTrack,-8245,-8416,1047,pos,0 days 00:18:15.890000,0 days 01:13:52.498000
2024-05-19 13:21:32.645,OnTrack,-8255,-8313,1040,pos,0 days 00:18:16.051000,0 days 01:13:52.659000
2024-05-19 13:21:32.945,OnTrack,-8281,-8116,1020,pos,0 days 00:18:16.351000,0 days 01:13:52.959000
2024-05-19 13:21:33.145,OnTrack,-8306,-7976,1008,pos,0 days 00:18:16.551000,0 days 01:13:53.159000
2024-05-19 13:21:33.325,OnTrack,-8332,-7848,997,pos,0 days 00:18:16.731000,0 days 01:13:53.339000
2024-05-19 13:21:33.505,OnTrack,-8360,-7721,988,pos,0 days 00:18:16.911000,0 days 01:13:53.519000
2024-05-19 13:21:33.705,OnTrack,-8413,-7492,971,pos,0 days 00:18:17.111000,0 days 01:13:53.719000
2024-05-19 13:21:34.045,OnTrack,-8449,-7333,962,pos,0 days 00:18:17.451000,0 days 01:13:54.059000
2024-05-19 13:21:34.265,OnTrack,-8486,-7173,953,pos,0 days 00:18:17.671000,0 days 01:13:54.279000
2024-05-19 13:21:34.565,OnTrack,-8559,-6851,936,pos,0 days 00:18:17.971000,0 days 01:13:54.579000
2024-05-19 13:21:34.965,OnTrack,-8623,-6559,921,pos,0 days 00:18:18.371000,0 days 01:13:54.979000
2024-05-19 13:21:35.445,OnTrack,-8654,-6276,908,pos,0 days 00:18:18.851000,0 days 01:13:55.459000
2024-05-19 13:21:35.805,OnTrack,-8598,-6025,900,pos,0 days 00:18:19.211000,0 days 01:13:55.819000
2024-05-19 13:21:36.085,OnTrack,-8548,-5912,897,pos,0 days 00:18:19.491000,0 days 01:13:56.099000
2024-05-19 13:21:36.445,OnTrack,-8404,-5650,897,pos,0 days 00:18:19.851000,0 days 01:13:56.459000
2024-05-19 13:21:36.705,OnTrack,-8372,-5599,897,pos,0 days 00:18:20.111000,0 days 01:13:56.719000
2024-05-19 13:21:37.025,OnTrack,-8261,-5449,902,pos,0 days 00:18:20.431000,0 days 01:13:57.039000
2024-05-19 13:21:37.344,OnTrack,-8199,-5391,903,pos,0 days 00:18:20.750000,0 days 01:13:57.358000
2024-05-19 13:21:37.544,OnTrack,-8137,-5354,906,pos,0 days 00:18:20.950000,0 days 01:13:57.558000
2024-05-19 13:21:37.784,OnTrack,-8055,-5328,909,pos,0 days 00:18:21.190000,0 days 01:13:57.798000
2024-05-19 13:21:37.984,OnTrack,-7985,-5326,915,pos,0 days 00:18:21.390000,0 days 01:13:57.998000
2024-05-19 13:21:38.324,OnTrack,-7816,-5359,928,pos,0 days 00:18:21.730000,0 days 01:13:58.338000
2024-05-19 13:21:38.704,OnTrack,-7698,-5391,940,pos,0 days 00:18:22.110000,0 days 01:13:58.718000
2024-05-19 13:21:39.024,OnTrack,-7618,-5409,947,pos,0 days 00:18:22.430000,0 days 01:13:59.038000
2024-05-19 13:21:39.185,OnTrack,-7556,-5420,953,pos,0 days 00:18:22.591000,0 days 01:13:59.199000
2024-05-19 13:21:39.525,OnTrack,-7374,-5439,968,pos,0 days 00:18:22.931000,0 days 01:13:59.539000
2024-05-19 13:21:39.785,OnTrack,-7308,-5442,974,pos,0 days 00:18:23.191000,0 days 01:13:59.799000
2024-05-19 13:21:40.165,OnTrack,-7126,-5443,989,pos,0 days 00:18:23.571000,0 days 01:14:00.179000
2024-05-19 13:21:40.365,OnTrack,-6962,-5442,1000,pos,0 days 00:18:23.771000,0 days 01:14:00.379000
2024-05-19 13:21:40.665,OnTrack,-6866,-5441,1006,pos,0 days 00:18:24.071000,0 days 01:14:00.679000
2024-05-19 13:21:40.985,OnTrack,-6621,-5439,1019,pos,0 days 00:18:24.391000,0 days 01:14:00.999000
2024-05-19 13:21:41.285,OnTrack,-6516,-5438,1024,pos,0 days 00:18:24.691000,0 days 01:14:01.299000
2024-05-19 13:21:41.605,OnTrack,-6274,-5436,1032,pos,0 days 00:18:25.011000,0 days 01:14:01.619000
2024-05-19 13:21:41.945,OnTrack,-6111,-5434,1036,pos,0 days 00:18:25.351000,0 days 01:14:01.959000
2024-05-19 13:21:42.765,OnTrack,-5493,-5429,1054,pos,0 days 00:18:26.171000,0 days 01:14:02.779000
2024-05-19 13:21:43.065,OnTrack,-5369,-5427,1058,pos,0 days 00:18:26.471000,0 days 01:14:03.079000
2024-05-19 13:21:43.405,OnTrack,-5080,-5415,1066,pos,0 days 00:18:26.811000,0 days 01:14:03.419000
2024-05-19 13:21:43.765,OnTrack,-4869,-5396,1072,pos,0 days 00:18:27.171000,0 days 01:14:03.779000
2024-05-19 13:21:44.004,OnTrack,-4699,-5381,1076,pos,0 days 00:18:27.410000,0 days 01:14:04.018000
2024-05-19 13:21:44.164,OnTrack,-4586,-5371,1079,pos,0 days 00:18:27.570000,0 days 01:14:04.178000
2024-05-19 13:21:44.344,OnTrack,-4458,-5360,1081,pos,0 days 00:18:27.750000,0 days 01:14:04.358000
2024-05-19 13:21:44.624,OnTrack,-4258,-5343,1083,pos,0 days 00:18:28.030000,0 days 01:14:04.638000
2024-05-19 13:21:44.804,OnTrack,-4130,-5333,1084,pos,0 days 00:18:28.210000,0 days 01:14:04.818000
2024-05-19 13:21:44.984,OnTrack,-4002,-5322,1085,pos,0 days 00:18:28.390000,0 days 01:14:04.998000
2024-05-19 13:21:45.204,OnTrack,-3851,-5310,1086,pos,0 days 00:18:28.610000,0 days 01:14:05.218000
2024-05-19 13:21:45.444,OnTrack,-3702,-5298,1087,pos,0 days 00:18:28.850000,0 days 01:14:05.458000
2024-05-19 13:21:45.704,OnTrack,-3490,-5281,1087,pos,0 days 00:18:29.110000,0 days 01:14:05.718000
2024-05-19 13:21:45.985,OnTrack,-3424,-5277,1088,pos,0 days 00:18:29.391000,0 days 01:14:05.999000
2024-05-19 13:21:46.165,OnTrack,-3345,-5273,1090,pos,0 days 00:18:29.571000,0 days 01:14:06.179000
2024-05-19 13:21:46.405,OnTrack,-3256,-5275,1091,pos,0 days 00:18:29.811000,0 days 01:14:06.419000
2024-05-19 13:21:46.565,OnTrack,-3206,-5284,1092,pos,0 days 00:18:29.971000,0 days 01:14:06.579000
2024-05-19 13:21:46.865,OnTrack,-3119,-5336,1095,pos,0 days 00:18:30.271000,0 days 01:14:06.879000
2024-05-19 13:21:47.025,OnTrack,-3078,-5376,1096,pos,0 days 00:18:30.431000,0 days 01:14:07.039000
2024-05-19 13:21:47.225,OnTrack,-3031,-5428,1096,pos,0 days 00:18:30.631000,0 days 01:14:07.239000
2024-05-19 13:21:47.465,OnTrack,-2977,-5483,1096,pos,0 days 00:18:30.871000,0 days 01:14:07.479000
2024-05-19 13:21:47.705,OnTrack,-2921,-5525,1096,pos,0 days 00:18:31.111000,0 days 01:14:07.719000
2024-05-19 13:21:47.905,OnTrack,-2869,-5549,1096,pos,0 days 00:18:31.311000,0 days 01:14:07.919000
2024-05-19 13:21:48.125,OnTrack,-2810,-5563,1095,pos,0 days 00:18:31.531000,0 days 01:14:08.139000
2024-05-19 13:21:48.285,OnTrack,-2768,-5562,1094,pos,0 days 00:18:31.691000,0 days 01:14:08.299000
2024-05-19 13:21:48.605,OnTrack,-2658,-5539,1092,pos,0 days 00:18:32.011000,0 days 01:14:08.619000
2024-05-19 13:21:48.845,OnTrack,-2613,-5525,1091,pos,0 days 00:18:32.251000,0 days 01:14:08.859000
2024-05-19 13:21:49.145,OnTrack,-2492,-5481,1088,pos,0 days 00:18:32.551000,0 days 01:14:09.159000
2024-05-19 13:21:49.505,OnTrack,-2418,-5449,1086,pos,0 days 00:18:32.911000,0 days 01:14:09.519000
2024-05-19 13:21:49.805,OnTrack,-2319,-5402,1084,pos,0 days 00:18:33.211000,0 days 01:14:09.819000
2024-05-19 13:21:49.985,OnTrack,-2255,-5370,1082,pos,0 days 00:18:33.391000,0 days 01:14:09.999000
2024-05-19 13:21:50.265,OnTrack,-2120,-5299,1079,pos,0 days 00:18:33.671000,0 days 01:14:10.279000
2024-05-19 13:21:50.644,OnTrack,-1951,-5210,1076,pos,0 days 00:18:34.050000,0 days 01:14:10.658000
2024-05-19 13:21:51.064,OnTrack,-1788,-5124,1072,pos,0 days 00:18:34.470000,0 days 01:14:11.078000
2024-05-19 13:21:51.504,OnTrack,-1576,-5019,1068,pos,0 days 00:18:34.910000,0 days 01:14:11.518000
2024-05-19 13:21:51.684,OnTrack,-1480,-4974,1067,pos,0 days 00:18:35.090000,0 days 01:14:11.698000
2024-05-19 13:21:51.924,OnTrack,-1350,-4915,1064,pos,0 days 00:18:35.330000,0 days 01:14:11.938000
2024-05-19 13:21:52.084,OnTrack,-1217,-4853,1062,pos,0 days 00:18:35.490000,0 days 01:14:12.098000
2024-05-19 13:21:52.505,OnTrack,-958,-4717,1056,pos,0 days 00:18:35.911000,0 days 01:14:12.519000
2024-05-19 13:21:52.845,OnTrack,-835,-4642,1053,pos,0 days 00:18:36.251000,0 days 01:14:12.859000
2024-05-19 13:21:53.045,OnTrack,-723,-4568,1050,pos,0 days 00:18:36.451000,0 days 01:14:13.059000
2024-05-19 13:21:53.205,OnTrack,-634,-4506,1047,pos,0 days 00:18:36.611000,0 days 01:14:13.219000
2024-05-19 13:21:53.505,OnTrack,-398,-4333,1040,pos,0 days 00:18:36.911000,0 days 01:14:13.519000
2024-05-19 13:21:53.985,OnTrack,-185,-4166,1034,pos,0 days 00:18:37.391000,0 days 01:14:13.999000
2024-05-19 13:21:54.365,OnTrack,12,-3994,1029,pos,0 days 00:18:37.771000,0 days 01:14:14.379000
2024-05-19 13:21:54.425,OnTrack,44,-3963,1028,pos,0 days 00:18:37.831000,0 days 01:14:14.439000
2024-05-19 13:21:54.705,OnTrack,192,-3817,1024,pos,0 days 00:18:38.111000,0 days 01:14:14.719000
2024-05-19 13:21:54.985,OnTrack,387,-3607,1017,pos,0 days 00:18:38.391000,0 days 01:14:14.999000
2024-05-19 13:21:55.305,OnTrack,499,-3482,1012,pos,0 days 00:18:38.711000,0 days 01:14:15.319000
2024-05-19 13:21:55.485,OnTrack,592,-3379,1007,pos,0 days 00:18:38.891000,0 days 01:14:15.499000
2024-05-19 13:21:55.805,OnTrack,821,-3125,994,pos,0 days 00:18:39.211000,0 days 01:14:15.819000
2024-05-19 13:21:56.205,OnTrack,969,-2962,982,pos,0 days 00:18:39.611000,0 days 01:14:16.219000
2024-05-19 13:21:56.385,OnTrack,1064,-2856,974,pos,0 days 00:18:39.791000,0 days 01:14:16.399000
2024-05-19 13:21:56.565,OnTrack,1160,-2750,966,pos,0 days 00:18:39.971000,0 days 01:14:16.579000
2024-05-19 13:21:56.765,OnTrack,1269,-2632,957,pos,0 days 00:18:40.171000,0 days 01:14:16.779000
2024-05-19 13:21:57.764,OnTrack,2055,-2071,891,pos,0 days 00:18:41.170000,0 days 01:14:17.778000
2024-05-19 13:21:58.164,OnTrack,2248,-1994,877,pos,0 days 00:18:41.570000,0 days 01:14:18.178000
2024-05-19 13:21:58.404,OnTrack,2417,-1926,863,pos,0 days 00:18:41.810000,0 days 01:14:18.418000
2024-05-19 13:21:58.524,OnTrack,2497,-1894,857,pos,0 days 00:18:41.930000,0 days 01:14:18.538000
2024-05-19 13:21:58.844,OnTrack,2730,-1799,840,pos,0 days 00:18:42.250000,0 days 01:14:18.858000
2024-05-19 13:21:59.125,OnTrack,2837,-1754,833,pos,0 days 00:18:42.531000,0 days 01:14:19.139000
2024-05-19 13:21:59.405,OnTrack,2957,-1700,825,pos,0 days 00:18:42.811000,0 days 01:14:19.419000
2024-05-19 13:21:59.605,OnTrack,3028,-1660,820,pos,0 days 00:18:43.011000,0 days 01:14:19.619000
2024-05-19 13:21:59.885,OnTrack,3133,-1557,812,pos,0 days 00:18:43.291000,0 days 01:14:19.899000
2024-05-19 13:22:00.185,OnTrack,3159,-1510,810,pos,0 days 00:18:43.591000,0 days 01:14:20.199000
2024-05-19 13:22:00.485,OnTrack,3187,-1415,806,pos,0 days 00:18:43.891000,0 days 01:14:20.499000
2024-05-19 13:22:00.665,OnTrack,3190,-1356,804,pos,0 days 00:18:44.071000,0 days 01:14:20.679000
2024-05-19 13:22:00.865,OnTrack,3185,-1292,801,pos,0 days 00:18:44.271000,0 days 01:14:20.879000
2024-05-19 13:22:01.125,OnTrack,3166,-1197,799,pos,0 days 00:18:44.531000,0 days 01:14:21.139000
2024-05-19 13:22:01.405,OnTrack,3144,-1121,797,pos,0 days 00:18:44.811000,0 days 01:14:21.419000
2024-05-19 13:22:01.685,OnTrack,3114,-1029,795,pos,0 days 00:18:45.091000,0 days 01:14:21.699000
2024-05-19 13:22:01.945,OnTrack,3074,-918,794,pos,0 days 00:18:45.351000,0 days 01:14:21.959000
2024-05-19 13:22:02.265,OnTrack,3035,-823,793,pos,0 days 00:18:45.671000,0 days 01:14:22.279000
2024-05-19 13:22:02.505,OnTrack,2991,-731,791,pos,0 days 00:18:45.911000,0 days 01:14:22.519000
2024-05-19 13:22:02.585,OnTrack,2974,-700,791,pos,0 days 00:18:45.991000,0 days 01:14:22.599000
2024-05-19 13:22:02.925,OnTrack,2871,-545,789,pos,0 days 00:18:46.331000,0 days 01:14:22.939000
2024-05-19 13:22:03.225,OnTrack,2807,-481,788,pos,0 days 00:18:46.631000,0 days 01:14:23.239000
2024-05-19 13:22:03.485,OnTrack,2720,-423,787,pos,0 days 00:18:46.891000,0 days 01:14:23.499000
2024-05-19 13:22:03.764,OnTrack,2581,-374,786,pos,0 days 00:18:47.170000,0 days 01:14:23.778000
2024-05-19 13:22:04.144,OnTrack,2430,-359,786,pos,0 days 00:18:47.550000,0 days 01:14:24.158000
2024-05-19 13:22:04.504,OnTrack,2339,-363,786,pos,0 days 00:18:47.910000,0 days 01:14:24.518000
2024-05-19 13:22:04.784,OnTrack,2231,-383,784,pos,0 days 00:18:48.190000,0 days 01:14:24.798000
2024-05-19 13:22:04.984,OnTrack,2154,-406,783,pos,0 days 00:18:48.390000,0 days 01:14:24.998000
2024-05-19 13:22:05.204,OnTrack,2041,-453,782,pos,0 days 00:18:48.610000,0 days 01:14:25.218000
2024-05-19 13:22:05.464,OnTrack,1958,-492,781,pos,0 days 00:18:48.870000,0 days 01:14:25.478000
2024-05-19 13:22:05.685,OnTrack,1861,-537,780,pos,0 days 00:18:49.091000,0 days 01:14:25.699000
2024-05-19 13:22:05.885,OnTrack,1788,-571,780,pos,0 days 00:18:49.291000,0 days 01:14:25.899000
2024-05-19 13:22:06.225,OnTrack,1595,-658,778,pos,0 days 00:18:49.631000,0 days 01:14:26.239000
2024-05-19 13:22:06.625,OnTrack,1420,-737,778,pos,0 days 00:18:50.031000,0 days 01:14:26.639000
2024-05-19 13:22:06.665,OnTrack,1399,-747,778,pos,0 days 00:18:50.071000,0 days 01:14:26.679000
2024-05-19 13:22:06.925,OnTrack,1260,-810,778,pos,0 days 00:18:50.331000,0 days 01:14:26.939000
2024-05-19 13:22:07.245,OnTrack,1047,-907,778,pos,0 days 00:18:50.651000,0 days 01:14:27.259000
2024-05-19 13:22:07.565,OnTrack,896,-974,779,pos,0 days 00:18:50.971000,0 days 01:14:27.579000
2024-05-19 13:22:07.805,OnTrack,753,-1035,779,pos,0 days 00:18:51.211000,0 days 01:14:27.819000
2024-05-19 13:22:07.985,OnTrack,572,-1111,780,pos,0 days 00:18:51.391000,0 days 01:14:27.999000
2024-05-19 13:22:08.405,OnTrack,371,-1195,781,pos,0 days 00:18:51.811000,0 days 01:14:28.419000
2024-05-19 13:22:08.585,OnTrack,256,-1244,781,pos,0 days 00:18:51.991000,0 days 01:14:28.599000
2024-05-19 13:22:08.885,OnTrack,-17,-1358,781,pos,0 days 00:18:52.291000,0 days 01:14:28.899000
2024-05-19 13:22:09.145,OnTrack,-110,-1395,781,pos,0 days 00:18:52.551000,0 days 01:14:29.159000
2024-05-19 13:22:09.365,OnTrack,-260,-1450,782,pos,0 days 00:18:52.771000,0 days 01:14:29.379000
2024-05-19 13:22:09.625,OnTrack,-442,-1505,782,pos,0 days 00:18:53.031000,0 days 01:14:29.639000
2024-05-19 13:22:09.805,OnTrack,-572,-1536,783,pos,0 days 00:18:53.211000,0 days 01:14:29.819000
2024-05-19 13:22:10.045,OnTrack,-747,-1566,783,pos,0 days 00:18:53.451000,0 days 01:14:30.059000
2024-05-19 13:22:11.244,OnTrack,-1776,-1621,787,pos,0 days 00:18:54.650000,0 days 01:14:31.258000
2024-05-19 13:22:11.684,OnTrack,-2111,-1639,788,pos,0 days 00:18:55.090000,0 days 01:14:31.698000
2024-05-19 13:22:12.004,OnTrack,-2287,-1649,789,pos,0 days 00:18:55.410000,0 days 01:14:32.018000
2024-05-19 13:22:12.305,OnTrack,-2529,-1663,790,pos,0 days 00:18:55.711000,0 days 01:14:32.319000
2024-05-19 13:22:12.525,OnTrack,-2708,-1670,791,pos,0 days 00:18:55.931000,0 days 01:14:32.539000
2024-05-19 13:22:12.705,OnTrack,-2855,-1675,791,pos,0 days 00:18:56.111000,0 days 01:14:32.719000
2024-05-19 13:22:12.825,OnTrack,-2953,-1677,792,pos,0 days 00:18:56.231000,0 days 01:14:32.839000
2024-05-19 13:22:13.165,OnTrack,-3233,-1688,793,pos,0 days 00:18:56.571000,0 days 01:14:33.179000
2024-05-19 13:22:13.385,OnTrack,-3414,-1694,794,pos,0 days 00:18:56.791000,0 days 01:14:33.399000
2024-05-19 13:22:13.565,OnTrack,-3563,-1695,794,pos,0 days 00:18:56.971000,0 days 01:14:33.579000
2024-05-19 13:22:13.765,OnTrack,-3811,-1684,796,pos,0 days 00:18:57.171000,0 days 01:14:33.779000
2024-05-19 13:22:14.065,OnTrack,-3977,-1664,796,pos,0 days 00:18:57.471000,0 days 01:14:34.079000
2024-05-19 13:22:14.385,OnTrack,-4243,-1616,798,pos,0 days 00:18:57.791000,0 days 01:14:34.399000
2024-05-19 13:22:14.665,OnTrack,-4474,-1564,799,pos,0 days 00:18:58.071000,0 days 01:14:34.679000
2024-05-19 13:22:14.845,OnTrack,-4622,-1529,800,pos,0 days 00:18:58.251000,0 days 01:14:34.859000
2024-05-19 13:22:15.045,OnTrack,-4853,-1472,802,pos,0 days 00:18:58.451000,0 days 01:14:35.059000
2024-05-19 13:22:15.405,OnTrack,-5084,-1415,804,pos,0 days 00:18:58.811000,0 days 01:14:35.419000
2024-05-19 13:22:15.585,OnTrack,-5233,-1379,805,pos,0 days 00:18:58.991000,0 days 01:14:35.599000
2024-05-19 13:22:15.785,OnTrack,-5399,-1340,806,pos,0 days 00:18:59.191000,0 days 01:14:35.799000
2024-05-19 13:22:16.105,OnTrack,-5718,-1279,809,pos,0 days 00:18:59.511000,0 days 01:14:36.119000
2024-05-19 13:22:16.385,OnTrack,-5906,-1255,811,pos,0 days 00:18:59.791000,0 days 01:14:36.399000
2024-05-19 13:22:16.705,OnTrack,-6180,-1236,813,pos,0 days 00:19:00.111000,0 days 01:14:36.719000
2024-05-19 13:22:16.864,OnTrack,-6318,-1232,814,pos,0 days 00:19:00.270000,0 days 01:14:36.878000
2024-05-19 13:22:17.024,OnTrack,-6456,-1230,814,pos,0 days 00:19:00.430000,0 days 01:14:37.038000
2024-05-19 13:22:17.324,OnTrack,-6748,-1230,816,pos,0 days 00:19:00.730000,0 days 01:14:37.338000
2024-05-19 13:22:17.644,OnTrack,-6987,-1235,817,pos,0 days 00:19:01.050000,0 days 01:14:37.658000
2024-05-19 13:22:17.924,OnTrack,-7226,-1246,817,pos,0 days 00:19:01.330000,0 days 01:14:37.938000
2024-05-19 13:22:18.084,OnTrack,-7361,-1255,818,pos,0 days 00:19:01.490000,0 days 01:14:38.098000
2024-05-19 13:22:18.344,OnTrack,-7700,-1287,818,pos,0 days 00:19:01.750000,0 days 01:14:38.358000
2024-05-19 13:22:18.665,OnTrack,-8059,-1330,818,pos,0 days 00:19:02.071000,0 days 01:14:38.679000
2024-05-19 13:22:19.125,OnTrack,-8444,-1381,819,pos,0 days 00:19:02.531000,0 days 01:14:39.139000
2024-05-19 13:22:19.565,OnTrack,-8744,-1423,819,pos,0 days 00:19:02.971000,0 days 01:14:39.579000
2024-05-19 13:22:19.845,OnTrack,-8926,-1449,819,pos,0 days 00:19:03.251000,0 days 01:14:39.859000
2024-05-19 13:22:20.205,OnTrack,-9329,-1526,819,pos,0 days 00:19:03.611000,0 days 01:14:40.219000
2024-05-19 13:22:20.565,OnTrack,-9497,-1574,819,pos,0 days 00:19:03.971000,0 days 01:14:40.579000
2024-05-19 13:22:20.725,OnTrack,-9612,-1611,819,pos,0 days 00:19:04.131000,0 days 01:14:40.739000
2024-05-19 13:22:20.905,OnTrack,-9733,-1649,818,pos,0 days 00:19:04.311000,0 days 01:14:40.919000
2024-05-19 13:22:21.225,OnTrack,-9925,-1709,818,pos,0 days 00:19:04.631000,0 days 01:14:41.239000
2024-05-19 13:22:21.445,OnTrack,-10040,-1745,819,pos,0 days 00:19:04.851000,0 days 01:14:41.459000
2024-05-19 13:22:21.645,OnTrack,-10121,-1770,818,pos,0 days 00:19:05.051000,0 days 01:14:41.659000
2024-05-19 13:22:22.025,OnTrack,-10279,-1849,818,pos,0 days 00:19:05.431000,0 days 01:14:42.039000
2024-05-19 13:22:22.325,OnTrack,-10338,-1914,818,pos,0 days 00:19:05.731000,0 days 01:14:42.339000
2024-05-19 13:22:22.685,OnTrack,-10410,-2106,819,pos,0 days 00:19:06.091000,0 days 01:14:42.699000
2024-05-19 13:22:22.905,OnTrack,-10422,-2148,819,pos,0 days 00:19:06.311000,0 days 01:14:42.919000
2024-05-19 13:22:23.305,OnTrack,-10512,-2356,819,pos,0 days 00:19:06.711000,0 days 01:14:43.319000
2024-05-19 13:22:23.624,OnTrack,-10569,-2427,818,pos,0 days 00:19:07.030000,0 days 01:14:43.638000
2024-05-19 13:22:23.824,OnTrack,-10639,-2490,818,pos,0 days 00:19:07.230000,0 days 01:14:43.838000
2024-05-19 13:22:24.004,OnTrack,-10708,-2541,819,pos,0 days 00:19:07.410000,0 days 01:14:44.018000
2024-05-19 13:22:24.204,OnTrack,-10790,-2594,819,pos,0 days 00:19:07.610000,0 days 01:14:44.218000
2024-05-19 13:22:24.404,OnTrack,-10875,-2645,820,pos,0 days 00:19:07.810000,0 days 01:14:44.418000
2024-05-19 13:22:24.624,OnTrack,-10971,-2700,821,pos,0 days 00:19:08.030000,0 days 01:14:44.638000
2024-05-19 13:22:24.824,OnTrack,-11061,-2752,822,pos,0 days 00:19:08.230000,0 days 01:14:44.838000
2024-05-19 13:22:25.024,OnTrack,-11154,-2806,822,pos,0 days 00:19:08.430000,0 days 01:14:45.038000
2024-05-19 13:22:25.305,OnTrack,-11288,-2886,824,pos,0 days 00:19:08.711000,0 days 01:14:45.319000
2024-05-19 13:22:25.485,OnTrack,-11376,-2941,824,pos,0 days 00:19:08.891000,0 days 01:14:45.499000
2024-05-19 13:22:25.745,OnTrack,-11498,-3030,825,pos,0 days 00:19:09.151000,0 days 01:14:45.759000
2024-05-19 13:22:25.985,OnTrack,-11602,-3128,825,pos,0 days 00:19:09.391000,0 days 01:14:45.999000
2024-05-19 13:22:26.125,OnTrack,-11697,-3257,825,pos,0 days 00:19:09.531000,0 days 01:14:46.139000
2024-05-19 13:22:26.565,OnTrack,-11805,-3480,826,pos,0 days 00:19:09.971000,0 days 01:14:46.579000
2024-05-19 13:22:26.865,OnTrack,-11861,-3627,827,pos,0 days 00:19:10.271000,0 days 01:14:46.879000
2024-05-19 13:22:27.085,OnTrack,-11912,-3764,828,pos,0 days 00:19:10.491000,0 days 01:14:47.099000
2024-05-19 13:22:27.305,OnTrack,-11964,-3902,828,pos,0 days 00:19:10.711000,0 days 01:14:47.319000
2024-05-19 13:22:27.525,OnTrack,-12017,-4042,828,pos,0 days 00:19:10.931000,0 days 01:14:47.539000
2024-05-19 13:22:27.765,OnTrack,-12075,-4198,829,pos,0 days 00:19:11.171000,0 days 01:14:47.779000
2024-05-19 13:22:27.985,OnTrack,-12130,-4343,830,pos,0 days 00:19:11.391000,0 days 01:14:47.999000
2024-05-19 13:22:28.105,OnTrack,-12159,-4423,830,pos,0 days 00:19:11.511000,0 days 01:14:48.119000
2024-05-19 13:22:28.305,OnTrack,-12210,-4557,830,pos,0 days 00:19:11.711000,0 days 01:14:48.319000
2024-05-19 13:22:28.505,OnTrack,-12261,-4693,830,pos,0 days 00:19:11.911000,0 days 01:14:48.519000
2024-05-19 13:22:28.785,OnTrack,-12333,-4885,831,pos,0 days 00:19:12.191000,0 days 01:14:48.799000
2024-05-19 13:22:28.985,OnTrack,-12385,-5024,831,pos,0 days 00:19:12.391000,0 days 01:14:48.999000
2024-05-19 13:22:29.145,OnTrack,-12427,-5137,832,pos,0 days 00:19:12.551000,0 days 01:14:49.159000
2024-05-19 13:22:29.365,OnTrack,-12486,-5292,832,pos,0 days 00:19:12.771000,0 days 01:14:49.379000
2024-05-19 13:22:29.525,OnTrack,-12529,-5407,832,pos,0 days 00:19:12.931000,0 days 01:14:49.539000
2024-05-19 13:22:29.745,OnTrack,-12588,-5565,833,pos,0 days 00:19:13.151000,0 days 01:14:49.759000
2024-05-19 13:22:30.004,OnTrack,-12659,-5754,833,pos,0 days 00:19:13.410000,0 days 01:14:50.018000
2024-05-19 13:22:30.264,OnTrack,-12731,-5944,833,pos,0 days 00:19:13.670000,0 days 01:14:50.278000
2024-05-19 13:22:30.484,OnTrack,-12792,-6104,834,pos,0 days 00:19:13.890000,0 days 01:14:50.498000
2024-05-19 13:22:31.164,OnTrack,-12995,-6596,835,pos,0 days 00:19:14.570000,0 days 01:14:51.178000
2024-05-19 13:22:31.464,OnTrack,-13108,-6875,836,pos,0 days 00:19:14.870000,0 days 01:14:51.478000
2024-05-19 13:22:31.825,OnTrack,-13152,-7039,837,pos,0 days 00:19:15.231000,0 days 01:14:51.839000
2024-05-19 13:22:31.985,OnTrack,-13162,-7140,838,pos,0 days 00:19:15.391000,0 days 01:14:51.999000
2024-05-19 13:22:32.225,OnTrack,-13157,-7294,839,pos,0 days 00:19:15.631000,0 days 01:14:52.239000
2024-05-19 13:22:32.425,OnTrack,-13137,-7420,840,pos,0 days 00:19:15.831000,0 days 01:14:52.439000
2024-05-19 13:22:32.585,OnTrack,-13116,-7518,840,pos,0 days 00:19:15.991000,0 days 01:14:52.599000
2024-05-19 13:22:32.825,OnTrack,-13083,-7657,841,pos,0 days 00:19:16.231000,0 days 01:14:52.839000
2024-05-19 13:22:33.005,OnTrack,-13060,-7752,842,pos,0 days 00:19:16.411000,0 days 01:14:53.019000
2024-05-19 13:22:33.345,OnTrack,-13023,-7983,843,pos,0 days 00:19:16.751000,0 days 01:14:53.359000
2024-05-19 13:22:33.685,OnTrack,-13032,-8069,844,pos,0 days 00:19:17.091000,0 days 01:14:53.699000
2024-05-19 13:22:33.885,OnTrack,-13061,-8149,845,pos,0 days 00:19:17.291000,0 days 01:14:53.899000
2024-05-19 13:22:34.065,OnTrack,-13106,-8216,846,pos,0 days 00:19:17.471000,0 days 01:14:54.079000
2024-05-19 13:22:34.225,OnTrack,-13158,-8271,846,pos,0 days 00:19:17.631000,0 days 01:14:54.239000
2024-05-19 13:22:34.545,OnTrack,-13324,-8417,848,pos,0 days 00:19:17.951000,0 days 01:14:54.559000
2024-05-19 13:22:34.865,OnTrack,-13391,-8473,849,pos,0 days 00:19:18.271000,0 days 01:14:54.879000
2024-05-19 13:22:35.105,OnTrack,-13483,-8551,850,pos,0 days 00:19:18.511000,0 days 01:14:55.119000
2024-05-19 13:22:35.205,OnTrack,-13522,-8584,851,pos,0 days 00:19:18.611000,0 days 01:14:55.219000
2024-05-19 13:22:35.525,OnTrack,-13651,-8694,853,pos,0 days 00:19:18.931000,0 days 01:14:55.539000
2024-05-19 13:22:35.765,OnTrack,-13752,-8779,854,pos,0 days 00:19:19.171000,0 days 01:14:55.779000
2024-05-19 13:22:35.985,OnTrack,-13826,-8840,856,pos,0 days 00:19:19.391000,0 days 01:14:55.999000
2024-05-19 13:22:36.045,OnTrack,-13853,-8863,856,pos,0 days 00:19:19.451000,0 days 01:14:56.059000
2024-05-19 13:22:36.285,OnTrack,-13961,-8955,858,pos,0 days 00:19:19.691000,0 days 01:14:56.299000
2024-05-19 13:22:36.545,OnTrack,-14080,-9066,862,pos,0 days 00:19:19.951000,0 days 01:14:56.559000
2024-05-19 13:22:36.824,OnTrack,-14237,-9221,868,pos,0 days 00:19:20.230000,0 days 01:14:56.838000
2024-05-19 13:22:37.044,OnTrack,-14299,-9282,871,pos,0 days 00:19:20.450000,0 days 01:14:57.058000
2024-05-19 13:22:37.424,OnTrack,-14485,-9465,879,pos,0 days 00:19:20.830000,0 days 01:14:57.438000
2024-05-19 13:22:37.824,OnTrack,-14633,-9602,886,pos,0 days 00:19:21.230000,0 days 01:14:57.838000
2024-05-19 13:22:37.984,OnTrack,-14729,-9698,890,pos,0 days 00:19:21.390000,0 days 01:14:57.998000
2024-05-19 13:22:38.385,OnTrack,-14807,-9788,895,pos,0 days 00:19:21.791000,0 days 01:14:58.399000
2024-05-19 13:22:38.625,OnTrack,-14858,-9863,898,pos,0 days 00:19:22.031000,0 days 01:14:58.639000
2024-05-19 13:22:38.865,OnTrack,-14893,-9938,900,pos,0 days 00:19:22.271000,0 days 01:14:58.879000
2024-05-19 13:22:39.085,OnTrack,-14913,-10018,902,pos,0 days 00:19:22.491000,0 days 01:14:59.099000
2024-05-19 13:22:39.325,OnTrack,-14915,-10079,905,pos,0 days 00:19:22.731000,0 days 01:14:59.339000
2024-05-19 13:22:39.645,OnTrack,-14875,-10207,912,pos,0 days 00:19:23.051000,0 days 01:14:59.659000
2024-05-19 13:22:40.065,OnTrack,-14828,-10268,916,pos,0 days 00:19:23.471000,0 days 01:15:00.079000
2024-05-19 13:22:40.245,OnTrack,-14792,-10300,919,pos,0 days 00:19:23.651000,0 days 01:15:00.259000
2024-05-19 13:22:40.445,OnTrack,-14748,-10331,921,pos,0 days 00:19:23.851000,0 days 01:15:00.459000
2024-05-19 13:22:40.625,OnTrack,-14704,-10353,923,pos,0 days 00:19:24.031000,0 days 01:15:00.639000
2024-05-19 13:22:40.905,OnTrack,-14615,-10382,928,pos,0 days 00:19:24.311000,0 days 01:15:00.919000
2024-05-19 13:22:41.285,OnTrack,-14523,-10394,933,pos,0 days 00:19:24.691000,0 days 01:15:01.299000
2024-05-19 13:22:41.545,OnTrack,-14412,-10394,938,pos,0 days 00:19:24.951000,0 days 01:15:01.559000
2024-05-19 13:22:41.885,OnTrack,-14315,-10385,943,pos,0 days 00:19:25.291000,0 days 01:15:01.899000
2024-05-19 13:22:42.205,OnTrack,-14243,-10375,947,pos,0 days 00:19:25.611000,0 days 01:15:02.219000
2024-05-19 13:22:42.585,OnTrack,-14070,-10345,954,pos,0 days 00:19:25.991000,0 days 01:15:02.599000
2024-05-19 13:22:42.905,OnTrack,-13957,-10323,959,pos,0 days 00:19:26.311000,0 days 01:15:02.919000
2024-05-19 13:22:43.145,OnTrack,-13779,-10286,967,pos,0 days 00:19:26.551000,0 days 01:15:03.159000
2024-05-19 13:22:43.464,OnTrack,-13690,-10268,971,pos,0 days 00:19:26.870000,0 days 01:15:03.478000
2024-05-19 13:22:43.624,OnTrack,-13608,-10252,974,pos,0 days 00:19:27.030000,0 days 01:15:03.638000
2024-05-19 13:22:43.924,OnTrack,-13449,-10222,981,pos,0 days 00:19:27.330000,0 days 01:15:03.938000
2024-05-19 13:22:44.224,OnTrack,-13258,-10189,988,pos,0 days 00:19:27.630000,0 days 01:15:04.238000
2024-05-19 13:22:44.524,OnTrack,-13106,-10162,993,pos,0 days 00:19:27.930000,0 days 01:15:04.538000
2024-05-19 13:22:44.704,OnTrack,-12998,-10143,997,pos,0 days 00:19:28.110000,0 days 01:15:04.718000
2024-05-19 13:22:44.965,OnTrack,-12775,-10109,1004,pos,0 days 00:19:28.371000,0 days 01:15:04.979000
2024-05-19 13:22:45.405,OnTrack,-12558,-10076,1011,pos,0 days 00:19:28.811000,0 days 01:15:05.419000
2024-05-19 13:22:45.565,OnTrack,-12454,-10061,1015,pos,0 days 00:19:28.971000,0 days 01:15:05.579000
2024-05-19 13:22:45.805,OnTrack,-12240,-10031,1024,pos,0 days 00:19:29.211000,0 days 01:15:05.819000
2024-05-19 13:22:46.085,OnTrack,-12104,-10013,1032,pos,0 days 00:19:29.491000,0 days 01:15:06.099000
2024-05-19 13:22:46.465,OnTrack,-11716,-9964,1058,pos,0 days 00:19:29.871000,0 days 01:15:06.479000
2024-05-19 13:22:46.845,OnTrack,-11545,-9946,1069,pos,0 days 00:19:30.251000,0 days 01:15:06.859000
2024-05-19 13:22:47.065,OnTrack,-11388,-9932,1079,pos,0 days 00:19:30.471000,0 days 01:15:07.079000
2024-05-19 13:22:47.265,OnTrack,-11184,-9921,1091,pos,0 days 00:19:30.671000,0 days 01:15:07.279000
2024-05-19 13:22:47.525,OnTrack,-11052,-9918,1099,pos,0 days 00:19:30.931000,0 days 01:15:07.539000
2024-05-19 13:22:47.805,OnTrack,-10741,-9923,1115,pos,0 days 00:19:31.211000,0 days 01:15:07.819000
2024-05-19 13:22:48.265,OnTrack,-10414,-9948,1122,pos,0 days 00:19:31.671000,0 days 01:15:08.279000
2024-05-19 13:22:48.645,OnTrack,-10160,-9976,1122,pos,0 days 00:19:32.051000,0 days 01:15:08.659000
2024-05-19 13:22:48.965,OnTrack,-9981,-9997,1120,pos,0 days 00:19:32.371000,0 days 01:15:08.979000
2024-05-19 13:22:49.145,OnTrack,-9847,-10013,1119,pos,0 days 00:19:32.551000,0 days 01:15:09.159000
2024-05-19 13:22:49.345,OnTrack,-9698,-10030,1118,pos,0 days 00:19:32.751000,0 days 01:15:09.359000
2024-05-19 13:22:49.705,OnTrack,-9437,-10058,1116,pos,0 days 00:19:33.111000,0 days 01:15:09.719000
2024-05-19 13:22:49.924,OnTrack,-9252,-10070,1114,pos,0 days 00:19:33.330000,0 days 01:15:09.938000
2024-05-19 13:22:50.304,OnTrack,-9034,-10056,1114,pos,0 days 00:19:33.710000,0 days 01:15:10.318000
2024-05-19 13:22:50.664,OnTrack,-8885,-10008,1114,pos,0 days 00:19:34.070000,0 days 01:15:10.678000
2024-05-19 13:22:50.844,OnTrack,-8798,-9959,1113,pos,0 days 00:19:34.250000,0 days 01:15:10.858000
2024-05-19 13:22:51.004,OnTrack,-8729,-9905,1110,pos,0 days 00:19:34.410000,0 days 01:15:11.018000
2024-05-19 13:22:51.344,OnTrack,-8611,-9763,1106,pos,0 days 00:19:34.750000,0 days 01:15:11.358000
2024-05-19 13:22:51.524,OnTrack,-8559,-9673,1103,pos,0 days 00:19:34.930000,0 days 01:15:11.538000
2024-05-19 13:22:51.745,OnTrack,-8476,-9511,1098,pos,0 days 00:19:35.151000,0 days 01:15:11.759000
2024-05-19 13:22:52.045,OnTrack,-8392,-9334,1092,pos,0 days 00:19:35.451000,0 days 01:15:12.059000
2024-05-19 13:22:52.565,OnTrack,-8311,-9121,1084,pos,0 days 00:19:35.971000,0 days 01:15:12.579000
2024-05-19 13:22:52.705,OnTrack,-8272,-8964,1079,pos,0 days 00:19:36.111000,0 days 01:15:12.719000
2024-05-19 13:22:53.025,OnTrack,-8251,-8838,1073,pos,0 days 00:19:36.431000,0 days 01:15:13.039000
2024-05-19 13:22:53.365,OnTrack,-8239,-8522,1055,pos,0 days 00:19:36.771000,0 days 01:15:13.379000
2024-05-19 13:22:53.665,OnTrack,-8245,-8414,1047,pos,0 days 00:19:37.071000,0 days 01:15:13.679000
2024-05-19 13:22:53.985,OnTrack,-8282,-8113,1020,pos,0 days 00:19:37.391000,0 days 01:15:13.999000
2024-05-19 13:22:54.265,OnTrack,-8301,-8002,1011,pos,0 days 00:19:37.671000,0 days 01:15:14.279000
2024-05-19 13:22:54.605,OnTrack,-8351,-7763,990,pos,0 days 00:19:38.011000,0 days 01:15:14.619000
2024-05-19 13:22:54.685,OnTrack,-8364,-7706,986,pos,0 days 00:19:38.091000,0 days 01:15:14.699000
2024-05-19 13:22:55.025,OnTrack,-8433,-7404,966,pos,0 days 00:19:38.431000,0 days 01:15:15.039000
2024-05-19 13:22:55.365,OnTrack,-8476,-7215,955,pos,0 days 00:19:38.771000,0 days 01:15:15.379000
2024-05-19 13:22:55.565,OnTrack,-8510,-7068,947,pos,0 days 00:19:38.971000,0 days 01:15:15.579000
2024-05-19 13:22:55.825,OnTrack,-8553,-6876,937,pos,0 days 00:19:39.231000,0 days 01:15:15.839000
2024-05-19 13:22:55.985,OnTrack,-8580,-6758,932,pos,0 days 00:19:39.391000,0 days 01:15:15.999000
2024-05-19 13:22:56.165,OnTrack,-8609,-6627,924,pos,0 days 00:19:39.571000,0 days 01:15:16.179000
2024-05-19 13:22:56.504,OnTrack,-8650,-6385,912,pos,0 days 00:19:39.910000,0 days 01:15:16.518000
2024-05-19 13:22:56.664,OnTrack,-8654,-6279,908,pos,0 days 00:19:40.070000,0 days 01:15:16.678000
2024-05-19 13:22:56.884,OnTrack,-8608,-6052,900,pos,0 days 00:19:40.290000,0 days 01:15:16.898000
2024-05-19 13:22:57.184,OnTrack,-8560,-5936,898,pos,0 days 00:19:40.590000,0 days 01:15:17.198000
2024-05-19 13:22:57.464,OnTrack,-8476,-5775,896,pos,0 days 00:19:40.870000,0 days 01:15:17.478000
2024-05-19 13:22:57.704,OnTrack,-8408,-5657,897,pos,0 days 00:19:41.110000,0 days 01:15:17.718000
2024-05-19 13:22:57.844,OnTrack,-8371,-5596,898,pos,0 days 00:19:41.250000,0 days 01:15:17.858000
2024-05-19 13:22:58.105,OnTrack,-8275,-5464,901,pos,0 days 00:19:41.511000,0 days 01:15:18.119000
2024-05-19 13:22:58.505,OnTrack,-8189,-5384,904,pos,0 days 00:19:41.911000,0 days 01:15:18.519000
2024-05-19 13:22:58.705,OnTrack,-8126,-5349,906,pos,0 days 00:19:42.111000,0 days 01:15:18.719000
2024-05-19 13:22:58.865,OnTrack,-8070,-5331,909,pos,0 days 00:19:42.271000,0 days 01:15:18.879000
2024-05-19 13:22:59.025,OnTrack,-8015,-5325,911,pos,0 days 00:19:42.431000,0 days 01:15:19.039000
2024-05-19 13:22:59.245,OnTrack,-7934,-5332,918,pos,0 days 00:19:42.651000,0 days 01:15:19.259000
2024-05-19 13:22:59.605,OnTrack,-7807,-5362,929,pos,0 days 00:19:43.011000,0 days 01:15:19.619000
2024-05-19 13:22:59.785,OnTrack,-7745,-5379,935,pos,0 days 00:19:43.191000,0 days 01:15:19.799000
2024-05-19 13:22:59.825,OnTrack,-7731,-5383,937,pos,0 days 00:19:43.231000,0 days 01:15:19.839000
2024-05-19 13:23:00.065,OnTrack,-7646,-5404,943,pos,0 days 00:19:43.471000,0 days 01:15:20.079000
2024-05-19 13:23:00.325,OnTrack,-7547,-5422,954,pos,0 days 00:19:43.731000,0 days 01:15:20.339000
2024-05-19 13:23:00.565,OnTrack,-7406,-5437,967,pos,0 days 00:19:43.971000,0 days 01:15:20.579000
2024-05-19 13:23:00.905,OnTrack,-7324,-5441,974,pos,0 days 00:19:44.311000,0 days 01:15:20.919000
2024-05-19 13:23:01.085,OnTrack,-7240,-5443,980,pos,0 days 00:19:44.491000,0 days 01:15:21.099000
2024-05-19 13:23:01.405,OnTrack,-7023,-5442,996,pos,0 days 00:19:44.811000,0 days 01:15:21.419000
2024-05-19 13:23:01.845,OnTrack,-6853,-5441,1007,pos,0 days 00:19:45.251000,0 days 01:15:21.859000
2024-05-19 13:23:02.005,OnTrack,-6699,-5439,1015,pos,0 days 00:19:45.411000,0 days 01:15:22.019000
2024-05-19 13:23:02.385,OnTrack,-6549,-5438,1023,pos,0 days 00:19:45.791000,0 days 01:15:22.399000
2024-05-19 13:23:02.585,OnTrack,-6430,-5437,1027,pos,0 days 00:19:45.991000,0 days 01:15:22.599000
2024-05-19 13:23:02.745,OnTrack,-6333,-5436,1030,pos,0 days 00:19:46.151000,0 days 01:15:22.759000
2024-05-19 13:23:02.925,OnTrack,-6222,-5435,1033,pos,0 days 00:19:46.331000,0 days 01:15:22.939000
2024-05-19 13:23:03.204,OnTrack,-6045,-5434,1038,pos,0 days 00:19:46.610000,0 days 01:15:23.218000
2024-05-19 13:23:03.364,OnTrack,-5942,-5433,1041,pos,0 days 00:19:46.770000,0 days 01:15:23.378000
2024-05-19 13:23:03.604,OnTrack,-5784,-5432,1045,pos,0 days 00:19:47.010000,0 days 01:15:23.618000
2024-05-19 13:23:03.804,OnTrack,-5650,-5431,1049,pos,0 days 00:19:47.210000,0 days 01:15:23.818000
2024-05-19 13:23:04.124,OnTrack,-5336,-5426,1058,pos,0 days 00:19:47.530000,0 days 01:15:24.138000
2024-05-19 13:23:04.524,OnTrack,-5099,-5416,1065,pos,0 days 00:19:47.930000,0 days 01:15:24.538000
2024-05-19 13:23:04.945,OnTrack,-4783,-5388,1074,pos,0 days 00:19:48.351000,0 days 01:15:24.959000
2024-05-19 13:23:05.305,OnTrack,-4597,-5372,1078,pos,0 days 00:19:48.711000,0 days 01:15:25.319000
2024-05-19 13:23:05.505,OnTrack,-4368,-5352,1082,pos,0 days 00:19:48.911000,0 days 01:15:25.519000
2024-05-19 13:23:05.965,OnTrack,-4124,-5333,1084,pos,0 days 00:19:49.371000,0 days 01:15:25.979000
2024-05-19 13:23:06.085,OnTrack,-3941,-5317,1085,pos,0 days 00:19:49.491000,0 days 01:15:26.099000
2024-05-19 13:23:06.525,OnTrack,-3749,-5301,1087,pos,0 days 00:19:49.931000,0 days 01:15:26.539000
2024-05-19 13:23:06.705,OnTrack,-3647,-5293,1087,pos,0 days 00:19:50.111000,0 days 01:15:26.719000
2024-05-19 13:23:07.025,OnTrack,-3417,-5276,1088,pos,0 days 00:19:50.431000,0 days 01:15:27.039000
2024-05-19 13:23:07.285,OnTrack,-3365,-5274,1089,pos,0 days 00:19:50.691000,0 days 01:15:27.299000
2024-05-19 13:23:07.625,OnTrack,-3210,-5282,1092,pos,0 days 00:19:51.031000,0 days 01:15:27.639000
2024-05-19 13:23:08.045,OnTrack,-3113,-5341,1095,pos,0 days 00:19:51.451000,0 days 01:15:28.059000
2024-05-19 13:23:08.145,OnTrack,-3088,-5366,1096,pos,0 days 00:19:51.551000,0 days 01:15:28.159000
2024-05-19 13:23:08.305,OnTrack,-3049,-5408,1096,pos,0 days 00:19:51.711000,0 days 01:15:28.319000
2024-05-19 13:23:08.525,OnTrack,-2999,-5462,1096,pos,0 days 00:19:51.931000,0 days 01:15:28.539000
2024-05-19 13:23:08.845,OnTrack,-2909,-5532,1096,pos,0 days 00:19:52.251000,0 days 01:15:28.859000
2024-05-19 13:23:09.205,OnTrack,-2830,-5560,1095,pos,0 days 00:19:52.611000,0 days 01:15:29.219000
2024-05-19 13:23:09.485,OnTrack,-2749,-5559,1093,pos,0 days 00:19:52.891000,0 days 01:15:29.499000
2024-05-19 13:23:09.904,OnTrack,-2639,-5533,1091,pos,0 days 00:19:53.310000,0 days 01:15:29.918000
2024-05-19 13:23:10.004,OnTrack,-2578,-5514,1090,pos,0 days 00:19:53.410000,0 days 01:15:30.018000
2024-05-19 13:23:10.324,OnTrack,-2523,-5493,1088,pos,0 days 00:19:53.730000,0 days 01:15:30.338000
2024-05-19 13:23:10.664,OnTrack,-2421,-5450,1086,pos,0 days 00:19:54.070000,0 days 01:15:30.678000
2024-05-19 13:23:10.844,OnTrack,-2363,-5424,1085,pos,0 days 00:19:54.250000,0 days 01:15:30.858000
2024-05-19 13:23:11.024,OnTrack,-2302,-5394,1083,pos,0 days 00:19:54.430000,0 days 01:15:31.038000
2024-05-19 13:23:11.224,OnTrack,-2186,-5334,1081,pos,0 days 00:19:54.630000,0 days 01:15:31.238000
2024-05-19 13:23:11.625,OnTrack,-2076,-5276,1078,pos,0 days 00:19:55.031000,0 days 01:15:31.639000
2024-05-19 13:23:11.805,OnTrack,-2002,-5237,1077,pos,0 days 00:19:55.211000,0 days 01:15:31.819000
2024-05-19 13:23:12.105,OnTrack,-1814,-5138,1073,pos,0 days 00:19:55.511000,0 days 01:15:32.119000
2024-05-19 13:23:12.365,OnTrack,-1747,-5104,1071,pos,0 days 00:19:55.771000,0 days 01:15:32.379000
2024-05-19 13:23:12.645,OnTrack,-1527,-4995,1067,pos,0 days 00:19:56.051000,0 days 01:15:32.659000
2024-05-19 13:23:13.165,OnTrack,-1268,-4877,1062,pos,0 days 00:19:56.571000,0 days 01:15:33.179000
2024-05-19 13:23:13.465,OnTrack,-1156,-4823,1060,pos,0 days 00:19:56.871000,0 days 01:15:33.479000
2024-05-19 13:23:13.725,OnTrack,-1010,-4747,1057,pos,0 days 00:19:57.131000,0 days 01:15:33.739000
2024-05-19 13:23:13.965,OnTrack,-876,-4668,1054,pos,0 days 00:19:57.371000,0 days 01:15:33.979000
2024-05-19 13:23:14.025,OnTrack,-842,-4646,1053,pos,0 days 00:19:57.431000,0 days 01:15:34.039000
2024-05-19 13:23:14.225,OnTrack,-731,-4573,1050,pos,0 days 00:19:57.631000,0 days 01:15:34.239000
2024-05-19 13:23:14.525,OnTrack,-564,-4455,1045,pos,0 days 00:19:57.931000,0 days 01:15:34.539000
2024-05-19 13:23:14.685,OnTrack,-474,-4390,1043,pos,0 days 00:19:58.091000,0 days 01:15:34.699000
2024-05-19 13:23:14.885,OnTrack,-362,-4306,1039,pos,0 days 00:19:58.291000,0 days 01:15:34.899000
2024-05-19 13:23:15.065,OnTrack,-261,-4228,1036,pos,0 days 00:19:58.471000,0 days 01:15:35.079000
2024-05-19 13:23:15.385,OnTrack,-19,-4023,1030,pos,0 days 00:19:58.791000,0 days 01:15:35.399000
2024-05-19 13:23:15.685,OnTrack,77,-3932,1027,pos,0 days 00:19:59.091000,0 days 01:15:35.699000
2024-05-19 13:23:15.925,OnTrack,236,-3771,1023,pos,0 days 00:19:59.331000,0 days 01:15:35.939000
2024-05-19 13:23:16.184,OnTrack,368,-3628,1018,pos,0 days 00:19:59.590000,0 days 01:15:36.198000
2024-05-19 13:23:16.464,OnTrack,551,-3425,1010,pos,0 days 00:19:59.870000,0 days 01:15:36.478000
2024-05-19 13:23:16.824,OnTrack,747,-3208,999,pos,0 days 00:20:00.230000,0 days 01:15:36.838000
2024-05-19 13:23:17.224,OnTrack,903,-3034,988,pos,0 days 00:20:00.630000,0 days 01:15:37.238000
2024-05-19 13:23:17.484,OnTrack,1083,-2835,973,pos,0 days 00:20:00.890000,0 days 01:15:37.498000
2024-05-19 13:23:17.804,OnTrack,1211,-2694,962,pos,0 days 00:20:01.210000,0 days 01:15:37.818000
2024-05-19 13:23:18.065,OnTrack,1353,-2543,948,pos,0 days 00:20:01.471000,0 days 01:15:38.079000
2024-05-19 13:23:18.225,OnTrack,1443,-2454,941,pos,0 days 00:20:01.631000,0 days 01:15:38.239000
2024-05-19 13:23:18.485,OnTrack,1598,-2321,927,pos,0 days 00:20:01.891000,0 days 01:15:38.499000
2024-05-19 13:23:18.645,OnTrack,1726,-2232,917,pos,0 days 00:20:02.051000,0 days 01:15:38.659000
2024-05-19 13:23:18.945,OnTrack,2039,-2078,893,pos,0 days 00:20:02.351000,0 days 01:15:38.959000
2024-05-19 13:23:19.265,OnTrack,2173,-2024,882,pos,0 days 00:20:02.671000,0 days 01:15:39.279000
2024-05-19 13:23:19.525,OnTrack,2428,-1922,863,pos,0 days 00:20:02.931000,0 days 01:15:39.539000
2024-05-19 13:23:19.825,OnTrack,2559,-1869,853,pos,0 days 00:20:03.231000,0 days 01:15:39.839000
2024-05-19 13:23:20.005,OnTrack,2667,-1825,844,pos,0 days 00:20:03.411000,0 days 01:15:40.019000
2024-05-19 13:23:20.345,OnTrack,2885,-1734,829,pos,0 days 00:20:03.751000,0 days 01:15:40.359000
2024-05-19 13:23:20.645,OnTrack,2968,-1695,824,pos,0 days 00:20:04.051000,0 days 01:15:40.659000
2024-05-19 13:23:20.885,OnTrack,3049,-1645,819,pos,0 days 00:20:04.291000,0 days 01:15:40.899000
2024-05-19 13:23:21.105,OnTrack,3106,-1592,815,pos,0 days 00:20:04.511000,0 days 01:15:41.119000
2024-05-19 13:23:21.345,OnTrack,3164,-1499,809,pos,0 days 00:20:04.751000,0 days 01:15:41.359000
2024-05-19 13:23:21.745,OnTrack,3189,-1395,806,pos,0 days 00:20:05.151000,0 days 01:15:41.759000
2024-05-19 13:23:22.005,OnTrack,3182,-1270,801,pos,0 days 00:20:05.411000,0 days 01:15:42.019000
2024-05-19 13:23:22.305,OnTrack,3170,-1213,799,pos,0 days 00:20:05.711000,0 days 01:15:42.319000
2024-05-19 13:23:22.545,OnTrack,3149,-1138,797,pos,0 days 00:20:05.951000,0 days 01:15:42.559000
2024-05-19 13:23:22.704,OnTrack,3133,-1087,796,pos,0 days 00:20:06.110000,0 days 01:15:42.718000
2024-05-19 13:23:22.984,OnTrack,3102,-995,794,pos,0 days 00:20:06.390000,0 days 01:15:42.998000
2024-05-19 13:23:23.164,OnTrack,3080,-932,794,pos,0 days 00:20:06.570000,0 days 01:15:43.178000
2024-05-19 13:23:23.344,OnTrack,3054,-867,793,pos,0 days 00:20:06.750000,0 days 01:15:43.358000
2024-05-19 13:23:23.564,OnTrack,3018,-786,792,pos,0 days 00:20:06.970000,0 days 01:15:43.578000
2024-05-19 13:23:23.904,OnTrack,2920,-610,790,pos,0 days 00:20:07.310000,0 days 01:15:43.918000
2024-05-19 13:23:24.224,OnTrack,2869,-541,789,pos,0 days 00:20:07.630000,0 days 01:15:44.238000
2024-05-19 13:23:24.505,OnTrack,2786,-464,788,pos,0 days 00:20:07.911000,0 days 01:15:44.519000
2024-05-19 13:23:24.745,OnTrack,2660,-397,787,pos,0 days 00:20:08.151000,0 days 01:15:44.759000
2024-05-19 13:23:25.125,OnTrack,2564,-371,786,pos,0 days 00:20:08.531000,0 days 01:15:45.139000
2024-05-19 13:23:25.325,OnTrack,2489,-362,786,pos,0 days 00:20:08.731000,0 days 01:15:45.339000
2024-05-19 13:23:25.405,OnTrack,2460,-360,786,pos,0 days 00:20:08.811000,0 days 01:15:45.419000
2024-05-19 13:23:25.585,OnTrack,2392,-360,786,pos,0 days 00:20:08.991000,0 days 01:15:45.599000
2024-05-19 13:23:25.845,OnTrack,2295,-369,785,pos,0 days 00:20:09.251000,0 days 01:15:45.859000
2024-05-19 13:23:26.045,OnTrack,2219,-386,784,pos,0 days 00:20:09.451000,0 days 01:15:46.059000
2024-05-19 13:23:26.345,OnTrack,2075,-438,782,pos,0 days 00:20:09.751000,0 days 01:15:46.359000
2024-05-19 13:23:26.785,OnTrack,1898,-520,781,pos,0 days 00:20:10.191000,0 days 01:15:46.799000
2024-05-19 13:23:27.065,OnTrack,1834,-550,780,pos,0 days 00:20:10.471000,0 days 01:15:47.079000
2024-05-19 13:23:27.345,OnTrack,1706,-608,779,pos,0 days 00:20:10.751000,0 days 01:15:47.359000
2024-05-19 13:23:27.585,OnTrack,1590,-660,778,pos,0 days 00:20:10.991000,0 days 01:15:47.599000
2024-05-19 13:23:27.745,OnTrack,1511,-696,778,pos,0 days 00:20:11.151000,0 days 01:15:47.759000
2024-05-19 13:23:27.925,OnTrack,1346,-771,778,pos,0 days 00:20:11.331000,0 days 01:15:47.939000
2024-05-19 13:23:28.385,OnTrack,1118,-874,778,pos,0 days 00:20:11.791000,0 days 01:15:48.399000
2024-05-19 13:23:28.785,OnTrack,948,-951,778,pos,0 days 00:20:12.191000,0 days 01:15:48.799000
2024-05-19 13:23:29.045,OnTrack,723,-1048,779,pos,0 days 00:20:12.451000,0 days 01:15:49.059000
2024-05-19 13:23:29.424,OnTrack,566,-1113,780,pos,0 days 00:20:12.830000,0 days 01:15:49.438000
2024-05-19 13:23:29.644,OnTrack,339,-1208,781,pos,0 days 00:20:13.050000,0 days 01:15:49.658000
2024-05-19 13:23:30.044,OnTrack,173,-1279,781,pos,0 days 00:20:13.450000,0 days 01:15:50.058000
2024-05-19 13:23:30.224,OnTrack,55,-1328,781,pos,0 days 00:20:13.630000,0 days 01:15:50.238000
2024-05-19 13:23:30.444,OnTrack,-90,-1387,781,pos,0 days 00:20:13.850000,0 days 01:15:50.458000
2024-05-19 13:23:30.744,OnTrack,-294,-1461,782,pos,0 days 00:20:14.150000,0 days 01:15:50.758000
2024-05-19 13:23:30.944,OnTrack,-435,-1503,782,pos,0 days 00:20:14.350000,0 days 01:15:50.958000
2024-05-19 13:23:31.125,OnTrack,-637,-1549,783,pos,0 days 00:20:14.531000,0 days 01:15:51.139000
2024-05-19 13:23:31.565,OnTrack,-897,-1579,783,pos,0 days 00:20:14.971000,0 days 01:15:51.579000
2024-05-19 13:23:31.665,OnTrack,-1009,-1585,784,pos,0 days 00:20:15.071000,0 days 01:15:51.679000
2024-05-19 13:23:31.885,OnTrack,-1181,-1591,784,pos,0 days 00:20:15.291000,0 days 01:15:51.899000
2024-05-19 13:23:32.185,OnTrack,-1391,-1598,785,pos,0 days 00:20:15.591000,0 days 01:15:52.199000
2024-05-19 13:23:32.365,OnTrack,-1532,-1607,786,pos,0 days 00:20:15.771000,0 days 01:15:52.379000
2024-05-19 13:23:32.485,OnTrack,-1626,-1612,786,pos,0 days 00:20:15.891000,0 days 01:15:52.499000
2024-05-19 13:23:32.665,OnTrack,-1769,-1620,787,pos,0 days 00:20:16.071000,0 days 01:15:52.679000
2024-05-19 13:23:32.885,OnTrack,-1944,-1630,788,pos,0 days 00:20:16.291000,0 days 01:15:52.899000
2024-05-19 13:23:33.065,OnTrack,-2088,-1638,788,pos,0 days 00:20:16.471000,0 days 01:15:53.079000
2024-05-19 13:23:33.305,OnTrack,-2281,-1649,789,pos,0 days 00:20:16.711000,0 days 01:15:53.319000
2024-05-19 13:23:33.665,OnTrack,-2573,-1665,790,pos,0 days 00:20:17.071000,0 days 01:15:53.679000
2024-05-19 13:23:33.865,OnTrack,-2801,-1673,791,pos,0 days 00:20:17.271000,0 days 01:15:53.879000
2024-05-19 13:23:34.245,OnTrack,-3048,-1681,792,pos,0 days 00:20:17.651000,0 days 01:15:54.259000
2024-05-19 13:23:34.485,OnTrack,-3246,-1688,793,pos,0 days 00:20:17.891000,0 days 01:15:54.499000
2024-05-19 13:23:34.585,OnTrack,-3329,-1691,793,pos,0 days 00:20:17.991000,0 days 01:15:54.599000
2024-05-19 13:23:34.765,OnTrack,-3478,-1695,794,pos,0 days 00:20:18.171000,0 days 01:15:54.779000
2024-05-19 13:23:35.045,OnTrack,-3826,-1683,796,pos,0 days 00:20:18.451000,0 days 01:15:55.059000
2024-05-19 13:23:35.365,OnTrack,-3976,-1664,796,pos,0 days 00:20:18.771000,0 days 01:15:55.379000
2024-05-19 13:23:35.565,OnTrack,-4143,-1636,797,pos,0 days 00:20:18.971000,0 days 01:15:55.579000
2024-05-19 13:23:35.745,OnTrack,-4293,-1605,798,pos,0 days 00:20:19.151000,0 days 01:15:55.759000
2024-05-19 13:23:36.084,OnTrack,-4575,-1540,800,pos,0 days 00:20:19.490000,0 days 01:15:56.098000
2024-05-19 13:23:36.344,OnTrack,-4872,-1467,802,pos,0 days 00:20:19.750000,0 days 01:15:56.358000
2024-05-19 13:23:36.604,OnTrack,-5005,-1434,803,pos,0 days 00:20:20.010000,0 days 01:15:56.618000
2024-05-19 13:23:36.864,OnTrack,-5336,-1355,806,pos,0 days 00:20:20.270000,0 days 01:15:56.878000
2024-05-19 13:23:37.204,OnTrack,-5503,-1318,807,pos,0 days 00:20:20.610000,0 days 01:15:57.218000
2024-05-19 13:23:37.384,OnTrack,-5666,-1288,809,pos,0 days 00:20:20.790000,0 days 01:15:57.398000
2024-05-19 13:23:37.665,OnTrack,-5908,-1255,811,pos,0 days 00:20:21.071000,0 days 01:15:57.679000
2024-05-19 13:23:37.845,OnTrack,-6062,-1242,812,pos,0 days 00:20:21.251000,0 days 01:15:57.859000
2024-05-19 13:23:38.045,OnTrack,-6234,-1234,814,pos,0 days 00:20:21.451000,0 days 01:15:58.059000
2024-05-19 13:23:38.305,OnTrack,-6459,-1230,814,pos,0 days 00:20:21.711000,0 days 01:15:58.319000
2024-05-19 13:23:38.625,OnTrack,-6735,-1230,816,pos,0 days 00:20:22.031000,0 days 01:15:58.639000
2024-05-19 13:23:38.765,OnTrack,-6923,-1233,816,pos,0 days 00:20:22.171000,0 days 01:15:58.779000
2024-05-19 13:23:39.045,OnTrack,-7095,-1239,817,pos,0 days 00:20:22.451000,0 days 01:15:59.059000
2024-05-19 13:23:39.245,OnTrack,-7266,-1248,818,pos,0 days 00:20:22.651000,0 days 01:15:59.259000
2024-05-19 13:23:39.505,OnTrack,-7487,-1266,818,pos,0 days 00:20:22.911000,0 days 01:15:59.519000
2024-05-19 13:23:39.765,OnTrack,-7707,-1288,818,pos,0 days 00:20:23.171000,0 days 01:15:59.779000
2024-05-19 13:23:40.025,OnTrack,-8035,-1327,818,pos,0 days 00:20:23.431000,0 days 01:16:00.039000
2024-05-19 13:23:40.305,OnTrack,-8228,-1352,819,pos,0 days 00:20:23.711000,0 days 01:16:00.319000
2024-05-19 13:23:40.605,OnTrack,-8480,-1386,819,pos,0 days 00:20:24.011000,0 days 01:16:00.619000
2024-05-19 13:23:40.765,OnTrack,-8714,-1419,819,pos,0 days 00:20:24.171000,0 days 01:16:00.779000
2024-05-19 13:23:41.205,OnTrack,-8980,-1457,819,pos,0 days 00:20:24.611000,0 days 01:16:01.219000
2024-05-19 13:23:41.385,OnTrack,-9224,-1501,819,pos,0 days 00:20:24.791000,0 days 01:16:01.399000
2024-05-19 13:23:41.725,OnTrack,-9395,-1544,819,pos,0 days 00:20:25.131000,0 days 01:16:01.739000
2024-05-19 13:23:41.945,OnTrack,-9559,-1594,819,pos,0 days 00:20:25.351000,0 days 01:16:01.959000
2024-05-19 13:23:42.185,OnTrack,-9725,-1646,818,pos,0 days 00:20:25.591000,0 days 01:16:02.199000
2024-05-19 13:23:42.464,OnTrack,-9925,-1709,818,pos,0 days 00:20:25.870000,0 days 01:16:02.478000
2024-05-19 13:23:42.824,OnTrack,-10081,-1758,818,pos,0 days 00:20:26.230000,0 days 01:16:02.838000
2024-05-19 13:23:42.984,OnTrack,-10112,-1768,818,pos,0 days 00:20:26.390000,0 days 01:16:02.998000
2024-05-19 13:23:43.184,OnTrack,-10199,-1799,818,pos,0 days 00:20:26.590000,0 days 01:16:03.198000
2024-05-19 13:23:43.444,OnTrack,-10287,-1855,818,pos,0 days 00:20:26.850000,0 days 01:16:03.458000
2024-05-19 13:23:43.604,OnTrack,-10331,-1904,818,pos,0 days 00:20:27.010000,0 days 01:16:03.618000
2024-05-19 13:23:43.804,OnTrack,-10371,-1979,818,pos,0 days 00:20:27.210000,0 days 01:16:03.818000
2024-05-19 13:23:43.984,OnTrack,-10397,-2055,818,pos,0 days 00:20:27.390000,0 days 01:16:03.998000
2024-05-19 13:23:44.305,OnTrack,-10446,-2224,819,pos,0 days 00:20:27.711000,0 days 01:16:04.319000
2024-05-19 13:23:44.645,OnTrack,-10493,-2326,818,pos,0 days 00:20:28.051000,0 days 01:16:04.659000
2024-05-19 13:23:44.925,OnTrack,-10615,-2470,818,pos,0 days 00:20:28.331000,0 days 01:16:04.939000
2024-05-19 13:23:45.345,OnTrack,-10719,-2548,819,pos,0 days 00:20:28.751000,0 days 01:16:05.359000
2024-05-19 13:23:45.605,OnTrack,-10823,-2613,820,pos,0 days 00:20:29.011000,0 days 01:16:05.619000
2024-05-19 13:23:45.725,OnTrack,-10873,-2643,820,pos,0 days 00:20:29.131000,0 days 01:16:05.739000
2024-05-19 13:23:45.925,OnTrack,-10958,-2692,821,pos,0 days 00:20:29.331000,0 days 01:16:05.939000
2024-05-19 13:23:46.125,OnTrack,-11046,-2744,822,pos,0 days 00:20:29.531000,0 days 01:16:06.139000
2024-05-19 13:23:46.285,OnTrack,-11118,-2786,822,pos,0 days 00:20:29.691000,0 days 01:16:06.299000
2024-05-19 13:23:46.545,OnTrack,-11304,-2896,824,pos,0 days 00:20:29.951000,0 days 01:16:06.559000
2024-05-19 13:23:46.945,OnTrack,-11429,-2977,824,pos,0 days 00:20:30.351000,0 days 01:16:06.959000
2024-05-19 13:23:47.225,OnTrack,-11589,-3114,825,pos,0 days 00:20:30.631000,0 days 01:16:07.239000
2024-05-19 13:23:47.565,OnTrack,-11685,-3239,825,pos,0 days 00:20:30.971000,0 days 01:16:07.579000
2024-05-19 13:23:47.865,OnTrack,-11783,-3428,826,pos,0 days 00:20:31.271000,0 days 01:16:07.879000
2024-05-19 13:23:48.065,OnTrack,-11850,-3598,827,pos,0 days 00:20:31.471000,0 days 01:16:08.079000
2024-05-19 13:23:48.345,OnTrack,-11896,-3720,827,pos,0 days 00:20:31.751000,0 days 01:16:08.359000
2024-05-19 13:23:48.645,OnTrack,-11980,-3944,828,pos,0 days 00:20:32.051000,0 days 01:16:08.659000
2024-05-19 13:23:48.945,OnTrack,-12037,-4098,829,pos,0 days 00:20:32.351000,0 days 01:16:08.959000
2024-05-19 13:23:49.264,OnTrack,-12116,-4306,829,pos,0 days 00:20:32.670000,0 days 01:16:09.278000
2024-05-19 13:23:49.444,OnTrack,-12160,-4425,830,pos,0 days 00:20:32.850000,0 days 01:16:09.458000
2024-05-19 13:23:49.744,OnTrack,-12236,-4625,830,pos,0 days 00:20:33.150000,0 days 01:16:09.758000
2024-05-19 13:23:49.924,OnTrack,-12281,-4747,831,pos,0 days 00:20:33.330000,0 days 01:16:09.938000
2024-05-19 13:23:50.044,OnTrack,-12312,-4829,831,pos,0 days 00:20:33.450000,0 days 01:16:10.058000
2024-05-19 13:23:50.224,OnTrack,-12359,-4954,831,pos,0 days 00:20:33.630000,0 days 01:16:10.238000
2024-05-19 13:23:50.544,OnTrack,-12480,-5277,832,pos,0 days 00:20:33.950000,0 days 01:16:10.558000
2024-05-19 13:23:50.905,OnTrack,-12539,-5434,832,pos,0 days 00:20:34.311000,0 days 01:16:10.919000
2024-05-19 13:23:51.125,OnTrack,-12631,-5679,833,pos,0 days 00:20:34.531000,0 days 01:16:11.139000
2024-05-19 13:23:51.605,OnTrack,-12747,-5986,834,pos,0 days 00:20:35.011000,0 days 01:16:11.619000
2024-05-19 13:23:51.845,OnTrack,-12798,-6118,834,pos,0 days 00:20:35.251000,0 days 01:16:11.859000
2024-05-19 13:23:52.045,OnTrack,-12856,-6264,835,pos,0 days 00:20:35.451000,0 days 01:16:12.059000
2024-05-19 13:23:52.245,OnTrack,-12917,-6409,835,pos,0 days 00:20:35.651000,0 days 01:16:12.259000
2024-05-19 13:23:52.465,OnTrack,-12984,-6569,835,pos,0 days 00:20:35.871000,0 days 01:16:12.479000
2024-05-19 13:23:52.725,OnTrack,-13062,-6755,836,pos,0 days 00:20:36.131000,0 days 01:16:12.739000
2024-05-19 13:23:53.025,OnTrack,-13133,-6956,837,pos,0 days 00:20:36.431000,0 days 01:16:13.039000
2024-05-19 13:23:53.205,OnTrack,-13163,-7147,838,pos,0 days 00:20:36.611000,0 days 01:16:13.219000
2024-05-19 13:23:53.565,OnTrack,-13143,-7387,839,pos,0 days 00:20:36.971000,0 days 01:16:13.579000
2024-05-19 13:23:54.085,OnTrack,-13089,-7631,841,pos,0 days 00:20:37.491000,0 days 01:16:14.099000
2024-05-19 13:23:54.305,OnTrack,-13066,-7728,842,pos,0 days 00:20:37.711000,0 days 01:16:14.319000
2024-05-19 13:23:54.625,OnTrack,-13025,-7954,843,pos,0 days 00:20:38.031000,0 days 01:16:14.639000
2024-05-19 13:23:54.985,OnTrack,-13029,-8052,844,pos,0 days 00:20:38.391000,0 days 01:16:14.999000
2024-05-19 13:23:55.165,OnTrack,-13051,-8128,845,pos,0 days 00:20:38.571000,0 days 01:16:15.179000
2024-05-19 13:23:55.325,OnTrack,-13086,-8190,846,pos,0 days 00:20:38.731000,0 days 01:16:15.339000
2024-05-19 13:23:55.545,OnTrack,-13155,-8268,846,pos,0 days 00:20:38.951000,0 days 01:16:15.559000
2024-05-19 13:23:55.864,OnTrack,-13274,-8372,848,pos,0 days 00:20:39.270000,0 days 01:16:15.878000
2024-05-19 13:23:55.984,OnTrack,-13317,-8411,848,pos,0 days 00:20:39.390000,0 days 01:16:15.998000
2024-05-19 13:23:56.184,OnTrack,-13392,-8474,849,pos,0 days 00:20:39.590000,0 days 01:16:16.198000
2024-05-19 13:23:56.384,OnTrack,-13470,-8540,850,pos,0 days 00:20:39.790000,0 days 01:16:16.398000
2024-05-19 13:23:56.624,OnTrack,-13623,-8670,852,pos,0 days 00:20:40.030000,0 days 01:16:16.638000
2024-05-19 13:23:57.004,OnTrack,-13724,-8755,854,pos,0 days 00:20:40.410000,0 days 01:16:17.018000
2024-05-19 13:23:57.244,OnTrack,-13811,-8828,855,pos,0 days 00:20:40.650000,0 days 01:16:17.258000
2024-05-19 13:23:57.465,OnTrack,-13964,-8958,858,pos,0 days 00:20:40.871000,0 days 01:16:17.479000
2024-05-19 13:23:57.885,OnTrack,-14098,-9083,862,pos,0 days 00:20:41.291000,0 days 01:16:17.899000
2024-05-19 13:23:58.065,OnTrack,-14178,-9162,865,pos,0 days 00:20:41.471000,0 days 01:16:18.079000
2024-05-19 13:23:58.285,OnTrack,-14276,-9259,870,pos,0 days 00:20:41.691000,0 days 01:16:18.299000
2024-05-19 13:23:58.485,OnTrack,-14419,-9401,876,pos,0 days 00:20:41.891000,0 days 01:16:18.499000
2024-05-19 13:23:58.825,OnTrack,-14519,-9496,881,pos,0 days 00:20:42.231000,0 days 01:16:18.839000
2024-05-19 13:23:59.765,OnTrack,-14833,-9822,896,pos,0 days 00:20:43.171000,0 days 01:16:19.779000
2024-05-19 13:23:59.985,OnTrack,-14874,-9892,899,pos,0 days 00:20:43.391000,0 days 01:16:19.999000
2024-05-19 13:24:00.085,OnTrack,-14888,-9924,900,pos,0 days 00:20:43.491000,0 days 01:16:20.099000
2024-05-19 13:24:00.345,OnTrack,-14912,-10007,902,pos,0 days 00:20:43.751000,0 days 01:16:20.359000
2024-05-19 13:24:00.625,OnTrack,-14906,-10134,908,pos,0 days 00:20:44.031000,0 days 01:16:20.639000
2024-05-19 13:24:00.885,OnTrack,-14895,-10167,910,pos,0 days 00:20:44.291000,0 days 01:16:20.899000
2024-05-19 13:24:01.145,OnTrack,-14859,-10231,913,pos,0 days 00:20:44.551000,0 days 01:16:21.159000
2024-05-19 13:24:01.385,OnTrack,-14815,-10281,917,pos,0 days 00:20:44.791000,0 days 01:16:21.399000
2024-05-19 13:24:01.585,OnTrack,-14774,-10314,920,pos,0 days 00:20:44.991000,0 days 01:16:21.599000
2024-05-19 13:24:01.785,OnTrack,-14729,-10341,922,pos,0 days 00:20:45.191000,0 days 01:16:21.799000
2024-05-19 13:24:02.045,OnTrack,-14666,-10368,925,pos,0 days 00:20:45.451000,0 days 01:16:22.059000
2024-05-19 13:24:02.224,OnTrack,-14619,-10380,928,pos,0 days 00:20:45.630000,0 days 01:16:22.238000
2024-05-19 13:24:02.404,OnTrack,-14570,-10389,930,pos,0 days 00:20:45.810000,0 days 01:16:22.418000
2024-05-19 13:24:02.704,OnTrack,-14485,-10395,935,pos,0 days 00:20:46.110000,0 days 01:16:22.718000
2024-05-19 13:24:02.784,OnTrack,-14461,-10395,936,pos,0 days 00:20:46.190000,0 days 01:16:22.798000
2024-05-19 13:24:03.044,OnTrack,-14336,-10387,942,pos,0 days 00:20:46.450000,0 days 01:16:23.058000
2024-05-19 13:24:03.564,OnTrack,-14204,-10369,948,pos,0 days 00:20:46.970000,0 days 01:16:23.578000
2024-05-19 13:24:03.744,OnTrack,-14081,-10347,953,pos,0 days 00:20:47.150000,0 days 01:16:23.758000
2024-05-19 13:24:04.065,OnTrack,-14006,-10333,957,pos,0 days 00:20:47.471000,0 days 01:16:24.079000
2024-05-19 13:24:04.265,OnTrack,-13918,-10315,960,pos,0 days 00:20:47.671000,0 days 01:16:24.279000
2024-05-19 13:24:04.545,OnTrack,-13789,-10288,966,pos,0 days 00:20:47.951000,0 days 01:16:24.559000
2024-05-19 13:24:04.825,OnTrack,-13599,-10250,974,pos,0 days 00:20:48.231000,0 days 01:16:24.839000
2024-05-19 13:24:05.145,OnTrack,-13483,-10229,979,pos,0 days 00:20:48.551000,0 days 01:16:25.159000
2024-05-19 13:24:05.425,OnTrack,-13330,-10201,986,pos,0 days 00:20:48.831000,0 days 01:16:25.439000
2024-05-19 13:24:05.605,OnTrack,-13193,-10177,990,pos,0 days 00:20:49.011000,0 days 01:16:25.619000
2024-05-19 13:24:05.925,OnTrack,-13040,-10150,995,pos,0 days 00:20:49.331000,0 days 01:16:25.939000
2024-05-19 13:24:06.265,OnTrack,-12758,-10106,1004,pos,0 days 00:20:49.671000,0 days 01:16:26.279000
2024-05-19 13:24:06.625,OnTrack,-12553,-10075,1011,pos,0 days 00:20:50.031000,0 days 01:16:26.639000
2024-05-19 13:24:07.105,OnTrack,-12290,-10038,1022,pos,0 days 00:20:50.511000,0 days 01:16:27.119000
2024-05-19 13:24:07.285,OnTrack,-12086,-10010,1033,pos,0 days 00:20:50.691000,0 days 01:16:27.299000
2024-05-19 13:24:07.545,OnTrack,-11990,-9997,1040,pos,0 days 00:20:50.951000,0 days 01:16:27.559000
2024-05-19 13:24:07.765,OnTrack,-11844,-9979,1049,pos,0 days 00:20:51.171000,0 days 01:16:27.779000
2024-05-19 13:24:07.985,OnTrack,-11691,-9961,1060,pos,0 days 00:20:51.391000,0 days 01:16:27.999000
2024-05-19 13:24:08.145,OnTrack,-11577,-9949,1066,pos,0 days 00:20:51.551000,0 days 01:16:28.159000
2024-05-19 13:24:08.345,OnTrack,-11434,-9936,1076,pos,0 days 00:20:51.751000,0 days 01:16:28.359000
2024-05-19 13:24:08.545,OnTrack,-11289,-9926,1085,pos,0 days 00:20:51.951000,0 days 01:16:28.559000
2024-05-19 13:24:08.784,OnTrack,-11113,-9919,1095,pos,0 days 00:20:52.190000,0 days 01:16:28.798000
2024-05-19 13:24:09.104,OnTrack,-10876,-9919,1110,pos,0 days 00:20:52.510000,0 days 01:16:29.118000
2024-05-19 13:24:09.224,OnTrack,-10682,-9926,1118,pos,0 days 00:20:52.630000,0 days 01:16:29.238000
2024-05-19 13:24:09.664,OnTrack,-10458,-9944,1122,pos,0 days 00:20:53.070000,0 days 01:16:29.678000
2024-05-19 13:24:09.824,OnTrack,-10338,-9956,1122,pos,0 days 00:20:53.230000,0 days 01:16:29.838000
2024-05-19 13:24:10.124,OnTrack,-10113,-9982,1121,pos,0 days 00:20:53.530000,0 days 01:16:30.138000
2024-05-19 13:24:10.324,OnTrack,-9888,-10008,1119,pos,0 days 00:20:53.730000,0 days 01:16:30.338000
2024-05-19 13:24:10.785,OnTrack,-9588,-10042,1117,pos,0 days 00:20:54.191000,0 days 01:16:30.799000
2024-05-19 13:24:11.005,OnTrack,-9460,-10055,1116,pos,0 days 00:20:54.411000,0 days 01:16:31.019000
2024-05-19 13:24:11.265,OnTrack,-9287,-10069,1115,pos,0 days 00:20:54.671000,0 days 01:16:31.279000
2024-05-19 13:24:11.565,OnTrack,-9109,-10067,1114,pos,0 days 00:20:54.971000,0 days 01:16:31.579000
2024-05-19 13:24:11.785,OnTrack,-8936,-10029,1114,pos,0 days 00:20:55.191000,0 days 01:16:31.799000
2024-05-19 13:24:12.085,OnTrack,-8837,-9983,1114,pos,0 days 00:20:55.491000,0 days 01:16:32.099000
2024-05-19 13:24:12.365,OnTrack,-8717,-9894,1109,pos,0 days 00:20:55.771000,0 days 01:16:32.379000
2024-05-19 13:24:12.605,OnTrack,-8615,-9769,1106,pos,0 days 00:20:56.011000,0 days 01:16:32.619000
2024-05-19 13:24:12.945,OnTrack,-8538,-9632,1102,pos,0 days 00:20:56.351000,0 days 01:16:32.959000
2024-05-19 13:24:13.145,OnTrack,-8486,-9531,1099,pos,0 days 00:20:56.551000,0 days 01:16:33.159000
2024-05-19 13:24:13.445,OnTrack,-8411,-9376,1093,pos,0 days 00:20:56.851000,0 days 01:16:33.459000
2024-05-19 13:24:13.625,OnTrack,-8368,-9277,1090,pos,0 days 00:20:57.031000,0 days 01:16:33.639000
2024-05-19 13:24:13.805,OnTrack,-8329,-9175,1086,pos,0 days 00:20:57.211000,0 days 01:16:33.819000
2024-05-19 13:24:14.005,OnTrack,-8293,-9057,1082,pos,0 days 00:20:57.411000,0 days 01:16:34.019000
2024-05-19 13:24:14.245,OnTrack,-8262,-8909,1076,pos,0 days 00:20:57.651000,0 days 01:16:34.259000
2024-05-19 13:24:14.325,OnTrack,-8254,-8859,1074,pos,0 days 00:20:57.731000,0 days 01:16:34.339000
2024-05-19 13:24:14.585,OnTrack,-8239,-8691,1065,pos,0 days 00:20:57.991000,0 days 01:16:34.599000
2024-05-19 13:24:14.825,OnTrack,-8238,-8532,1056,pos,0 days 00:20:58.231000,0 days 01:16:34.839000
2024-05-19 13:24:14.985,OnTrack,-8244,-8424,1048,pos,0 days 00:20:58.391000,0 days 01:16:34.999000
2024-05-19 13:24:15.185,OnTrack,-8256,-8302,1039,pos,0 days 00:20:58.591000,0 days 01:16:35.199000
2024-05-19 13:24:15.504,OnTrack,-8303,-7992,1010,pos,0 days 00:20:58.910000,0 days 01:16:35.518000
2024-05-19 13:24:15.764,OnTrack,-8319,-7908,1003,pos,0 days 00:20:59.170000,0 days 01:16:35.778000
2024-05-19 13:24:16.084,OnTrack,-8369,-7683,985,pos,0 days 00:20:59.490000,0 days 01:16:36.098000
2024-05-19 13:24:16.284,OnTrack,-8402,-7541,975,pos,0 days 00:20:59.690000,0 days 01:16:36.298000
2024-05-19 13:24:16.464,OnTrack,-8454,-7312,961,pos,0 days 00:20:59.870000,0 days 01:16:36.478000
2024-05-19 13:24:16.864,OnTrack,-8513,-7052,947,pos,0 days 00:21:00.270000,0 days 01:16:36.878000
2024-05-19 13:24:17.265,OnTrack,-8563,-6833,935,pos,0 days 00:21:00.671000,0 days 01:16:37.279000
2024-05-19 13:24:17.405,OnTrack,-8586,-6731,930,pos,0 days 00:21:00.811000,0 days 01:16:37.419000
2024-05-19 13:24:17.585,OnTrack,-8615,-6600,923,pos,0 days 00:21:00.991000,0 days 01:16:37.599000
2024-05-19 13:24:17.925,OnTrack,-8652,-6363,911,pos,0 days 00:21:01.331000,0 days 01:16:37.939000
2024-05-19 13:24:18.085,OnTrack,-8653,-6257,907,pos,0 days 00:21:01.491000,0 days 01:16:38.099000
2024-05-19 13:24:18.385,OnTrack,-8609,-6056,900,pos,0 days 00:21:01.791000,0 days 01:16:38.399000
2024-05-19 13:24:18.545,OnTrack,-8526,-5868,897,pos,0 days 00:21:01.951000,0 days 01:16:38.559000
2024-05-19 13:24:19.005,OnTrack,-8432,-5698,897,pos,0 days 00:21:02.411000,0 days 01:16:39.019000
2024-05-19 13:24:19.205,OnTrack,-8378,-5608,897,pos,0 days 00:21:02.611000,0 days 01:16:39.219000
2024-05-19 13:24:20.305,OnTrack,-8016,-5325,911,pos,0 days 00:21:03.711000,0 days 01:16:40.319000
2024-05-19 13:24:20.585,OnTrack,-7957,-5329,917,pos,0 days 00:21:03.991000,0 days 01:16:40.599000
2024-05-19 13:24:20.925,OnTrack,-7837,-5354,927,pos,0 days 00:21:04.331000,0 days 01:16:40.939000
2024-05-19 13:24:21.165,OnTrack,-7720,-5386,938,pos,0 days 00:21:04.571000,0 days 01:16:41.179000
2024-05-19 13:24:21.545,OnTrack,-7618,-5409,947,pos,0 days 00:21:04.951000,0 days 01:16:41.559000
2024-05-19 13:24:21.605,OnTrack,-7596,-5414,949,pos,0 days 00:21:05.011000,0 days 01:16:41.619000
2024-05-19 13:24:21.945,OnTrack,-7461,-5432,961,pos,0 days 00:21:05.351000,0 days 01:16:41.959000
2024-05-19 13:24:22.164,OnTrack,-7368,-5439,969,pos,0 days 00:21:05.570000,0 days 01:16:42.178000
2024-05-19 13:24:22.344,OnTrack,-7290,-5442,976,pos,0 days 00:21:05.750000,0 days 01:16:42.358000
2024-05-19 13:24:22.604,OnTrack,-7127,-5443,989,pos,0 days 00:21:06.010000,0 days 01:16:42.618000
2024-05-19 13:24:22.964,OnTrack,-6911,-5441,1003,pos,0 days 00:21:06.370000,0 days 01:16:42.978000
2024-05-19 13:24:23.364,OnTrack,-6770,-5440,1012,pos,0 days 00:21:06.770000,0 days 01:16:43.378000
2024-05-19 13:24:23.504,OnTrack,-6692,-5439,1015,pos,0 days 00:21:06.910000,0 days 01:16:43.518000
2024-05-19 13:24:23.805,OnTrack,-6435,-5437,1027,pos,0 days 00:21:07.211000,0 days 01:16:43.819000
2024-05-19 13:24:24.125,OnTrack,-6326,-5436,1030,pos,0 days 00:21:07.531000,0 days 01:16:44.139000
2024-05-19 13:24:24.325,OnTrack,-6202,-5435,1034,pos,0 days 00:21:07.731000,0 days 01:16:44.339000
2024-05-19 13:24:24.525,OnTrack,-6075,-5434,1037,pos,0 days 00:21:07.931000,0 days 01:16:44.539000
2024-05-19 13:24:24.825,OnTrack,-5790,-5432,1045,pos,0 days 00:21:08.231000,0 days 01:16:44.839000
2024-05-19 13:24:25.145,OnTrack,-5671,-5431,1049,pos,0 days 00:21:08.551000,0 days 01:16:45.159000
2024-05-19 13:24:25.505,OnTrack,-5426,-5428,1055,pos,0 days 00:21:08.911000,0 days 01:16:45.519000
2024-05-19 13:24:25.685,OnTrack,-5296,-5425,1059,pos,0 days 00:21:09.091000,0 days 01:16:45.699000
2024-05-19 13:24:25.845,OnTrack,-5184,-5421,1063,pos,0 days 00:21:09.251000,0 days 01:16:45.859000
2024-05-19 13:24:26.085,OnTrack,-4933,-5402,1071,pos,0 days 00:21:09.491000,0 days 01:16:46.099000
2024-05-19 13:24:26.525,OnTrack,-4691,-5380,1076,pos,0 days 00:21:09.931000,0 days 01:16:46.539000
2024-05-19 13:24:26.725,OnTrack,-4549,-5368,1079,pos,0 days 00:21:10.131000,0 days 01:16:46.739000
2024-05-19 13:24:26.965,OnTrack,-4377,-5353,1082,pos,0 days 00:21:10.371000,0 days 01:16:46.979000
2024-05-19 13:24:27.165,OnTrack,-4234,-5341,1083,pos,0 days 00:21:10.571000,0 days 01:16:47.179000
2024-05-19 13:24:27.385,OnTrack,-4019,-5324,1085,pos,0 days 00:21:10.791000,0 days 01:16:47.399000
2024-05-19 13:24:27.605,OnTrack,-3922,-5316,1085,pos,0 days 00:21:11.011000,0 days 01:16:47.619000
2024-05-19 13:24:27.925,OnTrack,-3720,-5299,1087,pos,0 days 00:21:11.331000,0 days 01:16:47.939000
2024-05-19 13:24:28.145,OnTrack,-3599,-5289,1087,pos,0 days 00:21:11.551000,0 days 01:16:48.159000
2024-05-19 13:24:28.345,OnTrack,-3444,-5278,1088,pos,0 days 00:21:11.751000,0 days 01:16:48.359000
2024-05-19 13:24:28.664,OnTrack,-3357,-5274,1089,pos,0 days 00:21:12.070000,0 days 01:16:48.678000
2024-05-19 13:24:28.864,OnTrack,-3283,-5273,1090,pos,0 days 00:21:12.270000,0 days 01:16:48.878000
2024-05-19 13:24:29.144,OnTrack,-3171,-5299,1093,pos,0 days 00:21:12.550000,0 days 01:16:49.158000
2024-05-19 13:24:29.484,OnTrack,-3106,-5348,1095,pos,0 days 00:21:12.890000,0 days 01:16:49.498000
2024-05-19 13:24:29.704,OnTrack,-3053,-5404,1096,pos,0 days 00:21:13.110000,0 days 01:16:49.718000
2024-05-19 13:24:29.924,OnTrack,-3004,-5457,1096,pos,0 days 00:21:13.330000,0 days 01:16:49.938000
2024-05-19 13:24:30.184,OnTrack,-2916,-5528,1096,pos,0 days 00:21:13.590000,0 days 01:16:50.198000
2024-05-19 13:24:30.605,OnTrack,-2838,-5558,1095,pos,0 days 00:21:14.011000,0 days 01:16:50.619000
2024-05-19 13:24:30.765,OnTrack,-2796,-5563,1094,pos,0 days 00:21:14.171000,0 days 01:16:50.779000
2024-05-19 13:24:30.925,OnTrack,-2752,-5560,1094,pos,0 days 00:21:14.331000,0 days 01:16:50.939000
2024-05-19 13:24:31.225,OnTrack,-2634,-5532,1091,pos,0 days 00:21:14.631000,0 days 01:16:51.239000
2024-05-19 13:24:31.565,OnTrack,-2572,-5511,1090,pos,0 days 00:21:14.971000,0 days 01:16:51.579000
2024-05-19 13:24:31.825,OnTrack,-2496,-5483,1088,pos,0 days 00:21:15.231000,0 days 01:16:51.839000
2024-05-19 13:24:31.925,OnTrack,-2466,-5470,1087,pos,0 days 00:21:15.331000,0 days 01:16:51.939000
2024-05-19 13:24:32.225,OnTrack,-2324,-5405,1084,pos,0 days 00:21:15.631000,0 days 01:16:52.239000
2024-05-19 13:24:32.665,OnTrack,-2218,-5351,1081,pos,0 days 00:21:16.071000,0 days 01:16:52.679000
2024-05-19 13:24:32.805,OnTrack,-2166,-5324,1080,pos,0 days 00:21:16.211000,0 days 01:16:52.819000
2024-05-19 13:24:33.065,OnTrack,-2063,-5269,1078,pos,0 days 00:21:16.471000,0 days 01:16:53.079000
2024-05-19 13:24:33.325,OnTrack,-1933,-5201,1075,pos,0 days 00:21:16.731000,0 days 01:16:53.339000
2024-05-19 13:24:33.565,OnTrack,-1842,-5153,1073,pos,0 days 00:21:16.971000,0 days 01:16:53.579000
2024-05-19 13:24:33.885,OnTrack,-1629,-5044,1069,pos,0 days 00:21:17.291000,0 days 01:16:53.899000
2024-05-19 13:24:34.225,OnTrack,-1501,-4983,1067,pos,0 days 00:21:17.631000,0 days 01:16:54.239000
2024-05-19 13:24:34.525,OnTrack,-1263,-4875,1062,pos,0 days 00:21:17.931000,0 days 01:16:54.539000
2024-05-19 13:24:34.965,OnTrack,-1095,-4793,1059,pos,0 days 00:21:18.371000,0 days 01:16:54.979000
2024-05-19 13:24:35.005,OnTrack,-1073,-4781,1059,pos,0 days 00:21:18.411000,0 days 01:16:55.019000
2024-05-19 13:24:35.344,OnTrack,-838,-4644,1053,pos,0 days 00:21:18.750000,0 days 01:16:55.358000
2024-05-19 13:24:35.764,OnTrack,-650,-4517,1048,pos,0 days 00:21:19.170000,0 days 01:16:55.778000
2024-05-19 13:24:35.844,OnTrack,-605,-4485,1046,pos,0 days 00:21:19.250000,0 days 01:16:55.858000
2024-05-19 13:24:36.184,OnTrack,-371,-4313,1040,pos,0 days 00:21:19.590000,0 days 01:16:56.198000
2024-05-19 13:24:36.504,OnTrack,-237,-4208,1035,pos,0 days 00:21:19.910000,0 days 01:16:56.518000
2024-05-19 13:24:36.785,OnTrack,-82,-4079,1031,pos,0 days 00:21:20.191000,0 days 01:16:56.799000
2024-05-19 13:24:36.925,OnTrack,-7,-4012,1029,pos,0 days 00:21:20.331000,0 days 01:16:56.939000
2024-05-19 13:24:37.125,OnTrack,98,-3911,1027,pos,0 days 00:21:20.531000,0 days 01:16:57.139000
2024-05-19 13:24:37.305,OnTrack,225,-3782,1023,pos,0 days 00:21:20.711000,0 days 01:16:57.319000
2024-05-19 13:24:37.605,OnTrack,448,-3539,1015,pos,0 days 00:21:21.011000,0 days 01:16:57.619000
2024-05-19 13:24:38.065,OnTrack,611,-3358,1007,pos,0 days 00:21:21.471000,0 days 01:16:58.079000
2024-05-19 13:24:38.285,OnTrack,724,-3233,1000,pos,0 days 00:21:21.691000,0 days 01:16:58.299000
2024-05-19 13:24:38.485,OnTrack,828,-3118,993,pos,0 days 00:21:21.891000,0 days 01:16:58.499000
2024-05-19 13:24:38.645,OnTrack,984,-2945,981,pos,0 days 00:21:22.051000,0 days 01:16:58.659000
2024-05-19 13:24:38.985,OnTrack,1090,-2828,972,pos,0 days 00:21:22.391000,0 days 01:16:58.999000
2024-05-19 13:24:39.245,OnTrack,1227,-2677,960,pos,0 days 00:21:22.651000,0 days 01:16:59.259000
2024-05-19 13:24:39.565,OnTrack,1425,-2471,942,pos,0 days 00:21:22.971000,0 days 01:16:59.579000
2024-05-19 13:24:39.945,OnTrack,1720,-2236,918,pos,0 days 00:21:23.351000,0 days 01:16:59.959000
2024-05-19 13:24:40.325,OnTrack,1987,-2100,897,pos,0 days 00:21:23.731000,0 days 01:17:00.339000
2024-05-19 13:24:40.785,OnTrack,2353,-1952,869,pos,0 days 00:21:24.191000,0 days 01:17:00.799000
2024-05-19 13:24:41.085,OnTrack,2460,-1909,860,pos,0 days 00:21:24.491000,0 days 01:17:01.099000
2024-05-19 13:24:41.405,OnTrack,2710,-1807,841,pos,0 days 00:21:24.811000,0 days 01:17:01.419000
2024-05-19 13:24:41.784,OnTrack,2855,-1747,831,pos,0 days 00:21:25.190000,0 days 01:17:01.798000
2024-05-19 13:24:41.944,OnTrack,2924,-1716,827,pos,0 days 00:21:25.350000,0 days 01:17:01.958000
2024-05-19 13:24:42.104,OnTrack,2986,-1685,823,pos,0 days 00:21:25.510000,0 days 01:17:02.118000
2024-05-19 13:24:42.424,OnTrack,3080,-1619,816,pos,0 days 00:21:25.830000,0 days 01:17:02.438000
2024-05-19 13:24:42.684,OnTrack,3152,-1526,811,pos,0 days 00:21:26.090000,0 days 01:17:02.698000
2024-05-19 13:24:43.044,OnTrack,3187,-1410,806,pos,0 days 00:21:26.450000,0 days 01:17:03.058000
2024-05-19 13:24:43.525,OnTrack,3181,-1267,801,pos,0 days 00:21:26.931000,0 days 01:17:03.539000
2024-05-19 13:24:43.805,OnTrack,3164,-1191,799,pos,0 days 00:21:27.211000,0 days 01:17:03.819000
2024-05-19 13:24:44.105,OnTrack,3136,-1096,796,pos,0 days 00:21:27.511000,0 days 01:17:04.119000
2024-05-19 13:24:44.305,OnTrack,3114,-1030,795,pos,0 days 00:21:27.711000,0 days 01:17:04.319000
2024-05-19 13:24:44.545,OnTrack,3073,-914,793,pos,0 days 00:21:27.951000,0 days 01:17:04.559000
2024-05-19 13:24:44.925,OnTrack,3030,-811,793,pos,0 days 00:21:28.331000,0 days 01:17:04.939000
2024-05-19 13:24:45.125,OnTrack,2992,-734,791,pos,0 days 00:21:28.531000,0 days 01:17:05.139000
2024-05-19 13:24:45.325,OnTrack,2916,-603,790,pos,0 days 00:21:28.731000,0 days 01:17:05.339000
2024-05-19 13:24:45.645,OnTrack,2868,-541,789,pos,0 days 00:21:29.051000,0 days 01:17:05.659000
2024-05-19 13:24:46.005,OnTrack,2757,-444,788,pos,0 days 00:21:29.411000,0 days 01:17:06.019000
2024-05-19 13:24:46.225,OnTrack,2678,-404,787,pos,0 days 00:21:29.631000,0 days 01:17:06.239000
2024-05-19 13:24:46.425,OnTrack,2572,-373,786,pos,0 days 00:21:29.831000,0 days 01:17:06.439000
2024-05-19 13:24:46.745,OnTrack,2435,-359,786,pos,0 days 00:21:30.151000,0 days 01:17:06.759000
2024-05-19 13:24:47.125,OnTrack,2338,-364,786,pos,0 days 00:21:30.531000,0 days 01:17:07.139000
2024-05-19 13:24:47.305,OnTrack,2270,-374,785,pos,0 days 00:21:30.711000,0 days 01:17:07.319000
2024-05-19 13:24:47.565,OnTrack,2171,-401,783,pos,0 days 00:21:30.971000,0 days 01:17:07.579000
2024-05-19 13:24:47.745,OnTrack,2102,-427,783,pos,0 days 00:21:31.151000,0 days 01:17:07.759000
2024-05-19 13:24:48.025,OnTrack,1990,-476,781,pos,0 days 00:21:31.431000,0 days 01:17:08.039000
2024-05-19 13:24:48.185,OnTrack,1924,-508,781,pos,0 days 00:21:31.591000,0 days 01:17:08.199000
2024-05-19 13:24:48.484,OnTrack,1761,-583,779,pos,0 days 00:21:31.890000,0 days 01:17:08.498000
2024-05-19 13:24:48.824,OnTrack,1658,-629,778,pos,0 days 00:21:32.230000,0 days 01:17:08.838000
2024-05-19 13:24:49.124,OnTrack,1510,-697,778,pos,0 days 00:21:32.530000,0 days 01:17:09.138000
2024-05-19 13:24:49.184,OnTrack,1479,-711,778,pos,0 days 00:21:32.590000,0 days 01:17:09.198000
2024-05-19 13:24:49.404,OnTrack,1365,-762,778,pos,0 days 00:21:32.810000,0 days 01:17:09.418000
2024-05-19 13:24:49.764,OnTrack,1116,-875,778,pos,0 days 00:21:33.170000,0 days 01:17:09.778000
2024-05-19 13:24:50.005,OnTrack,1036,-911,778,pos,0 days 00:21:33.411000,0 days 01:17:10.019000
2024-05-19 13:24:50.285,OnTrack,875,-983,779,pos,0 days 00:21:33.691000,0 days 01:17:10.299000
2024-05-19 13:24:50.545,OnTrack,658,-1075,779,pos,0 days 00:21:33.951000,0 days 01:17:10.559000
2024-05-19 13:24:50.925,OnTrack,485,-1147,780,pos,0 days 00:21:34.331000,0 days 01:17:10.939000
2024-05-19 13:24:51.125,OnTrack,359,-1200,781,pos,0 days 00:21:34.531000,0 days 01:17:11.139000
2024-05-19 13:24:51.245,OnTrack,282,-1233,781,pos,0 days 00:21:34.651000,0 days 01:17:11.259000
2024-05-19 13:24:51.525,OnTrack,101,-1309,781,pos,0 days 00:21:34.931000,0 days 01:17:11.539000
2024-05-19 13:24:51.765,OnTrack,-57,-1374,781,pos,0 days 00:21:35.171000,0 days 01:17:11.779000
2024-05-19 13:24:51.945,OnTrack,-178,-1421,782,pos,0 days 00:21:35.351000,0 days 01:17:11.959000
2024-05-19 13:24:52.125,OnTrack,-301,-1464,782,pos,0 days 00:21:35.531000,0 days 01:17:12.139000
2024-05-19 13:24:52.325,OnTrack,-443,-1505,782,pos,0 days 00:21:35.731000,0 days 01:17:12.339000
2024-05-19 13:24:52.685,OnTrack,-704,-1560,783,pos,0 days 00:21:36.091000,0 days 01:17:12.699000
2024-05-19 13:24:52.885,OnTrack,-1015,-1586,784,pos,0 days 00:21:36.291000,0 days 01:17:12.899000
2024-05-19 13:24:53.265,OnTrack,-1201,-1592,784,pos,0 days 00:21:36.671000,0 days 01:17:13.279000
2024-05-19 13:24:53.325,OnTrack,-1248,-1593,785,pos,0 days 00:21:36.731000,0 days 01:17:13.339000
2024-05-19 13:24:53.705,OnTrack,-1548,-1608,786,pos,0 days 00:21:37.111000,0 days 01:17:13.719000
2024-05-19 13:24:54.085,OnTrack,-1880,-1627,787,pos,0 days 00:21:37.491000,0 days 01:17:14.099000
2024-05-19 13:24:54.425,OnTrack,-2088,-1638,788,pos,0 days 00:21:37.831000,0 days 01:17:14.439000
2024-05-19 13:24:54.605,OnTrack,-2233,-1646,789,pos,0 days 00:21:38.011000,0 days 01:17:14.619000
2024-05-19 13:24:54.924,OnTrack,-2492,-1661,790,pos,0 days 00:21:38.330000,0 days 01:17:14.938000
2024-05-19 13:24:55.164,OnTrack,-2688,-1670,791,pos,0 days 00:21:38.570000,0 days 01:17:15.178000
2024-05-19 13:24:55.344,OnTrack,-2835,-1674,791,pos,0 days 00:21:38.750000,0 days 01:17:15.358000
2024-05-19 13:24:55.544,OnTrack,-3000,-1679,792,pos,0 days 00:21:38.950000,0 days 01:17:15.558000
2024-05-19 13:24:55.744,OnTrack,-3166,-1685,793,pos,0 days 00:21:39.150000,0 days 01:17:15.758000
2024-05-19 13:24:55.964,OnTrack,-3349,-1692,793,pos,0 days 00:21:39.370000,0 days 01:17:15.978000
2024-05-19 13:24:56.164,OnTrack,-3599,-1695,795,pos,0 days 00:21:39.570000,0 days 01:17:16.178000
2024-05-19 13:24:56.585,OnTrack,-3866,-1679,796,pos,0 days 00:21:39.991000,0 days 01:17:16.599000
2024-05-19 13:24:56.785,OnTrack,-4034,-1655,797,pos,0 days 00:21:40.191000,0 days 01:17:16.799000
2024-05-19 13:24:56.985,OnTrack,-4303,-1603,798,pos,0 days 00:21:40.391000,0 days 01:17:16.999000
2024-05-19 13:24:57.305,OnTrack,-4470,-1565,799,pos,0 days 00:21:40.711000,0 days 01:17:17.319000
2024-05-19 13:24:57.485,OnTrack,-4620,-1529,800,pos,0 days 00:21:40.891000,0 days 01:17:17.499000
2024-05-19 13:24:57.825,OnTrack,-4904,-1459,802,pos,0 days 00:21:41.231000,0 days 01:17:17.839000
2024-05-19 13:24:58.025,OnTrack,-5071,-1418,804,pos,0 days 00:21:41.431000,0 days 01:17:18.039000
2024-05-19 13:24:58.285,OnTrack,-5389,-1343,806,pos,0 days 00:21:41.691000,0 days 01:17:18.299000
2024-05-19 13:24:58.605,OnTrack,-5654,-1290,809,pos,0 days 00:21:42.011000,0 days 01:17:18.619000
2024-05-19 13:24:59.045,OnTrack,-5919,-1254,811,pos,0 days 00:21:42.451000,0 days 01:17:19.059000
2024-05-19 13:24:59.245,OnTrack,-6091,-1241,812,pos,0 days 00:21:42.651000,0 days 01:17:19.259000
2024-05-19 13:24:59.405,OnTrack,-6230,-1234,814,pos,0 days 00:21:42.811000,0 days 01:17:19.419000
2024-05-19 13:24:59.665,OnTrack,-6455,-1230,814,pos,0 days 00:21:43.071000,0 days 01:17:19.679000
2024-05-19 13:24:59.885,OnTrack,-6645,-1230,815,pos,0 days 00:21:43.291000,0 days 01:17:19.899000
2024-05-19 13:25:00.045,OnTrack,-6782,-1231,816,pos,0 days 00:21:43.451000,0 days 01:17:20.059000
2024-05-19 13:25:00.265,OnTrack,-6971,-1235,817,pos,0 days 00:21:43.671000,0 days 01:17:20.279000
2024-05-19 13:25:00.425,OnTrack,-7109,-1240,817,pos,0 days 00:21:43.831000,0 days 01:17:20.439000
2024-05-19 13:25:00.665,OnTrack,-7314,-1252,818,pos,0 days 00:21:44.071000,0 days 01:17:20.679000
2024-05-19 13:25:00.845,OnTrack,-7467,-1264,818,pos,0 days 00:21:44.251000,0 days 01:17:20.859000
2024-05-19 13:25:01.125,OnTrack,-7789,-1297,818,pos,0 days 00:21:44.531000,0 days 01:17:21.139000
2024-05-19 13:25:01.524,OnTrack,-8042,-1328,818,pos,0 days 00:21:44.930000,0 days 01:17:21.538000
2024-05-19 13:25:01.704,OnTrack,-8194,-1347,819,pos,0 days 00:21:45.110000,0 days 01:17:21.718000
2024-05-19 13:25:01.884,OnTrack,-8345,-1368,819,pos,0 days 00:21:45.290000,0 days 01:17:21.898000
2024-05-19 13:25:02.084,OnTrack,-8512,-1391,819,pos,0 days 00:21:45.490000,0 days 01:17:22.098000
2024-05-19 13:25:02.284,OnTrack,-8679,-1414,819,pos,0 days 00:21:45.690000,0 days 01:17:22.298000
2024-05-19 13:25:02.604,OnTrack,-8945,-1452,819,pos,0 days 00:21:46.010000,0 days 01:17:22.618000
2024-05-19 13:25:02.684,OnTrack,-9011,-1462,819,pos,0 days 00:21:46.090000,0 days 01:17:22.698000
2024-05-19 13:25:03.004,OnTrack,-9315,-1523,819,pos,0 days 00:21:46.410000,0 days 01:17:23.018000
2024-05-19 13:25:03.405,OnTrack,-9640,-1620,819,pos,0 days 00:21:46.811000,0 days 01:17:23.419000
2024-05-19 13:25:03.765,OnTrack,-9783,-1665,819,pos,0 days 00:21:47.171000,0 days 01:17:23.779000
2024-05-19 13:25:04.005,OnTrack,-9910,-1705,818,pos,0 days 00:21:47.411000,0 days 01:17:24.019000
2024-05-19 13:25:04.205,OnTrack,-10007,-1735,819,pos,0 days 00:21:47.611000,0 days 01:17:24.219000
2024-05-19 13:25:05.145,OnTrack,-10369,-1974,818,pos,0 days 00:21:48.551000,0 days 01:17:25.159000
2024-05-19 13:25:05.385,OnTrack,-10401,-2073,818,pos,0 days 00:21:48.791000,0 days 01:17:25.399000
2024-05-19 13:25:05.585,OnTrack,-10424,-2157,819,pos,0 days 00:21:48.991000,0 days 01:17:25.599000
2024-05-19 13:25:05.805,OnTrack,-10454,-2246,819,pos,0 days 00:21:49.211000,0 days 01:17:25.819000
2024-05-19 13:25:06.045,OnTrack,-10500,-2338,819,pos,0 days 00:21:49.451000,0 days 01:17:26.059000
2024-05-19 13:25:06.265,OnTrack,-10561,-2418,818,pos,0 days 00:21:49.671000,0 days 01:17:26.279000
2024-05-19 13:25:06.565,OnTrack,-10667,-2512,818,pos,0 days 00:21:49.971000,0 days 01:17:26.579000
2024-05-19 13:25:06.625,OnTrack,-10691,-2529,819,pos,0 days 00:21:50.031000,0 days 01:17:26.639000
2024-05-19 13:25:06.885,OnTrack,-10797,-2598,820,pos,0 days 00:21:50.291000,0 days 01:17:26.899000
2024-05-19 13:25:07.085,OnTrack,-10943,-2684,821,pos,0 days 00:21:50.491000,0 days 01:17:27.099000
2024-05-19 13:25:07.425,OnTrack,-11033,-2736,821,pos,0 days 00:21:50.831000,0 days 01:17:27.439000
2024-05-19 13:25:07.685,OnTrack,-11154,-2806,822,pos,0 days 00:21:51.091000,0 days 01:17:27.699000
2024-05-19 13:25:07.845,OnTrack,-11230,-2851,823,pos,0 days 00:21:51.251000,0 days 01:17:27.859000
2024-05-19 13:25:08.144,OnTrack,-11375,-2940,824,pos,0 days 00:21:51.550000,0 days 01:17:28.158000
2024-05-19 13:25:08.404,OnTrack,-11498,-3030,825,pos,0 days 00:21:51.810000,0 days 01:17:28.418000
2024-05-19 13:25:08.584,OnTrack,-11577,-3101,825,pos,0 days 00:21:51.990000,0 days 01:17:28.598000
2024-05-19 13:25:08.624,OnTrack,-11593,-3119,825,pos,0 days 00:21:52.030000,0 days 01:17:28.638000
2024-05-19 13:25:08.904,OnTrack,-11696,-3256,825,pos,0 days 00:21:52.310000,0 days 01:17:28.918000
2024-05-19 13:25:09.104,OnTrack,-11755,-3367,826,pos,0 days 00:21:52.510000,0 days 01:17:29.118000
2024-05-19 13:25:09.284,OnTrack,-11802,-3474,826,pos,0 days 00:21:52.690000,0 days 01:17:29.298000
2024-05-19 13:25:09.524,OnTrack,-11859,-3620,827,pos,0 days 00:21:52.930000,0 days 01:17:29.538000
2024-05-19 13:25:09.825,OnTrack,-11928,-3806,828,pos,0 days 00:21:53.231000,0 days 01:17:29.839000
2024-05-19 13:25:10.005,OnTrack,-11970,-3918,828,pos,0 days 00:21:53.411000,0 days 01:17:30.019000
2024-05-19 13:25:10.165,OnTrack,-12008,-4020,828,pos,0 days 00:21:53.571000,0 days 01:17:30.179000
2024-05-19 13:25:10.425,OnTrack,-12071,-4188,829,pos,0 days 00:21:53.831000,0 days 01:17:30.439000
2024-05-19 13:25:10.625,OnTrack,-12121,-4320,830,pos,0 days 00:21:54.031000,0 days 01:17:30.639000
2024-05-19 13:25:10.725,OnTrack,-12146,-4386,830,pos,0 days 00:21:54.131000,0 days 01:17:30.739000
2024-05-19 13:25:10.985,OnTrack,-12211,-4560,830,pos,0 days 00:21:54.391000,0 days 01:17:30.999000
2024-05-19 13:25:11.265,OnTrack,-12293,-4778,831,pos,0 days 00:21:54.671000,0 days 01:17:31.279000
2024-05-19 13:25:11.685,OnTrack,-12428,-5139,832,pos,0 days 00:21:55.091000,0 days 01:17:31.699000
2024-05-19 13:25:12.045,OnTrack,-12508,-5352,832,pos,0 days 00:21:55.451000,0 days 01:17:32.059000
2024-05-19 13:25:12.485,OnTrack,-12627,-5668,833,pos,0 days 00:21:55.891000,0 days 01:17:32.499000
2024-05-19 13:25:12.745,OnTrack,-12676,-5799,833,pos,0 days 00:21:56.151000,0 days 01:17:32.759000
2024-05-19 13:25:13.085,OnTrack,-12770,-6047,834,pos,0 days 00:21:56.491000,0 days 01:17:33.099000
2024-05-19 13:25:13.285,OnTrack,-12869,-6294,835,pos,0 days 00:21:56.691000,0 days 01:17:33.299000
2024-05-19 13:25:13.665,OnTrack,-12942,-6468,835,pos,0 days 00:21:57.071000,0 days 01:17:33.679000
2024-05-19 13:25:13.865,OnTrack,-13002,-6612,836,pos,0 days 00:21:57.271000,0 days 01:17:33.879000
2024-05-19 13:25:14.065,OnTrack,-13097,-6844,836,pos,0 days 00:21:57.471000,0 days 01:17:34.079000
2024-05-19 13:25:14.465,OnTrack,-13149,-7021,837,pos,0 days 00:21:57.871000,0 days 01:17:34.479000
2024-05-19 13:25:14.744,OnTrack,-13159,-7273,838,pos,0 days 00:21:58.150000,0 days 01:17:34.758000
2024-05-19 13:25:15.104,OnTrack,-13137,-7421,840,pos,0 days 00:21:58.510000,0 days 01:17:35.118000
2024-05-19 13:25:15.284,OnTrack,-13114,-7528,840,pos,0 days 00:21:58.690000,0 days 01:17:35.298000
2024-05-19 13:25:15.524,OnTrack,-13065,-7730,842,pos,0 days 00:21:58.930000,0 days 01:17:35.538000
2024-05-19 13:25:16.024,OnTrack,-13025,-7946,843,pos,0 days 00:21:59.430000,0 days 01:17:36.038000
2024-05-19 13:25:16.385,OnTrack,-13034,-8078,844,pos,0 days 00:21:59.791000,0 days 01:17:36.399000
2024-05-19 13:25:16.625,OnTrack,-13096,-8204,846,pos,0 days 00:22:00.031000,0 days 01:17:36.639000
2024-05-19 13:25:16.985,OnTrack,-13190,-8300,847,pos,0 days 00:22:00.391000,0 days 01:17:36.999000
2024-05-19 13:25:17.245,OnTrack,-13316,-8410,848,pos,0 days 00:22:00.651000,0 days 01:17:37.259000
2024-05-19 13:25:17.525,OnTrack,-13390,-8472,849,pos,0 days 00:22:00.931000,0 days 01:17:37.539000
2024-05-19 13:25:17.745,OnTrack,-13473,-8542,850,pos,0 days 00:22:01.151000,0 days 01:17:37.759000
2024-05-19 13:25:17.945,OnTrack,-13550,-8607,851,pos,0 days 00:22:01.351000,0 days 01:17:37.959000
2024-05-19 13:25:18.205,OnTrack,-13714,-8747,854,pos,0 days 00:22:01.611000,0 days 01:17:38.219000
2024-05-19 13:25:18.545,OnTrack,-13800,-8819,855,pos,0 days 00:22:01.951000,0 days 01:17:38.559000
2024-05-19 13:25:18.865,OnTrack,-13917,-8917,857,pos,0 days 00:22:02.271000,0 days 01:17:38.879000
2024-05-19 13:25:19.065,OnTrack,-14016,-9005,860,pos,0 days 00:22:02.471000,0 days 01:17:39.079000
2024-05-19 13:25:19.245,OnTrack,-14102,-9086,862,pos,0 days 00:22:02.651000,0 days 01:17:39.259000
2024-05-19 13:25:19.485,OnTrack,-14208,-9191,866,pos,0 days 00:22:02.891000,0 days 01:17:39.499000
2024-05-19 13:25:19.745,OnTrack,-14341,-9324,872,pos,0 days 00:22:03.151000,0 days 01:17:39.759000
2024-05-19 13:25:20.765,OnTrack,-14736,-9705,891,pos,0 days 00:22:04.171000,0 days 01:17:40.779000
2024-05-19 13:25:20.965,OnTrack,-14794,-9770,894,pos,0 days 00:22:04.371000,0 days 01:17:40.979000
2024-05-19 13:25:21.125,OnTrack,-14832,-9821,896,pos,0 days 00:22:04.531000,0 days 01:17:41.139000
2024-05-19 13:25:21.304,OnTrack,-14867,-9877,898,pos,0 days 00:22:04.710000,0 days 01:17:41.318000
2024-05-19 13:25:21.544,OnTrack,-14899,-9953,901,pos,0 days 00:22:04.950000,0 days 01:17:41.558000
2024-05-19 13:25:21.744,OnTrack,-14913,-10016,902,pos,0 days 00:22:05.150000,0 days 01:17:41.758000
2024-05-19 13:25:21.884,OnTrack,-14916,-10059,904,pos,0 days 00:22:05.290000,0 days 01:17:41.898000
2024-05-19 13:25:22.084,OnTrack,-14910,-10118,907,pos,0 days 00:22:05.490000,0 days 01:17:42.098000
2024-05-19 13:25:22.364,OnTrack,-14882,-10195,911,pos,0 days 00:22:05.770000,0 days 01:17:42.378000
2024-05-19 13:25:22.524,OnTrack,-14858,-10232,913,pos,0 days 00:22:05.930000,0 days 01:17:42.538000
2024-05-19 13:25:22.704,OnTrack,-14826,-10270,916,pos,0 days 00:22:06.110000,0 days 01:17:42.718000
2024-05-19 13:25:22.905,OnTrack,-14786,-10304,919,pos,0 days 00:22:06.311000,0 days 01:17:42.919000
2024-05-19 13:25:23.105,OnTrack,-14744,-10333,921,pos,0 days 00:22:06.511000,0 days 01:17:43.119000
2024-05-19 13:25:23.365,OnTrack,-14682,-10362,924,pos,0 days 00:22:06.771000,0 days 01:17:43.379000
2024-05-19 13:25:23.525,OnTrack,-14642,-10375,926,pos,0 days 00:22:06.931000,0 days 01:17:43.539000
2024-05-19 13:25:23.905,OnTrack,-14521,-10394,933,pos,0 days 00:22:07.311000,0 days 01:17:43.919000
2024-05-19 13:25:24.245,OnTrack,-14408,-10394,939,pos,0 days 00:22:07.651000,0 days 01:17:44.259000
2024-05-19 13:25:24.565,OnTrack,-14338,-10387,942,pos,0 days 00:22:07.971000,0 days 01:17:44.579000
2024-05-19 13:25:24.785,OnTrack,-14295,-10382,944,pos,0 days 00:22:08.191000,0 days 01:17:44.799000
2024-05-19 13:25:25.045,OnTrack,-14199,-10368,948,pos,0 days 00:22:08.451000,0 days 01:17:45.059000
2024-05-19 13:25:25.285,OnTrack,-14102,-10351,952,pos,0 days 00:22:08.691000,0 days 01:17:45.299000
2024-05-19 13:25:25.485,OnTrack,-14016,-10335,956,pos,0 days 00:22:08.891000,0 days 01:17:45.499000
2024-05-19 13:25:25.725,OnTrack,-13907,-10313,962,pos,0 days 00:22:09.131000,0 days 01:17:45.739000
2024-05-19 13:25:25.805,OnTrack,-13869,-10305,963,pos,0 days 00:22:09.211000,0 days 01:17:45.819000
2024-05-19 13:25:26.045,OnTrack,-13753,-10281,968,pos,0 days 00:22:09.451000,0 days 01:17:46.059000
2024-05-19 13:25:26.245,OnTrack,-13652,-10260,972,pos,0 days 00:22:09.651000,0 days 01:17:46.259000
2024-05-19 13:25:26.465,OnTrack,-13535,-10238,977,pos,0 days 00:22:09.871000,0 days 01:17:46.479000
2024-05-19 13:25:26.765,OnTrack,-13370,-10209,984,pos,0 days 00:22:10.171000,0 days 01:17:46.779000
2024-05-19 13:25:26.945,OnTrack,-13268,-10190,987,pos,0 days 00:22:10.351000,0 days 01:17:46.959000
2024-05-19 13:25:27.045,OnTrack,-13210,-10180,990,pos,0 days 00:22:10.451000,0 days 01:17:47.059000
2024-05-19 13:25:27.245,OnTrack,-13091,-10159,994,pos,0 days 00:22:10.651000,0 days 01:17:47.259000
2024-05-19 13:25:27.605,OnTrack,-12821,-10116,1003,pos,0 days 00:22:11.011000,0 days 01:17:47.619000
2024-05-19 13:25:27.864,OnTrack,-12706,-10098,1006,pos,0 days 00:22:11.270000,0 days 01:17:47.878000
2024-05-19 13:25:28.164,OnTrack,-12512,-10069,1012,pos,0 days 00:22:11.570000,0 days 01:17:48.178000
2024-05-19 13:25:28.344,OnTrack,-12393,-10053,1017,pos,0 days 00:22:11.750000,0 days 01:17:48.358000
2024-05-19 13:25:28.544,OnTrack,-12258,-10034,1023,pos,0 days 00:22:11.950000,0 days 01:17:48.558000
2024-05-19 13:25:28.844,OnTrack,-12053,-10006,1036,pos,0 days 00:22:12.250000,0 days 01:17:48.858000
2024-05-19 13:25:28.964,OnTrack,-11970,-9995,1041,pos,0 days 00:22:12.370000,0 days 01:17:48.978000
2024-05-19 13:25:29.224,OnTrack,-11714,-9964,1058,pos,0 days 00:22:12.630000,0 days 01:17:49.238000
2024-05-19 13:25:29.485,OnTrack,-11586,-9950,1066,pos,0 days 00:22:12.891000,0 days 01:17:49.499000
2024-05-19 13:25:29.725,OnTrack,-11413,-9934,1078,pos,0 days 00:22:13.131000,0 days 01:17:49.739000
2024-05-19 13:25:29.985,OnTrack,-11225,-9923,1089,pos,0 days 00:22:13.391000,0 days 01:17:49.999000
2024-05-19 13:25:30.265,OnTrack,-11018,-9918,1101,pos,0 days 00:22:13.671000,0 days 01:17:50.279000
2024-05-19 13:25:30.485,OnTrack,-10841,-9919,1111,pos,0 days 00:22:13.891000,0 days 01:17:50.499000
2024-05-19 13:25:30.785,OnTrack,-10633,-9929,1119,pos,0 days 00:22:14.191000,0 days 01:17:50.799000
2024-05-19 13:25:31.025,OnTrack,-10455,-9944,1122,pos,0 days 00:22:14.431000,0 days 01:17:51.039000
2024-05-19 13:25:31.125,OnTrack,-10380,-9952,1122,pos,0 days 00:22:14.531000,0 days 01:17:51.139000
2024-05-19 13:25:31.365,OnTrack,-10201,-9972,1122,pos,0 days 00:22:14.771000,0 days 01:17:51.379000
2024-05-19 13:25:31.605,OnTrack,-10021,-9993,1120,pos,0 days 00:22:15.011000,0 days 01:17:51.619000
2024-05-19 13:25:31.925,OnTrack,-9782,-10020,1119,pos,0 days 00:22:15.331000,0 days 01:17:51.939000
2024-05-19 13:25:32.065,OnTrack,-9590,-10042,1117,pos,0 days 00:22:15.471000,0 days 01:17:52.079000
2024-05-19 13:25:32.505,OnTrack,-9317,-10067,1115,pos,0 days 00:22:15.911000,0 days 01:17:52.519000
2024-05-19 13:25:32.905,OnTrack,-9137,-10069,1114,pos,0 days 00:22:16.311000,0 days 01:17:52.919000
2024-05-19 13:25:33.025,OnTrack,-9069,-10062,1114,pos,0 days 00:22:16.431000,0 days 01:17:53.039000
2024-05-19 13:25:33.225,OnTrack,-8962,-10038,1114,pos,0 days 00:22:16.631000,0 days 01:17:53.239000
2024-05-19 13:25:33.605,OnTrack,-8754,-9926,1111,pos,0 days 00:22:17.011000,0 days 01:17:53.619000
2024-05-19 13:25:33.885,OnTrack,-8670,-9844,1108,pos,0 days 00:22:17.291000,0 days 01:17:53.899000
2024-05-19 13:25:34.145,OnTrack,-8554,-9664,1103,pos,0 days 00:22:17.551000,0 days 01:17:54.159000
2024-05-19 13:25:34.624,OnTrack,-8445,-9447,1096,pos,0 days 00:22:18.030000,0 days 01:17:54.638000
2024-05-19 13:25:34.864,OnTrack,-8400,-9351,1092,pos,0 days 00:22:18.270000,0 days 01:17:54.878000
2024-05-19 13:25:35.064,OnTrack,-8353,-9241,1088,pos,0 days 00:22:18.470000,0 days 01:17:55.078000
2024-05-19 13:25:35.404,OnTrack,-8270,-8954,1079,pos,0 days 00:22:18.810000,0 days 01:17:55.418000
2024-05-19 13:25:35.684,OnTrack,-8255,-8866,1074,pos,0 days 00:22:19.090000,0 days 01:17:55.698000
2024-05-19 13:25:36.045,OnTrack,-8237,-8631,1062,pos,0 days 00:22:19.451000,0 days 01:17:56.059000
2024-05-19 13:25:36.145,OnTrack,-8237,-8564,1058,pos,0 days 00:22:19.551000,0 days 01:17:56.159000
2024-05-19 13:25:36.305,OnTrack,-8242,-8456,1050,pos,0 days 00:22:19.711000,0 days 01:17:56.319000
2024-05-19 13:25:36.685,OnTrack,-8273,-8174,1027,pos,0 days 00:22:20.091000,0 days 01:17:56.699000
2024-05-19 13:25:37.025,OnTrack,-8308,-7964,1007,pos,0 days 00:22:20.431000,0 days 01:17:57.039000
2024-05-19 13:25:37.165,OnTrack,-8328,-7865,999,pos,0 days 00:22:20.571000,0 days 01:17:57.179000
2024-05-19 13:25:37.465,OnTrack,-8393,-7580,978,pos,0 days 00:22:20.871000,0 days 01:17:57.479000
2024-05-19 13:25:37.745,OnTrack,-8422,-7451,969,pos,0 days 00:22:21.151000,0 days 01:17:57.759000
2024-05-19 13:25:37.965,OnTrack,-8459,-7292,959,pos,0 days 00:22:21.371000,0 days 01:17:57.979000
2024-05-19 13:25:38.225,OnTrack,-8502,-7102,949,pos,0 days 00:22:21.631000,0 days 01:17:58.239000
2024-05-19 13:25:38.545,OnTrack,-8572,-6793,933,pos,0 days 00:22:21.951000,0 days 01:17:58.559000
2024-05-19 13:25:38.805,OnTrack,-8598,-6675,928,pos,0 days 00:22:22.211000,0 days 01:17:58.819000
2024-05-19 13:25:39.005,OnTrack,-8629,-6529,920,pos,0 days 00:22:22.411000,0 days 01:17:59.019000
2024-05-19 13:25:39.245,OnTrack,-8651,-6374,912,pos,0 days 00:22:22.651000,0 days 01:17:59.259000
2024-05-19 13:25:39.465,OnTrack,-8650,-6227,905,pos,0 days 00:22:22.871000,0 days 01:17:59.479000
2024-05-19 13:25:39.785,OnTrack,-8566,-5949,898,pos,0 days 00:22:23.191000,0 days 01:17:59.799000
2024-05-19 13:25:40.105,OnTrack,-8499,-5817,897,pos,0 days 00:22:23.511000,0 days 01:18:00.119000
2024-05-19 13:25:40.405,OnTrack,-8376,-5604,897,pos,0 days 00:22:23.811000,0 days 01:18:00.419000
2024-05-19 13:25:40.625,OnTrack,-8355,-5572,898,pos,0 days 00:22:24.031000,0 days 01:18:00.639000
2024-05-19 13:25:41.004,OnTrack,-8232,-5420,903,pos,0 days 00:22:24.410000,0 days 01:18:01.018000
2024-05-19 13:25:41.264,OnTrack,-8180,-5378,905,pos,0 days 00:22:24.670000,0 days 01:18:01.278000
2024-05-19 13:25:41.424,OnTrack,-8131,-5351,906,pos,0 days 00:22:24.830000,0 days 01:18:01.438000
2024-05-19 13:25:41.664,OnTrack,-8049,-5328,909,pos,0 days 00:22:25.070000,0 days 01:18:01.678000
2024-05-19 13:25:41.864,OnTrack,-7980,-5326,915,pos,0 days 00:22:25.270000,0 days 01:18:01.878000
2024-05-19 13:25:42.124,OnTrack,-7887,-5342,922,pos,0 days 00:22:25.530000,0 days 01:18:02.138000
2024-05-19 13:25:42.304,OnTrack,-7825,-5357,927,pos,0 days 00:22:25.710000,0 days 01:18:02.318000
2024-05-19 13:25:42.605,OnTrack,-7708,-5389,939,pos,0 days 00:22:26.011000,0 days 01:18:02.619000
2024-05-19 13:25:43.025,OnTrack,-7551,-5421,954,pos,0 days 00:22:26.431000,0 days 01:18:03.039000
2024-05-19 13:25:43.305,OnTrack,-7453,-5433,962,pos,0 days 00:22:26.711000,0 days 01:18:03.319000
2024-05-19 13:25:43.525,OnTrack,-7358,-5440,970,pos,0 days 00:22:26.931000,0 days 01:18:03.539000
2024-05-19 13:25:43.725,OnTrack,-7267,-5443,978,pos,0 days 00:22:27.131000,0 days 01:18:03.739000
2024-05-19 13:25:43.905,OnTrack,-7181,-5443,985,pos,0 days 00:22:27.311000,0 days 01:18:03.919000
2024-05-19 13:25:44.265,OnTrack,-7000,-5442,998,pos,0 days 00:22:27.671000,0 days 01:18:04.279000
2024-05-19 13:25:44.345,OnTrack,-6959,-5442,1000,pos,0 days 00:22:27.751000,0 days 01:18:04.359000
2024-05-19 13:25:44.565,OnTrack,-6843,-5441,1007,pos,0 days 00:22:27.971000,0 days 01:18:04.579000
2024-05-19 13:25:44.865,OnTrack,-6611,-5439,1020,pos,0 days 00:22:28.271000,0 days 01:18:04.879000
2024-05-19 13:25:45.225,OnTrack,-6470,-5437,1025,pos,0 days 00:22:28.631000,0 days 01:18:05.239000
2024-05-19 13:25:45.505,OnTrack,-6251,-5436,1033,pos,0 days 00:22:28.911000,0 days 01:18:05.519000
2024-05-19 13:25:45.845,OnTrack,-6087,-5434,1037,pos,0 days 00:22:29.251000,0 days 01:18:05.859000
2024-05-19 13:25:46.085,OnTrack,-5855,-5432,1043,pos,0 days 00:22:29.491000,0 days 01:18:06.099000
2024-05-19 13:25:46.385,OnTrack,-5736,-5431,1047,pos,0 days 00:22:29.791000,0 days 01:18:06.399000
2024-05-19 13:25:46.765,OnTrack,-5479,-5429,1054,pos,0 days 00:22:30.171000,0 days 01:18:06.779000
2024-05-19 13:25:46.925,OnTrack,-5316,-5426,1059,pos,0 days 00:22:30.331000,0 days 01:18:06.939000
2024-05-19 13:25:47.325,OnTrack,-5093,-5416,1066,pos,0 days 00:22:30.731000,0 days 01:18:07.339000
2024-05-19 13:25:47.505,OnTrack,-4974,-5406,1069,pos,0 days 00:22:30.911000,0 days 01:18:07.519000
2024-05-19 13:25:47.744,OnTrack,-4804,-5390,1074,pos,0 days 00:22:31.150000,0 days 01:18:07.758000
2024-05-19 13:25:47.924,OnTrack,-4577,-5370,1079,pos,0 days 00:22:31.330000,0 days 01:18:07.938000
2024-05-19 13:25:48.284,OnTrack,-4420,-5357,1081,pos,0 days 00:22:31.690000,0 days 01:18:08.298000
2024-05-19 13:25:48.524,OnTrack,-4249,-5343,1083,pos,0 days 00:22:31.930000,0 days 01:18:08.538000
2024-05-19 13:25:48.684,OnTrack,-4134,-5333,1084,pos,0 days 00:22:32.090000,0 days 01:18:08.698000
2024-05-19 13:25:49.004,OnTrack,-3856,-5310,1086,pos,0 days 00:22:32.410000,0 days 01:18:09.018000
2024-05-19 13:25:49.325,OnTrack,-3710,-5298,1087,pos,0 days 00:22:32.731000,0 days 01:18:09.339000
2024-05-19 13:25:49.625,OnTrack,-3523,-5284,1087,pos,0 days 00:22:33.031000,0 days 01:18:09.639000
2024-05-19 13:25:50.005,OnTrack,-3324,-5273,1090,pos,0 days 00:22:33.411000,0 days 01:18:10.019000
2024-05-19 13:25:50.345,OnTrack,-3243,-5276,1091,pos,0 days 00:22:33.751000,0 days 01:18:10.359000
2024-05-19 13:25:50.545,OnTrack,-3186,-5291,1092,pos,0 days 00:22:33.951000,0 days 01:18:10.559000
2024-05-19 13:25:50.885,OnTrack,-3093,-5360,1096,pos,0 days 00:22:34.291000,0 days 01:18:10.899000
2024-05-19 13:25:51.125,OnTrack,-3028,-5432,1096,pos,0 days 00:22:34.531000,0 days 01:18:11.139000
2024-05-19 13:25:51.445,OnTrack,-2964,-5494,1096,pos,0 days 00:22:34.851000,0 days 01:18:11.459000
2024-05-19 13:25:51.705,OnTrack,-2875,-5547,1096,pos,0 days 00:22:35.111000,0 days 01:18:11.719000
2024-05-19 13:25:51.985,OnTrack,-2827,-5560,1095,pos,0 days 00:22:35.391000,0 days 01:18:11.999000
2024-05-19 13:25:52.365,OnTrack,-2723,-5555,1093,pos,0 days 00:22:35.771000,0 days 01:18:12.379000
2024-05-19 13:25:52.565,OnTrack,-2657,-5539,1092,pos,0 days 00:22:35.971000,0 days 01:18:12.579000
2024-05-19 13:25:52.825,OnTrack,-2597,-5520,1090,pos,0 days 00:22:36.231000,0 days 01:18:12.839000
2024-05-19 13:25:53.125,OnTrack,-2512,-5489,1088,pos,0 days 00:22:36.531000,0 days 01:18:13.139000
2024-05-19 13:25:53.305,OnTrack,-2458,-5467,1087,pos,0 days 00:22:36.711000,0 days 01:18:13.319000
2024-05-19 13:25:53.505,OnTrack,-2397,-5439,1085,pos,0 days 00:22:36.911000,0 days 01:18:13.519000
2024-05-19 13:25:53.785,OnTrack,-2282,-5384,1083,pos,0 days 00:22:37.191000,0 days 01:18:13.799000
2024-05-19 13:25:54.224,OnTrack,-2141,-5311,1080,pos,0 days 00:22:37.630000,0 days 01:18:14.238000
2024-05-19 13:25:54.384,OnTrack,-2076,-5276,1078,pos,0 days 00:22:37.790000,0 days 01:18:14.398000
2024-05-19 13:25:54.564,OnTrack,-2000,-5236,1077,pos,0 days 00:22:37.970000,0 days 01:18:14.578000
2024-05-19 13:25:54.764,OnTrack,-1911,-5189,1075,pos,0 days 00:22:38.170000,0 days 01:18:14.778000
2024-05-19 13:25:55.064,OnTrack,-1772,-5116,1072,pos,0 days 00:22:38.470000,0 days 01:18:15.078000
2024-05-19 13:25:55.244,OnTrack,-1684,-5071,1070,pos,0 days 00:22:38.650000,0 days 01:18:15.258000
2024-05-19 13:25:55.384,OnTrack,-1534,-4998,1067,pos,0 days 00:22:38.790000,0 days 01:18:15.398000
2024-05-19 13:25:55.725,OnTrack,-1417,-4945,1065,pos,0 days 00:22:39.131000,0 days 01:18:15.739000
2024-05-19 13:25:56.105,OnTrack,-1208,-4849,1061,pos,0 days 00:22:39.511000,0 days 01:18:16.119000
2024-05-19 13:25:56.265,OnTrack,-1040,-4764,1058,pos,0 days 00:22:39.671000,0 days 01:18:16.279000
2024-05-19 13:25:56.545,OnTrack,-962,-4719,1056,pos,0 days 00:22:39.951000,0 days 01:18:16.559000
2024-05-19 13:25:56.805,OnTrack,-816,-4630,1053,pos,0 days 00:22:40.211000,0 days 01:18:16.819000
2024-05-19 13:25:56.985,OnTrack,-716,-4563,1050,pos,0 days 00:22:40.391000,0 days 01:18:16.999000
2024-05-19 13:25:57.205,OnTrack,-594,-4477,1046,pos,0 days 00:22:40.611000,0 days 01:18:17.219000
2024-05-19 13:25:57.525,OnTrack,-415,-4346,1041,pos,0 days 00:22:40.931000,0 days 01:18:17.539000
2024-05-19 13:25:57.665,OnTrack,-336,-4287,1038,pos,0 days 00:22:41.071000,0 days 01:18:17.679000
2024-05-19 13:25:57.945,OnTrack,-180,-4162,1034,pos,0 days 00:22:41.351000,0 days 01:18:17.959000
2024-05-19 13:25:58.165,OnTrack,-37,-4040,1030,pos,0 days 00:22:41.571000,0 days 01:18:18.179000
2024-05-19 13:25:58.585,OnTrack,226,-3782,1023,pos,0 days 00:22:41.991000,0 days 01:18:18.599000
2024-05-19 13:25:58.825,OnTrack,317,-3684,1020,pos,0 days 00:22:42.231000,0 days 01:18:18.839000
2024-05-19 13:25:59.025,OnTrack,419,-3572,1016,pos,0 days 00:22:42.431000,0 days 01:18:19.039000
2024-05-19 13:25:59.425,OnTrack,674,-3289,1003,pos,0 days 00:22:42.831000,0 days 01:18:19.439000
2024-05-19 13:25:59.765,OnTrack,798,-3151,995,pos,0 days 00:22:43.171000,0 days 01:18:19.779000
2024-05-19 13:26:00.025,OnTrack,997,-2931,980,pos,0 days 00:22:43.431000,0 days 01:18:20.039000
2024-05-19 13:26:00.285,OnTrack,1071,-2849,973,pos,0 days 00:22:43.691000,0 days 01:18:20.299000
2024-05-19 13:26:00.585,OnTrack,1231,-2673,960,pos,0 days 00:22:43.991000,0 days 01:18:20.599000
2024-05-19 13:26:00.705,OnTrack,1296,-2603,954,pos,0 days 00:22:44.111000,0 days 01:18:20.719000
2024-05-19 13:26:00.984,OnTrack,1453,-2444,940,pos,0 days 00:22:44.390000,0 days 01:18:20.998000
2024-05-19 13:26:01.164,OnTrack,1649,-2284,923,pos,0 days 00:22:44.570000,0 days 01:18:21.178000
2024-05-19 13:26:01.564,OnTrack,1825,-2176,909,pos,0 days 00:22:44.970000,0 days 01:18:21.578000
2024-05-19 13:26:01.764,OnTrack,1998,-2094,896,pos,0 days 00:22:45.170000,0 days 01:18:21.778000
2024-05-19 13:26:02.044,OnTrack,2255,-1992,876,pos,0 days 00:22:45.450000,0 days 01:18:22.058000
2024-05-19 13:26:02.405,OnTrack,2462,-1908,860,pos,0 days 00:22:45.811000,0 days 01:18:22.419000
2024-05-19 13:26:02.665,OnTrack,2622,-1843,848,pos,0 days 00:22:46.071000,0 days 01:18:22.679000
2024-05-19 13:26:02.885,OnTrack,2742,-1794,839,pos,0 days 00:22:46.291000,0 days 01:18:22.899000
2024-05-19 13:26:03.045,OnTrack,2858,-1746,831,pos,0 days 00:22:46.451000,0 days 01:18:23.059000
2024-05-19 13:26:03.485,OnTrack,3002,-1676,822,pos,0 days 00:22:46.891000,0 days 01:18:23.499000
2024-05-19 13:26:03.545,OnTrack,3021,-1664,821,pos,0 days 00:22:46.951000,0 days 01:18:23.559000
2024-05-19 13:26:03.925,OnTrack,3147,-1535,811,pos,0 days 00:22:47.331000,0 days 01:18:23.939000
2024-05-19 13:26:04.325,OnTrack,3178,-1456,808,pos,0 days 00:22:47.731000,0 days 01:18:24.339000
2024-05-19 13:26:04.485,OnTrack,3188,-1405,806,pos,0 days 00:22:47.891000,0 days 01:18:24.499000
2024-05-19 13:26:04.725,OnTrack,3187,-1310,802,pos,0 days 00:22:48.131000,0 days 01:18:24.739000
2024-05-19 13:26:05.065,OnTrack,3172,-1222,799,pos,0 days 00:22:48.471000,0 days 01:18:25.079000
2024-05-19 13:26:05.225,OnTrack,3159,-1171,798,pos,0 days 00:22:48.631000,0 days 01:18:25.239000
2024-05-19 13:26:05.405,OnTrack,3142,-1115,797,pos,0 days 00:22:48.811000,0 days 01:18:25.419000
2024-05-19 13:26:05.765,OnTrack,3093,-970,794,pos,0 days 00:22:49.171000,0 days 01:18:25.779000
2024-05-19 13:26:06.045,OnTrack,3067,-899,793,pos,0 days 00:22:49.451000,0 days 01:18:26.059000
2024-05-19 13:26:06.285,OnTrack,3029,-811,793,pos,0 days 00:22:49.691000,0 days 01:18:26.299000
2024-05-19 13:26:06.565,OnTrack,2976,-703,791,pos,0 days 00:22:49.971000,0 days 01:18:26.579000
2024-05-19 13:26:06.665,OnTrack,2954,-664,791,pos,0 days 00:22:50.071000,0 days 01:18:26.679000
2024-05-19 13:26:06.865,OnTrack,2906,-589,790,pos,0 days 00:22:50.271000,0 days 01:18:26.879000
2024-05-19 13:26:07.085,OnTrack,2846,-517,789,pos,0 days 00:22:50.491000,0 days 01:18:27.099000
2024-05-19 13:26:07.245,OnTrack,2797,-472,788,pos,0 days 00:22:50.651000,0 days 01:18:27.259000
2024-05-19 13:26:07.484,OnTrack,2715,-421,787,pos,0 days 00:22:50.890000,0 days 01:18:27.498000
2024-05-19 13:26:07.784,OnTrack,2604,-380,787,pos,0 days 00:22:51.190000,0 days 01:18:27.798000
2024-05-19 13:26:08.004,OnTrack,2520,-365,786,pos,0 days 00:22:51.410000,0 days 01:18:28.018000
2024-05-19 13:26:08.184,OnTrack,2453,-360,786,pos,0 days 00:22:51.590000,0 days 01:18:28.198000
2024-05-19 13:26:08.364,OnTrack,2384,-360,786,pos,0 days 00:22:51.770000,0 days 01:18:28.378000
2024-05-19 13:26:08.584,OnTrack,2301,-368,785,pos,0 days 00:22:51.990000,0 days 01:18:28.598000
2024-05-19 13:26:08.764,OnTrack,2185,-396,784,pos,0 days 00:22:52.170000,0 days 01:18:28.778000
2024-05-19 13:26:09.245,OnTrack,2020,-463,782,pos,0 days 00:22:52.651000,0 days 01:18:29.259000
2024-05-19 13:26:09.605,OnTrack,1847,-543,780,pos,0 days 00:22:53.011000,0 days 01:18:29.619000
2024-05-19 13:26:09.965,OnTrack,1750,-588,779,pos,0 days 00:22:53.371000,0 days 01:18:29.979000
2024-05-19 13:26:10.265,OnTrack,1606,-653,778,pos,0 days 00:22:53.671000,0 days 01:18:30.279000
2024-05-19 13:26:10.505,OnTrack,1475,-713,778,pos,0 days 00:22:53.911000,0 days 01:18:30.519000
2024-05-19 13:26:10.905,OnTrack,1209,-833,778,pos,0 days 00:22:54.311000,0 days 01:18:30.919000
2024-05-19 13:26:11.225,OnTrack,1098,-884,778,pos,0 days 00:22:54.631000,0 days 01:18:31.239000
2024-05-19 13:26:11.485,OnTrack,869,-986,779,pos,0 days 00:22:54.891000,0 days 01:18:31.499000
2024-05-19 13:26:11.885,OnTrack,649,-1079,779,pos,0 days 00:22:55.291000,0 days 01:18:31.899000
2024-05-19 13:26:12.165,OnTrack,535,-1126,780,pos,0 days 00:22:55.571000,0 days 01:18:32.179000
2024-05-19 13:26:12.545,OnTrack,218,-1260,781,pos,0 days 00:22:55.951000,0 days 01:18:32.559000
2024-05-19 13:26:12.805,OnTrack,127,-1298,781,pos,0 days 00:22:56.211000,0 days 01:18:32.819000
2024-05-19 13:26:13.025,OnTrack,-16,-1358,781,pos,0 days 00:22:56.431000,0 days 01:18:33.039000
2024-05-19 13:26:13.305,OnTrack,-287,-1459,782,pos,0 days 00:22:56.711000,0 days 01:18:33.319000
2024-05-19 13:26:13.745,OnTrack,-513,-1523,783,pos,0 days 00:22:57.151000,0 days 01:18:33.759000
2024-05-19 13:26:13.924,OnTrack,-644,-1551,783,pos,0 days 00:22:57.330000,0 days 01:18:33.938000
2024-05-19 13:26:14.084,OnTrack,-762,-1567,783,pos,0 days 00:22:57.490000,0 days 01:18:34.098000
2024-05-19 13:26:14.244,OnTrack,-884,-1579,783,pos,0 days 00:22:57.650000,0 days 01:18:34.258000
2024-05-19 13:26:14.484,OnTrack,-1110,-1589,784,pos,0 days 00:22:57.890000,0 days 01:18:34.498000
2024-05-19 13:26:14.644,OnTrack,-1234,-1592,785,pos,0 days 00:22:58.050000,0 days 01:18:34.658000
2024-05-19 13:26:14.924,OnTrack,-1445,-1602,785,pos,0 days 00:22:58.330000,0 days 01:18:34.938000
2024-05-19 13:26:15.224,OnTrack,-1743,-1619,787,pos,0 days 00:22:58.630000,0 days 01:18:35.238000
2024-05-19 13:26:15.505,OnTrack,-1902,-1628,787,pos,0 days 00:22:58.911000,0 days 01:18:35.519000
2024-05-19 13:26:15.825,OnTrack,-2270,-1648,789,pos,0 days 00:22:59.231000,0 days 01:18:35.839000
2024-05-19 13:26:16.165,OnTrack,-2432,-1658,790,pos,0 days 00:22:59.571000,0 days 01:18:36.179000
2024-05-19 13:26:16.465,OnTrack,-2676,-1669,791,pos,0 days 00:22:59.871000,0 days 01:18:36.479000
2024-05-19 13:26:16.625,OnTrack,-2873,-1675,792,pos,0 days 00:23:00.031000,0 days 01:18:36.639000
2024-05-19 13:26:17.045,OnTrack,-3153,-1685,793,pos,0 days 00:23:00.451000,0 days 01:18:37.059000
2024-05-19 13:26:17.245,OnTrack,-3402,-1694,794,pos,0 days 00:23:00.651000,0 days 01:18:37.259000
2024-05-19 13:26:17.545,OnTrack,-3568,-1695,794,pos,0 days 00:23:00.951000,0 days 01:18:37.559000
2024-05-19 13:26:17.745,OnTrack,-3734,-1690,795,pos,0 days 00:23:01.151000,0 days 01:18:37.759000
2024-05-19 13:26:18.045,OnTrack,-3985,-1663,797,pos,0 days 00:23:01.451000,0 days 01:18:38.059000
2024-05-19 13:26:18.285,OnTrack,-4220,-1620,798,pos,0 days 00:23:01.691000,0 days 01:18:38.299000
2024-05-19 13:26:18.605,OnTrack,-4453,-1569,799,pos,0 days 00:23:02.011000,0 days 01:18:38.619000
2024-05-19 13:26:18.865,OnTrack,-4669,-1517,800,pos,0 days 00:23:02.271000,0 days 01:18:38.879000
2024-05-19 13:26:18.945,OnTrack,-4736,-1501,801,pos,0 days 00:23:02.351000,0 days 01:18:38.959000
2024-05-19 13:26:19.205,OnTrack,-4952,-1447,803,pos,0 days 00:23:02.611000,0 days 01:18:39.219000
2024-05-19 13:26:19.425,OnTrack,-5135,-1402,804,pos,0 days 00:23:02.831000,0 days 01:18:39.439000
2024-05-19 13:26:19.625,OnTrack,-5303,-1362,805,pos,0 days 00:23:03.031000,0 days 01:18:39.639000
2024-05-19 13:26:19.885,OnTrack,-5521,-1315,807,pos,0 days 00:23:03.291000,0 days 01:18:39.899000
2024-05-19 13:26:20.025,OnTrack,-5639,-1292,808,pos,0 days 00:23:03.431000,0 days 01:18:40.039000
2024-05-19 13:26:20.245,OnTrack,-5752,-1275,810,pos,0 days 00:23:03.651000,0 days 01:18:40.259000
2024-05-19 13:26:20.524,OnTrack,-5992,-1248,811,pos,0 days 00:23:03.930000,0 days 01:18:40.538000
2024-05-19 13:26:20.684,OnTrack,-6131,-1238,812,pos,0 days 00:23:04.090000,0 days 01:18:40.698000
2024-05-19 13:26:20.824,OnTrack,-6252,-1233,814,pos,0 days 00:23:04.230000,0 days 01:18:40.838000
2024-05-19 13:26:21.124,OnTrack,-6512,-1229,814,pos,0 days 00:23:04.530000,0 days 01:18:41.138000
2024-05-19 13:26:21.304,OnTrack,-6772,-1231,816,pos,0 days 00:23:04.710000,0 days 01:18:41.318000
2024-05-19 13:26:21.644,OnTrack,-6961,-1234,817,pos,0 days 00:23:05.050000,0 days 01:18:41.658000
2024-05-19 13:26:21.964,OnTrack,-7236,-1247,817,pos,0 days 00:23:05.370000,0 days 01:18:41.978000
2024-05-19 13:26:22.045,OnTrack,-7304,-1251,818,pos,0 days 00:23:05.451000,0 days 01:18:42.059000
2024-05-19 13:26:22.285,OnTrack,-7509,-1268,818,pos,0 days 00:23:05.691000,0 days 01:18:42.299000
2024-05-19 13:26:22.485,OnTrack,-7678,-1285,818,pos,0 days 00:23:05.891000,0 days 01:18:42.499000
2024-05-19 13:26:22.665,OnTrack,-7831,-1302,818,pos,0 days 00:23:06.071000,0 days 01:18:42.679000
2024-05-19 13:26:22.985,OnTrack,-8235,-1353,819,pos,0 days 00:23:06.391000,0 days 01:18:42.999000
2024-05-19 13:26:23.285,OnTrack,-8487,-1387,819,pos,0 days 00:23:06.691000,0 days 01:18:43.299000
2024-05-19 13:26:23.665,OnTrack,-8805,-1431,819,pos,0 days 00:23:07.071000,0 days 01:18:43.679000
2024-05-19 13:26:23.825,OnTrack,-8938,-1451,819,pos,0 days 00:23:07.231000,0 days 01:18:43.839000
2024-05-19 13:26:23.905,OnTrack,-9005,-1461,819,pos,0 days 00:23:07.311000,0 days 01:18:43.919000
2024-05-19 13:26:24.245,OnTrack,-9281,-1514,819,pos,0 days 00:23:07.651000,0 days 01:18:44.259000
2024-05-19 13:26:24.405,OnTrack,-9511,-1579,819,pos,0 days 00:23:07.811000,0 days 01:18:44.419000
2024-05-19 13:26:24.765,OnTrack,-9665,-1627,819,pos,0 days 00:23:08.171000,0 days 01:18:44.779000
2024-05-19 13:26:25.125,OnTrack,-9893,-1699,818,pos,0 days 00:23:08.531000,0 days 01:18:45.139000
2024-05-19 13:26:25.305,OnTrack,-9990,-1730,818,pos,0 days 00:23:08.711000,0 days 01:18:45.319000
2024-05-19 13:26:25.505,OnTrack,-10117,-1769,818,pos,0 days 00:23:08.911000,0 days 01:18:45.519000
2024-05-19 13:26:25.765,OnTrack,-10178,-1790,818,pos,0 days 00:23:09.171000,0 days 01:18:45.779000
2024-05-19 13:26:25.985,OnTrack,-10259,-1833,818,pos,0 days 00:23:09.391000,0 days 01:18:45.999000
2024-05-19 13:26:26.185,OnTrack,-10316,-1886,818,pos,0 days 00:23:09.591000,0 days 01:18:46.199000
2024-05-19 13:26:26.385,OnTrack,-10360,-1955,818,pos,0 days 00:23:09.791000,0 days 01:18:46.399000
2024-05-19 13:26:26.645,OnTrack,-10398,-2060,818,pos,0 days 00:23:10.051000,0 days 01:18:46.659000
2024-05-19 13:26:26.965,OnTrack,-10435,-2193,819,pos,0 days 00:23:10.371000,0 days 01:18:46.979000
2024-05-19 13:26:27.184,OnTrack,-10480,-2302,819,pos,0 days 00:23:10.590000,0 days 01:18:47.198000
2024-05-19 13:26:27.524,OnTrack,-10549,-2404,818,pos,0 days 00:23:10.930000,0 days 01:18:47.538000
2024-05-19 13:26:27.784,OnTrack,-10635,-2487,818,pos,0 days 00:23:11.190000,0 days 01:18:47.798000
2024-05-19 13:26:28.004,OnTrack,-10718,-2547,819,pos,0 days 00:23:11.410000,0 days 01:18:48.018000
2024-05-19 13:26:28.084,OnTrack,-10749,-2568,819,pos,0 days 00:23:11.490000,0 days 01:18:48.098000
2024-05-19 13:26:28.344,OnTrack,-10856,-2633,820,pos,0 days 00:23:11.750000,0 days 01:18:48.358000
2024-05-19 13:26:28.625,OnTrack,-11000,-2717,821,pos,0 days 00:23:12.031000,0 days 01:18:48.639000
2024-05-19 13:26:29.005,OnTrack,-11142,-2800,822,pos,0 days 00:23:12.411000,0 days 01:18:49.019000
2024-05-19 13:26:29.125,OnTrack,-11198,-2832,823,pos,0 days 00:23:12.531000,0 days 01:18:49.139000
2024-05-19 13:26:29.325,OnTrack,-11292,-2888,824,pos,0 days 00:23:12.731000,0 days 01:18:49.339000
2024-05-19 13:26:29.665,OnTrack,-11499,-3030,825,pos,0 days 00:23:13.071000,0 days 01:18:49.679000
2024-05-19 13:26:29.905,OnTrack,-11560,-3085,825,pos,0 days 00:23:13.311000,0 days 01:18:49.919000
2024-05-19 13:26:30.225,OnTrack,-11681,-3233,825,pos,0 days 00:23:13.631000,0 days 01:18:50.239000
2024-05-19 13:26:30.505,OnTrack,-11777,-3414,826,pos,0 days 00:23:13.911000,0 days 01:18:50.519000
2024-05-19 13:26:30.865,OnTrack,-11853,-3607,827,pos,0 days 00:23:14.271000,0 days 01:18:50.879000
2024-05-19 13:26:30.985,OnTrack,-11881,-3680,827,pos,0 days 00:23:14.391000,0 days 01:18:50.999000
2024-05-19 13:26:31.185,OnTrack,-11927,-3804,828,pos,0 days 00:23:14.591000,0 days 01:18:51.199000
2024-05-19 13:26:31.485,OnTrack,-11998,-3993,828,pos,0 days 00:23:14.891000,0 days 01:18:51.499000
2024-05-19 13:26:31.685,OnTrack,-12075,-4200,829,pos,0 days 00:23:15.091000,0 days 01:18:51.699000
2024-05-19 13:26:32.145,OnTrack,-12160,-4424,830,pos,0 days 00:23:15.551000,0 days 01:18:52.159000
2024-05-19 13:26:32.345,OnTrack,-12211,-4559,830,pos,0 days 00:23:15.751000,0 days 01:18:52.359000
2024-05-19 13:26:32.485,OnTrack,-12246,-4653,830,pos,0 days 00:23:15.891000,0 days 01:18:52.499000
2024-05-19 13:26:32.725,OnTrack,-12318,-4845,831,pos,0 days 00:23:16.131000,0 days 01:18:52.739000
2024-05-19 13:26:33.145,OnTrack,-12417,-5109,832,pos,0 days 00:23:16.551000,0 days 01:18:53.159000
2024-05-19 13:26:33.225,OnTrack,-12438,-5165,832,pos,0 days 00:23:16.631000,0 days 01:18:53.239000
2024-05-19 13:26:33.485,OnTrack,-12507,-5349,832,pos,0 days 00:23:16.891000,0 days 01:18:53.499000
2024-05-19 13:26:33.764,OnTrack,-12593,-5579,833,pos,0 days 00:23:17.170000,0 days 01:18:53.778000
2024-05-19 13:26:34.104,OnTrack,-12675,-5796,833,pos,0 days 00:23:17.510000,0 days 01:18:54.118000
2024-05-19 13:26:34.344,OnTrack,-12781,-6074,834,pos,0 days 00:23:17.750000,0 days 01:18:54.358000
2024-05-19 13:26:34.764,OnTrack,-12886,-6337,835,pos,0 days 00:23:18.170000,0 days 01:18:54.778000
2024-05-19 13:26:35.104,OnTrack,-12966,-6526,835,pos,0 days 00:23:18.510000,0 days 01:18:55.118000
2024-05-19 13:26:35.325,OnTrack,-13033,-6684,836,pos,0 days 00:23:18.731000,0 days 01:18:55.339000
2024-05-19 13:26:35.565,OnTrack,-13100,-6853,836,pos,0 days 00:23:18.971000,0 days 01:18:55.579000
2024-05-19 13:26:35.725,OnTrack,-13135,-6961,837,pos,0 days 00:23:19.131000,0 days 01:18:55.739000
2024-05-19 13:26:35.985,OnTrack,-13162,-7129,838,pos,0 days 00:23:19.391000,0 days 01:18:55.999000
2024-05-19 13:26:36.225,OnTrack,-13158,-7287,838,pos,0 days 00:23:19.631000,0 days 01:18:56.239000
2024-05-19 13:26:36.405,OnTrack,-13141,-7403,839,pos,0 days 00:23:19.811000,0 days 01:18:56.419000
2024-05-19 13:26:36.685,OnTrack,-13102,-7578,841,pos,0 days 00:23:20.091000,0 days 01:18:56.699000
2024-05-19 13:26:36.885,OnTrack,-13064,-7735,842,pos,0 days 00:23:20.291000,0 days 01:18:56.899000
2024-05-19 13:26:37.165,OnTrack,-13041,-7838,843,pos,0 days 00:23:20.571000,0 days 01:18:57.179000
2024-05-19 13:26:37.385,OnTrack,-13025,-7943,843,pos,0 days 00:23:20.791000,0 days 01:18:57.399000
2024-05-19 13:26:37.605,OnTrack,-13027,-8041,844,pos,0 days 00:23:21.011000,0 days 01:18:57.619000
2024-05-19 13:26:37.885,OnTrack,-13072,-8170,845,pos,0 days 00:23:21.291000,0 days 01:18:57.899000
2024-05-19 13:26:38.185,OnTrack,-13147,-8260,846,pos,0 days 00:23:21.591000,0 days 01:18:58.199000
2024-05-19 13:26:38.365,OnTrack,-13210,-8317,847,pos,0 days 00:23:21.771000,0 days 01:18:58.379000
2024-05-19 13:26:38.685,OnTrack,-13374,-8459,849,pos,0 days 00:23:22.091000,0 days 01:18:58.699000
2024-05-19 13:26:39.145,OnTrack,-13495,-8561,851,pos,0 days 00:23:22.551000,0 days 01:18:59.159000
2024-05-19 13:26:39.325,OnTrack,-13566,-8621,851,pos,0 days 00:23:22.731000,0 days 01:18:59.339000
2024-05-19 13:26:39.525,OnTrack,-13646,-8689,853,pos,0 days 00:23:22.931000,0 days 01:18:59.539000
2024-05-19 13:26:39.745,OnTrack,-13736,-8765,854,pos,0 days 00:23:23.151000,0 days 01:18:59.759000
2024-05-19 13:26:39.985,OnTrack,-13861,-8870,856,pos,0 days 00:23:23.391000,0 days 01:18:59.999000
2024-05-19 13:26:40.404,OnTrack,-14026,-9014,860,pos,0 days 00:23:23.810000,0 days 01:19:00.418000
2024-05-19 13:26:40.724,OnTrack,-14149,-9133,864,pos,0 days 00:23:24.130000,0 days 01:19:00.738000
2024-05-19 13:26:40.944,OnTrack,-14244,-9228,868,pos,0 days 00:23:24.350000,0 days 01:19:00.958000
2024-05-19 13:26:41.164,OnTrack,-14341,-9324,872,pos,0 days 00:23:24.570000,0 days 01:19:01.178000
2024-05-19 13:26:41.404,OnTrack,-14501,-9480,880,pos,0 days 00:23:24.810000,0 days 01:19:01.418000
2024-05-19 13:26:41.785,OnTrack,-14610,-9581,885,pos,0 days 00:23:25.191000,0 days 01:19:01.799000
2024-05-19 13:26:42.005,OnTrack,-14690,-9659,889,pos,0 days 00:23:25.411000,0 days 01:19:02.019000
2024-05-19 13:26:42.285,OnTrack,-14794,-9770,894,pos,0 days 00:23:25.691000,0 days 01:19:02.299000
2024-05-19 13:26:42.605,OnTrack,-14852,-9852,897,pos,0 days 00:23:26.011000,0 days 01:19:02.619000
2024-05-19 13:26:42.745,OnTrack,-14876,-9896,899,pos,0 days 00:23:26.151000,0 days 01:19:02.759000
2024-05-19 13:26:43.065,OnTrack,-14910,-9997,902,pos,0 days 00:23:26.471000,0 days 01:19:03.079000
2024-05-19 13:26:43.285,OnTrack,-14916,-10064,905,pos,0 days 00:23:26.691000,0 days 01:19:03.299000
2024-05-19 13:26:43.485,OnTrack,-14909,-10123,908,pos,0 days 00:23:26.891000,0 days 01:19:03.499000
2024-05-19 13:26:43.585,OnTrack,-14901,-10150,908,pos,0 days 00:23:26.991000,0 days 01:19:03.599000
2024-05-19 13:26:43.765,OnTrack,-14881,-10197,911,pos,0 days 00:23:27.171000,0 days 01:19:03.779000
2024-05-19 13:26:44.125,OnTrack,-14821,-10275,916,pos,0 days 00:23:27.531000,0 days 01:19:04.139000
2024-05-19 13:26:44.365,OnTrack,-14765,-10320,921,pos,0 days 00:23:27.771000,0 days 01:19:04.379000
2024-05-19 13:26:44.665,OnTrack,-14706,-10352,923,pos,0 days 00:23:28.071000,0 days 01:19:04.679000
2024-05-19 13:26:44.985,OnTrack,-14625,-10379,927,pos,0 days 00:23:28.391000,0 days 01:19:04.999000
2024-05-19 13:26:45.165,OnTrack,-14554,-10391,930,pos,0 days 00:23:28.571000,0 days 01:19:05.179000
2024-05-19 13:26:45.485,OnTrack,-14485,-10395,935,pos,0 days 00:23:28.891000,0 days 01:19:05.499000
2024-05-19 13:26:45.805,OnTrack,-14386,-10392,939,pos,0 days 00:23:29.211000,0 days 01:19:05.819000
2024-05-19 13:26:46.005,OnTrack,-14299,-10383,944,pos,0 days 00:23:29.411000,0 days 01:19:06.019000
2024-05-19 13:26:46.385,OnTrack,-14196,-10368,948,pos,0 days 00:23:29.791000,0 days 01:19:06.399000
2024-05-19 13:26:46.605,OnTrack,-14054,-10342,955,pos,0 days 00:23:30.011000,0 days 01:19:06.619000
2024-05-19 13:26:47.044,OnTrack,-13857,-10302,964,pos,0 days 00:23:30.450000,0 days 01:19:07.058000
2024-05-19 13:26:47.444,OnTrack,-13671,-10264,971,pos,0 days 00:23:30.850000,0 days 01:19:07.458000
2024-05-19 13:26:47.844,OnTrack,-13525,-10236,978,pos,0 days 00:23:31.250000,0 days 01:19:07.858000
2024-05-19 13:26:48.044,OnTrack,-13416,-10217,982,pos,0 days 00:23:31.450000,0 days 01:19:08.058000
2024-05-19 13:26:48.324,OnTrack,-13258,-10189,988,pos,0 days 00:23:31.730000,0 days 01:19:08.338000
2024-05-19 13:26:48.565,OnTrack,-13094,-10160,993,pos,0 days 00:23:31.971000,0 days 01:19:08.579000
2024-05-19 13:26:48.925,OnTrack,-12900,-10128,1000,pos,0 days 00:23:32.331000,0 days 01:19:08.939000
2024-05-19 13:26:49.125,OnTrack,-12775,-10109,1004,pos,0 days 00:23:32.531000,0 days 01:19:09.139000
2024-05-19 13:26:49.325,OnTrack,-12583,-10080,1010,pos,0 days 00:23:32.731000,0 days 01:19:09.339000
2024-05-19 13:26:49.645,OnTrack,-12440,-10059,1015,pos,0 days 00:23:33.051000,0 days 01:19:09.659000
2024-05-19 13:26:49.905,OnTrack,-12269,-10035,1023,pos,0 days 00:23:33.311000,0 days 01:19:09.919000
2024-05-19 13:26:50.205,OnTrack,-12065,-10007,1035,pos,0 days 00:23:33.611000,0 days 01:19:10.219000
2024-05-19 13:26:50.445,OnTrack,-11772,-9970,1055,pos,0 days 00:23:33.851000,0 days 01:19:10.459000
2024-05-19 13:26:50.685,OnTrack,-11701,-9962,1059,pos,0 days 00:23:34.091000,0 days 01:19:10.699000
2024-05-19 13:26:51.025,OnTrack,-11358,-9930,1081,pos,0 days 00:23:34.431000,0 days 01:19:11.039000
2024-05-19 13:26:51.325,OnTrack,-11242,-9923,1088,pos,0 days 00:23:34.731000,0 days 01:19:11.339000
2024-05-19 13:26:51.545,OnTrack,-11081,-9919,1097,pos,0 days 00:23:34.951000,0 days 01:19:11.559000
2024-05-19 13:26:51.705,OnTrack,-10963,-9918,1104,pos,0 days 00:23:35.111000,0 days 01:19:11.719000
2024-05-19 13:26:52.085,OnTrack,-10680,-9926,1118,pos,0 days 00:23:35.491000,0 days 01:19:12.099000
2024-05-19 13:26:52.265,OnTrack,-10546,-9935,1121,pos,0 days 00:23:35.671000,0 days 01:19:12.279000
2024-05-19 13:26:52.465,OnTrack,-10397,-9950,1122,pos,0 days 00:23:35.871000,0 days 01:19:12.479000
2024-05-19 13:26:52.625,OnTrack,-10277,-9963,1122,pos,0 days 00:23:36.031000,0 days 01:19:12.639000
2024-05-19 13:26:52.845,OnTrack,-10112,-9982,1121,pos,0 days 00:23:36.251000,0 days 01:19:12.859000
2024-05-19 13:26:53.025,OnTrack,-9978,-9998,1120,pos,0 days 00:23:36.431000,0 days 01:19:13.039000
2024-05-19 13:26:53.325,OnTrack,-9708,-10029,1118,pos,0 days 00:23:36.731000,0 days 01:19:13.339000
2024-05-19 13:26:53.684,OnTrack,-9490,-10052,1116,pos,0 days 00:23:37.090000,0 days 01:19:13.698000
2024-05-19 13:26:53.844,OnTrack,-9380,-10063,1115,pos,0 days 00:23:37.250000,0 days 01:19:13.858000
2024-05-19 13:26:54.044,OnTrack,-9248,-10070,1114,pos,0 days 00:23:37.450000,0 days 01:19:14.058000
2024-05-19 13:26:54.324,OnTrack,-9095,-10065,1114,pos,0 days 00:23:37.730000,0 days 01:19:14.338000
2024-05-19 13:26:54.484,OnTrack,-9008,-10051,1114,pos,0 days 00:23:37.890000,0 days 01:19:14.498000
2024-05-19 13:26:54.664,OnTrack,-8914,-10021,1114,pos,0 days 00:23:38.070000,0 days 01:19:14.678000
2024-05-19 13:26:54.925,OnTrack,-8790,-9954,1113,pos,0 days 00:23:38.331000,0 days 01:19:14.939000
2024-05-19 13:26:55.085,OnTrack,-8723,-9900,1110,pos,0 days 00:23:38.491000,0 days 01:19:15.099000
2024-05-19 13:26:55.325,OnTrack,-8639,-9804,1107,pos,0 days 00:23:38.731000,0 days 01:19:15.339000
2024-05-19 13:26:55.485,OnTrack,-8591,-9729,1105,pos,0 days 00:23:38.891000,0 days 01:19:15.499000
2024-05-19 13:26:55.785,OnTrack,-8509,-9576,1100,pos,0 days 00:23:39.191000,0 days 01:19:15.799000
2024-05-19 13:26:55.865,OnTrack,-8488,-9534,1099,pos,0 days 00:23:39.271000,0 days 01:19:15.879000
2024-05-19 13:26:56.105,OnTrack,-8426,-9408,1095,pos,0 days 00:23:39.511000,0 days 01:19:16.119000
2024-05-19 13:26:56.305,OnTrack,-8377,-9298,1091,pos,0 days 00:23:39.711000,0 days 01:19:16.319000
2024-05-19 13:26:56.505,OnTrack,-8332,-9184,1087,pos,0 days 00:23:39.911000,0 days 01:19:16.519000
2024-05-19 13:26:56.785,OnTrack,-8283,-9015,1081,pos,0 days 00:23:40.191000,0 days 01:19:16.799000
2024-05-19 13:26:56.945,OnTrack,-8251,-8838,1073,pos,0 days 00:23:40.351000,0 days 01:19:16.959000
2024-05-19 13:26:57.445,OnTrack,-8237,-8586,1059,pos,0 days 00:23:40.851000,0 days 01:19:17.459000
2024-05-19 13:26:57.605,OnTrack,-8246,-8408,1047,pos,0 days 00:23:41.011000,0 days 01:19:17.619000
2024-05-19 13:26:58.045,OnTrack,-8269,-8199,1030,pos,0 days 00:23:41.451000,0 days 01:19:18.059000
2024-05-19 13:26:58.245,OnTrack,-8307,-7974,1008,pos,0 days 00:23:41.651000,0 days 01:19:18.259000
2024-05-19 13:26:58.645,OnTrack,-8357,-7734,988,pos,0 days 00:23:42.051000,0 days 01:19:18.659000
2024-05-19 13:26:59.045,OnTrack,-8433,-7405,966,pos,0 days 00:23:42.451000,0 days 01:19:19.059000
2024-05-19 13:26:59.365,OnTrack,-8466,-7261,957,pos,0 days 00:23:42.771000,0 days 01:19:19.379000
2024-05-19 13:26:59.645,OnTrack,-8512,-7057,947,pos,0 days 00:23:43.051000,0 days 01:19:19.659000
2024-05-19 13:26:59.905,OnTrack,-8569,-6807,934,pos,0 days 00:23:43.311000,0 days 01:19:19.919000
2024-05-19 13:27:00.324,OnTrack,-8632,-6514,919,pos,0 days 00:23:43.730000,0 days 01:19:20.338000
2024-05-19 13:27:00.744,OnTrack,-8651,-6234,905,pos,0 days 00:23:44.150000,0 days 01:19:20.758000
2024-05-19 13:27:00.964,OnTrack,-8631,-6125,902,pos,0 days 00:23:44.370000,0 days 01:19:20.978000
2024-05-19 13:27:01.344,OnTrack,-8514,-5844,897,pos,0 days 00:23:44.750000,0 days 01:19:21.358000
2024-05-19 13:27:01.625,OnTrack,-8449,-5727,896,pos,0 days 00:23:45.031000,0 days 01:19:21.639000
2024-05-19 13:27:01.845,OnTrack,-8387,-5622,897,pos,0 days 00:23:45.251000,0 days 01:19:21.859000
2024-05-19 13:27:02.145,OnTrack,-8274,-5463,901,pos,0 days 00:23:45.551000,0 days 01:19:22.159000
2024-05-19 13:27:02.425,OnTrack,-8229,-5417,902,pos,0 days 00:23:45.831000,0 days 01:19:22.439000
2024-05-19 13:27:02.725,OnTrack,-8140,-5355,906,pos,0 days 00:23:46.131000,0 days 01:19:22.739000
2024-05-19 13:27:02.925,OnTrack,-8073,-5332,908,pos,0 days 00:23:46.331000,0 days 01:19:22.939000
2024-05-19 13:27:03.185,OnTrack,-7969,-5328,916,pos,0 days 00:23:46.591000,0 days 01:19:23.199000
2024-05-19 13:27:03.545,OnTrack,-7822,-5358,928,pos,0 days 00:23:46.951000,0 days 01:19:23.559000
2024-05-19 13:27:03.845,OnTrack,-7753,-5376,933,pos,0 days 00:23:47.251000,0 days 01:19:23.859000
2024-05-19 13:27:04.225,OnTrack,-7619,-5409,947,pos,0 days 00:23:47.631000,0 days 01:19:24.239000
2024-05-19 13:27:04.405,OnTrack,-7550,-5421,954,pos,0 days 00:23:47.811000,0 days 01:19:24.419000
2024-05-19 13:27:04.585,OnTrack,-7478,-5431,960,pos,0 days 00:23:47.991000,0 days 01:19:24.599000
2024-05-19 13:27:04.765,OnTrack,-7401,-5437,967,pos,0 days 00:23:48.171000,0 days 01:19:24.779000
2024-05-19 13:27:04.905,OnTrack,-7352,-5440,971,pos,0 days 00:23:48.311000,0 days 01:19:24.919000
2024-05-19 13:27:05.145,OnTrack,-7243,-5443,980,pos,0 days 00:23:48.551000,0 days 01:19:25.159000
2024-05-19 13:27:05.345,OnTrack,-7147,-5443,988,pos,0 days 00:23:48.751000,0 days 01:19:25.359000
2024-05-19 13:27:05.585,OnTrack,-7026,-5442,996,pos,0 days 00:23:48.991000,0 days 01:19:25.599000
2024-05-19 13:27:05.825,OnTrack,-6900,-5441,1005,pos,0 days 00:23:49.231000,0 days 01:19:25.839000
2024-05-19 13:27:06.085,OnTrack,-6712,-5439,1014,pos,0 days 00:23:49.491000,0 days 01:19:26.099000
2024-05-19 13:27:06.485,OnTrack,-6493,-5438,1025,pos,0 days 00:23:49.891000,0 days 01:19:26.499000
2024-05-19 13:27:06.764,OnTrack,-6362,-5437,1029,pos,0 days 00:23:50.170000,0 days 01:19:26.778000
2024-05-19 13:27:07.064,OnTrack,-6176,-5435,1035,pos,0 days 00:23:50.470000,0 days 01:19:27.078000
2024-05-19 13:27:07.244,OnTrack,-6062,-5434,1038,pos,0 days 00:23:50.650000,0 days 01:19:27.258000
2024-05-19 13:27:07.484,OnTrack,-5842,-5432,1044,pos,0 days 00:23:50.890000,0 days 01:19:27.498000
2024-05-19 13:27:07.884,OnTrack,-5642,-5431,1050,pos,0 days 00:23:51.290000,0 days 01:19:27.898000
2024-05-19 13:27:08.004,OnTrack,-5561,-5430,1052,pos,0 days 00:23:51.410000,0 days 01:19:28.018000
2024-05-19 13:27:08.345,OnTrack,-5325,-5426,1059,pos,0 days 00:23:51.751000,0 days 01:19:28.359000
2024-05-19 13:27:08.525,OnTrack,-5199,-5422,1062,pos,0 days 00:23:51.931000,0 days 01:19:28.539000
2024-05-19 13:27:08.745,OnTrack,-5045,-5412,1067,pos,0 days 00:23:52.151000,0 days 01:19:28.759000
2024-05-19 13:27:08.905,OnTrack,-4932,-5402,1071,pos,0 days 00:23:52.311000,0 days 01:19:28.919000
2024-05-19 13:27:09.225,OnTrack,-4676,-5379,1077,pos,0 days 00:23:52.631000,0 days 01:19:29.239000
2024-05-19 13:27:09.525,OnTrack,-4490,-5363,1080,pos,0 days 00:23:52.931000,0 days 01:19:29.539000
2024-05-19 13:27:09.725,OnTrack,-4262,-5344,1083,pos,0 days 00:23:53.131000,0 days 01:19:29.739000
2024-05-19 13:27:10.205,OnTrack,-3921,-5316,1085,pos,0 days 00:23:53.611000,0 days 01:19:30.219000
2024-05-19 13:27:10.605,OnTrack,-3680,-5296,1087,pos,0 days 00:23:54.011000,0 days 01:19:30.619000
2024-05-19 13:27:11.045,OnTrack,-3467,-5280,1088,pos,0 days 00:23:54.451000,0 days 01:19:31.059000
2024-05-19 13:27:11.425,OnTrack,-3301,-5273,1090,pos,0 days 00:23:54.831000,0 days 01:19:31.439000
2024-05-19 13:27:11.865,OnTrack,-3187,-5291,1092,pos,0 days 00:23:55.271000,0 days 01:19:31.879000
2024-05-19 13:27:12.225,OnTrack,-3081,-5373,1096,pos,0 days 00:23:55.631000,0 days 01:19:32.239000
2024-05-19 13:27:12.565,OnTrack,-2991,-5470,1096,pos,0 days 00:23:55.971000,0 days 01:19:32.579000
2024-05-19 13:27:13.085,OnTrack,-2900,-5536,1096,pos,0 days 00:23:56.491000,0 days 01:19:33.099000
2024-05-19 13:27:13.185,OnTrack,-2875,-5547,1096,pos,0 days 00:23:56.591000,0 days 01:19:33.199000
2024-05-19 13:27:13.504,OnTrack,-2785,-5563,1094,pos,0 days 00:23:56.910000,0 days 01:19:33.518000
2024-05-19 13:27:13.724,OnTrack,-2730,-5556,1093,pos,0 days 00:23:57.130000,0 days 01:19:33.738000
2024-05-19 13:27:13.944,OnTrack,-2668,-5541,1092,pos,0 days 00:23:57.350000,0 days 01:19:33.958000
2024-05-19 13:27:14.244,OnTrack,-2583,-5515,1090,pos,0 days 00:23:57.650000,0 days 01:19:34.258000
2024-05-19 13:27:14.464,OnTrack,-2519,-5492,1088,pos,0 days 00:23:57.870000,0 days 01:19:34.478000
2024-05-19 13:27:14.745,OnTrack,-2387,-5435,1085,pos,0 days 00:23:58.151000,0 days 01:19:34.759000
2024-05-19 13:27:14.965,OnTrack,-2361,-5423,1085,pos,0 days 00:23:58.371000,0 days 01:19:34.979000
2024-05-19 13:27:15.185,OnTrack,-2285,-5385,1083,pos,0 days 00:23:58.591000,0 days 01:19:35.199000
2024-05-19 13:27:15.545,OnTrack,-2095,-5286,1078,pos,0 days 00:23:58.951000,0 days 01:19:35.559000
2024-05-19 13:27:15.825,OnTrack,-2037,-5255,1077,pos,0 days 00:23:59.231000,0 days 01:19:35.839000
2024-05-19 13:27:16.125,OnTrack,-1906,-5186,1074,pos,0 days 00:23:59.531000,0 days 01:19:36.139000
2024-05-19 13:27:16.225,OnTrack,-1861,-5162,1074,pos,0 days 00:23:59.631000,0 days 01:19:36.239000
2024-05-19 13:27:16.545,OnTrack,-1660,-5059,1070,pos,0 days 00:23:59.951000,0 days 01:19:36.559000
2024-05-19 13:27:16.885,OnTrack,-1527,-4995,1067,pos,0 days 00:24:00.291000,0 days 01:19:36.899000
2024-05-19 13:27:17.185,OnTrack,-1323,-4902,1064,pos,0 days 00:24:00.591000,0 days 01:19:37.199000
2024-05-19 13:27:17.585,OnTrack,-1110,-4800,1059,pos,0 days 00:24:00.991000,0 days 01:19:37.599000
2024-05-19 13:27:18.005,OnTrack,-830,-4638,1053,pos,0 days 00:24:01.411000,0 days 01:19:38.019000
2024-05-19 13:27:18.425,OnTrack,-596,-4478,1046,pos,0 days 00:24:01.831000,0 days 01:19:38.439000
2024-05-19 13:27:18.685,OnTrack,-529,-4430,1044,pos,0 days 00:24:02.091000,0 days 01:19:38.699000
2024-05-19 13:27:19.005,OnTrack,-349,-4296,1039,pos,0 days 00:24:02.411000,0 days 01:19:39.019000
2024-05-19 13:27:19.245,OnTrack,-215,-4191,1035,pos,0 days 00:24:02.651000,0 days 01:19:39.259000
2024-05-19 13:27:19.325,OnTrack,-170,-4154,1033,pos,0 days 00:24:02.731000,0 days 01:19:39.339000
2024-05-19 13:27:19.685,OnTrack,25,-3981,1028,pos,0 days 00:24:03.091000,0 days 01:19:39.699000
2024-05-19 13:27:19.864,OnTrack,201,-3808,1024,pos,0 days 00:24:03.270000,0 days 01:19:39.878000
2024-05-19 13:27:20.224,OnTrack,324,-3676,1020,pos,0 days 00:24:03.630000,0 days 01:19:40.238000
2024-05-19 13:27:20.384,OnTrack,405,-3587,1017,pos,0 days 00:24:03.790000,0 days 01:19:40.398000
2024-05-19 13:27:20.684,OnTrack,558,-3417,1009,pos,0 days 00:24:04.090000,0 days 01:19:40.698000
2024-05-19 13:27:20.864,OnTrack,723,-3233,1000,pos,0 days 00:24:04.270000,0 days 01:19:40.878000
2024-05-19 13:27:21.265,OnTrack,858,-3084,991,pos,0 days 00:24:04.671000,0 days 01:19:41.279000
2024-05-19 13:27:21.545,OnTrack,1059,-2862,975,pos,0 days 00:24:04.951000,0 days 01:19:41.559000
2024-05-19 13:27:21.965,OnTrack,1285,-2615,955,pos,0 days 00:24:05.371000,0 days 01:19:41.979000
2024-05-19 13:27:22.305,OnTrack,1418,-2477,942,pos,0 days 00:24:05.711000,0 days 01:19:42.319000
2024-05-19 13:27:22.525,OnTrack,1643,-2289,923,pos,0 days 00:24:05.931000,0 days 01:19:42.539000
2024-05-19 13:27:23.025,OnTrack,2033,-2080,893,pos,0 days 00:24:06.431000,0 days 01:19:43.039000
2024-05-19 13:27:23.425,OnTrack,2329,-1962,870,pos,0 days 00:24:06.831000,0 days 01:19:43.439000
2024-05-19 13:27:23.845,OnTrack,2517,-1886,855,pos,0 days 00:24:07.251000,0 days 01:19:43.859000
2024-05-19 13:27:24.045,OnTrack,2691,-1815,842,pos,0 days 00:24:07.451000,0 days 01:19:44.059000
2024-05-19 13:27:24.445,OnTrack,2842,-1752,832,pos,0 days 00:24:07.851000,0 days 01:19:44.459000
2024-05-19 13:27:24.605,OnTrack,2913,-1721,828,pos,0 days 00:24:08.011000,0 days 01:19:44.619000
2024-05-19 13:27:24.885,OnTrack,3016,-1668,821,pos,0 days 00:24:08.291000,0 days 01:19:44.899000
2024-05-19 13:27:25.105,OnTrack,3080,-1619,816,pos,0 days 00:24:08.511000,0 days 01:19:45.119000
2024-05-19 13:27:25.285,OnTrack,3122,-1572,813,pos,0 days 00:24:08.691000,0 days 01:19:45.299000
2024-05-19 13:27:25.485,OnTrack,3174,-1471,809,pos,0 days 00:24:08.891000,0 days 01:19:45.499000
2024-05-19 13:27:25.905,OnTrack,3190,-1341,803,pos,0 days 00:24:09.311000,0 days 01:19:45.919000
2024-05-19 13:27:26.345,OnTrack,3176,-1239,800,pos,0 days 00:24:09.751000,0 days 01:19:46.359000
2024-05-19 13:27:26.384,OnTrack,3173,-1226,800,pos,0 days 00:24:09.790000,0 days 01:19:46.398000
2024-05-19 13:27:26.764,OnTrack,3140,-1109,797,pos,0 days 00:24:10.170000,0 days 01:19:46.778000
2024-05-19 13:27:26.944,OnTrack,3122,-1054,796,pos,0 days 00:24:10.350000,0 days 01:19:46.958000
2024-05-19 13:27:27.164,OnTrack,3091,-964,794,pos,0 days 00:24:10.570000,0 days 01:19:47.178000
2024-05-19 13:27:27.424,OnTrack,3066,-895,793,pos,0 days 00:24:10.830000,0 days 01:19:47.438000
2024-05-19 13:27:27.644,OnTrack,3032,-817,792,pos,0 days 00:24:11.050000,0 days 01:19:47.658000
2024-05-19 13:27:27.905,OnTrack,2985,-720,791,pos,0 days 00:24:11.311000,0 days 01:19:47.919000
2024-05-19 13:27:28.105,OnTrack,2942,-644,791,pos,0 days 00:24:11.511000,0 days 01:19:48.119000
2024-05-19 13:27:28.365,OnTrack,2877,-552,789,pos,0 days 00:24:11.771000,0 days 01:19:48.379000
2024-05-19 13:27:28.485,OnTrack,2844,-514,789,pos,0 days 00:24:11.891000,0 days 01:19:48.499000
2024-05-19 13:27:28.745,OnTrack,2763,-448,788,pos,0 days 00:24:12.151000,0 days 01:19:48.759000
2024-05-19 13:27:28.905,OnTrack,2708,-417,787,pos,0 days 00:24:12.311000,0 days 01:19:48.919000
2024-05-19 13:27:29.085,OnTrack,2643,-391,787,pos,0 days 00:24:12.491000,0 days 01:19:49.099000
2024-05-19 13:27:29.465,OnTrack,2502,-363,786,pos,0 days 00:24:12.871000,0 days 01:19:49.479000
2024-05-19 13:27:29.645,OnTrack,2435,-359,786,pos,0 days 00:24:13.051000,0 days 01:19:49.659000
2024-05-19 13:27:29.805,OnTrack,2374,-361,786,pos,0 days 00:24:13.211000,0 days 01:19:49.819000
2024-05-19 13:27:30.105,OnTrack,2221,-385,784,pos,0 days 00:24:13.511000,0 days 01:19:50.119000
2024-05-19 13:27:30.365,OnTrack,2159,-405,783,pos,0 days 00:24:13.771000,0 days 01:19:50.379000
2024-05-19 13:27:30.605,OnTrack,2064,-443,782,pos,0 days 00:24:14.011000,0 days 01:19:50.619000
2024-05-19 13:27:30.845,OnTrack,1966,-488,781,pos,0 days 00:24:14.251000,0 days 01:19:50.859000
2024-05-19 13:27:31.085,OnTrack,1863,-536,780,pos,0 days 00:24:14.491000,0 days 01:19:51.099000
2024-05-19 13:27:31.245,OnTrack,1815,-558,780,pos,0 days 00:24:14.651000,0 days 01:19:51.259000
2024-05-19 13:27:31.445,OnTrack,1721,-601,779,pos,0 days 00:24:14.851000,0 days 01:19:51.459000
2024-05-19 13:27:31.685,OnTrack,1605,-654,778,pos,0 days 00:24:15.091000,0 days 01:19:51.699000
2024-05-19 13:27:31.885,OnTrack,1504,-700,778,pos,0 days 00:24:15.291000,0 days 01:19:51.899000
2024-05-19 13:27:32.105,OnTrack,1390,-751,778,pos,0 days 00:24:15.511000,0 days 01:19:52.119000
2024-05-19 13:27:32.325,OnTrack,1272,-805,778,pos,0 days 00:24:15.731000,0 days 01:19:52.339000
2024-05-19 13:27:32.525,OnTrack,1162,-855,778,pos,0 days 00:24:15.931000,0 days 01:19:52.539000
2024-05-19 13:27:32.765,OnTrack,1028,-915,778,pos,0 days 00:24:16.171000,0 days 01:19:52.779000
2024-05-19 13:27:33.024,OnTrack,793,-1019,779,pos,0 days 00:24:16.430000,0 days 01:19:53.038000
2024-05-19 13:27:33.344,OnTrack,683,-1064,779,pos,0 days 00:24:16.750000,0 days 01:19:53.358000
2024-05-19 13:27:33.464,OnTrack,603,-1098,780,pos,0 days 00:24:16.870000,0 days 01:19:53.478000
2024-05-19 13:27:33.844,OnTrack,313,-1219,781,pos,0 days 00:24:17.250000,0 days 01:19:53.858000
2024-05-19 13:27:34.144,OnTrack,171,-1279,781,pos,0 days 00:24:17.550000,0 days 01:19:54.158000
2024-05-19 13:27:34.405,OnTrack,1,-1351,781,pos,0 days 00:24:17.811000,0 days 01:19:54.419000
2024-05-19 13:27:34.665,OnTrack,-173,-1419,782,pos,0 days 00:24:18.071000,0 days 01:19:54.679000
2024-05-19 13:27:34.825,OnTrack,-282,-1458,782,pos,0 days 00:24:18.231000,0 days 01:19:54.839000
2024-05-19 13:27:35.045,OnTrack,-538,-1529,783,pos,0 days 00:24:18.451000,0 days 01:19:55.059000
2024-05-19 13:27:35.485,OnTrack,-758,-1567,783,pos,0 days 00:24:18.891000,0 days 01:19:55.499000
2024-05-19 13:27:35.685,OnTrack,-989,-1584,784,pos,0 days 00:24:19.091000,0 days 01:19:55.699000
2024-05-19 13:27:35.985,OnTrack,-1144,-1590,784,pos,0 days 00:24:19.391000,0 days 01:19:55.999000
2024-05-19 13:27:36.205,OnTrack,-1327,-1595,785,pos,0 days 00:24:19.611000,0 days 01:19:56.219000
2024-05-19 13:27:36.445,OnTrack,-1514,-1606,786,pos,0 days 00:24:19.851000,0 days 01:19:56.459000
2024-05-19 13:27:36.645,OnTrack,-1672,-1615,786,pos,0 days 00:24:20.051000,0 days 01:19:56.659000
2024-05-19 13:27:36.905,OnTrack,-1957,-1631,788,pos,0 days 00:24:20.311000,0 days 01:19:56.919000
2024-05-19 13:27:37.245,OnTrack,-2150,-1641,788,pos,0 days 00:24:20.651000,0 days 01:19:57.259000
2024-05-19 13:27:37.465,OnTrack,-2327,-1652,789,pos,0 days 00:24:20.871000,0 days 01:19:57.479000
2024-05-19 13:27:37.725,OnTrack,-2538,-1663,790,pos,0 days 00:24:21.131000,0 days 01:19:57.739000
2024-05-19 13:27:38.005,OnTrack,-2881,-1675,792,pos,0 days 00:24:21.411000,0 days 01:19:58.019000
2024-05-19 13:27:38.425,OnTrack,-3111,-1683,793,pos,0 days 00:24:21.831000,0 days 01:19:58.439000
2024-05-19 13:27:38.565,OnTrack,-3343,-1692,793,pos,0 days 00:24:21.971000,0 days 01:19:58.579000
2024-05-19 13:27:38.925,OnTrack,-3525,-1696,794,pos,0 days 00:24:22.331000,0 days 01:19:58.939000
2024-05-19 13:27:39.245,OnTrack,-3791,-1686,795,pos,0 days 00:24:22.651000,0 days 01:19:59.259000
2024-05-19 13:27:39.445,OnTrack,-3957,-1667,796,pos,0 days 00:24:22.851000,0 days 01:19:59.459000
2024-05-19 13:27:39.604,OnTrack,-4209,-1623,798,pos,0 days 00:24:23.010000,0 days 01:19:59.618000
2024-05-19 13:27:39.984,OnTrack,-4409,-1579,799,pos,0 days 00:24:23.390000,0 days 01:19:59.998000
2024-05-19 13:27:40.184,OnTrack,-4575,-1540,800,pos,0 days 00:24:23.590000,0 days 01:20:00.198000
2024-05-19 13:27:40.404,OnTrack,-4757,-1496,801,pos,0 days 00:24:23.810000,0 days 01:20:00.418000
2024-05-19 13:27:40.664,OnTrack,-5056,-1422,804,pos,0 days 00:24:24.070000,0 days 01:20:00.678000
2024-05-19 13:27:40.985,OnTrack,-5240,-1377,805,pos,0 days 00:24:24.391000,0 days 01:20:00.999000
2024-05-19 13:27:41.225,OnTrack,-5440,-1331,807,pos,0 days 00:24:24.631000,0 days 01:20:01.239000
2024-05-19 13:27:41.565,OnTrack,-5688,-1285,809,pos,0 days 00:24:24.971000,0 days 01:20:01.579000
2024-05-19 13:27:41.645,OnTrack,-5750,-1275,810,pos,0 days 00:24:25.051000,0 days 01:20:01.659000
2024-05-19 13:27:41.985,OnTrack,-6077,-1241,812,pos,0 days 00:24:25.391000,0 days 01:20:01.999000
2024-05-19 13:27:42.345,OnTrack,-6424,-1230,814,pos,0 days 00:24:25.751000,0 days 01:20:02.359000
2024-05-19 13:27:42.725,OnTrack,-6684,-1230,816,pos,0 days 00:24:26.131000,0 days 01:20:02.739000
2024-05-19 13:27:43.025,OnTrack,-6943,-1234,817,pos,0 days 00:24:26.431000,0 days 01:20:03.039000
2024-05-19 13:27:43.225,OnTrack,-7149,-1242,817,pos,0 days 00:24:26.631000,0 days 01:20:03.239000
2024-05-19 13:27:43.445,OnTrack,-7303,-1251,818,pos,0 days 00:24:26.851000,0 days 01:20:03.459000
2024-05-19 13:27:43.645,OnTrack,-7474,-1265,818,pos,0 days 00:24:27.051000,0 days 01:20:03.659000
2024-05-19 13:27:43.905,OnTrack,-7695,-1287,818,pos,0 days 00:24:27.311000,0 days 01:20:03.919000
2024-05-19 13:27:44.165,OnTrack,-8025,-1325,818,pos,0 days 00:24:27.571000,0 days 01:20:04.179000
2024-05-19 13:27:44.465,OnTrack,-8345,-1368,819,pos,0 days 00:24:27.871000,0 days 01:20:04.479000
2024-05-19 13:27:44.765,OnTrack,-8664,-1412,819,pos,0 days 00:24:28.171000,0 days 01:20:04.779000
2024-05-19 13:27:45.125,OnTrack,-8848,-1437,819,pos,0 days 00:24:28.531000,0 days 01:20:05.139000
2024-05-19 13:27:45.425,OnTrack,-9178,-1492,819,pos,0 days 00:24:28.831000,0 days 01:20:05.439000
2024-05-19 13:27:45.765,OnTrack,-9368,-1537,819,pos,0 days 00:24:29.171000,0 days 01:20:05.779000
2024-05-19 13:27:46.045,OnTrack,-9664,-1627,819,pos,0 days 00:24:29.451000,0 days 01:20:06.059000
2024-05-19 13:27:46.384,OnTrack,-9805,-1672,818,pos,0 days 00:24:29.790000,0 days 01:20:06.398000
2024-05-19 13:27:46.544,OnTrack,-9900,-1702,818,pos,0 days 00:24:29.950000,0 days 01:20:06.558000
2024-05-19 13:27:46.904,OnTrack,-10116,-1769,818,pos,0 days 00:24:30.310000,0 days 01:20:06.918000
2024-05-19 13:27:47.184,OnTrack,-10195,-1797,818,pos,0 days 00:24:30.590000,0 days 01:20:07.198000
2024-05-19 13:27:47.404,OnTrack,-10271,-1842,818,pos,0 days 00:24:30.810000,0 days 01:20:07.418000
2024-05-19 13:27:47.605,OnTrack,-10327,-1899,818,pos,0 days 00:24:31.011000,0 days 01:20:07.619000
2024-05-19 13:27:47.945,OnTrack,-10394,-2046,818,pos,0 days 00:24:31.351000,0 days 01:20:07.959000
2024-05-19 13:27:48.185,OnTrack,-10417,-2130,819,pos,0 days 00:24:31.591000,0 days 01:20:08.199000
2024-05-19 13:27:48.485,OnTrack,-10456,-2252,819,pos,0 days 00:24:31.891000,0 days 01:20:08.499000
2024-05-19 13:27:48.605,OnTrack,-10477,-2298,819,pos,0 days 00:24:32.011000,0 days 01:20:08.619000
2024-05-19 13:27:48.845,OnTrack,-10534,-2386,818,pos,0 days 00:24:32.251000,0 days 01:20:08.859000
2024-05-19 13:27:49.165,OnTrack,-10672,-2516,818,pos,0 days 00:24:32.571000,0 days 01:20:09.179000
2024-05-19 13:27:49.485,OnTrack,-10758,-2573,819,pos,0 days 00:24:32.891000,0 days 01:20:09.499000
2024-05-19 13:27:49.765,OnTrack,-10911,-2666,820,pos,0 days 00:24:33.171000,0 days 01:20:09.779000
2024-05-19 13:27:50.225,OnTrack,-11065,-2755,822,pos,0 days 00:24:33.631000,0 days 01:20:10.239000
2024-05-19 13:27:50.705,OnTrack,-11284,-2883,823,pos,0 days 00:24:34.111000,0 days 01:20:10.719000
2024-05-19 13:27:50.985,OnTrack,-11413,-2966,824,pos,0 days 00:24:34.391000,0 days 01:20:10.999000
2024-05-19 13:27:51.145,OnTrack,-11487,-3021,825,pos,0 days 00:24:34.551000,0 days 01:20:11.159000
2024-05-19 13:27:51.365,OnTrack,-11629,-3161,825,pos,0 days 00:24:34.771000,0 days 01:20:11.379000
2024-05-19 13:27:51.745,OnTrack,-11717,-3293,825,pos,0 days 00:24:35.151000,0 days 01:20:11.759000
2024-05-19 13:27:52.025,OnTrack,-11825,-3533,827,pos,0 days 00:24:35.431000,0 days 01:20:12.039000
2024-05-19 13:27:52.385,OnTrack,-11880,-3679,827,pos,0 days 00:24:35.791000,0 days 01:20:12.399000
2024-05-19 13:27:52.605,OnTrack,-11931,-3814,828,pos,0 days 00:24:36.011000,0 days 01:20:12.619000
2024-05-19 13:27:52.864,OnTrack,-11992,-3977,828,pos,0 days 00:24:36.270000,0 days 01:20:12.878000
2024-05-19 13:27:53.064,OnTrack,-12064,-4170,829,pos,0 days 00:24:36.470000,0 days 01:20:13.078000
2024-05-19 13:27:53.484,OnTrack,-12144,-4381,830,pos,0 days 00:24:36.890000,0 days 01:20:13.498000
2024-05-19 13:27:53.684,OnTrack,-12194,-4514,830,pos,0 days 00:24:37.090000,0 days 01:20:13.698000
2024-05-19 13:27:53.924,OnTrack,-12255,-4676,830,pos,0 days 00:24:37.330000,0 days 01:20:13.938000
2024-05-19 13:27:54.104,OnTrack,-12332,-4882,831,pos,0 days 00:24:37.510000,0 days 01:20:14.118000
2024-05-19 13:27:54.585,OnTrack,-12442,-5176,832,pos,0 days 00:24:37.991000,0 days 01:20:14.599000
2024-05-19 13:27:54.865,OnTrack,-12538,-5432,832,pos,0 days 00:24:38.271000,0 days 01:20:14.879000
2024-05-19 13:27:55.325,OnTrack,-12625,-5663,833,pos,0 days 00:24:38.731000,0 days 01:20:15.339000
2024-05-19 13:27:55.525,OnTrack,-12680,-5809,833,pos,0 days 00:24:38.931000,0 days 01:20:15.539000
2024-05-19 13:27:55.745,OnTrack,-12741,-5970,834,pos,0 days 00:24:39.151000,0 days 01:20:15.759000
2024-05-19 13:27:55.985,OnTrack,-12827,-6191,834,pos,0 days 00:24:39.391000,0 days 01:20:15.999000
2024-05-19 13:27:56.445,OnTrack,-12985,-6570,835,pos,0 days 00:24:39.851000,0 days 01:20:16.459000
2024-05-19 13:27:56.745,OnTrack,-13040,-6699,836,pos,0 days 00:24:40.151000,0 days 01:20:16.759000
2024-05-19 13:27:57.025,OnTrack,-13130,-6945,837,pos,0 days 00:24:40.431000,0 days 01:20:17.039000
2024-05-19 13:27:57.405,OnTrack,-13162,-7133,838,pos,0 days 00:24:40.811000,0 days 01:20:17.419000
2024-05-19 13:27:57.645,OnTrack,-13157,-7286,838,pos,0 days 00:24:41.051000,0 days 01:20:17.659000
2024-05-19 13:27:57.745,OnTrack,-13149,-7348,839,pos,0 days 00:24:41.151000,0 days 01:20:17.759000
2024-05-19 13:27:57.945,OnTrack,-13127,-7469,840,pos,0 days 00:24:41.351000,0 days 01:20:17.959000
2024-05-19 13:27:58.165,OnTrack,-13097,-7596,841,pos,0 days 00:24:41.571000,0 days 01:20:18.179000
2024-05-19 13:27:58.445,OnTrack,-13049,-7800,842,pos,0 days 00:24:41.851000,0 days 01:20:18.459000
2024-05-19 13:27:58.825,OnTrack,-13026,-7938,843,pos,0 days 00:24:42.231000,0 days 01:20:18.839000
2024-05-19 13:27:58.985,OnTrack,-13024,-8009,844,pos,0 days 00:24:42.391000,0 days 01:20:18.999000
2024-05-19 13:27:59.344,OnTrack,-13064,-8155,845,pos,0 days 00:24:42.750000,0 days 01:20:19.358000
2024-05-19 13:27:59.584,OnTrack,-13127,-8240,846,pos,0 days 00:24:42.990000,0 days 01:20:19.598000
2024-05-19 13:27:59.764,OnTrack,-13188,-8298,847,pos,0 days 00:24:43.170000,0 days 01:20:19.778000
2024-05-19 13:27:59.984,OnTrack,-13267,-8367,848,pos,0 days 00:24:43.390000,0 days 01:20:19.998000
2024-05-19 13:28:00.104,OnTrack,-13309,-8403,848,pos,0 days 00:24:43.510000,0 days 01:20:20.118000
2024-05-19 13:28:00.264,OnTrack,-13366,-8452,849,pos,0 days 00:24:43.670000,0 days 01:20:20.278000
2024-05-19 13:28:00.624,OnTrack,-13524,-8585,851,pos,0 days 00:24:44.030000,0 days 01:20:20.638000
2024-05-19 13:28:00.945,OnTrack,-13625,-8672,852,pos,0 days 00:24:44.351000,0 days 01:20:20.959000
2024-05-19 13:28:01.225,OnTrack,-13800,-8819,855,pos,0 days 00:24:44.631000,0 days 01:20:21.239000
2024-05-19 13:28:01.565,OnTrack,-13854,-8864,856,pos,0 days 00:24:44.971000,0 days 01:20:21.579000
2024-05-19 13:28:01.825,OnTrack,-14048,-9035,861,pos,0 days 00:24:45.231000,0 days 01:20:21.839000
2024-05-19 13:28:02.265,OnTrack,-14196,-9179,866,pos,0 days 00:24:45.671000,0 days 01:20:22.279000
2024-05-19 13:28:02.665,OnTrack,-14380,-9363,874,pos,0 days 00:24:46.071000,0 days 01:20:22.679000
2024-05-19 13:28:02.965,OnTrack,-14485,-9466,879,pos,0 days 00:24:46.371000,0 days 01:20:22.979000
2024-05-19 13:28:03.165,OnTrack,-14571,-9544,883,pos,0 days 00:24:46.571000,0 days 01:20:23.179000
2024-05-19 13:28:03.345,OnTrack,-14643,-9612,886,pos,0 days 00:24:46.751000,0 days 01:20:23.359000
2024-05-19 13:28:03.565,OnTrack,-14720,-9689,890,pos,0 days 00:24:46.971000,0 days 01:20:23.579000
2024-05-19 13:28:03.785,OnTrack,-14785,-9759,894,pos,0 days 00:24:47.191000,0 days 01:20:23.799000
2024-05-19 13:28:04.125,OnTrack,-14879,-9903,899,pos,0 days 00:24:47.531000,0 days 01:20:24.139000
2024-05-19 13:28:04.365,OnTrack,-14895,-9941,900,pos,0 days 00:24:47.771000,0 days 01:20:24.379000
2024-05-19 13:28:04.665,OnTrack,-14916,-10065,905,pos,0 days 00:24:48.071000,0 days 01:20:24.679000
2024-05-19 13:28:04.985,OnTrack,-14907,-10129,908,pos,0 days 00:24:48.391000,0 days 01:20:24.999000
2024-05-19 13:28:05.205,OnTrack,-14886,-10188,911,pos,0 days 00:24:48.611000,0 days 01:20:25.219000
2024-05-19 13:28:05.545,OnTrack,-14816,-10280,917,pos,0 days 00:24:48.951000,0 days 01:20:25.559000
2024-05-19 13:28:05.785,OnTrack,-14783,-10307,919,pos,0 days 00:24:49.191000,0 days 01:20:25.799000
2024-05-19 13:28:06.004,OnTrack,-14735,-10338,922,pos,0 days 00:24:49.410000,0 days 01:20:26.018000
2024-05-19 13:28:06.304,OnTrack,-14661,-10369,925,pos,0 days 00:24:49.710000,0 days 01:20:26.318000
2024-05-19 13:28:06.504,OnTrack,-14609,-10383,928,pos,0 days 00:24:49.910000,0 days 01:20:26.518000
2024-05-19 13:28:06.684,OnTrack,-14560,-10391,930,pos,0 days 00:24:50.090000,0 days 01:20:26.698000
2024-05-19 13:28:06.924,OnTrack,-14490,-10395,935,pos,0 days 00:24:50.330000,0 days 01:20:26.938000
2024-05-19 13:28:07.104,OnTrack,-14435,-10395,937,pos,0 days 00:24:50.510000,0 days 01:20:27.118000
2024-05-19 13:28:07.264,OnTrack,-14385,-10392,939,pos,0 days 00:24:50.670000,0 days 01:20:27.278000
2024-05-19 13:28:07.525,OnTrack,-14313,-10384,943,pos,0 days 00:24:50.931000,0 days 01:20:27.539000
2024-05-19 13:28:07.725,OnTrack,-14243,-10375,947,pos,0 days 00:24:51.131000,0 days 01:20:27.739000
2024-05-19 13:28:08.025,OnTrack,-14132,-10357,951,pos,0 days 00:24:51.431000,0 days 01:20:28.039000
2024-05-19 13:28:08.125,OnTrack,-14094,-10350,952,pos,0 days 00:24:51.531000,0 days 01:20:28.139000
2024-05-19 13:28:08.405,OnTrack,-13923,-10316,960,pos,0 days 00:24:51.811000,0 days 01:20:28.419000
2024-05-19 13:28:08.845,OnTrack,-13772,-10285,967,pos,0 days 00:24:52.251000,0 days 01:20:28.859000
2024-05-19 13:28:09.025,OnTrack,-13683,-10267,971,pos,0 days 00:24:52.431000,0 days 01:20:29.039000
2024-05-19 13:28:09.145,OnTrack,-13621,-10254,973,pos,0 days 00:24:52.551000,0 days 01:20:29.159000
2024-05-19 13:28:09.325,OnTrack,-13527,-10237,978,pos,0 days 00:24:52.731000,0 days 01:20:29.339000
2024-05-19 13:28:09.585,OnTrack,-13307,-10197,986,pos,0 days 00:24:52.991000,0 days 01:20:29.599000
2024-05-19 13:28:09.925,OnTrack,-13194,-10177,990,pos,0 days 00:24:53.331000,0 days 01:20:29.939000
2024-05-19 13:28:10.205,OnTrack,-13029,-10148,996,pos,0 days 00:24:53.611000,0 days 01:20:30.219000
2024-05-19 13:28:10.465,OnTrack,-12869,-10123,1001,pos,0 days 00:24:53.871000,0 days 01:20:30.479000
2024-05-19 13:28:10.705,OnTrack,-12718,-10100,1006,pos,0 days 00:24:54.111000,0 days 01:20:30.719000
2024-05-19 13:28:10.905,OnTrack,-12590,-10081,1010,pos,0 days 00:24:54.311000,0 days 01:20:30.919000
2024-05-19 13:28:11.105,OnTrack,-12460,-10062,1014,pos,0 days 00:24:54.511000,0 days 01:20:31.119000
2024-05-19 13:28:11.165,OnTrack,-12420,-10056,1016,pos,0 days 00:24:54.571000,0 days 01:20:31.179000
2024-05-19 13:28:11.505,OnTrack,-12193,-10025,1027,pos,0 days 00:24:54.911000,0 days 01:20:31.519000
2024-05-19 13:28:11.745,OnTrack,-11973,-9995,1041,pos,0 days 00:24:55.151000,0 days 01:20:31.759000
2024-05-19 13:28:12.005,OnTrack,-11821,-9976,1052,pos,0 days 00:24:55.411000,0 days 01:20:32.019000
2024-05-19 13:28:12.265,OnTrack,-11638,-9955,1063,pos,0 days 00:24:55.671000,0 days 01:20:32.279000
2024-05-19 13:28:12.544,OnTrack,-11437,-9936,1075,pos,0 days 00:24:55.950000,0 days 01:20:32.558000
2024-05-19 13:28:12.724,OnTrack,-11234,-9923,1088,pos,0 days 00:24:56.130000,0 days 01:20:32.738000
2024-05-19 13:28:13.124,OnTrack,-11013,-9918,1101,pos,0 days 00:24:56.530000,0 days 01:20:33.138000
2024-05-19 13:28:13.364,OnTrack,-10835,-9920,1112,pos,0 days 00:24:56.770000,0 days 01:20:33.378000
2024-05-19 13:28:13.564,OnTrack,-10613,-9930,1120,pos,0 days 00:24:56.970000,0 days 01:20:33.578000
2024-05-19 13:28:13.925,OnTrack,-10419,-9947,1122,pos,0 days 00:24:57.331000,0 days 01:20:33.939000
2024-05-19 13:28:14.105,OnTrack,-10284,-9962,1122,pos,0 days 00:24:57.511000,0 days 01:20:34.119000
2024-05-19 13:28:14.365,OnTrack,-10090,-9985,1121,pos,0 days 00:24:57.771000,0 days 01:20:34.379000
2024-05-19 13:28:14.605,OnTrack,-9820,-10016,1119,pos,0 days 00:24:58.011000,0 days 01:20:34.619000
2024-05-19 13:28:14.945,OnTrack,-9656,-10034,1117,pos,0 days 00:24:58.351000,0 days 01:20:34.959000
2024-05-19 13:28:15.285,OnTrack,-9387,-10062,1115,pos,0 days 00:24:58.691000,0 days 01:20:35.299000
2024-05-19 13:28:15.525,OnTrack,-9259,-10070,1115,pos,0 days 00:24:58.931000,0 days 01:20:35.539000
2024-05-19 13:28:15.865,OnTrack,-9024,-10054,1114,pos,0 days 00:24:59.271000,0 days 01:20:35.879000
2024-05-19 13:28:16.205,OnTrack,-8900,-10015,1114,pos,0 days 00:24:59.611000,0 days 01:20:36.219000
2024-05-19 13:28:16.365,OnTrack,-8824,-9975,1113,pos,0 days 00:24:59.771000,0 days 01:20:36.379000
2024-05-19 13:28:16.665,OnTrack,-8700,-9877,1110,pos,0 days 00:25:00.071000,0 days 01:20:36.679000
2024-05-19 13:28:16.905,OnTrack,-8602,-9748,1105,pos,0 days 00:25:00.311000,0 days 01:20:36.919000
2024-05-19 13:28:17.265,OnTrack,-8521,-9600,1100,pos,0 days 00:25:00.671000,0 days 01:20:37.279000
2024-05-19 13:28:17.365,OnTrack,-8495,-9549,1099,pos,0 days 00:25:00.771000,0 days 01:20:37.379000
2024-05-19 13:28:17.585,OnTrack,-8439,-9435,1096,pos,0 days 00:25:00.991000,0 days 01:20:37.599000
2024-05-19 13:28:17.805,OnTrack,-8385,-9317,1091,pos,0 days 00:25:01.211000,0 days 01:20:37.819000
2024-05-19 13:28:18.105,OnTrack,-8320,-9147,1085,pos,0 days 00:25:01.511000,0 days 01:20:38.119000
2024-05-19 13:28:18.185,OnTrack,-8305,-9100,1084,pos,0 days 00:25:01.591000,0 days 01:20:38.199000
2024-05-19 13:28:18.505,OnTrack,-8253,-8852,1074,pos,0 days 00:25:01.911000,0 days 01:20:38.519000
2024-05-19 13:28:18.865,OnTrack,-8237,-8576,1059,pos,0 days 00:25:02.271000,0 days 01:20:38.879000
2024-05-19 13:28:19.224,OnTrack,-8244,-8427,1049,pos,0 days 00:25:02.630000,0 days 01:20:39.238000
2024-05-19 13:28:19.464,OnTrack,-8259,-8278,1037,pos,0 days 00:25:02.870000,0 days 01:20:39.478000
2024-05-19 13:28:19.624,OnTrack,-8274,-8167,1027,pos,0 days 00:25:03.030000,0 days 01:20:39.638000
2024-05-19 13:28:20.004,OnTrack,-8321,-7902,1002,pos,0 days 00:25:03.410000,0 days 01:20:40.018000
2024-05-19 13:28:20.184,OnTrack,-8348,-7775,991,pos,0 days 00:25:03.590000,0 days 01:20:40.198000
2024-05-19 13:28:20.284,OnTrack,-8364,-7704,986,pos,0 days 00:25:03.690000,0 days 01:20:40.298000
2024-05-19 13:28:20.505,OnTrack,-8400,-7547,975,pos,0 days 00:25:03.911000,0 days 01:20:40.519000
2024-05-19 13:28:20.825,OnTrack,-8453,-7317,961,pos,0 days 00:25:04.231000,0 days 01:20:40.839000
2024-05-19 13:28:20.985,OnTrack,-8493,-7142,951,pos,0 days 00:25:04.391000,0 days 01:20:40.999000
2024-05-19 13:28:21.365,OnTrack,-8543,-6923,940,pos,0 days 00:25:04.771000,0 days 01:20:41.379000
2024-05-19 13:28:21.625,OnTrack,-8586,-6732,930,pos,0 days 00:25:05.031000,0 days 01:20:41.639000
2024-05-19 13:28:21.785,OnTrack,-8611,-6615,924,pos,0 days 00:25:05.191000,0 days 01:20:41.799000
2024-05-19 13:28:21.945,OnTrack,-8648,-6405,913,pos,0 days 00:25:05.351000,0 days 01:20:41.959000
2024-05-19 13:28:22.465,OnTrack,-8619,-6084,901,pos,0 days 00:25:05.871000,0 days 01:20:42.479000
2024-05-19 13:28:22.745,OnTrack,-8574,-5966,899,pos,0 days 00:25:06.151000,0 days 01:20:42.759000
2024-05-19 13:28:22.925,OnTrack,-8520,-5857,897,pos,0 days 00:25:06.331000,0 days 01:20:42.939000
2024-05-19 13:28:23.145,OnTrack,-8455,-5737,896,pos,0 days 00:25:06.551000,0 days 01:20:43.159000
2024-05-19 13:28:23.485,OnTrack,-8338,-5546,898,pos,0 days 00:25:06.891000,0 days 01:20:43.499000
2024-05-19 13:28:23.805,OnTrack,-8281,-5471,901,pos,0 days 00:25:07.211000,0 days 01:20:43.819000
2024-05-19 13:28:24.005,OnTrack,-8227,-5415,902,pos,0 days 00:25:07.411000,0 days 01:20:44.019000
2024-05-19 13:28:24.285,OnTrack,-8146,-5358,905,pos,0 days 00:25:07.691000,0 days 01:20:44.299000
2024-05-19 13:28:24.485,OnTrack,-8033,-5326,910,pos,0 days 00:25:07.891000,0 days 01:20:44.499000
2024-05-19 13:28:25.305,OnTrack,-7798,-5364,930,pos,0 days 00:25:08.711000,0 days 01:20:45.319000
2024-05-19 13:28:25.525,OnTrack,-7671,-5398,942,pos,0 days 00:25:08.931000,0 days 01:20:45.539000
2024-05-19 13:28:25.804,OnTrack,-7620,-5409,947,pos,0 days 00:25:09.210000,0 days 01:20:45.818000
2024-05-19 13:28:26.064,OnTrack,-7517,-5426,956,pos,0 days 00:25:09.470000,0 days 01:20:46.078000
2024-05-19 13:28:26.224,OnTrack,-7450,-5434,962,pos,0 days 00:25:09.630000,0 days 01:20:46.238000
2024-05-19 13:28:26.424,OnTrack,-7365,-5440,970,pos,0 days 00:25:09.830000,0 days 01:20:46.438000
2024-05-19 13:28:26.584,OnTrack,-7294,-5442,976,pos,0 days 00:25:09.990000,0 days 01:20:46.598000
2024-05-19 13:28:26.804,OnTrack,-7189,-5443,984,pos,0 days 00:25:10.210000,0 days 01:20:46.818000
2024-05-19 13:28:27.125,OnTrack,-6965,-5442,1000,pos,0 days 00:25:10.531000,0 days 01:20:47.139000
2024-05-19 13:28:27.445,OnTrack,-6857,-5441,1007,pos,0 days 00:25:10.851000,0 days 01:20:47.459000
2024-05-19 13:28:27.685,OnTrack,-6724,-5440,1014,pos,0 days 00:25:11.091000,0 days 01:20:47.699000
2024-05-19 13:28:27.945,OnTrack,-6575,-5438,1021,pos,0 days 00:25:11.351000,0 days 01:20:47.959000
2024-05-19 13:28:28.225,OnTrack,-6383,-5437,1028,pos,0 days 00:25:11.631000,0 days 01:20:48.239000
2024-05-19 13:28:28.485,OnTrack,-6248,-5436,1033,pos,0 days 00:25:11.891000,0 days 01:20:48.499000
2024-05-19 13:28:28.745,OnTrack,-5995,-5433,1039,pos,0 days 00:25:12.151000,0 days 01:20:48.759000
2024-05-19 13:28:29.105,OnTrack,-5852,-5432,1044,pos,0 days 00:25:12.511000,0 days 01:20:49.119000
2024-05-19 13:28:29.365,OnTrack,-5679,-5431,1048,pos,0 days 00:25:12.771000,0 days 01:20:49.379000
2024-05-19 13:28:29.645,OnTrack,-5407,-5428,1056,pos,0 days 00:25:13.051000,0 days 01:20:49.659000
2024-05-19 13:28:29.905,OnTrack,-5304,-5426,1059,pos,0 days 00:25:13.311000,0 days 01:20:49.919000
2024-05-19 13:28:30.125,OnTrack,-5151,-5420,1064,pos,0 days 00:25:13.531000,0 days 01:20:50.139000
2024-05-19 13:28:30.325,OnTrack,-5010,-5409,1068,pos,0 days 00:25:13.731000,0 days 01:20:50.339000
2024-05-19 13:28:30.545,OnTrack,-4856,-5395,1072,pos,0 days 00:25:13.951000,0 days 01:20:50.559000
2024-05-19 13:28:30.725,OnTrack,-4728,-5383,1075,pos,0 days 00:25:14.131000,0 days 01:20:50.739000
2024-05-19 13:28:31.105,OnTrack,-4458,-5360,1081,pos,0 days 00:25:14.511000,0 days 01:20:51.119000
2024-05-19 13:28:31.305,OnTrack,-4316,-5348,1082,pos,0 days 00:25:14.711000,0 days 01:20:51.319000
2024-05-19 13:28:31.485,OnTrack,-4145,-5334,1084,pos,0 days 00:25:14.891000,0 days 01:20:51.499000
2024-05-19 13:28:31.745,OnTrack,-4003,-5322,1085,pos,0 days 00:25:15.151000,0 days 01:20:51.759000
2024-05-19 13:28:31.945,OnTrack,-3867,-5311,1086,pos,0 days 00:25:15.351000,0 days 01:20:51.959000
2024-05-19 13:28:32.264,OnTrack,-3672,-5295,1087,pos,0 days 00:25:15.670000,0 days 01:20:52.278000
2024-05-19 13:28:32.364,OnTrack,-3617,-5291,1087,pos,0 days 00:25:15.770000,0 days 01:20:52.378000
2024-05-19 13:28:32.544,OnTrack,-3525,-5284,1087,pos,0 days 00:25:15.950000,0 days 01:20:52.558000
2024-05-19 13:28:32.784,OnTrack,-3415,-5276,1088,pos,0 days 00:25:16.190000,0 days 01:20:52.798000
2024-05-19 13:28:33.084,OnTrack,-3257,-5275,1091,pos,0 days 00:25:16.490000,0 days 01:20:53.098000
2024-05-19 13:28:33.504,OnTrack,-3161,-5305,1093,pos,0 days 00:25:16.910000,0 days 01:20:53.518000
2024-05-19 13:28:33.685,OnTrack,-3082,-5372,1096,pos,0 days 00:25:17.091000,0 days 01:20:53.699000
2024-05-19 13:28:33.965,OnTrack,-3045,-5413,1096,pos,0 days 00:25:17.371000,0 days 01:20:53.979000
2024-05-19 13:28:34.205,OnTrack,-2991,-5470,1096,pos,0 days 00:25:17.611000,0 days 01:20:54.219000
2024-05-19 13:28:34.385,OnTrack,-2951,-5504,1096,pos,0 days 00:25:17.791000,0 days 01:20:54.399000
2024-05-19 13:28:34.685,OnTrack,-2840,-5557,1095,pos,0 days 00:25:18.091000,0 days 01:20:54.699000
2024-05-19 13:28:35.065,OnTrack,-2738,-5558,1093,pos,0 days 00:25:18.471000,0 days 01:20:55.079000
2024-05-19 13:28:35.545,OnTrack,-2617,-5526,1090,pos,0 days 00:25:18.951000,0 days 01:20:55.559000
2024-05-19 13:28:35.885,OnTrack,-2549,-5503,1089,pos,0 days 00:25:19.291000,0 days 01:20:55.899000
2024-05-19 13:28:36.045,OnTrack,-2503,-5485,1088,pos,0 days 00:25:19.451000,0 days 01:20:56.059000
2024-05-19 13:28:36.325,OnTrack,-2418,-5449,1086,pos,0 days 00:25:19.731000,0 days 01:20:56.339000
2024-05-19 13:28:36.565,OnTrack,-2340,-5413,1084,pos,0 days 00:25:19.971000,0 days 01:20:56.579000
2024-05-19 13:28:36.745,OnTrack,-2279,-5382,1083,pos,0 days 00:25:20.151000,0 days 01:20:56.759000
2024-05-19 13:28:37.005,OnTrack,-2183,-5333,1080,pos,0 days 00:25:20.411000,0 days 01:20:57.019000
2024-05-19 13:28:37.205,OnTrack,-2080,-5278,1078,pos,0 days 00:25:20.611000,0 days 01:20:57.219000
2024-05-19 13:28:37.645,OnTrack,-1916,-5191,1075,pos,0 days 00:25:21.051000,0 days 01:20:57.659000
2024-05-19 13:28:37.805,OnTrack,-1843,-5153,1073,pos,0 days 00:25:21.211000,0 days 01:20:57.819000
2024-05-19 13:28:38.025,OnTrack,-1738,-5099,1071,pos,0 days 00:25:21.431000,0 days 01:20:58.039000
2024-05-19 13:28:38.185,OnTrack,-1660,-5059,1070,pos,0 days 00:25:21.591000,0 days 01:20:58.199000
2024-05-19 13:28:38.405,OnTrack,-1537,-5000,1067,pos,0 days 00:25:21.811000,0 days 01:20:58.419000
2024-05-19 13:28:38.685,OnTrack,-1310,-4896,1063,pos,0 days 00:25:22.091000,0 days 01:20:58.699000
2024-05-19 13:28:38.944,OnTrack,-1243,-4865,1062,pos,0 days 00:25:22.350000,0 days 01:20:58.958000
2024-05-19 13:28:39.324,OnTrack,-973,-4726,1057,pos,0 days 00:25:22.730000,0 days 01:20:59.338000
2024-05-19 13:28:39.684,OnTrack,-760,-4593,1051,pos,0 days 00:25:23.090000,0 days 01:20:59.698000
2024-05-19 13:28:39.964,OnTrack,-671,-4532,1048,pos,0 days 00:25:23.370000,0 days 01:20:59.978000
2024-05-19 13:28:40.285,OnTrack,-425,-4354,1041,pos,0 days 00:25:23.691000,0 days 01:21:00.299000
2024-05-19 13:28:40.725,OnTrack,-245,-4215,1035,pos,0 days 00:25:24.131000,0 days 01:21:00.739000
2024-05-19 13:28:40.965,OnTrack,-101,-4095,1031,pos,0 days 00:25:24.371000,0 days 01:21:00.979000
2024-05-19 13:28:41.245,OnTrack,38,-3969,1028,pos,0 days 00:25:24.651000,0 days 01:21:01.259000
2024-05-19 13:28:41.505,OnTrack,175,-3834,1025,pos,0 days 00:25:24.911000,0 days 01:21:01.519000
2024-05-19 13:28:41.625,OnTrack,237,-3769,1022,pos,0 days 00:25:25.031000,0 days 01:21:01.639000
2024-05-19 13:28:41.985,OnTrack,421,-3569,1016,pos,0 days 00:25:25.391000,0 days 01:21:01.999000
2024-05-19 13:28:42.185,OnTrack,564,-3410,1009,pos,0 days 00:25:25.591000,0 days 01:21:02.199000
2024-05-19 13:28:42.465,OnTrack,668,-3295,1003,pos,0 days 00:25:25.871000,0 days 01:21:02.479000
2024-05-19 13:28:42.685,OnTrack,856,-3087,991,pos,0 days 00:25:26.091000,0 days 01:21:02.699000
2024-05-19 13:28:43.045,OnTrack,972,-2959,982,pos,0 days 00:25:26.451000,0 days 01:21:03.059000
2024-05-19 13:28:43.285,OnTrack,1099,-2817,971,pos,0 days 00:25:26.691000,0 days 01:21:03.299000
2024-05-19 13:28:43.485,OnTrack,1207,-2699,962,pos,0 days 00:25:26.891000,0 days 01:21:03.499000
2024-05-19 13:28:43.645,OnTrack,1294,-2605,954,pos,0 days 00:25:27.051000,0 days 01:21:03.659000
2024-05-19 13:28:43.985,OnTrack,1571,-2342,930,pos,0 days 00:25:27.391000,0 days 01:21:03.999000
2024-05-19 13:28:44.385,OnTrack,1855,-2159,907,pos,0 days 00:25:27.791000,0 days 01:21:04.399000
2024-05-19 13:28:44.725,OnTrack,2048,-2074,892,pos,0 days 00:25:28.131000,0 days 01:21:04.739000
2024-05-19 13:28:44.965,OnTrack,2229,-2002,878,pos,0 days 00:25:28.371000,0 days 01:21:04.979000
2024-05-19 13:28:45.205,OnTrack,2401,-1933,865,pos,0 days 00:25:28.611000,0 days 01:21:05.219000
2024-05-19 13:28:45.385,OnTrack,2593,-1855,850,pos,0 days 00:25:28.791000,0 days 01:21:05.399000
2024-05-19 13:28:45.804,OnTrack,2758,-1787,838,pos,0 days 00:25:29.210000,0 days 01:21:05.818000
2024-05-19 13:28:46.104,OnTrack,2915,-1721,827,pos,0 days 00:25:29.510000,0 days 01:21:06.118000
2024-05-19 13:28:46.424,OnTrack,3028,-1660,820,pos,0 days 00:25:29.830000,0 days 01:21:06.438000
2024-05-19 13:28:46.724,OnTrack,3109,-1589,815,pos,0 days 00:25:30.130000,0 days 01:21:06.738000
2024-05-19 13:28:46.905,OnTrack,3157,-1515,810,pos,0 days 00:25:30.311000,0 days 01:21:06.919000
2024-05-19 13:28:47.165,OnTrack,3178,-1459,808,pos,0 days 00:25:30.571000,0 days 01:21:07.179000
2024-05-19 13:28:47.385,OnTrack,3189,-1388,805,pos,0 days 00:25:30.791000,0 days 01:21:07.399000
2024-05-19 13:28:47.565,OnTrack,3189,-1330,803,pos,0 days 00:25:30.971000,0 days 01:21:07.579000
2024-05-19 13:28:47.825,OnTrack,3177,-1247,800,pos,0 days 00:25:31.231000,0 days 01:21:07.839000
2024-05-19 13:28:48.005,OnTrack,3164,-1192,799,pos,0 days 00:25:31.411000,0 days 01:21:08.019000
2024-05-19 13:28:48.365,OnTrack,3120,-1047,795,pos,0 days 00:25:31.771000,0 days 01:21:08.379000
2024-05-19 13:28:48.785,OnTrack,3083,-940,794,pos,0 days 00:25:32.191000,0 days 01:21:08.799000
2024-05-19 13:28:48.985,OnTrack,3037,-828,793,pos,0 days 00:25:32.391000,0 days 01:21:08.999000
2024-05-19 13:28:49.305,OnTrack,3002,-753,792,pos,0 days 00:25:32.711000,0 days 01:21:09.319000
2024-05-19 13:28:49.525,OnTrack,2957,-669,791,pos,0 days 00:25:32.931000,0 days 01:21:09.539000
2024-05-19 13:28:49.765,OnTrack,2900,-581,790,pos,0 days 00:25:33.171000,0 days 01:21:09.779000
2024-05-19 13:28:49.865,OnTrack,2875,-549,789,pos,0 days 00:25:33.271000,0 days 01:21:09.879000
2024-05-19 13:28:50.245,OnTrack,2749,-439,788,pos,0 days 00:25:33.651000,0 days 01:21:10.259000
2024-05-19 13:28:50.605,OnTrack,2591,-377,787,pos,0 days 00:25:34.011000,0 days 01:21:10.619000
2024-05-19 13:28:50.925,OnTrack,2518,-365,786,pos,0 days 00:25:34.331000,0 days 01:21:10.939000
2024-05-19 13:28:51.245,OnTrack,2398,-359,786,pos,0 days 00:25:34.651000,0 days 01:21:11.259000
2024-05-19 13:28:51.425,OnTrack,2277,-373,785,pos,0 days 00:25:34.831000,0 days 01:21:11.439000
2024-05-19 13:28:51.885,OnTrack,2154,-407,783,pos,0 days 00:25:35.291000,0 days 01:21:11.899000
2024-05-19 13:28:52.064,OnTrack,2083,-434,783,pos,0 days 00:25:35.470000,0 days 01:21:12.078000
2024-05-19 13:28:52.264,OnTrack,1954,-494,781,pos,0 days 00:25:35.670000,0 days 01:21:12.278000
2024-05-19 13:28:52.564,OnTrack,1878,-529,781,pos,0 days 00:25:35.970000,0 days 01:21:12.578000
2024-05-19 13:28:52.784,OnTrack,1779,-575,780,pos,0 days 00:25:36.190000,0 days 01:21:12.798000
2024-05-19 13:28:52.964,OnTrack,1696,-612,779,pos,0 days 00:25:36.370000,0 days 01:21:12.978000
2024-05-19 13:28:53.284,OnTrack,1480,-711,778,pos,0 days 00:25:36.690000,0 days 01:21:13.298000
2024-05-19 13:28:53.665,OnTrack,1269,-806,778,pos,0 days 00:25:37.071000,0 days 01:21:13.679000
2024-05-19 13:28:54.005,OnTrack,1160,-855,778,pos,0 days 00:25:37.411000,0 days 01:21:14.019000
2024-05-19 13:28:54.345,OnTrack,968,-942,778,pos,0 days 00:25:37.751000,0 days 01:21:14.359000
2024-05-19 13:28:54.505,OnTrack,875,-983,779,pos,0 days 00:25:37.911000,0 days 01:21:14.519000
2024-05-19 13:28:54.665,OnTrack,780,-1024,779,pos,0 days 00:25:38.071000,0 days 01:21:14.679000
2024-05-19 13:28:54.905,OnTrack,640,-1083,779,pos,0 days 00:25:38.311000,0 days 01:21:14.919000
2024-05-19 13:28:55.185,OnTrack,422,-1174,780,pos,0 days 00:25:38.591000,0 days 01:21:15.199000
2024-05-19 13:28:55.565,OnTrack,231,-1254,781,pos,0 days 00:25:38.971000,0 days 01:21:15.579000
2024-05-19 13:28:55.745,OnTrack,114,-1304,781,pos,0 days 00:25:39.151000,0 days 01:21:15.759000
2024-05-19 13:28:55.945,OnTrack,-17,-1358,781,pos,0 days 00:25:39.351000,0 days 01:21:15.959000
2024-05-19 13:28:56.145,OnTrack,-151,-1411,781,pos,0 days 00:25:39.551000,0 days 01:21:16.159000
2024-05-19 13:28:56.305,OnTrack,-260,-1450,782,pos,0 days 00:25:39.711000,0 days 01:21:16.319000
2024-05-19 13:28:56.565,OnTrack,-442,-1505,782,pos,0 days 00:25:39.971000,0 days 01:21:16.579000
2024-05-19 13:28:56.785,OnTrack,-601,-1542,783,pos,0 days 00:25:40.191000,0 days 01:21:16.799000
2024-05-19 13:28:56.925,OnTrack,-703,-1560,783,pos,0 days 00:25:40.331000,0 days 01:21:16.939000
2024-05-19 13:28:57.185,OnTrack,-910,-1580,784,pos,0 days 00:25:40.591000,0 days 01:21:17.199000
2024-05-19 13:28:58.145,OnTrack,-1664,-1615,786,pos,0 days 00:25:41.551000,0 days 01:21:18.159000
2024-05-19 13:28:58.405,OnTrack,-1869,-1626,787,pos,0 days 00:25:41.811000,0 days 01:21:18.419000
2024-05-19 13:28:58.664,OnTrack,-2076,-1637,788,pos,0 days 00:25:42.070000,0 days 01:21:18.678000
2024-05-19 13:28:58.844,OnTrack,-2220,-1645,789,pos,0 days 00:25:42.250000,0 days 01:21:18.858000
2024-05-19 13:28:58.964,OnTrack,-2317,-1651,789,pos,0 days 00:25:42.370000,0 days 01:21:18.978000
2024-05-19 13:28:59.284,OnTrack,-2672,-1669,791,pos,0 days 00:25:42.690000,0 days 01:21:19.298000
2024-05-19 13:28:59.684,OnTrack,-2999,-1679,792,pos,0 days 00:25:43.090000,0 days 01:21:19.698000
2024-05-19 13:29:00.085,OnTrack,-3230,-1688,793,pos,0 days 00:25:43.491000,0 days 01:21:20.099000
2024-05-19 13:29:00.265,OnTrack,-3378,-1693,794,pos,0 days 00:25:43.671000,0 days 01:21:20.279000
2024-05-19 13:29:00.445,OnTrack,-3527,-1696,794,pos,0 days 00:25:43.851000,0 days 01:21:20.459000
2024-05-19 13:29:00.745,OnTrack,-3841,-1681,796,pos,0 days 00:25:44.151000,0 days 01:21:20.759000
2024-05-19 13:29:01.105,OnTrack,-4073,-1648,797,pos,0 days 00:25:44.511000,0 days 01:21:21.119000
2024-05-19 13:29:01.265,OnTrack,-4207,-1623,798,pos,0 days 00:25:44.671000,0 days 01:21:21.279000
2024-05-19 13:29:01.465,OnTrack,-4372,-1587,798,pos,0 days 00:25:44.871000,0 days 01:21:21.479000
2024-05-19 13:29:01.805,OnTrack,-4653,-1521,800,pos,0 days 00:25:45.211000,0 days 01:21:21.819000
2024-05-19 13:29:02.005,OnTrack,-4818,-1481,802,pos,0 days 00:25:45.411000,0 days 01:21:22.019000
2024-05-19 13:29:02.145,OnTrack,-4933,-1452,803,pos,0 days 00:25:45.551000,0 days 01:21:22.159000
2024-05-19 13:29:02.325,OnTrack,-5081,-1415,804,pos,0 days 00:25:45.731000,0 days 01:21:22.339000
2024-05-19 13:29:02.625,OnTrack,-5330,-1356,806,pos,0 days 00:25:46.031000,0 days 01:21:22.639000
2024-05-19 13:29:02.805,OnTrack,-5480,-1323,807,pos,0 days 00:25:46.211000,0 days 01:21:22.819000
2024-05-19 13:29:03.065,OnTrack,-5698,-1283,809,pos,0 days 00:25:46.471000,0 days 01:21:23.079000
2024-05-19 13:29:03.105,OnTrack,-5732,-1277,809,pos,0 days 00:25:46.511000,0 days 01:21:23.119000
2024-05-19 13:29:03.405,OnTrack,-6073,-1242,812,pos,0 days 00:25:46.811000,0 days 01:21:23.419000
2024-05-19 13:29:03.785,OnTrack,-6314,-1232,814,pos,0 days 00:25:47.191000,0 days 01:21:23.799000
2024-05-19 13:29:04.025,OnTrack,-6521,-1229,814,pos,0 days 00:25:47.431000,0 days 01:21:24.039000
2024-05-19 13:29:04.165,OnTrack,-6642,-1230,815,pos,0 days 00:25:47.571000,0 days 01:21:24.179000
2024-05-19 13:29:04.385,OnTrack,-6832,-1232,816,pos,0 days 00:25:47.791000,0 days 01:21:24.399000
2024-05-19 13:29:04.705,OnTrack,-7107,-1240,817,pos,0 days 00:25:48.111000,0 days 01:21:24.719000
2024-05-19 13:29:04.905,OnTrack,-7279,-1249,818,pos,0 days 00:25:48.311000,0 days 01:21:24.919000
2024-05-19 13:29:05.105,OnTrack,-7501,-1267,818,pos,0 days 00:25:48.511000,0 days 01:21:25.119000
2024-05-19 13:29:05.544,OnTrack,-7824,-1301,818,pos,0 days 00:25:48.950000,0 days 01:21:25.558000
2024-05-19 13:29:05.724,OnTrack,-8051,-1329,818,pos,0 days 00:25:49.130000,0 days 01:21:25.738000
2024-05-19 13:29:05.884,OnTrack,-8187,-1346,819,pos,0 days 00:25:49.290000,0 days 01:21:25.898000
2024-05-19 13:29:06.084,OnTrack,-8473,-1385,819,pos,0 days 00:25:49.490000,0 days 01:21:26.098000
2024-05-19 13:29:06.464,OnTrack,-8675,-1413,819,pos,0 days 00:25:49.870000,0 days 01:21:26.478000
2024-05-19 13:29:06.785,OnTrack,-9024,-1464,819,pos,0 days 00:25:50.191000,0 days 01:21:26.799000
2024-05-19 13:29:07.165,OnTrack,-9250,-1507,819,pos,0 days 00:25:50.571000,0 days 01:21:27.179000
2024-05-19 13:29:07.245,OnTrack,-9313,-1522,819,pos,0 days 00:25:50.651000,0 days 01:21:27.259000
2024-05-19 13:29:07.525,OnTrack,-9524,-1583,819,pos,0 days 00:25:50.931000,0 days 01:21:27.539000
2024-05-19 13:29:07.825,OnTrack,-9726,-1647,818,pos,0 days 00:25:51.231000,0 days 01:21:27.839000
2024-05-19 13:29:08.005,OnTrack,-9833,-1680,818,pos,0 days 00:25:51.411000,0 days 01:21:28.019000
2024-05-19 13:29:08.145,OnTrack,-9912,-1705,819,pos,0 days 00:25:51.551000,0 days 01:21:28.159000
2024-05-19 13:29:08.405,OnTrack,-10049,-1748,819,pos,0 days 00:25:51.811000,0 days 01:21:28.419000
2024-05-19 13:29:08.585,OnTrack,-10110,-1767,818,pos,0 days 00:25:51.991000,0 days 01:21:28.599000
2024-05-19 13:29:08.765,OnTrack,-10180,-1791,818,pos,0 days 00:25:52.171000,0 days 01:21:28.779000
2024-05-19 13:29:09.025,OnTrack,-10270,-1841,818,pos,0 days 00:25:52.431000,0 days 01:21:29.039000
2024-05-19 13:29:09.245,OnTrack,-10339,-1916,818,pos,0 days 00:25:52.651000,0 days 01:21:29.259000
2024-05-19 13:29:09.625,OnTrack,-10394,-2045,818,pos,0 days 00:25:53.031000,0 days 01:21:29.639000
2024-05-19 13:29:09.845,OnTrack,-10419,-2137,819,pos,0 days 00:25:53.251000,0 days 01:21:29.859000
2024-05-19 13:29:10.045,OnTrack,-10444,-2218,819,pos,0 days 00:25:53.451000,0 days 01:21:30.059000
2024-05-19 13:29:10.165,OnTrack,-10462,-2265,819,pos,0 days 00:25:53.571000,0 days 01:21:30.179000
2024-05-19 13:29:10.445,OnTrack,-10523,-2372,818,pos,0 days 00:25:53.851000,0 days 01:21:30.459000
2024-05-19 13:29:10.665,OnTrack,-10618,-2473,818,pos,0 days 00:25:54.071000,0 days 01:21:30.679000
2024-05-19 13:29:10.925,OnTrack,-10687,-2526,819,pos,0 days 00:25:54.331000,0 days 01:21:30.939000
2024-05-19 13:29:11.165,OnTrack,-10785,-2591,819,pos,0 days 00:25:54.571000,0 days 01:21:31.179000
2024-05-19 13:29:11.485,OnTrack,-10957,-2692,821,pos,0 days 00:25:54.891000,0 days 01:21:31.499000
2024-05-19 13:29:11.944,OnTrack,-11167,-2814,823,pos,0 days 00:25:55.350000,0 days 01:21:31.958000
2024-05-19 13:29:12.224,OnTrack,-11263,-2871,823,pos,0 days 00:25:55.630000,0 days 01:21:32.238000
2024-05-19 13:29:12.424,OnTrack,-11360,-2931,824,pos,0 days 00:25:55.830000,0 days 01:21:32.438000
2024-05-19 13:29:12.644,OnTrack,-11467,-3005,824,pos,0 days 00:25:56.050000,0 days 01:21:32.658000
2024-05-19 13:29:12.864,OnTrack,-11566,-3090,825,pos,0 days 00:25:56.270000,0 days 01:21:32.878000
2024-05-19 13:29:13.065,OnTrack,-11646,-3182,825,pos,0 days 00:25:56.471000,0 days 01:21:33.079000
2024-05-19 13:29:13.305,OnTrack,-11726,-3308,825,pos,0 days 00:25:56.711000,0 days 01:21:33.319000
2024-05-19 13:29:13.525,OnTrack,-11824,-3529,827,pos,0 days 00:25:56.931000,0 days 01:21:33.539000
2024-05-19 13:29:13.905,OnTrack,-11880,-3677,827,pos,0 days 00:25:57.311000,0 days 01:21:33.919000
2024-05-19 13:29:14.185,OnTrack,-11945,-3853,828,pos,0 days 00:25:57.591000,0 days 01:21:34.199000
2024-05-19 13:29:14.365,OnTrack,-11989,-3968,828,pos,0 days 00:25:57.771000,0 days 01:21:34.379000
2024-05-19 13:29:14.605,OnTrack,-12047,-4124,829,pos,0 days 00:25:58.011000,0 days 01:21:34.619000
2024-05-19 13:29:14.785,OnTrack,-12091,-4241,829,pos,0 days 00:25:58.191000,0 days 01:21:34.799000
2024-05-19 13:29:15.025,OnTrack,-12151,-4402,830,pos,0 days 00:25:58.431000,0 days 01:21:35.039000
2024-05-19 13:29:15.145,OnTrack,-12182,-4482,830,pos,0 days 00:25:58.551000,0 days 01:21:35.159000
2024-05-19 13:29:15.445,OnTrack,-12289,-4769,831,pos,0 days 00:25:58.851000,0 days 01:21:35.459000
2024-05-19 13:29:15.765,OnTrack,-12342,-4908,831,pos,0 days 00:25:59.171000,0 days 01:21:35.779000
2024-05-19 13:29:15.945,OnTrack,-12389,-5035,831,pos,0 days 00:25:59.351000,0 days 01:21:35.959000
2024-05-19 13:29:16.225,OnTrack,-12464,-5233,832,pos,0 days 00:25:59.631000,0 days 01:21:36.239000
2024-05-19 13:29:16.505,OnTrack,-12566,-5507,833,pos,0 days 00:25:59.911000,0 days 01:21:36.519000
2024-05-19 13:29:16.905,OnTrack,-12659,-5755,833,pos,0 days 00:26:00.311000,0 days 01:21:36.919000
2024-05-19 13:29:17.325,OnTrack,-12766,-6035,834,pos,0 days 00:26:00.731000,0 days 01:21:37.339000
2024-05-19 13:29:17.365,OnTrack,-12777,-6064,834,pos,0 days 00:26:00.771000,0 days 01:21:37.379000
2024-05-19 13:29:17.725,OnTrack,-12919,-6415,835,pos,0 days 00:26:01.131000,0 days 01:21:37.739000
2024-05-19 13:29:18.085,OnTrack,-12993,-6590,835,pos,0 days 00:26:01.491000,0 days 01:21:38.099000
2024-05-19 13:29:18.245,OnTrack,-13042,-6705,836,pos,0 days 00:26:01.651000,0 days 01:21:38.259000
2024-05-19 13:29:18.464,OnTrack,-13102,-6857,836,pos,0 days 00:26:01.870000,0 days 01:21:38.478000
2024-05-19 13:29:18.764,OnTrack,-13163,-7152,838,pos,0 days 00:26:02.170000,0 days 01:21:38.778000
2024-05-19 13:29:19.024,OnTrack,-13162,-7230,838,pos,0 days 00:26:02.430000,0 days 01:21:39.038000
2024-05-19 13:29:19.264,OnTrack,-13144,-7383,839,pos,0 days 00:26:02.670000,0 days 01:21:39.278000
2024-05-19 13:29:19.604,OnTrack,-13100,-7587,841,pos,0 days 00:26:03.010000,0 days 01:21:39.618000
2024-05-19 13:29:19.805,OnTrack,-13060,-7752,842,pos,0 days 00:26:03.211000,0 days 01:21:39.819000
2024-05-19 13:29:20.125,OnTrack,-13036,-7862,843,pos,0 days 00:26:03.531000,0 days 01:21:40.139000
2024-05-19 13:29:20.305,OnTrack,-13025,-7946,843,pos,0 days 00:26:03.711000,0 days 01:21:40.319000
2024-05-19 13:29:20.505,OnTrack,-13026,-8034,844,pos,0 days 00:26:03.911000,0 days 01:21:40.519000
2024-05-19 13:29:20.765,OnTrack,-13057,-8142,845,pos,0 days 00:26:04.171000,0 days 01:21:40.779000
2024-05-19 13:29:21.065,OnTrack,-13164,-8277,847,pos,0 days 00:26:04.471000,0 days 01:21:41.079000
2024-05-19 13:29:21.505,OnTrack,-13309,-8404,848,pos,0 days 00:26:04.911000,0 days 01:21:41.519000
2024-05-19 13:29:21.905,OnTrack,-13481,-8549,850,pos,0 days 00:26:05.311000,0 days 01:21:41.919000
2024-05-19 13:29:22.145,OnTrack,-13534,-8594,851,pos,0 days 00:26:05.551000,0 days 01:21:42.159000
2024-05-19 13:29:22.545,OnTrack,-13695,-8731,854,pos,0 days 00:26:05.951000,0 days 01:21:42.559000
2024-05-19 13:29:22.745,OnTrack,-13814,-8831,856,pos,0 days 00:26:06.151000,0 days 01:21:42.759000
2024-05-19 13:29:23.085,OnTrack,-13982,-8974,859,pos,0 days 00:26:06.491000,0 days 01:21:43.099000
2024-05-19 13:29:23.525,OnTrack,-14154,-9138,865,pos,0 days 00:26:06.931000,0 days 01:21:43.539000
2024-05-19 13:29:23.965,OnTrack,-14369,-9351,874,pos,0 days 00:26:07.371000,0 days 01:21:43.979000
2024-05-19 13:29:24.305,OnTrack,-14457,-9439,878,pos,0 days 00:26:07.711000,0 days 01:21:44.319000
2024-05-19 13:29:24.545,OnTrack,-14561,-9535,883,pos,0 days 00:26:07.951000,0 days 01:21:44.559000
2024-05-19 13:29:24.845,OnTrack,-14717,-9685,890,pos,0 days 00:26:08.251000,0 days 01:21:44.859000
2024-05-19 13:29:25.164,OnTrack,-14776,-9749,893,pos,0 days 00:26:08.570000,0 days 01:21:45.178000
2024-05-19 13:29:25.324,OnTrack,-14816,-9799,895,pos,0 days 00:26:08.730000,0 days 01:21:45.338000
2024-05-19 13:29:25.664,OnTrack,-14897,-9947,900,pos,0 days 00:26:09.070000,0 days 01:21:45.678000
2024-05-19 13:29:25.964,OnTrack,-14909,-9996,902,pos,0 days 00:26:09.370000,0 days 01:21:45.978000
2024-05-19 13:29:26.285,OnTrack,-14914,-10092,906,pos,0 days 00:26:09.691000,0 days 01:21:46.299000
2024-05-19 13:29:26.385,OnTrack,-14909,-10120,907,pos,0 days 00:26:09.791000,0 days 01:21:46.399000
2024-05-19 13:29:26.705,OnTrack,-14858,-10232,913,pos,0 days 00:26:10.111000,0 days 01:21:46.719000
2024-05-19 13:29:27.025,OnTrack,-14822,-10273,916,pos,0 days 00:26:10.431000,0 days 01:21:47.039000
2024-05-19 13:29:27.345,OnTrack,-14757,-10325,921,pos,0 days 00:26:10.751000,0 days 01:21:47.359000
2024-05-19 13:29:27.445,OnTrack,-14735,-10338,922,pos,0 days 00:26:10.851000,0 days 01:21:47.459000
2024-05-19 13:29:27.745,OnTrack,-14662,-10369,925,pos,0 days 00:26:11.151000,0 days 01:21:47.759000
2024-05-19 13:29:27.985,OnTrack,-14561,-10390,930,pos,0 days 00:26:11.391000,0 days 01:21:47.999000
2024-05-19 13:29:28.345,OnTrack,-14498,-10395,934,pos,0 days 00:26:11.751000,0 days 01:21:48.359000
2024-05-19 13:29:28.445,OnTrack,-14468,-10395,936,pos,0 days 00:26:11.851000,0 days 01:21:48.459000
2024-05-19 13:29:28.645,OnTrack,-14406,-10393,939,pos,0 days 00:26:12.051000,0 days 01:21:48.659000
2024-05-19 13:29:28.925,OnTrack,-14315,-10385,943,pos,0 days 00:26:12.331000,0 days 01:21:48.939000
2024-05-19 13:29:29.105,OnTrack,-14252,-10377,946,pos,0 days 00:26:12.511000,0 days 01:21:49.119000
2024-05-19 13:29:29.285,OnTrack,-14186,-10366,949,pos,0 days 00:26:12.691000,0 days 01:21:49.299000
2024-05-19 13:29:29.465,OnTrack,-14116,-10354,951,pos,0 days 00:26:12.871000,0 days 01:21:49.479000
2024-05-19 13:29:29.645,OnTrack,-14042,-10340,955,pos,0 days 00:26:13.051000,0 days 01:21:49.659000
2024-05-19 13:29:29.985,OnTrack,-13828,-10296,965,pos,0 days 00:26:13.391000,0 days 01:21:49.999000
2024-05-19 13:29:30.265,OnTrack,-13761,-10283,968,pos,0 days 00:26:13.671000,0 days 01:21:50.279000
2024-05-19 13:29:30.465,OnTrack,-13661,-10262,972,pos,0 days 00:26:13.871000,0 days 01:21:50.479000
2024-05-19 13:29:30.845,OnTrack,-13419,-10217,982,pos,0 days 00:26:14.251000,0 days 01:21:50.859000
2024-05-19 13:29:31.145,OnTrack,-13297,-10196,986,pos,0 days 00:26:14.551000,0 days 01:21:51.159000
2024-05-19 13:29:31.445,OnTrack,-13123,-10165,992,pos,0 days 00:26:14.851000,0 days 01:21:51.459000
2024-05-19 13:29:31.485,OnTrack,-13100,-10161,993,pos,0 days 00:26:14.891000,0 days 01:21:51.499000
2024-05-19 13:29:31.724,OnTrack,-12955,-10136,998,pos,0 days 00:26:15.130000,0 days 01:21:51.738000
2024-05-19 13:29:32.004,OnTrack,-12782,-10110,1004,pos,0 days 00:26:15.410000,0 days 01:21:52.018000
2024-05-19 13:29:32.224,OnTrack,-12642,-10089,1008,pos,0 days 00:26:15.630000,0 days 01:21:52.238000
2024-05-19 13:29:32.424,OnTrack,-12513,-10070,1012,pos,0 days 00:26:15.830000,0 days 01:21:52.438000
2024-05-19 13:29:32.684,OnTrack,-12301,-10040,1021,pos,0 days 00:26:16.090000,0 days 01:21:52.698000
2024-05-19 13:29:32.985,OnTrack,-12138,-10017,1030,pos,0 days 00:26:16.391000,0 days 01:21:52.999000
2024-05-19 13:29:33.285,OnTrack,-11890,-9984,1046,pos,0 days 00:26:16.691000,0 days 01:21:53.299000
2024-05-19 13:29:33.545,OnTrack,-11755,-9968,1056,pos,0 days 00:26:16.951000,0 days 01:21:53.559000
2024-05-19 13:29:33.885,OnTrack,-11412,-9934,1078,pos,0 days 00:26:17.291000,0 days 01:21:53.899000
2024-05-19 13:29:34.185,OnTrack,-11296,-9926,1085,pos,0 days 00:26:17.591000,0 days 01:21:54.199000
2024-05-19 13:29:34.505,OnTrack,-11061,-9918,1099,pos,0 days 00:26:17.911000,0 days 01:21:54.519000
2024-05-19 13:29:34.605,OnTrack,-10987,-9918,1103,pos,0 days 00:26:18.011000,0 days 01:21:54.619000
2024-05-19 13:29:34.925,OnTrack,-10749,-9922,1115,pos,0 days 00:26:18.331000,0 days 01:21:54.939000
2024-05-19 13:29:35.185,OnTrack,-10496,-9940,1122,pos,0 days 00:26:18.591000,0 days 01:21:55.199000
2024-05-19 13:29:35.405,OnTrack,-10391,-9950,1122,pos,0 days 00:26:18.811000,0 days 01:21:55.419000
2024-05-19 13:29:35.645,OnTrack,-10210,-9971,1122,pos,0 days 00:26:19.051000,0 days 01:21:55.659000
2024-05-19 13:29:35.825,OnTrack,-10075,-9986,1121,pos,0 days 00:26:19.231000,0 days 01:21:55.839000
2024-05-19 13:29:36.045,OnTrack,-9910,-10005,1120,pos,0 days 00:26:19.451000,0 days 01:21:56.059000
2024-05-19 13:29:36.325,OnTrack,-9700,-10029,1118,pos,0 days 00:26:19.731000,0 days 01:21:56.339000
2024-05-19 13:29:36.505,OnTrack,-9568,-10044,1117,pos,0 days 00:26:19.911000,0 days 01:21:56.519000
2024-05-19 13:29:36.665,OnTrack,-9456,-10056,1116,pos,0 days 00:26:20.071000,0 days 01:21:56.679000
2024-05-19 13:29:36.865,OnTrack,-9324,-10067,1115,pos,0 days 00:26:20.271000,0 days 01:21:56.879000
2024-05-19 13:29:37.185,OnTrack,-9072,-10063,1114,pos,0 days 00:26:20.591000,0 days 01:21:57.199000
2024-05-19 13:29:37.545,OnTrack,-8958,-10036,1114,pos,0 days 00:26:20.951000,0 days 01:21:57.559000
2024-05-19 13:29:37.725,OnTrack,-8869,-10000,1113,pos,0 days 00:26:21.131000,0 days 01:21:57.739000
2024-05-19 13:29:38.025,OnTrack,-8690,-9867,1109,pos,0 days 00:26:21.431000,0 days 01:21:58.039000
2024-05-19 13:29:38.444,OnTrack,-8594,-9734,1105,pos,0 days 00:26:21.850000,0 days 01:21:58.458000
2024-05-19 13:29:38.584,OnTrack,-8554,-9664,1103,pos,0 days 00:26:21.990000,0 days 01:21:58.598000
2024-05-19 13:29:38.884,OnTrack,-8439,-9435,1096,pos,0 days 00:26:22.290000,0 days 01:21:58.898000
2024-05-19 13:29:39.264,OnTrack,-8356,-9248,1089,pos,0 days 00:26:22.670000,0 days 01:21:59.278000
2024-05-19 13:29:39.585,OnTrack,-8311,-9120,1084,pos,0 days 00:26:22.991000,0 days 01:21:59.599000
2024-05-19 13:29:39.925,OnTrack,-8262,-8910,1076,pos,0 days 00:26:23.331000,0 days 01:21:59.939000
2024-05-19 13:29:40.105,OnTrack,-8239,-8701,1066,pos,0 days 00:26:23.511000,0 days 01:22:00.119000
2024-05-19 13:29:40.505,OnTrack,-8238,-8526,1056,pos,0 days 00:26:23.911000,0 days 01:22:00.519000
2024-05-19 13:29:40.705,OnTrack,-8255,-8314,1040,pos,0 days 00:26:24.111000,0 days 01:22:00.719000
2024-05-19 13:29:41.065,OnTrack,-8291,-8060,1016,pos,0 days 00:26:24.471000,0 days 01:22:01.079000
2024-05-19 13:29:41.405,OnTrack,-8317,-7919,1004,pos,0 days 00:26:24.811000,0 days 01:22:01.419000
2024-05-19 13:29:41.685,OnTrack,-8383,-7621,981,pos,0 days 00:26:25.091000,0 days 01:22:01.699000
2024-05-19 13:29:42.185,OnTrack,-8463,-7275,959,pos,0 days 00:26:25.591000,0 days 01:22:02.199000
2024-05-19 13:29:42.445,OnTrack,-8486,-7173,953,pos,0 days 00:26:25.851000,0 days 01:22:02.459000
2024-05-19 13:29:43.225,OnTrack,-8634,-6501,918,pos,0 days 00:26:26.631000,0 days 01:22:03.239000
2024-05-19 13:29:43.605,OnTrack,-8653,-6347,911,pos,0 days 00:26:27.011000,0 days 01:22:03.619000
2024-05-19 13:29:43.785,OnTrack,-8650,-6228,905,pos,0 days 00:26:27.191000,0 days 01:22:03.799000
2024-05-19 13:29:44.025,OnTrack,-8613,-6066,900,pos,0 days 00:26:27.431000,0 days 01:22:04.039000
2024-05-19 13:29:44.225,OnTrack,-8560,-5936,898,pos,0 days 00:26:27.631000,0 days 01:22:04.239000
2024-05-19 13:29:44.445,OnTrack,-8495,-5808,897,pos,0 days 00:26:27.851000,0 days 01:22:04.459000
2024-05-19 13:29:44.645,OnTrack,-8437,-5707,896,pos,0 days 00:26:28.051000,0 days 01:22:04.659000
2024-05-19 13:29:44.924,OnTrack,-8349,-5562,898,pos,0 days 00:26:28.330000,0 days 01:22:04.938000
2024-05-19 13:29:45.224,OnTrack,-8287,-5478,900,pos,0 days 00:26:28.630000,0 days 01:22:05.238000
2024-05-19 13:29:45.524,OnTrack,-8204,-5395,903,pos,0 days 00:26:28.930000,0 days 01:22:05.538000
2024-05-19 13:29:45.704,OnTrack,-8149,-5360,905,pos,0 days 00:26:29.110000,0 days 01:22:05.718000
2024-05-19 13:29:45.965,OnTrack,-8027,-5325,911,pos,0 days 00:26:29.371000,0 days 01:22:05.979000
2024-05-19 13:29:46.305,OnTrack,-7942,-5331,918,pos,0 days 00:26:29.711000,0 days 01:22:06.319000
2024-05-19 13:29:46.605,OnTrack,-7837,-5354,927,pos,0 days 00:26:30.011000,0 days 01:22:06.619000
2024-05-19 13:29:46.645,OnTrack,-7824,-5357,927,pos,0 days 00:26:30.051000,0 days 01:22:06.659000
2024-05-19 13:29:46.865,OnTrack,-7749,-5378,935,pos,0 days 00:26:30.271000,0 days 01:22:06.879000
2024-05-19 13:29:47.205,OnTrack,-7592,-5414,950,pos,0 days 00:26:30.611000,0 days 01:22:07.219000
2024-05-19 13:29:47.465,OnTrack,-7531,-5424,955,pos,0 days 00:26:30.871000,0 days 01:22:07.479000
2024-05-19 13:29:47.685,OnTrack,-7442,-5434,962,pos,0 days 00:26:31.091000,0 days 01:22:07.699000
2024-05-19 13:29:48.025,OnTrack,-7237,-5443,981,pos,0 days 00:26:31.431000,0 days 01:22:08.039000
2024-05-19 13:29:48.345,OnTrack,-7143,-5443,988,pos,0 days 00:26:31.751000,0 days 01:22:08.359000
2024-05-19 13:29:48.685,OnTrack,-6941,-5442,1002,pos,0 days 00:26:32.091000,0 days 01:22:08.699000
2024-05-19 13:29:48.925,OnTrack,-6845,-5441,1007,pos,0 days 00:26:32.331000,0 days 01:22:08.939000
2024-05-19 13:29:49.145,OnTrack,-6725,-5439,1014,pos,0 days 00:26:32.551000,0 days 01:22:09.159000
2024-05-19 13:29:49.445,OnTrack,-6519,-5438,1024,pos,0 days 00:26:32.851000,0 days 01:22:09.459000
2024-05-19 13:29:49.885,OnTrack,-6268,-5436,1032,pos,0 days 00:26:33.291000,0 days 01:22:09.899000
2024-05-19 13:29:50.225,OnTrack,-6082,-5434,1037,pos,0 days 00:26:33.631000,0 days 01:22:10.239000
2024-05-19 13:29:50.405,OnTrack,-5967,-5433,1040,pos,0 days 00:26:33.811000,0 days 01:22:10.419000
2024-05-19 13:29:50.625,OnTrack,-5732,-5431,1047,pos,0 days 00:26:34.031000,0 days 01:22:10.639000
2024-05-19 13:29:51.045,OnTrack,-5543,-5430,1052,pos,0 days 00:26:34.451000,0 days 01:22:11.059000
2024-05-19 13:29:51.225,OnTrack,-5324,-5426,1059,pos,0 days 00:26:34.631000,0 days 01:22:11.239000
2024-05-19 13:29:51.564,OnTrack,-5185,-5421,1063,pos,0 days 00:26:34.970000,0 days 01:22:11.578000
2024-05-19 13:29:51.864,OnTrack,-4974,-5406,1069,pos,0 days 00:26:35.270000,0 days 01:22:11.878000
2024-05-19 13:29:52.144,OnTrack,-4690,-5380,1076,pos,0 days 00:26:35.550000,0 days 01:22:12.158000
2024-05-19 13:29:52.484,OnTrack,-4533,-5366,1080,pos,0 days 00:26:35.890000,0 days 01:22:12.498000
2024-05-19 13:29:52.645,OnTrack,-4418,-5357,1081,pos,0 days 00:26:36.051000,0 days 01:22:12.659000
2024-05-19 13:29:52.825,OnTrack,-4290,-5346,1083,pos,0 days 00:26:36.231000,0 days 01:22:12.839000
2024-05-19 13:29:53.085,OnTrack,-4104,-5331,1084,pos,0 days 00:26:36.491000,0 days 01:22:13.099000
2024-05-19 13:29:53.425,OnTrack,-3820,-5307,1086,pos,0 days 00:26:36.831000,0 days 01:22:13.439000
2024-05-19 13:29:53.825,OnTrack,-3602,-5290,1087,pos,0 days 00:26:37.231000,0 days 01:22:13.839000
2024-05-19 13:29:54.245,OnTrack,-3395,-5275,1089,pos,0 days 00:26:37.651000,0 days 01:22:14.259000
2024-05-19 13:29:54.565,OnTrack,-3292,-5273,1090,pos,0 days 00:26:37.971000,0 days 01:22:14.579000
2024-05-19 13:29:54.825,OnTrack,-3216,-5281,1092,pos,0 days 00:26:38.231000,0 days 01:22:14.839000
2024-05-19 13:29:55.065,OnTrack,-3148,-5313,1093,pos,0 days 00:26:38.471000,0 days 01:22:15.079000
2024-05-19 13:29:55.265,OnTrack,-3062,-5394,1096,pos,0 days 00:26:38.671000,0 days 01:22:15.279000
2024-05-19 13:29:55.585,OnTrack,-3021,-5439,1096,pos,0 days 00:26:38.991000,0 days 01:22:15.599000
2024-05-19 13:29:55.825,OnTrack,-2967,-5492,1096,pos,0 days 00:26:39.231000,0 days 01:22:15.839000
2024-05-19 13:29:55.965,OnTrack,-2936,-5515,1096,pos,0 days 00:26:39.371000,0 days 01:22:15.979000
2024-05-19 13:29:56.305,OnTrack,-2849,-5555,1095,pos,0 days 00:26:39.711000,0 days 01:22:16.319000
2024-05-19 13:29:56.525,OnTrack,-2753,-5560,1094,pos,0 days 00:26:39.931000,0 days 01:22:16.539000
2024-05-19 13:29:56.925,OnTrack,-2646,-5535,1091,pos,0 days 00:26:40.331000,0 days 01:22:16.939000
2024-05-19 13:29:57.165,OnTrack,-2612,-5525,1091,pos,0 days 00:26:40.571000,0 days 01:22:17.179000
2024-05-19 13:29:57.505,OnTrack,-2515,-5490,1088,pos,0 days 00:26:40.911000,0 days 01:22:17.519000
2024-05-19 13:29:57.705,OnTrack,-2426,-5453,1086,pos,0 days 00:26:41.111000,0 days 01:22:17.719000
2024-05-19 13:29:58.084,OnTrack,-2337,-5411,1084,pos,0 days 00:26:41.490000,0 days 01:22:18.098000
2024-05-19 13:29:58.344,OnTrack,-2226,-5355,1082,pos,0 days 00:26:41.750000,0 days 01:22:18.358000
2024-05-19 13:29:58.684,OnTrack,-2118,-5299,1079,pos,0 days 00:26:42.090000,0 days 01:22:18.698000
2024-05-19 13:29:59.004,OnTrack,-1987,-5229,1076,pos,0 days 00:26:42.410000,0 days 01:22:19.018000
2024-05-19 13:29:59.125,OnTrack,-1936,-5202,1075,pos,0 days 00:26:42.531000,0 days 01:22:19.139000
2024-05-19 13:29:59.285,OnTrack,-1865,-5165,1074,pos,0 days 00:26:42.691000,0 days 01:22:19.299000
2024-05-19 13:29:59.625,OnTrack,-1654,-5056,1070,pos,0 days 00:26:43.031000,0 days 01:22:19.639000
2024-05-19 13:29:59.965,OnTrack,-1517,-4991,1067,pos,0 days 00:26:43.371000,0 days 01:22:19.979000
2024-05-19 13:30:00.125,OnTrack,-1434,-4952,1066,pos,0 days 00:26:43.531000,0 days 01:22:20.139000
2024-05-19 13:30:00.305,OnTrack,-1338,-4909,1064,pos,0 days 00:26:43.711000,0 days 01:22:20.319000
2024-05-19 13:30:00.625,OnTrack,-1082,-4786,1059,pos,0 days 00:26:44.031000,0 days 01:22:20.639000
2024-05-19 13:30:00.965,OnTrack,-970,-4724,1056,pos,0 days 00:26:44.371000,0 days 01:22:20.979000
2024-05-19 13:30:01.125,OnTrack,-881,-4670,1055,pos,0 days 00:26:44.531000,0 days 01:22:21.139000
2024-05-19 13:30:01.465,OnTrack,-691,-4546,1049,pos,0 days 00:26:44.871000,0 days 01:22:21.479000
2024-05-19 13:30:01.625,OnTrack,-524,-4427,1044,pos,0 days 00:26:45.031000,0 days 01:22:21.639000
2024-05-19 13:30:02.105,OnTrack,-277,-4240,1037,pos,0 days 00:26:45.511000,0 days 01:22:22.119000
2024-05-19 13:30:02.425,OnTrack,-155,-4141,1033,pos,0 days 00:26:45.831000,0 days 01:22:22.439000
2024-05-19 13:30:02.585,OnTrack,-67,-4066,1030,pos,0 days 00:26:45.991000,0 days 01:22:22.599000
2024-05-19 13:30:02.865,OnTrack,83,-3926,1027,pos,0 days 00:26:46.271000,0 days 01:22:22.879000
2024-05-19 13:30:03.025,OnTrack,205,-3804,1024,pos,0 days 00:26:46.431000,0 days 01:22:23.039000
2024-05-19 13:30:03.365,OnTrack,398,-3595,1017,pos,0 days 00:26:46.771000,0 days 01:22:23.379000
2024-05-19 13:30:03.665,OnTrack,530,-3448,1011,pos,0 days 00:26:47.071000,0 days 01:22:23.679000
2024-05-19 13:30:03.985,OnTrack,694,-3266,1002,pos,0 days 00:26:47.391000,0 days 01:22:23.999000
2024-05-19 13:30:04.165,OnTrack,787,-3163,996,pos,0 days 00:26:47.571000,0 days 01:22:24.179000
2024-05-19 13:30:04.365,OnTrack,934,-3000,984,pos,0 days 00:26:47.771000,0 days 01:22:24.379000
2024-05-19 13:30:04.784,OnTrack,1114,-2801,970,pos,0 days 00:26:48.190000,0 days 01:22:24.798000
2024-05-19 13:30:05.004,OnTrack,1232,-2671,960,pos,0 days 00:26:48.410000,0 days 01:22:25.018000
2024-05-19 13:30:05.064,OnTrack,1265,-2636,957,pos,0 days 00:26:48.470000,0 days 01:22:25.078000
2024-05-19 13:30:05.444,OnTrack,1564,-2348,931,pos,0 days 00:26:48.850000,0 days 01:22:25.458000
2024-05-19 13:30:05.765,OnTrack,1701,-2249,919,pos,0 days 00:26:49.171000,0 days 01:22:25.779000
2024-05-19 13:30:05.945,OnTrack,1825,-2175,909,pos,0 days 00:26:49.351000,0 days 01:22:25.959000
2024-05-19 13:30:06.185,OnTrack,1995,-2096,896,pos,0 days 00:26:49.591000,0 days 01:22:26.199000
2024-05-19 13:30:06.345,OnTrack,2116,-2047,886,pos,0 days 00:26:49.751000,0 days 01:22:26.359000
2024-05-19 13:30:06.525,OnTrack,2250,-1994,877,pos,0 days 00:26:49.931000,0 days 01:22:26.539000
2024-05-19 13:30:06.705,OnTrack,2378,-1942,866,pos,0 days 00:26:50.111000,0 days 01:22:26.719000
2024-05-19 13:30:06.985,OnTrack,2560,-1868,853,pos,0 days 00:26:50.391000,0 days 01:22:26.999000
2024-05-19 13:30:07.165,OnTrack,2665,-1825,844,pos,0 days 00:26:50.571000,0 days 01:22:27.179000
2024-05-19 13:30:07.405,OnTrack,2793,-1773,835,pos,0 days 00:26:50.811000,0 days 01:22:27.419000
2024-05-19 13:30:07.665,OnTrack,2967,-1695,824,pos,0 days 00:26:51.071000,0 days 01:22:27.679000
2024-05-19 13:30:08.065,OnTrack,3053,-1642,819,pos,0 days 00:26:51.471000,0 days 01:22:28.079000
2024-05-19 13:30:08.225,OnTrack,3096,-1603,816,pos,0 days 00:26:51.631000,0 days 01:22:28.239000
2024-05-19 13:30:08.465,OnTrack,3163,-1501,809,pos,0 days 00:26:51.871000,0 days 01:22:28.479000
2024-05-19 13:30:08.825,OnTrack,3185,-1423,806,pos,0 days 00:26:52.231000,0 days 01:22:28.839000
2024-05-19 13:30:08.985,OnTrack,3190,-1370,804,pos,0 days 00:26:52.391000,0 days 01:22:28.999000
2024-05-19 13:30:09.205,OnTrack,3186,-1297,802,pos,0 days 00:26:52.611000,0 days 01:22:29.219000
2024-05-19 13:30:09.525,OnTrack,3162,-1183,798,pos,0 days 00:26:52.931000,0 days 01:22:29.539000
2024-05-19 13:30:09.765,OnTrack,3143,-1119,797,pos,0 days 00:26:53.171000,0 days 01:22:29.779000
2024-05-19 13:30:09.945,OnTrack,3125,-1062,796,pos,0 days 00:26:53.351000,0 days 01:22:29.959000
2024-05-19 13:30:10.265,OnTrack,3088,-956,794,pos,0 days 00:26:53.671000,0 days 01:22:30.279000
2024-05-19 13:30:10.465,OnTrack,3062,-886,793,pos,0 days 00:26:53.871000,0 days 01:22:30.479000
2024-05-19 13:30:10.645,OnTrack,3034,-820,792,pos,0 days 00:26:54.051000,0 days 01:22:30.659000
2024-05-19 13:30:10.965,OnTrack,2953,-662,791,pos,0 days 00:26:54.371000,0 days 01:22:30.979000
2024-05-19 13:30:11.284,OnTrack,2900,-581,790,pos,0 days 00:26:54.690000,0 days 01:22:31.298000
2024-05-19 13:30:11.504,OnTrack,2840,-511,789,pos,0 days 00:26:54.910000,0 days 01:22:31.518000
2024-05-19 13:30:11.744,OnTrack,2726,-426,788,pos,0 days 00:26:55.150000,0 days 01:22:31.758000
2024-05-19 13:30:12.084,OnTrack,2647,-393,787,pos,0 days 00:26:55.490000,0 days 01:22:32.098000
2024-05-19 13:30:12.305,OnTrack,2566,-372,786,pos,0 days 00:26:55.711000,0 days 01:22:32.319000
2024-05-19 13:30:12.605,OnTrack,2456,-360,786,pos,0 days 00:26:56.011000,0 days 01:22:32.619000
2024-05-19 13:30:12.785,OnTrack,2390,-360,786,pos,0 days 00:26:56.191000,0 days 01:22:32.799000
2024-05-19 13:30:13.025,OnTrack,2293,-370,785,pos,0 days 00:26:56.431000,0 days 01:22:33.039000
2024-05-19 13:30:13.405,OnTrack,2156,-406,783,pos,0 days 00:26:56.811000,0 days 01:22:33.419000
2024-05-19 13:30:13.565,OnTrack,2095,-430,783,pos,0 days 00:26:56.971000,0 days 01:22:33.579000
2024-05-19 13:30:13.725,OnTrack,2032,-457,782,pos,0 days 00:26:57.131000,0 days 01:22:33.739000
2024-05-19 13:30:14.025,OnTrack,1909,-515,781,pos,0 days 00:26:57.431000,0 days 01:22:34.039000
2024-05-19 13:30:14.265,OnTrack,1804,-563,780,pos,0 days 00:26:57.671000,0 days 01:22:34.279000
2024-05-19 13:30:14.345,OnTrack,1712,-605,779,pos,0 days 00:26:57.751000,0 days 01:22:34.359000
2024-05-19 13:30:14.865,OnTrack,1520,-692,778,pos,0 days 00:26:58.271000,0 days 01:22:34.879000
2024-05-19 13:30:15.085,OnTrack,1408,-743,778,pos,0 days 00:26:58.491000,0 days 01:22:35.099000
2024-05-19 13:30:15.245,OnTrack,1324,-781,778,pos,0 days 00:26:58.651000,0 days 01:22:35.259000
2024-05-19 13:30:15.505,OnTrack,1130,-869,778,pos,0 days 00:26:58.911000,0 days 01:22:35.519000
2024-05-19 13:30:15.725,OnTrack,1062,-900,778,pos,0 days 00:26:59.131000,0 days 01:22:35.739000
2024-05-19 13:30:16.025,OnTrack,890,-977,779,pos,0 days 00:26:59.431000,0 days 01:22:36.039000
2024-05-19 13:30:16.205,OnTrack,784,-1022,779,pos,0 days 00:26:59.611000,0 days 01:22:36.219000
2024-05-19 13:30:16.445,OnTrack,565,-1114,780,pos,0 days 00:26:59.851000,0 days 01:22:36.459000
2024-05-19 13:30:16.885,OnTrack,365,-1198,781,pos,0 days 00:27:00.291000,0 days 01:22:36.899000
2024-05-19 13:30:17.085,OnTrack,237,-1252,781,pos,0 days 00:27:00.491000,0 days 01:22:37.099000
2024-05-19 13:30:17.285,OnTrack,29,-1339,781,pos,0 days 00:27:00.691000,0 days 01:22:37.299000
2024-05-19 13:30:17.585,OnTrack,-89,-1387,781,pos,0 days 00:27:00.991000,0 days 01:22:37.599000
2024-05-19 13:30:17.944,OnTrack,-334,-1474,782,pos,0 days 00:27:01.350000,0 days 01:22:37.958000
2024-05-19 13:30:18.104,OnTrack,-447,-1506,783,pos,0 days 00:27:01.510000,0 days 01:22:38.118000
2024-05-19 13:30:18.304,OnTrack,-590,-1540,783,pos,0 days 00:27:01.710000,0 days 01:22:38.318000
2024-05-19 13:30:18.484,OnTrack,-721,-1563,783,pos,0 days 00:27:01.890000,0 days 01:22:38.498000
2024-05-19 13:30:18.744,OnTrack,-924,-1581,784,pos,0 days 00:27:02.150000,0 days 01:22:38.758000
2024-05-19 13:30:18.985,OnTrack,-1235,-1593,785,pos,0 days 00:27:02.391000,0 days 01:22:38.999000
2024-05-19 13:30:19.445,OnTrack,-1531,-1607,786,pos,0 days 00:27:02.851000,0 days 01:22:39.459000
2024-05-19 13:30:19.845,OnTrack,-1909,-1628,787,pos,0 days 00:27:03.251000,0 days 01:22:39.859000
2024-05-19 13:30:20.125,OnTrack,-2021,-1634,788,pos,0 days 00:27:03.531000,0 days 01:22:40.139000
2024-05-19 13:30:20.465,OnTrack,-2294,-1650,789,pos,0 days 00:27:03.871000,0 days 01:22:40.479000
2024-05-19 13:30:20.645,OnTrack,-2439,-1658,790,pos,0 days 00:27:04.051000,0 days 01:22:40.659000
2024-05-19 13:30:20.925,OnTrack,-2781,-1673,791,pos,0 days 00:27:04.331000,0 days 01:22:40.939000
2024-05-19 13:30:21.245,OnTrack,-2928,-1677,792,pos,0 days 00:27:04.651000,0 days 01:22:41.259000
2024-05-19 13:30:21.445,OnTrack,-3093,-1682,792,pos,0 days 00:27:04.851000,0 days 01:22:41.459000
2024-05-19 13:30:21.745,OnTrack,-3423,-1694,794,pos,0 days 00:27:05.151000,0 days 01:22:41.759000
2024-05-19 13:30:22.045,OnTrack,-3589,-1695,795,pos,0 days 00:27:05.451000,0 days 01:22:42.059000
2024-05-19 13:30:22.325,OnTrack,-3821,-1683,796,pos,0 days 00:27:05.731000,0 days 01:22:42.339000
2024-05-19 13:30:22.525,OnTrack,-4088,-1646,797,pos,0 days 00:27:05.931000,0 days 01:22:42.539000
2024-05-19 13:30:22.845,OnTrack,-4254,-1613,798,pos,0 days 00:27:06.251000,0 days 01:22:42.859000
2024-05-19 13:30:23.045,OnTrack,-4421,-1576,799,pos,0 days 00:27:06.451000,0 days 01:22:43.059000
2024-05-19 13:30:23.285,OnTrack,-4619,-1529,800,pos,0 days 00:27:06.691000,0 days 01:22:43.299000
2024-05-19 13:30:23.485,OnTrack,-4784,-1489,801,pos,0 days 00:27:06.891000,0 days 01:22:43.499000
2024-05-19 13:30:23.725,OnTrack,-4982,-1440,803,pos,0 days 00:27:07.131000,0 days 01:22:43.739000
2024-05-19 13:30:24.045,OnTrack,-5313,-1360,805,pos,0 days 00:27:07.451000,0 days 01:22:44.059000
2024-05-19 13:30:24.344,OnTrack,-5497,-1320,807,pos,0 days 00:27:07.750000,0 days 01:22:44.358000
2024-05-19 13:30:24.504,OnTrack,-5631,-1294,808,pos,0 days 00:27:07.910000,0 days 01:22:44.518000
2024-05-19 13:30:24.784,OnTrack,-5858,-1261,810,pos,0 days 00:27:08.190000,0 days 01:22:44.798000
2024-05-19 13:30:24.984,OnTrack,-6029,-1245,811,pos,0 days 00:27:08.390000,0 days 01:22:44.998000
2024-05-19 13:30:25.184,OnTrack,-6201,-1235,814,pos,0 days 00:27:08.590000,0 days 01:22:45.198000
2024-05-19 13:30:25.384,OnTrack,-6374,-1231,814,pos,0 days 00:27:08.790000,0 days 01:22:45.398000
2024-05-19 13:30:25.605,OnTrack,-6564,-1229,815,pos,0 days 00:27:09.011000,0 days 01:22:45.619000
2024-05-19 13:30:25.885,OnTrack,-6805,-1231,816,pos,0 days 00:27:09.291000,0 days 01:22:45.899000
2024-05-19 13:30:26.105,OnTrack,-7046,-1237,817,pos,0 days 00:27:09.511000,0 days 01:22:46.119000
2024-05-19 13:30:26.385,OnTrack,-7234,-1247,817,pos,0 days 00:27:09.791000,0 days 01:22:46.399000
2024-05-19 13:30:26.625,OnTrack,-7439,-1262,818,pos,0 days 00:27:10.031000,0 days 01:22:46.639000
2024-05-19 13:30:26.865,OnTrack,-7745,-1292,818,pos,0 days 00:27:10.271000,0 days 01:22:46.879000
2024-05-19 13:30:27.365,OnTrack,-8128,-1339,818,pos,0 days 00:27:10.771000,0 days 01:22:47.379000
2024-05-19 13:30:27.405,OnTrack,-8161,-1343,818,pos,0 days 00:27:10.811000,0 days 01:22:47.419000
2024-05-19 13:30:27.685,OnTrack,-8497,-1389,819,pos,0 days 00:27:11.091000,0 days 01:22:47.699000
2024-05-19 13:30:28.025,OnTrack,-8681,-1414,819,pos,0 days 00:27:11.431000,0 days 01:22:48.039000
2024-05-19 13:30:28.325,OnTrack,-8931,-1450,819,pos,0 days 00:27:11.731000,0 days 01:22:48.339000
2024-05-19 13:30:28.505,OnTrack,-9080,-1473,819,pos,0 days 00:27:11.911000,0 days 01:22:48.519000
2024-05-19 13:30:28.785,OnTrack,-9394,-1544,819,pos,0 days 00:27:12.191000,0 days 01:22:48.799000
2024-05-19 13:30:29.065,OnTrack,-9511,-1579,819,pos,0 days 00:27:12.471000,0 days 01:22:49.079000
2024-05-19 13:30:29.385,OnTrack,-9725,-1646,818,pos,0 days 00:27:12.791000,0 days 01:22:49.399000
2024-05-19 13:30:29.565,OnTrack,-9829,-1679,818,pos,0 days 00:27:12.971000,0 days 01:22:49.579000
2024-05-19 13:30:29.865,OnTrack,-9985,-1728,818,pos,0 days 00:27:13.271000,0 days 01:22:49.879000
2024-05-19 13:30:30.045,OnTrack,-10097,-1762,819,pos,0 days 00:27:13.451000,0 days 01:22:50.059000
2024-05-19 13:30:30.325,OnTrack,-10177,-1790,818,pos,0 days 00:27:13.731000,0 days 01:22:50.339000
2024-05-19 13:30:30.525,OnTrack,-10248,-1826,818,pos,0 days 00:27:13.931000,0 days 01:22:50.539000
2024-05-19 13:30:30.725,OnTrack,-10308,-1876,818,pos,0 days 00:27:14.131000,0 days 01:22:50.739000
2024-05-19 13:30:31.104,OnTrack,-10395,-2052,818,pos,0 days 00:27:14.510000,0 days 01:22:51.118000
2024-05-19 13:30:31.484,OnTrack,-10427,-2168,819,pos,0 days 00:27:14.890000,0 days 01:22:51.498000
2024-05-19 13:30:31.724,OnTrack,-10461,-2263,819,pos,0 days 00:27:15.130000,0 days 01:22:51.738000
2024-05-19 13:30:31.904,OnTrack,-10495,-2329,818,pos,0 days 00:27:15.310000,0 days 01:22:51.918000
2024-05-19 13:30:32.125,OnTrack,-10551,-2406,818,pos,0 days 00:27:15.531000,0 days 01:22:52.139000
2024-05-19 13:30:32.285,OnTrack,-10601,-2458,818,pos,0 days 00:27:15.691000,0 days 01:22:52.299000
2024-05-19 13:30:32.425,OnTrack,-10651,-2499,818,pos,0 days 00:27:15.831000,0 days 01:22:52.439000
2024-05-19 13:30:32.725,OnTrack,-10822,-2613,820,pos,0 days 00:27:16.131000,0 days 01:22:52.739000
2024-05-19 13:30:33.205,OnTrack,-10964,-2696,821,pos,0 days 00:27:16.611000,0 days 01:22:53.219000
2024-05-19 13:30:33.425,OnTrack,-11061,-2752,822,pos,0 days 00:27:16.831000,0 days 01:22:53.439000
2024-05-19 13:30:33.525,OnTrack,-11106,-2778,822,pos,0 days 00:27:16.931000,0 days 01:22:53.539000
2024-05-19 13:30:33.725,OnTrack,-11198,-2832,823,pos,0 days 00:27:17.131000,0 days 01:22:53.739000
2024-05-19 13:30:33.925,OnTrack,-11293,-2889,824,pos,0 days 00:27:17.331000,0 days 01:22:53.939000
2024-05-19 13:30:34.285,OnTrack,-11502,-3033,825,pos,0 days 00:27:17.691000,0 days 01:22:54.299000
2024-05-19 13:30:34.585,OnTrack,-11597,-3122,825,pos,0 days 00:27:17.991000,0 days 01:22:54.599000
2024-05-19 13:30:34.865,OnTrack,-11698,-3260,825,pos,0 days 00:27:18.271000,0 days 01:22:54.879000
2024-05-19 13:30:35.025,OnTrack,-11749,-3354,826,pos,0 days 00:27:18.431000,0 days 01:22:55.039000
2024-05-19 13:30:35.305,OnTrack,-11837,-3564,827,pos,0 days 00:27:18.711000,0 days 01:22:55.319000
2024-05-19 13:30:35.725,OnTrack,-11920,-3785,828,pos,0 days 00:27:19.131000,0 days 01:22:55.739000
2024-05-19 13:30:35.885,OnTrack,-11986,-3962,828,pos,0 days 00:27:19.291000,0 days 01:22:55.899000
2024-05-19 13:30:36.325,OnTrack,-12063,-4168,829,pos,0 days 00:27:19.731000,0 days 01:22:56.339000
2024-05-19 13:30:36.545,OnTrack,-12118,-4313,830,pos,0 days 00:27:19.951000,0 days 01:22:56.559000
2024-05-19 13:30:36.765,OnTrack,-12173,-4460,830,pos,0 days 00:27:20.171000,0 days 01:22:56.779000
2024-05-19 13:30:36.985,OnTrack,-12250,-4663,830,pos,0 days 00:27:20.391000,0 days 01:22:56.999000
2024-05-19 13:30:37.365,OnTrack,-12354,-4939,831,pos,0 days 00:27:20.771000,0 days 01:22:57.379000
2024-05-19 13:30:37.744,OnTrack,-12427,-5136,832,pos,0 days 00:27:21.150000,0 days 01:22:57.758000
2024-05-19 13:30:37.944,OnTrack,-12481,-5278,832,pos,0 days 00:27:21.350000,0 days 01:22:57.958000
2024-05-19 13:30:38.104,OnTrack,-12524,-5393,832,pos,0 days 00:27:21.510000,0 days 01:22:58.118000
2024-05-19 13:30:38.304,OnTrack,-12577,-5537,833,pos,0 days 00:27:21.710000,0 days 01:22:58.318000
2024-05-19 13:30:38.544,OnTrack,-12643,-5711,833,pos,0 days 00:27:21.950000,0 days 01:22:58.558000
2024-05-19 13:30:38.765,OnTrack,-12704,-5872,833,pos,0 days 00:27:22.171000,0 days 01:22:58.779000
2024-05-19 13:30:39.085,OnTrack,-12794,-6108,834,pos,0 days 00:27:22.491000,0 days 01:22:59.099000
2024-05-19 13:30:39.245,OnTrack,-12840,-6225,835,pos,0 days 00:27:22.651000,0 days 01:22:59.259000
2024-05-19 13:30:39.465,OnTrack,-12944,-6473,835,pos,0 days 00:27:22.871000,0 days 01:22:59.479000
2024-05-19 13:30:39.805,OnTrack,-13053,-6733,836,pos,0 days 00:27:23.211000,0 days 01:22:59.819000
2024-05-19 13:30:40.245,OnTrack,-13128,-6938,837,pos,0 days 00:27:23.651000,0 days 01:23:00.259000
2024-05-19 13:30:40.485,OnTrack,-13163,-7170,838,pos,0 days 00:27:23.891000,0 days 01:23:00.499000
2024-05-19 13:30:40.805,OnTrack,-13156,-7298,839,pos,0 days 00:27:24.211000,0 days 01:23:00.819000
2024-05-19 13:30:41.105,OnTrack,-13110,-7542,840,pos,0 days 00:27:24.511000,0 days 01:23:01.119000
2024-05-19 13:30:41.465,OnTrack,-13075,-7688,841,pos,0 days 00:27:24.871000,0 days 01:23:01.479000
2024-05-19 13:30:41.645,OnTrack,-13053,-7782,842,pos,0 days 00:27:25.051000,0 days 01:23:01.659000
2024-05-19 13:30:41.925,OnTrack,-13024,-7980,843,pos,0 days 00:27:25.331000,0 days 01:23:01.939000
2024-05-19 13:30:42.245,OnTrack,-13029,-8056,844,pos,0 days 00:27:25.651000,0 days 01:23:02.259000
2024-05-19 13:30:42.505,OnTrack,-13067,-8160,845,pos,0 days 00:27:25.911000,0 days 01:23:02.519000
2024-05-19 13:30:42.645,OnTrack,-13101,-8210,846,pos,0 days 00:27:26.051000,0 days 01:23:02.659000
2024-05-19 13:30:42.965,OnTrack,-13208,-8315,847,pos,0 days 00:27:26.371000,0 days 01:23:02.979000
2024-05-19 13:30:43.225,OnTrack,-13322,-8415,848,pos,0 days 00:27:26.631000,0 days 01:23:03.239000
2024-05-19 13:30:43.625,OnTrack,-13495,-8560,850,pos,0 days 00:27:27.031000,0 days 01:23:03.639000
2024-05-19 13:30:43.885,OnTrack,-13549,-8607,851,pos,0 days 00:27:27.291000,0 days 01:23:03.899000
2024-05-19 13:30:44.204,OnTrack,-13730,-8760,854,pos,0 days 00:27:27.610000,0 days 01:23:04.218000
2024-05-19 13:30:44.624,OnTrack,-13827,-8842,856,pos,0 days 00:27:28.030000,0 days 01:23:04.638000
2024-05-19 13:30:44.804,OnTrack,-13908,-8909,857,pos,0 days 00:27:28.210000,0 days 01:23:04.818000
2024-05-19 13:30:45.064,OnTrack,-14070,-9056,861,pos,0 days 00:27:28.470000,0 days 01:23:05.078000
2024-05-19 13:30:45.465,OnTrack,-14210,-9194,866,pos,0 days 00:27:28.871000,0 days 01:23:05.479000
2024-05-19 13:30:45.645,OnTrack,-14290,-9273,870,pos,0 days 00:27:29.051000,0 days 01:23:05.659000
2024-05-19 13:30:45.905,OnTrack,-14405,-9387,875,pos,0 days 00:27:29.311000,0 days 01:23:05.919000
2024-05-19 13:30:46.105,OnTrack,-14493,-9473,879,pos,0 days 00:27:29.511000,0 days 01:23:06.119000
2024-05-19 13:30:46.305,OnTrack,-14626,-9596,886,pos,0 days 00:27:29.711000,0 days 01:23:06.319000
2024-05-19 13:30:46.685,OnTrack,-14717,-9686,890,pos,0 days 00:27:30.091000,0 days 01:23:06.699000
2024-05-19 13:30:46.885,OnTrack,-14776,-9750,893,pos,0 days 00:27:30.291000,0 days 01:23:06.899000
2024-05-19 13:30:47.125,OnTrack,-14835,-9825,897,pos,0 days 00:27:30.531000,0 days 01:23:07.139000
2024-05-19 13:30:47.305,OnTrack,-14881,-9906,899,pos,0 days 00:27:30.711000,0 days 01:23:07.319000
2024-05-19 13:30:47.685,OnTrack,-14910,-10000,902,pos,0 days 00:27:31.091000,0 days 01:23:07.699000
2024-05-19 13:30:47.945,OnTrack,-14910,-10115,907,pos,0 days 00:27:31.351000,0 days 01:23:07.959000
2024-05-19 13:30:48.305,OnTrack,-14871,-10214,912,pos,0 days 00:27:31.711000,0 days 01:23:08.319000
2024-05-19 13:30:48.665,OnTrack,-14834,-10261,915,pos,0 days 00:27:32.071000,0 days 01:23:08.679000
2024-05-19 13:30:48.865,OnTrack,-14795,-10297,919,pos,0 days 00:27:32.271000,0 days 01:23:08.879000
2024-05-19 13:30:49.085,OnTrack,-14748,-10330,921,pos,0 days 00:27:32.491000,0 days 01:23:09.099000
2024-05-19 13:30:49.265,OnTrack,-14707,-10352,923,pos,0 days 00:27:32.671000,0 days 01:23:09.279000
2024-05-19 13:30:49.585,OnTrack,-14625,-10379,927,pos,0 days 00:27:32.991000,0 days 01:23:09.599000
2024-05-19 13:30:49.765,OnTrack,-14577,-10388,929,pos,0 days 00:27:33.171000,0 days 01:23:09.779000
2024-05-19 13:30:49.845,OnTrack,-14554,-10391,930,pos,0 days 00:27:33.251000,0 days 01:23:09.859000
2024-05-19 13:30:50.045,OnTrack,-14497,-10395,934,pos,0 days 00:27:33.451000,0 days 01:23:10.059000
2024-05-19 13:30:50.365,OnTrack,-14400,-10393,939,pos,0 days 00:27:33.771000,0 days 01:23:10.379000
2024-05-19 13:30:50.604,OnTrack,-14323,-10386,942,pos,0 days 00:27:34.010000,0 days 01:23:10.618000
2024-05-19 13:30:50.804,OnTrack,-14254,-10377,946,pos,0 days 00:27:34.210000,0 days 01:23:10.818000
2024-05-19 13:30:51.024,OnTrack,-14174,-10364,949,pos,0 days 00:27:34.430000,0 days 01:23:11.038000
2024-05-19 13:30:51.224,OnTrack,-14055,-10343,955,pos,0 days 00:27:34.630000,0 days 01:23:11.238000
2024-05-19 13:30:51.524,OnTrack,-13969,-10326,958,pos,0 days 00:27:34.930000,0 days 01:23:11.538000
2024-05-19 13:30:51.704,OnTrack,-13887,-10309,962,pos,0 days 00:27:35.110000,0 days 01:23:11.718000
2024-05-19 13:30:52.025,OnTrack,-13684,-10267,971,pos,0 days 00:27:35.431000,0 days 01:23:12.039000
2024-05-19 13:30:52.325,OnTrack,-13581,-10247,975,pos,0 days 00:27:35.731000,0 days 01:23:12.339000
2024-05-19 13:30:52.605,OnTrack,-13432,-10219,981,pos,0 days 00:27:36.011000,0 days 01:23:12.619000
2024-05-19 13:30:52.765,OnTrack,-13343,-10204,985,pos,0 days 00:27:36.171000,0 days 01:23:12.779000
2024-05-19 13:30:52.965,OnTrack,-13229,-10184,989,pos,0 days 00:27:36.371000,0 days 01:23:12.979000
2024-05-19 13:30:53.285,OnTrack,-13040,-10150,995,pos,0 days 00:27:36.691000,0 days 01:23:13.299000
2024-05-19 13:30:53.525,OnTrack,-12806,-10114,1003,pos,0 days 00:27:36.931000,0 days 01:23:13.539000
2024-05-19 13:30:53.905,OnTrack,-12653,-10090,1008,pos,0 days 00:27:37.311000,0 days 01:23:13.919000
2024-05-19 13:30:54.025,OnTrack,-12576,-10079,1010,pos,0 days 00:27:37.431000,0 days 01:23:14.039000
2024-05-19 13:30:54.345,OnTrack,-12285,-10038,1022,pos,0 days 00:27:37.751000,0 days 01:23:14.359000
2024-05-19 13:30:54.665,OnTrack,-12150,-10019,1029,pos,0 days 00:27:38.071000,0 days 01:23:14.679000
2024-05-19 13:30:54.945,OnTrack,-11957,-9993,1041,pos,0 days 00:27:38.351000,0 days 01:23:14.959000
2024-05-19 13:30:55.125,OnTrack,-11842,-9978,1049,pos,0 days 00:27:38.531000,0 days 01:23:15.139000
2024-05-19 13:30:55.285,OnTrack,-11732,-9966,1057,pos,0 days 00:27:38.691000,0 days 01:23:15.299000
2024-05-19 13:30:55.525,OnTrack,-11561,-9948,1068,pos,0 days 00:27:38.931000,0 days 01:23:15.539000
2024-05-19 13:30:55.685,OnTrack,-11446,-9937,1075,pos,0 days 00:27:39.091000,0 days 01:23:15.699000
2024-05-19 13:30:56.045,OnTrack,-11183,-9921,1091,pos,0 days 00:27:39.451000,0 days 01:23:16.059000
2024-05-19 13:30:56.245,OnTrack,-10931,-9918,1106,pos,0 days 00:27:39.651000,0 days 01:23:16.259000
2024-05-19 13:30:56.505,OnTrack,-10842,-9919,1111,pos,0 days 00:27:39.911000,0 days 01:23:16.519000
2024-05-19 13:30:56.725,OnTrack,-10678,-9926,1118,pos,0 days 00:27:40.131000,0 days 01:23:16.739000
2024-05-19 13:30:57.045,OnTrack,-10439,-9945,1122,pos,0 days 00:27:40.451000,0 days 01:23:17.059000
2024-05-19 13:30:57.284,OnTrack,-10184,-9974,1122,pos,0 days 00:27:40.690000,0 days 01:23:17.298000
2024-05-19 13:30:57.644,OnTrack,-9885,-10008,1119,pos,0 days 00:27:41.050000,0 days 01:23:17.658000
2024-05-19 13:30:58.044,OnTrack,-9601,-10040,1117,pos,0 days 00:27:41.450000,0 days 01:23:18.058000
2024-05-19 13:30:58.365,OnTrack,-9459,-10055,1116,pos,0 days 00:27:41.771000,0 days 01:23:18.379000
2024-05-19 13:30:58.605,OnTrack,-9299,-10068,1115,pos,0 days 00:27:42.011000,0 days 01:23:18.619000
2024-05-19 13:30:58.885,OnTrack,-9130,-10069,1114,pos,0 days 00:27:42.291000,0 days 01:23:18.899000
2024-05-19 13:30:59.145,OnTrack,-8987,-10045,1114,pos,0 days 00:27:42.551000,0 days 01:23:19.159000
2024-05-19 13:30:59.305,OnTrack,-8836,-9983,1114,pos,0 days 00:27:42.711000,0 days 01:23:19.319000
2024-05-19 13:30:59.625,OnTrack,-8756,-9928,1111,pos,0 days 00:27:43.031000,0 days 01:23:19.639000
2024-05-19 13:30:59.825,OnTrack,-8678,-9854,1109,pos,0 days 00:27:43.231000,0 days 01:23:19.839000
2024-05-19 13:31:00.045,OnTrack,-8606,-9755,1106,pos,0 days 00:27:43.451000,0 days 01:23:20.059000
2024-05-19 13:31:00.305,OnTrack,-8533,-9624,1101,pos,0 days 00:27:43.711000,0 days 01:23:20.319000
2024-05-19 13:31:00.565,OnTrack,-8466,-9490,1097,pos,0 days 00:27:43.971000,0 days 01:23:20.579000
2024-05-19 13:31:00.745,OnTrack,-8390,-9329,1091,pos,0 days 00:27:44.151000,0 days 01:23:20.759000
2024-05-19 13:31:01.125,OnTrack,-8332,-9182,1086,pos,0 days 00:27:44.531000,0 days 01:23:21.139000
2024-05-19 13:31:01.365,OnTrack,-8277,-8990,1080,pos,0 days 00:27:44.771000,0 days 01:23:21.379000
2024-05-19 13:31:01.765,OnTrack,-8240,-8706,1066,pos,0 days 00:27:45.171000,0 days 01:23:21.779000
2024-05-19 13:31:02.085,OnTrack,-8237,-8574,1058,pos,0 days 00:27:45.491000,0 days 01:23:22.099000
2024-05-19 13:31:02.405,OnTrack,-8259,-8283,1037,pos,0 days 00:27:45.811000,0 days 01:23:22.419000
2024-05-19 13:31:02.745,OnTrack,-8277,-8144,1023,pos,0 days 00:27:46.151000,0 days 01:23:22.759000
2024-05-19 13:31:02.925,OnTrack,-8298,-8018,1012,pos,0 days 00:27:46.331000,0 days 01:23:22.939000
2024-05-19 13:31:03.105,OnTrack,-8323,-7891,1001,pos,0 days 00:27:46.511000,0 days 01:23:23.119000
2024-05-19 13:31:03.365,OnTrack,-8384,-7620,981,pos,0 days 00:27:46.771000,0 days 01:23:23.379000
2024-05-19 13:31:03.764,OnTrack,-8430,-7417,967,pos,0 days 00:27:47.170000,0 days 01:23:23.778000
2024-05-19 13:31:04.044,OnTrack,-8501,-7108,949,pos,0 days 00:27:47.450000,0 days 01:23:24.058000
2024-05-19 13:31:04.484,OnTrack,-8561,-6840,936,pos,0 days 00:27:47.890000,0 days 01:23:24.498000
2024-05-19 13:31:04.784,OnTrack,-8602,-6661,927,pos,0 days 00:27:48.190000,0 days 01:23:24.798000
2024-05-19 13:31:05.025,OnTrack,-8648,-6405,913,pos,0 days 00:27:48.431000,0 days 01:23:25.039000
2024-05-19 13:31:05.465,OnTrack,-8624,-6101,901,pos,0 days 00:27:48.871000,0 days 01:23:25.479000
2024-05-19 13:31:05.805,OnTrack,-8575,-5971,899,pos,0 days 00:27:49.211000,0 days 01:23:25.819000
2024-05-19 13:31:06.145,OnTrack,-8477,-5776,896,pos,0 days 00:27:49.551000,0 days 01:23:26.159000
2024-05-19 13:31:06.265,OnTrack,-8443,-5717,897,pos,0 days 00:27:49.671000,0 days 01:23:26.279000
2024-05-19 13:31:06.505,OnTrack,-8357,-5575,898,pos,0 days 00:27:49.911000,0 days 01:23:26.519000
2024-05-19 13:31:06.805,OnTrack,-8299,-5494,900,pos,0 days 00:27:50.211000,0 days 01:23:26.819000
2024-05-19 13:31:07.165,OnTrack,-8200,-5392,903,pos,0 days 00:27:50.571000,0 days 01:23:27.179000
2024-05-19 13:31:07.365,OnTrack,-8140,-5355,906,pos,0 days 00:27:50.771000,0 days 01:23:27.379000
2024-05-19 13:31:07.525,OnTrack,-8088,-5336,908,pos,0 days 00:27:50.931000,0 days 01:23:27.539000
2024-05-19 13:31:07.685,OnTrack,-8033,-5326,910,pos,0 days 00:27:51.091000,0 days 01:23:27.699000
2024-05-19 13:31:07.865,OnTrack,-7971,-5328,916,pos,0 days 00:27:51.271000,0 days 01:23:27.879000
2024-05-19 13:31:08.125,OnTrack,-7879,-5344,923,pos,0 days 00:27:51.531000,0 days 01:23:28.139000
2024-05-19 13:31:08.265,OnTrack,-7831,-5355,927,pos,0 days 00:27:51.671000,0 days 01:23:28.279000
2024-05-19 13:31:08.605,OnTrack,-7714,-5387,938,pos,0 days 00:27:52.011000,0 days 01:23:28.619000
2024-05-19 13:31:08.765,OnTrack,-7655,-5402,943,pos,0 days 00:27:52.171000,0 days 01:23:28.779000
2024-05-19 13:31:08.925,OnTrack,-7540,-5423,954,pos,0 days 00:27:52.331000,0 days 01:23:28.939000
2024-05-19 13:31:09.445,OnTrack,-7379,-5439,968,pos,0 days 00:27:52.851000,0 days 01:23:29.459000
2024-05-19 13:31:09.645,OnTrack,-7233,-5443,981,pos,0 days 00:27:53.051000,0 days 01:23:29.659000
2024-05-19 13:31:09.965,OnTrack,-7136,-5443,988,pos,0 days 00:27:53.371000,0 days 01:23:29.979000
2024-05-19 13:31:10.265,OnTrack,-6984,-5442,999,pos,0 days 00:27:53.671000,0 days 01:23:30.279000
2024-05-19 13:31:10.285,OnTrack,-6973,-5442,999,pos,0 days 00:27:53.691000,0 days 01:23:30.299000
2024-05-19 13:31:10.644,OnTrack,-6780,-5440,1011,pos,0 days 00:27:54.050000,0 days 01:23:30.658000
2024-05-19 13:31:10.884,OnTrack,-6622,-5439,1019,pos,0 days 00:27:54.290000,0 days 01:23:30.898000
2024-05-19 13:31:11.224,OnTrack,-6446,-5437,1026,pos,0 days 00:27:54.630000,0 days 01:23:31.238000
2024-05-19 13:31:11.444,OnTrack,-6312,-5436,1030,pos,0 days 00:27:54.850000,0 days 01:23:31.458000
2024-05-19 13:31:11.625,OnTrack,-6201,-5435,1034,pos,0 days 00:27:55.031000,0 days 01:23:31.639000
2024-05-19 13:31:11.865,OnTrack,-6049,-5434,1038,pos,0 days 00:27:55.271000,0 days 01:23:31.879000
2024-05-19 13:31:12.065,OnTrack,-5828,-5432,1044,pos,0 days 00:27:55.471000,0 days 01:23:32.079000
2024-05-19 13:31:12.465,OnTrack,-5655,-5431,1049,pos,0 days 00:27:55.871000,0 days 01:23:32.479000
2024-05-19 13:31:12.625,OnTrack,-5548,-5430,1052,pos,0 days 00:27:56.031000,0 days 01:23:32.639000
2024-05-19 13:31:12.805,OnTrack,-5424,-5428,1056,pos,0 days 00:27:56.211000,0 days 01:23:32.819000
2024-05-19 13:31:12.985,OnTrack,-5300,-5425,1059,pos,0 days 00:27:56.391000,0 days 01:23:32.999000
2024-05-19 13:31:13.205,OnTrack,-5147,-5419,1064,pos,0 days 00:27:56.611000,0 days 01:23:33.219000
2024-05-19 13:31:13.405,OnTrack,-5004,-5408,1068,pos,0 days 00:27:56.811000,0 days 01:23:33.419000
2024-05-19 13:31:13.665,OnTrack,-4820,-5392,1073,pos,0 days 00:27:57.071000,0 days 01:23:33.679000
2024-05-19 13:31:13.905,OnTrack,-4650,-5376,1077,pos,0 days 00:27:57.311000,0 days 01:23:33.919000
2024-05-19 13:31:14.085,OnTrack,-4521,-5365,1080,pos,0 days 00:27:57.491000,0 days 01:23:34.099000
2024-05-19 13:31:14.265,OnTrack,-4393,-5354,1082,pos,0 days 00:27:57.671000,0 days 01:23:34.279000
2024-05-19 13:31:14.485,OnTrack,-4236,-5342,1083,pos,0 days 00:27:57.891000,0 days 01:23:34.499000
2024-05-19 13:31:14.685,OnTrack,-4093,-5330,1084,pos,0 days 00:27:58.091000,0 days 01:23:34.699000
2024-05-19 13:31:14.885,OnTrack,-3951,-5318,1085,pos,0 days 00:27:58.291000,0 days 01:23:34.899000
2024-05-19 13:31:15.165,OnTrack,-3763,-5303,1086,pos,0 days 00:27:58.571000,0 days 01:23:35.179000
2024-05-19 13:31:15.465,OnTrack,-3594,-5289,1087,pos,0 days 00:27:58.871000,0 days 01:23:35.479000
2024-05-19 13:31:15.505,OnTrack,-3573,-5287,1087,pos,0 days 00:27:58.911000,0 days 01:23:35.519000
2024-05-19 13:31:15.725,OnTrack,-3466,-5280,1088,pos,0 days 00:27:59.131000,0 days 01:23:35.739000
2024-05-19 13:31:15.945,OnTrack,-3371,-5274,1089,pos,0 days 00:27:59.351000,0 days 01:23:35.959000
2024-05-19 13:31:16.265,OnTrack,-3217,-5280,1092,pos,0 days 00:27:59.671000,0 days 01:23:36.279000
2024-05-19 13:31:16.525,OnTrack,-3179,-5295,1092,pos,0 days 00:27:59.931000,0 days 01:23:36.539000
2024-05-19 13:31:16.745,OnTrack,-3120,-5336,1094,pos,0 days 00:28:00.151000,0 days 01:23:36.759000
2024-05-19 13:31:17.064,OnTrack,-3025,-5435,1096,pos,0 days 00:28:00.470000,0 days 01:23:37.078000
2024-05-19 13:31:17.524,OnTrack,-2947,-5507,1096,pos,0 days 00:28:00.930000,0 days 01:23:37.538000
2024-05-19 13:31:17.564,OnTrack,-2938,-5514,1096,pos,0 days 00:28:00.970000,0 days 01:23:37.578000
2024-05-19 13:31:17.804,OnTrack,-2881,-5545,1096,pos,0 days 00:28:01.210000,0 days 01:23:37.818000
2024-05-19 13:31:17.984,OnTrack,-2835,-5558,1095,pos,0 days 00:28:01.390000,0 days 01:23:37.998000
2024-05-19 13:31:18.205,OnTrack,-2779,-5563,1094,pos,0 days 00:28:01.611000,0 days 01:23:38.219000
2024-05-19 13:31:18.565,OnTrack,-2684,-5545,1092,pos,0 days 00:28:01.971000,0 days 01:23:38.579000
2024-05-19 13:31:18.745,OnTrack,-2636,-5532,1091,pos,0 days 00:28:02.151000,0 days 01:23:38.759000
2024-05-19 13:31:18.945,OnTrack,-2566,-5509,1089,pos,0 days 00:28:02.351000,0 days 01:23:38.959000
2024-05-19 13:31:19.205,OnTrack,-2510,-5488,1088,pos,0 days 00:28:02.611000,0 days 01:23:39.219000
2024-05-19 13:31:19.545,OnTrack,-2409,-5445,1086,pos,0 days 00:28:02.951000,0 days 01:23:39.559000
2024-05-19 13:31:19.745,OnTrack,-2319,-5402,1084,pos,0 days 00:28:03.151000,0 days 01:23:39.759000
2024-05-19 13:31:20.085,OnTrack,-2227,-5355,1082,pos,0 days 00:28:03.491000,0 days 01:23:40.099000
2024-05-19 13:31:20.325,OnTrack,-2135,-5307,1080,pos,0 days 00:28:03.731000,0 days 01:23:40.339000
2024-05-19 13:31:20.525,OnTrack,-2055,-5265,1078,pos,0 days 00:28:03.931000,0 days 01:23:40.539000
2024-05-19 13:31:20.705,OnTrack,-1979,-5225,1076,pos,0 days 00:28:04.111000,0 days 01:23:40.719000
2024-05-19 13:31:20.885,OnTrack,-1899,-5182,1074,pos,0 days 00:28:04.291000,0 days 01:23:40.899000
2024-05-19 13:31:21.125,OnTrack,-1787,-5124,1072,pos,0 days 00:28:04.531000,0 days 01:23:41.139000
2024-05-19 13:31:21.305,OnTrack,-1700,-5079,1070,pos,0 days 00:28:04.711000,0 days 01:23:41.319000
2024-05-19 13:31:21.605,OnTrack,-1463,-4966,1066,pos,0 days 00:28:05.011000,0 days 01:23:41.619000
2024-05-19 13:31:21.965,OnTrack,-1344,-4912,1064,pos,0 days 00:28:05.371000,0 days 01:23:41.979000
2024-05-19 13:31:22.165,OnTrack,-1233,-4861,1062,pos,0 days 00:28:05.571000,0 days 01:23:42.179000
2024-05-19 13:31:22.405,OnTrack,-1097,-4794,1059,pos,0 days 00:28:05.811000,0 days 01:23:42.419000
2024-05-19 13:31:22.525,OnTrack,-1029,-4758,1058,pos,0 days 00:28:05.931000,0 days 01:23:42.539000
2024-05-19 13:31:22.885,OnTrack,-793,-4614,1052,pos,0 days 00:28:06.291000,0 days 01:23:42.899000
2024-05-19 13:31:23.125,OnTrack,-693,-4547,1049,pos,0 days 00:28:06.531000,0 days 01:23:43.139000
2024-05-19 13:31:23.325,OnTrack,-581,-4468,1046,pos,0 days 00:28:06.731000,0 days 01:23:43.339000
2024-05-19 13:31:23.644,OnTrack,-401,-4336,1040,pos,0 days 00:28:07.050000,0 days 01:23:43.658000
2024-05-19 13:31:23.864,OnTrack,-277,-4241,1037,pos,0 days 00:28:07.270000,0 days 01:23:43.878000
2024-05-19 13:31:24.064,OnTrack,-166,-4151,1033,pos,0 days 00:28:07.470000,0 days 01:23:44.078000
2024-05-19 13:31:24.304,OnTrack,-3,-4008,1029,pos,0 days 00:28:07.710000,0 days 01:23:44.318000
2024-05-19 13:31:24.604,OnTrack,124,-3886,1026,pos,0 days 00:28:08.010000,0 days 01:23:44.618000
2024-05-19 13:31:24.785,OnTrack,247,-3760,1022,pos,0 days 00:28:08.191000,0 days 01:23:44.799000
2024-05-19 13:31:25.025,OnTrack,369,-3627,1018,pos,0 days 00:28:08.431000,0 days 01:23:45.039000
2024-05-19 13:31:25.265,OnTrack,491,-3491,1013,pos,0 days 00:28:08.671000,0 days 01:23:45.279000
2024-05-19 13:31:25.425,OnTrack,573,-3400,1008,pos,0 days 00:28:08.831000,0 days 01:23:45.439000
2024-05-19 13:31:25.765,OnTrack,749,-3205,999,pos,0 days 00:28:09.171000,0 days 01:23:45.779000
2024-05-19 13:31:25.985,OnTrack,896,-3043,988,pos,0 days 00:28:09.391000,0 days 01:23:45.999000
2024-05-19 13:31:26.265,OnTrack,1012,-2914,979,pos,0 days 00:28:09.671000,0 days 01:23:46.279000
2024-05-19 13:31:26.445,OnTrack,1108,-2808,971,pos,0 days 00:28:09.851000,0 days 01:23:46.459000
2024-05-19 13:31:26.745,OnTrack,1325,-2572,951,pos,0 days 00:28:10.151000,0 days 01:23:46.759000
2024-05-19 13:31:27.145,OnTrack,1496,-2405,936,pos,0 days 00:28:10.551000,0 days 01:23:47.159000
2024-05-19 13:31:27.305,OnTrack,1594,-2324,928,pos,0 days 00:28:10.711000,0 days 01:23:47.319000
2024-05-19 13:31:27.585,OnTrack,1779,-2201,913,pos,0 days 00:28:10.991000,0 days 01:23:47.599000
2024-05-19 13:31:27.825,OnTrack,2067,-2066,891,pos,0 days 00:28:11.231000,0 days 01:23:47.839000
2024-05-19 13:31:28.085,OnTrack,2174,-2024,882,pos,0 days 00:28:11.491000,0 days 01:23:48.099000
2024-05-19 13:31:28.385,OnTrack,2486,-1898,858,pos,0 days 00:28:11.791000,0 days 01:23:48.399000
2024-05-19 13:31:28.825,OnTrack,2733,-1797,840,pos,0 days 00:28:12.231000,0 days 01:23:48.839000
2024-05-19 13:31:29.205,OnTrack,2862,-1744,831,pos,0 days 00:28:12.611000,0 days 01:23:49.219000
2024-05-19 13:31:29.445,OnTrack,2962,-1698,824,pos,0 days 00:28:12.851000,0 days 01:23:49.459000
2024-05-19 13:31:29.645,OnTrack,3027,-1660,820,pos,0 days 00:28:13.051000,0 days 01:23:49.659000
2024-05-19 13:31:29.745,OnTrack,3057,-1638,819,pos,0 days 00:28:13.151000,0 days 01:23:49.759000
2024-05-19 13:31:29.965,OnTrack,3113,-1584,814,pos,0 days 00:28:13.371000,0 days 01:23:49.979000
2024-05-19 13:31:30.304,OnTrack,3175,-1467,809,pos,0 days 00:28:13.710000,0 days 01:23:50.318000
2024-05-19 13:31:30.664,OnTrack,3190,-1371,804,pos,0 days 00:28:14.070000,0 days 01:23:50.678000
2024-05-19 13:31:30.804,OnTrack,3189,-1326,803,pos,0 days 00:28:14.210000,0 days 01:23:50.818000
2024-05-19 13:31:31.124,OnTrack,3171,-1219,799,pos,0 days 00:28:14.530000,0 days 01:23:51.138000
2024-05-19 13:31:31.385,OnTrack,3151,-1144,797,pos,0 days 00:28:14.791000,0 days 01:23:51.399000
2024-05-19 13:31:31.545,OnTrack,3135,-1093,796,pos,0 days 00:28:14.951000,0 days 01:23:51.559000
2024-05-19 13:31:31.765,OnTrack,3111,-1021,795,pos,0 days 00:28:15.171000,0 days 01:23:51.779000
2024-05-19 13:31:32.085,OnTrack,3072,-912,793,pos,0 days 00:28:15.491000,0 days 01:23:52.099000
2024-05-19 13:31:32.305,OnTrack,3039,-832,793,pos,0 days 00:28:15.711000,0 days 01:23:52.319000
2024-05-19 13:31:32.505,OnTrack,2992,-733,791,pos,0 days 00:28:15.911000,0 days 01:23:52.519000
2024-05-19 13:31:32.925,OnTrack,2874,-548,789,pos,0 days 00:28:16.331000,0 days 01:23:52.939000
2024-05-19 13:31:33.245,OnTrack,2823,-495,789,pos,0 days 00:28:16.651000,0 days 01:23:53.259000
2024-05-19 13:31:33.445,OnTrack,2760,-446,788,pos,0 days 00:28:16.851000,0 days 01:23:53.459000
2024-05-19 13:31:33.645,OnTrack,2691,-410,787,pos,0 days 00:28:17.051000,0 days 01:23:53.659000
2024-05-19 13:31:33.965,OnTrack,2524,-365,786,pos,0 days 00:28:17.371000,0 days 01:23:53.979000
2024-05-19 13:31:34.265,OnTrack,2465,-360,786,pos,0 days 00:28:17.671000,0 days 01:23:54.279000
2024-05-19 13:31:34.485,OnTrack,2382,-360,786,pos,0 days 00:28:17.891000,0 days 01:23:54.499000
2024-05-19 13:31:34.665,OnTrack,2314,-367,785,pos,0 days 00:28:18.071000,0 days 01:23:54.679000
2024-05-19 13:31:35.045,OnTrack,2112,-422,783,pos,0 days 00:28:18.451000,0 days 01:23:55.059000
2024-05-19 13:31:35.425,OnTrack,2015,-465,782,pos,0 days 00:28:18.831000,0 days 01:23:55.439000
2024-05-19 13:31:35.645,OnTrack,1880,-528,781,pos,0 days 00:28:19.051000,0 days 01:23:55.659000
2024-05-19 13:31:36.045,OnTrack,1761,-583,779,pos,0 days 00:28:19.451000,0 days 01:23:56.059000
2024-05-19 13:31:36.245,OnTrack,1599,-656,778,pos,0 days 00:28:19.651000,0 days 01:23:56.259000
2024-05-19 13:31:36.645,OnTrack,1407,-743,778,pos,0 days 00:28:20.051000,0 days 01:23:56.659000
2024-05-19 13:31:37.044,OnTrack,1181,-846,778,pos,0 days 00:28:20.450000,0 days 01:23:57.058000
2024-05-19 13:31:37.424,OnTrack,1046,-907,778,pos,0 days 00:28:20.830000,0 days 01:23:57.438000
2024-05-19 13:31:37.684,OnTrack,895,-975,779,pos,0 days 00:28:21.090000,0 days 01:23:57.698000
2024-05-19 13:31:38.745,OnTrack,229,-1255,781,pos,0 days 00:28:22.151000,0 days 01:23:58.759000
2024-05-19 13:31:38.925,OnTrack,112,-1305,781,pos,0 days 00:28:22.331000,0 days 01:23:58.939000
2024-05-19 13:31:39.165,OnTrack,-46,-1370,781,pos,0 days 00:28:22.571000,0 days 01:23:59.179000
2024-05-19 13:31:39.365,OnTrack,-182,-1422,782,pos,0 days 00:28:22.771000,0 days 01:23:59.379000
2024-05-19 13:31:39.585,OnTrack,-333,-1474,782,pos,0 days 00:28:22.991000,0 days 01:23:59.599000
2024-05-19 13:31:39.805,OnTrack,-490,-1518,783,pos,0 days 00:28:23.211000,0 days 01:23:59.819000
2024-05-19 13:31:40.045,OnTrack,-755,-1567,783,pos,0 days 00:28:23.451000,0 days 01:24:00.059000
2024-05-19 13:31:40.385,OnTrack,-948,-1582,784,pos,0 days 00:28:23.791000,0 days 01:24:00.399000
2024-05-19 13:31:40.625,OnTrack,-1150,-1590,784,pos,0 days 00:28:24.031000,0 days 01:24:00.639000
2024-05-19 13:31:40.825,OnTrack,-1290,-1594,785,pos,0 days 00:28:24.231000,0 days 01:24:00.839000
2024-05-19 13:31:41.045,OnTrack,-1540,-1608,786,pos,0 days 00:28:24.451000,0 days 01:24:01.059000
2024-05-19 13:31:41.525,OnTrack,-1842,-1624,787,pos,0 days 00:28:24.931000,0 days 01:24:01.539000
2024-05-19 13:31:41.685,OnTrack,-1970,-1632,788,pos,0 days 00:28:25.091000,0 days 01:24:01.699000
2024-05-19 13:31:41.825,OnTrack,-2082,-1638,788,pos,0 days 00:28:25.231000,0 days 01:24:01.839000
2024-05-19 13:31:42.145,OnTrack,-2341,-1652,789,pos,0 days 00:28:25.551000,0 days 01:24:02.159000
2024-05-19 13:31:42.345,OnTrack,-2568,-1665,790,pos,0 days 00:28:25.751000,0 days 01:24:02.359000
2024-05-19 13:31:42.645,OnTrack,-2747,-1672,791,pos,0 days 00:28:26.051000,0 days 01:24:02.659000
2024-05-19 13:31:42.845,OnTrack,-2912,-1676,792,pos,0 days 00:28:26.251000,0 days 01:24:02.859000
2024-05-19 13:31:43.005,OnTrack,-3044,-1681,792,pos,0 days 00:28:26.411000,0 days 01:24:03.019000
2024-05-19 13:31:43.185,OnTrack,-3193,-1686,793,pos,0 days 00:28:26.591000,0 days 01:24:03.199000
2024-05-19 13:31:43.424,OnTrack,-3393,-1693,794,pos,0 days 00:28:26.830000,0 days 01:24:03.438000
2024-05-19 13:31:43.744,OnTrack,-3659,-1694,795,pos,0 days 00:28:27.150000,0 days 01:24:03.758000
2024-05-19 13:31:43.904,OnTrack,-3792,-1686,795,pos,0 days 00:28:27.310000,0 days 01:24:03.918000
2024-05-19 13:31:44.024,OnTrack,-3892,-1676,796,pos,0 days 00:28:27.430000,0 days 01:24:04.038000
2024-05-19 13:31:44.244,OnTrack,-4077,-1648,797,pos,0 days 00:28:27.650000,0 days 01:24:04.258000
2024-05-19 13:31:44.485,OnTrack,-4278,-1608,798,pos,0 days 00:28:27.891000,0 days 01:24:04.499000
2024-05-19 13:31:44.745,OnTrack,-4495,-1559,799,pos,0 days 00:28:28.151000,0 days 01:24:04.759000
2024-05-19 13:31:44.885,OnTrack,-4612,-1531,800,pos,0 days 00:28:28.291000,0 days 01:24:04.899000
2024-05-19 13:31:45.105,OnTrack,-4794,-1486,801,pos,0 days 00:28:28.511000,0 days 01:24:05.119000
2024-05-19 13:31:45.445,OnTrack,-5143,-1400,804,pos,0 days 00:28:28.851000,0 days 01:24:05.459000
2024-05-19 13:31:45.845,OnTrack,-5411,-1338,806,pos,0 days 00:28:29.251000,0 days 01:24:05.859000
2024-05-19 13:31:46.045,OnTrack,-5579,-1303,808,pos,0 days 00:28:29.451000,0 days 01:24:06.059000
2024-05-19 13:31:46.265,OnTrack,-5901,-1256,811,pos,0 days 00:28:29.671000,0 days 01:24:06.279000
2024-05-19 13:31:46.485,OnTrack,-5970,-1249,811,pos,0 days 00:28:29.891000,0 days 01:24:06.499000
2024-05-19 13:31:46.705,OnTrack,-6159,-1237,813,pos,0 days 00:28:30.111000,0 days 01:24:06.719000
2024-05-19 13:31:47.085,OnTrack,-6610,-1229,815,pos,0 days 00:28:30.491000,0 days 01:24:07.099000
2024-05-19 13:31:47.485,OnTrack,-6904,-1233,816,pos,0 days 00:28:30.891000,0 days 01:24:07.499000
2024-05-19 13:31:47.865,OnTrack,-7162,-1242,817,pos,0 days 00:28:31.271000,0 days 01:24:07.879000
2024-05-19 13:31:47.945,OnTrack,-7231,-1246,817,pos,0 days 00:28:31.351000,0 days 01:24:07.959000
2024-05-19 13:31:48.225,OnTrack,-7573,-1274,818,pos,0 days 00:28:31.631000,0 days 01:24:08.239000
2024-05-19 13:31:48.645,OnTrack,-7828,-1302,818,pos,0 days 00:28:32.051000,0 days 01:24:08.659000
2024-05-19 13:31:48.825,OnTrack,-8022,-1325,818,pos,0 days 00:28:32.231000,0 days 01:24:08.839000
2024-05-19 13:31:49.045,OnTrack,-8221,-1351,818,pos,0 days 00:28:32.451000,0 days 01:24:09.059000
2024-05-19 13:31:49.345,OnTrack,-8473,-1385,819,pos,0 days 00:28:32.751000,0 days 01:24:09.359000
2024-05-19 13:31:49.585,OnTrack,-8791,-1429,819,pos,0 days 00:28:32.991000,0 days 01:24:09.599000
2024-05-19 13:31:49.924,OnTrack,-8958,-1454,819,pos,0 days 00:28:33.330000,0 days 01:24:09.938000
2024-05-19 13:31:50.204,OnTrack,-9236,-1504,819,pos,0 days 00:28:33.610000,0 days 01:24:10.218000
2024-05-19 13:31:50.624,OnTrack,-9613,-1611,819,pos,0 days 00:28:34.030000,0 days 01:24:10.638000
2024-05-19 13:31:50.945,OnTrack,-9733,-1649,818,pos,0 days 00:28:34.351000,0 days 01:24:10.959000
2024-05-19 13:31:51.105,OnTrack,-9832,-1680,818,pos,0 days 00:28:34.511000,0 days 01:24:11.119000
2024-05-19 13:31:51.365,OnTrack,-9976,-1725,819,pos,0 days 00:28:34.771000,0 days 01:24:11.379000
2024-05-19 13:31:52.145,OnTrack,-10300,-1868,818,pos,0 days 00:28:35.551000,0 days 01:24:12.159000
2024-05-19 13:31:52.385,OnTrack,-10356,-1946,818,pos,0 days 00:28:35.791000,0 days 01:24:12.399000
2024-05-19 13:31:52.625,OnTrack,-10393,-2042,818,pos,0 days 00:28:36.031000,0 days 01:24:12.639000
2024-05-19 13:31:52.865,OnTrack,-10435,-2192,819,pos,0 days 00:28:36.271000,0 days 01:24:12.879000
2024-05-19 13:31:53.225,OnTrack,-10471,-2285,819,pos,0 days 00:28:36.631000,0 days 01:24:13.239000
2024-05-19 13:31:53.545,OnTrack,-10584,-2441,818,pos,0 days 00:28:36.951000,0 days 01:24:13.559000
2024-05-19 13:31:53.885,OnTrack,-10660,-2507,818,pos,0 days 00:28:37.291000,0 days 01:24:13.899000
2024-05-19 13:31:54.105,OnTrack,-10744,-2565,819,pos,0 days 00:28:37.511000,0 days 01:24:14.119000
2024-05-19 13:31:54.205,OnTrack,-10784,-2590,819,pos,0 days 00:28:37.611000,0 days 01:24:14.219000
2024-05-19 13:31:54.545,OnTrack,-10922,-2672,820,pos,0 days 00:28:37.951000,0 days 01:24:14.559000
2024-05-19 13:31:54.745,OnTrack,-11007,-2721,821,pos,0 days 00:28:38.151000,0 days 01:24:14.759000
2024-05-19 13:31:55.005,OnTrack,-11141,-2799,822,pos,0 days 00:28:38.411000,0 days 01:24:15.019000
2024-05-19 13:31:55.365,OnTrack,-11289,-2887,824,pos,0 days 00:28:38.771000,0 days 01:24:15.379000
2024-05-19 13:31:55.585,OnTrack,-11451,-2993,824,pos,0 days 00:28:38.991000,0 days 01:24:15.599000
2024-05-19 13:31:55.985,OnTrack,-11575,-3100,825,pos,0 days 00:28:39.391000,0 days 01:24:15.999000
2024-05-19 13:31:56.205,OnTrack,-11693,-3252,825,pos,0 days 00:28:39.611000,0 days 01:24:16.219000
2024-05-19 13:31:56.584,OnTrack,-11767,-3393,826,pos,0 days 00:28:39.990000,0 days 01:24:16.598000
2024-05-19 13:31:56.864,OnTrack,-11845,-3585,827,pos,0 days 00:28:40.270000,0 days 01:24:16.878000
2024-05-19 13:31:57.104,OnTrack,-11891,-3708,827,pos,0 days 00:28:40.510000,0 days 01:24:17.118000
2024-05-19 13:31:57.344,OnTrack,-11947,-3858,828,pos,0 days 00:28:40.750000,0 days 01:24:17.358000
2024-05-19 13:31:57.605,OnTrack,-12038,-4101,829,pos,0 days 00:28:41.011000,0 days 01:24:17.619000
2024-05-19 13:31:58.105,OnTrack,-12132,-4350,830,pos,0 days 00:28:41.511000,0 days 01:24:18.119000
2024-05-19 13:31:58.185,OnTrack,-12152,-4403,830,pos,0 days 00:28:41.591000,0 days 01:24:18.199000
2024-05-19 13:31:58.365,OnTrack,-12198,-4524,830,pos,0 days 00:28:41.771000,0 days 01:24:18.379000
2024-05-19 13:31:58.545,OnTrack,-12244,-4646,830,pos,0 days 00:28:41.951000,0 days 01:24:18.559000
2024-05-19 13:31:58.805,OnTrack,-12310,-4824,831,pos,0 days 00:28:42.211000,0 days 01:24:18.819000
2024-05-19 13:31:59.045,OnTrack,-12373,-4991,831,pos,0 days 00:28:42.451000,0 days 01:24:19.059000
2024-05-19 13:31:59.285,OnTrack,-12436,-5159,832,pos,0 days 00:28:42.691000,0 days 01:24:19.299000
2024-05-19 13:31:59.485,OnTrack,-12489,-5301,832,pos,0 days 00:28:42.891000,0 days 01:24:19.499000
2024-05-19 13:31:59.645,OnTrack,-12532,-5415,832,pos,0 days 00:28:43.051000,0 days 01:24:19.659000
2024-05-19 13:31:59.805,OnTrack,-12575,-5530,833,pos,0 days 00:28:43.211000,0 days 01:24:19.819000
2024-05-19 13:31:59.965,OnTrack,-12619,-5646,833,pos,0 days 00:28:43.371000,0 days 01:24:19.979000
2024-05-19 13:32:00.285,OnTrack,-12706,-5879,833,pos,0 days 00:28:43.691000,0 days 01:24:20.299000
2024-05-19 13:32:00.525,OnTrack,-12774,-6056,834,pos,0 days 00:28:43.931000,0 days 01:24:20.539000
2024-05-19 13:32:00.605,OnTrack,-12796,-6114,834,pos,0 days 00:28:44.011000,0 days 01:24:20.619000
2024-05-19 13:32:00.925,OnTrack,-12892,-6350,835,pos,0 days 00:28:44.331000,0 days 01:24:20.939000
2024-05-19 13:32:01.105,OnTrack,-12947,-6481,835,pos,0 days 00:28:44.511000,0 days 01:24:21.119000
2024-05-19 13:32:01.305,OnTrack,-13009,-6627,836,pos,0 days 00:28:44.711000,0 days 01:24:21.319000
2024-05-19 13:32:01.405,OnTrack,-13039,-6699,836,pos,0 days 00:28:44.811000,0 days 01:24:21.419000
2024-05-19 13:32:01.665,OnTrack,-13110,-6880,836,pos,0 days 00:28:45.071000,0 days 01:24:21.679000
2024-05-19 13:32:01.925,OnTrack,-13161,-7114,838,pos,0 days 00:28:45.331000,0 days 01:24:21.939000
2024-05-19 13:32:02.225,OnTrack,-13161,-7242,838,pos,0 days 00:28:45.631000,0 days 01:24:22.239000
2024-05-19 13:32:02.585,OnTrack,-13112,-7534,840,pos,0 days 00:28:45.991000,0 days 01:24:22.599000
2024-05-19 13:32:02.945,OnTrack,-13079,-7670,841,pos,0 days 00:28:46.351000,0 days 01:24:22.959000
2024-05-19 13:32:03.104,OnTrack,-13059,-7755,842,pos,0 days 00:28:46.510000,0 days 01:24:23.118000
2024-05-19 13:32:03.284,OnTrack,-13040,-7844,843,pos,0 days 00:28:46.690000,0 days 01:24:23.298000
2024-05-19 13:32:03.444,OnTrack,-13028,-7919,843,pos,0 days 00:28:46.850000,0 days 01:24:23.458000
2024-05-19 13:32:03.804,OnTrack,-13042,-8106,844,pos,0 days 00:28:47.210000,0 days 01:24:23.818000
2024-05-19 13:32:04.245,OnTrack,-13125,-8238,846,pos,0 days 00:28:47.651000,0 days 01:24:24.259000
2024-05-19 13:32:04.425,OnTrack,-13187,-8296,847,pos,0 days 00:28:47.831000,0 days 01:24:24.439000
2024-05-19 13:32:04.525,OnTrack,-13223,-8328,847,pos,0 days 00:28:47.931000,0 days 01:24:24.539000
2024-05-19 13:32:04.725,OnTrack,-13295,-8391,848,pos,0 days 00:28:48.131000,0 days 01:24:24.739000
2024-05-19 13:32:04.965,OnTrack,-13382,-8465,849,pos,0 days 00:28:48.371000,0 days 01:24:24.979000
2024-05-19 13:32:05.165,OnTrack,-13456,-8528,850,pos,0 days 00:28:48.571000,0 days 01:24:25.179000
2024-05-19 13:32:05.505,OnTrack,-13587,-8639,852,pos,0 days 00:28:48.911000,0 days 01:24:25.519000
2024-05-19 13:32:05.665,OnTrack,-13684,-8722,853,pos,0 days 00:28:49.071000,0 days 01:24:25.679000
2024-05-19 13:32:05.945,OnTrack,-13768,-8792,855,pos,0 days 00:28:49.351000,0 days 01:24:25.959000
2024-05-19 13:32:06.205,OnTrack,-13849,-8860,856,pos,0 days 00:28:49.611000,0 days 01:24:26.219000
2024-05-19 13:32:06.445,OnTrack,-13956,-8950,858,pos,0 days 00:28:49.851000,0 days 01:24:26.459000
2024-05-19 13:32:06.725,OnTrack,-14096,-9082,862,pos,0 days 00:28:50.131000,0 days 01:24:26.739000
2024-05-19 13:32:06.905,OnTrack,-14238,-9221,868,pos,0 days 00:28:50.311000,0 days 01:24:26.919000
2024-05-19 13:32:07.265,OnTrack,-14336,-9319,872,pos,0 days 00:28:50.671000,0 days 01:24:27.279000
2024-05-19 13:32:07.505,OnTrack,-14443,-9425,877,pos,0 days 00:28:50.911000,0 days 01:24:27.519000
2024-05-19 13:32:07.705,OnTrack,-14532,-9508,882,pos,0 days 00:28:51.111000,0 days 01:24:27.719000
2024-05-19 13:32:07.885,OnTrack,-14606,-9577,885,pos,0 days 00:28:51.291000,0 days 01:24:27.899000
2024-05-19 13:32:08.165,OnTrack,-14705,-9674,889,pos,0 days 00:28:51.571000,0 days 01:24:28.179000
2024-05-19 13:32:08.405,OnTrack,-14777,-9750,893,pos,0 days 00:28:51.811000,0 days 01:24:28.419000
2024-05-19 13:32:08.565,OnTrack,-14817,-9800,895,pos,0 days 00:28:51.971000,0 days 01:24:28.579000
2024-05-19 13:32:08.805,OnTrack,-14871,-9886,898,pos,0 days 00:28:52.211000,0 days 01:24:28.819000
2024-05-19 13:32:09.085,OnTrack,-14901,-9961,901,pos,0 days 00:28:52.491000,0 days 01:24:29.099000
2024-05-19 13:32:09.265,OnTrack,-14913,-10016,902,pos,0 days 00:28:52.671000,0 days 01:24:29.279000
2024-05-19 13:32:09.604,OnTrack,-14910,-10117,907,pos,0 days 00:28:53.010000,0 days 01:24:29.618000
2024-05-19 13:32:09.684,OnTrack,-14905,-10139,908,pos,0 days 00:28:53.090000,0 days 01:24:29.698000
2024-05-19 13:32:10.024,OnTrack,-14844,-10250,914,pos,0 days 00:28:53.430000,0 days 01:24:30.038000
2024-05-19 13:32:10.344,OnTrack,-14807,-10287,918,pos,0 days 00:28:53.750000,0 days 01:24:30.358000
2024-05-19 13:32:10.685,OnTrack,-14704,-10353,923,pos,0 days 00:28:54.091000,0 days 01:24:30.699000
2024-05-19 13:32:10.925,OnTrack,-14680,-10363,924,pos,0 days 00:28:54.331000,0 days 01:24:30.939000
2024-05-19 13:32:11.145,OnTrack,-14626,-10379,927,pos,0 days 00:28:54.551000,0 days 01:24:31.159000
2024-05-19 13:32:11.385,OnTrack,-14523,-10394,933,pos,0 days 00:28:54.791000,0 days 01:24:31.399000
2024-05-19 13:32:11.825,OnTrack,-14435,-10395,937,pos,0 days 00:28:55.231000,0 days 01:24:31.839000
2024-05-19 13:32:12.105,OnTrack,-14335,-10387,942,pos,0 days 00:28:55.511000,0 days 01:24:32.119000
2024-05-19 13:32:12.445,OnTrack,-14262,-10378,946,pos,0 days 00:28:55.851000,0 days 01:24:32.459000
2024-05-19 13:32:12.725,OnTrack,-14157,-10361,950,pos,0 days 00:28:56.131000,0 days 01:24:32.739000
2024-05-19 13:32:12.865,OnTrack,-14100,-10351,952,pos,0 days 00:28:56.271000,0 days 01:24:32.879000
2024-05-19 13:32:13.025,OnTrack,-14032,-10338,955,pos,0 days 00:28:56.431000,0 days 01:24:33.039000
2024-05-19 13:32:13.345,OnTrack,-13889,-10309,962,pos,0 days 00:28:56.751000,0 days 01:24:33.359000
2024-05-19 13:32:13.505,OnTrack,-13813,-10293,965,pos,0 days 00:28:56.911000,0 days 01:24:33.519000
2024-05-19 13:32:13.725,OnTrack,-13704,-10271,970,pos,0 days 00:28:57.131000,0 days 01:24:33.739000
2024-05-19 13:32:13.965,OnTrack,-13527,-10236,978,pos,0 days 00:28:57.371000,0 days 01:24:33.979000
2024-05-19 13:32:14.265,OnTrack,-13417,-10217,982,pos,0 days 00:28:57.671000,0 days 01:24:34.279000
2024-05-19 13:32:14.465,OnTrack,-13305,-10197,986,pos,0 days 00:28:57.871000,0 days 01:24:34.479000
2024-05-19 13:32:14.825,OnTrack,-13095,-10160,993,pos,0 days 00:28:58.231000,0 days 01:24:34.839000
2024-05-19 13:32:14.885,OnTrack,-13059,-10153,995,pos,0 days 00:28:58.291000,0 days 01:24:34.899000
2024-05-19 13:32:15.065,OnTrack,-12949,-10135,998,pos,0 days 00:28:58.471000,0 days 01:24:35.079000
2024-05-19 13:32:15.345,OnTrack,-12774,-10109,1004,pos,0 days 00:28:58.751000,0 days 01:24:35.359000
2024-05-19 13:32:15.545,OnTrack,-12647,-10089,1008,pos,0 days 00:28:58.951000,0 days 01:24:35.559000
2024-05-19 13:32:15.865,OnTrack,-12438,-10059,1015,pos,0 days 00:28:59.271000,0 days 01:24:35.879000
2024-05-19 13:32:15.925,OnTrack,-12398,-10053,1017,pos,0 days 00:28:59.331000,0 days 01:24:35.939000
2024-05-19 13:32:16.204,OnTrack,-12209,-10027,1026,pos,0 days 00:28:59.610000,0 days 01:24:36.218000
2024-05-19 13:32:16.364,OnTrack,-12100,-10012,1032,pos,0 days 00:28:59.770000,0 days 01:24:36.378000
2024-05-19 13:32:16.604,OnTrack,-11814,-9975,1052,pos,0 days 00:29:00.010000,0 days 01:24:36.618000
2024-05-19 13:32:16.984,OnTrack,-11643,-9956,1063,pos,0 days 00:29:00.390000,0 days 01:24:36.998000
2024-05-19 13:32:17.164,OnTrack,-11515,-9943,1071,pos,0 days 00:29:00.570000,0 days 01:24:37.178000
2024-05-19 13:32:17.365,OnTrack,-11370,-9931,1080,pos,0 days 00:29:00.771000,0 days 01:24:37.379000
2024-05-19 13:32:17.665,OnTrack,-11151,-9920,1093,pos,0 days 00:29:01.071000,0 days 01:24:37.679000
2024-05-19 13:32:17.825,OnTrack,-11033,-9918,1100,pos,0 days 00:29:01.231000,0 days 01:24:37.839000
2024-05-19 13:32:18.045,OnTrack,-10870,-9919,1110,pos,0 days 00:29:01.451000,0 days 01:24:38.059000
2024-05-19 13:32:18.205,OnTrack,-10752,-9922,1115,pos,0 days 00:29:01.611000,0 days 01:24:38.219000
2024-05-19 13:32:18.525,OnTrack,-10514,-9938,1122,pos,0 days 00:29:01.931000,0 days 01:24:38.539000
2024-05-19 13:32:18.685,OnTrack,-10395,-9950,1122,pos,0 days 00:29:02.091000,0 days 01:24:38.699000
2024-05-19 13:32:18.985,OnTrack,-10096,-9984,1121,pos,0 days 00:29:02.391000,0 days 01:24:38.999000
2024-05-19 13:32:19.285,OnTrack,-9947,-10001,1120,pos,0 days 00:29:02.691000,0 days 01:24:39.299000
2024-05-19 13:32:19.625,OnTrack,-9693,-10030,1118,pos,0 days 00:29:03.031000,0 days 01:24:39.639000
2024-05-19 13:32:19.785,OnTrack,-9576,-10043,1117,pos,0 days 00:29:03.191000,0 days 01:24:39.799000
2024-05-19 13:32:19.985,OnTrack,-9370,-10064,1115,pos,0 days 00:29:03.391000,0 days 01:24:39.999000
2024-05-19 13:32:20.425,OnTrack,-9167,-10070,1114,pos,0 days 00:29:03.831000,0 days 01:24:40.439000
2024-05-19 13:32:20.605,OnTrack,-9067,-10062,1114,pos,0 days 00:29:04.011000,0 days 01:24:40.619000
2024-05-19 13:32:20.765,OnTrack,-8911,-10020,1114,pos,0 days 00:29:04.171000,0 days 01:24:40.779000
2024-05-19 13:32:21.065,OnTrack,-8834,-9982,1113,pos,0 days 00:29:04.471000,0 days 01:24:41.079000
2024-05-19 13:32:21.305,OnTrack,-8732,-9907,1110,pos,0 days 00:29:04.711000,0 days 01:24:41.319000
2024-05-19 13:32:21.645,OnTrack,-8613,-9767,1106,pos,0 days 00:29:05.051000,0 days 01:24:41.659000
2024-05-19 13:32:21.805,OnTrack,-8567,-9688,1103,pos,0 days 00:29:05.211000,0 days 01:24:41.819000
2024-05-19 13:32:22.005,OnTrack,-8514,-9585,1100,pos,0 days 00:29:05.411000,0 days 01:24:42.019000
2024-05-19 13:32:22.225,OnTrack,-8457,-9471,1097,pos,0 days 00:29:05.631000,0 days 01:24:42.239000
2024-05-19 13:32:22.385,OnTrack,-8417,-9388,1094,pos,0 days 00:29:05.791000,0 days 01:24:42.399000
2024-05-19 13:32:22.625,OnTrack,-8329,-9174,1086,pos,0 days 00:29:06.031000,0 days 01:24:42.639000
2024-05-19 13:32:22.924,OnTrack,-8299,-9079,1083,pos,0 days 00:29:06.330000,0 days 01:24:42.938000
2024-05-19 13:32:23.144,OnTrack,-8268,-8943,1078,pos,0 days 00:29:06.550000,0 days 01:24:43.158000
2024-05-19 13:32:23.404,OnTrack,-8245,-8776,1070,pos,0 days 00:29:06.810000,0 days 01:24:43.418000
2024-05-19 13:32:23.724,OnTrack,-8237,-8564,1058,pos,0 days 00:29:07.130000,0 days 01:24:43.738000
2024-05-19 13:32:23.945,OnTrack,-8245,-8415,1047,pos,0 days 00:29:07.351000,0 days 01:24:43.959000
2024-05-19 13:32:24.225,OnTrack,-8264,-8236,1033,pos,0 days 00:29:07.631000,0 days 01:24:44.239000
2024-05-19 13:32:24.445,OnTrack,-8305,-7984,1009,pos,0 days 00:29:07.851000,0 days 01:24:44.459000
2024-05-19 13:32:24.845,OnTrack,-8342,-7800,993,pos,0 days 00:29:08.251000,0 days 01:24:44.859000
2024-05-19 13:32:25.145,OnTrack,-8405,-7528,974,pos,0 days 00:29:08.551000,0 days 01:24:45.159000
2024-05-19 13:32:25.485,OnTrack,-8448,-7339,962,pos,0 days 00:29:08.891000,0 days 01:24:45.499000
2024-05-19 13:32:25.685,OnTrack,-8481,-7193,954,pos,0 days 00:29:09.091000,0 days 01:24:45.699000
2024-05-19 13:32:25.885,OnTrack,-8515,-7045,946,pos,0 days 00:29:09.291000,0 days 01:24:45.899000
2024-05-19 13:32:26.065,OnTrack,-8545,-6912,939,pos,0 days 00:29:09.471000,0 days 01:24:46.079000
2024-05-19 13:32:26.365,OnTrack,-8595,-6690,928,pos,0 days 00:29:09.771000,0 days 01:24:46.379000
2024-05-19 13:32:26.585,OnTrack,-8629,-6530,920,pos,0 days 00:29:09.991000,0 days 01:24:46.599000
2024-05-19 13:32:26.865,OnTrack,-8653,-6348,911,pos,0 days 00:29:10.271000,0 days 01:24:46.879000
2024-05-19 13:32:26.905,OnTrack,-8654,-6322,909,pos,0 days 00:29:10.311000,0 days 01:24:46.919000
2024-05-19 13:32:27.105,OnTrack,-8644,-6191,904,pos,0 days 00:29:10.511000,0 days 01:24:47.119000
2024-05-19 13:32:27.305,OnTrack,-8611,-6060,900,pos,0 days 00:29:10.711000,0 days 01:24:47.319000
2024-05-19 13:32:27.605,OnTrack,-8529,-5873,897,pos,0 days 00:29:11.011000,0 days 01:24:47.619000
2024-05-19 13:32:27.865,OnTrack,-8453,-5734,896,pos,0 days 00:29:11.271000,0 days 01:24:47.879000
2024-05-19 13:32:28.065,OnTrack,-8398,-5640,897,pos,0 days 00:29:11.471000,0 days 01:24:48.079000
2024-05-19 13:32:28.205,OnTrack,-8361,-5581,898,pos,0 days 00:29:11.611000,0 days 01:24:48.219000
2024-05-19 13:32:28.385,OnTrack,-8314,-5513,899,pos,0 days 00:29:11.791000,0 days 01:24:48.399000
2024-05-19 13:32:28.705,OnTrack,-8220,-5409,903,pos,0 days 00:29:12.111000,0 days 01:24:48.719000
2024-05-19 13:32:28.845,OnTrack,-8135,-5353,906,pos,0 days 00:29:12.251000,0 days 01:24:48.859000
2024-05-19 13:32:29.384,OnTrack,-7977,-5327,915,pos,0 days 00:29:12.790000,0 days 01:24:49.398000
2024-05-19 13:32:29.664,OnTrack,-7899,-5339,921,pos,0 days 00:29:13.070000,0 days 01:24:49.678000
2024-05-19 13:32:29.864,OnTrack,-7830,-5356,927,pos,0 days 00:29:13.270000,0 days 01:24:49.878000
2024-05-19 13:32:30.064,OnTrack,-7763,-5374,933,pos,0 days 00:29:13.470000,0 days 01:24:50.078000
2024-05-19 13:32:30.224,OnTrack,-7709,-5389,939,pos,0 days 00:29:13.630000,0 days 01:24:50.238000
2024-05-19 13:32:30.465,OnTrack,-7623,-5408,947,pos,0 days 00:29:13.871000,0 days 01:24:50.479000
2024-05-19 13:32:30.625,OnTrack,-7563,-5419,952,pos,0 days 00:29:14.031000,0 days 01:24:50.639000
2024-05-19 13:32:30.905,OnTrack,-7451,-5433,962,pos,0 days 00:29:14.311000,0 days 01:24:50.919000
2024-05-19 13:32:31.085,OnTrack,-7374,-5439,969,pos,0 days 00:29:14.491000,0 days 01:24:51.099000
2024-05-19 13:32:31.305,OnTrack,-7288,-5442,976,pos,0 days 00:29:14.711000,0 days 01:24:51.319000
2024-05-19 13:32:31.565,OnTrack,-7165,-5443,986,pos,0 days 00:29:14.971000,0 days 01:24:51.579000
2024-05-19 13:32:31.725,OnTrack,-7086,-5443,992,pos,0 days 00:29:15.131000,0 days 01:24:51.739000
2024-05-19 13:32:31.965,OnTrack,-6963,-5442,1000,pos,0 days 00:29:15.371000,0 days 01:24:51.979000
2024-05-19 13:32:32.165,OnTrack,-6857,-5441,1007,pos,0 days 00:29:15.571000,0 days 01:24:52.179000
2024-05-19 13:32:32.365,OnTrack,-6680,-5439,1016,pos,0 days 00:29:15.771000,0 days 01:24:52.379000
2024-05-19 13:32:32.725,OnTrack,-6542,-5438,1023,pos,0 days 00:29:16.131000,0 days 01:24:52.739000
2024-05-19 13:32:32.885,OnTrack,-6447,-5437,1026,pos,0 days 00:29:16.291000,0 days 01:24:52.899000
2024-05-19 13:32:33.125,OnTrack,-6301,-5436,1031,pos,0 days 00:29:16.531000,0 days 01:24:53.139000
2024-05-19 13:32:33.465,OnTrack,-6088,-5434,1037,pos,0 days 00:29:16.871000,0 days 01:24:53.479000
2024-05-19 13:32:33.645,OnTrack,-5972,-5433,1040,pos,0 days 00:29:17.051000,0 days 01:24:53.659000
2024-05-19 13:32:33.865,OnTrack,-5801,-5432,1045,pos,0 days 00:29:17.271000,0 days 01:24:53.879000
2024-05-19 13:32:34.125,OnTrack,-5655,-5431,1049,pos,0 days 00:29:17.531000,0 days 01:24:54.139000
2024-05-19 13:32:34.505,OnTrack,-5339,-5426,1058,pos,0 days 00:29:17.911000,0 days 01:24:54.519000
2024-05-19 13:32:34.745,OnTrack,-5226,-5423,1061,pos,0 days 00:29:18.151000,0 days 01:24:54.759000
2024-05-19 13:32:35.025,OnTrack,-5020,-5410,1068,pos,0 days 00:29:18.431000,0 days 01:24:55.039000
2024-05-19 13:32:35.165,OnTrack,-4919,-5401,1071,pos,0 days 00:29:18.571000,0 days 01:24:55.179000
2024-05-19 13:32:35.545,OnTrack,-4577,-5370,1079,pos,0 days 00:29:18.951000,0 days 01:24:55.559000
2024-05-19 13:32:35.865,OnTrack,-4419,-5357,1081,pos,0 days 00:29:19.271000,0 days 01:24:55.879000
2024-05-19 13:32:35.984,OnTrack,-4333,-5349,1082,pos,0 days 00:29:19.390000,0 days 01:24:55.998000
2024-05-19 13:32:36.344,OnTrack,-4075,-5328,1084,pos,0 days 00:29:19.750000,0 days 01:24:56.358000
2024-05-19 13:32:36.524,OnTrack,-3893,-5313,1086,pos,0 days 00:29:19.930000,0 days 01:24:56.538000
2024-05-19 13:32:36.844,OnTrack,-3740,-5301,1087,pos,0 days 00:29:20.250000,0 days 01:24:56.858000
2024-05-19 13:32:37.045,OnTrack,-3626,-5291,1087,pos,0 days 00:29:20.451000,0 days 01:24:57.059000
2024-05-19 13:32:37.285,OnTrack,-3503,-5282,1087,pos,0 days 00:29:20.691000,0 days 01:24:57.299000
2024-05-19 13:32:37.565,OnTrack,-3377,-5274,1089,pos,0 days 00:29:20.971000,0 days 01:24:57.579000
2024-05-19 13:32:37.745,OnTrack,-3304,-5273,1090,pos,0 days 00:29:21.151000,0 days 01:24:57.759000
2024-05-19 13:32:37.965,OnTrack,-3230,-5278,1092,pos,0 days 00:29:21.371000,0 days 01:24:57.979000
2024-05-19 13:32:38.165,OnTrack,-3138,-5321,1094,pos,0 days 00:29:21.571000,0 days 01:24:58.179000
2024-05-19 13:32:38.585,OnTrack,-3029,-5430,1096,pos,0 days 00:29:21.991000,0 days 01:24:58.599000
2024-05-19 13:32:39.025,OnTrack,-2939,-5513,1096,pos,0 days 00:29:22.431000,0 days 01:24:59.039000
2024-05-19 13:32:39.345,OnTrack,-2884,-5543,1096,pos,0 days 00:29:22.751000,0 days 01:24:59.359000
2024-05-19 13:32:39.545,OnTrack,-2830,-5560,1095,pos,0 days 00:29:22.951000,0 days 01:24:59.559000
2024-05-19 13:32:39.805,OnTrack,-2760,-5561,1094,pos,0 days 00:29:23.211000,0 days 01:24:59.819000
2024-05-19 13:32:40.005,OnTrack,-2705,-5551,1093,pos,0 days 00:29:23.411000,0 days 01:25:00.019000
2024-05-19 13:32:40.165,OnTrack,-2662,-5540,1092,pos,0 days 00:29:23.571000,0 days 01:25:00.179000
2024-05-19 13:32:40.405,OnTrack,-2598,-5520,1090,pos,0 days 00:29:23.811000,0 days 01:25:00.419000
2024-05-19 13:32:40.565,OnTrack,-2554,-5505,1089,pos,0 days 00:29:23.971000,0 days 01:25:00.579000
2024-05-19 13:32:40.865,OnTrack,-2444,-5460,1087,pos,0 days 00:29:24.271000,0 days 01:25:00.879000
2024-05-19 13:32:41.185,OnTrack,-2380,-5432,1085,pos,0 days 00:29:24.591000,0 days 01:25:01.199000
2024-05-19 13:32:41.385,OnTrack,-2319,-5402,1084,pos,0 days 00:29:24.791000,0 days 01:25:01.399000
2024-05-19 13:32:41.685,OnTrack,-2221,-5352,1081,pos,0 days 00:29:25.091000,0 days 01:25:01.699000
2024-05-19 13:32:41.885,OnTrack,-2150,-5315,1080,pos,0 days 00:29:25.291000,0 days 01:25:01.899000
2024-05-19 13:32:42.065,OnTrack,-2044,-5259,1077,pos,0 days 00:29:25.471000,0 days 01:25:02.079000
2024-05-19 13:32:42.425,OnTrack,-1937,-5203,1075,pos,0 days 00:29:25.831000,0 days 01:25:02.439000
2024-05-19 13:32:42.604,OnTrack,-1859,-5161,1074,pos,0 days 00:29:26.010000,0 days 01:25:02.618000
2024-05-19 13:32:42.884,OnTrack,-1683,-5071,1070,pos,0 days 00:29:26.290000,0 days 01:25:02.898000
2024-05-19 13:32:43.224,OnTrack,-1563,-5012,1068,pos,0 days 00:29:26.630000,0 days 01:25:03.238000
2024-05-19 13:32:43.404,OnTrack,-1470,-4969,1066,pos,0 days 00:29:26.810000,0 days 01:25:03.418000
2024-05-19 13:32:43.645,OnTrack,-1343,-4912,1064,pos,0 days 00:29:27.051000,0 days 01:25:03.659000
2024-05-19 13:32:43.845,OnTrack,-1236,-4862,1062,pos,0 days 00:29:27.251000,0 days 01:25:03.859000
2024-05-19 13:32:44.085,OnTrack,-1037,-4762,1058,pos,0 days 00:29:27.491000,0 days 01:25:04.099000
2024-05-19 13:32:44.525,OnTrack,-782,-4607,1052,pos,0 days 00:29:27.931000,0 days 01:25:04.539000
2024-05-19 13:32:44.825,OnTrack,-693,-4547,1049,pos,0 days 00:29:28.231000,0 days 01:25:04.839000
2024-05-19 13:32:45.085,OnTrack,-471,-4388,1043,pos,0 days 00:29:28.491000,0 days 01:25:05.099000
2024-05-19 13:32:45.565,OnTrack,-249,-4218,1035,pos,0 days 00:29:28.971000,0 days 01:25:05.579000
2024-05-19 13:32:45.945,OnTrack,-8,-4013,1029,pos,0 days 00:29:29.351000,0 days 01:25:05.959000
2024-05-19 13:32:46.385,OnTrack,190,-3819,1024,pos,0 days 00:29:29.791000,0 days 01:25:06.399000
2024-05-19 13:32:46.645,OnTrack,357,-3640,1018,pos,0 days 00:29:30.051000,0 days 01:25:06.659000
2024-05-19 13:32:46.885,OnTrack,448,-3539,1015,pos,0 days 00:29:30.291000,0 days 01:25:06.899000
2024-05-19 13:32:47.245,OnTrack,673,-3290,1003,pos,0 days 00:29:30.651000,0 days 01:25:07.259000
2024-05-19 13:32:47.545,OnTrack,787,-3163,996,pos,0 days 00:29:30.951000,0 days 01:25:07.559000
2024-05-19 13:32:47.865,OnTrack,1027,-2897,978,pos,0 days 00:29:31.271000,0 days 01:25:07.879000
2024-05-19 13:32:48.165,OnTrack,1112,-2804,970,pos,0 days 00:29:31.571000,0 days 01:25:08.179000
2024-05-19 13:32:48.325,OnTrack,1197,-2710,963,pos,0 days 00:29:31.731000,0 days 01:25:08.339000
2024-05-19 13:32:48.645,OnTrack,1428,-2467,941,pos,0 days 00:29:32.051000,0 days 01:25:08.659000
2024-05-19 13:32:49.124,OnTrack,1756,-2214,914,pos,0 days 00:29:32.530000,0 days 01:25:09.138000
2024-05-19 13:32:49.464,OnTrack,1912,-2132,901,pos,0 days 00:29:32.870000,0 days 01:25:09.478000
2024-05-19 13:32:49.624,OnTrack,2046,-2074,892,pos,0 days 00:29:33.030000,0 days 01:25:09.638000
2024-05-19 13:32:49.844,OnTrack,2319,-1966,871,pos,0 days 00:29:33.250000,0 days 01:25:09.858000
2024-05-19 13:32:50.265,OnTrack,2511,-1888,856,pos,0 days 00:29:33.671000,0 days 01:25:10.279000
2024-05-19 13:32:50.525,OnTrack,2668,-1824,844,pos,0 days 00:29:33.931000,0 days 01:25:10.539000
2024-05-19 13:32:50.725,OnTrack,2842,-1752,832,pos,0 days 00:29:34.131000,0 days 01:25:10.739000
2024-05-19 13:32:51.145,OnTrack,3018,-1666,821,pos,0 days 00:29:34.551000,0 days 01:25:11.159000
2024-05-19 13:32:51.445,OnTrack,3066,-1632,818,pos,0 days 00:29:34.851000,0 days 01:25:11.459000
2024-05-19 13:32:51.725,OnTrack,3130,-1562,813,pos,0 days 00:29:35.131000,0 days 01:25:11.739000
2024-05-19 13:32:52.005,OnTrack,3171,-1481,809,pos,0 days 00:29:35.411000,0 days 01:25:12.019000
2024-05-19 13:32:52.205,OnTrack,3188,-1400,806,pos,0 days 00:29:35.611000,0 days 01:25:12.219000
2024-05-19 13:32:52.605,OnTrack,3185,-1294,802,pos,0 days 00:29:36.011000,0 days 01:25:12.619000
2024-05-19 13:32:52.705,OnTrack,3180,-1264,801,pos,0 days 00:29:36.111000,0 days 01:25:12.719000
2024-05-19 13:32:53.025,OnTrack,3157,-1166,798,pos,0 days 00:29:36.431000,0 days 01:25:13.039000
2024-05-19 13:32:53.205,OnTrack,3130,-1078,796,pos,0 days 00:29:36.611000,0 days 01:25:13.219000
2024-05-19 13:32:53.545,OnTrack,3105,-1002,795,pos,0 days 00:29:36.951000,0 days 01:25:13.559000
2024-05-19 13:32:53.845,OnTrack,3061,-884,793,pos,0 days 00:29:37.251000,0 days 01:25:13.859000
2024-05-19 13:32:54.205,OnTrack,3008,-765,792,pos,0 days 00:29:37.611000,0 days 01:25:14.219000
2024-05-19 13:32:54.465,OnTrack,2954,-664,791,pos,0 days 00:29:37.871000,0 days 01:25:14.479000
2024-05-19 13:32:54.625,OnTrack,2916,-604,790,pos,0 days 00:29:38.031000,0 days 01:25:14.639000
2024-05-19 13:32:54.885,OnTrack,2807,-481,788,pos,0 days 00:29:38.291000,0 days 01:25:14.899000
2024-05-19 13:32:55.105,OnTrack,2782,-462,788,pos,0 days 00:29:38.511000,0 days 01:25:15.119000
2024-05-19 13:32:55.405,OnTrack,2681,-405,787,pos,0 days 00:29:38.811000,0 days 01:25:15.419000
2024-05-19 13:32:55.585,OnTrack,2616,-383,787,pos,0 days 00:29:38.991000,0 days 01:25:15.599000
2024-05-19 13:32:55.864,OnTrack,2514,-364,786,pos,0 days 00:29:39.270000,0 days 01:25:15.878000
2024-05-19 13:32:56.064,OnTrack,2404,-359,786,pos,0 days 00:29:39.470000,0 days 01:25:16.078000
2024-05-19 13:32:56.384,OnTrack,2321,-366,785,pos,0 days 00:29:39.790000,0 days 01:25:16.398000
2024-05-19 13:32:56.564,OnTrack,2253,-378,784,pos,0 days 00:29:39.970000,0 days 01:25:16.578000
2024-05-19 13:32:56.785,OnTrack,2168,-402,783,pos,0 days 00:29:40.191000,0 days 01:25:16.799000
2024-05-19 13:32:56.965,OnTrack,2098,-428,783,pos,0 days 00:29:40.371000,0 days 01:25:16.979000
2024-05-19 13:32:57.245,OnTrack,1986,-479,781,pos,0 days 00:29:40.651000,0 days 01:25:17.259000
2024-05-19 13:32:57.465,OnTrack,1893,-522,781,pos,0 days 00:29:40.871000,0 days 01:25:17.479000
2024-05-19 13:32:57.685,OnTrack,1796,-567,780,pos,0 days 00:29:41.091000,0 days 01:25:17.699000
2024-05-19 13:32:57.945,OnTrack,1674,-622,778,pos,0 days 00:29:41.351000,0 days 01:25:17.959000
2024-05-19 13:32:58.105,OnTrack,1527,-689,778,pos,0 days 00:29:41.511000,0 days 01:25:18.119000
2024-05-19 13:32:58.505,OnTrack,1340,-774,778,pos,0 days 00:29:41.911000,0 days 01:25:18.519000
2024-05-19 13:32:58.965,OnTrack,1144,-862,778,pos,0 days 00:29:42.371000,0 days 01:25:18.979000
2024-05-19 13:32:59.125,OnTrack,1054,-903,778,pos,0 days 00:29:42.531000,0 days 01:25:19.139000
2024-05-19 13:32:59.305,OnTrack,951,-950,778,pos,0 days 00:29:42.711000,0 days 01:25:19.319000
2024-05-19 13:32:59.545,OnTrack,810,-1011,779,pos,0 days 00:29:42.951000,0 days 01:25:19.559000
2024-05-19 13:32:59.765,OnTrack,676,-1067,779,pos,0 days 00:29:43.171000,0 days 01:25:19.779000
2024-05-19 13:33:00.025,OnTrack,527,-1130,780,pos,0 days 00:29:43.431000,0 days 01:25:20.039000
2024-05-19 13:33:00.185,OnTrack,427,-1172,780,pos,0 days 00:29:43.591000,0 days 01:25:20.199000
2024-05-19 13:33:00.445,OnTrack,221,-1258,781,pos,0 days 00:29:43.851000,0 days 01:25:20.459000
2024-05-19 13:33:00.825,OnTrack,12,-1346,781,pos,0 days 00:29:44.231000,0 days 01:25:20.839000
2024-05-19 13:33:01.005,OnTrack,-107,-1394,781,pos,0 days 00:29:44.411000,0 days 01:25:21.019000
2024-05-19 13:33:01.205,OnTrack,-312,-1467,782,pos,0 days 00:29:44.611000,0 days 01:25:21.219000
2024-05-19 13:33:01.545,OnTrack,-482,-1516,783,pos,0 days 00:29:44.951000,0 days 01:25:21.559000
2024-05-19 13:33:01.805,OnTrack,-760,-1567,783,pos,0 days 00:29:45.211000,0 days 01:25:21.819000
2024-05-19 13:33:02.225,OnTrack,-1032,-1586,784,pos,0 days 00:29:45.631000,0 days 01:25:22.239000
2024-05-19 13:33:02.464,OnTrack,-1218,-1592,784,pos,0 days 00:29:45.870000,0 days 01:25:22.478000
2024-05-19 13:33:02.624,OnTrack,-1343,-1595,785,pos,0 days 00:29:46.030000,0 days 01:25:22.638000
2024-05-19 13:33:02.784,OnTrack,-1468,-1603,786,pos,0 days 00:29:46.190000,0 days 01:25:22.798000
2024-05-19 13:33:03.024,OnTrack,-1656,-1614,786,pos,0 days 00:29:46.430000,0 days 01:25:23.038000
2024-05-19 13:33:03.224,OnTrack,-1814,-1623,787,pos,0 days 00:29:46.630000,0 days 01:25:23.238000
2024-05-19 13:33:03.505,OnTrack,-2085,-1638,788,pos,0 days 00:29:46.911000,0 days 01:25:23.519000
2024-05-19 13:33:03.945,OnTrack,-2439,-1658,790,pos,0 days 00:29:47.351000,0 days 01:25:23.959000
2024-05-19 13:33:04.225,OnTrack,-2617,-1667,791,pos,0 days 00:29:47.631000,0 days 01:25:24.239000
2024-05-19 13:33:04.545,OnTrack,-2928,-1677,792,pos,0 days 00:29:47.951000,0 days 01:25:24.559000
2024-05-19 13:33:04.825,OnTrack,-3110,-1683,793,pos,0 days 00:29:48.231000,0 days 01:25:24.839000
2024-05-19 13:33:05.105,OnTrack,-3342,-1692,793,pos,0 days 00:29:48.511000,0 days 01:25:25.119000
2024-05-19 13:33:05.345,OnTrack,-3657,-1694,795,pos,0 days 00:29:48.751000,0 days 01:25:25.359000
2024-05-19 13:33:05.785,OnTrack,-3907,-1674,796,pos,0 days 00:29:49.191000,0 days 01:25:25.799000
2024-05-19 13:33:05.825,OnTrack,-3940,-1669,796,pos,0 days 00:29:49.231000,0 days 01:25:25.839000
2024-05-19 13:33:06.105,OnTrack,-4275,-1609,798,pos,0 days 00:29:49.511000,0 days 01:25:26.119000
2024-05-19 13:33:06.445,OnTrack,-4458,-1568,799,pos,0 days 00:29:49.851000,0 days 01:25:26.459000
2024-05-19 13:33:06.745,OnTrack,-4707,-1508,801,pos,0 days 00:29:50.151000,0 days 01:25:26.759000
2024-05-19 13:33:07.005,OnTrack,-5022,-1430,803,pos,0 days 00:29:50.411000,0 days 01:25:27.019000
2024-05-19 13:33:07.265,OnTrack,-5138,-1402,804,pos,0 days 00:29:50.671000,0 days 01:25:27.279000
2024-05-19 13:33:07.545,OnTrack,-5372,-1347,806,pos,0 days 00:29:50.951000,0 days 01:25:27.559000
2024-05-19 13:33:07.785,OnTrack,-5573,-1305,808,pos,0 days 00:29:51.191000,0 days 01:25:27.799000
2024-05-19 13:33:08.025,OnTrack,-5898,-1256,811,pos,0 days 00:29:51.431000,0 days 01:25:28.039000
2024-05-19 13:33:08.325,OnTrack,-6071,-1242,812,pos,0 days 00:29:51.731000,0 days 01:25:28.339000
2024-05-19 13:33:08.505,OnTrack,-6226,-1234,814,pos,0 days 00:29:51.911000,0 days 01:25:28.519000
2024-05-19 13:33:08.705,OnTrack,-6399,-1230,814,pos,0 days 00:29:52.111000,0 days 01:25:28.719000
2024-05-19 13:33:08.884,OnTrack,-6555,-1229,815,pos,0 days 00:29:52.290000,0 days 01:25:28.898000
2024-05-19 13:33:09.264,OnTrack,-6899,-1233,816,pos,0 days 00:29:52.670000,0 days 01:25:29.278000
2024-05-19 13:33:09.644,OnTrack,-7326,-1253,818,pos,0 days 00:29:53.050000,0 days 01:25:29.658000
2024-05-19 13:33:09.965,OnTrack,-7480,-1265,818,pos,0 days 00:29:53.371000,0 days 01:25:29.979000
2024-05-19 13:33:10.225,OnTrack,-7768,-1295,818,pos,0 days 00:29:53.631000,0 days 01:25:30.239000
2024-05-19 13:33:10.665,OnTrack,-8180,-1346,818,pos,0 days 00:29:54.071000,0 days 01:25:30.679000
2024-05-19 13:33:10.985,OnTrack,-8348,-1368,819,pos,0 days 00:29:54.391000,0 days 01:25:30.999000
2024-05-19 13:33:11.165,OnTrack,-8498,-1389,819,pos,0 days 00:29:54.571000,0 days 01:25:31.179000
2024-05-19 13:33:11.405,OnTrack,-8698,-1416,819,pos,0 days 00:29:54.811000,0 days 01:25:31.419000
2024-05-19 13:33:11.645,OnTrack,-9013,-1462,819,pos,0 days 00:29:55.051000,0 days 01:25:31.659000
2024-05-19 13:33:12.085,OnTrack,-9257,-1509,819,pos,0 days 00:29:55.491000,0 days 01:25:32.099000
2024-05-19 13:33:12.285,OnTrack,-9414,-1549,819,pos,0 days 00:29:55.691000,0 days 01:25:32.299000
2024-05-19 13:33:12.525,OnTrack,-9593,-1605,819,pos,0 days 00:29:55.931000,0 days 01:25:32.539000
2024-05-19 13:33:12.765,OnTrack,-9824,-1678,818,pos,0 days 00:29:56.171000,0 days 01:25:32.779000
2024-05-19 13:33:13.045,OnTrack,-9939,-1714,818,pos,0 days 00:29:56.451000,0 days 01:25:33.059000
2024-05-19 13:33:13.205,OnTrack,-10021,-1739,819,pos,0 days 00:29:56.611000,0 days 01:25:33.219000
2024-05-19 13:33:13.445,OnTrack,-10124,-1771,818,pos,0 days 00:29:56.851000,0 days 01:25:33.459000
2024-05-19 13:33:13.645,OnTrack,-10174,-1789,818,pos,0 days 00:29:57.051000,0 days 01:25:33.659000
2024-05-19 13:33:13.945,OnTrack,-10278,-1848,818,pos,0 days 00:29:57.351000,0 days 01:25:33.959000
2024-05-19 13:33:14.125,OnTrack,-10326,-1899,818,pos,0 days 00:29:57.531000,0 days 01:25:34.139000
2024-05-19 13:33:14.305,OnTrack,-10363,-1961,818,pos,0 days 00:29:57.711000,0 days 01:25:34.319000
2024-05-19 13:33:14.485,OnTrack,-10390,-2032,818,pos,0 days 00:29:57.891000,0 days 01:25:34.499000
2024-05-19 13:33:14.705,OnTrack,-10415,-2125,819,pos,0 days 00:29:58.111000,0 days 01:25:34.719000
2024-05-19 13:33:14.925,OnTrack,-10442,-2214,819,pos,0 days 00:29:58.331000,0 days 01:25:34.939000
2024-05-19 13:33:15.125,OnTrack,-10475,-2293,819,pos,0 days 00:29:58.531000,0 days 01:25:35.139000
2024-05-19 13:33:15.345,OnTrack,-10526,-2376,818,pos,0 days 00:29:58.751000,0 days 01:25:35.359000
2024-05-19 13:33:15.504,OnTrack,-10573,-2431,818,pos,0 days 00:29:58.910000,0 days 01:25:35.518000
2024-05-19 13:33:15.844,OnTrack,-10697,-2534,819,pos,0 days 00:29:59.250000,0 days 01:25:35.858000
2024-05-19 13:33:16.064,OnTrack,-10787,-2592,819,pos,0 days 00:29:59.470000,0 days 01:25:36.078000
2024-05-19 13:33:16.104,OnTrack,-10803,-2602,820,pos,0 days 00:29:59.510000,0 days 01:25:36.118000
2024-05-19 13:33:16.384,OnTrack,-10923,-2673,820,pos,0 days 00:29:59.790000,0 days 01:25:36.398000
2024-05-19 13:33:16.645,OnTrack,-11040,-2740,821,pos,0 days 00:30:00.051000,0 days 01:25:36.659000
2024-05-19 13:33:16.845,OnTrack,-11132,-2794,822,pos,0 days 00:30:00.251000,0 days 01:25:36.859000
2024-05-19 13:33:17.085,OnTrack,-11247,-2861,823,pos,0 days 00:30:00.491000,0 days 01:25:37.099000
2024-05-19 13:33:17.225,OnTrack,-11315,-2902,824,pos,0 days 00:30:00.631000,0 days 01:25:37.239000
2024-05-19 13:33:17.485,OnTrack,-11461,-3001,824,pos,0 days 00:30:00.891000,0 days 01:25:37.499000
2024-05-19 13:33:17.745,OnTrack,-11561,-3085,825,pos,0 days 00:30:01.151000,0 days 01:25:37.759000
2024-05-19 13:33:18.065,OnTrack,-11684,-3236,825,pos,0 days 00:30:01.471000,0 days 01:25:38.079000
2024-05-19 13:33:18.325,OnTrack,-11761,-3380,826,pos,0 days 00:30:01.731000,0 days 01:25:38.339000
2024-05-19 13:33:18.485,OnTrack,-11831,-3548,827,pos,0 days 00:30:01.891000,0 days 01:25:38.499000
2024-05-19 13:33:18.785,OnTrack,-11873,-3659,827,pos,0 days 00:30:02.191000,0 days 01:25:38.799000
2024-05-19 13:33:19.125,OnTrack,-11952,-3871,828,pos,0 days 00:30:02.531000,0 days 01:25:39.139000
2024-05-19 13:33:19.305,OnTrack,-12015,-4037,828,pos,0 days 00:30:02.711000,0 days 01:25:39.319000
2024-05-19 13:33:19.765,OnTrack,-12108,-4286,829,pos,0 days 00:30:03.171000,0 days 01:25:39.779000
2024-05-19 13:33:19.965,OnTrack,-12183,-4486,830,pos,0 days 00:30:03.371000,0 days 01:25:39.979000
2024-05-19 13:33:20.385,OnTrack,-12301,-4800,831,pos,0 days 00:30:03.791000,0 days 01:25:40.399000
2024-05-19 13:33:20.685,OnTrack,-12343,-4910,831,pos,0 days 00:30:04.091000,0 days 01:25:40.699000
2024-05-19 13:33:20.845,OnTrack,-12385,-5022,831,pos,0 days 00:30:04.251000,0 days 01:25:40.859000
2024-05-19 13:33:21.125,OnTrack,-12486,-5291,832,pos,0 days 00:30:04.531000,0 days 01:25:41.139000
2024-05-19 13:33:21.545,OnTrack,-12605,-5608,833,pos,0 days 00:30:04.951000,0 days 01:25:41.559000
2024-05-19 13:33:21.845,OnTrack,-12654,-5739,833,pos,0 days 00:30:05.251000,0 days 01:25:41.859000
2024-05-19 13:33:22.044,OnTrack,-12709,-5886,833,pos,0 days 00:30:05.450000,0 days 01:25:42.058000
2024-05-19 13:33:22.364,OnTrack,-12800,-6122,834,pos,0 days 00:30:05.770000,0 days 01:25:42.378000
2024-05-19 13:33:22.624,OnTrack,-12877,-6314,835,pos,0 days 00:30:06.030000,0 days 01:25:42.638000
2024-05-19 13:33:22.824,OnTrack,-12963,-6519,835,pos,0 days 00:30:06.230000,0 days 01:25:42.838000
2024-05-19 13:33:23.225,OnTrack,-13060,-6750,836,pos,0 days 00:30:06.631000,0 days 01:25:43.239000
2024-05-19 13:33:23.285,OnTrack,-13077,-6792,836,pos,0 days 00:30:06.691000,0 days 01:25:43.299000
2024-05-19 13:33:23.605,OnTrack,-13145,-7006,837,pos,0 days 00:30:07.011000,0 days 01:25:43.619000
2024-05-19 13:33:23.765,OnTrack,-13163,-7200,838,pos,0 days 00:30:07.171000,0 days 01:25:43.779000
2024-05-19 13:33:24.245,OnTrack,-13138,-7414,840,pos,0 days 00:30:07.651000,0 days 01:25:44.259000
2024-05-19 13:33:24.365,OnTrack,-13104,-7569,840,pos,0 days 00:30:07.771000,0 days 01:25:44.379000
2024-05-19 13:33:24.745,OnTrack,-13072,-7702,841,pos,0 days 00:30:08.151000,0 days 01:25:44.759000
2024-05-19 13:33:24.925,OnTrack,-13051,-7792,842,pos,0 days 00:30:08.331000,0 days 01:25:44.939000
2024-05-19 13:33:25.225,OnTrack,-13026,-7931,843,pos,0 days 00:30:08.631000,0 days 01:25:45.239000
2024-05-19 13:33:25.525,OnTrack,-13043,-8106,844,pos,0 days 00:30:08.931000,0 days 01:25:45.539000
2024-05-19 13:33:25.845,OnTrack,-13112,-8223,846,pos,0 days 00:30:09.251000,0 days 01:25:45.859000
2024-05-19 13:33:26.265,OnTrack,-13213,-8319,847,pos,0 days 00:30:09.671000,0 days 01:25:46.279000
2024-05-19 13:33:26.385,OnTrack,-13256,-8357,848,pos,0 days 00:30:09.791000,0 days 01:25:46.399000
2024-05-19 13:33:26.585,OnTrack,-13327,-8419,848,pos,0 days 00:30:09.991000,0 days 01:25:46.599000
2024-05-19 13:33:26.785,OnTrack,-13401,-8481,849,pos,0 days 00:30:10.191000,0 days 01:25:46.799000
2024-05-19 13:33:27.005,OnTrack,-13485,-8553,851,pos,0 days 00:30:10.411000,0 days 01:25:47.019000
2024-05-19 13:33:27.365,OnTrack,-13629,-8674,852,pos,0 days 00:30:10.771000,0 days 01:25:47.379000
2024-05-19 13:33:27.425,OnTrack,-13653,-8695,853,pos,0 days 00:30:10.831000,0 days 01:25:47.439000
2024-05-19 13:33:27.725,OnTrack,-13779,-8801,855,pos,0 days 00:30:11.131000,0 days 01:25:47.739000
2024-05-19 13:33:27.905,OnTrack,-13912,-8912,857,pos,0 days 00:30:11.311000,0 days 01:25:47.919000
2024-05-19 13:33:28.325,OnTrack,-14038,-9025,861,pos,0 days 00:30:11.731000,0 days 01:25:48.339000
2024-05-19 13:33:28.565,OnTrack,-14178,-9162,865,pos,0 days 00:30:11.971000,0 days 01:25:48.579000
2024-05-19 13:33:28.924,OnTrack,-14301,-9284,871,pos,0 days 00:30:12.330000,0 days 01:25:48.938000
2024-05-19 13:33:29.124,OnTrack,-14390,-9372,875,pos,0 days 00:30:12.530000,0 days 01:25:49.138000
2024-05-19 13:33:29.304,OnTrack,-14470,-9451,879,pos,0 days 00:30:12.710000,0 days 01:25:49.318000
2024-05-19 13:33:29.464,OnTrack,-14541,-9517,882,pos,0 days 00:30:12.870000,0 days 01:25:49.478000
2024-05-19 13:33:29.725,OnTrack,-14646,-9615,886,pos,0 days 00:30:13.131000,0 days 01:25:49.739000
2024-05-19 13:33:29.945,OnTrack,-14724,-9693,890,pos,0 days 00:30:13.351000,0 days 01:25:49.959000
2024-05-19 13:33:30.165,OnTrack,-14790,-9765,893,pos,0 days 00:30:13.571000,0 days 01:25:50.179000
2024-05-19 13:33:30.405,OnTrack,-14847,-9843,897,pos,0 days 00:30:13.811000,0 days 01:25:50.419000
2024-05-19 13:33:30.565,OnTrack,-14875,-9894,899,pos,0 days 00:30:13.971000,0 days 01:25:50.579000
2024-05-19 13:33:30.725,OnTrack,-14896,-9945,900,pos,0 days 00:30:14.131000,0 days 01:25:50.739000
2024-05-19 13:33:31.005,OnTrack,-14915,-10068,905,pos,0 days 00:30:14.411000,0 days 01:25:51.019000
2024-05-19 13:33:31.385,OnTrack,-14903,-10144,908,pos,0 days 00:30:14.791000,0 days 01:25:51.399000
2024-05-19 13:33:31.645,OnTrack,-14873,-10211,912,pos,0 days 00:30:15.051000,0 days 01:25:51.659000
2024-05-19 13:33:31.865,OnTrack,-14837,-10259,915,pos,0 days 00:30:15.271000,0 days 01:25:51.879000
2024-05-19 13:33:32.785,OnTrack,-14621,-10380,927,pos,0 days 00:30:16.191000,0 days 01:25:52.799000
2024-05-19 13:33:33.125,OnTrack,-14556,-10391,930,pos,0 days 00:30:16.531000,0 days 01:25:53.139000
2024-05-19 13:33:33.425,OnTrack,-14474,-10395,935,pos,0 days 00:30:16.831000,0 days 01:25:53.439000
2024-05-19 13:33:33.505,OnTrack,-14452,-10395,936,pos,0 days 00:30:16.911000,0 days 01:25:53.519000
2024-05-19 13:33:33.685,OnTrack,-14399,-10393,939,pos,0 days 00:30:17.091000,0 days 01:25:53.699000
2024-05-19 13:33:33.925,OnTrack,-14327,-10386,942,pos,0 days 00:30:17.331000,0 days 01:25:53.939000
2024-05-19 13:33:34.225,OnTrack,-14226,-10372,947,pos,0 days 00:30:17.631000,0 days 01:25:54.239000
2024-05-19 13:33:34.445,OnTrack,-14122,-10355,952,pos,0 days 00:30:17.851000,0 days 01:25:54.459000
2024-05-19 13:33:34.785,OnTrack,-14009,-10333,956,pos,0 days 00:30:18.191000,0 days 01:25:54.799000
2024-05-19 13:33:34.945,OnTrack,-13940,-10320,960,pos,0 days 00:30:18.351000,0 days 01:25:54.959000
2024-05-19 13:33:35.284,OnTrack,-13785,-10288,967,pos,0 days 00:30:18.690000,0 days 01:25:55.298000
2024-05-19 13:33:35.464,OnTrack,-13698,-10270,970,pos,0 days 00:30:18.870000,0 days 01:25:55.478000
2024-05-19 13:33:35.644,OnTrack,-13609,-10252,974,pos,0 days 00:30:19.050000,0 days 01:25:55.658000
2024-05-19 13:33:35.944,OnTrack,-13408,-10215,982,pos,0 days 00:30:19.350000,0 days 01:25:55.958000
2024-05-19 13:33:36.205,OnTrack,-13309,-10198,986,pos,0 days 00:30:19.611000,0 days 01:25:56.219000
2024-05-19 13:33:36.565,OnTrack,-13102,-10161,993,pos,0 days 00:30:19.971000,0 days 01:25:56.579000
2024-05-19 13:33:36.705,OnTrack,-13019,-10147,996,pos,0 days 00:30:20.111000,0 days 01:25:56.719000
2024-05-19 13:33:36.945,OnTrack,-12873,-10124,1000,pos,0 days 00:30:20.351000,0 days 01:25:56.959000
2024-05-19 13:33:37.165,OnTrack,-12648,-10089,1008,pos,0 days 00:30:20.571000,0 days 01:25:57.179000
2024-05-19 13:33:37.485,OnTrack,-12532,-10072,1012,pos,0 days 00:30:20.891000,0 days 01:25:57.499000
2024-05-19 13:33:37.785,OnTrack,-12334,-10045,1019,pos,0 days 00:30:21.191000,0 days 01:25:57.799000
2024-05-19 13:33:38.025,OnTrack,-12091,-10011,1033,pos,0 days 00:30:21.431000,0 days 01:25:58.039000
2024-05-19 13:33:38.325,OnTrack,-11967,-9994,1041,pos,0 days 00:30:21.731000,0 days 01:25:58.339000
2024-05-19 13:33:38.585,OnTrack,-11830,-9977,1050,pos,0 days 00:30:21.991000,0 days 01:25:58.599000
2024-05-19 13:33:38.865,OnTrack,-11631,-9955,1063,pos,0 days 00:30:22.271000,0 days 01:25:58.879000
2024-05-19 13:33:39.025,OnTrack,-11517,-9943,1070,pos,0 days 00:30:22.431000,0 days 01:25:59.039000
2024-05-19 13:33:39.205,OnTrack,-11285,-9926,1085,pos,0 days 00:30:22.611000,0 days 01:25:59.219000
2024-05-19 13:33:39.565,OnTrack,-11124,-9920,1095,pos,0 days 00:30:22.971000,0 days 01:25:59.579000
2024-05-19 13:33:39.885,OnTrack,-10800,-9921,1113,pos,0 days 00:30:23.291000,0 days 01:25:59.899000
2024-05-19 13:33:40.225,OnTrack,-10637,-9929,1119,pos,0 days 00:30:23.631000,0 days 01:26:00.239000
2024-05-19 13:33:40.425,OnTrack,-10488,-9941,1122,pos,0 days 00:30:23.831000,0 days 01:26:00.439000
2024-05-19 13:33:40.585,OnTrack,-10369,-9953,1122,pos,0 days 00:30:23.991000,0 days 01:26:00.599000
2024-05-19 13:33:40.765,OnTrack,-10235,-9968,1122,pos,0 days 00:30:24.171000,0 days 01:26:00.779000
2024-05-19 13:33:41.025,OnTrack,-10041,-9990,1121,pos,0 days 00:30:24.431000,0 days 01:26:01.039000
2024-05-19 13:33:41.225,OnTrack,-9892,-10007,1119,pos,0 days 00:30:24.631000,0 days 01:26:01.239000
2024-05-19 13:33:41.485,OnTrack,-9698,-10030,1118,pos,0 days 00:30:24.891000,0 days 01:26:01.499000
2024-05-19 13:33:41.645,OnTrack,-9580,-10043,1117,pos,0 days 00:30:25.051000,0 days 01:26:01.659000
2024-05-19 13:33:41.804,OnTrack,-9465,-10055,1116,pos,0 days 00:30:25.210000,0 days 01:26:01.818000
2024-05-19 13:33:42.124,OnTrack,-9207,-10071,1114,pos,0 days 00:30:25.530000,0 days 01:26:02.138000
2024-05-19 13:33:42.444,OnTrack,-9070,-10062,1114,pos,0 days 00:30:25.850000,0 days 01:26:02.458000
2024-05-19 13:33:42.745,OnTrack,-8910,-10019,1114,pos,0 days 00:30:26.151000,0 days 01:26:02.759000
2024-05-19 13:33:42.825,OnTrack,-8871,-10001,1114,pos,0 days 00:30:26.231000,0 days 01:26:02.839000
2024-05-19 13:33:43.225,OnTrack,-8669,-9843,1108,pos,0 days 00:30:26.631000,0 days 01:26:03.239000
2024-05-19 13:33:43.585,OnTrack,-8583,-9716,1104,pos,0 days 00:30:26.991000,0 days 01:26:03.599000
2024-05-19 13:33:43.745,OnTrack,-8540,-9636,1102,pos,0 days 00:30:27.151000,0 days 01:26:03.759000
2024-05-19 13:33:43.945,OnTrack,-8488,-9534,1099,pos,0 days 00:30:27.351000,0 days 01:26:03.959000
2024-05-19 13:33:44.185,OnTrack,-8392,-9334,1092,pos,0 days 00:30:27.591000,0 days 01:26:04.199000
2024-05-19 13:33:44.565,OnTrack,-8338,-9200,1087,pos,0 days 00:30:27.971000,0 days 01:26:04.579000
2024-05-19 13:33:44.765,OnTrack,-8300,-9083,1083,pos,0 days 00:30:28.171000,0 days 01:26:04.779000
2024-05-19 13:33:45.065,OnTrack,-8260,-8898,1076,pos,0 days 00:30:28.471000,0 days 01:26:05.079000
2024-05-19 13:33:45.265,OnTrack,-8244,-8770,1070,pos,0 days 00:30:28.671000,0 days 01:26:05.279000
2024-05-19 13:33:45.445,OnTrack,-8237,-8586,1059,pos,0 days 00:30:28.851000,0 days 01:26:05.459000
2024-05-19 13:33:45.745,OnTrack,-8242,-8451,1050,pos,0 days 00:30:29.151000,0 days 01:26:05.759000
2024-05-19 13:33:46.045,OnTrack,-8273,-8175,1027,pos,0 days 00:30:29.451000,0 days 01:26:06.059000
2024-05-19 13:33:46.445,OnTrack,-8305,-7980,1009,pos,0 days 00:30:29.851000,0 days 01:26:06.459000
2024-05-19 13:33:46.685,OnTrack,-8359,-7728,988,pos,0 days 00:30:30.091000,0 days 01:26:06.699000
2024-05-19 13:33:47.085,OnTrack,-8404,-7531,974,pos,0 days 00:30:30.491000,0 days 01:26:07.099000
2024-05-19 13:33:47.325,OnTrack,-8443,-7360,964,pos,0 days 00:30:30.731000,0 days 01:26:07.339000
2024-05-19 13:33:47.545,OnTrack,-8499,-7115,950,pos,0 days 00:30:30.951000,0 days 01:26:07.559000
2024-05-19 13:33:47.825,OnTrack,-8525,-6999,944,pos,0 days 00:30:31.231000,0 days 01:26:07.839000
2024-05-19 13:33:48.065,OnTrack,-8565,-6824,935,pos,0 days 00:30:31.471000,0 days 01:26:08.079000
2024-05-19 13:33:48.285,OnTrack,-8601,-6664,927,pos,0 days 00:30:31.691000,0 days 01:26:08.299000
2024-05-19 13:33:48.464,OnTrack,-8628,-6534,920,pos,0 days 00:30:31.870000,0 days 01:26:08.478000
2024-05-19 13:33:48.824,OnTrack,-8647,-6209,904,pos,0 days 00:30:32.230000,0 days 01:26:08.838000
2024-05-19 13:33:49.204,OnTrack,-8607,-6049,900,pos,0 days 00:30:32.610000,0 days 01:26:09.218000
2024-05-19 13:33:49.445,OnTrack,-8541,-5896,897,pos,0 days 00:30:32.851000,0 days 01:26:09.459000
2024-05-19 13:33:49.605,OnTrack,-8494,-5806,897,pos,0 days 00:30:33.011000,0 days 01:26:09.619000
2024-05-19 13:33:49.805,OnTrack,-8437,-5706,896,pos,0 days 00:30:33.211000,0 days 01:26:09.819000
2024-05-19 13:33:50.025,OnTrack,-8379,-5609,897,pos,0 days 00:30:33.431000,0 days 01:26:10.039000
2024-05-19 13:33:50.105,OnTrack,-8359,-5578,898,pos,0 days 00:30:33.511000,0 days 01:26:10.119000
2024-05-19 13:33:50.345,OnTrack,-8298,-5492,900,pos,0 days 00:30:33.751000,0 days 01:26:10.359000
2024-05-19 13:33:50.545,OnTrack,-8244,-5431,902,pos,0 days 00:30:33.951000,0 days 01:26:10.559000
2024-05-19 13:33:50.745,OnTrack,-8188,-5383,904,pos,0 days 00:30:34.151000,0 days 01:26:10.759000
2024-05-19 13:33:51.125,OnTrack,-8067,-5331,909,pos,0 days 00:30:34.531000,0 days 01:26:11.139000
2024-05-19 13:33:51.145,OnTrack,-8060,-5329,909,pos,0 days 00:30:34.551000,0 days 01:26:11.159000
2024-05-19 13:33:51.405,OnTrack,-7971,-5328,916,pos,0 days 00:30:34.811000,0 days 01:26:11.419000
2024-05-19 13:33:51.665,OnTrack,-7833,-5355,927,pos,0 days 00:30:35.071000,0 days 01:26:11.679000
2024-05-19 13:33:52.005,OnTrack,-7765,-5373,933,pos,0 days 00:30:35.411000,0 days 01:26:12.019000
2024-05-19 13:33:52.285,OnTrack,-7627,-5408,945,pos,0 days 00:30:35.691000,0 days 01:26:12.299000
2024-05-19 13:33:52.665,OnTrack,-7527,-5425,955,pos,0 days 00:30:36.071000,0 days 01:26:12.679000
2024-05-19 13:33:52.965,OnTrack,-7403,-5437,967,pos,0 days 00:30:36.371000,0 days 01:26:12.979000
2024-05-19 13:33:53.165,OnTrack,-7317,-5441,974,pos,0 days 00:30:36.571000,0 days 01:26:13.179000
2024-05-19 13:33:53.385,OnTrack,-7167,-5443,986,pos,0 days 00:30:36.791000,0 days 01:26:13.399000
2024-05-19 13:33:53.725,OnTrack,-7046,-5443,995,pos,0 days 00:30:37.131000,0 days 01:26:13.739000
2024-05-19 13:33:53.905,OnTrack,-6953,-5442,1001,pos,0 days 00:30:37.311000,0 days 01:26:13.919000
2024-05-19 13:33:54.105,OnTrack,-6846,-5441,1007,pos,0 days 00:30:37.511000,0 days 01:26:14.119000
2024-05-19 13:33:54.285,OnTrack,-6747,-5440,1013,pos,0 days 00:30:37.691000,0 days 01:26:14.299000
2024-05-19 13:33:54.585,OnTrack,-6576,-5438,1021,pos,0 days 00:30:37.991000,0 days 01:26:14.599000
2024-05-19 13:33:54.785,OnTrack,-6457,-5437,1026,pos,0 days 00:30:38.191000,0 days 01:26:14.799000
2024-05-19 13:33:54.905,OnTrack,-6385,-5437,1028,pos,0 days 00:30:38.311000,0 days 01:26:14.919000
2024-05-19 13:33:55.104,OnTrack,-6262,-5436,1032,pos,0 days 00:30:38.510000,0 days 01:26:15.118000
2024-05-19 13:33:55.324,OnTrack,-6125,-5434,1036,pos,0 days 00:30:38.730000,0 days 01:26:15.338000
2024-05-19 13:33:55.624,OnTrack,-5932,-5433,1041,pos,0 days 00:30:39.030000,0 days 01:26:15.638000
2024-05-19 13:33:55.844,OnTrack,-5694,-5431,1048,pos,0 days 00:30:39.250000,0 days 01:26:15.858000
2024-05-19 13:33:56.245,OnTrack,-5422,-5428,1056,pos,0 days 00:30:39.651000,0 days 01:26:16.259000
2024-05-19 13:33:56.605,OnTrack,-5268,-5424,1060,pos,0 days 00:30:40.011000,0 days 01:26:16.619000
2024-05-19 13:33:56.865,OnTrack,-5085,-5415,1066,pos,0 days 00:30:40.271000,0 days 01:26:16.879000
2024-05-19 13:33:57.105,OnTrack,-4843,-5394,1073,pos,0 days 00:30:40.511000,0 days 01:26:17.119000
2024-05-19 13:33:57.485,OnTrack,-4643,-5376,1078,pos,0 days 00:30:40.891000,0 days 01:26:17.499000
2024-05-19 13:33:57.745,OnTrack,-4400,-5355,1082,pos,0 days 00:30:41.151000,0 days 01:26:17.759000
2024-05-19 13:33:58.025,OnTrack,-4256,-5343,1083,pos,0 days 00:30:41.431000,0 days 01:26:18.039000
2024-05-19 13:33:58.345,OnTrack,-4026,-5324,1085,pos,0 days 00:30:41.751000,0 days 01:26:18.359000
2024-05-19 13:33:58.565,OnTrack,-3873,-5312,1086,pos,0 days 00:30:41.971000,0 days 01:26:18.579000
2024-05-19 13:33:58.785,OnTrack,-3700,-5297,1087,pos,0 days 00:30:42.191000,0 days 01:26:18.799000
2024-05-19 13:33:59.065,OnTrack,-3580,-5288,1087,pos,0 days 00:30:42.471000,0 days 01:26:19.079000
2024-05-19 13:33:59.265,OnTrack,-3481,-5281,1087,pos,0 days 00:30:42.671000,0 days 01:26:19.279000
2024-05-19 13:33:59.585,OnTrack,-3285,-5273,1091,pos,0 days 00:30:42.991000,0 days 01:26:19.599000
2024-05-19 13:34:00.025,OnTrack,-3189,-5290,1092,pos,0 days 00:30:43.431000,0 days 01:26:20.039000
2024-05-19 13:34:00.145,OnTrack,-3154,-5309,1093,pos,0 days 00:30:43.551000,0 days 01:26:20.159000
2024-05-19 13:34:00.465,OnTrack,-3054,-5403,1096,pos,0 days 00:30:43.871000,0 days 01:26:20.479000
2024-05-19 13:34:00.725,OnTrack,-3014,-5447,1096,pos,0 days 00:30:44.131000,0 days 01:26:20.739000
2024-05-19 13:34:01.085,OnTrack,-2932,-5518,1096,pos,0 days 00:30:44.491000,0 days 01:26:21.099000
2024-05-19 13:34:01.325,OnTrack,-2862,-5551,1096,pos,0 days 00:30:44.731000,0 days 01:26:21.339000
2024-05-19 13:34:01.724,OnTrack,-2731,-5556,1093,pos,0 days 00:30:45.130000,0 days 01:26:21.738000
2024-05-19 13:34:02.124,OnTrack,-2662,-5540,1092,pos,0 days 00:30:45.530000,0 days 01:26:22.138000
2024-05-19 13:34:02.264,OnTrack,-2625,-5529,1091,pos,0 days 00:30:45.670000,0 days 01:26:22.278000
2024-05-19 13:34:02.444,OnTrack,-2578,-5513,1090,pos,0 days 00:30:45.850000,0 days 01:26:22.458000
2024-05-19 13:34:02.605,OnTrack,-2535,-5498,1089,pos,0 days 00:30:46.011000,0 days 01:26:22.619000
2024-05-19 13:34:02.905,OnTrack,-2411,-5446,1086,pos,0 days 00:30:46.311000,0 days 01:26:22.919000
2024-05-19 13:34:03.225,OnTrack,-2356,-5420,1085,pos,0 days 00:30:46.631000,0 days 01:26:23.239000
2024-05-19 13:34:03.425,OnTrack,-2289,-5387,1083,pos,0 days 00:30:46.831000,0 days 01:26:23.439000
2024-05-19 13:34:03.805,OnTrack,-2152,-5316,1080,pos,0 days 00:30:47.211000,0 days 01:26:23.819000
2024-05-19 13:34:03.965,OnTrack,-2057,-5266,1078,pos,0 days 00:30:47.371000,0 days 01:26:23.979000
2024-05-19 13:34:04.285,OnTrack,-1955,-5212,1075,pos,0 days 00:30:47.691000,0 days 01:26:24.299000
2024-05-19 13:34:04.585,OnTrack,-1765,-5112,1072,pos,0 days 00:30:47.991000,0 days 01:26:24.599000
2024-05-19 13:34:04.925,OnTrack,-1658,-5059,1070,pos,0 days 00:30:48.331000,0 days 01:26:24.939000
2024-05-19 13:34:05.245,OnTrack,-1495,-4981,1067,pos,0 days 00:30:48.651000,0 days 01:26:25.259000
2024-05-19 13:34:05.325,OnTrack,-1453,-4961,1066,pos,0 days 00:30:48.731000,0 days 01:26:25.339000
2024-05-19 13:34:05.605,OnTrack,-1302,-4893,1063,pos,0 days 00:30:49.011000,0 days 01:26:25.619000
2024-05-19 13:34:05.825,OnTrack,-1181,-4836,1061,pos,0 days 00:30:49.231000,0 days 01:26:25.839000
2024-05-19 13:34:06.045,OnTrack,-1059,-4773,1058,pos,0 days 00:30:49.451000,0 days 01:26:26.059000
2024-05-19 13:34:06.225,OnTrack,-958,-4717,1056,pos,0 days 00:30:49.631000,0 days 01:26:26.239000
2024-05-19 13:34:06.505,OnTrack,-735,-4575,1050,pos,0 days 00:30:49.911000,0 days 01:26:26.519000
2024-05-19 13:34:06.805,OnTrack,-635,-4506,1047,pos,0 days 00:30:50.211000,0 days 01:26:26.819000
2024-05-19 13:34:07.105,OnTrack,-411,-4343,1041,pos,0 days 00:30:50.511000,0 days 01:26:27.119000
2024-05-19 13:34:07.425,OnTrack,-287,-4248,1037,pos,0 days 00:30:50.831000,0 days 01:26:27.439000
2024-05-19 13:34:07.585,OnTrack,-198,-4177,1034,pos,0 days 00:30:50.991000,0 days 01:26:27.599000
2024-05-19 13:34:07.785,OnTrack,-88,-4084,1031,pos,0 days 00:30:51.191000,0 days 01:26:27.799000
2024-05-19 13:34:08.045,OnTrack,52,-3956,1028,pos,0 days 00:30:51.451000,0 days 01:26:28.059000
2024-05-19 13:34:08.204,OnTrack,145,-3865,1024,pos,0 days 00:30:51.610000,0 days 01:26:28.218000
2024-05-19 13:34:08.444,OnTrack,293,-3710,1020,pos,0 days 00:30:51.850000,0 days 01:26:28.458000
2024-05-19 13:34:08.724,OnTrack,435,-3554,1016,pos,0 days 00:30:52.130000,0 days 01:26:28.738000
2024-05-19 13:34:08.924,OnTrack,609,-3360,1007,pos,0 days 00:30:52.330000,0 days 01:26:28.938000
2024-05-19 13:34:09.345,OnTrack,797,-3152,995,pos,0 days 00:30:52.751000,0 days 01:26:29.359000
2024-05-19 13:34:09.685,OnTrack,934,-3001,984,pos,0 days 00:30:53.091000,0 days 01:26:29.699000
2024-05-19 13:34:10.005,OnTrack,1104,-2812,971,pos,0 days 00:30:53.411000,0 days 01:26:30.019000
2024-05-19 13:34:10.165,OnTrack,1190,-2717,963,pos,0 days 00:30:53.571000,0 days 01:26:30.179000
2024-05-19 13:34:10.385,OnTrack,1310,-2588,952,pos,0 days 00:30:53.791000,0 days 01:26:30.399000
2024-05-19 13:34:10.525,OnTrack,1388,-2507,946,pos,0 days 00:30:53.931000,0 days 01:26:30.539000
2024-05-19 13:34:10.725,OnTrack,1503,-2399,935,pos,0 days 00:30:54.131000,0 days 01:26:30.739000
2024-05-19 13:34:11.005,OnTrack,1801,-2188,912,pos,0 days 00:30:54.411000,0 days 01:26:31.019000
2024-05-19 13:34:11.305,OnTrack,1914,-2131,903,pos,0 days 00:30:54.711000,0 days 01:26:31.319000
2024-05-19 13:34:11.545,OnTrack,2085,-2059,889,pos,0 days 00:30:54.951000,0 days 01:26:31.559000
2024-05-19 13:34:11.845,OnTrack,2347,-1955,869,pos,0 days 00:30:55.251000,0 days 01:26:31.859000
2024-05-19 13:34:12.145,OnTrack,2503,-1891,857,pos,0 days 00:30:55.551000,0 days 01:26:32.159000
2024-05-19 13:34:12.405,OnTrack,2653,-1830,846,pos,0 days 00:30:55.811000,0 days 01:26:32.419000
2024-05-19 13:34:12.565,OnTrack,2736,-1796,840,pos,0 days 00:30:55.971000,0 days 01:26:32.579000
2024-05-19 13:34:12.745,OnTrack,2822,-1761,834,pos,0 days 00:30:56.151000,0 days 01:26:32.759000
2024-05-19 13:34:12.945,OnTrack,2908,-1724,828,pos,0 days 00:30:56.351000,0 days 01:26:32.959000
2024-05-19 13:34:13.205,OnTrack,3008,-1672,821,pos,0 days 00:30:56.611000,0 days 01:26:33.219000
2024-05-19 13:34:13.445,OnTrack,3080,-1619,816,pos,0 days 00:30:56.851000,0 days 01:26:33.459000
2024-05-19 13:34:13.605,OnTrack,3117,-1578,813,pos,0 days 00:30:57.011000,0 days 01:26:33.619000
2024-05-19 13:34:13.905,OnTrack,3179,-1455,808,pos,0 days 00:30:57.311000,0 days 01:26:33.919000
2024-05-19 13:34:14.325,OnTrack,3190,-1359,804,pos,0 days 00:30:57.731000,0 days 01:26:34.339000
2024-05-19 13:34:14.545,OnTrack,3185,-1289,801,pos,0 days 00:30:57.951000,0 days 01:26:34.559000
2024-05-19 13:34:14.585,OnTrack,3183,-1277,801,pos,0 days 00:30:57.991000,0 days 01:26:34.599000
2024-05-19 13:34:14.784,OnTrack,3170,-1215,799,pos,0 days 00:30:58.190000,0 days 01:26:34.798000
2024-05-19 13:34:15.104,OnTrack,3142,-1116,797,pos,0 days 00:30:58.510000,0 days 01:26:35.118000
2024-05-19 13:34:15.304,OnTrack,3122,-1053,795,pos,0 days 00:30:58.710000,0 days 01:26:35.318000
2024-05-19 13:34:15.464,OnTrack,3104,-1001,795,pos,0 days 00:30:58.870000,0 days 01:26:35.478000
2024-05-19 13:34:15.645,OnTrack,3083,-941,794,pos,0 days 00:30:59.051000,0 days 01:26:35.659000
2024-05-19 13:34:15.965,OnTrack,3027,-805,793,pos,0 days 00:30:59.371000,0 days 01:26:35.979000
2024-05-19 13:34:16.345,OnTrack,2965,-683,791,pos,0 days 00:30:59.751000,0 days 01:26:36.359000
2024-05-19 13:34:16.525,OnTrack,2924,-615,790,pos,0 days 00:30:59.931000,0 days 01:26:36.539000
2024-05-19 13:34:16.765,OnTrack,2863,-535,789,pos,0 days 00:31:00.171000,0 days 01:26:36.779000
2024-05-19 13:34:17.025,OnTrack,2760,-446,788,pos,0 days 00:31:00.431000,0 days 01:26:37.039000
2024-05-19 13:34:17.265,OnTrack,2705,-416,787,pos,0 days 00:31:00.671000,0 days 01:26:37.279000
2024-05-19 13:34:17.665,OnTrack,2517,-365,786,pos,0 days 00:31:01.071000,0 days 01:26:37.679000
2024-05-19 13:34:18.045,OnTrack,2371,-361,786,pos,0 days 00:31:01.451000,0 days 01:26:38.059000
2024-05-19 13:34:18.465,OnTrack,2268,-375,785,pos,0 days 00:31:01.871000,0 days 01:26:38.479000
2024-05-19 13:34:18.665,OnTrack,2193,-394,784,pos,0 days 00:31:02.071000,0 days 01:26:38.679000
2024-05-19 13:34:18.825,OnTrack,2087,-433,783,pos,0 days 00:31:02.231000,0 days 01:26:38.839000
2024-05-19 13:34:19.205,OnTrack,1985,-479,781,pos,0 days 00:31:02.611000,0 days 01:26:39.219000
2024-05-19 13:34:19.485,OnTrack,1868,-534,780,pos,0 days 00:31:02.891000,0 days 01:26:39.499000
2024-05-19 13:34:19.725,OnTrack,1707,-607,779,pos,0 days 00:31:03.131000,0 days 01:26:39.739000
2024-05-19 13:34:20.025,OnTrack,1622,-646,778,pos,0 days 00:31:03.431000,0 days 01:26:40.039000
2024-05-19 13:34:20.265,OnTrack,1504,-700,778,pos,0 days 00:31:03.671000,0 days 01:26:40.279000
2024-05-19 13:34:20.525,OnTrack,1371,-760,778,pos,0 days 00:31:03.931000,0 days 01:26:40.539000
2024-05-19 13:34:20.745,OnTrack,1189,-842,778,pos,0 days 00:31:04.151000,0 days 01:26:40.759000
2024-05-19 13:34:21.065,OnTrack,1078,-893,778,pos,0 days 00:31:04.471000,0 days 01:26:41.079000
2024-05-19 13:34:21.384,OnTrack,824,-1005,779,pos,0 days 00:31:04.790000,0 days 01:26:41.398000
2024-05-19 13:34:21.684,OnTrack,716,-1051,779,pos,0 days 00:31:05.090000,0 days 01:26:41.698000
2024-05-19 13:34:21.924,OnTrack,584,-1106,780,pos,0 days 00:31:05.330000,0 days 01:26:41.938000
2024-05-19 13:34:22.225,OnTrack,320,-1217,781,pos,0 days 00:31:05.631000,0 days 01:26:42.239000
2024-05-19 13:34:22.505,OnTrack,217,-1260,781,pos,0 days 00:31:05.911000,0 days 01:26:42.519000
2024-05-19 13:34:22.825,OnTrack,-85,-1385,781,pos,0 days 00:31:06.231000,0 days 01:26:42.839000
2024-05-19 13:34:23.305,OnTrack,-415,-1498,782,pos,0 days 00:31:06.711000,0 days 01:26:43.319000
2024-05-19 13:34:23.605,OnTrack,-530,-1527,783,pos,0 days 00:31:07.011000,0 days 01:26:43.619000
2024-05-19 13:34:23.905,OnTrack,-857,-1577,783,pos,0 days 00:31:07.311000,0 days 01:26:43.919000
2024-05-19 13:34:24.365,OnTrack,-1149,-1590,784,pos,0 days 00:31:07.771000,0 days 01:26:44.379000
2024-05-19 13:34:24.565,OnTrack,-1336,-1595,785,pos,0 days 00:31:07.971000,0 days 01:26:44.579000
2024-05-19 13:34:24.845,OnTrack,-1524,-1607,786,pos,0 days 00:31:08.251000,0 days 01:26:44.859000
2024-05-19 13:34:25.125,OnTrack,-1745,-1619,787,pos,0 days 00:31:08.531000,0 days 01:26:45.139000
2024-05-19 13:34:25.385,OnTrack,-1953,-1631,788,pos,0 days 00:31:08.791000,0 days 01:26:45.399000
2024-05-19 13:34:25.545,OnTrack,-2081,-1638,788,pos,0 days 00:31:08.951000,0 days 01:26:45.559000
2024-05-19 13:34:25.685,OnTrack,-2194,-1644,789,pos,0 days 00:31:09.091000,0 days 01:26:45.699000
2024-05-19 13:34:25.845,OnTrack,-2323,-1651,789,pos,0 days 00:31:09.251000,0 days 01:26:45.859000
2024-05-19 13:34:26.165,OnTrack,-2681,-1670,791,pos,0 days 00:31:09.571000,0 days 01:26:46.179000
2024-05-19 13:34:26.525,OnTrack,-2879,-1675,792,pos,0 days 00:31:09.931000,0 days 01:26:46.539000
2024-05-19 13:34:26.785,OnTrack,-3178,-1686,793,pos,0 days 00:31:10.191000,0 days 01:26:46.799000
2024-05-19 13:34:27.185,OnTrack,-3510,-1696,794,pos,0 days 00:31:10.591000,0 days 01:26:47.199000
2024-05-19 13:34:27.525,OnTrack,-3710,-1691,795,pos,0 days 00:31:10.931000,0 days 01:26:47.539000
2024-05-19 13:34:27.745,OnTrack,-3893,-1676,796,pos,0 days 00:31:11.151000,0 days 01:26:47.759000
2024-05-19 13:34:27.924,OnTrack,-4044,-1654,797,pos,0 days 00:31:11.330000,0 days 01:26:47.938000
2024-05-19 13:34:28.204,OnTrack,-4279,-1608,798,pos,0 days 00:31:11.610000,0 days 01:26:48.218000
2024-05-19 13:34:28.464,OnTrack,-4612,-1531,800,pos,0 days 00:31:11.870000,0 days 01:26:48.478000
2024-05-19 13:34:28.784,OnTrack,-4762,-1494,801,pos,0 days 00:31:12.190000,0 days 01:26:48.798000
2024-05-19 13:34:29.125,OnTrack,-5078,-1416,804,pos,0 days 00:31:12.531000,0 days 01:26:49.139000
2024-05-19 13:34:29.445,OnTrack,-5312,-1360,805,pos,0 days 00:31:12.851000,0 days 01:26:49.459000
2024-05-19 13:34:29.605,OnTrack,-5447,-1330,807,pos,0 days 00:31:13.011000,0 days 01:26:49.619000
2024-05-19 13:34:29.905,OnTrack,-5803,-1267,810,pos,0 days 00:31:13.311000,0 days 01:26:49.919000
2024-05-19 13:34:30.325,OnTrack,-6149,-1238,812,pos,0 days 00:31:13.731000,0 days 01:26:50.339000
2024-05-19 13:34:30.625,OnTrack,-6323,-1232,814,pos,0 days 00:31:14.031000,0 days 01:26:50.639000
2024-05-19 13:34:30.945,OnTrack,-6601,-1229,815,pos,0 days 00:31:14.351000,0 days 01:26:50.959000
2024-05-19 13:34:31.145,OnTrack,-6775,-1231,816,pos,0 days 00:31:14.551000,0 days 01:26:51.159000
2024-05-19 13:34:31.305,OnTrack,-7034,-1237,817,pos,0 days 00:31:14.711000,0 days 01:26:51.319000
2024-05-19 13:34:31.665,OnTrack,-7223,-1246,817,pos,0 days 00:31:15.071000,0 days 01:26:51.679000
2024-05-19 13:34:31.885,OnTrack,-7412,-1260,818,pos,0 days 00:31:15.291000,0 days 01:26:51.899000
2024-05-19 13:34:32.185,OnTrack,-7787,-1297,818,pos,0 days 00:31:15.591000,0 days 01:26:52.199000
2024-05-19 13:34:32.525,OnTrack,-7968,-1318,818,pos,0 days 00:31:15.931000,0 days 01:26:52.539000
2024-05-19 13:34:32.705,OnTrack,-8154,-1342,818,pos,0 days 00:31:16.111000,0 days 01:26:52.719000
2024-05-19 13:34:33.045,OnTrack,-8440,-1381,819,pos,0 days 00:31:16.451000,0 days 01:26:53.059000
2024-05-19 13:34:33.225,OnTrack,-8641,-1409,819,pos,0 days 00:31:16.631000,0 days 01:26:53.239000
2024-05-19 13:34:33.565,OnTrack,-8874,-1441,819,pos,0 days 00:31:16.971000,0 days 01:26:53.579000
2024-05-19 13:34:33.705,OnTrack,-8990,-1459,819,pos,0 days 00:31:17.111000,0 days 01:26:53.719000
2024-05-19 13:34:33.945,OnTrack,-9187,-1494,819,pos,0 days 00:31:17.351000,0 days 01:26:53.959000
2024-05-19 13:34:34.125,OnTrack,-9331,-1527,819,pos,0 days 00:31:17.531000,0 days 01:26:54.139000
2024-05-19 13:34:34.385,OnTrack,-9529,-1584,819,pos,0 days 00:31:17.791000,0 days 01:26:54.399000
2024-05-19 13:34:34.544,OnTrack,-9642,-1620,819,pos,0 days 00:31:17.950000,0 days 01:26:54.558000
2024-05-19 13:34:34.704,OnTrack,-9745,-1653,818,pos,0 days 00:31:18.110000,0 days 01:26:54.718000
2024-05-19 13:34:34.944,OnTrack,-9886,-1697,818,pos,0 days 00:31:18.350000,0 days 01:26:54.958000
2024-05-19 13:34:35.184,OnTrack,-10013,-1737,819,pos,0 days 00:31:18.590000,0 days 01:26:55.198000
2024-05-19 13:34:35.405,OnTrack,-10108,-1766,818,pos,0 days 00:31:18.811000,0 days 01:26:55.419000
2024-05-19 13:34:35.565,OnTrack,-10174,-1789,818,pos,0 days 00:31:18.971000,0 days 01:26:55.579000
2024-05-19 13:34:35.865,OnTrack,-10278,-1847,818,pos,0 days 00:31:19.271000,0 days 01:26:55.879000
2024-05-19 13:34:35.965,OnTrack,-10305,-1873,818,pos,0 days 00:31:19.371000,0 days 01:26:55.979000
2024-05-19 13:34:36.185,OnTrack,-10355,-1944,818,pos,0 days 00:31:19.591000,0 days 01:26:56.199000
2024-05-19 13:34:36.385,OnTrack,-10386,-2020,818,pos,0 days 00:31:19.791000,0 days 01:26:56.399000
2024-05-19 13:34:36.705,OnTrack,-10423,-2152,819,pos,0 days 00:31:20.111000,0 days 01:26:56.719000
2024-05-19 13:34:36.925,OnTrack,-10451,-2239,819,pos,0 days 00:31:20.331000,0 days 01:26:56.939000
2024-05-19 13:34:37.005,OnTrack,-10464,-2270,819,pos,0 days 00:31:20.411000,0 days 01:26:57.019000
2024-05-19 13:34:37.245,OnTrack,-10515,-2361,819,pos,0 days 00:31:20.651000,0 days 01:26:57.259000
2024-05-19 13:34:37.525,OnTrack,-10599,-2456,818,pos,0 days 00:31:20.931000,0 days 01:26:57.539000
2024-05-19 13:34:37.725,OnTrack,-10673,-2516,818,pos,0 days 00:31:21.131000,0 days 01:26:57.739000
2024-05-19 13:34:37.925,OnTrack,-10753,-2571,819,pos,0 days 00:31:21.331000,0 days 01:26:57.939000
2024-05-19 13:34:38.105,OnTrack,-10828,-2617,820,pos,0 days 00:31:21.511000,0 days 01:26:58.119000
2024-05-19 13:34:38.365,OnTrack,-10938,-2681,821,pos,0 days 00:31:21.771000,0 days 01:26:58.379000
2024-05-19 13:34:38.565,OnTrack,-11026,-2732,821,pos,0 days 00:31:21.971000,0 days 01:26:58.579000
2024-05-19 13:34:38.845,OnTrack,-11153,-2806,822,pos,0 days 00:31:22.251000,0 days 01:26:58.859000
2024-05-19 13:34:38.945,OnTrack,-11200,-2833,823,pos,0 days 00:31:22.351000,0 days 01:26:58.959000
2024-05-19 13:34:39.145,OnTrack,-11295,-2890,824,pos,0 days 00:31:22.551000,0 days 01:26:59.159000
2024-05-19 13:34:39.365,OnTrack,-11402,-2958,824,pos,0 days 00:31:22.771000,0 days 01:26:59.379000
2024-05-19 13:34:39.565,OnTrack,-11557,-3082,825,pos,0 days 00:31:22.971000,0 days 01:26:59.579000
2024-05-19 13:34:40.025,OnTrack,-11706,-3273,825,pos,0 days 00:31:23.431000,0 days 01:27:00.039000
2024-05-19 13:34:40.345,OnTrack,-11775,-3411,826,pos,0 days 00:31:23.751000,0 days 01:27:00.359000
2024-05-19 13:34:40.605,OnTrack,-11839,-3568,827,pos,0 days 00:31:24.011000,0 days 01:27:00.619000
2024-05-19 13:34:40.805,OnTrack,-11884,-3690,827,pos,0 days 00:31:24.211000,0 days 01:27:00.819000
2024-05-19 13:34:41.045,OnTrack,-11940,-3840,828,pos,0 days 00:31:24.451000,0 days 01:27:01.059000
2024-05-19 13:34:41.244,OnTrack,-12017,-4043,828,pos,0 days 00:31:24.650000,0 days 01:27:01.258000
2024-05-19 13:34:41.564,OnTrack,-12065,-4173,829,pos,0 days 00:31:24.970000,0 days 01:27:01.578000
2024-05-19 13:34:41.864,OnTrack,-12140,-4371,830,pos,0 days 00:31:25.270000,0 days 01:27:01.878000
2024-05-19 13:34:42.105,OnTrack,-12236,-4627,830,pos,0 days 00:31:25.511000,0 days 01:27:02.119000
2024-05-19 13:34:42.505,OnTrack,-12334,-4888,831,pos,0 days 00:31:25.911000,0 days 01:27:02.519000
2024-05-19 13:34:42.905,OnTrack,-12408,-5084,832,pos,0 days 00:31:26.311000,0 days 01:27:02.919000
2024-05-19 13:34:43.065,OnTrack,-12450,-5197,832,pos,0 days 00:31:26.471000,0 days 01:27:03.079000
2024-05-19 13:34:43.305,OnTrack,-12547,-5455,833,pos,0 days 00:31:26.711000,0 days 01:27:03.319000
2024-05-19 13:34:43.605,OnTrack,-12596,-5585,833,pos,0 days 00:31:27.011000,0 days 01:27:03.619000
2024-05-19 13:34:43.905,OnTrack,-12717,-5908,833,pos,0 days 00:31:27.311000,0 days 01:27:03.919000
2024-05-19 13:34:44.305,OnTrack,-12790,-6099,834,pos,0 days 00:31:27.711000,0 days 01:27:04.319000
2024-05-19 13:34:44.505,OnTrack,-12891,-6349,835,pos,0 days 00:31:27.911000,0 days 01:27:04.519000
2024-05-19 13:34:44.965,OnTrack,-12989,-6580,835,pos,0 days 00:31:28.371000,0 days 01:27:04.979000
2024-05-19 13:34:45.125,OnTrack,-13036,-6692,836,pos,0 days 00:31:28.531000,0 days 01:27:05.139000
2024-05-19 13:34:45.365,OnTrack,-13129,-6939,837,pos,0 days 00:31:28.771000,0 days 01:27:05.379000
2024-05-19 13:34:45.765,OnTrack,-13163,-7188,838,pos,0 days 00:31:29.171000,0 days 01:27:05.779000
2024-05-19 13:34:46.285,OnTrack,-13132,-7444,840,pos,0 days 00:31:29.691000,0 days 01:27:06.299000
2024-05-19 13:34:46.705,OnTrack,-13075,-7690,841,pos,0 days 00:31:30.111000,0 days 01:27:06.719000
2024-05-19 13:34:46.965,OnTrack,-13051,-7791,842,pos,0 days 00:31:30.371000,0 days 01:27:06.979000
2024-05-19 13:34:47.305,OnTrack,-13024,-7999,843,pos,0 days 00:31:30.711000,0 days 01:27:07.319000
2024-05-19 13:34:47.724,OnTrack,-13065,-8156,845,pos,0 days 00:31:31.130000,0 days 01:27:07.738000
2024-05-19 13:34:48.064,OnTrack,-13126,-8239,846,pos,0 days 00:31:31.470000,0 days 01:27:08.078000
2024-05-19 13:34:48.284,OnTrack,-13201,-8309,847,pos,0 days 00:31:31.690000,0 days 01:27:08.298000
2024-05-19 13:34:48.545,OnTrack,-13337,-8427,849,pos,0 days 00:31:31.951000,0 days 01:27:08.559000
2024-05-19 13:34:48.965,OnTrack,-13448,-8521,850,pos,0 days 00:31:32.371000,0 days 01:27:08.979000
2024-05-19 13:34:49.025,OnTrack,-13471,-8540,850,pos,0 days 00:31:32.431000,0 days 01:27:09.039000
2024-05-19 13:34:49.385,OnTrack,-13611,-8660,852,pos,0 days 00:31:32.791000,0 days 01:27:09.399000
2024-05-19 13:34:49.585,OnTrack,-13693,-8729,853,pos,0 days 00:31:32.991000,0 days 01:27:09.599000
2024-05-19 13:34:49.785,OnTrack,-13778,-8800,855,pos,0 days 00:31:33.191000,0 days 01:27:09.799000
2024-05-19 13:34:49.965,OnTrack,-13823,-8838,856,pos,0 days 00:31:33.371000,0 days 01:27:09.979000
2024-05-19 13:34:50.125,OnTrack,-13958,-8952,858,pos,0 days 00:31:33.531000,0 days 01:27:10.139000
2024-05-19 13:34:50.505,OnTrack,-14064,-9051,861,pos,0 days 00:31:33.911000,0 days 01:27:10.519000
2024-05-19 13:34:50.805,OnTrack,-14197,-9180,866,pos,0 days 00:31:34.211000,0 days 01:27:10.819000
2024-05-19 13:34:51.025,OnTrack,-14312,-9295,871,pos,0 days 00:31:34.431000,0 days 01:27:11.039000
2024-05-19 13:34:51.265,OnTrack,-14401,-9384,875,pos,0 days 00:31:34.671000,0 days 01:27:11.279000
2024-05-19 13:34:51.565,OnTrack,-14573,-9546,883,pos,0 days 00:31:34.971000,0 days 01:27:11.579000
2024-05-19 13:34:51.985,OnTrack,-14688,-9657,888,pos,0 days 00:31:35.391000,0 days 01:27:11.999000
2024-05-19 13:34:52.245,OnTrack,-14766,-9739,892,pos,0 days 00:31:35.651000,0 days 01:27:12.259000
2024-05-19 13:34:52.405,OnTrack,-14830,-9818,896,pos,0 days 00:31:35.811000,0 days 01:27:12.419000
2024-05-19 13:34:52.765,OnTrack,-14876,-9897,899,pos,0 days 00:31:36.171000,0 days 01:27:12.779000
2024-05-19 13:34:53.005,OnTrack,-14903,-9970,901,pos,0 days 00:31:36.411000,0 days 01:27:13.019000
2024-05-19 13:34:53.145,OnTrack,-14912,-10012,902,pos,0 days 00:31:36.551000,0 days 01:27:13.159000
2024-05-19 13:34:53.485,OnTrack,-14905,-10137,908,pos,0 days 00:31:36.891000,0 days 01:27:13.499000
2024-05-19 13:34:53.865,OnTrack,-14875,-10207,912,pos,0 days 00:31:37.271000,0 days 01:27:13.879000
2024-05-19 13:34:54.105,OnTrack,-14837,-10258,916,pos,0 days 00:31:37.511000,0 days 01:27:14.119000
2024-05-19 13:34:54.145,OnTrack,-14830,-10265,915,pos,0 days 00:31:37.551000,0 days 01:27:14.159000
2024-05-19 13:34:54.484,OnTrack,-14734,-10338,922,pos,0 days 00:31:37.890000,0 days 01:27:14.498000
2024-05-19 13:34:54.764,OnTrack,-14702,-10354,923,pos,0 days 00:31:38.170000,0 days 01:27:14.778000
2024-05-19 13:34:54.984,OnTrack,-14648,-10373,926,pos,0 days 00:31:38.390000,0 days 01:27:14.998000
2024-05-19 13:34:55.225,OnTrack,-14586,-10387,929,pos,0 days 00:31:38.631000,0 days 01:27:15.239000
2024-05-19 13:34:55.525,OnTrack,-14475,-10395,935,pos,0 days 00:31:38.931000,0 days 01:27:15.539000
2024-05-19 13:34:55.865,OnTrack,-14404,-10393,939,pos,0 days 00:31:39.271000,0 days 01:27:15.879000
2024-05-19 13:34:56.025,OnTrack,-14354,-10389,941,pos,0 days 00:31:39.431000,0 days 01:27:16.039000
2024-05-19 13:34:56.245,OnTrack,-14299,-10383,944,pos,0 days 00:31:39.651000,0 days 01:27:16.259000
2024-05-19 13:34:56.445,OnTrack,-14232,-10373,947,pos,0 days 00:31:39.851000,0 days 01:27:16.459000
2024-05-19 13:34:56.705,OnTrack,-14132,-10357,951,pos,0 days 00:31:40.111000,0 days 01:27:16.719000
2024-05-19 13:34:57.005,OnTrack,-13981,-10328,958,pos,0 days 00:31:40.411000,0 days 01:27:17.019000
2024-05-19 13:34:57.385,OnTrack,-13836,-10298,965,pos,0 days 00:31:40.791000,0 days 01:27:17.399000
2024-05-19 13:34:57.625,OnTrack,-13679,-10266,971,pos,0 days 00:31:41.031000,0 days 01:27:17.639000
2024-05-19 13:34:57.885,OnTrack,-13586,-10247,975,pos,0 days 00:31:41.291000,0 days 01:27:17.899000
2024-05-19 13:34:58.065,OnTrack,-13490,-10230,979,pos,0 days 00:31:41.471000,0 days 01:27:18.079000
2024-05-19 13:34:58.305,OnTrack,-13357,-10206,984,pos,0 days 00:31:41.711000,0 days 01:27:18.319000
2024-05-19 13:34:58.505,OnTrack,-13244,-10186,988,pos,0 days 00:31:41.911000,0 days 01:27:18.519000
2024-05-19 13:34:58.705,OnTrack,-13128,-10165,992,pos,0 days 00:31:42.111000,0 days 01:27:18.719000
2024-05-19 13:34:58.985,OnTrack,-12959,-10137,998,pos,0 days 00:31:42.391000,0 days 01:27:18.999000
2024-05-19 13:34:59.225,OnTrack,-12760,-10107,1004,pos,0 days 00:31:42.631000,0 days 01:27:19.239000
2024-05-19 13:34:59.505,OnTrack,-12632,-10087,1009,pos,0 days 00:31:42.911000,0 days 01:27:19.519000
2024-05-19 13:34:59.725,OnTrack,-12489,-10066,1013,pos,0 days 00:31:43.131000,0 days 01:27:19.739000
2024-05-19 13:34:59.925,OnTrack,-12357,-10048,1019,pos,0 days 00:31:43.331000,0 days 01:27:19.939000
2024-05-19 13:35:00.125,OnTrack,-12222,-10029,1025,pos,0 days 00:31:43.531000,0 days 01:27:20.139000
2024-05-19 13:35:00.485,OnTrack,-11933,-9990,1044,pos,0 days 00:31:43.891000,0 days 01:27:20.499000
2024-05-19 13:35:00.864,OnTrack,-11680,-9960,1060,pos,0 days 00:31:44.270000,0 days 01:27:20.878000
2024-05-19 13:35:01.044,OnTrack,-11480,-9940,1073,pos,0 days 00:31:44.450000,0 days 01:27:21.058000
2024-05-19 13:35:01.344,OnTrack,-11335,-9928,1083,pos,0 days 00:31:44.750000,0 days 01:27:21.358000
2024-05-19 13:35:01.644,OnTrack,-11115,-9919,1095,pos,0 days 00:31:45.050000,0 days 01:27:21.658000
2024-05-19 13:35:01.925,OnTrack,-10818,-9920,1112,pos,0 days 00:31:45.331000,0 days 01:27:21.939000
2024-05-19 13:35:02.185,OnTrack,-10714,-9924,1117,pos,0 days 00:31:45.591000,0 days 01:27:22.199000
2024-05-19 13:35:02.365,OnTrack,-10580,-9933,1120,pos,0 days 00:31:45.771000,0 days 01:27:22.379000
2024-05-19 13:35:02.605,OnTrack,-10400,-9949,1122,pos,0 days 00:31:46.011000,0 days 01:27:22.619000
2024-05-19 13:35:02.765,OnTrack,-10280,-9963,1122,pos,0 days 00:31:46.171000,0 days 01:27:22.779000
2024-05-19 13:35:02.965,OnTrack,-10130,-9980,1121,pos,0 days 00:31:46.371000,0 days 01:27:22.979000
2024-05-19 13:35:03.365,OnTrack,-9801,-10018,1119,pos,0 days 00:31:46.771000,0 days 01:27:23.379000
2024-05-19 13:35:03.685,OnTrack,-9493,-10052,1116,pos,0 days 00:31:47.091000,0 days 01:27:23.699000
2024-05-19 13:35:04.065,OnTrack,-9331,-10066,1115,pos,0 days 00:31:47.471000,0 days 01:27:24.079000
2024-05-19 13:35:04.305,OnTrack,-9116,-10067,1114,pos,0 days 00:31:47.711000,0 days 01:27:24.319000
2024-05-19 13:35:04.725,OnTrack,-8967,-10039,1114,pos,0 days 00:31:48.131000,0 days 01:27:24.739000
2024-05-19 13:35:04.885,OnTrack,-8888,-10009,1114,pos,0 days 00:31:48.291000,0 days 01:27:24.899000
2024-05-19 13:35:05.125,OnTrack,-8778,-9945,1112,pos,0 days 00:31:48.531000,0 days 01:27:25.139000
2024-05-19 13:35:05.365,OnTrack,-8684,-9860,1109,pos,0 days 00:31:48.771000,0 days 01:27:25.379000
2024-05-19 13:35:05.445,OnTrack,-8656,-9827,1107,pos,0 days 00:31:48.851000,0 days 01:27:25.459000
2024-05-19 13:35:05.685,OnTrack,-8583,-9716,1104,pos,0 days 00:31:49.091000,0 days 01:27:25.699000
2024-05-19 13:35:05.865,OnTrack,-8534,-9626,1101,pos,0 days 00:31:49.271000,0 days 01:27:25.879000
2024-05-19 13:35:06.065,OnTrack,-8483,-9525,1098,pos,0 days 00:31:49.471000,0 days 01:27:26.079000
2024-05-19 13:35:06.305,OnTrack,-8423,-9401,1095,pos,0 days 00:31:49.711000,0 days 01:27:26.319000
2024-05-19 13:35:06.545,OnTrack,-8365,-9271,1089,pos,0 days 00:31:49.951000,0 days 01:27:26.559000
2024-05-19 13:35:06.745,OnTrack,-8323,-9157,1086,pos,0 days 00:31:50.151000,0 days 01:27:26.759000
2024-05-19 13:35:06.965,OnTrack,-8285,-9026,1081,pos,0 days 00:31:50.371000,0 days 01:27:26.979000
2024-05-19 13:35:07.205,OnTrack,-8257,-8876,1075,pos,0 days 00:31:50.611000,0 days 01:27:27.219000
2024-05-19 13:35:07.444,OnTrack,-8241,-8721,1067,pos,0 days 00:31:50.850000,0 days 01:27:27.458000
2024-05-19 13:35:07.564,OnTrack,-8237,-8642,1062,pos,0 days 00:31:50.970000,0 days 01:27:27.578000
2024-05-19 13:35:07.744,OnTrack,-8239,-8521,1055,pos,0 days 00:31:51.150000,0 days 01:27:27.758000
2024-05-19 13:35:08.024,OnTrack,-8253,-8331,1042,pos,0 days 00:31:51.430000,0 days 01:27:28.038000
2024-05-19 13:35:08.144,OnTrack,-8262,-8257,1035,pos,0 days 00:31:51.550000,0 days 01:27:28.158000
2024-05-19 13:35:08.345,OnTrack,-8281,-8119,1021,pos,0 days 00:31:51.751000,0 days 01:27:28.359000
2024-05-19 13:35:08.545,OnTrack,-8306,-7979,1009,pos,0 days 00:31:51.951000,0 days 01:27:28.559000
2024-05-19 13:35:08.765,OnTrack,-8337,-7823,995,pos,0 days 00:31:52.171000,0 days 01:27:28.779000
2024-05-19 13:35:09.085,OnTrack,-8389,-7594,978,pos,0 days 00:31:52.491000,0 days 01:27:29.099000
2024-05-19 13:35:09.245,OnTrack,-8416,-7479,971,pos,0 days 00:31:52.651000,0 days 01:27:29.259000
2024-05-19 13:35:09.445,OnTrack,-8473,-7230,956,pos,0 days 00:31:52.851000,0 days 01:27:29.459000
2024-05-19 13:35:09.845,OnTrack,-8517,-7038,946,pos,0 days 00:31:53.251000,0 days 01:27:29.859000
2024-05-19 13:35:10.125,OnTrack,-8584,-6740,931,pos,0 days 00:31:53.531000,0 days 01:27:30.139000
2024-05-19 13:35:10.505,OnTrack,-8625,-6549,921,pos,0 days 00:31:53.911000,0 days 01:27:30.519000
2024-05-19 13:35:10.665,OnTrack,-8645,-6434,914,pos,0 days 00:31:54.071000,0 days 01:27:30.679000
2024-05-19 13:35:10.865,OnTrack,-8654,-6306,909,pos,0 days 00:31:54.271000,0 days 01:27:30.879000
2024-05-19 13:35:11.045,OnTrack,-8644,-6186,904,pos,0 days 00:31:54.451000,0 days 01:27:31.059000
2024-05-19 13:35:11.225,OnTrack,-8612,-6065,900,pos,0 days 00:31:54.631000,0 days 01:27:31.239000
2024-05-19 13:35:11.545,OnTrack,-8523,-5861,897,pos,0 days 00:31:54.951000,0 days 01:27:31.559000
2024-05-19 13:35:11.605,OnTrack,-8505,-5827,897,pos,0 days 00:31:55.011000,0 days 01:27:31.619000
2024-05-19 13:35:11.805,OnTrack,-8446,-5722,896,pos,0 days 00:31:55.211000,0 days 01:27:31.819000
2024-05-19 13:35:12.065,OnTrack,-8374,-5601,897,pos,0 days 00:31:55.471000,0 days 01:27:32.079000
2024-05-19 13:35:12.405,OnTrack,-8257,-5445,902,pos,0 days 00:31:55.811000,0 days 01:27:32.419000
2024-05-19 13:35:12.665,OnTrack,-8212,-5402,903,pos,0 days 00:31:56.071000,0 days 01:27:32.679000
2024-05-19 13:35:12.845,OnTrack,-8160,-5365,905,pos,0 days 00:31:56.251000,0 days 01:27:32.859000
2024-05-19 13:35:13.085,OnTrack,-8083,-5334,908,pos,0 days 00:31:56.491000,0 days 01:27:33.099000
2024-05-19 13:35:13.305,OnTrack,-8008,-5325,912,pos,0 days 00:31:56.711000,0 days 01:27:33.319000
2024-05-19 13:35:13.625,OnTrack,-7876,-5344,923,pos,0 days 00:31:57.031000,0 days 01:27:33.639000
2024-05-19 13:35:14.004,OnTrack,-7732,-5383,937,pos,0 days 00:31:57.410000,0 days 01:27:34.018000
2024-05-19 13:35:14.404,OnTrack,-7590,-5415,950,pos,0 days 00:31:57.810000,0 days 01:27:34.418000
2024-05-19 13:35:14.784,OnTrack,-7489,-5429,959,pos,0 days 00:31:58.190000,0 days 01:27:34.798000
2024-05-19 13:35:15.005,OnTrack,-7353,-5440,971,pos,0 days 00:31:58.411000,0 days 01:27:35.019000
2024-05-19 13:35:15.325,OnTrack,-7255,-5443,979,pos,0 days 00:31:58.731000,0 days 01:27:35.339000
2024-05-19 13:35:15.545,OnTrack,-7151,-5443,987,pos,0 days 00:31:58.951000,0 days 01:27:35.559000
2024-05-19 13:35:15.765,OnTrack,-7044,-5443,995,pos,0 days 00:31:59.171000,0 days 01:27:35.779000
2024-05-19 13:35:16.065,OnTrack,-6888,-5441,1005,pos,0 days 00:31:59.471000,0 days 01:27:36.079000
2024-05-19 13:35:16.225,OnTrack,-6802,-5440,1010,pos,0 days 00:31:59.631000,0 days 01:27:36.239000
2024-05-19 13:35:16.365,OnTrack,-6727,-5440,1014,pos,0 days 00:31:59.771000,0 days 01:27:36.379000
2024-05-19 13:35:16.525,OnTrack,-6640,-5439,1019,pos,0 days 00:31:59.931000,0 days 01:27:36.539000
2024-05-19 13:35:16.845,OnTrack,-6453,-5437,1026,pos,0 days 00:32:00.251000,0 days 01:27:36.859000
2024-05-19 13:35:17.025,OnTrack,-6283,-5436,1031,pos,0 days 00:32:00.431000,0 days 01:27:37.039000
2024-05-19 13:35:17.445,OnTrack,-6031,-5434,1038,pos,0 days 00:32:00.851000,0 days 01:27:37.459000
2024-05-19 13:35:17.745,OnTrack,-5888,-5433,1043,pos,0 days 00:32:01.151000,0 days 01:27:37.759000
2024-05-19 13:35:18.125,OnTrack,-5595,-5430,1051,pos,0 days 00:32:01.531000,0 days 01:27:38.139000
2024-05-19 13:35:18.525,OnTrack,-5361,-5427,1058,pos,0 days 00:32:01.931000,0 days 01:27:38.539000
2024-05-19 13:35:18.645,OnTrack,-5277,-5425,1060,pos,0 days 00:32:02.051000,0 days 01:27:38.659000
2024-05-19 13:35:18.845,OnTrack,-5137,-5419,1064,pos,0 days 00:32:02.251000,0 days 01:27:38.859000
2024-05-19 13:35:19.105,OnTrack,-4967,-5405,1069,pos,0 days 00:32:02.511000,0 days 01:27:39.119000
2024-05-19 13:35:19.345,OnTrack,-4796,-5390,1074,pos,0 days 00:32:02.751000,0 days 01:27:39.359000
2024-05-19 13:35:19.385,OnTrack,-4767,-5387,1075,pos,0 days 00:32:02.791000,0 days 01:27:39.399000
2024-05-19 13:35:19.665,OnTrack,-4467,-5361,1081,pos,0 days 00:32:03.071000,0 days 01:27:39.679000
2024-05-19 13:35:20.065,OnTrack,-4280,-5345,1083,pos,0 days 00:32:03.471000,0 days 01:27:40.079000
2024-05-19 13:35:20.305,OnTrack,-4007,-5323,1085,pos,0 days 00:32:03.711000,0 days 01:27:40.319000
2024-05-19 13:35:20.764,OnTrack,-3795,-5305,1086,pos,0 days 00:32:04.170000,0 days 01:27:40.778000
2024-05-19 13:35:20.924,OnTrack,-3634,-5292,1087,pos,0 days 00:32:04.330000,0 days 01:27:40.938000
2024-05-19 13:35:21.344,OnTrack,-3428,-5277,1088,pos,0 days 00:32:04.750000,0 days 01:27:41.358000
2024-05-19 13:35:21.605,OnTrack,-3371,-5274,1089,pos,0 days 00:32:05.011000,0 days 01:27:41.619000
2024-05-19 13:35:21.805,OnTrack,-3295,-5273,1090,pos,0 days 00:32:05.211000,0 days 01:27:41.819000
2024-05-19 13:35:22.005,OnTrack,-3228,-5278,1092,pos,0 days 00:32:05.411000,0 days 01:27:42.019000
2024-05-19 13:35:22.365,OnTrack,-3098,-5356,1096,pos,0 days 00:32:05.771000,0 days 01:27:42.379000
2024-05-19 13:35:22.645,OnTrack,-3067,-5389,1096,pos,0 days 00:32:06.051000,0 days 01:27:42.659000
2024-05-19 13:35:22.945,OnTrack,-2975,-5485,1096,pos,0 days 00:32:06.351000,0 days 01:27:42.959000
2024-05-19 13:35:23.405,OnTrack,-2902,-5535,1096,pos,0 days 00:32:06.811000,0 days 01:27:43.419000
2024-05-19 13:35:23.585,OnTrack,-2843,-5556,1095,pos,0 days 00:32:06.991000,0 days 01:27:43.599000
2024-05-19 13:35:23.985,OnTrack,-2756,-5560,1094,pos,0 days 00:32:07.391000,0 days 01:27:43.999000
2024-05-19 13:35:24.145,OnTrack,-2713,-5552,1093,pos,0 days 00:32:07.551000,0 days 01:27:44.159000
2024-05-19 13:35:24.365,OnTrack,-2614,-5525,1091,pos,0 days 00:32:07.771000,0 days 01:27:44.379000
2024-05-19 13:35:24.745,OnTrack,-2547,-5502,1089,pos,0 days 00:32:08.151000,0 days 01:27:44.759000
2024-05-19 13:35:25.045,OnTrack,-2458,-5467,1087,pos,0 days 00:32:08.451000,0 days 01:27:45.059000
2024-05-19 13:35:25.225,OnTrack,-2388,-5436,1085,pos,0 days 00:32:08.631000,0 days 01:27:45.239000
2024-05-19 13:35:25.465,OnTrack,-2321,-5403,1084,pos,0 days 00:32:08.871000,0 days 01:27:45.479000
2024-05-19 13:35:25.825,OnTrack,-2154,-5317,1080,pos,0 days 00:32:09.231000,0 days 01:27:45.839000
2024-05-19 13:35:26.265,OnTrack,-2014,-5243,1077,pos,0 days 00:32:09.671000,0 days 01:27:46.279000
2024-05-19 13:35:26.465,OnTrack,-1927,-5197,1075,pos,0 days 00:32:09.871000,0 days 01:27:46.479000
2024-05-19 13:35:26.665,OnTrack,-1835,-5149,1073,pos,0 days 00:32:10.071000,0 days 01:27:46.679000
2024-05-19 13:35:26.885,OnTrack,-1710,-5085,1071,pos,0 days 00:32:10.291000,0 days 01:27:46.899000
2024-05-19 13:35:27.284,OnTrack,-1484,-4975,1067,pos,0 days 00:32:10.690000,0 days 01:27:47.298000
2024-05-19 13:35:27.684,OnTrack,-1310,-4897,1063,pos,0 days 00:32:11.090000,0 days 01:27:47.698000
2024-05-19 13:35:27.884,OnTrack,-1199,-4845,1061,pos,0 days 00:32:11.290000,0 days 01:27:47.898000
2024-05-19 13:35:28.005,OnTrack,-1131,-4811,1060,pos,0 days 00:32:11.411000,0 days 01:27:48.019000
2024-05-19 13:35:28.185,OnTrack,-1029,-4757,1058,pos,0 days 00:32:11.591000,0 days 01:27:48.199000
2024-05-19 13:35:28.505,OnTrack,-803,-4621,1052,pos,0 days 00:32:11.911000,0 days 01:27:48.519000
2024-05-19 13:35:28.805,OnTrack,-679,-4537,1049,pos,0 days 00:32:12.211000,0 days 01:27:48.819000
2024-05-19 13:35:29.005,OnTrack,-566,-4457,1045,pos,0 days 00:32:12.411000,0 days 01:27:49.019000
2024-05-19 13:35:29.165,OnTrack,-475,-4391,1043,pos,0 days 00:32:12.571000,0 days 01:27:49.179000
2024-05-19 13:35:29.525,OnTrack,-204,-4181,1034,pos,0 days 00:32:12.931000,0 days 01:27:49.539000
2024-05-19 13:35:29.925,OnTrack,-48,-4049,1030,pos,0 days 00:32:13.331000,0 days 01:27:49.939000
2024-05-19 13:35:30.085,OnTrack,38,-3969,1028,pos,0 days 00:32:13.491000,0 days 01:27:50.099000
2024-05-19 13:35:30.365,OnTrack,240,-3767,1022,pos,0 days 00:32:13.771000,0 days 01:27:50.379000
2024-05-19 13:35:30.605,OnTrack,424,-3565,1016,pos,0 days 00:32:14.011000,0 days 01:27:50.619000
2024-05-19 13:35:30.825,OnTrack,476,-3508,1014,pos,0 days 00:32:14.231000,0 days 01:27:50.839000
2024-05-19 13:35:31.205,OnTrack,735,-3220,999,pos,0 days 00:32:14.611000,0 days 01:27:51.219000
2024-05-19 13:35:31.585,OnTrack,872,-3069,990,pos,0 days 00:32:14.991000,0 days 01:27:51.599000
2024-05-19 13:35:31.765,OnTrack,968,-2963,982,pos,0 days 00:32:15.171000,0 days 01:27:51.779000
2024-05-19 13:35:32.045,OnTrack,1139,-2773,968,pos,0 days 00:32:15.451000,0 days 01:27:52.059000
2024-05-19 13:35:32.425,OnTrack,1404,-2491,944,pos,0 days 00:32:15.831000,0 days 01:27:52.439000
2024-05-19 13:35:32.805,OnTrack,1547,-2362,931,pos,0 days 00:32:16.211000,0 days 01:27:52.819000
2024-05-19 13:35:33.005,OnTrack,1749,-2218,915,pos,0 days 00:32:16.411000,0 days 01:27:53.019000
2024-05-19 13:35:33.325,OnTrack,1921,-2128,902,pos,0 days 00:32:16.731000,0 days 01:27:53.339000
2024-05-19 13:35:33.485,OnTrack,2042,-2077,892,pos,0 days 00:32:16.891000,0 days 01:27:53.499000
2024-05-19 13:35:33.824,OnTrack,2298,-1974,872,pos,0 days 00:32:17.230000,0 days 01:27:53.838000
2024-05-19 13:35:33.924,OnTrack,2370,-1945,867,pos,0 days 00:32:17.330000,0 days 01:27:53.938000
2024-05-19 13:35:34.164,OnTrack,2530,-1880,855,pos,0 days 00:32:17.570000,0 days 01:27:54.178000
2024-05-19 13:35:34.444,OnTrack,2749,-1791,839,pos,0 days 00:32:17.850000,0 days 01:27:54.458000
2024-05-19 13:35:34.745,OnTrack,2846,-1751,832,pos,0 days 00:32:18.151000,0 days 01:27:54.759000
2024-05-19 13:35:34.945,OnTrack,2932,-1712,827,pos,0 days 00:32:18.351000,0 days 01:27:54.959000
2024-05-19 13:35:35.205,OnTrack,3026,-1661,821,pos,0 days 00:32:18.611000,0 days 01:27:55.219000
2024-05-19 13:35:35.485,OnTrack,3120,-1575,813,pos,0 days 00:32:18.891000,0 days 01:27:55.499000
2024-05-19 13:35:35.865,OnTrack,3169,-1486,809,pos,0 days 00:32:19.271000,0 days 01:27:55.879000
2024-05-19 13:35:36.005,OnTrack,3181,-1443,807,pos,0 days 00:32:19.411000,0 days 01:27:56.019000
2024-05-19 13:35:36.205,OnTrack,3190,-1380,805,pos,0 days 00:32:19.611000,0 days 01:27:56.219000
2024-05-19 13:35:36.425,OnTrack,3187,-1310,802,pos,0 days 00:32:19.831000,0 days 01:27:56.439000
2024-05-19 13:35:36.705,OnTrack,3167,-1201,799,pos,0 days 00:32:20.111000,0 days 01:27:56.719000
2024-05-19 13:35:36.985,OnTrack,3150,-1140,797,pos,0 days 00:32:20.391000,0 days 01:27:56.999000
2024-05-19 13:35:37.165,OnTrack,3132,-1085,796,pos,0 days 00:32:20.571000,0 days 01:27:57.179000
2024-05-19 13:35:37.465,OnTrack,3088,-955,794,pos,0 days 00:32:20.871000,0 days 01:27:57.479000
2024-05-19 13:35:37.945,OnTrack,3034,-821,792,pos,0 days 00:32:21.351000,0 days 01:27:57.959000
2024-05-19 13:35:38.025,OnTrack,3020,-791,792,pos,0 days 00:32:21.431000,0 days 01:27:58.039000
2024-05-19 13:35:38.265,OnTrack,2974,-699,791,pos,0 days 00:32:21.671000,0 days 01:27:58.279000
2024-05-19 13:35:38.565,OnTrack,2867,-539,789,pos,0 days 00:32:21.971000,0 days 01:27:58.579000
2024-05-19 13:35:38.965,OnTrack,2791,-468,788,pos,0 days 00:32:22.371000,0 days 01:27:58.979000
2024-05-19 13:35:39.165,OnTrack,2726,-426,788,pos,0 days 00:32:22.571000,0 days 01:27:59.179000
2024-05-19 13:35:39.185,OnTrack,2719,-423,787,pos,0 days 00:32:22.591000,0 days 01:27:59.199000
2024-05-19 13:35:39.405,OnTrack,2640,-390,787,pos,0 days 00:32:22.811000,0 days 01:27:59.419000
2024-05-19 13:35:39.745,OnTrack,2472,-361,786,pos,0 days 00:32:23.151000,0 days 01:27:59.759000
2024-05-19 13:35:40.105,OnTrack,2384,-360,786,pos,0 days 00:32:23.511000,0 days 01:28:00.119000
2024-05-19 13:35:40.305,OnTrack,2265,-375,785,pos,0 days 00:32:23.711000,0 days 01:28:00.319000
2024-05-19 13:35:40.644,OnTrack,2182,-397,784,pos,0 days 00:32:24.050000,0 days 01:28:00.658000
2024-05-19 13:35:40.864,OnTrack,2099,-428,783,pos,0 days 00:32:24.270000,0 days 01:28:00.878000
2024-05-19 13:35:41.044,OnTrack,2031,-458,782,pos,0 days 00:32:24.450000,0 days 01:28:01.058000
2024-05-19 13:35:41.265,OnTrack,1945,-498,781,pos,0 days 00:32:24.671000,0 days 01:28:01.279000
2024-05-19 13:35:41.465,OnTrack,1864,-536,781,pos,0 days 00:32:24.871000,0 days 01:28:01.479000
2024-05-19 13:35:41.705,OnTrack,1785,-572,780,pos,0 days 00:32:25.111000,0 days 01:28:01.719000
2024-05-19 13:35:41.885,OnTrack,1703,-609,779,pos,0 days 00:32:25.291000,0 days 01:28:01.899000
2024-05-19 13:35:42.225,OnTrack,1499,-702,778,pos,0 days 00:32:25.631000,0 days 01:28:02.239000
2024-05-19 13:35:42.545,OnTrack,1377,-757,778,pos,0 days 00:32:25.951000,0 days 01:28:02.559000
2024-05-19 13:35:42.785,OnTrack,1250,-815,778,pos,0 days 00:32:26.191000,0 days 01:28:02.799000
2024-05-19 13:35:43.005,OnTrack,1130,-869,778,pos,0 days 00:32:26.411000,0 days 01:28:03.019000
2024-05-19 13:35:43.065,OnTrack,1097,-884,778,pos,0 days 00:32:26.471000,0 days 01:28:03.079000
2024-05-19 13:35:43.305,OnTrack,961,-945,778,pos,0 days 00:32:26.711000,0 days 01:28:03.319000
2024-05-19 13:35:43.525,OnTrack,834,-1001,779,pos,0 days 00:32:26.931000,0 days 01:28:03.539000
2024-05-19 13:35:43.705,OnTrack,726,-1046,779,pos,0 days 00:32:27.111000,0 days 01:28:03.719000
2024-05-19 13:35:43.985,OnTrack,581,-1093,779,pos,0 days 00:32:27.391000,0 days 01:28:03.999000
2024-05-19 13:35:44.125,OnTrack,487,-1037,779,pos,0 days 00:32:27.531000,0 days 01:28:04.139000
2024-05-19 13:35:44.305,OnTrack,389,-1073,779,pos,0 days 00:32:27.711000,0 days 01:28:04.319000
2024-05-19 13:35:44.585,OnTrack,185,-1150,779,pos,0 days 00:32:27.991000,0 days 01:28:04.599000
2024-05-19 13:35:45.085,OnTrack,48,-1201,779,pos,0 days 00:32:28.491000,0 days 01:28:05.099000
2024-05-19 13:35:45.285,OnTrack,-16,-1225,779,pos,0 days 00:32:28.691000,0 days 01:28:05.299000
2024-05-19 13:35:45.445,OnTrack,-64,-1243,779,pos,0 days 00:32:28.851000,0 days 01:28:05.459000
2024-05-19 13:35:45.665,OnTrack,-140,-1272,779,pos,0 days 00:32:29.071000,0 days 01:28:05.679000
2024-05-19 13:35:46.045,OnTrack,-206,-1297,779,pos,0 days 00:32:29.451000,0 days 01:28:06.059000
2024-05-19 13:35:46.145,OnTrack,-225,-1303,779,pos,0 days 00:32:29.551000,0 days 01:28:06.159000
2024-05-19 13:35:46.505,OnTrack,-297,-1331,779,pos,0 days 00:32:29.911000,0 days 01:28:06.519000
2024-05-19 13:35:46.725,OnTrack,-342,-1348,779,pos,0 days 00:32:30.131000,0 days 01:28:06.739000
2024-05-19 13:35:46.885,OnTrack,-395,-1367,779,pos,0 days 00:32:30.291000,0 days 01:28:06.899000
2024-05-19 13:35:47.244,OnTrack,-505,-1401,779,pos,0 days 00:32:30.650000,0 days 01:28:07.258000
2024-05-19 13:35:47.725,OnTrack,-604,-1421,779,pos,0 days 00:32:31.131000,0 days 01:28:07.739000
2024-05-19 13:35:48.045,OnTrack,-653,-1427,779,pos,0 days 00:32:31.451000,0 days 01:28:08.059000
2024-05-19 13:35:48.285,OnTrack,-729,-1434,779,pos,0 days 00:32:31.691000,0 days 01:28:08.299000
2024-05-19 13:35:48.705,OnTrack,-800,-1438,779,pos,0 days 00:32:32.111000,0 days 01:28:08.719000
2024-05-19 13:35:48.925,OnTrack,-849,-1439,779,pos,0 days 00:32:32.331000,0 days 01:28:08.939000
2024-05-19 13:35:49.125,OnTrack,-893,-1440,779,pos,0 days 00:32:32.531000,0 days 01:28:09.139000
2024-05-19 13:35:49.305,OnTrack,-963,-1442,779,pos,0 days 00:32:32.711000,0 days 01:28:09.319000
2024-05-19 13:35:49.785,OnTrack,-1069,-1445,779,pos,0 days 00:32:33.191000,0 days 01:28:09.799000
2024-05-19 13:35:50.085,OnTrack,-1104,-1446,779,pos,0 days 00:32:33.491000,0 days 01:28:10.099000
2024-05-19 13:35:50.425,OnTrack,-1188,-1448,779,pos,0 days 00:32:33.831000,0 days 01:28:10.439000
2024-05-19 13:35:50.805,OnTrack,-1278,-1450,779,pos,0 days 00:32:34.211000,0 days 01:28:10.819000
2024-05-19 13:35:51.025,OnTrack,-1358,-1452,779,pos,0 days 00:32:34.431000,0 days 01:28:11.039000
2024-05-19 13:35:51.445,OnTrack,-1432,-1454,779,pos,0 days 00:32:34.851000,0 days 01:28:11.459000
2024-05-19 13:35:51.745,OnTrack,-1482,-1455,779,pos,0 days 00:32:35.151000,0 days 01:28:11.759000
2024-05-19 13:35:51.965,OnTrack,-1526,-1456,779,pos,0 days 00:32:35.371000,0 days 01:28:11.979000
2024-05-19 13:35:52.245,OnTrack,-1578,-1457,779,pos,0 days 00:32:35.651000,0 days 01:28:12.259000
2024-05-19 13:35:52.485,OnTrack,-1624,-1458,779,pos,0 days 00:32:35.891000,0 days 01:28:12.499000
2024-05-19 13:35:52.725,OnTrack,-1654,-1459,779,pos,0 days 00:32:36.131000,0 days 01:28:12.739000
2024-05-19 13:35:53.005,OnTrack,-1711,-1461,779,pos,0 days 00:32:36.411000,0 days 01:28:13.019000
2024-05-19 13:35:53.385,OnTrack,-1738,-1461,779,pos,0 days 00:32:36.791000,0 days 01:28:13.399000
2024-05-19 13:35:53.544,OnTrack,-1755,-1462,779,pos,0 days 00:32:36.950000,0 days 01:28:13.558000
2024-05-19 13:35:53.824,OnTrack,-1780,-1462,779,pos,0 days 00:32:37.230000,0 days 01:28:13.838000
2024-05-19 13:35:54.164,OnTrack,-1806,-1463,779,pos,0 days 00:32:37.570000,0 days 01:28:14.178000
2024-05-19 13:35:54.545,OnTrack,-1821,-1463,779,pos,0 days 00:32:37.951000,0 days 01:28:14.559000
2024-05-19 13:35:54.925,OnTrack,-1826,-1463,779,pos,0 days 00:32:38.331000,0 days 01:28:14.939000
2024-05-19 13:35:55.385,OnTrack,-1826,-1463,779,pos,0 days 00:32:38.791000,0 days 01:28:15.399000
2024-05-19 13:35:55.645,OnTrack,-1826,-1463,779,pos,0 days 00:32:39.051000,0 days 01:28:15.659000
2024-05-19 13:35:55.985,OnTrack,-1826,-1463,779,pos,0 days 00:32:39.391000,0 days 01:28:15.999000
2024-05-19 13:35:56.385,OnTrack,-1826,-1463,779,pos,0 days 00:32:39.791000,0 days 01:28:16.399000
2024-05-19 13:35:56.865,OnTrack,-1826,-1463,779,pos,0 days 00:32:40.271000,0 days 01:28:16.879000
2024-05-19 13:35:57.205,OnTrack,-1826,-1463,779,pos,0 days 00:32:40.611000,0 days 01:28:17.219000
2024-05-19 13:35:57.325,OnTrack,-1827,-1463,779,pos,0 days 00:32:40.731000,0 days 01:28:17.339000
2024-05-19 13:35:57.645,OnTrack,-1829,-1464,779,pos,0 days 00:32:41.051000,0 days 01:28:17.659000
2024-05-19 13:35:57.945,OnTrack,-1834,-1464,779,pos,0 days 00:32:41.351000,0 days 01:28:17.959000
2024-05-19 13:35:58.305,OnTrack,-1851,-1464,779,pos,0 days 00:32:41.711000,0 days 01:28:18.319000
2024-05-19 13:35:58.445,OnTrack,-1860,-1464,779,pos,0 days 00:32:41.851000,0 days 01:28:18.459000
2024-05-19 13:35:58.625,OnTrack,-1875,-1465,779,pos,0 days 00:32:42.031000,0 days 01:28:18.639000
2024-05-19 13:35:58.845,OnTrack,-1913,-1466,779,pos,0 days 00:32:42.251000,0 days 01:28:18.859000
2024-05-19 13:35:59.305,OnTrack,-1957,-1467,779,pos,0 days 00:32:42.711000,0 days 01:28:19.319000
2024-05-19 13:35:59.465,OnTrack,-1982,-1467,779,pos,0 days 00:32:42.871000,0 days 01:28:19.479000
2024-05-19 13:35:59.645,OnTrack,-2013,-1468,779,pos,0 days 00:32:43.051000,0 days 01:28:19.659000
2024-05-19 13:35:59.985,OnTrack,-2081,-1470,779,pos,0 days 00:32:43.391000,0 days 01:28:19.999000
2024-05-19 13:36:00.384,OnTrack,-2155,-1472,779,pos,0 days 00:32:43.790000,0 days 01:28:20.398000
2024-05-19 13:36:00.544,OnTrack,-2190,-1472,779,pos,0 days 00:32:43.950000,0 days 01:28:20.558000
2024-05-19 13:36:00.724,OnTrack,-2230,-1473,779,pos,0 days 00:32:44.130000,0 days 01:28:20.738000
2024-05-19 13:36:00.945,OnTrack,-2278,-1475,779,pos,0 days 00:32:44.351000,0 days 01:28:20.959000
2024-05-19 13:36:01.105,OnTrack,-2313,-1476,779,pos,0 days 00:32:44.511000,0 days 01:28:21.119000
2024-05-19 13:36:01.265,OnTrack,-2349,-1476,779,pos,0 days 00:32:44.671000,0 days 01:28:21.279000
2024-05-19 13:36:01.445,OnTrack,-2389,-1477,779,pos,0 days 00:32:44.851000,0 days 01:28:21.459000
2024-05-19 13:36:01.725,OnTrack,-2451,-1479,779,pos,0 days 00:32:45.131000,0 days 01:28:21.739000
2024-05-19 13:36:01.885,OnTrack,-2489,-1480,779,pos,0 days 00:32:45.291000,0 days 01:28:21.899000
2024-05-19 13:36:02.165,OnTrack,-2551,-1481,779,pos,0 days 00:32:45.571000,0 days 01:28:22.179000
2024-05-19 13:36:02.445,OnTrack,-2613,-1483,779,pos,0 days 00:32:45.851000,0 days 01:28:22.459000
2024-05-19 13:36:02.525,OnTrack,-2631,-1483,779,pos,0 days 00:32:45.931000,0 days 01:28:22.539000
2024-05-19 13:36:02.785,OnTrack,-2688,-1485,779,pos,0 days 00:32:46.191000,0 days 01:28:22.799000
2024-05-19 13:36:03.065,OnTrack,-2750,-1486,779,pos,0 days 00:32:46.471000,0 days 01:28:23.079000
2024-05-19 13:36:03.285,OnTrack,-2808,-1488,779,pos,0 days 00:32:46.691000,0 days 01:28:23.299000
2024-05-19 13:36:03.605,OnTrack,-2869,-1489,779,pos,0 days 00:32:47.011000,0 days 01:28:23.619000
2024-05-19 13:36:03.865,OnTrack,-2925,-1491,779,pos,0 days 00:32:47.271000,0 days 01:28:23.879000
2024-05-19 13:36:04.025,OnTrack,-2960,-1492,779,pos,0 days 00:32:47.431000,0 days 01:28:24.039000
2024-05-19 13:36:04.205,OnTrack,-3000,-1493,779,pos,0 days 00:32:47.611000,0 days 01:28:24.219000
2024-05-19 13:36:04.505,OnTrack,-3066,-1495,779,pos,0 days 00:32:47.911000,0 days 01:28:24.519000
2024-05-19 13:36:04.705,OnTrack,-3111,-1497,779,pos,0 days 00:32:48.111000,0 days 01:28:24.719000
2024-05-19 13:36:04.925,OnTrack,-3168,-1499,779,pos,0 days 00:32:48.331000,0 days 01:28:24.939000
2024-05-19 13:36:05.345,OnTrack,-3266,-1503,779,pos,0 days 00:32:48.751000,0 days 01:28:25.359000
2024-05-19 13:36:05.705,OnTrack,-3332,-1505,779,pos,0 days 00:32:49.111000,0 days 01:28:25.719000
2024-05-19 13:36:05.905,OnTrack,-3376,-1507,779,pos,0 days 00:32:49.311000,0 days 01:28:25.919000
2024-05-19 13:36:06.085,OnTrack,-3416,-1508,779,pos,0 days 00:32:49.491000,0 days 01:28:26.099000
2024-05-19 13:36:06.305,OnTrack,-3465,-1510,779,pos,0 days 00:32:49.711000,0 days 01:28:26.319000
2024-05-19 13:36:06.525,OnTrack,-3513,-1511,779,pos,0 days 00:32:49.931000,0 days 01:28:26.539000
2024-05-19 13:36:06.625,OnTrack,-3535,-1512,779,pos,0 days 00:32:50.031000,0 days 01:28:26.639000
2024-05-19 13:36:06.924,OnTrack,-3628,-1516,779,pos,0 days 00:32:50.330000,0 days 01:28:26.938000
2024-05-19 13:36:07.324,OnTrack,-3712,-1518,779,pos,0 days 00:32:50.730000,0 days 01:28:27.338000
2024-05-19 13:36:07.765,OnTrack,-3812,-1519,779,pos,0 days 00:32:51.171000,0 days 01:28:27.779000
2024-05-19 13:36:08.085,OnTrack,-3856,-1517,779,pos,0 days 00:32:51.491000,0 days 01:28:28.099000
2024-05-19 13:36:08.445,OnTrack,-3957,-1507,779,pos,0 days 00:32:51.851000,0 days 01:28:28.459000
2024-05-19 13:36:08.745,OnTrack,-4001,-1500,779,pos,0 days 00:32:52.151000,0 days 01:28:28.759000
2024-05-19 13:36:08.925,OnTrack,-4041,-1493,779,pos,0 days 00:32:52.331000,0 days 01:28:28.939000
2024-05-19 13:36:09.265,OnTrack,-4113,-1480,779,pos,0 days 00:32:52.671000,0 days 01:28:29.279000
2024-05-19 13:36:09.485,OnTrack,-4161,-1470,779,pos,0 days 00:32:52.891000,0 days 01:28:29.499000
2024-05-19 13:36:09.625,OnTrack,-4192,-1464,779,pos,0 days 00:32:53.031000,0 days 01:28:29.639000
2024-05-19 13:36:09.825,OnTrack,-4236,-1456,779,pos,0 days 00:32:53.231000,0 days 01:28:29.839000
2024-05-19 13:36:10.105,OnTrack,-4297,-1444,779,pos,0 days 00:32:53.511000,0 days 01:28:30.119000
2024-05-19 13:36:10.325,OnTrack,-4358,-1432,779,pos,0 days 00:32:53.731000,0 days 01:28:30.339000
2024-05-19 13:36:10.565,OnTrack,-4397,-1424,779,pos,0 days 00:32:53.971000,0 days 01:28:30.579000
2024-05-19 13:36:10.925,OnTrack,-4492,-1406,779,pos,0 days 00:32:54.331000,0 days 01:28:30.939000
2024-05-19 13:36:11.225,OnTrack,-4540,-1396,779,pos,0 days 00:32:54.631000,0 days 01:28:31.239000
2024-05-19 13:36:11.485,OnTrack,-4597,-1385,779,pos,0 days 00:32:54.891000,0 days 01:28:31.499000
2024-05-19 13:36:11.785,OnTrack,-4662,-1373,779,pos,0 days 00:32:55.191000,0 days 01:28:31.799000
2024-05-19 13:36:11.845,OnTrack,-4675,-1371,779,pos,0 days 00:32:55.251000,0 days 01:28:31.859000
2024-05-19 13:36:12.205,OnTrack,-4762,-1355,779,pos,0 days 00:32:55.611000,0 days 01:28:32.219000
2024-05-19 13:36:12.465,OnTrack,-4810,-1347,779,pos,0 days 00:32:55.871000,0 days 01:28:32.479000
2024-05-19 13:36:12.725,OnTrack,-4867,-1337,779,pos,0 days 00:32:56.131000,0 days 01:28:32.739000
2024-05-19 13:36:12.885,OnTrack,-4902,-1331,779,pos,0 days 00:32:56.291000,0 days 01:28:32.899000
2024-05-19 13:36:13.205,OnTrack,-4999,-1313,779,pos,0 days 00:32:56.611000,0 days 01:28:33.219000
2024-05-19 13:36:13.604,OnTrack,-5065,-1302,779,pos,0 days 00:32:57.010000,0 days 01:28:33.618000
2024-05-19 13:36:13.744,OnTrack,-5095,-1296,779,pos,0 days 00:32:57.150000,0 days 01:28:33.758000
2024-05-19 13:36:14.045,OnTrack,-5187,-1280,779,pos,0 days 00:32:57.451000,0 days 01:28:34.059000
2024-05-19 13:36:14.305,OnTrack,-5217,-1274,779,pos,0 days 00:32:57.711000,0 days 01:28:34.319000
2024-05-19 13:36:14.645,OnTrack,-5292,-1261,779,pos,0 days 00:32:58.051000,0 days 01:28:34.659000
2024-05-19 13:36:14.745,OnTrack,-5313,-1257,779,pos,0 days 00:32:58.151000,0 days 01:28:34.759000
2024-05-19 13:36:14.965,OnTrack,-5362,-1249,779,pos,0 days 00:32:58.371000,0 days 01:28:34.979000
2024-05-19 13:36:15.325,OnTrack,-5440,-1235,779,pos,0 days 00:32:58.731000,0 days 01:28:35.339000
2024-05-19 13:36:15.485,OnTrack,-5475,-1229,779,pos,0 days 00:32:58.891000,0 days 01:28:35.499000
2024-05-19 13:36:15.665,OnTrack,-5514,-1222,779,pos,0 days 00:32:59.071000,0 days 01:28:35.679000
2024-05-19 13:36:15.945,OnTrack,-5597,-1207,779,pos,0 days 00:32:59.351000,0 days 01:28:35.959000
2024-05-19 13:36:16.365,OnTrack,-5667,-1197,779,pos,0 days 00:32:59.771000,0 days 01:28:36.379000
2024-05-19 13:36:16.565,OnTrack,-5725,-1189,779,pos,0 days 00:32:59.971000,0 days 01:28:36.579000
2024-05-19 13:36:16.965,OnTrack,-5800,-1183,779,pos,0 days 00:33:00.371000,0 days 01:28:36.979000
2024-05-19 13:36:17.145,OnTrack,-5855,-1178,779,pos,0 days 00:33:00.551000,0 days 01:28:37.159000
2024-05-19 13:36:17.525,OnTrack,-5973,-1171,779,pos,0 days 00:33:00.931000,0 days 01:28:37.539000
2024-05-19 13:36:17.965,OnTrack,-6092,-1163,779,pos,0 days 00:33:01.371000,0 days 01:28:37.979000
2024-05-19 13:36:18.265,OnTrack,-6158,-1159,779,pos,0 days 00:33:01.671000,0 days 01:28:38.279000
2024-05-19 13:36:18.625,OnTrack,-6316,-1150,779,pos,0 days 00:33:02.031000,0 days 01:28:38.639000
2024-05-19 13:36:18.945,OnTrack,-6413,-1148,779,pos,0 days 00:33:02.351000,0 days 01:28:38.959000
2024-05-19 13:36:19.185,OnTrack,-6517,-1150,779,pos,0 days 00:33:02.591000,0 days 01:28:39.199000
2024-05-19 13:36:19.385,OnTrack,-6666,-1157,779,pos,0 days 00:33:02.791000,0 days 01:28:39.399000
2024-05-19 13:36:19.705,OnTrack,-6765,-1162,779,pos,0 days 00:33:03.111000,0 days 01:28:39.719000
2024-05-19 13:36:20.024,OnTrack,-6932,-1171,779,pos,0 days 00:33:03.430000,0 days 01:28:40.038000
2024-05-19 13:36:20.224,OnTrack,-7042,-1178,779,pos,0 days 00:33:03.630000,0 days 01:28:40.238000
2024-05-19 13:36:20.424,OnTrack,-7154,-1188,779,pos,0 days 00:33:03.830000,0 days 01:28:40.438000
2024-05-19 13:36:20.685,OnTrack,-7305,-1204,779,pos,0 days 00:33:04.091000,0 days 01:28:40.699000
2024-05-19 13:36:20.725,OnTrack,-7328,-1207,779,pos,0 days 00:33:04.131000,0 days 01:28:40.739000
2024-05-19 13:36:20.945,OnTrack,-7461,-1224,779,pos,0 days 00:33:04.351000,0 days 01:28:40.959000
2024-05-19 13:36:21.125,OnTrack,-7572,-1238,779,pos,0 days 00:33:04.531000,0 days 01:28:41.139000
2024-05-19 13:36:21.325,OnTrack,-7697,-1254,779,pos,0 days 00:33:04.731000,0 days 01:28:41.339000
2024-05-19 13:36:21.665,OnTrack,-7981,-1292,779,pos,0 days 00:33:05.071000,0 days 01:28:41.679000
2024-05-19 13:36:22.085,OnTrack,-8261,-1330,779,pos,0 days 00:33:05.491000,0 days 01:28:42.099000
2024-05-19 13:36:22.425,OnTrack,-8426,-1353,779,pos,0 days 00:33:05.831000,0 days 01:28:42.439000
2024-05-19 13:36:22.585,OnTrack,-8536,-1371,779,pos,0 days 00:33:05.991000,0 days 01:28:42.599000
2024-05-19 13:36:22.765,OnTrack,-8662,-1393,779,pos,0 days 00:33:06.171000,0 days 01:28:42.779000
2024-05-19 13:36:23.105,OnTrack,-9002,-1453,779,pos,0 days 00:33:06.511000,0 days 01:28:43.119000
2024-05-19 13:36:23.405,OnTrack,-9116,-1477,779,pos,0 days 00:33:06.811000,0 days 01:28:43.419000
2024-05-19 13:36:23.685,OnTrack,-9318,-1520,779,pos,0 days 00:33:07.091000,0 days 01:28:43.699000
2024-05-19 13:36:23.905,OnTrack,-9471,-1557,779,pos,0 days 00:33:07.311000,0 days 01:28:43.919000
2024-05-19 13:36:24.185,OnTrack,-9651,-1603,779,pos,0 days 00:33:07.591000,0 days 01:28:44.199000
2024-05-19 13:36:24.405,OnTrack,-9778,-1638,779,pos,0 days 00:33:07.811000,0 days 01:28:44.419000
2024-05-19 13:36:24.585,OnTrack,-9934,-1684,779,pos,0 days 00:33:07.991000,0 days 01:28:44.599000
2024-05-19 13:36:24.865,OnTrack,-10010,-1707,779,pos,0 days 00:33:08.271000,0 days 01:28:44.879000
2024-05-19 13:36:25.105,OnTrack,-10115,-1743,779,pos,0 days 00:33:08.511000,0 days 01:28:45.119000
2024-05-19 13:36:25.365,OnTrack,-10246,-1808,779,pos,0 days 00:33:08.771000,0 days 01:28:45.379000
2024-05-19 13:36:25.645,OnTrack,-10297,-1856,779,pos,0 days 00:33:09.051000,0 days 01:28:45.659000
2024-05-19 13:36:25.845,OnTrack,-10342,-1925,779,pos,0 days 00:33:09.251000,0 days 01:28:45.859000
2024-05-19 13:36:26.065,OnTrack,-10380,-2007,779,pos,0 days 00:33:09.471000,0 days 01:28:46.079000
2024-05-19 13:36:26.444,OnTrack,-10456,-2211,779,pos,0 days 00:33:09.850000,0 days 01:28:46.458000
2024-05-19 13:36:26.684,OnTrack,-10473,-2251,779,pos,0 days 00:33:10.090000,0 days 01:28:46.698000
2024-05-19 13:36:26.944,OnTrack,-10530,-2352,779,pos,0 days 00:33:10.350000,0 days 01:28:46.958000
2024-05-19 13:36:27.184,OnTrack,-10638,-2491,779,pos,0 days 00:33:10.590000,0 days 01:28:47.198000
2024-05-19 13:36:27.525,OnTrack,-10705,-2558,779,pos,0 days 00:33:10.931000,0 days 01:28:47.539000
2024-05-19 13:36:27.865,OnTrack,-10834,-2661,779,pos,0 days 00:33:11.271000,0 days 01:28:47.879000
2024-05-19 13:36:28.065,OnTrack,-10922,-2714,779,pos,0 days 00:33:11.471000,0 days 01:28:48.079000
2024-05-19 13:36:28.105,OnTrack,-10940,-2724,779,pos,0 days 00:33:11.511000,0 days 01:28:48.119000
2024-05-19 13:36:28.405,OnTrack,-11085,-2796,779,pos,0 days 00:33:11.811000,0 days 01:28:48.419000
2024-05-19 13:36:28.685,OnTrack,-11301,-2897,779,pos,0 days 00:33:12.091000,0 days 01:28:48.699000
2024-05-19 13:36:29.065,OnTrack,-11428,-2960,779,pos,0 days 00:33:12.471000,0 days 01:28:49.079000
2024-05-19 13:36:29.245,OnTrack,-11584,-3070,779,pos,0 days 00:33:12.651000,0 days 01:28:49.259000
2024-05-19 13:36:29.705,OnTrack,-11706,-3227,779,pos,0 days 00:33:13.111000,0 days 01:28:49.719000
2024-05-19 13:36:29.905,OnTrack,-11783,-3398,826,pos,0 days 00:33:13.311000,0 days 01:28:49.919000
2024-05-19 13:36:30.165,OnTrack,-11834,-3560,827,pos,0 days 00:33:13.571000,0 days 01:28:50.179000
2024-05-19 13:36:30.325,OnTrack,-11872,-3659,827,pos,0 days 00:33:13.731000,0 days 01:28:50.339000
2024-05-19 13:36:30.585,OnTrack,-11963,-3900,828,pos,0 days 00:33:13.991000,0 days 01:28:50.599000
2024-05-19 13:36:30.905,OnTrack,-12036,-4095,829,pos,0 days 00:33:14.311000,0 days 01:28:50.919000
2024-05-19 13:36:31.345,OnTrack,-12141,-4374,830,pos,0 days 00:33:14.751000,0 days 01:28:51.359000
2024-05-19 13:36:31.785,OnTrack,-12233,-4619,830,pos,0 days 00:33:15.191000,0 days 01:28:51.799000
2024-05-19 13:36:31.965,OnTrack,-12279,-4743,831,pos,0 days 00:33:15.371000,0 days 01:28:51.979000
2024-05-19 13:36:32.145,OnTrack,-12358,-4951,831,pos,0 days 00:33:15.551000,0 days 01:28:52.159000
2024-05-19 13:36:32.465,OnTrack,-12411,-5093,832,pos,0 days 00:33:15.871000,0 days 01:28:52.479000
2024-05-19 13:36:32.705,OnTrack,-12475,-5264,832,pos,0 days 00:33:16.111000,0 days 01:28:52.719000
2024-05-19 13:36:32.905,OnTrack,-12529,-5408,832,pos,0 days 00:33:16.311000,0 days 01:28:52.919000
2024-05-19 13:36:33.044,OnTrack,-12567,-5509,833,pos,0 days 00:33:16.450000,0 days 01:28:53.058000
2024-05-19 13:36:33.284,OnTrack,-12633,-5684,833,pos,0 days 00:33:16.690000,0 days 01:28:53.298000
2024-05-19 13:36:33.584,OnTrack,-12716,-5904,833,pos,0 days 00:33:16.990000,0 days 01:28:53.598000
2024-05-19 13:36:33.805,OnTrack,-12801,-6125,834,pos,0 days 00:33:17.211000,0 days 01:28:53.819000
2024-05-19 13:36:34.125,OnTrack,-12871,-6301,835,pos,0 days 00:33:17.531000,0 days 01:28:54.139000
2024-05-19 13:36:34.405,OnTrack,-12957,-6504,835,pos,0 days 00:33:17.811000,0 days 01:28:54.419000
2024-05-19 13:36:34.585,OnTrack,-13012,-6634,836,pos,0 days 00:33:17.991000,0 days 01:28:54.599000
2024-05-19 13:36:34.805,OnTrack,-13076,-6789,836,pos,0 days 00:33:18.211000,0 days 01:28:54.819000
2024-05-19 13:36:34.965,OnTrack,-13116,-6898,837,pos,0 days 00:33:18.371000,0 days 01:28:54.979000
2024-05-19 13:36:35.105,OnTrack,-13147,-7009,837,pos,0 days 00:33:18.511000,0 days 01:28:55.119000
2024-05-19 13:36:35.345,OnTrack,-13163,-7163,838,pos,0 days 00:33:18.751000,0 days 01:28:55.359000
2024-05-19 13:36:35.505,OnTrack,-13159,-7266,838,pos,0 days 00:33:18.911000,0 days 01:28:55.519000
2024-05-19 13:36:35.845,OnTrack,-13117,-7515,840,pos,0 days 00:33:19.251000,0 days 01:28:55.859000
2024-05-19 13:36:36.125,OnTrack,-13086,-7644,841,pos,0 days 00:33:19.531000,0 days 01:28:56.139000
2024-05-19 13:36:36.465,OnTrack,-13038,-7855,843,pos,0 days 00:33:19.871000,0 days 01:28:56.479000
2024-05-19 13:36:36.865,OnTrack,-13024,-8015,844,pos,0 days 00:33:20.271000,0 days 01:28:56.879000
2024-05-19 13:36:37.045,OnTrack,-13038,-8093,844,pos,0 days 00:33:20.451000,0 days 01:28:57.059000
2024-05-19 13:36:37.305,OnTrack,-13089,-8195,846,pos,0 days 00:33:20.711000,0 days 01:28:57.319000
2024-05-19 13:36:37.545,OnTrack,-13212,-8319,847,pos,0 days 00:33:20.951000,0 days 01:28:57.559000
2024-05-19 13:36:37.925,OnTrack,-13309,-8403,848,pos,0 days 00:33:21.331000,0 days 01:28:57.939000
2024-05-19 13:36:38.105,OnTrack,-13375,-8460,849,pos,0 days 00:33:21.511000,0 days 01:28:58.119000
2024-05-19 13:36:38.305,OnTrack,-13500,-8565,851,pos,0 days 00:33:21.711000,0 days 01:28:58.319000
2024-05-19 13:36:38.645,OnTrack,-13589,-8640,852,pos,0 days 00:33:22.051000,0 days 01:28:58.659000
2024-05-19 13:36:38.945,OnTrack,-13776,-8799,855,pos,0 days 00:33:22.351000,0 days 01:28:58.959000
2024-05-19 13:36:39.325,OnTrack,-13855,-8865,856,pos,0 days 00:33:22.731000,0 days 01:28:59.339000
2024-05-19 13:36:39.485,OnTrack,-13994,-8984,859,pos,0 days 00:33:22.891000,0 days 01:28:59.499000
2024-05-19 13:36:39.924,OnTrack,-14139,-9123,864,pos,0 days 00:33:23.330000,0 days 01:28:59.938000
2024-05-19 13:36:40.224,OnTrack,-14327,-9310,872,pos,0 days 00:33:23.630000,0 days 01:29:00.238000
2024-05-19 13:36:40.625,OnTrack,-14490,-9470,879,pos,0 days 00:33:24.031000,0 days 01:29:00.639000
2024-05-19 13:36:41.025,OnTrack,-14629,-9599,886,pos,0 days 00:33:24.431000,0 days 01:29:01.039000
2024-05-19 13:36:41.205,OnTrack,-14696,-9665,889,pos,0 days 00:33:24.611000,0 days 01:29:01.219000
2024-05-19 13:36:41.465,OnTrack,-14782,-9756,894,pos,0 days 00:33:24.871000,0 days 01:29:01.479000
2024-05-19 13:36:41.665,OnTrack,-14833,-9822,896,pos,0 days 00:33:25.071000,0 days 01:29:01.679000
2024-05-19 13:36:41.845,OnTrack,-14890,-9929,900,pos,0 days 00:33:25.251000,0 days 01:29:01.859000
2024-05-19 13:36:42.165,OnTrack,-14908,-9988,901,pos,0 days 00:33:25.571000,0 days 01:29:02.179000
2024-05-19 13:36:42.345,OnTrack,-14916,-10047,904,pos,0 days 00:33:25.751000,0 days 01:29:02.359000
2024-05-19 13:36:42.645,OnTrack,-14905,-10140,908,pos,0 days 00:33:26.051000,0 days 01:29:02.659000
2024-05-19 13:36:42.845,OnTrack,-14883,-10195,911,pos,0 days 00:33:26.251000,0 days 01:29:02.859000
2024-05-19 13:36:43.105,OnTrack,-14840,-10256,916,pos,0 days 00:33:26.511000,0 days 01:29:03.119000
2024-05-19 13:36:43.305,OnTrack,-14783,-10307,920,pos,0 days 00:33:26.711000,0 days 01:29:03.319000
2024-05-19 13:36:43.685,OnTrack,-14714,-10349,923,pos,0 days 00:33:27.091000,0 days 01:29:03.699000
2024-05-19 13:36:43.905,OnTrack,-14657,-10371,925,pos,0 days 00:33:27.311000,0 days 01:29:03.919000
2024-05-19 13:36:44.125,OnTrack,-14597,-10385,929,pos,0 days 00:33:27.531000,0 days 01:29:04.139000
2024-05-19 13:36:44.365,OnTrack,-14526,-10394,933,pos,0 days 00:33:27.771000,0 days 01:29:04.379000
2024-05-19 13:36:44.545,OnTrack,-14469,-10396,936,pos,0 days 00:33:27.951000,0 days 01:29:04.559000
2024-05-19 13:36:44.725,OnTrack,-14410,-10394,939,pos,0 days 00:33:28.131000,0 days 01:29:04.739000
2024-05-19 13:36:44.965,OnTrack,-14308,-10384,942,pos,0 days 00:33:28.371000,0 days 01:29:04.979000
2024-05-19 13:36:45.365,OnTrack,-14214,-10370,948,pos,0 days 00:33:28.771000,0 days 01:29:05.379000
2024-05-19 13:36:45.605,OnTrack,-14112,-10353,952,pos,0 days 00:33:29.011000,0 days 01:29:05.619000
2024-05-19 13:36:45.785,OnTrack,-13986,-10329,958,pos,0 days 00:33:29.191000,0 days 01:29:05.799000
2024-05-19 13:36:46.045,OnTrack,-13910,-10313,961,pos,0 days 00:33:29.451000,0 days 01:29:06.059000
2024-05-19 13:36:46.384,OnTrack,-13677,-10266,971,pos,0 days 00:33:29.790000,0 days 01:29:06.398000
2024-05-19 13:36:46.704,OnTrack,-13571,-10245,975,pos,0 days 00:33:30.110000,0 days 01:29:06.718000
2024-05-19 13:36:46.904,OnTrack,-13461,-10225,980,pos,0 days 00:33:30.310000,0 days 01:29:06.918000
2024-05-19 13:36:47.225,OnTrack,-13278,-10192,987,pos,0 days 00:33:30.631000,0 days 01:29:07.239000
2024-05-19 13:36:47.425,OnTrack,-13075,-10156,994,pos,0 days 00:33:30.831000,0 days 01:29:07.439000
2024-05-19 13:36:47.845,OnTrack,-12851,-10120,1002,pos,0 days 00:33:31.251000,0 days 01:29:07.859000
2024-05-19 13:36:48.185,OnTrack,-12684,-10095,1007,pos,0 days 00:33:31.591000,0 days 01:29:08.199000
2024-05-19 13:36:48.285,OnTrack,-12620,-10085,1009,pos,0 days 00:33:31.691000,0 days 01:29:08.299000
2024-05-19 13:36:48.605,OnTrack,-12342,-10046,1020,pos,0 days 00:33:32.011000,0 days 01:29:08.619000
2024-05-19 13:36:49.005,OnTrack,-12138,-10017,1030,pos,0 days 00:33:32.411000,0 days 01:29:09.019000
2024-05-19 13:36:49.285,OnTrack,-11945,-9991,1043,pos,0 days 00:33:32.691000,0 days 01:29:09.299000
2024-05-19 13:36:49.425,OnTrack,-11827,-9976,1050,pos,0 days 00:33:32.831000,0 days 01:29:09.439000
2024-05-19 13:36:49.705,OnTrack,-11543,-9946,1069,pos,0 days 00:33:33.111000,0 days 01:29:09.719000
2024-05-19 13:36:50.105,OnTrack,-11340,-9929,1082,pos,0 days 00:33:33.511000,0 days 01:29:10.119000
2024-05-19 13:36:50.305,OnTrack,-11194,-9922,1091,pos,0 days 00:33:33.711000,0 days 01:29:10.319000
2024-05-19 13:36:50.485,OnTrack,-11061,-9918,1099,pos,0 days 00:33:33.891000,0 days 01:29:10.499000
2024-05-19 13:36:50.645,OnTrack,-10840,-9919,1111,pos,0 days 00:33:34.051000,0 days 01:29:10.659000
2024-05-19 13:36:51.005,OnTrack,-10677,-9926,1118,pos,0 days 00:33:34.411000,0 days 01:29:11.019000
2024-05-19 13:36:51.285,OnTrack,-10379,-9952,1122,pos,0 days 00:33:34.691000,0 days 01:29:11.299000
2024-05-19 13:36:51.785,OnTrack,-10096,-9984,1121,pos,0 days 00:33:35.191000,0 days 01:29:11.799000
2024-05-19 13:36:51.985,OnTrack,-9946,-10001,1120,pos,0 days 00:33:35.391000,0 days 01:29:11.999000
2024-05-19 13:36:52.165,OnTrack,-9812,-10017,1119,pos,0 days 00:33:35.571000,0 days 01:29:12.179000
2024-05-19 13:36:52.365,OnTrack,-9663,-10034,1118,pos,0 days 00:33:35.771000,0 days 01:29:12.379000
2024-05-19 13:36:53.244,OnTrack,-9114,-10067,1114,pos,0 days 00:33:36.650000,0 days 01:29:13.258000
2024-05-19 13:36:53.464,OnTrack,-8994,-10047,1114,pos,0 days 00:33:36.870000,0 days 01:29:13.478000
2024-05-19 13:36:53.665,OnTrack,-8892,-10011,1114,pos,0 days 00:33:37.071000,0 days 01:29:13.679000
2024-05-19 13:36:53.865,OnTrack,-8798,-9959,1113,pos,0 days 00:33:37.271000,0 days 01:29:13.879000
2024-05-19 13:36:54.125,OnTrack,-8692,-9869,1109,pos,0 days 00:33:37.531000,0 days 01:29:14.139000
2024-05-19 13:36:54.345,OnTrack,-8617,-9772,1106,pos,0 days 00:33:37.751000,0 days 01:29:14.359000
2024-05-19 13:36:54.525,OnTrack,-8564,-9682,1103,pos,0 days 00:33:37.931000,0 days 01:29:14.539000
2024-05-19 13:36:54.745,OnTrack,-8478,-9513,1098,pos,0 days 00:33:38.151000,0 days 01:29:14.759000
2024-05-19 13:36:55.105,OnTrack,-8409,-9372,1093,pos,0 days 00:33:38.511000,0 days 01:29:15.119000
2024-05-19 13:36:55.265,OnTrack,-8370,-9282,1089,pos,0 days 00:33:38.671000,0 days 01:29:15.279000
2024-05-19 13:36:55.505,OnTrack,-8318,-9141,1085,pos,0 days 00:33:38.911000,0 days 01:29:15.519000
2024-05-19 13:36:55.705,OnTrack,-8284,-9018,1081,pos,0 days 00:33:39.111000,0 days 01:29:15.719000
2024-05-19 13:36:55.885,OnTrack,-8261,-8903,1076,pos,0 days 00:33:39.291000,0 days 01:29:15.899000
2024-05-19 13:36:56.085,OnTrack,-8244,-8772,1070,pos,0 days 00:33:39.491000,0 days 01:29:16.099000
2024-05-19 13:36:56.365,OnTrack,-8237,-8582,1059,pos,0 days 00:33:39.771000,0 days 01:29:16.379000
2024-05-19 13:36:56.465,OnTrack,-8239,-8514,1055,pos,0 days 00:33:39.871000,0 days 01:29:16.479000
2024-05-19 13:36:56.705,OnTrack,-8251,-8347,1042,pos,0 days 00:33:40.111000,0 days 01:29:16.719000
2024-05-19 13:36:56.965,OnTrack,-8274,-8164,1026,pos,0 days 00:33:40.371000,0 days 01:29:16.979000
2024-05-19 13:36:57.125,OnTrack,-8292,-8051,1015,pos,0 days 00:33:40.531000,0 days 01:29:17.139000
2024-05-19 13:36:57.345,OnTrack,-8322,-7895,1001,pos,0 days 00:33:40.751000,0 days 01:29:17.359000
2024-05-19 13:36:57.485,OnTrack,-8343,-7795,993,pos,0 days 00:33:40.891000,0 days 01:29:17.499000
2024-05-19 13:36:57.745,OnTrack,-8403,-7536,974,pos,0 days 00:33:41.151000,0 days 01:29:17.759000
2024-05-19 13:36:58.165,OnTrack,-8473,-7230,956,pos,0 days 00:33:41.571000,0 days 01:29:18.179000
2024-05-19 13:36:58.525,OnTrack,-8516,-7039,946,pos,0 days 00:33:41.931000,0 days 01:29:18.539000
2024-05-19 13:36:58.765,OnTrack,-8557,-6861,937,pos,0 days 00:33:42.171000,0 days 01:29:18.779000
2024-05-19 13:36:58.985,OnTrack,-8606,-6639,925,pos,0 days 00:33:42.391000,0 days 01:29:18.999000
2024-05-19 13:36:59.345,OnTrack,-8644,-6437,914,pos,0 days 00:33:42.751000,0 days 01:29:19.359000
2024-05-19 13:36:59.504,OnTrack,-8652,-6358,911,pos,0 days 00:33:42.910000,0 days 01:29:19.518000
2024-05-19 13:36:59.764,OnTrack,-8643,-6184,903,pos,0 days 00:33:43.170000,0 days 01:29:19.778000
2024-05-19 13:36:59.964,OnTrack,-8577,-5973,899,pos,0 days 00:33:43.370000,0 days 01:29:19.978000
2024-05-19 13:37:00.305,OnTrack,-8511,-5839,897,pos,0 days 00:33:43.711000,0 days 01:29:20.319000
2024-05-19 13:37:00.565,OnTrack,-8434,-5701,896,pos,0 days 00:33:43.971000,0 days 01:29:20.579000
2024-05-19 13:37:00.845,OnTrack,-8355,-5571,898,pos,0 days 00:33:44.251000,0 days 01:29:20.859000
2024-05-19 13:37:01.065,OnTrack,-8259,-5447,902,pos,0 days 00:33:44.471000,0 days 01:29:21.079000
2024-05-19 13:37:01.465,OnTrack,-8177,-5376,905,pos,0 days 00:33:44.871000,0 days 01:29:21.479000
2024-05-19 13:37:01.645,OnTrack,-8118,-5345,907,pos,0 days 00:33:45.051000,0 days 01:29:21.659000
2024-05-19 13:37:01.825,OnTrack,-8014,-5325,911,pos,0 days 00:33:45.231000,0 days 01:29:21.839000
2024-05-19 13:37:02.305,OnTrack,-7884,-5342,922,pos,0 days 00:33:45.711000,0 days 01:29:22.319000
2024-05-19 13:37:02.525,OnTrack,-7809,-5361,929,pos,0 days 00:33:45.931000,0 days 01:29:22.539000
2024-05-19 13:37:02.725,OnTrack,-7741,-5380,936,pos,0 days 00:33:46.131000,0 days 01:29:22.739000
2024-05-19 13:37:02.945,OnTrack,-7663,-5400,943,pos,0 days 00:33:46.351000,0 days 01:29:22.959000
2024-05-19 13:37:03.105,OnTrack,-7604,-5412,949,pos,0 days 00:33:46.511000,0 days 01:29:23.119000
2024-05-19 13:37:03.345,OnTrack,-7452,-5433,962,pos,0 days 00:33:46.751000,0 days 01:29:23.359000
2024-05-19 13:37:03.725,OnTrack,-7320,-5441,974,pos,0 days 00:33:47.131000,0 days 01:29:23.739000
2024-05-19 13:37:04.085,OnTrack,-7187,-5443,985,pos,0 days 00:33:47.491000,0 days 01:29:24.099000
2024-05-19 13:37:04.365,OnTrack,-7045,-5443,995,pos,0 days 00:33:47.771000,0 days 01:29:24.379000
2024-05-19 13:37:04.545,OnTrack,-6897,-5441,1005,pos,0 days 00:33:47.951000,0 days 01:29:24.559000
2024-05-19 13:37:04.925,OnTrack,-6742,-5440,1013,pos,0 days 00:33:48.331000,0 days 01:29:24.939000
2024-05-19 13:37:05.145,OnTrack,-6616,-5439,1019,pos,0 days 00:33:48.551000,0 days 01:29:25.159000
2024-05-19 13:37:05.305,OnTrack,-6522,-5438,1023,pos,0 days 00:33:48.711000,0 days 01:29:25.319000
2024-05-19 13:37:05.505,OnTrack,-6401,-5437,1028,pos,0 days 00:33:48.911000,0 days 01:29:25.519000
2024-05-19 13:37:05.805,OnTrack,-6125,-5435,1036,pos,0 days 00:33:49.211000,0 days 01:29:25.819000
2024-05-19 13:37:06.124,OnTrack,-6009,-5434,1039,pos,0 days 00:33:49.530000,0 days 01:29:26.138000
2024-05-19 13:37:06.284,OnTrack,-5904,-5433,1042,pos,0 days 00:33:49.690000,0 days 01:29:26.298000
2024-05-19 13:37:06.584,OnTrack,-5704,-5431,1047,pos,0 days 00:33:49.990000,0 days 01:29:26.598000
2024-05-19 13:37:06.785,OnTrack,-5568,-5430,1052,pos,0 days 00:33:50.191000,0 days 01:29:26.799000
2024-05-19 13:37:06.945,OnTrack,-5458,-5429,1054,pos,0 days 00:33:50.351000,0 days 01:29:26.959000
2024-05-19 13:37:07.265,OnTrack,-5233,-5423,1061,pos,0 days 00:33:50.671000,0 days 01:29:27.279000
2024-05-19 13:37:07.465,OnTrack,-4989,-5407,1069,pos,0 days 00:33:50.871000,0 days 01:29:27.479000
2024-05-19 13:37:07.865,OnTrack,-4747,-5385,1075,pos,0 days 00:33:51.271000,0 days 01:29:27.879000
2024-05-19 13:37:08.165,OnTrack,-4590,-5371,1079,pos,0 days 00:33:51.571000,0 days 01:29:28.179000
2024-05-19 13:37:08.465,OnTrack,-4374,-5353,1082,pos,0 days 00:33:51.871000,0 days 01:29:28.479000
2024-05-19 13:37:08.705,OnTrack,-4202,-5339,1083,pos,0 days 00:33:52.111000,0 days 01:29:28.719000
2024-05-19 13:37:08.905,OnTrack,-4014,-5323,1085,pos,0 days 00:33:52.311000,0 days 01:29:28.919000
2024-05-19 13:37:09.205,OnTrack,-3851,-5310,1086,pos,0 days 00:33:52.611000,0 days 01:29:29.219000
2024-05-19 13:37:09.445,OnTrack,-3635,-5292,1087,pos,0 days 00:33:52.851000,0 days 01:29:29.459000
2024-05-19 13:37:09.925,OnTrack,-3389,-5275,1089,pos,0 days 00:33:53.331000,0 days 01:29:29.939000
2024-05-19 13:37:10.245,OnTrack,-3314,-5273,1090,pos,0 days 00:33:53.651000,0 days 01:29:30.259000
2024-05-19 13:37:10.525,OnTrack,-3209,-5283,1092,pos,0 days 00:33:53.931000,0 days 01:29:30.539000
2024-05-19 13:37:10.945,OnTrack,-3114,-5341,1095,pos,0 days 00:33:54.351000,0 days 01:29:30.959000
2024-05-19 13:37:11.145,OnTrack,-3047,-5411,1096,pos,0 days 00:33:54.551000,0 days 01:29:31.159000
2024-05-19 13:37:11.445,OnTrack,-2998,-5464,1096,pos,0 days 00:33:54.851000,0 days 01:29:31.459000
2024-05-19 13:37:11.685,OnTrack,-2945,-5509,1096,pos,0 days 00:33:55.091000,0 days 01:29:31.699000
2024-05-19 13:37:11.985,OnTrack,-2870,-5549,1096,pos,0 days 00:33:55.391000,0 days 01:29:31.999000
2024-05-19 13:37:12.185,OnTrack,-2786,-5563,1094,pos,0 days 00:33:55.591000,0 days 01:29:32.199000
2024-05-19 13:37:12.485,OnTrack,-2736,-5557,1093,pos,0 days 00:33:55.891000,0 days 01:29:32.499000
2024-05-19 13:37:12.684,OnTrack,-2680,-5545,1092,pos,0 days 00:33:56.090000,0 days 01:29:32.698000
2024-05-19 13:37:12.864,OnTrack,-2630,-5530,1091,pos,0 days 00:33:56.270000,0 days 01:29:32.878000
2024-05-19 13:37:13.164,OnTrack,-2543,-5501,1089,pos,0 days 00:33:56.570000,0 days 01:29:33.178000
2024-05-19 13:37:13.325,OnTrack,-2494,-5482,1088,pos,0 days 00:33:56.731000,0 days 01:29:33.339000
2024-05-19 13:37:13.505,OnTrack,-2437,-5457,1086,pos,0 days 00:33:56.911000,0 days 01:29:33.519000
2024-05-19 13:37:13.805,OnTrack,-2334,-5410,1084,pos,0 days 00:33:57.211000,0 days 01:29:33.819000
2024-05-19 13:37:13.845,OnTrack,-2320,-5403,1084,pos,0 days 00:33:57.251000,0 days 01:29:33.859000
2024-05-19 13:37:14.165,OnTrack,-2150,-5315,1080,pos,0 days 00:33:57.571000,0 days 01:29:34.179000
2024-05-19 13:37:14.505,OnTrack,-2058,-5266,1078,pos,0 days 00:33:57.911000,0 days 01:29:34.519000
2024-05-19 13:37:14.825,OnTrack,-1915,-5191,1075,pos,0 days 00:33:58.231000,0 days 01:29:34.839000
2024-05-19 13:37:14.905,OnTrack,-1877,-5171,1074,pos,0 days 00:33:58.311000,0 days 01:29:34.919000
2024-05-19 13:37:15.125,OnTrack,-1772,-5116,1072,pos,0 days 00:33:58.531000,0 days 01:29:35.139000
2024-05-19 13:37:15.365,OnTrack,-1652,-5055,1070,pos,0 days 00:33:58.771000,0 days 01:29:35.379000
2024-05-19 13:37:16.325,OnTrack,-1099,-4795,1059,pos,0 days 00:33:59.731000,0 days 01:29:36.339000
2024-05-19 13:37:16.745,OnTrack,-882,-4671,1055,pos,0 days 00:34:00.151000,0 days 01:29:36.759000
2024-05-19 13:37:16.925,OnTrack,-780,-4606,1052,pos,0 days 00:34:00.331000,0 days 01:29:36.939000
2024-05-19 13:37:17.005,OnTrack,-734,-4575,1050,pos,0 days 00:34:00.411000,0 days 01:29:37.019000
2024-05-19 13:37:17.165,OnTrack,-644,-4512,1048,pos,0 days 00:34:00.571000,0 days 01:29:37.179000
2024-05-19 13:37:17.485,OnTrack,-462,-4381,1042,pos,0 days 00:34:00.891000,0 days 01:29:37.499000
2024-05-19 13:37:17.725,OnTrack,-326,-4278,1038,pos,0 days 00:34:01.131000,0 days 01:29:37.739000
2024-05-19 13:37:17.865,OnTrack,-247,-4216,1035,pos,0 days 00:34:01.271000,0 days 01:29:37.879000
2024-05-19 13:37:18.165,OnTrack,-13,-4018,1029,pos,0 days 00:34:01.571000,0 days 01:29:38.179000
2024-05-19 13:37:18.545,OnTrack,125,-3885,1026,pos,0 days 00:34:01.951000,0 days 01:29:38.559000
2024-05-19 13:37:18.785,OnTrack,329,-3670,1019,pos,0 days 00:34:02.191000,0 days 01:29:38.799000
2024-05-19 13:37:19.025,OnTrack,401,-3591,1017,pos,0 days 00:34:02.431000,0 days 01:29:39.039000
2024-05-19 13:37:19.244,OnTrack,514,-3466,1012,pos,0 days 00:34:02.650000,0 days 01:29:39.258000
2024-05-19 13:37:19.584,OnTrack,721,-3236,1000,pos,0 days 00:34:02.990000,0 days 01:29:39.598000
2024-05-19 13:37:19.925,OnTrack,868,-3074,990,pos,0 days 00:34:03.331000,0 days 01:29:39.939000
2024-05-19 13:37:20.185,OnTrack,1006,-2921,979,pos,0 days 00:34:03.591000,0 days 01:29:40.199000
2024-05-19 13:37:20.425,OnTrack,1166,-2744,966,pos,0 days 00:34:03.831000,0 days 01:29:40.439000
2024-05-19 13:37:20.725,OnTrack,1296,-2603,954,pos,0 days 00:34:04.131000,0 days 01:29:40.739000
2024-05-19 13:37:21.045,OnTrack,1536,-2370,933,pos,0 days 00:34:04.451000,0 days 01:29:41.059000
2024-05-19 13:37:21.465,OnTrack,1809,-2184,911,pos,0 days 00:34:04.871000,0 days 01:29:41.479000
2024-05-19 13:37:21.865,OnTrack,2100,-2053,888,pos,0 days 00:34:05.271000,0 days 01:29:41.879000
2024-05-19 13:37:22.165,OnTrack,2277,-1983,874,pos,0 days 00:34:05.571000,0 days 01:29:42.179000
2024-05-19 13:37:22.425,OnTrack,2457,-1910,860,pos,0 days 00:34:05.831000,0 days 01:29:42.439000
2024-05-19 13:37:22.645,OnTrack,2595,-1854,850,pos,0 days 00:34:06.051000,0 days 01:29:42.659000
2024-05-19 13:37:22.825,OnTrack,2753,-1789,838,pos,0 days 00:34:06.231000,0 days 01:29:42.839000
2024-05-19 13:37:23.185,OnTrack,2881,-1736,830,pos,0 days 00:34:06.591000,0 days 01:29:43.199000
2024-05-19 13:37:23.505,OnTrack,3035,-1655,820,pos,0 days 00:34:06.911000,0 days 01:29:43.519000
2024-05-19 13:37:23.865,OnTrack,3106,-1592,815,pos,0 days 00:34:07.271000,0 days 01:29:43.879000
2024-05-19 13:37:24.105,OnTrack,3171,-1481,809,pos,0 days 00:34:07.511000,0 days 01:29:44.119000
2024-05-19 13:37:24.365,OnTrack,3182,-1442,807,pos,0 days 00:34:07.771000,0 days 01:29:44.379000
2024-05-19 13:37:24.645,OnTrack,3187,-1304,802,pos,0 days 00:34:08.051000,0 days 01:29:44.659000
2024-05-19 13:37:25.045,OnTrack,3171,-1220,799,pos,0 days 00:34:08.451000,0 days 01:29:45.059000
2024-05-19 13:37:25.225,OnTrack,3156,-1161,798,pos,0 days 00:34:08.631000,0 days 01:29:45.239000
2024-05-19 13:37:25.485,OnTrack,3120,-1048,795,pos,0 days 00:34:08.891000,0 days 01:29:45.499000
2024-05-19 13:37:25.924,OnTrack,3075,-919,794,pos,0 days 00:34:09.330000,0 days 01:29:45.938000
2024-05-19 13:37:26.104,OnTrack,3048,-853,793,pos,0 days 00:34:09.510000,0 days 01:29:46.118000
2024-05-19 13:37:26.304,OnTrack,3012,-775,792,pos,0 days 00:34:09.710000,0 days 01:29:46.318000
2024-05-19 13:37:26.485,OnTrack,2953,-662,791,pos,0 days 00:34:09.891000,0 days 01:29:46.499000
2024-05-19 13:37:26.805,OnTrack,2898,-578,790,pos,0 days 00:34:10.211000,0 days 01:29:46.819000
2024-05-19 13:37:27.065,OnTrack,2823,-494,789,pos,0 days 00:34:10.471000,0 days 01:29:47.079000
2024-05-19 13:37:27.245,OnTrack,2764,-449,788,pos,0 days 00:34:10.651000,0 days 01:29:47.259000
2024-05-19 13:37:27.485,OnTrack,2622,-384,787,pos,0 days 00:34:10.891000,0 days 01:29:47.499000
2024-05-19 13:37:27.825,OnTrack,2543,-367,786,pos,0 days 00:34:11.231000,0 days 01:29:47.839000
2024-05-19 13:37:28.065,OnTrack,2448,-359,786,pos,0 days 00:34:11.471000,0 days 01:29:48.079000
2024-05-19 13:37:28.365,OnTrack,2302,-368,785,pos,0 days 00:34:11.771000,0 days 01:29:48.379000
2024-05-19 13:37:28.685,OnTrack,2195,-392,784,pos,0 days 00:34:12.091000,0 days 01:29:48.699000
2024-05-19 13:37:28.925,OnTrack,2094,-429,783,pos,0 days 00:34:12.331000,0 days 01:29:48.939000
2024-05-19 13:37:29.185,OnTrack,1980,-481,781,pos,0 days 00:34:12.591000,0 days 01:29:49.199000
2024-05-19 13:37:29.365,OnTrack,1854,-540,780,pos,0 days 00:34:12.771000,0 days 01:29:49.379000
2024-05-19 13:37:29.705,OnTrack,1755,-586,779,pos,0 days 00:34:13.111000,0 days 01:29:49.719000
2024-05-19 13:37:29.905,OnTrack,1656,-631,778,pos,0 days 00:34:13.311000,0 days 01:29:49.919000
2024-05-19 13:37:30.065,OnTrack,1575,-667,778,pos,0 days 00:34:13.471000,0 days 01:29:50.079000
2024-05-19 13:37:30.445,OnTrack,1339,-774,778,pos,0 days 00:34:13.851000,0 days 01:29:50.459000
2024-05-19 13:37:30.865,OnTrack,1112,-877,778,pos,0 days 00:34:14.271000,0 days 01:29:50.879000
2024-05-19 13:37:31.165,OnTrack,960,-946,778,pos,0 days 00:34:14.571000,0 days 01:29:51.179000
2024-05-19 13:37:31.485,OnTrack,680,-1066,779,pos,0 days 00:34:14.891000,0 days 01:29:51.499000
2024-05-19 13:37:31.805,OnTrack,564,-1114,780,pos,0 days 00:34:15.211000,0 days 01:29:51.819000
2024-05-19 13:37:31.925,OnTrack,488,-1146,780,pos,0 days 00:34:15.331000,0 days 01:29:51.939000
2024-05-19 13:37:32.165,OnTrack,333,-1211,781,pos,0 days 00:34:15.571000,0 days 01:29:52.179000
2024-05-19 13:37:32.364,OnTrack,203,-1266,781,pos,0 days 00:34:15.770000,0 days 01:29:52.378000
2024-05-19 13:37:32.604,OnTrack,44,-1333,781,pos,0 days 00:34:16.010000,0 days 01:29:52.618000
2024-05-19 13:37:32.924,OnTrack,-173,-1419,782,pos,0 days 00:34:16.330000,0 days 01:29:52.938000
2024-05-19 13:37:33.125,OnTrack,-311,-1467,782,pos,0 days 00:34:16.531000,0 days 01:29:53.139000
2024-05-19 13:37:33.205,OnTrack,-368,-1484,782,pos,0 days 00:34:16.611000,0 days 01:29:53.219000
2024-05-19 13:37:33.445,OnTrack,-542,-1530,783,pos,0 days 00:34:16.851000,0 days 01:29:53.459000
2024-05-19 13:37:33.705,OnTrack,-735,-1565,783,pos,0 days 00:34:17.111000,0 days 01:29:53.719000
2024-05-19 13:37:33.905,OnTrack,-895,-1579,783,pos,0 days 00:34:17.311000,0 days 01:29:53.919000
2024-05-19 13:37:34.145,OnTrack,-1119,-1590,784,pos,0 days 00:34:17.551000,0 days 01:29:54.159000
2024-05-19 13:37:34.265,OnTrack,-1214,-1592,784,pos,0 days 00:34:17.671000,0 days 01:29:54.279000
2024-05-19 13:37:34.445,OnTrack,-1338,-1595,785,pos,0 days 00:34:17.851000,0 days 01:29:54.459000
2024-05-19 13:37:34.685,OnTrack,-1527,-1607,786,pos,0 days 00:34:18.091000,0 days 01:29:54.699000
2024-05-19 13:37:34.965,OnTrack,-1750,-1619,787,pos,0 days 00:34:18.371000,0 days 01:29:54.979000
2024-05-19 13:37:35.085,OnTrack,-1846,-1625,787,pos,0 days 00:34:18.491000,0 days 01:29:55.099000
2024-05-19 13:37:35.405,OnTrack,-2152,-1642,788,pos,0 days 00:34:18.811000,0 days 01:29:55.419000
2024-05-19 13:37:35.745,OnTrack,-2380,-1655,789,pos,0 days 00:34:19.151000,0 days 01:29:55.759000
2024-05-19 13:37:35.925,OnTrack,-2526,-1663,790,pos,0 days 00:34:19.331000,0 days 01:29:55.939000
2024-05-19 13:37:36.245,OnTrack,-2788,-1673,791,pos,0 days 00:34:19.651000,0 days 01:29:56.259000
2024-05-19 13:37:36.285,OnTrack,-2821,-1674,791,pos,0 days 00:34:19.691000,0 days 01:29:56.299000
2024-05-19 13:37:36.525,OnTrack,-3020,-1680,792,pos,0 days 00:34:19.931000,0 days 01:29:56.539000
2024-05-19 13:37:36.765,OnTrack,-3219,-1687,793,pos,0 days 00:34:20.171000,0 days 01:29:56.779000
2024-05-19 13:37:36.945,OnTrack,-3369,-1693,793,pos,0 days 00:34:20.351000,0 days 01:29:56.959000
2024-05-19 13:37:37.205,OnTrack,-3585,-1695,795,pos,0 days 00:34:20.611000,0 days 01:29:57.219000
2024-05-19 13:37:37.345,OnTrack,-3702,-1692,795,pos,0 days 00:34:20.751000,0 days 01:29:57.359000
2024-05-19 13:37:37.545,OnTrack,-3868,-1678,796,pos,0 days 00:34:20.951000,0 days 01:29:57.559000
2024-05-19 13:37:37.905,OnTrack,-4271,-1610,798,pos,0 days 00:34:21.311000,0 days 01:29:57.919000
2024-05-19 13:37:38.305,OnTrack,-4505,-1557,799,pos,0 days 00:34:21.711000,0 days 01:29:58.319000
2024-05-19 13:37:38.465,OnTrack,-4721,-1504,801,pos,0 days 00:34:21.871000,0 days 01:29:58.479000
2024-05-19 13:37:38.904,OnTrack,-5121,-1406,804,pos,0 days 00:34:22.310000,0 days 01:29:58.918000
2024-05-19 13:37:39.324,OnTrack,-5355,-1350,806,pos,0 days 00:34:22.730000,0 days 01:29:59.338000
2024-05-19 13:37:39.384,OnTrack,-5406,-1339,806,pos,0 days 00:34:22.790000,0 days 01:29:59.398000
2024-05-19 13:37:39.745,OnTrack,-5692,-1284,809,pos,0 days 00:34:23.151000,0 days 01:29:59.759000
2024-05-19 13:37:40.125,OnTrack,-5966,-1250,811,pos,0 days 00:34:23.531000,0 days 01:30:00.139000
2024-05-19 13:37:40.305,OnTrack,-6122,-1239,812,pos,0 days 00:34:23.711000,0 days 01:30:00.319000
2024-05-19 13:37:40.465,OnTrack,-6260,-1233,814,pos,0 days 00:34:23.871000,0 days 01:30:00.479000
2024-05-19 13:37:40.625,OnTrack,-6398,-1230,814,pos,0 days 00:34:24.031000,0 days 01:30:00.639000
2024-05-19 13:37:40.865,OnTrack,-6724,-1230,816,pos,0 days 00:34:24.271000,0 days 01:30:00.879000
2024-05-19 13:37:41.305,OnTrack,-6981,-1235,817,pos,0 days 00:34:24.711000,0 days 01:30:01.319000
2024-05-19 13:37:41.425,OnTrack,-7084,-1239,817,pos,0 days 00:34:24.831000,0 days 01:30:01.439000
2024-05-19 13:37:41.705,OnTrack,-7322,-1252,818,pos,0 days 00:34:25.111000,0 days 01:30:01.719000
2024-05-19 13:37:41.965,OnTrack,-7627,-1280,818,pos,0 days 00:34:25.371000,0 days 01:30:01.979000
2024-05-19 13:37:42.285,OnTrack,-7812,-1300,818,pos,0 days 00:34:25.691000,0 days 01:30:02.299000
2024-05-19 13:37:42.505,OnTrack,-8117,-1337,818,pos,0 days 00:34:25.911000,0 days 01:30:02.519000
2024-05-19 13:37:42.745,OnTrack,-8318,-1364,819,pos,0 days 00:34:26.151000,0 days 01:30:02.759000
2024-05-19 13:37:43.025,OnTrack,-8670,-1413,819,pos,0 days 00:34:26.431000,0 days 01:30:03.039000
2024-05-19 13:37:43.365,OnTrack,-8836,-1436,819,pos,0 days 00:34:26.771000,0 days 01:30:03.379000
2024-05-19 13:37:44.185,OnTrack,-9495,-1574,819,pos,0 days 00:34:27.591000,0 days 01:30:04.199000
2024-05-19 13:37:44.445,OnTrack,-9680,-1632,819,pos,0 days 00:34:27.851000,0 days 01:30:04.459000
2024-05-19 13:37:44.585,OnTrack,-9775,-1662,818,pos,0 days 00:34:27.991000,0 days 01:30:04.599000
2024-05-19 13:37:44.865,OnTrack,-9943,-1715,819,pos,0 days 00:34:28.271000,0 days 01:30:04.879000
2024-05-19 13:37:45.065,OnTrack,-10048,-1747,819,pos,0 days 00:34:28.471000,0 days 01:30:05.079000
2024-05-19 13:37:45.305,OnTrack,-10127,-1772,818,pos,0 days 00:34:28.711000,0 days 01:30:05.319000
2024-05-19 13:37:45.465,OnTrack,-10197,-1798,818,pos,0 days 00:34:28.871000,0 days 01:30:05.479000
2024-05-19 13:37:45.644,OnTrack,-10260,-1834,818,pos,0 days 00:34:29.050000,0 days 01:30:05.658000
2024-05-19 13:37:45.944,OnTrack,-10342,-1921,818,pos,0 days 00:34:29.350000,0 days 01:30:05.958000
2024-05-19 13:37:46.165,OnTrack,-10389,-2030,818,pos,0 days 00:34:29.571000,0 days 01:30:06.179000
2024-05-19 13:37:46.465,OnTrack,-10418,-2134,819,pos,0 days 00:34:29.871000,0 days 01:30:06.479000
2024-05-19 13:37:46.765,OnTrack,-10459,-2259,819,pos,0 days 00:34:30.171000,0 days 01:30:06.779000
2024-05-19 13:37:47.005,OnTrack,-10550,-2406,818,pos,0 days 00:34:30.411000,0 days 01:30:07.019000
2024-05-19 13:37:47.385,OnTrack,-10633,-2486,818,pos,0 days 00:34:30.791000,0 days 01:30:07.399000
2024-05-19 13:37:47.605,OnTrack,-10721,-2550,819,pos,0 days 00:34:31.011000,0 days 01:30:07.619000
2024-05-19 13:37:47.805,OnTrack,-10824,-2615,820,pos,0 days 00:34:31.211000,0 days 01:30:07.819000
2024-05-19 13:37:48.185,OnTrack,-11031,-2735,821,pos,0 days 00:34:31.591000,0 days 01:30:08.199000
2024-05-19 13:37:48.565,OnTrack,-11153,-2806,822,pos,0 days 00:34:31.971000,0 days 01:30:08.579000
2024-05-19 13:37:48.805,OnTrack,-11270,-2875,823,pos,0 days 00:34:32.211000,0 days 01:30:08.819000
2024-05-19 13:37:49.045,OnTrack,-11389,-2950,824,pos,0 days 00:34:32.451000,0 days 01:30:09.059000
2024-05-19 13:37:49.225,OnTrack,-11477,-3013,825,pos,0 days 00:34:32.631000,0 days 01:30:09.239000
2024-05-19 13:37:49.425,OnTrack,-11567,-3091,825,pos,0 days 00:34:32.831000,0 days 01:30:09.439000
2024-05-19 13:37:49.565,OnTrack,-11624,-3155,825,pos,0 days 00:34:32.971000,0 days 01:30:09.579000
2024-05-19 13:37:49.765,OnTrack,-11697,-3257,825,pos,0 days 00:34:33.171000,0 days 01:30:09.779000
2024-05-19 13:37:50.065,OnTrack,-11805,-3480,826,pos,0 days 00:34:33.471000,0 days 01:30:10.079000
2024-05-19 13:37:50.485,OnTrack,-11890,-3705,827,pos,0 days 00:34:33.891000,0 days 01:30:10.499000
2024-05-19 13:37:50.565,OnTrack,-11909,-3755,828,pos,0 days 00:34:33.971000,0 days 01:30:10.579000
2024-05-19 13:37:50.725,OnTrack,-11946,-3856,828,pos,0 days 00:34:34.131000,0 days 01:30:10.739000
2024-05-19 13:37:50.985,OnTrack,-12010,-4024,828,pos,0 days 00:34:34.391000,0 days 01:30:10.999000
2024-05-19 13:37:51.225,OnTrack,-12068,-4181,829,pos,0 days 00:34:34.631000,0 days 01:30:11.239000
2024-05-19 13:37:51.465,OnTrack,-12129,-4342,830,pos,0 days 00:34:34.871000,0 days 01:30:11.479000
2024-05-19 13:37:51.525,OnTrack,-12144,-4382,830,pos,0 days 00:34:34.931000,0 days 01:30:11.539000
2024-05-19 13:37:51.765,OnTrack,-12206,-4545,830,pos,0 days 00:34:35.171000,0 days 01:30:11.779000
2024-05-19 13:37:52.005,OnTrack,-12267,-4711,830,pos,0 days 00:34:35.411000,0 days 01:30:12.019000
2024-05-19 13:37:52.344,OnTrack,-12362,-4962,831,pos,0 days 00:34:35.750000,0 days 01:30:12.358000
2024-05-19 13:37:52.745,OnTrack,-12496,-5318,832,pos,0 days 00:34:36.151000,0 days 01:30:12.759000
2024-05-19 13:37:53.085,OnTrack,-12555,-5477,833,pos,0 days 00:34:36.491000,0 days 01:30:13.099000
2024-05-19 13:37:53.285,OnTrack,-12643,-5710,833,pos,0 days 00:34:36.691000,0 days 01:30:13.299000
2024-05-19 13:37:53.685,OnTrack,-12720,-5916,833,pos,0 days 00:34:37.091000,0 days 01:30:13.699000
2024-05-19 13:37:53.905,OnTrack,-12782,-6079,834,pos,0 days 00:34:37.311000,0 days 01:30:13.919000
2024-05-19 13:37:54.085,OnTrack,-12835,-6211,834,pos,0 days 00:34:37.491000,0 days 01:30:14.099000
2024-05-19 13:37:54.245,OnTrack,-12883,-6329,835,pos,0 days 00:34:37.651000,0 days 01:30:14.259000
2024-05-19 13:37:54.425,OnTrack,-12938,-6460,835,pos,0 days 00:34:37.831000,0 days 01:30:14.439000
2024-05-19 13:37:54.765,OnTrack,-13083,-6808,836,pos,0 days 00:34:38.171000,0 days 01:30:14.779000
2024-05-19 13:37:55.145,OnTrack,-13153,-7047,837,pos,0 days 00:34:38.551000,0 days 01:30:15.159000
2024-05-19 13:37:55.505,OnTrack,-13163,-7206,838,pos,0 days 00:34:38.911000,0 days 01:30:15.519000
2024-05-19 13:37:55.725,OnTrack,-13149,-7350,839,pos,0 days 00:34:39.131000,0 days 01:30:15.739000
2024-05-19 13:37:56.005,OnTrack,-13097,-7600,841,pos,0 days 00:34:39.411000,0 days 01:30:16.019000
2024-05-19 13:37:56.325,OnTrack,-13069,-7714,842,pos,0 days 00:34:39.731000,0 days 01:30:16.339000
2024-05-19 13:37:56.505,OnTrack,-13047,-7810,842,pos,0 days 00:34:39.911000,0 days 01:30:16.519000
2024-05-19 13:37:56.785,OnTrack,-13025,-7945,843,pos,0 days 00:34:40.191000,0 days 01:30:16.799000
2024-05-19 13:37:57.025,OnTrack,-13029,-8052,844,pos,0 days 00:34:40.431000,0 days 01:30:17.039000
2024-05-19 13:37:57.245,OnTrack,-13070,-8166,845,pos,0 days 00:34:40.651000,0 days 01:30:17.259000
2024-05-19 13:37:57.565,OnTrack,-13145,-8259,846,pos,0 days 00:34:40.971000,0 days 01:30:17.579000
2024-05-19 13:37:57.725,OnTrack,-13204,-8312,847,pos,0 days 00:34:41.131000,0 days 01:30:17.739000
2024-05-19 13:37:58.105,OnTrack,-13366,-8452,849,pos,0 days 00:34:41.511000,0 days 01:30:18.119000
2024-05-19 13:37:58.485,OnTrack,-13489,-8556,850,pos,0 days 00:34:41.891000,0 days 01:30:18.499000
2024-05-19 13:37:58.605,OnTrack,-13537,-8596,851,pos,0 days 00:34:42.011000,0 days 01:30:18.619000
2024-05-19 13:37:58.864,OnTrack,-13643,-8687,853,pos,0 days 00:34:42.270000,0 days 01:30:18.878000
2024-05-19 13:37:59.024,OnTrack,-13710,-8744,854,pos,0 days 00:34:42.430000,0 days 01:30:19.038000
2024-05-19 13:37:59.264,OnTrack,-13810,-8828,855,pos,0 days 00:34:42.670000,0 days 01:30:19.278000
2024-05-19 13:37:59.485,OnTrack,-13882,-8888,857,pos,0 days 00:34:42.891000,0 days 01:30:19.499000
2024-05-19 13:37:59.725,OnTrack,-13994,-8985,859,pos,0 days 00:34:43.131000,0 days 01:30:19.739000
2024-05-19 13:37:59.905,OnTrack,-14085,-9070,862,pos,0 days 00:34:43.311000,0 days 01:30:19.919000
2024-05-19 13:38:00.085,OnTrack,-14165,-9149,865,pos,0 days 00:34:43.491000,0 days 01:30:20.099000
2024-05-19 13:38:00.305,OnTrack,-14317,-9300,872,pos,0 days 00:34:43.711000,0 days 01:30:20.319000
2024-05-19 13:38:00.765,OnTrack,-14470,-9451,879,pos,0 days 00:34:44.171000,0 days 01:30:20.779000
2024-05-19 13:38:00.965,OnTrack,-14601,-9572,885,pos,0 days 00:34:44.371000,0 days 01:30:20.979000
2024-05-19 13:38:01.285,OnTrack,-14686,-9654,888,pos,0 days 00:34:44.691000,0 days 01:30:21.299000
2024-05-19 13:38:01.565,OnTrack,-14779,-9753,893,pos,0 days 00:34:44.971000,0 days 01:30:21.579000
2024-05-19 13:38:01.805,OnTrack,-14839,-9832,896,pos,0 days 00:34:45.211000,0 days 01:30:21.819000
2024-05-19 13:38:02.025,OnTrack,-14880,-9904,899,pos,0 days 00:34:45.431000,0 days 01:30:22.039000
2024-05-19 13:38:02.245,OnTrack,-14914,-10021,902,pos,0 days 00:34:45.651000,0 days 01:30:22.259000
2024-05-19 13:38:02.505,OnTrack,-14916,-10059,904,pos,0 days 00:34:45.911000,0 days 01:30:22.519000
2024-05-19 13:38:02.865,OnTrack,-14881,-10198,911,pos,0 days 00:34:46.271000,0 days 01:30:22.879000
2024-05-19 13:38:03.105,OnTrack,-14862,-10227,913,pos,0 days 00:34:46.511000,0 days 01:30:23.119000
2024-05-19 13:38:03.465,OnTrack,-14780,-10309,920,pos,0 days 00:34:46.871000,0 days 01:30:23.479000
2024-05-19 13:38:03.785,OnTrack,-14719,-10346,923,pos,0 days 00:34:47.191000,0 days 01:30:23.799000
2024-05-19 13:38:03.965,OnTrack,-14673,-10366,924,pos,0 days 00:34:47.371000,0 days 01:30:23.979000
2024-05-19 13:38:04.185,OnTrack,-14613,-10382,928,pos,0 days 00:34:47.591000,0 days 01:30:24.199000
2024-05-19 13:38:04.405,OnTrack,-14548,-10392,932,pos,0 days 00:34:47.811000,0 days 01:30:24.419000
2024-05-19 13:38:04.565,OnTrack,-14499,-10395,934,pos,0 days 00:34:47.971000,0 days 01:30:24.579000
2024-05-19 13:38:04.885,OnTrack,-14355,-10389,941,pos,0 days 00:34:48.291000,0 days 01:30:24.899000
2024-05-19 13:38:05.244,OnTrack,-14291,-10382,944,pos,0 days 00:34:48.650000,0 days 01:30:25.258000
2024-05-19 13:38:05.544,OnTrack,-14174,-10364,949,pos,0 days 00:34:48.950000,0 days 01:30:25.558000
2024-05-19 13:38:05.684,OnTrack,-14117,-10354,951,pos,0 days 00:34:49.090000,0 days 01:30:25.698000
2024-05-19 13:38:05.885,OnTrack,-14031,-10338,955,pos,0 days 00:34:49.291000,0 days 01:30:25.899000
2024-05-19 13:38:06.145,OnTrack,-13912,-10314,961,pos,0 days 00:34:49.551000,0 days 01:30:26.159000
2024-05-19 13:38:06.405,OnTrack,-13715,-10273,970,pos,0 days 00:34:49.811000,0 days 01:30:26.419000
2024-05-19 13:38:06.785,OnTrack,-13590,-10248,975,pos,0 days 00:34:50.191000,0 days 01:30:26.799000
2024-05-19 13:38:07.005,OnTrack,-13459,-10224,980,pos,0 days 00:34:50.411000,0 days 01:30:27.019000
2024-05-19 13:38:07.425,OnTrack,-13231,-10184,989,pos,0 days 00:34:50.831000,0 days 01:30:27.439000
2024-05-19 13:38:07.625,OnTrack,-13088,-10159,994,pos,0 days 00:34:51.031000,0 days 01:30:27.639000
2024-05-19 13:38:07.845,OnTrack,-12979,-10140,997,pos,0 days 00:34:51.251000,0 days 01:30:27.859000
2024-05-19 13:38:08.185,OnTrack,-12766,-10107,1004,pos,0 days 00:34:51.591000,0 days 01:30:28.199000
2024-05-19 13:38:08.345,OnTrack,-12663,-10092,1007,pos,0 days 00:34:51.751000,0 days 01:30:28.359000
2024-05-19 13:38:08.505,OnTrack,-12559,-10076,1011,pos,0 days 00:34:51.911000,0 days 01:30:28.519000
2024-05-19 13:38:08.765,OnTrack,-12387,-10052,1017,pos,0 days 00:34:52.171000,0 days 01:30:28.779000
2024-05-19 13:38:09.065,OnTrack,-12101,-10012,1032,pos,0 days 00:34:52.471000,0 days 01:30:29.079000
2024-05-19 13:38:09.305,OnTrack,-12018,-10001,1038,pos,0 days 00:34:52.711000,0 days 01:30:29.319000
2024-05-19 13:38:09.525,OnTrack,-11852,-9979,1049,pos,0 days 00:34:52.931000,0 days 01:30:29.539000
2024-05-19 13:38:09.905,OnTrack,-11577,-9949,1066,pos,0 days 00:34:53.311000,0 days 01:30:29.919000
2024-05-19 13:38:10.105,OnTrack,-11360,-9930,1081,pos,0 days 00:34:53.511000,0 days 01:30:30.119000
2024-05-19 13:38:10.525,OnTrack,-11050,-9918,1099,pos,0 days 00:34:53.931000,0 days 01:30:30.539000
2024-05-19 13:38:10.885,OnTrack,-10855,-9919,1110,pos,0 days 00:34:54.291000,0 days 01:30:30.899000
2024-05-19 13:38:11.145,OnTrack,-10660,-9927,1118,pos,0 days 00:34:54.551000,0 days 01:30:31.159000
2024-05-19 13:38:11.345,OnTrack,-10510,-9939,1122,pos,0 days 00:34:54.751000,0 days 01:30:31.359000
2024-05-19 13:38:11.505,OnTrack,-10389,-9951,1122,pos,0 days 00:34:54.911000,0 days 01:30:31.519000
2024-05-19 13:38:11.665,OnTrack,-10268,-9964,1122,pos,0 days 00:34:55.071000,0 days 01:30:31.679000
2024-05-19 13:38:12.725,OnTrack,-9476,-10054,1116,pos,0 days 00:34:56.131000,0 days 01:30:32.739000
2024-05-19 13:38:13.025,OnTrack,-9277,-10070,1115,pos,0 days 00:34:56.431000,0 days 01:30:33.039000
2024-05-19 13:38:13.145,OnTrack,-9212,-10071,1114,pos,0 days 00:34:56.551000,0 days 01:30:33.159000
2024-05-19 13:38:13.345,OnTrack,-9108,-10067,1114,pos,0 days 00:34:56.751000,0 days 01:30:33.359000
2024-05-19 13:38:13.605,OnTrack,-8899,-10014,1114,pos,0 days 00:34:57.011000,0 days 01:30:33.619000
2024-05-19 13:38:14.045,OnTrack,-8763,-9933,1111,pos,0 days 00:34:57.451000,0 days 01:30:34.059000
2024-05-19 13:38:14.085,OnTrack,-8747,-9920,1111,pos,0 days 00:34:57.491000,0 days 01:30:34.099000
2024-05-19 13:38:14.365,OnTrack,-8646,-9813,1107,pos,0 days 00:34:57.771000,0 days 01:30:34.379000
2024-05-19 13:38:14.545,OnTrack,-8592,-9731,1105,pos,0 days 00:34:57.951000,0 days 01:30:34.559000
2024-05-19 13:38:14.805,OnTrack,-8522,-9601,1101,pos,0 days 00:34:58.211000,0 days 01:30:34.819000
2024-05-19 13:38:15.065,OnTrack,-8455,-9468,1096,pos,0 days 00:34:58.471000,0 days 01:30:35.079000
2024-05-19 13:38:15.145,OnTrack,-8435,-9426,1095,pos,0 days 00:34:58.551000,0 days 01:30:35.159000
2024-05-19 13:38:15.305,OnTrack,-8395,-9340,1092,pos,0 days 00:34:58.711000,0 days 01:30:35.319000
2024-05-19 13:38:15.645,OnTrack,-8320,-9148,1085,pos,0 days 00:34:59.051000,0 days 01:30:35.659000
2024-05-19 13:38:15.865,OnTrack,-8272,-8967,1079,pos,0 days 00:34:59.271000,0 days 01:30:35.879000
2024-05-19 13:38:16.125,OnTrack,-8253,-8853,1074,pos,0 days 00:34:59.531000,0 days 01:30:36.139000
2024-05-19 13:38:16.485,OnTrack,-8238,-8530,1056,pos,0 days 00:34:59.891000,0 days 01:30:36.499000
2024-05-19 13:38:16.905,OnTrack,-8252,-8338,1042,pos,0 days 00:35:00.311000,0 days 01:30:36.919000
2024-05-19 13:38:17.145,OnTrack,-8271,-8188,1029,pos,0 days 00:35:00.551000,0 days 01:30:37.159000
2024-05-19 13:38:17.305,OnTrack,-8301,-8006,1011,pos,0 days 00:35:00.711000,0 days 01:30:37.319000
2024-05-19 13:38:17.665,OnTrack,-8338,-7822,995,pos,0 days 00:35:01.071000,0 days 01:30:37.679000
2024-05-19 13:38:17.865,OnTrack,-8370,-7679,985,pos,0 days 00:35:01.271000,0 days 01:30:37.879000
2024-05-19 13:38:18.065,OnTrack,-8403,-7535,974,pos,0 days 00:35:01.471000,0 days 01:30:38.079000
2024-05-19 13:38:18.365,OnTrack,-8473,-7230,956,pos,0 days 00:35:01.771000,0 days 01:30:38.379000
2024-05-19 13:38:18.704,OnTrack,-8509,-7069,948,pos,0 days 00:35:02.110000,0 days 01:30:38.718000
2024-05-19 13:38:18.924,OnTrack,-8546,-6907,939,pos,0 days 00:35:02.330000,0 days 01:30:38.938000
2024-05-19 13:38:19.145,OnTrack,-8583,-6745,931,pos,0 days 00:35:02.551000,0 days 01:30:39.159000
2024-05-19 13:38:19.365,OnTrack,-8618,-6584,922,pos,0 days 00:35:02.771000,0 days 01:30:39.379000
2024-05-19 13:38:19.565,OnTrack,-8650,-6382,912,pos,0 days 00:35:02.971000,0 days 01:30:39.579000
2024-05-19 13:38:19.905,OnTrack,-8635,-6144,903,pos,0 days 00:35:03.311000,0 days 01:30:39.919000
2024-05-19 13:38:20.405,OnTrack,-8543,-5902,898,pos,0 days 00:35:03.811000,0 days 01:30:40.419000
2024-05-19 13:38:20.605,OnTrack,-8454,-5736,896,pos,0 days 00:35:04.011000,0 days 01:30:40.619000
2024-05-19 13:38:20.845,OnTrack,-8414,-5668,897,pos,0 days 00:35:04.251000,0 days 01:30:40.859000
2024-05-19 13:38:21.045,OnTrack,-8361,-5581,898,pos,0 days 00:35:04.451000,0 days 01:30:41.059000
2024-05-19 13:38:21.425,OnTrack,-8243,-5430,902,pos,0 days 00:35:04.831000,0 days 01:30:41.439000
2024-05-19 13:38:21.725,OnTrack,-8173,-5374,905,pos,0 days 00:35:05.131000,0 days 01:30:41.739000
2024-05-19 13:38:21.905,OnTrack,-8117,-5345,907,pos,0 days 00:35:05.311000,0 days 01:30:41.919000
2024-05-19 13:38:22.125,OnTrack,-8044,-5327,909,pos,0 days 00:35:05.531000,0 days 01:30:42.139000
2024-05-19 13:38:22.305,OnTrack,-7983,-5327,915,pos,0 days 00:35:05.711000,0 days 01:30:42.319000
2024-05-19 13:38:22.565,OnTrack,-7894,-5340,921,pos,0 days 00:35:05.971000,0 days 01:30:42.579000
2024-05-19 13:38:22.745,OnTrack,-7835,-5355,927,pos,0 days 00:35:06.151000,0 days 01:30:42.759000
2024-05-19 13:38:23.065,OnTrack,-7727,-5384,937,pos,0 days 00:35:06.471000,0 days 01:30:43.079000
2024-05-19 13:38:23.325,OnTrack,-7632,-5406,945,pos,0 days 00:35:06.731000,0 days 01:30:43.339000
2024-05-19 13:38:23.465,OnTrack,-7539,-5423,954,pos,0 days 00:35:06.871000,0 days 01:30:43.479000
2024-05-19 13:38:23.845,OnTrack,-7421,-5436,965,pos,0 days 00:35:07.251000,0 days 01:30:43.859000
2024-05-19 13:38:24.025,OnTrack,-7348,-5440,971,pos,0 days 00:35:07.431000,0 days 01:30:44.039000
2024-05-19 13:38:24.225,OnTrack,-7255,-5443,979,pos,0 days 00:35:07.631000,0 days 01:30:44.239000
2024-05-19 13:38:24.385,OnTrack,-7178,-5443,985,pos,0 days 00:35:07.791000,0 days 01:30:44.399000
2024-05-19 13:38:24.725,OnTrack,-6952,-5442,1001,pos,0 days 00:35:08.131000,0 days 01:30:44.739000
2024-05-19 13:38:25.084,OnTrack,-6815,-5440,1009,pos,0 days 00:35:08.490000,0 days 01:30:45.098000
2024-05-19 13:38:25.364,OnTrack,-6657,-5439,1017,pos,0 days 00:35:08.770000,0 days 01:30:45.378000
2024-05-19 13:38:25.444,OnTrack,-6610,-5438,1020,pos,0 days 00:35:08.850000,0 days 01:30:45.458000
2024-05-19 13:38:25.665,OnTrack,-6480,-5437,1025,pos,0 days 00:35:09.071000,0 days 01:30:45.679000
2024-05-19 13:38:25.965,OnTrack,-6297,-5436,1031,pos,0 days 00:35:09.371000,0 days 01:30:45.979000
2024-05-19 13:38:26.185,OnTrack,-6158,-5435,1035,pos,0 days 00:35:09.591000,0 days 01:30:46.199000
2024-05-19 13:38:26.385,OnTrack,-6030,-5434,1038,pos,0 days 00:35:09.791000,0 days 01:30:46.399000
2024-05-19 13:38:26.585,OnTrack,-5902,-5433,1042,pos,0 days 00:35:09.991000,0 days 01:30:46.599000
2024-05-19 13:38:26.785,OnTrack,-5688,-5431,1048,pos,0 days 00:35:10.191000,0 days 01:30:46.799000
2024-05-19 13:38:27.025,OnTrack,-5606,-5430,1050,pos,0 days 00:35:10.431000,0 days 01:30:47.039000
2024-05-19 13:38:27.245,OnTrack,-5454,-5428,1055,pos,0 days 00:35:10.651000,0 days 01:30:47.259000
2024-05-19 13:38:27.545,OnTrack,-5234,-5423,1061,pos,0 days 00:35:10.951000,0 days 01:30:47.559000
2024-05-19 13:38:27.825,OnTrack,-4967,-5405,1069,pos,0 days 00:35:11.231000,0 days 01:30:47.839000
2024-05-19 13:38:28.205,OnTrack,-4682,-5379,1077,pos,0 days 00:35:11.611000,0 days 01:30:48.219000
2024-05-19 13:38:28.505,OnTrack,-4553,-5368,1079,pos,0 days 00:35:11.911000,0 days 01:30:48.519000
2024-05-19 13:38:28.665,OnTrack,-4438,-5358,1081,pos,0 days 00:35:12.071000,0 days 01:30:48.679000
2024-05-19 13:38:29.005,OnTrack,-4092,-5330,1084,pos,0 days 00:35:12.411000,0 days 01:30:49.019000
2024-05-19 13:38:29.465,OnTrack,-3791,-5305,1086,pos,0 days 00:35:12.871000,0 days 01:30:49.479000
2024-05-19 13:38:29.825,OnTrack,-3584,-5288,1087,pos,0 days 00:35:13.231000,0 days 01:30:49.839000
2024-05-19 13:38:30.265,OnTrack,-3429,-5277,1088,pos,0 days 00:35:13.671000,0 days 01:30:50.279000
2024-05-19 13:38:30.525,OnTrack,-3321,-5273,1090,pos,0 days 00:35:13.931000,0 days 01:30:50.539000
2024-05-19 13:38:30.685,OnTrack,-3265,-5274,1091,pos,0 days 00:35:14.091000,0 days 01:30:50.699000
2024-05-19 13:38:30.885,OnTrack,-3174,-5297,1093,pos,0 days 00:35:14.291000,0 days 01:30:50.899000
2024-05-19 13:38:31.305,OnTrack,-3089,-5365,1096,pos,0 days 00:35:14.711000,0 days 01:30:51.319000
2024-05-19 13:38:31.525,OnTrack,-3012,-5449,1096,pos,0 days 00:35:14.931000,0 days 01:30:51.539000
2024-05-19 13:38:31.944,OnTrack,-2911,-5530,1096,pos,0 days 00:35:15.350000,0 days 01:30:51.958000
2024-05-19 13:38:32.285,OnTrack,-2860,-5552,1095,pos,0 days 00:35:15.691000,0 days 01:30:52.299000
2024-05-19 13:38:32.625,OnTrack,-2736,-5557,1093,pos,0 days 00:35:16.031000,0 days 01:30:52.639000
2024-05-19 13:38:32.925,OnTrack,-2686,-5546,1092,pos,0 days 00:35:16.331000,0 days 01:30:52.939000
2024-05-19 13:38:33.125,OnTrack,-2630,-5530,1091,pos,0 days 00:35:16.531000,0 days 01:30:53.139000
2024-05-19 13:38:33.325,OnTrack,-2573,-5512,1090,pos,0 days 00:35:16.731000,0 days 01:30:53.339000
2024-05-19 13:38:33.525,OnTrack,-2515,-5490,1088,pos,0 days 00:35:16.931000,0 days 01:30:53.539000
2024-05-19 13:38:33.705,OnTrack,-2460,-5468,1087,pos,0 days 00:35:17.111000,0 days 01:30:53.719000
2024-05-19 13:38:33.985,OnTrack,-2367,-5426,1085,pos,0 days 00:35:17.391000,0 days 01:30:53.999000
2024-05-19 13:38:34.145,OnTrack,-2312,-5399,1083,pos,0 days 00:35:17.551000,0 days 01:30:54.159000
2024-05-19 13:38:34.385,OnTrack,-2224,-5354,1081,pos,0 days 00:35:17.791000,0 days 01:30:54.399000
2024-05-19 13:38:34.505,OnTrack,-2177,-5329,1080,pos,0 days 00:35:17.911000,0 days 01:30:54.519000
2024-05-19 13:38:34.805,OnTrack,-1995,-5233,1076,pos,0 days 00:35:18.211000,0 days 01:30:54.819000
2024-05-19 13:38:35.265,OnTrack,-1849,-5156,1073,pos,0 days 00:35:18.671000,0 days 01:30:55.279000
2024-05-19 13:38:35.425,OnTrack,-1773,-5116,1072,pos,0 days 00:35:18.831000,0 days 01:30:55.439000
2024-05-19 13:38:35.625,OnTrack,-1674,-5066,1070,pos,0 days 00:35:19.031000,0 days 01:30:55.639000
2024-05-19 13:38:35.785,OnTrack,-1587,-5024,1068,pos,0 days 00:35:19.191000,0 days 01:30:55.799000
2024-05-19 13:38:36.105,OnTrack,-1340,-4910,1064,pos,0 days 00:35:19.511000,0 days 01:30:56.119000
2024-05-19 13:38:36.485,OnTrack,-1206,-4848,1061,pos,0 days 00:35:19.891000,0 days 01:30:56.499000
2024-05-19 13:38:36.725,OnTrack,-1024,-4755,1058,pos,0 days 00:35:20.131000,0 days 01:30:56.739000
2024-05-19 13:38:37.105,OnTrack,-855,-4654,1054,pos,0 days 00:35:20.511000,0 days 01:30:57.119000
2024-05-19 13:38:37.265,OnTrack,-765,-4596,1051,pos,0 days 00:35:20.671000,0 days 01:30:57.279000
2024-05-19 13:38:37.485,OnTrack,-641,-4510,1048,pos,0 days 00:35:20.891000,0 days 01:30:57.499000
2024-05-19 13:38:37.745,OnTrack,-494,-4405,1043,pos,0 days 00:35:21.151000,0 days 01:30:57.759000
2024-05-19 13:38:37.905,OnTrack,-403,-4337,1040,pos,0 days 00:35:21.311000,0 days 01:30:57.919000
2024-05-19 13:38:38.204,OnTrack,-223,-4197,1035,pos,0 days 00:35:21.610000,0 days 01:30:58.218000
2024-05-19 13:38:38.464,OnTrack,-89,-4085,1031,pos,0 days 00:35:21.870000,0 days 01:30:58.478000
2024-05-19 13:38:38.704,OnTrack,41,-3966,1028,pos,0 days 00:35:22.110000,0 days 01:30:58.718000
2024-05-19 13:38:38.985,OnTrack,257,-3749,1022,pos,0 days 00:35:22.391000,0 days 01:30:58.999000
2024-05-19 13:38:39.365,OnTrack,421,-3570,1016,pos,0 days 00:35:22.771000,0 days 01:30:59.379000
2024-05-19 13:38:39.525,OnTrack,503,-3478,1012,pos,0 days 00:35:22.931000,0 days 01:30:59.539000
2024-05-19 13:38:39.705,OnTrack,596,-3375,1007,pos,0 days 00:35:23.111000,0 days 01:30:59.719000
2024-05-19 13:38:40.045,OnTrack,847,-3096,992,pos,0 days 00:35:23.451000,0 days 01:31:00.059000
2024-05-19 13:38:40.465,OnTrack,1039,-2884,976,pos,0 days 00:35:23.871000,0 days 01:31:00.479000
2024-05-19 13:38:40.725,OnTrack,1136,-2777,968,pos,0 days 00:35:24.131000,0 days 01:31:00.739000
2024-05-19 13:38:40.965,OnTrack,1266,-2635,957,pos,0 days 00:35:24.371000,0 days 01:31:00.979000
2024-05-19 13:38:41.205,OnTrack,1400,-2495,944,pos,0 days 00:35:24.611000,0 days 01:31:01.219000
2024-05-19 13:38:41.485,OnTrack,1566,-2346,931,pos,0 days 00:35:24.891000,0 days 01:31:01.499000
2024-05-19 13:38:41.665,OnTrack,1735,-2227,916,pos,0 days 00:35:25.071000,0 days 01:31:01.679000
2024-05-19 13:38:41.945,OnTrack,1890,-2143,905,pos,0 days 00:35:25.351000,0 days 01:31:01.959000
2024-05-19 13:38:42.285,OnTrack,2176,-2023,882,pos,0 days 00:35:25.691000,0 days 01:31:02.299000
2024-05-19 13:38:42.645,OnTrack,2484,-1899,858,pos,0 days 00:35:26.051000,0 days 01:31:02.659000
2024-05-19 13:38:43.105,OnTrack,2734,-1797,840,pos,0 days 00:35:26.511000,0 days 01:31:03.119000
2024-05-19 13:38:43.405,OnTrack,2842,-1752,832,pos,0 days 00:35:26.811000,0 days 01:31:03.419000
2024-05-19 13:38:43.585,OnTrack,2921,-1718,827,pos,0 days 00:35:26.991000,0 days 01:31:03.599000
2024-05-19 13:38:43.825,OnTrack,3012,-1670,821,pos,0 days 00:35:27.231000,0 days 01:31:03.839000
2024-05-19 13:38:44.145,OnTrack,3106,-1591,815,pos,0 days 00:35:27.551000,0 days 01:31:04.159000
2024-05-19 13:38:44.545,OnTrack,3167,-1491,809,pos,0 days 00:35:27.951000,0 days 01:31:04.559000
2024-05-19 13:38:44.605,OnTrack,3174,-1472,809,pos,0 days 00:35:28.011000,0 days 01:31:04.619000
2024-05-19 13:38:44.824,OnTrack,3188,-1400,806,pos,0 days 00:35:28.230000,0 days 01:31:04.838000
2024-05-19 13:38:45.024,OnTrack,3189,-1334,803,pos,0 days 00:35:28.430000,0 days 01:31:05.038000
2024-05-19 13:38:45.264,OnTrack,3179,-1256,800,pos,0 days 00:35:28.670000,0 days 01:31:05.278000
2024-05-19 13:38:45.545,OnTrack,3158,-1166,798,pos,0 days 00:35:28.951000,0 days 01:31:05.559000
2024-05-19 13:38:45.705,OnTrack,3142,-1115,797,pos,0 days 00:35:29.111000,0 days 01:31:05.719000
2024-05-19 13:38:45.885,OnTrack,3123,-1056,796,pos,0 days 00:35:29.291000,0 days 01:31:05.899000
2024-05-19 13:38:46.085,OnTrack,3100,-989,794,pos,0 days 00:35:29.491000,0 days 01:31:06.099000
2024-05-19 13:38:46.405,OnTrack,3048,-852,793,pos,0 days 00:35:29.811000,0 days 01:31:06.419000
2024-05-19 13:38:46.805,OnTrack,2960,-674,791,pos,0 days 00:35:30.211000,0 days 01:31:06.819000
2024-05-19 13:38:47.185,OnTrack,2896,-575,790,pos,0 days 00:35:30.591000,0 days 01:31:07.199000
2024-05-19 13:38:47.385,OnTrack,2840,-510,789,pos,0 days 00:35:30.791000,0 days 01:31:07.399000
2024-05-19 13:38:47.545,OnTrack,2789,-466,788,pos,0 days 00:35:30.951000,0 days 01:31:07.559000
2024-05-19 13:38:47.865,OnTrack,2675,-403,787,pos,0 days 00:35:31.271000,0 days 01:31:07.879000
2024-05-19 13:38:48.045,OnTrack,2606,-380,787,pos,0 days 00:35:31.451000,0 days 01:31:08.059000
2024-05-19 13:38:48.265,OnTrack,2521,-365,786,pos,0 days 00:35:31.671000,0 days 01:31:08.279000
2024-05-19 13:38:48.445,OnTrack,2427,-359,786,pos,0 days 00:35:31.851000,0 days 01:31:08.459000
2024-05-19 13:38:48.725,OnTrack,2340,-363,786,pos,0 days 00:35:32.131000,0 days 01:31:08.739000
2024-05-19 13:38:49.005,OnTrack,2228,-383,784,pos,0 days 00:35:32.411000,0 days 01:31:09.019000
2024-05-19 13:38:49.205,OnTrack,2147,-409,783,pos,0 days 00:35:32.611000,0 days 01:31:09.219000
2024-05-19 13:38:49.365,OnTrack,2081,-435,783,pos,0 days 00:35:32.771000,0 days 01:31:09.379000
2024-05-19 13:38:50.285,OnTrack,1631,-642,778,pos,0 days 00:35:33.691000,0 days 01:31:10.299000
2024-05-19 13:38:50.565,OnTrack,1550,-679,778,pos,0 days 00:35:33.971000,0 days 01:31:10.579000
2024-05-19 13:38:50.785,OnTrack,1435,-731,778,pos,0 days 00:35:34.191000,0 days 01:31:10.799000
2024-05-19 13:38:51.085,OnTrack,1229,-824,778,pos,0 days 00:35:34.491000,0 days 01:31:11.099000
2024-05-19 13:38:51.484,OnTrack,1047,-907,778,pos,0 days 00:35:34.890000,0 days 01:31:11.498000
2024-05-19 13:38:51.624,OnTrack,966,-943,778,pos,0 days 00:35:35.030000,0 days 01:31:11.638000
2024-05-19 13:38:51.945,OnTrack,724,-1047,779,pos,0 days 00:35:35.351000,0 days 01:31:11.959000
2024-05-19 13:38:52.225,OnTrack,596,-1101,780,pos,0 days 00:35:35.631000,0 days 01:31:12.239000
2024-05-19 13:38:52.485,OnTrack,431,-1170,780,pos,0 days 00:35:35.891000,0 days 01:31:12.499000
2024-05-19 13:38:52.645,OnTrack,328,-1213,781,pos,0 days 00:35:36.051000,0 days 01:31:12.659000
2024-05-19 13:38:52.865,OnTrack,185,-1274,781,pos,0 days 00:35:36.271000,0 days 01:31:12.879000
2024-05-19 13:38:53.085,OnTrack,39,-1335,781,pos,0 days 00:35:36.491000,0 days 01:31:13.099000
2024-05-19 13:38:53.305,OnTrack,-108,-1394,781,pos,0 days 00:35:36.711000,0 days 01:31:13.319000
2024-05-19 13:38:53.545,OnTrack,-273,-1455,782,pos,0 days 00:35:36.951000,0 days 01:31:13.559000
2024-05-19 13:38:53.765,OnTrack,-429,-1502,782,pos,0 days 00:35:37.171000,0 days 01:31:13.779000
2024-05-19 13:38:54.045,OnTrack,-634,-1549,783,pos,0 days 00:35:37.451000,0 days 01:31:14.059000
2024-05-19 13:38:54.225,OnTrack,-768,-1568,783,pos,0 days 00:35:37.631000,0 days 01:31:14.239000
2024-05-19 13:38:54.445,OnTrack,-1018,-1586,784,pos,0 days 00:35:37.851000,0 days 01:31:14.459000
2024-05-19 13:38:54.685,OnTrack,-1160,-1591,784,pos,0 days 00:35:38.091000,0 days 01:31:14.699000
2024-05-19 13:38:55.025,OnTrack,-1401,-1599,785,pos,0 days 00:35:38.431000,0 days 01:31:15.039000
2024-05-19 13:38:55.205,OnTrack,-1543,-1608,786,pos,0 days 00:35:38.611000,0 days 01:31:15.219000
2024-05-19 13:38:55.385,OnTrack,-1798,-1622,787,pos,0 days 00:35:38.791000,0 days 01:31:15.399000
2024-05-19 13:38:55.845,OnTrack,-2055,-1636,788,pos,0 days 00:35:39.251000,0 days 01:31:15.859000
2024-05-19 13:38:56.025,OnTrack,-2201,-1644,789,pos,0 days 00:35:39.431000,0 days 01:31:16.039000
2024-05-19 13:38:56.185,OnTrack,-2331,-1652,789,pos,0 days 00:35:39.591000,0 days 01:31:16.199000
2024-05-19 13:38:56.385,OnTrack,-2494,-1661,790,pos,0 days 00:35:39.791000,0 days 01:31:16.399000
2024-05-19 13:38:56.565,OnTrack,-2642,-1668,791,pos,0 days 00:35:39.971000,0 days 01:31:16.579000
2024-05-19 13:38:56.885,OnTrack,-3023,-1680,792,pos,0 days 00:35:40.291000,0 days 01:31:16.899000
2024-05-19 13:38:57.265,OnTrack,-3223,-1688,793,pos,0 days 00:35:40.671000,0 days 01:31:17.279000
2024-05-19 13:38:57.425,OnTrack,-3357,-1692,793,pos,0 days 00:35:40.831000,0 days 01:31:17.439000
2024-05-19 13:38:57.585,OnTrack,-3492,-1695,794,pos,0 days 00:35:40.991000,0 days 01:31:17.599000
2024-05-19 13:38:57.984,OnTrack,-3878,-1677,796,pos,0 days 00:35:41.390000,0 days 01:31:17.998000
2024-05-19 13:38:58.284,OnTrack,-4081,-1647,797,pos,0 days 00:35:41.690000,0 days 01:31:18.298000
2024-05-19 13:38:58.505,OnTrack,-4267,-1611,798,pos,0 days 00:35:41.911000,0 days 01:31:18.519000
2024-05-19 13:38:58.765,OnTrack,-4486,-1561,799,pos,0 days 00:35:42.171000,0 days 01:31:18.779000
2024-05-19 13:38:58.865,OnTrack,-4570,-1541,800,pos,0 days 00:35:42.271000,0 days 01:31:18.879000
2024-05-19 13:38:59.145,OnTrack,-4805,-1484,801,pos,0 days 00:35:42.551000,0 days 01:31:19.159000
2024-05-19 13:38:59.365,OnTrack,-4990,-1438,803,pos,0 days 00:35:42.771000,0 days 01:31:19.379000
2024-05-19 13:38:59.525,OnTrack,-5124,-1405,804,pos,0 days 00:35:42.931000,0 days 01:31:19.539000
2024-05-19 13:38:59.785,OnTrack,-5343,-1353,806,pos,0 days 00:35:43.191000,0 days 01:31:19.799000
2024-05-19 13:38:59.925,OnTrack,-5462,-1327,807,pos,0 days 00:35:43.331000,0 days 01:31:19.939000
2024-05-19 13:39:00.145,OnTrack,-5657,-1289,809,pos,0 days 00:35:43.551000,0 days 01:31:20.159000
2024-05-19 13:39:00.385,OnTrack,-5869,-1259,810,pos,0 days 00:35:43.791000,0 days 01:31:20.399000
2024-05-19 13:39:00.545,OnTrack,-6008,-1246,811,pos,0 days 00:35:43.951000,0 days 01:31:20.559000
2024-05-19 13:39:00.825,OnTrack,-6340,-1231,814,pos,0 days 00:35:44.231000,0 days 01:31:20.839000
2024-05-19 13:39:01.205,OnTrack,-6585,-1229,815,pos,0 days 00:35:44.611000,0 days 01:31:21.219000
2024-05-19 13:39:01.385,OnTrack,-6742,-1230,816,pos,0 days 00:35:44.791000,0 days 01:31:21.399000
2024-05-19 13:39:01.625,OnTrack,-6951,-1234,817,pos,0 days 00:35:45.031000,0 days 01:31:21.639000
2024-05-19 13:39:01.805,OnTrack,-7107,-1240,817,pos,0 days 00:35:45.211000,0 days 01:31:21.819000
2024-05-19 13:39:02.025,OnTrack,-7401,-1259,818,pos,0 days 00:35:45.431000,0 days 01:31:22.039000
2024-05-19 13:39:02.385,OnTrack,-7608,-1278,819,pos,0 days 00:35:45.791000,0 days 01:31:22.399000
2024-05-19 13:39:02.565,OnTrack,-7763,-1294,818,pos,0 days 00:35:45.971000,0 days 01:31:22.579000
2024-05-19 13:39:02.745,OnTrack,-7917,-1312,818,pos,0 days 00:35:46.151000,0 days 01:31:22.759000
2024-05-19 13:39:03.105,OnTrack,-8345,-1368,819,pos,0 days 00:35:46.511000,0 days 01:31:23.119000
2024-05-19 13:39:03.345,OnTrack,-8430,-1380,819,pos,0 days 00:35:46.751000,0 days 01:31:23.359000
2024-05-19 13:39:03.565,OnTrack,-8617,-1405,819,pos,0 days 00:35:46.971000,0 days 01:31:23.579000
2024-05-19 13:39:03.805,OnTrack,-8820,-1434,819,pos,0 days 00:35:47.211000,0 days 01:31:23.819000
2024-05-19 13:39:04.045,OnTrack,-9135,-1483,819,pos,0 days 00:35:47.451000,0 days 01:31:24.059000
2024-05-19 13:39:04.484,OnTrack,-9368,-1537,819,pos,0 days 00:35:47.890000,0 days 01:31:24.498000
2024-05-19 13:39:04.684,OnTrack,-9518,-1581,819,pos,0 days 00:35:48.090000,0 days 01:31:24.698000
2024-05-19 13:39:04.964,OnTrack,-9697,-1638,818,pos,0 days 00:35:48.370000,0 days 01:31:24.978000
2024-05-19 13:39:05.024,OnTrack,-9734,-1649,818,pos,0 days 00:35:48.430000,0 days 01:31:25.038000
2024-05-19 13:39:05.285,OnTrack,-9878,-1695,818,pos,0 days 00:35:48.691000,0 days 01:31:25.299000
2024-05-19 13:39:05.525,OnTrack,-10078,-1757,818,pos,0 days 00:35:48.931000,0 days 01:31:25.539000
2024-05-19 13:39:05.925,OnTrack,-10203,-1801,818,pos,0 days 00:35:49.331000,0 days 01:31:25.939000
2024-05-19 13:39:06.205,OnTrack,-10294,-1862,818,pos,0 days 00:35:49.611000,0 days 01:31:26.219000
2024-05-19 13:39:06.405,OnTrack,-10344,-1924,818,pos,0 days 00:35:49.811000,0 days 01:31:26.419000
2024-05-19 13:39:06.605,OnTrack,-10379,-2000,818,pos,0 days 00:35:50.011000,0 days 01:31:26.619000
2024-05-19 13:39:06.725,OnTrack,-10395,-2050,818,pos,0 days 00:35:50.131000,0 days 01:31:26.739000
2024-05-19 13:39:06.945,OnTrack,-10421,-2144,819,pos,0 days 00:35:50.351000,0 days 01:31:26.959000
2024-05-19 13:39:07.165,OnTrack,-10450,-2236,819,pos,0 days 00:35:50.571000,0 days 01:31:27.179000
2024-05-19 13:39:07.325,OnTrack,-10478,-2299,819,pos,0 days 00:35:50.731000,0 days 01:31:27.339000
2024-05-19 13:39:07.605,OnTrack,-10550,-2406,818,pos,0 days 00:35:51.011000,0 days 01:31:27.619000
2024-05-19 13:39:07.785,OnTrack,-10665,-2511,818,pos,0 days 00:35:51.191000,0 days 01:31:27.799000
2024-05-19 13:39:08.205,OnTrack,-10841,-2625,820,pos,0 days 00:35:51.611000,0 days 01:31:28.219000
2024-05-19 13:39:08.625,OnTrack,-10965,-2697,821,pos,0 days 00:35:52.031000,0 days 01:31:28.639000
2024-05-19 13:39:08.845,OnTrack,-11065,-2755,822,pos,0 days 00:35:52.251000,0 days 01:31:28.859000
2024-05-19 13:39:08.985,OnTrack,-11130,-2792,822,pos,0 days 00:35:52.391000,0 days 01:31:28.999000
2024-05-19 13:39:09.185,OnTrack,-11226,-2849,823,pos,0 days 00:35:52.591000,0 days 01:31:29.199000
2024-05-19 13:39:09.505,OnTrack,-11383,-2946,824,pos,0 days 00:35:52.911000,0 days 01:31:29.519000
2024-05-19 13:39:09.665,OnTrack,-11461,-3001,824,pos,0 days 00:35:53.071000,0 days 01:31:29.679000
2024-05-19 13:39:09.845,OnTrack,-11544,-3069,825,pos,0 days 00:35:53.251000,0 days 01:31:29.859000
2024-05-19 13:39:09.945,OnTrack,-11586,-3111,825,pos,0 days 00:35:53.351000,0 days 01:31:29.959000
2024-05-19 13:39:10.265,OnTrack,-11704,-3269,825,pos,0 days 00:35:53.671000,0 days 01:31:30.279000
2024-05-19 13:39:10.525,OnTrack,-11782,-3427,826,pos,0 days 00:35:53.931000,0 days 01:31:30.539000
2024-05-19 13:39:10.685,OnTrack,-11822,-3525,826,pos,0 days 00:35:54.091000,0 days 01:31:30.699000
2024-05-19 13:39:10.905,OnTrack,-11874,-3662,827,pos,0 days 00:35:54.311000,0 days 01:31:30.919000
2024-05-19 13:39:11.084,OnTrack,-11916,-3775,828,pos,0 days 00:35:54.490000,0 days 01:31:31.098000
2024-05-19 13:39:11.304,OnTrack,-11969,-3915,828,pos,0 days 00:35:54.710000,0 days 01:31:31.318000
2024-05-19 13:39:11.504,OnTrack,-12017,-4045,828,pos,0 days 00:35:54.910000,0 days 01:31:31.518000
2024-05-19 13:39:12.145,OnTrack,-12178,-4472,830,pos,0 days 00:35:55.551000,0 days 01:31:32.159000
2024-05-19 13:39:12.465,OnTrack,-12286,-4761,831,pos,0 days 00:35:55.871000,0 days 01:31:32.479000
2024-05-19 13:39:12.785,OnTrack,-12344,-4914,831,pos,0 days 00:35:56.191000,0 days 01:31:32.799000
2024-05-19 13:39:13.105,OnTrack,-12429,-5142,832,pos,0 days 00:35:56.511000,0 days 01:31:33.119000
2024-05-19 13:39:13.285,OnTrack,-12478,-5271,832,pos,0 days 00:35:56.691000,0 days 01:31:33.299000
2024-05-19 13:39:13.525,OnTrack,-12554,-5473,833,pos,0 days 00:35:56.931000,0 days 01:31:33.539000
2024-05-19 13:39:13.765,OnTrack,-12609,-5619,833,pos,0 days 00:35:57.171000,0 days 01:31:33.779000
2024-05-19 13:39:14.005,OnTrack,-12675,-5796,833,pos,0 days 00:35:57.411000,0 days 01:31:34.019000
2024-05-19 13:39:14.245,OnTrack,-12742,-5973,834,pos,0 days 00:35:57.651000,0 days 01:31:34.259000
2024-05-19 13:39:14.405,OnTrack,-12787,-6091,834,pos,0 days 00:35:57.811000,0 days 01:31:34.419000
2024-05-19 13:39:14.685,OnTrack,-12870,-6297,835,pos,0 days 00:35:58.091000,0 days 01:31:34.699000
2024-05-19 13:39:14.885,OnTrack,-12931,-6443,835,pos,0 days 00:35:58.291000,0 days 01:31:34.899000
2024-05-19 13:39:15.145,OnTrack,-13010,-6629,836,pos,0 days 00:35:58.551000,0 days 01:31:35.159000
2024-05-19 13:39:15.325,OnTrack,-13062,-6755,836,pos,0 days 00:35:58.731000,0 days 01:31:35.339000
2024-05-19 13:39:15.505,OnTrack,-13108,-6875,836,pos,0 days 00:35:58.911000,0 days 01:31:35.519000
2024-05-19 13:39:15.785,OnTrack,-13160,-7100,838,pos,0 days 00:35:59.191000,0 days 01:31:35.799000
2024-05-19 13:39:16.165,OnTrack,-13157,-7286,838,pos,0 days 00:35:59.571000,0 days 01:31:36.179000
2024-05-19 13:39:16.425,OnTrack,-13132,-7444,840,pos,0 days 00:35:59.831000,0 days 01:31:36.439000
2024-05-19 13:39:16.645,OnTrack,-13085,-7648,841,pos,0 days 00:36:00.051000,0 days 01:31:36.659000
2024-05-19 13:39:17.065,OnTrack,-13050,-7795,842,pos,0 days 00:36:00.471000,0 days 01:31:37.079000
2024-05-19 13:39:17.125,OnTrack,-13044,-7826,843,pos,0 days 00:36:00.531000,0 days 01:31:37.139000
2024-05-19 13:39:17.345,OnTrack,-13026,-7932,843,pos,0 days 00:36:00.751000,0 days 01:31:37.359000
2024-05-19 13:39:17.545,OnTrack,-13025,-8022,844,pos,0 days 00:36:00.951000,0 days 01:31:37.559000
2024-05-19 13:39:17.764,OnTrack,-13046,-8116,844,pos,0 days 00:36:01.170000,0 days 01:31:37.778000
2024-05-19 13:39:18.004,OnTrack,-13099,-8209,846,pos,0 days 00:36:01.410000,0 days 01:31:38.018000
2024-05-19 13:39:18.285,OnTrack,-13195,-8304,847,pos,0 days 00:36:01.691000,0 days 01:31:38.299000
2024-05-19 13:39:18.465,OnTrack,-13262,-8362,848,pos,0 days 00:36:01.871000,0 days 01:31:38.479000
2024-05-19 13:39:18.645,OnTrack,-13326,-8419,848,pos,0 days 00:36:02.051000,0 days 01:31:38.659000
2024-05-19 13:39:18.885,OnTrack,-13454,-8526,850,pos,0 days 00:36:02.291000,0 days 01:31:38.899000
2024-05-19 13:39:19.225,OnTrack,-13548,-8605,851,pos,0 days 00:36:02.631000,0 days 01:31:39.239000
2024-05-19 13:39:19.445,OnTrack,-13695,-8731,854,pos,0 days 00:36:02.851000,0 days 01:31:39.459000
2024-05-19 13:39:19.945,OnTrack,-13850,-8861,856,pos,0 days 00:36:03.351000,0 days 01:31:39.959000
2024-05-19 13:39:20.125,OnTrack,-13931,-8928,858,pos,0 days 00:36:03.531000,0 days 01:31:40.139000
2024-05-19 13:39:20.345,OnTrack,-14029,-9017,860,pos,0 days 00:36:03.751000,0 days 01:31:40.359000
2024-05-19 13:39:20.425,OnTrack,-14065,-9051,861,pos,0 days 00:36:03.831000,0 days 01:31:40.439000
2024-05-19 13:39:20.665,OnTrack,-14171,-9155,865,pos,0 days 00:36:04.071000,0 days 01:31:40.679000
2024-05-19 13:39:20.865,OnTrack,-14260,-9243,869,pos,0 days 00:36:04.271000,0 days 01:31:40.879000
2024-05-19 13:39:21.085,OnTrack,-14421,-9403,876,pos,0 days 00:36:04.491000,0 days 01:31:41.099000
2024-05-19 13:39:21.405,OnTrack,-14501,-9480,880,pos,0 days 00:36:04.811000,0 days 01:31:41.419000
2024-05-19 13:39:21.785,OnTrack,-14670,-9639,888,pos,0 days 00:36:05.191000,0 days 01:31:41.799000
2024-05-19 13:39:22.045,OnTrack,-14743,-9713,891,pos,0 days 00:36:05.451000,0 days 01:31:42.059000
2024-05-19 13:39:22.385,OnTrack,-14834,-9824,897,pos,0 days 00:36:05.791000,0 days 01:31:42.399000
2024-05-19 13:39:22.525,OnTrack,-14883,-9913,899,pos,0 days 00:36:05.931000,0 days 01:31:42.539000
2024-05-19 13:39:22.965,OnTrack,-14911,-10008,902,pos,0 days 00:36:06.371000,0 days 01:31:42.979000
2024-05-19 13:39:23.225,OnTrack,-14910,-10117,907,pos,0 days 00:36:06.631000,0 days 01:31:43.239000
2024-05-19 13:39:23.545,OnTrack,-14890,-10179,910,pos,0 days 00:36:06.951000,0 days 01:31:43.559000
2024-05-19 13:39:23.865,OnTrack,-14825,-10272,916,pos,0 days 00:36:07.271000,0 days 01:31:43.879000
2024-05-19 13:39:24.304,OnTrack,-14747,-10332,921,pos,0 days 00:36:07.710000,0 days 01:31:44.318000
2024-05-19 13:39:24.484,OnTrack,-14703,-10354,923,pos,0 days 00:36:07.890000,0 days 01:31:44.498000
2024-05-19 13:39:24.684,OnTrack,-14651,-10373,925,pos,0 days 00:36:08.090000,0 days 01:31:44.698000
2024-05-19 13:39:24.945,OnTrack,-14544,-10392,932,pos,0 days 00:36:08.351000,0 days 01:31:44.959000
2024-05-19 13:39:25.325,OnTrack,-14465,-10395,936,pos,0 days 00:36:08.731000,0 days 01:31:45.339000
2024-05-19 13:39:25.505,OnTrack,-14370,-10391,940,pos,0 days 00:36:08.911000,0 days 01:31:45.519000
2024-05-19 13:39:25.825,OnTrack,-14320,-10385,942,pos,0 days 00:36:09.231000,0 days 01:31:45.839000
2024-05-19 13:39:26.085,OnTrack,-14237,-10374,946,pos,0 days 00:36:09.491000,0 days 01:31:46.099000
2024-05-19 13:39:26.265,OnTrack,-14168,-10363,949,pos,0 days 00:36:09.671000,0 days 01:31:46.279000
2024-05-19 13:39:26.525,OnTrack,-14062,-10344,954,pos,0 days 00:36:09.931000,0 days 01:31:46.539000
2024-05-19 13:39:26.765,OnTrack,-13902,-10312,962,pos,0 days 00:36:10.171000,0 days 01:31:46.779000
2024-05-19 13:39:27.065,OnTrack,-13817,-10294,965,pos,0 days 00:36:10.471000,0 days 01:31:47.079000
2024-05-19 13:39:27.305,OnTrack,-13699,-10270,971,pos,0 days 00:36:10.711000,0 days 01:31:47.319000
2024-05-19 13:39:27.485,OnTrack,-13606,-10251,974,pos,0 days 00:36:10.891000,0 days 01:31:47.499000
2024-05-19 13:39:27.685,OnTrack,-13499,-10231,979,pos,0 days 00:36:11.091000,0 days 01:31:47.699000
2024-05-19 13:39:27.905,OnTrack,-13378,-10210,984,pos,0 days 00:36:11.311000,0 days 01:31:47.919000
2024-05-19 13:39:28.245,OnTrack,-13111,-10163,993,pos,0 days 00:36:11.651000,0 days 01:31:48.259000
2024-05-19 13:39:28.585,OnTrack,-12891,-10127,1000,pos,0 days 00:36:11.991000,0 days 01:31:48.599000
2024-05-19 13:39:29.085,OnTrack,-12662,-10092,1008,pos,0 days 00:36:12.491000,0 days 01:31:49.099000
2024-05-19 13:39:29.265,OnTrack,-12453,-10061,1015,pos,0 days 00:36:12.671000,0 days 01:31:49.279000
2024-05-19 13:39:29.625,OnTrack,-12306,-10041,1021,pos,0 days 00:36:13.031000,0 days 01:31:49.639000
2024-05-19 13:39:29.885,OnTrack,-12046,-10005,1035,pos,0 days 00:36:13.291000,0 days 01:31:49.899000
2024-05-19 13:39:30.245,OnTrack,-11879,-9983,1047,pos,0 days 00:36:13.651000,0 days 01:31:50.259000
2024-05-19 13:39:30.445,OnTrack,-11738,-9966,1056,pos,0 days 00:36:13.851000,0 days 01:31:50.459000
2024-05-19 13:39:30.605,OnTrack,-11624,-9954,1064,pos,0 days 00:36:14.011000,0 days 01:31:50.619000
2024-05-19 13:39:30.804,OnTrack,-11480,-9940,1073,pos,0 days 00:36:14.210000,0 days 01:31:50.818000
2024-05-19 13:39:30.964,OnTrack,-11363,-9930,1081,pos,0 days 00:36:14.370000,0 days 01:31:50.978000
2024-05-19 13:39:31.284,OnTrack,-11128,-9920,1094,pos,0 days 00:36:14.690000,0 days 01:31:51.298000
2024-05-19 13:39:31.505,OnTrack,-10964,-9918,1104,pos,0 days 00:36:14.911000,0 days 01:31:51.519000
2024-05-19 13:39:31.605,OnTrack,-10890,-9918,1108,pos,0 days 00:36:15.011000,0 days 01:31:51.619000
2024-05-19 13:39:31.945,OnTrack,-10546,-9935,1121,pos,0 days 00:36:15.351000,0 days 01:31:51.959000
2024-05-19 13:39:32.285,OnTrack,-10380,-9951,1122,pos,0 days 00:36:15.691000,0 days 01:31:52.299000
2024-05-19 13:39:32.485,OnTrack,-10229,-9968,1122,pos,0 days 00:36:15.891000,0 days 01:31:52.499000
2024-05-19 13:39:32.725,OnTrack,-10048,-9989,1121,pos,0 days 00:36:16.131000,0 days 01:31:52.739000
2024-05-19 13:39:32.925,OnTrack,-9792,-10019,1119,pos,0 days 00:36:16.331000,0 days 01:31:52.939000
2024-05-19 13:39:33.245,OnTrack,-9657,-10034,1118,pos,0 days 00:36:16.651000,0 days 01:31:53.259000
2024-05-19 13:39:33.545,OnTrack,-9445,-10057,1116,pos,0 days 00:36:16.951000,0 days 01:31:53.559000
2024-05-19 13:39:33.685,OnTrack,-9353,-10065,1115,pos,0 days 00:36:17.091000,0 days 01:31:53.699000
2024-05-19 13:39:33.865,OnTrack,-9241,-10071,1114,pos,0 days 00:36:17.271000,0 days 01:31:53.879000
2024-05-19 13:39:34.085,OnTrack,-9123,-10068,1114,pos,0 days 00:36:17.491000,0 days 01:31:54.099000
2024-05-19 13:39:34.325,OnTrack,-8994,-10047,1114,pos,0 days 00:36:17.731000,0 days 01:31:54.339000
2024-05-19 13:39:34.565,OnTrack,-8875,-10003,1114,pos,0 days 00:36:17.971000,0 days 01:31:54.579000
2024-05-19 13:39:34.725,OnTrack,-8802,-9961,1113,pos,0 days 00:36:18.131000,0 days 01:31:54.739000
2024-05-19 13:39:34.905,OnTrack,-8728,-9904,1110,pos,0 days 00:36:18.311000,0 days 01:31:54.919000
2024-05-19 13:39:35.185,OnTrack,-8630,-9792,1107,pos,0 days 00:36:18.591000,0 days 01:31:55.199000
2024-05-19 13:39:35.365,OnTrack,-8577,-9706,1104,pos,0 days 00:36:18.771000,0 days 01:31:55.379000
2024-05-19 13:39:35.585,OnTrack,-8518,-9594,1101,pos,0 days 00:36:18.991000,0 days 01:31:55.599000
2024-05-19 13:39:35.785,OnTrack,-8466,-9490,1097,pos,0 days 00:36:19.191000,0 days 01:31:55.799000
2024-05-19 13:39:35.885,OnTrack,-8440,-9438,1095,pos,0 days 00:36:19.291000,0 days 01:31:55.899000
2024-05-19 13:39:36.225,OnTrack,-8327,-9170,1086,pos,0 days 00:36:19.631000,0 days 01:31:56.239000
2024-05-19 13:39:36.505,OnTrack,-8301,-9086,1083,pos,0 days 00:36:19.911000,0 days 01:31:56.519000
2024-05-19 13:39:36.845,OnTrack,-8246,-8796,1071,pos,0 days 00:36:20.251000,0 days 01:31:56.859000
2024-05-19 13:39:37.205,OnTrack,-8237,-8636,1062,pos,0 days 00:36:20.611000,0 days 01:31:57.219000
2024-05-19 13:39:37.404,OnTrack,-8240,-8501,1054,pos,0 days 00:36:20.810000,0 days 01:31:57.418000
2024-05-19 13:39:37.684,OnTrack,-8255,-8313,1040,pos,0 days 00:36:21.090000,0 days 01:31:57.698000
2024-05-19 13:39:37.744,OnTrack,-8259,-8277,1037,pos,0 days 00:36:21.150000,0 days 01:31:57.758000
2024-05-19 13:39:37.944,OnTrack,-8278,-8137,1023,pos,0 days 00:36:21.350000,0 days 01:31:57.958000
2024-05-19 13:39:38.245,OnTrack,-8316,-7925,1004,pos,0 days 00:36:21.651000,0 days 01:31:58.259000
2024-05-19 13:39:38.405,OnTrack,-8340,-7811,994,pos,0 days 00:36:21.811000,0 days 01:31:58.419000
2024-05-19 13:39:38.605,OnTrack,-8372,-7669,984,pos,0 days 00:36:22.011000,0 days 01:31:58.619000
2024-05-19 13:39:38.825,OnTrack,-8409,-7511,973,pos,0 days 00:36:22.231000,0 days 01:31:58.839000
2024-05-19 13:39:39.025,OnTrack,-8465,-7265,958,pos,0 days 00:36:22.431000,0 days 01:31:59.039000
2024-05-19 13:39:39.425,OnTrack,-8508,-7074,948,pos,0 days 00:36:22.831000,0 days 01:31:59.439000
2024-05-19 13:39:39.625,OnTrack,-8542,-6927,940,pos,0 days 00:36:23.031000,0 days 01:31:59.639000
2024-05-19 13:39:39.865,OnTrack,-8582,-6751,931,pos,0 days 00:36:23.271000,0 days 01:31:59.879000
2024-05-19 13:39:39.965,OnTrack,-8598,-6678,928,pos,0 days 00:36:23.371000,0 days 01:31:59.979000
2024-05-19 13:39:40.265,OnTrack,-8640,-6465,916,pos,0 days 00:36:23.671000,0 days 01:32:00.279000
2024-05-19 13:39:40.465,OnTrack,-8653,-6342,911,pos,0 days 00:36:23.871000,0 days 01:32:00.479000
2024-05-19 13:39:40.745,OnTrack,-8638,-6158,903,pos,0 days 00:36:24.151000,0 days 01:32:00.759000
2024-05-19 13:39:40.905,OnTrack,-8608,-6053,900,pos,0 days 00:36:24.311000,0 days 01:32:00.919000
2024-05-19 13:39:41.185,OnTrack,-8519,-5854,897,pos,0 days 00:36:24.591000,0 days 01:32:01.199000
2024-05-19 13:39:41.505,OnTrack,-8397,-5639,897,pos,0 days 00:36:24.911000,0 days 01:32:01.519000
2024-05-19 13:39:41.825,OnTrack,-8349,-5563,898,pos,0 days 00:36:25.231000,0 days 01:32:01.839000
2024-05-19 13:39:42.125,OnTrack,-8229,-5417,902,pos,0 days 00:36:25.531000,0 days 01:32:02.139000
2024-05-19 13:39:42.465,OnTrack,-8169,-5371,904,pos,0 days 00:36:25.871000,0 days 01:32:02.479000
2024-05-19 13:39:42.745,OnTrack,-8078,-5333,908,pos,0 days 00:36:26.151000,0 days 01:32:02.759000
2024-05-19 13:39:43.045,OnTrack,-7945,-5331,917,pos,0 days 00:36:26.451000,0 days 01:32:03.059000
2024-05-19 13:39:43.345,OnTrack,-7821,-5358,928,pos,0 days 00:36:26.751000,0 days 01:32:03.359000
2024-05-19 13:39:43.765,OnTrack,-7725,-5384,937,pos,0 days 00:36:27.171000,0 days 01:32:03.779000
2024-05-19 13:39:43.905,OnTrack,-7675,-5397,941,pos,0 days 00:36:27.311000,0 days 01:32:03.919000
2024-05-19 13:39:44.184,OnTrack,-7570,-5418,951,pos,0 days 00:36:27.590000,0 days 01:32:04.198000
2024-05-19 13:39:44.384,OnTrack,-7430,-5435,964,pos,0 days 00:36:27.790000,0 days 01:32:04.398000
2024-05-19 13:39:44.785,OnTrack,-7316,-5442,974,pos,0 days 00:36:28.191000,0 days 01:32:04.799000
2024-05-19 13:39:45.005,OnTrack,-7212,-5443,982,pos,0 days 00:36:28.411000,0 days 01:32:05.019000
2024-05-19 13:39:45.185,OnTrack,-7124,-5443,989,pos,0 days 00:36:28.591000,0 days 01:32:05.199000
2024-05-19 13:39:45.485,OnTrack,-6928,-5441,1003,pos,0 days 00:36:28.891000,0 days 01:32:05.499000
2024-05-19 13:39:45.905,OnTrack,-6747,-5440,1013,pos,0 days 00:36:29.311000,0 days 01:32:05.919000
2024-05-19 13:39:46.025,OnTrack,-6679,-5439,1016,pos,0 days 00:36:29.431000,0 days 01:32:06.039000
2024-05-19 13:39:46.325,OnTrack,-6455,-5437,1026,pos,0 days 00:36:29.731000,0 days 01:32:06.339000
2024-05-19 13:39:46.705,OnTrack,-6272,-5436,1032,pos,0 days 00:36:30.111000,0 days 01:32:06.719000
2024-05-19 13:39:46.985,OnTrack,-6095,-5434,1036,pos,0 days 00:36:30.391000,0 days 01:32:06.999000
2024-05-19 13:39:47.045,OnTrack,-6057,-5434,1038,pos,0 days 00:36:30.451000,0 days 01:32:07.059000
2024-05-19 13:39:47.245,OnTrack,-5927,-5433,1041,pos,0 days 00:36:30.651000,0 days 01:32:07.259000
2024-05-19 13:39:47.605,OnTrack,-5686,-5431,1048,pos,0 days 00:36:31.011000,0 days 01:32:07.619000
2024-05-19 13:39:47.785,OnTrack,-5563,-5430,1052,pos,0 days 00:36:31.191000,0 days 01:32:07.799000
2024-05-19 13:39:47.965,OnTrack,-5370,-5427,1057,pos,0 days 00:36:31.371000,0 days 01:32:07.979000
2024-05-19 13:39:48.365,OnTrack,-5061,-5413,1067,pos,0 days 00:36:31.771000,0 days 01:32:08.379000
2024-05-19 13:39:48.785,OnTrack,-4776,-5388,1075,pos,0 days 00:36:32.191000,0 days 01:32:08.799000
2024-05-19 13:39:49.185,OnTrack,-4576,-5370,1079,pos,0 days 00:36:32.591000,0 days 01:32:09.199000
2024-05-19 13:39:49.445,OnTrack,-4389,-5354,1082,pos,0 days 00:36:32.851000,0 days 01:32:09.459000
2024-05-19 13:39:49.605,OnTrack,-4274,-5345,1083,pos,0 days 00:36:33.011000,0 days 01:32:09.619000
2024-05-19 13:39:49.785,OnTrack,-4146,-5334,1083,pos,0 days 00:36:33.191000,0 days 01:32:09.799000
2024-05-19 13:39:50.045,OnTrack,-3965,-5319,1085,pos,0 days 00:36:33.451000,0 days 01:32:10.059000
2024-05-19 13:39:50.305,OnTrack,-3799,-5305,1086,pos,0 days 00:36:33.711000,0 days 01:32:10.319000
2024-05-19 13:39:50.485,OnTrack,-3639,-5292,1087,pos,0 days 00:36:33.891000,0 days 01:32:10.499000
2024-05-19 13:39:50.804,OnTrack,-3527,-5284,1087,pos,0 days 00:36:34.210000,0 days 01:32:10.818000
2024-05-19 13:39:51.004,OnTrack,-3437,-5278,1088,pos,0 days 00:36:34.410000,0 days 01:32:11.018000
2024-05-19 13:39:51.205,OnTrack,-3355,-5273,1089,pos,0 days 00:36:34.611000,0 days 01:32:11.219000
2024-05-19 13:39:51.365,OnTrack,-3291,-5273,1090,pos,0 days 00:36:34.771000,0 days 01:32:11.379000
2024-05-19 13:39:51.665,OnTrack,-3205,-5284,1092,pos,0 days 00:36:35.071000,0 days 01:32:11.679000
2024-05-19 13:39:51.985,OnTrack,-3088,-5367,1096,pos,0 days 00:36:35.391000,0 days 01:32:11.999000
2024-05-19 13:39:52.245,OnTrack,-3056,-5401,1096,pos,0 days 00:36:35.651000,0 days 01:32:12.259000
2024-05-19 13:39:52.605,OnTrack,-2959,-5498,1096,pos,0 days 00:36:36.011000,0 days 01:32:12.619000
2024-05-19 13:39:52.965,OnTrack,-2891,-5540,1096,pos,0 days 00:36:36.371000,0 days 01:32:12.979000
2024-05-19 13:39:53.085,OnTrack,-2861,-5552,1096,pos,0 days 00:36:36.491000,0 days 01:32:13.099000
2024-05-19 13:39:53.345,OnTrack,-2792,-5563,1094,pos,0 days 00:36:36.751000,0 days 01:32:13.359000
2024-05-19 13:39:53.505,OnTrack,-2748,-5559,1093,pos,0 days 00:36:36.911000,0 days 01:32:13.519000
2024-05-19 13:39:53.825,OnTrack,-2659,-5539,1092,pos,0 days 00:36:37.231000,0 days 01:32:13.839000
2024-05-19 13:39:54.065,OnTrack,-2592,-5518,1090,pos,0 days 00:36:37.471000,0 days 01:32:14.079000
2024-05-19 13:39:54.185,OnTrack,-2558,-5506,1089,pos,0 days 00:36:37.591000,0 days 01:32:14.199000
2024-05-19 13:39:54.425,OnTrack,-2450,-5463,1087,pos,0 days 00:36:37.831000,0 days 01:32:14.439000
2024-05-19 13:39:54.805,OnTrack,-2367,-5426,1085,pos,0 days 00:36:38.211000,0 days 01:32:14.819000
2024-05-19 13:39:55.025,OnTrack,-2293,-5389,1083,pos,0 days 00:36:38.431000,0 days 01:32:15.039000
2024-05-19 13:39:55.305,OnTrack,-2175,-5328,1080,pos,0 days 00:36:38.711000,0 days 01:32:15.319000
2024-05-19 13:39:55.585,OnTrack,-2079,-5278,1078,pos,0 days 00:36:38.991000,0 days 01:32:15.599000
2024-05-19 13:39:55.865,OnTrack,-1897,-5181,1074,pos,0 days 00:36:39.271000,0 days 01:32:15.879000
2024-05-19 13:39:56.205,OnTrack,-1804,-5133,1072,pos,0 days 00:36:39.611000,0 days 01:32:16.219000
2024-05-19 13:39:56.545,OnTrack,-1563,-5012,1068,pos,0 days 00:36:39.951000,0 days 01:32:16.559000
2024-05-19 13:39:56.765,OnTrack,-1521,-4992,1067,pos,0 days 00:36:40.171000,0 days 01:32:16.779000
2024-05-19 13:39:57.005,OnTrack,-1392,-4933,1065,pos,0 days 00:36:40.411000,0 days 01:32:17.019000
2024-05-19 13:39:57.244,OnTrack,-1258,-4872,1062,pos,0 days 00:36:40.650000,0 days 01:32:17.258000
2024-05-19 13:39:57.544,OnTrack,-1032,-4759,1058,pos,0 days 00:36:40.950000,0 days 01:32:17.558000
2024-05-19 13:39:57.825,OnTrack,-930,-4701,1055,pos,0 days 00:36:41.231000,0 days 01:32:17.839000
2024-05-19 13:39:58.185,OnTrack,-660,-4524,1048,pos,0 days 00:36:41.591000,0 days 01:32:18.199000
2024-05-19 13:39:58.625,OnTrack,-480,-4394,1043,pos,0 days 00:36:42.031000,0 days 01:32:18.639000
2024-05-19 13:39:58.805,OnTrack,-378,-4318,1040,pos,0 days 00:36:42.211000,0 days 01:32:18.819000
2024-05-19 13:39:58.965,OnTrack,-287,-4248,1037,pos,0 days 00:36:42.371000,0 days 01:32:18.979000
2024-05-19 13:39:59.165,OnTrack,-119,-4111,1032,pos,0 days 00:36:42.571000,0 days 01:32:19.179000
2024-05-19 13:39:59.505,OnTrack,11,-3995,1029,pos,0 days 00:36:42.911000,0 days 01:32:19.519000
2024-05-19 13:39:59.685,OnTrack,107,-3903,1026,pos,0 days 00:36:43.091000,0 days 01:32:19.699000
2024-05-19 13:39:59.945,OnTrack,273,-3732,1022,pos,0 days 00:36:43.351000,0 days 01:32:19.959000
2024-05-19 13:40:00.225,OnTrack,415,-3575,1016,pos,0 days 00:36:43.631000,0 days 01:32:20.239000
2024-05-19 13:40:00.445,OnTrack,528,-3450,1011,pos,0 days 00:36:43.851000,0 days 01:32:20.459000
2024-05-19 13:40:00.665,OnTrack,642,-3324,1005,pos,0 days 00:36:44.071000,0 days 01:32:20.679000
2024-05-19 13:40:00.865,OnTrack,809,-3139,994,pos,0 days 00:36:44.271000,0 days 01:32:20.879000
2024-05-19 13:40:01.165,OnTrack,903,-3034,988,pos,0 days 00:36:44.571000,0 days 01:32:21.179000
2024-05-19 13:40:01.385,OnTrack,1019,-2906,978,pos,0 days 00:36:44.791000,0 days 01:32:21.399000
2024-05-19 13:40:02.165,OnTrack,1444,-2452,941,pos,0 days 00:36:45.571000,0 days 01:32:22.179000
2024-05-19 13:40:02.465,OnTrack,1719,-2237,918,pos,0 days 00:36:45.871000,0 days 01:32:22.479000
2024-05-19 13:40:02.805,OnTrack,1859,-2158,907,pos,0 days 00:36:46.211000,0 days 01:32:22.819000
2024-05-19 13:40:03.085,OnTrack,2083,-2060,889,pos,0 days 00:36:46.491000,0 days 01:32:23.099000
2024-05-19 13:40:03.185,OnTrack,2158,-2030,884,pos,0 days 00:36:46.591000,0 days 01:32:23.199000
2024-05-19 13:40:03.525,OnTrack,2462,-1908,860,pos,0 days 00:36:46.931000,0 days 01:32:23.539000
2024-05-19 13:40:03.804,OnTrack,2572,-1863,851,pos,0 days 00:36:47.210000,0 days 01:32:23.818000
2024-05-19 13:40:04.024,OnTrack,2695,-1813,842,pos,0 days 00:36:47.430000,0 days 01:32:24.038000
2024-05-19 13:40:04.365,OnTrack,2910,-1723,828,pos,0 days 00:36:47.771000,0 days 01:32:24.379000
2024-05-19 13:40:04.645,OnTrack,2974,-1692,824,pos,0 days 00:36:48.051000,0 days 01:32:24.659000
2024-05-19 13:40:04.925,OnTrack,3066,-1631,818,pos,0 days 00:36:48.331000,0 days 01:32:24.939000
2024-05-19 13:40:05.085,OnTrack,3107,-1591,815,pos,0 days 00:36:48.491000,0 days 01:32:25.099000
2024-05-19 13:40:05.385,OnTrack,3174,-1473,809,pos,0 days 00:36:48.791000,0 days 01:32:25.399000
2024-05-19 13:40:05.825,OnTrack,3188,-1321,802,pos,0 days 00:36:49.231000,0 days 01:32:25.839000
2024-05-19 13:40:06.185,OnTrack,3176,-1242,800,pos,0 days 00:36:49.591000,0 days 01:32:26.199000
2024-05-19 13:40:06.285,OnTrack,3169,-1209,799,pos,0 days 00:36:49.691000,0 days 01:32:26.299000
2024-05-19 13:40:06.505,OnTrack,3149,-1138,797,pos,0 days 00:36:49.911000,0 days 01:32:26.519000
2024-05-19 13:40:06.705,OnTrack,3128,-1073,796,pos,0 days 00:36:50.111000,0 days 01:32:26.719000
2024-05-19 13:40:07.025,OnTrack,3091,-963,794,pos,0 days 00:36:50.431000,0 days 01:32:27.039000
2024-05-19 13:40:07.265,OnTrack,3058,-876,793,pos,0 days 00:36:50.671000,0 days 01:32:27.279000
2024-05-19 13:40:07.385,OnTrack,3039,-831,793,pos,0 days 00:36:50.791000,0 days 01:32:27.399000
2024-05-19 13:40:07.585,OnTrack,3003,-755,792,pos,0 days 00:36:50.991000,0 days 01:32:27.599000
2024-05-19 13:40:07.905,OnTrack,2914,-601,790,pos,0 days 00:36:51.311000,0 days 01:32:27.919000
2024-05-19 13:40:08.185,OnTrack,2861,-533,789,pos,0 days 00:36:51.591000,0 days 01:32:28.199000
2024-05-19 13:40:08.505,OnTrack,2764,-449,788,pos,0 days 00:36:51.911000,0 days 01:32:28.519000
2024-05-19 13:40:08.705,OnTrack,2657,-396,787,pos,0 days 00:36:52.111000,0 days 01:32:28.719000
2024-05-19 13:40:09.045,OnTrack,2523,-365,786,pos,0 days 00:36:52.451000,0 days 01:32:29.059000
2024-05-19 13:40:09.445,OnTrack,2417,-359,786,pos,0 days 00:36:52.851000,0 days 01:32:29.459000
2024-05-19 13:40:09.725,OnTrack,2286,-371,785,pos,0 days 00:36:53.131000,0 days 01:32:29.739000
2024-05-19 13:40:10.065,OnTrack,2177,-398,783,pos,0 days 00:36:53.471000,0 days 01:32:30.079000
2024-05-19 13:40:10.225,OnTrack,2115,-421,783,pos,0 days 00:36:53.631000,0 days 01:32:30.239000
2024-05-19 13:40:10.504,OnTrack,1940,-500,781,pos,0 days 00:36:53.910000,0 days 01:32:30.518000
2024-05-19 13:40:10.865,OnTrack,1842,-546,780,pos,0 days 00:36:54.271000,0 days 01:32:30.879000
2024-05-19 13:40:11.085,OnTrack,1739,-593,779,pos,0 days 00:36:54.491000,0 days 01:32:31.099000
2024-05-19 13:40:11.305,OnTrack,1632,-641,778,pos,0 days 00:36:54.711000,0 days 01:32:31.319000
2024-05-19 13:40:11.525,OnTrack,1520,-692,778,pos,0 days 00:36:54.931000,0 days 01:32:31.539000
2024-05-19 13:40:11.705,OnTrack,1351,-769,778,pos,0 days 00:36:55.111000,0 days 01:32:31.719000
2024-05-19 13:40:12.085,OnTrack,1220,-828,778,pos,0 days 00:36:55.491000,0 days 01:32:32.099000
2024-05-19 13:40:12.405,OnTrack,1038,-911,778,pos,0 days 00:36:55.811000,0 days 01:32:32.419000
2024-05-19 13:40:12.605,OnTrack,862,-989,779,pos,0 days 00:36:56.011000,0 days 01:32:32.619000
2024-05-19 13:40:12.865,OnTrack,766,-1030,779,pos,0 days 00:36:56.271000,0 days 01:32:32.879000
2024-05-19 13:40:13.085,OnTrack,637,-1083,779,pos,0 days 00:36:56.491000,0 days 01:32:33.099000
2024-05-19 13:40:13.365,OnTrack,469,-1154,780,pos,0 days 00:36:56.771000,0 days 01:32:33.379000
2024-05-19 13:40:13.545,OnTrack,354,-1202,781,pos,0 days 00:36:56.951000,0 days 01:32:33.559000
2024-05-19 13:40:13.825,OnTrack,172,-1279,781,pos,0 days 00:36:57.231000,0 days 01:32:33.839000
2024-05-19 13:40:14.025,OnTrack,40,-1335,781,pos,0 days 00:36:57.431000,0 days 01:32:34.039000
2024-05-19 13:40:14.205,OnTrack,-80,-1383,781,pos,0 days 00:36:57.611000,0 days 01:32:34.219000
2024-05-19 13:40:14.365,OnTrack,-188,-1425,782,pos,0 days 00:36:57.771000,0 days 01:32:34.379000
2024-05-19 13:40:14.605,OnTrack,-427,-1501,782,pos,0 days 00:36:58.011000,0 days 01:32:34.619000
2024-05-19 13:40:15.025,OnTrack,-750,-1566,783,pos,0 days 00:36:58.431000,0 days 01:32:35.039000
2024-05-19 13:40:15.325,OnTrack,-894,-1579,783,pos,0 days 00:36:58.731000,0 days 01:32:35.339000
2024-05-19 13:40:15.565,OnTrack,-1119,-1590,784,pos,0 days 00:36:58.971000,0 days 01:32:35.579000
2024-05-19 13:40:15.765,OnTrack,-1267,-1593,785,pos,0 days 00:36:59.171000,0 days 01:32:35.779000
2024-05-19 13:40:16.025,OnTrack,-1446,-1602,785,pos,0 days 00:36:59.431000,0 days 01:32:36.039000
2024-05-19 13:40:16.205,OnTrack,-1588,-1610,786,pos,0 days 00:36:59.611000,0 days 01:32:36.219000
2024-05-19 13:40:16.505,OnTrack,-1826,-1624,787,pos,0 days 00:36:59.911000,0 days 01:32:36.519000
2024-05-19 13:40:16.725,OnTrack,-2002,-1633,788,pos,0 days 00:37:00.131000,0 days 01:32:36.739000
2024-05-19 13:40:16.884,OnTrack,-2130,-1640,788,pos,0 days 00:37:00.290000,0 days 01:32:36.898000
2024-05-19 13:40:17.064,OnTrack,-2276,-1649,789,pos,0 days 00:37:00.470000,0 days 01:32:37.078000
2024-05-19 13:40:17.244,OnTrack,-2421,-1657,790,pos,0 days 00:37:00.650000,0 days 01:32:37.258000
2024-05-19 13:40:17.485,OnTrack,-2616,-1667,791,pos,0 days 00:37:00.891000,0 days 01:32:37.499000
2024-05-19 13:40:17.805,OnTrack,-2879,-1675,792,pos,0 days 00:37:01.211000,0 days 01:32:37.819000
2024-05-19 13:40:18.025,OnTrack,-3159,-1685,793,pos,0 days 00:37:01.431000,0 days 01:32:38.039000
2024-05-19 13:40:18.245,OnTrack,-3242,-1688,793,pos,0 days 00:37:01.651000,0 days 01:32:38.259000
2024-05-19 13:40:18.465,OnTrack,-3425,-1694,794,pos,0 days 00:37:01.871000,0 days 01:32:38.479000
2024-05-19 13:40:18.705,OnTrack,-3624,-1695,795,pos,0 days 00:37:02.111000,0 days 01:32:38.719000
2024-05-19 13:40:18.965,OnTrack,-3840,-1681,796,pos,0 days 00:37:02.371000,0 days 01:32:38.979000
2024-05-19 13:40:19.205,OnTrack,-4040,-1654,797,pos,0 days 00:37:02.611000,0 days 01:32:39.219000
2024-05-19 13:40:19.425,OnTrack,-4224,-1620,798,pos,0 days 00:37:02.831000,0 days 01:32:39.439000
2024-05-19 13:40:19.665,OnTrack,-4457,-1568,799,pos,0 days 00:37:03.071000,0 days 01:32:39.679000
2024-05-19 13:40:19.965,OnTrack,-4672,-1516,801,pos,0 days 00:37:03.371000,0 days 01:32:39.979000
2024-05-19 13:40:20.185,OnTrack,-4854,-1472,802,pos,0 days 00:37:03.591000,0 days 01:32:40.199000
2024-05-19 13:40:20.445,OnTrack,-5069,-1419,804,pos,0 days 00:37:03.851000,0 days 01:32:40.459000
2024-05-19 13:40:20.725,OnTrack,-5350,-1351,806,pos,0 days 00:37:04.131000,0 days 01:32:40.739000
2024-05-19 13:40:21.045,OnTrack,-5567,-1306,808,pos,0 days 00:37:04.451000,0 days 01:32:41.059000
2024-05-19 13:40:21.345,OnTrack,-5821,-1265,810,pos,0 days 00:37:04.751000,0 days 01:32:41.359000
2024-05-19 13:40:21.385,OnTrack,-5855,-1261,810,pos,0 days 00:37:04.791000,0 days 01:32:41.399000
2024-05-19 13:40:21.725,OnTrack,-6232,-1234,814,pos,0 days 00:37:05.131000,0 days 01:32:41.739000
2024-05-19 13:40:22.185,OnTrack,-6647,-1230,815,pos,0 days 00:37:05.591000,0 days 01:32:42.199000
2024-05-19 13:40:22.425,OnTrack,-6750,-1231,816,pos,0 days 00:37:05.831000,0 days 01:32:42.439000
2024-05-19 13:40:22.625,OnTrack,-6921,-1233,816,pos,0 days 00:37:06.031000,0 days 01:32:42.639000
2024-05-19 13:40:22.885,OnTrack,-7144,-1242,817,pos,0 days 00:37:06.291000,0 days 01:32:42.899000
2024-05-19 13:40:23.185,OnTrack,-7399,-1259,818,pos,0 days 00:37:06.591000,0 days 01:32:43.199000
2024-05-19 13:40:23.345,OnTrack,-7535,-1271,818,pos,0 days 00:37:06.751000,0 days 01:32:43.359000
2024-05-19 13:40:23.504,OnTrack,-7670,-1284,818,pos,0 days 00:37:06.910000,0 days 01:32:43.518000
2024-05-19 13:40:23.784,OnTrack,-7907,-1311,818,pos,0 days 00:37:07.190000,0 days 01:32:43.798000
2024-05-19 13:40:24.005,OnTrack,-8143,-1341,818,pos,0 days 00:37:07.411000,0 days 01:32:44.019000
2024-05-19 13:40:24.265,OnTrack,-8313,-1363,819,pos,0 days 00:37:07.671000,0 days 01:32:44.279000
2024-05-19 13:40:24.645,OnTrack,-8634,-1408,819,pos,0 days 00:37:08.051000,0 days 01:32:44.659000
2024-05-19 13:40:24.845,OnTrack,-8854,-1438,819,pos,0 days 00:37:08.251000,0 days 01:32:44.859000
2024-05-19 13:40:25.125,OnTrack,-9039,-1467,819,pos,0 days 00:37:08.531000,0 days 01:32:45.139000
2024-05-19 13:40:25.325,OnTrack,-9202,-1497,819,pos,0 days 00:37:08.731000,0 days 01:32:45.339000
2024-05-19 13:40:25.665,OnTrack,-9459,-1563,819,pos,0 days 00:37:09.071000,0 days 01:32:45.679000
2024-05-19 13:40:25.705,OnTrack,-9487,-1571,819,pos,0 days 00:37:09.111000,0 days 01:32:45.719000
2024-05-19 13:40:26.065,OnTrack,-9786,-1666,819,pos,0 days 00:37:09.471000,0 days 01:32:46.079000
2024-05-19 13:40:26.405,OnTrack,-9902,-1702,818,pos,0 days 00:37:09.811000,0 days 01:32:46.419000
2024-05-19 13:40:26.645,OnTrack,-10018,-1738,819,pos,0 days 00:37:10.051000,0 days 01:32:46.659000
2024-05-19 13:40:26.925,OnTrack,-10220,-1809,818,pos,0 days 00:37:10.331000,0 days 01:32:46.939000
2024-05-19 13:40:27.185,OnTrack,-10278,-1848,818,pos,0 days 00:37:10.591000,0 days 01:32:47.199000
2024-05-19 13:40:27.485,OnTrack,-10353,-1941,818,pos,0 days 00:37:10.891000,0 days 01:32:47.499000
2024-05-19 13:40:27.665,OnTrack,-10383,-2011,818,pos,0 days 00:37:11.071000,0 days 01:32:47.679000
2024-05-19 13:40:27.845,OnTrack,-10405,-2086,819,pos,0 days 00:37:11.251000,0 days 01:32:47.859000
2024-05-19 13:40:28.125,OnTrack,-10460,-2261,819,pos,0 days 00:37:11.531000,0 days 01:32:48.139000
2024-05-19 13:40:28.565,OnTrack,-10570,-2428,818,pos,0 days 00:37:11.971000,0 days 01:32:48.579000
2024-05-19 13:40:28.985,OnTrack,-10722,-2551,819,pos,0 days 00:37:12.391000,0 days 01:32:48.999000
2024-05-19 13:40:29.305,OnTrack,-10807,-2605,820,pos,0 days 00:37:12.711000,0 days 01:32:49.319000
2024-05-19 13:40:29.525,OnTrack,-10904,-2662,820,pos,0 days 00:37:12.931000,0 days 01:32:49.539000
2024-05-19 13:40:29.665,OnTrack,-10968,-2699,821,pos,0 days 00:37:13.071000,0 days 01:32:49.679000
2024-05-19 13:40:30.725,OnTrack,-11480,-3015,825,pos,0 days 00:37:14.131000,0 days 01:32:50.739000
2024-05-19 13:40:30.905,OnTrack,-11562,-3086,825,pos,0 days 00:37:14.311000,0 days 01:32:50.919000
2024-05-19 13:40:31.205,OnTrack,-11679,-3229,825,pos,0 days 00:37:14.611000,0 days 01:32:51.219000
2024-05-19 13:40:31.385,OnTrack,-11737,-3329,825,pos,0 days 00:37:14.791000,0 days 01:32:51.399000
2024-05-19 13:40:31.585,OnTrack,-11795,-3457,826,pos,0 days 00:37:14.991000,0 days 01:32:51.599000
2024-05-19 13:40:31.745,OnTrack,-11834,-3555,827,pos,0 days 00:37:15.151000,0 days 01:32:51.759000
2024-05-19 13:40:31.985,OnTrack,-11923,-3793,828,pos,0 days 00:37:15.391000,0 days 01:32:51.999000
2024-05-19 13:40:32.325,OnTrack,-11971,-3921,828,pos,0 days 00:37:15.731000,0 days 01:32:52.339000
2024-05-19 13:40:32.525,OnTrack,-12020,-4051,828,pos,0 days 00:37:15.931000,0 days 01:32:52.539000
2024-05-19 13:40:32.845,OnTrack,-12099,-4260,829,pos,0 days 00:37:16.251000,0 days 01:32:52.859000
2024-05-19 13:40:33.085,OnTrack,-12189,-4502,830,pos,0 days 00:37:16.491000,0 days 01:32:53.099000
2024-05-19 13:40:33.405,OnTrack,-12241,-4638,830,pos,0 days 00:37:16.811000,0 days 01:32:53.419000
2024-05-19 13:40:33.585,OnTrack,-12287,-4762,831,pos,0 days 00:37:16.991000,0 days 01:32:53.599000
2024-05-19 13:40:33.765,OnTrack,-12334,-4887,831,pos,0 days 00:37:17.171000,0 days 01:32:53.779000
2024-05-19 13:40:34.085,OnTrack,-12418,-5113,832,pos,0 days 00:37:17.491000,0 days 01:32:54.099000
2024-05-19 13:40:34.325,OnTrack,-12510,-5356,832,pos,0 days 00:37:17.731000,0 days 01:32:54.339000
2024-05-19 13:40:34.765,OnTrack,-12618,-5645,833,pos,0 days 00:37:18.171000,0 days 01:32:54.779000
2024-05-19 13:40:35.105,OnTrack,-12694,-5848,833,pos,0 days 00:37:18.511000,0 days 01:32:55.119000
2024-05-19 13:40:35.305,OnTrack,-12750,-5994,834,pos,0 days 00:37:18.711000,0 days 01:32:55.319000
2024-05-19 13:40:35.485,OnTrack,-12800,-6124,834,pos,0 days 00:37:18.891000,0 days 01:32:55.499000
2024-05-19 13:40:35.685,OnTrack,-12858,-6268,835,pos,0 days 00:37:19.091000,0 days 01:32:55.699000
2024-05-19 13:40:35.985,OnTrack,-12948,-6483,835,pos,0 days 00:37:19.391000,0 days 01:32:55.999000
2024-05-19 13:40:36.145,OnTrack,-12996,-6598,835,pos,0 days 00:37:19.551000,0 days 01:32:56.159000
2024-05-19 13:40:36.365,OnTrack,-13062,-6753,836,pos,0 days 00:37:19.771000,0 days 01:32:56.379000
2024-05-19 13:40:36.525,OnTrack,-13105,-6865,836,pos,0 days 00:37:19.931000,0 days 01:32:56.539000
2024-05-19 13:40:36.684,OnTrack,-13137,-6970,837,pos,0 days 00:37:20.090000,0 days 01:32:56.698000
2024-05-19 13:40:36.924,OnTrack,-13160,-7110,838,pos,0 days 00:37:20.330000,0 days 01:32:56.938000
2024-05-19 13:40:37.064,OnTrack,-13163,-7199,838,pos,0 days 00:37:20.470000,0 days 01:32:57.078000
2024-05-19 13:40:37.385,OnTrack,-13128,-7464,840,pos,0 days 00:37:20.791000,0 days 01:32:57.399000
2024-05-19 13:40:37.705,OnTrack,-13098,-7594,841,pos,0 days 00:37:21.111000,0 days 01:32:57.719000
2024-05-19 13:40:38.045,OnTrack,-13045,-7819,842,pos,0 days 00:37:21.451000,0 days 01:32:58.059000
2024-05-19 13:40:38.365,OnTrack,-13026,-7935,843,pos,0 days 00:37:21.771000,0 days 01:32:58.379000
2024-05-19 13:40:38.525,OnTrack,-13024,-8008,844,pos,0 days 00:37:21.931000,0 days 01:32:58.539000
2024-05-19 13:40:38.785,OnTrack,-13046,-8117,844,pos,0 days 00:37:22.191000,0 days 01:32:58.799000
2024-05-19 13:40:39.025,OnTrack,-13145,-8259,846,pos,0 days 00:37:22.431000,0 days 01:32:59.039000
2024-05-19 13:40:39.345,OnTrack,-13211,-8318,847,pos,0 days 00:37:22.751000,0 days 01:32:59.359000
2024-05-19 13:40:39.565,OnTrack,-13292,-8389,848,pos,0 days 00:37:22.971000,0 days 01:32:59.579000
2024-05-19 13:40:39.865,OnTrack,-13405,-8485,849,pos,0 days 00:37:23.271000,0 days 01:32:59.879000
2024-05-19 13:40:40.085,OnTrack,-13491,-8558,850,pos,0 days 00:37:23.491000,0 days 01:33:00.099000
2024-05-19 13:40:40.305,OnTrack,-13581,-8633,852,pos,0 days 00:37:23.711000,0 days 01:33:00.319000
2024-05-19 13:40:40.525,OnTrack,-13732,-8763,854,pos,0 days 00:37:23.931000,0 days 01:33:00.539000
2024-05-19 13:40:40.785,OnTrack,-13784,-8806,855,pos,0 days 00:37:24.191000,0 days 01:33:00.799000
2024-05-19 13:40:41.085,OnTrack,-13899,-8902,857,pos,0 days 00:37:24.491000,0 days 01:33:01.099000
2024-05-19 13:40:41.285,OnTrack,-13990,-8981,859,pos,0 days 00:37:24.691000,0 days 01:33:01.299000
2024-05-19 13:40:41.565,OnTrack,-14181,-9165,865,pos,0 days 00:37:24.971000,0 days 01:33:01.579000
2024-05-19 13:40:41.905,OnTrack,-14331,-9314,872,pos,0 days 00:37:25.311000,0 days 01:33:01.919000
2024-05-19 13:40:42.225,OnTrack,-14411,-9393,876,pos,0 days 00:37:25.631000,0 days 01:33:02.239000
2024-05-19 13:40:42.565,OnTrack,-14596,-9568,884,pos,0 days 00:37:25.971000,0 days 01:33:02.579000
2024-05-19 13:40:42.845,OnTrack,-14673,-9642,888,pos,0 days 00:37:26.251000,0 days 01:33:02.859000
2024-05-19 13:40:43.045,OnTrack,-14744,-9715,891,pos,0 days 00:37:26.451000,0 days 01:33:03.059000
2024-05-19 13:40:43.264,OnTrack,-14807,-9787,895,pos,0 days 00:37:26.670000,0 days 01:33:03.278000
2024-05-19 13:40:43.524,OnTrack,-14863,-9870,898,pos,0 days 00:37:26.930000,0 days 01:33:03.538000
2024-05-19 13:40:43.684,OnTrack,-14887,-9921,900,pos,0 days 00:37:27.090000,0 days 01:33:03.698000
2024-05-19 13:40:43.865,OnTrack,-14906,-9979,901,pos,0 days 00:37:27.271000,0 days 01:33:03.879000
2024-05-19 13:40:44.085,OnTrack,-14916,-10048,904,pos,0 days 00:37:27.491000,0 days 01:33:04.099000
2024-05-19 13:40:44.225,OnTrack,-14914,-10090,906,pos,0 days 00:37:27.631000,0 days 01:33:04.239000
2024-05-19 13:40:44.625,OnTrack,-14879,-10201,911,pos,0 days 00:37:28.031000,0 days 01:33:04.639000
2024-05-19 13:40:44.825,OnTrack,-14846,-10248,914,pos,0 days 00:37:28.231000,0 days 01:33:04.839000
2024-05-19 13:40:45.045,OnTrack,-14804,-10290,918,pos,0 days 00:37:28.451000,0 days 01:33:05.059000
2024-05-19 13:40:45.145,OnTrack,-14783,-10307,920,pos,0 days 00:37:28.551000,0 days 01:33:05.159000
2024-05-19 13:40:45.405,OnTrack,-14699,-10355,923,pos,0 days 00:37:28.811000,0 days 01:33:05.419000
2024-05-19 13:40:45.685,OnTrack,-14652,-10372,925,pos,0 days 00:37:29.091000,0 days 01:33:05.699000
2024-05-19 13:40:46.045,OnTrack,-14551,-10392,932,pos,0 days 00:37:29.451000,0 days 01:33:06.059000
2024-05-19 13:40:46.245,OnTrack,-14490,-10395,935,pos,0 days 00:37:29.651000,0 days 01:33:06.259000
2024-05-19 13:40:46.345,OnTrack,-14458,-10395,936,pos,0 days 00:37:29.751000,0 days 01:33:06.359000
2024-05-19 13:40:46.685,OnTrack,-14346,-10388,941,pos,0 days 00:37:30.091000,0 days 01:33:06.699000
2024-05-19 13:40:46.925,OnTrack,-14275,-10380,945,pos,0 days 00:37:30.331000,0 days 01:33:06.939000
2024-05-19 13:40:47.165,OnTrack,-14198,-10368,948,pos,0 days 00:37:30.571000,0 days 01:33:07.179000
2024-05-19 13:40:47.405,OnTrack,-14038,-10339,955,pos,0 days 00:37:30.811000,0 days 01:33:07.419000
2024-05-19 13:40:47.745,OnTrack,-13947,-10321,959,pos,0 days 00:37:31.151000,0 days 01:33:07.759000
2024-05-19 13:40:48.025,OnTrack,-13815,-10293,965,pos,0 days 00:37:31.431000,0 days 01:33:08.039000
2024-05-19 13:40:48.185,OnTrack,-13735,-10277,969,pos,0 days 00:37:31.591000,0 days 01:33:08.199000
2024-05-19 13:40:48.385,OnTrack,-13631,-10256,973,pos,0 days 00:37:31.791000,0 days 01:33:08.399000
2024-05-19 13:40:48.685,OnTrack,-13469,-10226,980,pos,0 days 00:37:32.091000,0 days 01:33:08.699000
2024-05-19 13:40:48.965,OnTrack,-13310,-10198,986,pos,0 days 00:37:32.371000,0 days 01:33:08.979000
2024-05-19 13:40:49.125,OnTrack,-13217,-10181,989,pos,0 days 00:37:32.531000,0 days 01:33:09.139000
2024-05-19 13:40:49.385,OnTrack,-13000,-10143,997,pos,0 days 00:37:32.791000,0 days 01:33:09.399000
2024-05-19 13:40:49.725,OnTrack,-12850,-10120,1002,pos,0 days 00:37:33.131000,0 days 01:33:09.739000
2024-05-19 13:40:49.924,OnTrack,-12723,-10101,1006,pos,0 days 00:37:33.330000,0 days 01:33:09.938000
2024-05-19 13:40:50.144,OnTrack,-12580,-10079,1010,pos,0 days 00:37:33.550000,0 days 01:33:10.158000
2024-05-19 13:40:50.304,OnTrack,-12474,-10064,1014,pos,0 days 00:37:33.710000,0 days 01:33:10.318000
2024-05-19 13:40:50.545,OnTrack,-12259,-10034,1023,pos,0 days 00:37:33.951000,0 days 01:33:10.559000
2024-05-19 13:40:50.845,OnTrack,-12108,-10013,1032,pos,0 days 00:37:34.251000,0 days 01:33:10.859000
2024-05-19 13:40:51.205,OnTrack,-11770,-9970,1055,pos,0 days 00:37:34.611000,0 days 01:33:11.219000
2024-05-19 13:40:51.605,OnTrack,-11498,-9941,1072,pos,0 days 00:37:35.011000,0 days 01:33:11.619000
2024-05-19 13:40:51.985,OnTrack,-11192,-9921,1091,pos,0 days 00:37:35.391000,0 days 01:33:11.999000
2024-05-19 13:40:52.285,OnTrack,-11059,-9918,1099,pos,0 days 00:37:35.691000,0 days 01:33:12.299000
2024-05-19 13:40:52.505,OnTrack,-10896,-9918,1108,pos,0 days 00:37:35.911000,0 days 01:33:12.519000
2024-05-19 13:40:52.705,OnTrack,-10748,-9923,1115,pos,0 days 00:37:36.111000,0 days 01:33:12.719000
2024-05-19 13:40:53.045,OnTrack,-10421,-9947,1122,pos,0 days 00:37:36.451000,0 days 01:33:13.059000
2024-05-19 13:40:53.505,OnTrack,-10094,-9984,1121,pos,0 days 00:37:36.911000,0 days 01:33:13.519000
2024-05-19 13:40:53.865,OnTrack,-9885,-10008,1119,pos,0 days 00:37:37.271000,0 days 01:33:13.879000
2024-05-19 13:40:54.045,OnTrack,-9751,-10024,1118,pos,0 days 00:37:37.451000,0 days 01:33:14.059000
2024-05-19 13:40:54.245,OnTrack,-9604,-10040,1117,pos,0 days 00:37:37.651000,0 days 01:33:14.259000
2024-05-19 13:40:54.505,OnTrack,-9424,-10059,1115,pos,0 days 00:37:37.911000,0 days 01:33:14.519000
2024-05-19 13:40:54.725,OnTrack,-9223,-10071,1114,pos,0 days 00:37:38.131000,0 days 01:33:14.739000
2024-05-19 13:40:55.065,OnTrack,-9097,-10065,1114,pos,0 days 00:37:38.471000,0 days 01:33:15.079000
2024-05-19 13:40:55.345,OnTrack,-8949,-10033,1114,pos,0 days 00:37:38.751000,0 days 01:33:15.359000
2024-05-19 13:40:55.505,OnTrack,-8869,-10000,1113,pos,0 days 00:37:38.911000,0 days 01:33:15.519000
2024-05-19 13:40:55.705,OnTrack,-8778,-9945,1112,pos,0 days 00:37:39.111000,0 days 01:33:15.719000
2024-05-19 13:40:55.905,OnTrack,-8649,-9817,1107,pos,0 days 00:37:39.311000,0 days 01:33:15.919000
2024-05-19 13:40:56.364,OnTrack,-8554,-9663,1103,pos,0 days 00:37:39.770000,0 days 01:33:16.378000
2024-05-19 13:40:56.544,OnTrack,-8506,-9570,1100,pos,0 days 00:37:39.950000,0 days 01:33:16.558000
2024-05-19 13:40:56.744,OnTrack,-8454,-9465,1096,pos,0 days 00:37:40.150000,0 days 01:33:16.758000
2024-05-19 13:40:56.945,OnTrack,-8373,-9291,1090,pos,0 days 00:37:40.351000,0 days 01:33:16.959000
2024-05-19 13:40:57.325,OnTrack,-8318,-9140,1085,pos,0 days 00:37:40.731000,0 days 01:33:17.339000
2024-05-19 13:40:57.625,OnTrack,-8257,-8879,1075,pos,0 days 00:37:41.031000,0 days 01:33:17.639000
2024-05-19 13:40:57.925,OnTrack,-8243,-8761,1069,pos,0 days 00:37:41.331000,0 days 01:33:17.939000
2024-05-19 13:40:58.265,OnTrack,-8241,-8478,1052,pos,0 days 00:37:41.671000,0 days 01:33:18.279000
2024-05-19 13:40:58.545,OnTrack,-8252,-8340,1042,pos,0 days 00:37:41.951000,0 days 01:33:18.559000
2024-05-19 13:40:58.725,OnTrack,-8266,-8222,1032,pos,0 days 00:37:42.131000,0 days 01:33:18.739000
2024-05-19 13:40:59.005,OnTrack,-8297,-8026,1012,pos,0 days 00:37:42.411000,0 days 01:33:19.019000
2024-05-19 13:40:59.165,OnTrack,-8319,-7913,1003,pos,0 days 00:37:42.571000,0 days 01:33:19.179000
2024-05-19 13:40:59.385,OnTrack,-8352,-7758,990,pos,0 days 00:37:42.791000,0 days 01:33:19.399000
2024-05-19 13:40:59.545,OnTrack,-8378,-7644,982,pos,0 days 00:37:42.951000,0 days 01:33:19.559000
2024-05-19 13:40:59.845,OnTrack,-8427,-7429,968,pos,0 days 00:37:43.251000,0 days 01:33:19.859000
2024-05-19 13:41:00.005,OnTrack,-8454,-7314,961,pos,0 days 00:37:43.411000,0 days 01:33:20.019000
2024-05-19 13:41:00.185,OnTrack,-8484,-7183,953,pos,0 days 00:37:43.591000,0 days 01:33:20.199000
2024-05-19 13:41:00.345,OnTrack,-8510,-7066,947,pos,0 days 00:37:43.751000,0 days 01:33:20.359000
2024-05-19 13:41:00.685,OnTrack,-8576,-6774,932,pos,0 days 00:37:44.091000,0 days 01:33:20.699000
2024-05-19 13:41:01.025,OnTrack,-8620,-6574,922,pos,0 days 00:37:44.431000,0 days 01:33:21.039000
2024-05-19 13:41:01.325,OnTrack,-8654,-6291,908,pos,0 days 00:37:44.731000,0 days 01:33:21.339000
2024-05-19 13:41:01.765,OnTrack,-8591,-6009,899,pos,0 days 00:37:45.171000,0 days 01:33:21.779000
2024-05-19 13:41:02.065,OnTrack,-8507,-5831,897,pos,0 days 00:37:45.471000,0 days 01:33:22.079000
2024-05-19 13:41:02.525,OnTrack,-8415,-5669,897,pos,0 days 00:37:45.931000,0 days 01:33:22.539000
2024-05-19 13:41:02.745,OnTrack,-8356,-5573,898,pos,0 days 00:37:46.151000,0 days 01:33:22.759000
2024-05-19 13:41:02.944,OnTrack,-8304,-5499,900,pos,0 days 00:37:46.350000,0 days 01:33:22.958000
2024-05-19 13:41:03.124,OnTrack,-8254,-5442,902,pos,0 days 00:37:46.530000,0 days 01:33:23.138000
2024-05-19 13:41:03.284,OnTrack,-8208,-5399,903,pos,0 days 00:37:46.690000,0 days 01:33:23.298000
2024-05-19 13:41:03.505,OnTrack,-8140,-5355,906,pos,0 days 00:37:46.911000,0 days 01:33:23.519000
2024-05-19 13:41:03.785,OnTrack,-8016,-5325,911,pos,0 days 00:37:47.191000,0 days 01:33:23.799000
2024-05-19 13:41:04.125,OnTrack,-7876,-5344,923,pos,0 days 00:37:47.531000,0 days 01:33:24.139000
2024-05-19 13:41:04.545,OnTrack,-7770,-5372,933,pos,0 days 00:37:47.951000,0 days 01:33:24.559000
2024-05-19 13:41:04.745,OnTrack,-7647,-5403,943,pos,0 days 00:37:48.151000,0 days 01:33:24.759000
2024-05-19 13:41:05.245,OnTrack,-7505,-5428,958,pos,0 days 00:37:48.651000,0 days 01:33:25.259000
2024-05-19 13:41:05.425,OnTrack,-7401,-5437,967,pos,0 days 00:37:48.831000,0 days 01:33:25.439000
2024-05-19 13:41:05.785,OnTrack,-7264,-5443,978,pos,0 days 00:37:49.191000,0 days 01:33:25.799000
2024-05-19 13:41:06.025,OnTrack,-7077,-5443,993,pos,0 days 00:37:49.431000,0 days 01:33:26.039000
2024-05-19 13:41:06.485,OnTrack,-6910,-5441,1004,pos,0 days 00:37:49.891000,0 days 01:33:26.499000
2024-05-19 13:41:06.605,OnTrack,-6844,-5441,1007,pos,0 days 00:37:50.011000,0 days 01:33:26.619000
2024-05-19 13:41:06.865,OnTrack,-6653,-5439,1017,pos,0 days 00:37:50.271000,0 days 01:33:26.879000
2024-05-19 13:41:07.245,OnTrack,-6477,-5437,1025,pos,0 days 00:37:50.651000,0 days 01:33:27.259000
2024-05-19 13:41:07.425,OnTrack,-6368,-5437,1029,pos,0 days 00:37:50.831000,0 days 01:33:27.439000
2024-05-19 13:41:07.685,OnTrack,-6207,-5435,1034,pos,0 days 00:37:51.091000,0 days 01:33:27.699000
2024-05-19 13:41:07.905,OnTrack,-6002,-5433,1039,pos,0 days 00:37:51.311000,0 days 01:33:27.919000
2024-05-19 13:41:08.245,OnTrack,-5845,-5432,1044,pos,0 days 00:37:51.651000,0 days 01:33:28.259000
2024-05-19 13:41:08.405,OnTrack,-5739,-5431,1047,pos,0 days 00:37:51.811000,0 days 01:33:28.419000
2024-05-19 13:41:08.585,OnTrack,-5618,-5430,1050,pos,0 days 00:37:51.991000,0 days 01:33:28.599000
2024-05-19 13:41:08.925,OnTrack,-5286,-5425,1060,pos,0 days 00:37:52.331000,0 days 01:33:28.939000
2024-05-19 13:41:09.305,OnTrack,-5118,-5417,1065,pos,0 days 00:37:52.711000,0 days 01:33:29.319000
2024-05-19 13:41:09.564,OnTrack,-4936,-5402,1070,pos,0 days 00:37:52.970000,0 days 01:33:29.578000
2024-05-19 13:41:09.624,OnTrack,-4893,-5398,1072,pos,0 days 00:37:53.030000,0 days 01:33:29.638000
2024-05-19 13:41:09.824,OnTrack,-4752,-5386,1075,pos,0 days 00:37:53.230000,0 days 01:33:29.838000
2024-05-19 13:41:10.105,OnTrack,-4554,-5368,1079,pos,0 days 00:37:53.511000,0 days 01:33:30.119000
2024-05-19 13:41:10.385,OnTrack,-4312,-5348,1083,pos,0 days 00:37:53.791000,0 days 01:33:30.399000
2024-05-19 13:41:10.705,OnTrack,-4127,-5333,1084,pos,0 days 00:37:54.111000,0 days 01:33:30.719000
2024-05-19 13:41:10.865,OnTrack,-4016,-5323,1085,pos,0 days 00:37:54.271000,0 days 01:33:30.879000
2024-05-19 13:41:11.145,OnTrack,-3744,-5301,1087,pos,0 days 00:37:54.551000,0 days 01:33:31.159000
2024-05-19 13:41:11.545,OnTrack,-3600,-5289,1087,pos,0 days 00:37:54.951000,0 days 01:33:31.559000
2024-05-19 13:41:11.685,OnTrack,-3529,-5284,1087,pos,0 days 00:37:55.091000,0 days 01:33:31.699000
2024-05-19 13:41:11.885,OnTrack,-3435,-5277,1088,pos,0 days 00:37:55.291000,0 days 01:33:31.899000
2024-05-19 13:41:12.085,OnTrack,-3349,-5273,1089,pos,0 days 00:37:55.491000,0 days 01:33:32.099000
2024-05-19 13:41:12.345,OnTrack,-3249,-5275,1091,pos,0 days 00:37:55.751000,0 days 01:33:32.359000
2024-05-19 13:41:12.605,OnTrack,-3170,-5299,1093,pos,0 days 00:37:56.011000,0 days 01:33:32.619000
2024-05-19 13:41:12.865,OnTrack,-3068,-5386,1096,pos,0 days 00:37:56.271000,0 days 01:33:32.879000
2024-05-19 13:41:13.205,OnTrack,-3017,-5443,1096,pos,0 days 00:37:56.611000,0 days 01:33:33.219000
2024-05-19 13:41:13.365,OnTrack,-2980,-5481,1096,pos,0 days 00:37:56.771000,0 days 01:33:33.379000
2024-05-19 13:41:13.565,OnTrack,-2932,-5518,1096,pos,0 days 00:37:56.971000,0 days 01:33:33.579000
2024-05-19 13:41:13.725,OnTrack,-2891,-5540,1096,pos,0 days 00:37:57.131000,0 days 01:33:33.739000
2024-05-19 13:41:14.105,OnTrack,-2777,-5563,1094,pos,0 days 00:37:57.511000,0 days 01:33:34.119000
2024-05-19 13:41:14.365,OnTrack,-2715,-5553,1093,pos,0 days 00:37:57.771000,0 days 01:33:34.379000
2024-05-19 13:41:14.625,OnTrack,-2645,-5535,1091,pos,0 days 00:37:58.031000,0 days 01:33:34.639000
2024-05-19 13:41:14.845,OnTrack,-2585,-5516,1090,pos,0 days 00:37:58.251000,0 days 01:33:34.859000
2024-05-19 13:41:15.165,OnTrack,-2466,-5470,1087,pos,0 days 00:37:58.571000,0 days 01:33:35.179000
2024-05-19 13:41:15.445,OnTrack,-2410,-5446,1086,pos,0 days 00:37:58.851000,0 days 01:33:35.459000
2024-05-19 13:41:15.685,OnTrack,-2332,-5409,1084,pos,0 days 00:37:59.091000,0 days 01:33:35.699000
2024-05-19 13:41:15.845,OnTrack,-2277,-5381,1083,pos,0 days 00:37:59.251000,0 days 01:33:35.859000
2024-05-19 13:41:16.025,OnTrack,-2211,-5347,1081,pos,0 days 00:37:59.431000,0 days 01:33:36.039000
2024-05-19 13:41:16.324,OnTrack,-2094,-5285,1078,pos,0 days 00:37:59.730000,0 days 01:33:36.338000
2024-05-19 13:41:16.625,OnTrack,-1949,-5209,1076,pos,0 days 00:38:00.031000,0 days 01:33:36.639000
2024-05-19 13:41:16.845,OnTrack,-1869,-5166,1074,pos,0 days 00:38:00.251000,0 days 01:33:36.859000
2024-05-19 13:41:17.185,OnTrack,-1708,-5083,1070,pos,0 days 00:38:00.591000,0 days 01:33:37.199000
2024-05-19 13:41:17.385,OnTrack,-1556,-5009,1068,pos,0 days 00:38:00.791000,0 days 01:33:37.399000
2024-05-19 13:41:17.685,OnTrack,-1461,-4965,1066,pos,0 days 00:38:01.091000,0 days 01:33:37.699000
2024-05-19 13:41:17.905,OnTrack,-1340,-4910,1064,pos,0 days 00:38:01.311000,0 days 01:33:37.919000
2024-05-19 13:41:18.265,OnTrack,-1117,-4804,1059,pos,0 days 00:38:01.671000,0 days 01:33:38.279000
2024-05-19 13:41:18.565,OnTrack,-970,-4724,1056,pos,0 days 00:38:01.971000,0 days 01:33:38.579000
2024-05-19 13:41:18.725,OnTrack,-881,-4670,1055,pos,0 days 00:38:02.131000,0 days 01:33:38.739000
2024-05-19 13:41:18.985,OnTrack,-735,-4576,1050,pos,0 days 00:38:02.391000,0 days 01:33:38.999000
2024-05-19 13:41:19.205,OnTrack,-613,-4490,1047,pos,0 days 00:38:02.611000,0 days 01:33:39.219000
2024-05-19 13:41:19.465,OnTrack,-444,-4368,1042,pos,0 days 00:38:02.871000,0 days 01:33:39.479000
2024-05-19 13:41:19.805,OnTrack,-275,-4239,1037,pos,0 days 00:38:03.211000,0 days 01:33:39.819000
2024-05-19 13:41:20.105,OnTrack,-65,-4064,1030,pos,0 days 00:38:03.511000,0 days 01:33:40.119000
2024-05-19 13:41:20.465,OnTrack,85,-3924,1027,pos,0 days 00:38:03.871000,0 days 01:33:40.479000
2024-05-19 13:41:20.685,OnTrack,231,-3776,1023,pos,0 days 00:38:04.091000,0 days 01:33:40.699000
2024-05-19 13:41:20.845,OnTrack,313,-3688,1020,pos,0 days 00:38:04.251000,0 days 01:33:40.859000
2024-05-19 13:41:21.065,OnTrack,486,-3497,1013,pos,0 days 00:38:04.471000,0 days 01:33:41.079000
2024-05-19 13:41:21.345,OnTrack,568,-3406,1009,pos,0 days 00:38:04.751000,0 days 01:33:41.359000
2024-05-19 13:41:21.685,OnTrack,744,-3211,999,pos,0 days 00:38:05.091000,0 days 01:33:41.699000
2024-05-19 13:41:21.965,OnTrack,890,-3049,988,pos,0 days 00:38:05.371000,0 days 01:33:41.979000
2024-05-19 13:41:22.145,OnTrack,1006,-2921,979,pos,0 days 00:38:05.551000,0 days 01:33:42.159000
2024-05-19 13:41:22.405,OnTrack,1123,-2791,969,pos,0 days 00:38:05.811000,0 days 01:33:42.419000
2024-05-19 13:41:22.704,OnTrack,1283,-2616,955,pos,0 days 00:38:06.110000,0 days 01:33:42.718000
2024-05-19 13:41:22.944,OnTrack,1416,-2479,943,pos,0 days 00:38:06.350000,0 days 01:33:42.958000
2024-05-19 13:41:23.124,OnTrack,1584,-2332,928,pos,0 days 00:38:06.530000,0 days 01:33:43.138000
2024-05-19 13:41:23.565,OnTrack,1839,-2168,908,pos,0 days 00:38:06.971000,0 days 01:33:43.579000
2024-05-19 13:41:23.645,OnTrack,1898,-2139,904,pos,0 days 00:38:07.051000,0 days 01:33:43.659000
2024-05-19 13:41:23.865,OnTrack,2064,-2068,891,pos,0 days 00:38:07.271000,0 days 01:33:43.879000
2024-05-19 13:41:24.145,OnTrack,2274,-1984,874,pos,0 days 00:38:07.551000,0 days 01:33:44.159000
2024-05-19 13:41:24.325,OnTrack,2401,-1933,865,pos,0 days 00:38:07.731000,0 days 01:33:44.339000
2024-05-19 13:41:24.585,OnTrack,2569,-1864,851,pos,0 days 00:38:07.991000,0 days 01:33:44.599000
2024-05-19 13:41:24.785,OnTrack,2685,-1817,843,pos,0 days 00:38:08.191000,0 days 01:33:44.799000
2024-05-19 13:41:24.925,OnTrack,2761,-1786,837,pos,0 days 00:38:08.331000,0 days 01:33:44.939000
2024-05-19 13:41:25.165,OnTrack,2880,-1736,830,pos,0 days 00:38:08.571000,0 days 01:33:45.179000
2024-05-19 13:41:25.445,OnTrack,3031,-1658,820,pos,0 days 00:38:08.851000,0 days 01:33:45.459000
2024-05-19 13:41:25.785,OnTrack,3094,-1605,816,pos,0 days 00:38:09.191000,0 days 01:33:45.799000
2024-05-19 13:41:26.105,OnTrack,3158,-1514,810,pos,0 days 00:38:09.511000,0 days 01:33:46.119000
2024-05-19 13:41:26.285,OnTrack,3178,-1457,808,pos,0 days 00:38:09.691000,0 days 01:33:46.299000
2024-05-19 13:41:26.485,OnTrack,3190,-1358,804,pos,0 days 00:38:09.891000,0 days 01:33:46.499000
2024-05-19 13:41:26.785,OnTrack,3185,-1293,801,pos,0 days 00:38:10.191000,0 days 01:33:46.799000
2024-05-19 13:41:27.145,OnTrack,3161,-1177,798,pos,0 days 00:38:10.551000,0 days 01:33:47.159000
2024-05-19 13:41:27.345,OnTrack,3141,-1112,797,pos,0 days 00:38:10.751000,0 days 01:33:47.359000
2024-05-19 13:41:27.525,OnTrack,3122,-1053,795,pos,0 days 00:38:10.931000,0 days 01:33:47.539000
2024-05-19 13:41:27.685,OnTrack,3088,-956,794,pos,0 days 00:38:11.091000,0 days 01:33:47.699000
2024-05-19 13:41:28.145,OnTrack,3024,-800,793,pos,0 days 00:38:11.551000,0 days 01:33:48.159000
2024-05-19 13:41:28.565,OnTrack,2932,-627,790,pos,0 days 00:38:11.971000,0 days 01:33:48.579000
2024-05-19 13:41:29.005,OnTrack,2840,-511,789,pos,0 days 00:38:12.411000,0 days 01:33:49.019000
2024-05-19 13:41:29.145,OnTrack,2770,-453,788,pos,0 days 00:38:12.551000,0 days 01:33:49.159000
2024-05-19 13:41:29.424,OnTrack,2700,-413,787,pos,0 days 00:38:12.830000,0 days 01:33:49.438000
2024-05-19 13:41:29.684,OnTrack,2601,-379,787,pos,0 days 00:38:13.090000,0 days 01:33:49.698000
2024-05-19 13:41:30.005,OnTrack,2476,-361,786,pos,0 days 00:38:13.411000,0 days 01:33:50.019000
2024-05-19 13:41:30.185,OnTrack,2366,-361,786,pos,0 days 00:38:13.591000,0 days 01:33:50.199000
2024-05-19 13:41:30.525,OnTrack,2270,-374,785,pos,0 days 00:38:13.931000,0 days 01:33:50.539000
2024-05-19 13:41:30.865,OnTrack,2110,-423,783,pos,0 days 00:38:14.271000,0 days 01:33:50.879000
2024-05-19 13:41:31.105,OnTrack,2036,-455,782,pos,0 days 00:38:14.511000,0 days 01:33:51.119000
2024-05-19 13:41:31.345,OnTrack,1933,-503,781,pos,0 days 00:38:14.751000,0 days 01:33:51.359000
2024-05-19 13:41:31.565,OnTrack,1841,-546,780,pos,0 days 00:38:14.971000,0 days 01:33:51.579000
2024-05-19 13:41:31.885,OnTrack,1709,-606,779,pos,0 days 00:38:15.291000,0 days 01:33:51.899000
2024-05-19 13:41:32.025,OnTrack,1590,-661,778,pos,0 days 00:38:15.431000,0 days 01:33:52.039000
2024-05-19 13:41:32.385,OnTrack,1455,-722,778,pos,0 days 00:38:15.791000,0 days 01:33:52.399000
2024-05-19 13:41:32.545,OnTrack,1369,-761,778,pos,0 days 00:38:15.951000,0 days 01:33:52.559000
2024-05-19 13:41:32.825,OnTrack,1215,-830,778,pos,0 days 00:38:16.231000,0 days 01:33:52.839000
2024-05-19 13:41:33.085,OnTrack,1068,-897,778,pos,0 days 00:38:16.491000,0 days 01:33:53.099000
2024-05-19 13:41:33.225,OnTrack,987,-934,778,pos,0 days 00:38:16.631000,0 days 01:33:53.239000
2024-05-19 13:41:33.525,OnTrack,759,-1033,779,pos,0 days 00:38:16.931000,0 days 01:33:53.539000
2024-05-19 13:41:33.985,OnTrack,515,-1135,780,pos,0 days 00:38:17.391000,0 days 01:33:53.999000
2024-05-19 13:41:34.145,OnTrack,413,-1178,780,pos,0 days 00:38:17.551000,0 days 01:33:54.159000
2024-05-19 13:41:34.325,OnTrack,232,-1254,781,pos,0 days 00:38:17.731000,0 days 01:33:54.339000
2024-05-19 13:41:34.665,OnTrack,75,-1320,781,pos,0 days 00:38:18.071000,0 days 01:33:54.679000
2024-05-19 13:41:35.005,OnTrack,-152,-1411,781,pos,0 days 00:38:18.411000,0 days 01:33:55.019000
2024-05-19 13:41:35.145,OnTrack,-247,-1446,782,pos,0 days 00:38:18.551000,0 days 01:33:55.159000
2024-05-19 13:41:35.625,OnTrack,-590,-1540,783,pos,0 days 00:38:19.031000,0 days 01:33:55.639000
2024-05-19 13:41:36.024,OnTrack,-1002,-1585,784,pos,0 days 00:38:19.430000,0 days 01:33:56.038000
2024-05-19 13:41:36.264,OnTrack,-1112,-1589,784,pos,0 days 00:38:19.670000,0 days 01:33:56.278000
2024-05-19 13:41:36.625,OnTrack,-1464,-1603,786,pos,0 days 00:38:20.031000,0 days 01:33:56.639000
2024-05-19 13:41:37.025,OnTrack,-1669,-1615,786,pos,0 days 00:38:20.431000,0 days 01:33:57.039000
2024-05-19 13:41:37.085,OnTrack,-1716,-1618,787,pos,0 days 00:38:20.491000,0 days 01:33:57.099000
2024-05-19 13:41:37.465,OnTrack,-2083,-1638,788,pos,0 days 00:38:20.871000,0 days 01:33:57.479000
2024-05-19 13:41:37.885,OnTrack,-2390,-1655,789,pos,0 days 00:38:21.291000,0 days 01:33:57.899000
2024-05-19 13:41:38.225,OnTrack,-2732,-1671,791,pos,0 days 00:38:21.631000,0 days 01:33:58.239000
2024-05-19 13:41:38.565,OnTrack,-2913,-1676,792,pos,0 days 00:38:21.971000,0 days 01:33:58.579000
2024-05-19 13:41:38.825,OnTrack,-3128,-1684,793,pos,0 days 00:38:22.231000,0 days 01:33:58.839000
2024-05-19 13:41:39.025,OnTrack,-3294,-1690,793,pos,0 days 00:38:22.431000,0 days 01:33:59.039000
2024-05-19 13:41:39.285,OnTrack,-3510,-1696,794,pos,0 days 00:38:22.691000,0 days 01:33:59.299000
2024-05-19 13:41:39.445,OnTrack,-3643,-1694,795,pos,0 days 00:38:22.851000,0 days 01:33:59.459000
2024-05-19 13:41:39.725,OnTrack,-3959,-1667,796,pos,0 days 00:38:23.131000,0 days 01:33:59.739000
2024-05-19 13:41:40.085,OnTrack,-4176,-1629,797,pos,0 days 00:38:23.491000,0 days 01:34:00.099000
2024-05-19 13:41:40.225,OnTrack,-4293,-1605,798,pos,0 days 00:38:23.631000,0 days 01:34:00.239000
2024-05-19 13:41:40.545,OnTrack,-4675,-1516,801,pos,0 days 00:38:23.951000,0 days 01:34:00.559000
2024-05-19 13:41:40.885,OnTrack,-4940,-1450,803,pos,0 days 00:38:24.291000,0 days 01:34:00.899000
2024-05-19 13:41:41.245,OnTrack,-5140,-1401,804,pos,0 days 00:38:24.651000,0 days 01:34:01.259000
2024-05-19 13:41:41.545,OnTrack,-5491,-1321,807,pos,0 days 00:38:24.951000,0 days 01:34:01.559000
2024-05-19 13:41:41.845,OnTrack,-5701,-1281,809,pos,0 days 00:38:25.251000,0 days 01:34:01.859000
2024-05-19 13:41:42.205,OnTrack,-6009,-1246,811,pos,0 days 00:38:25.611000,0 days 01:34:02.219000
2024-05-19 13:41:42.265,OnTrack,-6061,-1243,812,pos,0 days 00:38:25.671000,0 days 01:34:02.279000
2024-05-19 13:41:42.604,OnTrack,-6442,-1230,814,pos,0 days 00:38:26.010000,0 days 01:34:02.618000
2024-05-19 13:41:42.924,OnTrack,-6633,-1230,815,pos,0 days 00:38:26.330000,0 days 01:34:02.938000
2024-05-19 13:41:43.225,OnTrack,-6963,-1235,817,pos,0 days 00:38:26.631000,0 days 01:34:03.239000
2024-05-19 13:41:43.625,OnTrack,-7241,-1247,817,pos,0 days 00:38:27.031000,0 days 01:34:03.639000
2024-05-19 13:41:43.845,OnTrack,-7484,-1266,818,pos,0 days 00:38:27.251000,0 days 01:34:03.859000
2024-05-19 13:41:44.105,OnTrack,-7657,-1283,818,pos,0 days 00:38:27.511000,0 days 01:34:04.119000
2024-05-19 13:41:44.305,OnTrack,-7830,-1302,818,pos,0 days 00:38:27.711000,0 days 01:34:04.319000
2024-05-19 13:41:44.505,OnTrack,-8019,-1325,818,pos,0 days 00:38:27.911000,0 days 01:34:04.519000
2024-05-19 13:41:44.705,OnTrack,-8202,-1348,818,pos,0 days 00:38:28.111000,0 days 01:34:04.719000
2024-05-19 13:41:44.925,OnTrack,-8392,-1374,819,pos,0 days 00:38:28.331000,0 days 01:34:04.939000
2024-05-19 13:41:45.165,OnTrack,-8600,-1403,819,pos,0 days 00:38:28.571000,0 days 01:34:05.179000
2024-05-19 13:41:45.465,OnTrack,-8930,-1450,819,pos,0 days 00:38:28.871000,0 days 01:34:05.479000
2024-05-19 13:41:45.805,OnTrack,-9153,-1487,819,pos,0 days 00:38:29.211000,0 days 01:34:05.819000
2024-05-19 13:41:46.145,OnTrack,-9429,-1554,819,pos,0 days 00:38:29.551000,0 days 01:34:06.159000
2024-05-19 13:41:46.205,OnTrack,-9474,-1568,819,pos,0 days 00:38:29.611000,0 days 01:34:06.219000
2024-05-19 13:41:46.485,OnTrack,-9748,-1654,818,pos,0 days 00:38:29.891000,0 days 01:34:06.499000
2024-05-19 13:41:46.845,OnTrack,-9889,-1698,818,pos,0 days 00:38:30.251000,0 days 01:34:06.859000
2024-05-19 13:41:47.205,OnTrack,-10094,-1762,818,pos,0 days 00:38:30.611000,0 days 01:34:07.219000
2024-05-19 13:41:47.565,OnTrack,-10209,-1804,818,pos,0 days 00:38:30.971000,0 days 01:34:07.579000
2024-05-19 13:41:47.805,OnTrack,-10309,-1878,818,pos,0 days 00:38:31.211000,0 days 01:34:07.819000
2024-05-19 13:41:48.105,OnTrack,-10359,-1953,818,pos,0 days 00:38:31.511000,0 days 01:34:08.119000
2024-05-19 13:41:48.405,OnTrack,-10413,-2117,819,pos,0 days 00:38:31.811000,0 days 01:34:08.419000
2024-05-19 13:41:48.865,OnTrack,-10480,-2304,819,pos,0 days 00:38:32.271000,0 days 01:34:08.879000
2024-05-19 13:41:49.164,OnTrack,-10529,-2380,818,pos,0 days 00:38:32.570000,0 days 01:34:09.178000
2024-05-19 13:41:49.424,OnTrack,-10612,-2468,818,pos,0 days 00:38:32.830000,0 days 01:34:09.438000
2024-05-19 13:41:49.625,OnTrack,-10687,-2527,819,pos,0 days 00:38:33.031000,0 days 01:34:09.639000
2024-05-19 13:41:49.845,OnTrack,-10777,-2586,819,pos,0 days 00:38:33.251000,0 days 01:34:09.859000
2024-05-19 13:41:50.065,OnTrack,-10870,-2642,820,pos,0 days 00:38:33.471000,0 days 01:34:10.079000
2024-05-19 13:41:50.265,OnTrack,-10958,-2693,821,pos,0 days 00:38:33.671000,0 days 01:34:10.279000
2024-05-19 13:41:51.185,OnTrack,-11395,-2954,824,pos,0 days 00:38:34.591000,0 days 01:34:11.199000
2024-05-19 13:41:51.485,OnTrack,-11537,-3063,825,pos,0 days 00:38:34.891000,0 days 01:34:11.499000
2024-05-19 13:41:51.685,OnTrack,-11621,-3151,825,pos,0 days 00:38:35.091000,0 days 01:34:11.699000
2024-05-19 13:41:51.905,OnTrack,-11700,-3263,825,pos,0 days 00:38:35.311000,0 days 01:34:11.919000
2024-05-19 13:41:52.105,OnTrack,-11760,-3377,826,pos,0 days 00:38:35.511000,0 days 01:34:12.119000
2024-05-19 13:41:52.305,OnTrack,-11812,-3498,826,pos,0 days 00:38:35.711000,0 days 01:34:12.319000
2024-05-19 13:41:52.545,OnTrack,-11892,-3710,827,pos,0 days 00:38:35.951000,0 days 01:34:12.559000
2024-05-19 13:41:52.965,OnTrack,-11968,-3913,828,pos,0 days 00:38:36.371000,0 days 01:34:12.979000
2024-05-19 13:41:53.145,OnTrack,-12036,-4095,829,pos,0 days 00:38:36.551000,0 days 01:34:13.159000
2024-05-19 13:41:53.585,OnTrack,-12136,-4360,830,pos,0 days 00:38:36.991000,0 days 01:34:13.599000
2024-05-19 13:41:53.825,OnTrack,-12182,-4482,830,pos,0 days 00:38:37.231000,0 days 01:34:13.839000
2024-05-19 13:41:54.125,OnTrack,-12259,-4688,830,pos,0 days 00:38:37.531000,0 days 01:34:14.139000
2024-05-19 13:41:54.345,OnTrack,-12316,-4841,831,pos,0 days 00:38:37.751000,0 days 01:34:14.359000
2024-05-19 13:41:54.565,OnTrack,-12374,-4995,831,pos,0 days 00:38:37.971000,0 days 01:34:14.579000
2024-05-19 13:41:54.785,OnTrack,-12433,-5152,832,pos,0 days 00:38:38.191000,0 days 01:34:14.799000
2024-05-19 13:41:55.045,OnTrack,-12503,-5338,832,pos,0 days 00:38:38.451000,0 days 01:34:15.059000
2024-05-19 13:41:55.245,OnTrack,-12557,-5483,833,pos,0 days 00:38:38.651000,0 days 01:34:15.259000
2024-05-19 13:41:55.445,OnTrack,-12612,-5628,833,pos,0 days 00:38:38.851000,0 days 01:34:15.459000
2024-05-19 13:41:55.584,OnTrack,-12650,-5730,833,pos,0 days 00:38:38.990000,0 days 01:34:15.598000
2024-05-19 13:41:55.824,OnTrack,-12716,-5904,833,pos,0 days 00:38:39.230000,0 days 01:34:15.838000
2024-05-19 13:41:56.024,OnTrack,-12788,-6094,834,pos,0 days 00:38:39.430000,0 days 01:34:16.038000
2024-05-19 13:41:56.425,OnTrack,-12887,-6339,835,pos,0 days 00:38:39.831000,0 days 01:34:16.439000
2024-05-19 13:41:56.565,OnTrack,-12930,-6440,835,pos,0 days 00:38:39.971000,0 days 01:34:16.579000
2024-05-19 13:41:56.805,OnTrack,-13002,-6612,836,pos,0 days 00:38:40.211000,0 days 01:34:16.819000
2024-05-19 13:41:57.045,OnTrack,-13094,-6837,836,pos,0 days 00:38:40.451000,0 days 01:34:17.059000
2024-05-19 13:41:57.365,OnTrack,-13144,-7000,837,pos,0 days 00:38:40.771000,0 days 01:34:17.379000
2024-05-19 13:41:57.605,OnTrack,-13161,-7248,838,pos,0 days 00:38:41.011000,0 days 01:34:17.619000
2024-05-19 13:41:58.025,OnTrack,-13117,-7514,840,pos,0 days 00:38:41.431000,0 days 01:34:18.039000
2024-05-19 13:41:58.445,OnTrack,-13078,-7676,841,pos,0 days 00:38:41.851000,0 days 01:34:18.459000
2024-05-19 13:41:58.705,OnTrack,-13047,-7812,842,pos,0 days 00:38:42.111000,0 days 01:34:18.719000
2024-05-19 13:41:58.905,OnTrack,-13029,-7908,843,pos,0 days 00:38:42.311000,0 days 01:34:18.919000
2024-05-19 13:41:59.105,OnTrack,-13024,-7998,843,pos,0 days 00:38:42.511000,0 days 01:34:19.119000
2024-05-19 13:41:59.285,OnTrack,-13033,-8075,844,pos,0 days 00:38:42.691000,0 days 01:34:19.299000
2024-05-19 13:41:59.445,OnTrack,-13056,-8138,845,pos,0 days 00:38:42.851000,0 days 01:34:19.459000
2024-05-19 13:41:59.665,OnTrack,-13108,-8219,846,pos,0 days 00:38:43.071000,0 days 01:34:19.679000
2024-05-19 13:41:59.865,OnTrack,-13175,-8286,847,pos,0 days 00:38:43.271000,0 days 01:34:19.879000
2024-05-19 13:42:00.225,OnTrack,-13335,-8426,849,pos,0 days 00:38:43.631000,0 days 01:34:20.239000
2024-05-19 13:42:00.505,OnTrack,-13411,-8490,849,pos,0 days 00:38:43.911000,0 days 01:34:20.519000
2024-05-19 13:42:00.725,OnTrack,-13497,-8562,851,pos,0 days 00:38:44.131000,0 days 01:34:20.739000
2024-05-19 13:42:01.025,OnTrack,-13618,-8665,852,pos,0 days 00:38:44.431000,0 days 01:34:21.039000
2024-05-19 13:42:01.225,OnTrack,-13702,-8736,853,pos,0 days 00:38:44.631000,0 days 01:34:21.239000
2024-05-19 13:42:01.405,OnTrack,-13842,-8854,856,pos,0 days 00:38:44.811000,0 days 01:34:21.419000
2024-05-19 13:42:01.845,OnTrack,-14012,-9001,860,pos,0 days 00:38:45.251000,0 days 01:34:21.859000
2024-05-19 13:42:02.125,OnTrack,-14099,-9084,862,pos,0 days 00:38:45.531000,0 days 01:34:22.139000
2024-05-19 13:42:02.464,OnTrack,-14248,-9231,868,pos,0 days 00:38:45.870000,0 days 01:34:22.478000
2024-05-19 13:42:02.705,OnTrack,-14407,-9389,876,pos,0 days 00:38:46.111000,0 days 01:34:22.719000
2024-05-19 13:42:03.005,OnTrack,-14487,-9467,880,pos,0 days 00:38:46.411000,0 days 01:34:23.019000
2024-05-19 13:42:03.185,OnTrack,-14567,-9541,883,pos,0 days 00:38:46.591000,0 days 01:34:23.199000
2024-05-19 13:42:03.345,OnTrack,-14634,-9604,886,pos,0 days 00:38:46.751000,0 days 01:34:23.359000
2024-05-19 13:42:03.605,OnTrack,-14729,-9698,890,pos,0 days 00:38:47.011000,0 days 01:34:23.619000
2024-05-19 13:42:03.765,OnTrack,-14778,-9752,893,pos,0 days 00:38:47.171000,0 days 01:34:23.779000
2024-05-19 13:42:04.145,OnTrack,-14866,-9877,898,pos,0 days 00:38:47.551000,0 days 01:34:24.159000
2024-05-19 13:42:04.345,OnTrack,-14895,-9943,900,pos,0 days 00:38:47.751000,0 days 01:34:24.359000
2024-05-19 13:42:04.545,OnTrack,-14914,-10021,903,pos,0 days 00:38:47.951000,0 days 01:34:24.559000
2024-05-19 13:42:04.845,OnTrack,-14913,-10103,907,pos,0 days 00:38:48.251000,0 days 01:34:24.859000
2024-05-19 13:42:05.165,OnTrack,-14874,-10209,912,pos,0 days 00:38:48.571000,0 days 01:34:25.179000
2024-05-19 13:42:05.545,OnTrack,-14802,-10292,918,pos,0 days 00:38:48.951000,0 days 01:34:25.559000
2024-05-19 13:42:05.965,OnTrack,-14720,-10346,922,pos,0 days 00:38:49.371000,0 days 01:34:25.979000
2024-05-19 13:42:06.145,OnTrack,-14675,-10365,924,pos,0 days 00:38:49.551000,0 days 01:34:26.159000
2024-05-19 13:42:06.405,OnTrack,-14606,-10383,928,pos,0 days 00:38:49.811000,0 days 01:34:26.419000
2024-05-19 13:42:06.585,OnTrack,-14555,-10391,930,pos,0 days 00:38:49.991000,0 days 01:34:26.599000
2024-05-19 13:42:06.765,OnTrack,-14502,-10395,934,pos,0 days 00:38:50.171000,0 days 01:34:26.779000
2024-05-19 13:42:06.905,OnTrack,-14460,-10395,936,pos,0 days 00:38:50.311000,0 days 01:34:26.919000
2024-05-19 13:42:07.185,OnTrack,-14337,-10387,942,pos,0 days 00:38:50.591000,0 days 01:34:27.199000
2024-05-19 13:42:07.505,OnTrack,-14259,-10378,946,pos,0 days 00:38:50.911000,0 days 01:34:27.519000
2024-05-19 13:42:07.685,OnTrack,-14192,-10367,949,pos,0 days 00:38:51.091000,0 days 01:34:27.699000
2024-05-19 13:42:07.965,OnTrack,-14029,-10337,955,pos,0 days 00:38:51.371000,0 days 01:34:27.979000
2024-05-19 13:42:08.405,OnTrack,-13885,-10308,963,pos,0 days 00:38:51.811000,0 days 01:34:28.419000
2024-05-19 13:42:08.485,OnTrack,-13847,-10300,964,pos,0 days 00:38:51.891000,0 days 01:34:28.499000
2024-05-19 13:42:08.864,OnTrack,-13596,-10249,975,pos,0 days 00:38:52.270000,0 days 01:34:28.878000
2024-05-19 13:42:09.265,OnTrack,-13401,-10214,982,pos,0 days 00:38:52.671000,0 days 01:34:29.279000
2024-05-19 13:42:09.545,OnTrack,-13288,-10194,987,pos,0 days 00:38:52.951000,0 days 01:34:29.559000
2024-05-19 13:42:09.865,OnTrack,-13101,-10161,993,pos,0 days 00:38:53.271000,0 days 01:34:29.879000
2024-05-19 13:42:09.925,OnTrack,-13065,-10154,994,pos,0 days 00:38:53.331000,0 days 01:34:29.939000
2024-05-19 13:42:10.325,OnTrack,-12767,-10108,1004,pos,0 days 00:38:53.731000,0 days 01:34:30.339000
2024-05-19 13:42:10.625,OnTrack,-12626,-10086,1009,pos,0 days 00:38:54.031000,0 days 01:34:30.639000
2024-05-19 13:42:11.745,OnTrack,-11868,-9981,1047,pos,0 days 00:38:55.151000,0 days 01:34:31.759000
2024-05-19 13:42:11.885,OnTrack,-11795,-9973,1053,pos,0 days 00:38:55.291000,0 days 01:34:31.899000
2024-05-19 13:42:12.045,OnTrack,-11681,-9960,1060,pos,0 days 00:38:55.451000,0 days 01:34:32.059000
2024-05-19 13:42:12.265,OnTrack,-11523,-9944,1070,pos,0 days 00:38:55.671000,0 days 01:34:32.279000
2024-05-19 13:42:12.525,OnTrack,-11335,-9928,1083,pos,0 days 00:38:55.931000,0 days 01:34:32.539000
2024-05-19 13:42:12.745,OnTrack,-11175,-9921,1092,pos,0 days 00:38:56.151000,0 days 01:34:32.759000
2024-05-19 13:42:12.865,OnTrack,-11086,-9919,1097,pos,0 days 00:38:56.271000,0 days 01:34:32.879000
2024-05-19 13:42:13.105,OnTrack,-10909,-9918,1107,pos,0 days 00:38:56.511000,0 days 01:34:33.119000
2024-05-19 13:42:13.425,OnTrack,-10673,-9926,1118,pos,0 days 00:38:56.831000,0 days 01:34:33.439000
2024-05-19 13:42:13.645,OnTrack,-10480,-9941,1122,pos,0 days 00:38:57.051000,0 days 01:34:33.659000
2024-05-19 13:42:14.005,OnTrack,-10168,-9975,1122,pos,0 days 00:38:57.411000,0 days 01:34:34.019000
2024-05-19 13:42:14.445,OnTrack,-9915,-10005,1120,pos,0 days 00:38:57.851000,0 days 01:34:34.459000
2024-05-19 13:42:14.665,OnTrack,-9752,-10024,1118,pos,0 days 00:38:58.071000,0 days 01:34:34.679000
2024-05-19 13:42:14.865,OnTrack,-9521,-10049,1116,pos,0 days 00:38:58.271000,0 days 01:34:34.879000
2024-05-19 13:42:15.205,OnTrack,-9286,-10069,1115,pos,0 days 00:38:58.611000,0 days 01:34:35.219000
2024-05-19 13:42:15.644,OnTrack,-9126,-10068,1114,pos,0 days 00:38:59.050000,0 days 01:34:35.658000
2024-05-19 13:42:15.865,OnTrack,-9006,-10050,1114,pos,0 days 00:38:59.271000,0 days 01:34:35.879000
2024-05-19 13:42:16.005,OnTrack,-8934,-10028,1114,pos,0 days 00:38:59.411000,0 days 01:34:36.019000
2024-05-19 13:42:16.225,OnTrack,-8827,-9977,1113,pos,0 days 00:38:59.631000,0 days 01:34:36.239000
2024-05-19 13:42:16.385,OnTrack,-8756,-9928,1111,pos,0 days 00:38:59.791000,0 days 01:34:36.399000
2024-05-19 13:42:16.725,OnTrack,-8632,-9795,1107,pos,0 days 00:39:00.131000,0 days 01:34:36.739000
2024-05-19 13:42:16.905,OnTrack,-8578,-9708,1104,pos,0 days 00:39:00.311000,0 days 01:34:36.919000
2024-05-19 13:42:17.185,OnTrack,-8482,-9523,1098,pos,0 days 00:39:00.591000,0 days 01:34:37.199000
2024-05-19 13:42:17.485,OnTrack,-8425,-9406,1095,pos,0 days 00:39:00.891000,0 days 01:34:37.499000
2024-05-19 13:42:17.725,OnTrack,-8366,-9274,1090,pos,0 days 00:39:01.131000,0 days 01:34:37.739000
2024-05-19 13:42:17.885,OnTrack,-8331,-9182,1086,pos,0 days 00:39:01.291000,0 days 01:34:37.899000
2024-05-19 13:42:18.045,OnTrack,-8301,-9086,1083,pos,0 days 00:39:01.451000,0 days 01:34:38.059000
2024-05-19 13:42:18.305,OnTrack,-8264,-8924,1077,pos,0 days 00:39:01.711000,0 days 01:34:38.319000
2024-05-19 13:42:18.605,OnTrack,-8241,-8729,1068,pos,0 days 00:39:02.011000,0 days 01:34:38.619000
2024-05-19 13:42:18.705,OnTrack,-8238,-8662,1064,pos,0 days 00:39:02.111000,0 days 01:34:38.719000
2024-05-19 13:42:18.885,OnTrack,-8238,-8540,1056,pos,0 days 00:39:02.291000,0 days 01:34:38.899000
2024-05-19 13:42:19.085,OnTrack,-8246,-8403,1047,pos,0 days 00:39:02.491000,0 days 01:34:39.099000
2024-05-19 13:42:19.285,OnTrack,-8259,-8277,1037,pos,0 days 00:39:02.691000,0 days 01:34:39.299000
2024-05-19 13:42:19.485,OnTrack,-8278,-8137,1023,pos,0 days 00:39:02.891000,0 days 01:34:39.499000
2024-05-19 13:42:19.825,OnTrack,-8340,-7811,994,pos,0 days 00:39:03.231000,0 days 01:34:39.839000
2024-05-19 13:42:20.225,OnTrack,-8409,-7509,973,pos,0 days 00:39:03.631000,0 days 01:34:40.239000
2024-05-19 13:42:20.565,OnTrack,-8442,-7363,964,pos,0 days 00:39:03.971000,0 days 01:34:40.579000
2024-05-19 13:42:20.905,OnTrack,-8512,-7056,947,pos,0 days 00:39:04.311000,0 days 01:34:40.919000
2024-05-19 13:42:21.145,OnTrack,-8539,-6939,941,pos,0 days 00:39:04.551000,0 days 01:34:41.159000
2024-05-19 13:42:21.385,OnTrack,-8579,-6763,932,pos,0 days 00:39:04.791000,0 days 01:34:41.399000
2024-05-19 13:42:21.585,OnTrack,-8611,-6619,924,pos,0 days 00:39:04.991000,0 days 01:34:41.599000
2024-05-19 13:42:21.825,OnTrack,-8642,-6449,915,pos,0 days 00:39:05.231000,0 days 01:34:41.839000
2024-05-19 13:42:22.044,OnTrack,-8654,-6315,909,pos,0 days 00:39:05.450000,0 days 01:34:42.058000
2024-05-19 13:42:22.184,OnTrack,-8649,-6224,905,pos,0 days 00:39:05.590000,0 days 01:34:42.198000
2024-05-19 13:42:22.364,OnTrack,-8625,-6106,902,pos,0 days 00:39:05.770000,0 days 01:34:42.378000
2024-05-19 13:42:22.645,OnTrack,-8527,-5870,897,pos,0 days 00:39:06.051000,0 days 01:34:42.659000
2024-05-19 13:42:23.065,OnTrack,-8434,-5702,896,pos,0 days 00:39:06.471000,0 days 01:34:43.079000
2024-05-19 13:42:23.225,OnTrack,-8391,-5628,897,pos,0 days 00:39:06.631000,0 days 01:34:43.239000
2024-05-19 13:42:23.445,OnTrack,-8333,-5539,898,pos,0 days 00:39:06.851000,0 days 01:34:43.459000
2024-05-19 13:42:23.625,OnTrack,-8285,-5476,900,pos,0 days 00:39:07.031000,0 days 01:34:43.639000
2024-05-19 13:42:23.805,OnTrack,-8235,-5422,902,pos,0 days 00:39:07.211000,0 days 01:34:43.819000
2024-05-19 13:42:24.065,OnTrack,-8158,-5364,905,pos,0 days 00:39:07.471000,0 days 01:34:44.079000
2024-05-19 13:42:24.305,OnTrack,-8079,-5333,908,pos,0 days 00:39:07.711000,0 days 01:34:44.319000
2024-05-19 13:42:24.565,OnTrack,-7937,-5332,918,pos,0 days 00:39:07.971000,0 days 01:34:44.579000
2024-05-19 13:42:24.805,OnTrack,-7901,-5339,921,pos,0 days 00:39:08.211000,0 days 01:34:44.819000
2024-05-19 13:42:25.125,OnTrack,-7756,-5376,933,pos,0 days 00:39:08.531000,0 days 01:34:45.139000
2024-05-19 13:42:25.525,OnTrack,-7651,-5402,943,pos,0 days 00:39:08.931000,0 days 01:34:45.539000
2024-05-19 13:42:25.705,OnTrack,-7584,-5416,951,pos,0 days 00:39:09.111000,0 days 01:34:45.719000
2024-05-19 13:42:26.765,OnTrack,-7086,-5443,992,pos,0 days 00:39:10.171000,0 days 01:34:46.779000
2024-05-19 13:42:27.145,OnTrack,-6919,-5441,1003,pos,0 days 00:39:10.551000,0 days 01:34:47.159000
2024-05-19 13:42:27.325,OnTrack,-6821,-5440,1009,pos,0 days 00:39:10.731000,0 days 01:34:47.339000
2024-05-19 13:42:27.585,OnTrack,-6675,-5439,1016,pos,0 days 00:39:10.991000,0 days 01:34:47.599000
2024-05-19 13:42:27.745,OnTrack,-6583,-5438,1021,pos,0 days 00:39:11.151000,0 days 01:34:47.759000
2024-05-19 13:42:28.005,OnTrack,-6343,-5436,1030,pos,0 days 00:39:11.411000,0 days 01:34:48.019000
2024-05-19 13:42:28.305,OnTrack,-6244,-5435,1033,pos,0 days 00:39:11.711000,0 days 01:34:48.319000
2024-05-19 13:42:28.544,OnTrack,-6015,-5434,1039,pos,0 days 00:39:11.950000,0 days 01:34:48.558000
2024-05-19 13:42:29.045,OnTrack,-5765,-5432,1046,pos,0 days 00:39:12.451000,0 days 01:34:49.059000
2024-05-19 13:42:29.165,OnTrack,-5603,-5430,1051,pos,0 days 00:39:12.571000,0 days 01:34:49.179000
2024-05-19 13:42:29.605,OnTrack,-5383,-5427,1057,pos,0 days 00:39:13.011000,0 days 01:34:49.619000
2024-05-19 13:42:29.805,OnTrack,-5191,-5422,1063,pos,0 days 00:39:13.211000,0 days 01:34:49.819000
2024-05-19 13:42:30.145,OnTrack,-5007,-5409,1068,pos,0 days 00:39:13.551000,0 days 01:34:50.159000
2024-05-19 13:42:30.425,OnTrack,-4724,-5383,1076,pos,0 days 00:39:13.831000,0 days 01:34:50.439000
2024-05-19 13:42:30.865,OnTrack,-4411,-5356,1082,pos,0 days 00:39:14.271000,0 days 01:34:50.879000
2024-05-19 13:42:31.185,OnTrack,-4268,-5344,1083,pos,0 days 00:39:14.591000,0 days 01:34:51.199000
2024-05-19 13:42:31.465,OnTrack,-4027,-5324,1085,pos,0 days 00:39:14.871000,0 days 01:34:51.479000
2024-05-19 13:42:31.865,OnTrack,-3803,-5306,1086,pos,0 days 00:39:15.271000,0 days 01:34:51.879000
2024-05-19 13:42:32.065,OnTrack,-3686,-5296,1087,pos,0 days 00:39:15.471000,0 days 01:34:52.079000
2024-05-19 13:42:32.265,OnTrack,-3579,-5288,1087,pos,0 days 00:39:15.671000,0 days 01:34:52.279000
2024-05-19 13:42:32.505,OnTrack,-3464,-5279,1088,pos,0 days 00:39:15.911000,0 days 01:34:52.519000
2024-05-19 13:42:32.705,OnTrack,-3320,-5273,1090,pos,0 days 00:39:16.111000,0 days 01:34:52.719000
2024-05-19 13:42:33.105,OnTrack,-3226,-5278,1092,pos,0 days 00:39:16.511000,0 days 01:34:53.119000
2024-05-19 13:42:33.265,OnTrack,-3181,-5294,1092,pos,0 days 00:39:16.671000,0 days 01:34:53.279000
2024-05-19 13:42:33.505,OnTrack,-3089,-5365,1096,pos,0 days 00:39:16.911000,0 days 01:34:53.519000
2024-05-19 13:42:33.805,OnTrack,-3041,-5417,1096,pos,0 days 00:39:17.211000,0 days 01:34:53.819000
2024-05-19 13:42:34.065,OnTrack,-2982,-5478,1096,pos,0 days 00:39:17.471000,0 days 01:34:54.079000
2024-05-19 13:42:34.225,OnTrack,-2946,-5508,1096,pos,0 days 00:39:17.631000,0 days 01:34:54.239000
2024-05-19 13:42:34.545,OnTrack,-2826,-5560,1095,pos,0 days 00:39:17.951000,0 days 01:34:54.559000
2024-05-19 13:42:34.865,OnTrack,-2778,-5563,1094,pos,0 days 00:39:18.271000,0 days 01:34:54.879000
2024-05-19 13:42:35.084,OnTrack,-2716,-5553,1093,pos,0 days 00:39:18.490000,0 days 01:34:55.098000
2024-05-19 13:42:35.244,OnTrack,-2671,-5542,1092,pos,0 days 00:39:18.650000,0 days 01:34:55.258000
2024-05-19 13:42:35.444,OnTrack,-2614,-5525,1091,pos,0 days 00:39:18.850000,0 days 01:34:55.458000
2024-05-19 13:42:35.725,OnTrack,-2533,-5497,1089,pos,0 days 00:39:19.131000,0 days 01:34:55.739000
2024-05-19 13:42:35.905,OnTrack,-2478,-5475,1087,pos,0 days 00:39:19.311000,0 days 01:34:55.919000
2024-05-19 13:42:36.205,OnTrack,-2383,-5433,1085,pos,0 days 00:39:19.611000,0 days 01:34:56.219000
2024-05-19 13:42:36.405,OnTrack,-2316,-5401,1084,pos,0 days 00:39:19.811000,0 days 01:34:56.419000
2024-05-19 13:42:36.625,OnTrack,-2214,-5348,1081,pos,0 days 00:39:20.031000,0 days 01:34:56.639000
2024-05-19 13:42:36.865,OnTrack,-2144,-5312,1080,pos,0 days 00:39:20.271000,0 days 01:34:56.879000
2024-05-19 13:42:37.245,OnTrack,-1985,-5228,1076,pos,0 days 00:39:20.651000,0 days 01:34:57.259000
2024-05-19 13:42:37.425,OnTrack,-1906,-5186,1074,pos,0 days 00:39:20.831000,0 days 01:34:57.439000
2024-05-19 13:42:37.665,OnTrack,-1794,-5127,1072,pos,0 days 00:39:21.071000,0 days 01:34:57.679000
2024-05-19 13:42:37.845,OnTrack,-1647,-5053,1069,pos,0 days 00:39:21.251000,0 days 01:34:57.859000
2024-05-19 13:42:38.125,OnTrack,-1558,-5010,1068,pos,0 days 00:39:21.531000,0 days 01:34:58.139000
2024-05-19 13:42:38.345,OnTrack,-1441,-4956,1066,pos,0 days 00:39:21.751000,0 days 01:34:58.359000
2024-05-19 13:42:38.685,OnTrack,-1197,-4844,1061,pos,0 days 00:39:22.091000,0 days 01:34:58.699000
2024-05-19 13:42:39.045,OnTrack,-1005,-4744,1057,pos,0 days 00:39:22.451000,0 days 01:34:59.059000
2024-05-19 13:42:39.365,OnTrack,-869,-4663,1054,pos,0 days 00:39:22.771000,0 days 01:34:59.379000
2024-05-19 13:42:39.625,OnTrack,-667,-4529,1048,pos,0 days 00:39:23.031000,0 days 01:34:59.639000
2024-05-19 13:42:40.065,OnTrack,-475,-4391,1043,pos,0 days 00:39:23.471000,0 days 01:35:00.079000
2024-05-19 13:42:40.245,OnTrack,-373,-4315,1040,pos,0 days 00:39:23.651000,0 days 01:35:00.259000
2024-05-19 13:42:40.545,OnTrack,-204,-4182,1034,pos,0 days 00:39:23.951000,0 days 01:35:00.559000
2024-05-19 13:42:40.585,OnTrack,-182,-4163,1034,pos,0 days 00:39:23.991000,0 days 01:35:00.599000
2024-05-19 13:42:40.885,OnTrack,-16,-4020,1030,pos,0 days 00:39:24.291000,0 days 01:35:00.899000
2024-05-19 13:42:41.105,OnTrack,101,-3909,1026,pos,0 days 00:39:24.511000,0 days 01:35:01.119000
2024-05-19 13:42:41.305,OnTrack,206,-3802,1024,pos,0 days 00:39:24.711000,0 days 01:35:01.319000
2024-05-19 13:42:41.545,OnTrack,330,-3670,1019,pos,0 days 00:39:24.951000,0 days 01:35:01.559000
2024-05-19 13:42:41.764,OnTrack,514,-3466,1012,pos,0 days 00:39:25.170000,0 days 01:35:01.778000
2024-05-19 13:42:42.024,OnTrack,576,-3397,1008,pos,0 days 00:39:25.430000,0 days 01:35:02.038000
2024-05-19 13:42:42.265,OnTrack,700,-3259,1002,pos,0 days 00:39:25.671000,0 days 01:35:02.279000
2024-05-19 13:42:42.505,OnTrack,889,-3050,988,pos,0 days 00:39:25.911000,0 days 01:35:02.519000
2024-05-19 13:42:42.905,OnTrack,1036,-2887,976,pos,0 days 00:39:26.311000,0 days 01:35:02.919000
2024-05-19 13:42:43.085,OnTrack,1132,-2781,968,pos,0 days 00:39:26.491000,0 days 01:35:03.099000
2024-05-19 13:42:43.445,OnTrack,1327,-2570,951,pos,0 days 00:39:26.851000,0 days 01:35:03.459000
2024-05-19 13:42:43.625,OnTrack,1463,-2435,939,pos,0 days 00:39:27.031000,0 days 01:35:03.639000
2024-05-19 13:42:44.025,OnTrack,1735,-2226,916,pos,0 days 00:39:27.431000,0 days 01:35:04.039000
2024-05-19 13:42:44.105,OnTrack,1791,-2193,912,pos,0 days 00:39:27.511000,0 days 01:35:04.119000
2024-05-19 13:42:44.325,OnTrack,1950,-2115,900,pos,0 days 00:39:27.731000,0 days 01:35:04.339000
2024-05-19 13:42:44.645,OnTrack,2193,-2016,880,pos,0 days 00:39:28.051000,0 days 01:35:04.659000
2024-05-19 13:42:44.865,OnTrack,2350,-1953,869,pos,0 days 00:39:28.271000,0 days 01:35:04.879000
2024-05-19 13:42:45.085,OnTrack,2555,-1870,853,pos,0 days 00:39:28.491000,0 days 01:35:05.099000
2024-05-19 13:42:45.405,OnTrack,2679,-1819,844,pos,0 days 00:39:28.811000,0 days 01:35:05.419000
2024-05-19 13:42:45.705,OnTrack,2848,-1750,832,pos,0 days 00:39:29.111000,0 days 01:35:05.719000
2024-05-19 13:42:46.045,OnTrack,2973,-1692,824,pos,0 days 00:39:29.451000,0 days 01:35:06.059000
2024-05-19 13:42:46.205,OnTrack,3032,-1657,820,pos,0 days 00:39:29.611000,0 days 01:35:06.219000
2024-05-19 13:42:46.445,OnTrack,3098,-1601,815,pos,0 days 00:39:29.851000,0 days 01:35:06.459000
2024-05-19 13:42:46.685,OnTrack,3147,-1534,811,pos,0 days 00:39:30.091000,0 days 01:35:06.699000
2024-05-19 13:42:46.845,OnTrack,3169,-1485,809,pos,0 days 00:39:30.251000,0 days 01:35:06.859000
2024-05-19 13:42:47.045,OnTrack,3186,-1420,806,pos,0 days 00:39:30.451000,0 days 01:35:07.059000
2024-05-19 13:42:47.285,OnTrack,3186,-1296,802,pos,0 days 00:39:30.691000,0 days 01:35:07.299000
2024-05-19 13:42:47.605,OnTrack,3176,-1239,800,pos,0 days 00:39:31.011000,0 days 01:35:07.619000
2024-05-19 13:42:47.825,OnTrack,3158,-1168,798,pos,0 days 00:39:31.231000,0 days 01:35:07.839000
2024-05-19 13:42:48.105,OnTrack,3119,-1043,795,pos,0 days 00:39:31.511000,0 days 01:35:08.119000
2024-05-19 13:42:48.444,OnTrack,3090,-960,794,pos,0 days 00:39:31.850000,0 days 01:35:08.458000
2024-05-19 13:42:48.584,OnTrack,3071,-909,793,pos,0 days 00:39:31.990000,0 days 01:35:08.598000
2024-05-19 13:42:48.825,OnTrack,3033,-819,792,pos,0 days 00:39:32.231000,0 days 01:35:08.839000
2024-05-19 13:42:49.005,OnTrack,2999,-748,792,pos,0 days 00:39:32.411000,0 days 01:35:09.019000
2024-05-19 13:42:49.365,OnTrack,2904,-586,790,pos,0 days 00:39:32.771000,0 days 01:35:09.379000
2024-05-19 13:42:49.645,OnTrack,2844,-514,789,pos,0 days 00:39:33.051000,0 days 01:35:09.659000
2024-05-19 13:42:49.865,OnTrack,2775,-456,788,pos,0 days 00:39:33.271000,0 days 01:35:09.879000
2024-05-19 13:42:50.085,OnTrack,2696,-411,787,pos,0 days 00:39:33.491000,0 days 01:35:10.099000
2024-05-19 13:42:50.325,OnTrack,2604,-379,787,pos,0 days 00:39:33.731000,0 days 01:35:10.339000
2024-05-19 13:42:50.545,OnTrack,2518,-364,786,pos,0 days 00:39:33.951000,0 days 01:35:10.559000
2024-05-19 13:42:50.785,OnTrack,2399,-359,786,pos,0 days 00:39:34.191000,0 days 01:35:10.799000
2024-05-19 13:42:51.225,OnTrack,2213,-387,784,pos,0 days 00:39:34.631000,0 days 01:35:11.239000
2024-05-19 13:42:51.565,OnTrack,2105,-425,783,pos,0 days 00:39:34.971000,0 days 01:35:11.579000
2024-05-19 13:42:51.705,OnTrack,2047,-450,782,pos,0 days 00:39:35.111000,0 days 01:35:11.719000
2024-05-19 13:42:51.945,OnTrack,1944,-498,781,pos,0 days 00:39:35.351000,0 days 01:35:11.959000
2024-05-19 13:42:52.105,OnTrack,1872,-532,780,pos,0 days 00:39:35.511000,0 days 01:35:12.119000
2024-05-19 13:42:52.345,OnTrack,1782,-574,780,pos,0 days 00:39:35.751000,0 days 01:35:12.359000
2024-05-19 13:42:52.545,OnTrack,1685,-618,779,pos,0 days 00:39:35.951000,0 days 01:35:12.559000
2024-05-19 13:42:52.845,OnTrack,1481,-710,778,pos,0 days 00:39:36.251000,0 days 01:35:12.859000
2024-05-19 13:42:53.285,OnTrack,1298,-793,778,pos,0 days 00:39:36.691000,0 days 01:35:13.299000
2024-05-19 13:42:53.505,OnTrack,1130,-869,778,pos,0 days 00:39:36.911000,0 days 01:35:13.519000
2024-05-19 13:42:53.885,OnTrack,898,-973,779,pos,0 days 00:39:37.291000,0 days 01:35:13.899000
2024-05-19 13:42:54.205,OnTrack,766,-1030,779,pos,0 days 00:39:37.611000,0 days 01:35:14.219000
2024-05-19 13:42:54.405,OnTrack,644,-1081,779,pos,0 days 00:39:37.811000,0 days 01:35:14.419000
2024-05-19 13:42:54.765,OnTrack,380,-1191,780,pos,0 days 00:39:38.171000,0 days 01:35:14.779000
2024-05-19 13:42:55.084,OnTrack,212,-1262,781,pos,0 days 00:39:38.490000,0 days 01:35:15.098000
2024-05-19 13:42:55.264,OnTrack,94,-1312,781,pos,0 days 00:39:38.670000,0 days 01:35:15.278000
2024-05-19 13:42:55.445,OnTrack,-25,-1361,781,pos,0 days 00:39:38.851000,0 days 01:35:15.459000
2024-05-19 13:42:55.745,OnTrack,-297,-1463,782,pos,0 days 00:39:39.151000,0 days 01:35:15.759000
2024-05-19 13:42:56.205,OnTrack,-554,-1533,783,pos,0 days 00:39:39.611000,0 days 01:35:16.219000
2024-05-19 13:42:56.405,OnTrack,-807,-1572,783,pos,0 days 00:39:39.811000,0 days 01:35:16.419000
2024-05-19 13:42:56.785,OnTrack,-1033,-1587,784,pos,0 days 00:39:40.191000,0 days 01:35:16.799000
2024-05-19 13:42:56.965,OnTrack,-1173,-1591,784,pos,0 days 00:39:40.371000,0 days 01:35:16.979000
2024-05-19 13:42:57.225,OnTrack,-1377,-1597,785,pos,0 days 00:39:40.631000,0 days 01:35:17.239000
2024-05-19 13:42:57.425,OnTrack,-1580,-1610,786,pos,0 days 00:39:40.831000,0 days 01:35:17.439000
2024-05-19 13:42:57.785,OnTrack,-1818,-1623,787,pos,0 days 00:39:41.191000,0 days 01:35:17.799000
2024-05-19 13:42:58.025,OnTrack,-2009,-1634,788,pos,0 days 00:39:41.431000,0 days 01:35:18.039000
2024-05-19 13:42:58.205,OnTrack,-2154,-1642,788,pos,0 days 00:39:41.611000,0 days 01:35:18.219000
2024-05-19 13:42:58.465,OnTrack,-2461,-1659,790,pos,0 days 00:39:41.871000,0 days 01:35:18.479000
2024-05-19 13:42:58.725,OnTrack,-2574,-1665,790,pos,0 days 00:39:42.131000,0 days 01:35:18.739000
2024-05-19 13:42:59.105,OnTrack,-2919,-1677,792,pos,0 days 00:39:42.511000,0 days 01:35:19.119000
2024-05-19 13:42:59.425,OnTrack,-3150,-1685,793,pos,0 days 00:39:42.831000,0 days 01:35:19.439000
2024-05-19 13:42:59.605,OnTrack,-3299,-1690,793,pos,0 days 00:39:43.011000,0 days 01:35:19.619000
2024-05-19 13:42:59.765,OnTrack,-3432,-1694,794,pos,0 days 00:39:43.171000,0 days 01:35:19.779000
2024-05-19 13:42:59.965,OnTrack,-3598,-1695,795,pos,0 days 00:39:43.371000,0 days 01:35:19.979000
2024-05-19 13:43:00.205,OnTrack,-3797,-1685,795,pos,0 days 00:39:43.611000,0 days 01:35:20.219000
2024-05-19 13:43:00.445,OnTrack,-3997,-1661,797,pos,0 days 00:39:43.851000,0 days 01:35:20.459000
2024-05-19 13:43:00.765,OnTrack,-4265,-1611,798,pos,0 days 00:39:44.171000,0 days 01:35:20.779000
2024-05-19 13:43:00.945,OnTrack,-4498,-1558,799,pos,0 days 00:39:44.351000,0 days 01:35:20.959000
2024-05-19 13:43:01.305,OnTrack,-4714,-1506,801,pos,0 days 00:39:44.711000,0 days 01:35:21.319000
2024-05-19 13:43:01.484,OnTrack,-4863,-1469,802,pos,0 days 00:39:44.890000,0 days 01:35:21.498000
2024-05-19 13:43:01.684,OnTrack,-5030,-1428,803,pos,0 days 00:39:45.090000,0 days 01:35:21.698000
2024-05-19 13:43:01.925,OnTrack,-5230,-1379,805,pos,0 days 00:39:45.331000,0 days 01:35:21.939000
2024-05-19 13:43:02.165,OnTrack,-5515,-1316,807,pos,0 days 00:39:45.571000,0 days 01:35:22.179000
2024-05-19 13:43:02.565,OnTrack,-5797,-1268,810,pos,0 days 00:39:45.971000,0 days 01:35:22.579000
2024-05-19 13:43:02.705,OnTrack,-5917,-1254,811,pos,0 days 00:39:46.111000,0 days 01:35:22.719000
2024-05-19 13:43:03.045,OnTrack,-6263,-1233,814,pos,0 days 00:39:46.451000,0 days 01:35:23.059000
2024-05-19 13:43:03.325,OnTrack,-6455,-1230,814,pos,0 days 00:39:46.731000,0 days 01:35:23.339000
2024-05-19 13:43:03.485,OnTrack,-6594,-1230,815,pos,0 days 00:39:46.891000,0 days 01:35:23.499000
2024-05-19 13:43:03.825,OnTrack,-6889,-1233,816,pos,0 days 00:39:47.231000,0 days 01:35:23.839000
2024-05-19 13:43:03.965,OnTrack,-7011,-1236,817,pos,0 days 00:39:47.371000,0 days 01:35:23.979000
2024-05-19 13:43:04.265,OnTrack,-7393,-1258,818,pos,0 days 00:39:47.671000,0 days 01:35:24.279000
2024-05-19 13:43:04.545,OnTrack,-7515,-1269,818,pos,0 days 00:39:47.951000,0 days 01:35:24.559000
2024-05-19 13:43:04.885,OnTrack,-7810,-1300,818,pos,0 days 00:39:48.291000,0 days 01:35:24.899000
2024-05-19 13:43:05.005,OnTrack,-7915,-1312,818,pos,0 days 00:39:48.411000,0 days 01:35:25.019000
2024-05-19 13:43:05.245,OnTrack,-8123,-1338,818,pos,0 days 00:39:48.651000,0 days 01:35:25.259000
2024-05-19 13:43:05.445,OnTrack,-8296,-1361,819,pos,0 days 00:39:48.851000,0 days 01:35:25.459000
2024-05-19 13:43:05.685,OnTrack,-8574,-1399,819,pos,0 days 00:39:49.091000,0 days 01:35:25.699000
2024-05-19 13:43:06.025,OnTrack,-8800,-1431,819,pos,0 days 00:39:49.431000,0 days 01:35:26.039000
2024-05-19 13:43:06.225,OnTrack,-8973,-1456,819,pos,0 days 00:39:49.631000,0 days 01:35:26.239000
2024-05-19 13:43:06.405,OnTrack,-9127,-1482,819,pos,0 days 00:39:49.811000,0 days 01:35:26.419000
2024-05-19 13:43:06.685,OnTrack,-9462,-1564,819,pos,0 days 00:39:50.091000,0 days 01:35:26.699000
2024-05-19 13:43:07.025,OnTrack,-9604,-1608,819,pos,0 days 00:39:50.431000,0 days 01:35:27.039000
2024-05-19 13:43:07.385,OnTrack,-9863,-1690,818,pos,0 days 00:39:50.791000,0 days 01:35:27.399000
2024-05-19 13:43:07.705,OnTrack,-10000,-1733,819,pos,0 days 00:39:51.111000,0 days 01:35:27.719000
2024-05-19 13:43:07.845,OnTrack,-10068,-1754,819,pos,0 days 00:39:51.251000,0 days 01:35:27.859000
2024-05-19 13:43:08.084,OnTrack,-10177,-1790,818,pos,0 days 00:39:51.490000,0 days 01:35:28.098000
2024-05-19 13:43:08.364,OnTrack,-10298,-1866,818,pos,0 days 00:39:51.770000,0 days 01:35:28.378000
2024-05-19 13:43:08.745,OnTrack,-10367,-1969,818,pos,0 days 00:39:52.151000,0 days 01:35:28.759000
2024-05-19 13:43:08.945,OnTrack,-10395,-2050,818,pos,0 days 00:39:52.351000,0 days 01:35:28.959000
2024-05-19 13:43:09.245,OnTrack,-10443,-2218,819,pos,0 days 00:39:52.651000,0 days 01:35:29.259000
2024-05-19 13:43:09.505,OnTrack,-10469,-2282,819,pos,0 days 00:39:52.911000,0 days 01:35:29.519000
2024-05-19 13:43:09.725,OnTrack,-10519,-2366,819,pos,0 days 00:39:53.131000,0 days 01:35:29.739000
2024-05-19 13:43:09.965,OnTrack,-10593,-2451,818,pos,0 days 00:39:53.371000,0 days 01:35:29.979000
2024-05-19 13:43:10.145,OnTrack,-10660,-2507,818,pos,0 days 00:39:53.551000,0 days 01:35:30.159000
2024-05-19 13:43:10.505,OnTrack,-10818,-2611,820,pos,0 days 00:39:53.911000,0 days 01:35:30.519000
2024-05-19 13:43:10.825,OnTrack,-10951,-2689,821,pos,0 days 00:39:54.231000,0 days 01:35:30.839000
2024-05-19 13:43:11.065,OnTrack,-11060,-2752,822,pos,0 days 00:39:54.471000,0 days 01:35:31.079000
2024-05-19 13:43:11.265,OnTrack,-11212,-2841,823,pos,0 days 00:39:54.671000,0 days 01:35:31.279000
2024-05-19 13:43:11.685,OnTrack,-11361,-2931,824,pos,0 days 00:39:55.091000,0 days 01:35:31.699000
2024-05-19 13:43:11.865,OnTrack,-11515,-3044,825,pos,0 days 00:39:55.271000,0 days 01:35:31.879000
2024-05-19 13:43:12.205,OnTrack,-11601,-3128,825,pos,0 days 00:39:55.611000,0 days 01:35:32.219000
2024-05-19 13:43:12.545,OnTrack,-11723,-3303,825,pos,0 days 00:39:55.951000,0 days 01:35:32.559000
2024-05-19 13:43:12.725,OnTrack,-11808,-3489,826,pos,0 days 00:39:56.131000,0 days 01:35:32.739000
2024-05-19 13:43:13.105,OnTrack,-11865,-3638,827,pos,0 days 00:39:56.511000,0 days 01:35:33.119000
2024-05-19 13:43:13.385,OnTrack,-11931,-3815,828,pos,0 days 00:39:56.791000,0 days 01:35:33.399000
2024-05-19 13:43:13.585,OnTrack,-11999,-3995,828,pos,0 days 00:39:56.991000,0 days 01:35:33.599000
2024-05-19 13:43:13.885,OnTrack,-12053,-4140,829,pos,0 days 00:39:57.291000,0 days 01:35:33.899000
2024-05-19 13:43:14.125,OnTrack,-12113,-4299,829,pos,0 days 00:39:57.531000,0 days 01:35:34.139000
2024-05-19 13:43:14.325,OnTrack,-12164,-4434,830,pos,0 days 00:39:57.731000,0 days 01:35:34.339000
2024-05-19 13:43:14.584,OnTrack,-12251,-4665,830,pos,0 days 00:39:57.990000,0 days 01:35:34.598000
2024-05-19 13:43:14.884,OnTrack,-12308,-4818,831,pos,0 days 00:39:58.290000,0 days 01:35:34.898000
2024-05-19 13:43:15.105,OnTrack,-12366,-4972,831,pos,0 days 00:39:58.511000,0 days 01:35:35.119000
2024-05-19 13:43:15.445,OnTrack,-12456,-5214,832,pos,0 days 00:39:58.851000,0 days 01:35:35.459000
2024-05-19 13:43:15.605,OnTrack,-12500,-5330,832,pos,0 days 00:39:59.011000,0 days 01:35:35.619000
2024-05-19 13:43:15.825,OnTrack,-12559,-5489,833,pos,0 days 00:39:59.231000,0 days 01:35:35.839000
2024-05-19 13:43:16.045,OnTrack,-12620,-5648,833,pos,0 days 00:39:59.451000,0 days 01:35:36.059000
2024-05-19 13:43:16.245,OnTrack,-12674,-5794,833,pos,0 days 00:39:59.651000,0 days 01:35:36.259000
2024-05-19 13:43:16.345,OnTrack,-12701,-5866,833,pos,0 days 00:39:59.751000,0 days 01:35:36.359000
2024-05-19 13:43:16.605,OnTrack,-12807,-6143,834,pos,0 days 00:40:00.011000,0 days 01:35:36.619000
2024-05-19 13:43:17.045,OnTrack,-12926,-6430,835,pos,0 days 00:40:00.451000,0 days 01:35:37.059000
2024-05-19 13:43:17.445,OnTrack,-13044,-6711,836,pos,0 days 00:40:00.851000,0 days 01:35:37.459000
2024-05-19 13:43:17.805,OnTrack,-13115,-6897,837,pos,0 days 00:40:01.211000,0 days 01:35:37.819000
2024-05-19 13:43:18.085,OnTrack,-13157,-7074,837,pos,0 days 00:40:01.491000,0 days 01:35:38.099000
2024-05-19 13:43:18.145,OnTrack,-13160,-7111,838,pos,0 days 00:40:01.551000,0 days 01:35:38.159000
2024-05-19 13:43:18.445,OnTrack,-13143,-7388,839,pos,0 days 00:40:01.851000,0 days 01:35:38.459000
2024-05-19 13:43:18.865,OnTrack,-13108,-7554,840,pos,0 days 00:40:02.271000,0 days 01:35:38.879000
2024-05-19 13:43:19.125,OnTrack,-13072,-7700,841,pos,0 days 00:40:02.531000,0 days 01:35:39.139000
2024-05-19 13:43:19.245,OnTrack,-13042,-7833,843,pos,0 days 00:40:02.651000,0 days 01:35:39.259000
2024-05-19 13:43:19.645,OnTrack,-13024,-7957,843,pos,0 days 00:40:03.051000,0 days 01:35:39.659000
2024-05-19 13:43:19.845,OnTrack,-13027,-8045,844,pos,0 days 00:40:03.251000,0 days 01:35:39.859000
2024-05-19 13:43:20.145,OnTrack,-13071,-8167,845,pos,0 days 00:40:03.551000,0 days 01:35:40.159000
2024-05-19 13:43:20.345,OnTrack,-13126,-8239,846,pos,0 days 00:40:03.751000,0 days 01:35:40.359000
2024-05-19 13:43:20.485,OnTrack,-13175,-8287,847,pos,0 days 00:40:03.891000,0 days 01:35:40.499000
2024-05-19 13:43:20.685,OnTrack,-13250,-8352,848,pos,0 days 00:40:04.091000,0 days 01:35:40.699000
2024-05-19 13:43:20.865,OnTrack,-13316,-8410,848,pos,0 days 00:40:04.271000,0 days 01:35:40.879000
2024-05-19 13:43:21.125,OnTrack,-13468,-8538,850,pos,0 days 00:40:04.531000,0 days 01:35:41.139000
2024-05-19 13:43:21.584,OnTrack,-13597,-8648,852,pos,0 days 00:40:04.990000,0 days 01:35:41.598000
2024-05-19 13:43:21.805,OnTrack,-13723,-8755,854,pos,0 days 00:40:05.211000,0 days 01:35:41.819000
2024-05-19 13:43:22.145,OnTrack,-13813,-8829,855,pos,0 days 00:40:05.551000,0 days 01:35:42.159000
2024-05-19 13:43:22.465,OnTrack,-13954,-8949,858,pos,0 days 00:40:05.871000,0 days 01:35:42.479000
2024-05-19 13:43:23.265,OnTrack,-14308,-9292,871,pos,0 days 00:40:06.671000,0 days 01:35:43.279000
2024-05-19 13:43:23.485,OnTrack,-14441,-9423,877,pos,0 days 00:40:06.891000,0 days 01:35:43.499000
2024-05-19 13:43:23.865,OnTrack,-14569,-9543,883,pos,0 days 00:40:07.271000,0 days 01:35:43.879000
2024-05-19 13:43:24.025,OnTrack,-14632,-9602,886,pos,0 days 00:40:07.431000,0 days 01:35:44.039000
2024-05-19 13:43:24.345,OnTrack,-14742,-9712,891,pos,0 days 00:40:07.751000,0 days 01:35:44.359000
2024-05-19 13:43:24.565,OnTrack,-14835,-9826,897,pos,0 days 00:40:07.971000,0 days 01:35:44.579000
2024-05-19 13:43:24.885,OnTrack,-14887,-9921,900,pos,0 days 00:40:08.291000,0 days 01:35:44.899000
2024-05-19 13:43:25.245,OnTrack,-14910,-9999,902,pos,0 days 00:40:08.651000,0 days 01:35:45.259000
2024-05-19 13:43:25.585,OnTrack,-14906,-10135,908,pos,0 days 00:40:08.991000,0 days 01:35:45.599000
2024-05-19 13:43:25.985,OnTrack,-14864,-10225,913,pos,0 days 00:40:09.391000,0 days 01:35:45.999000
2024-05-19 13:43:26.265,OnTrack,-14819,-10278,917,pos,0 days 00:40:09.671000,0 days 01:35:46.279000
2024-05-19 13:43:26.545,OnTrack,-14734,-10339,922,pos,0 days 00:40:09.951000,0 days 01:35:46.559000
2024-05-19 13:43:26.925,OnTrack,-14632,-10378,926,pos,0 days 00:40:10.331000,0 days 01:35:46.939000
2024-05-19 13:43:27.425,OnTrack,-14524,-10394,933,pos,0 days 00:40:10.831000,0 days 01:35:47.439000
2024-05-19 13:43:27.525,OnTrack,-14494,-10395,934,pos,0 days 00:40:10.931000,0 days 01:35:47.539000
2024-05-19 13:43:27.764,OnTrack,-14375,-10391,940,pos,0 days 00:40:11.170000,0 days 01:35:47.778000
2024-05-19 13:43:28.144,OnTrack,-14305,-10384,943,pos,0 days 00:40:11.550000,0 days 01:35:48.158000
2024-05-19 13:43:28.325,OnTrack,-14239,-10375,947,pos,0 days 00:40:11.731000,0 days 01:35:48.339000
2024-05-19 13:43:28.625,OnTrack,-14088,-10349,953,pos,0 days 00:40:12.031000,0 days 01:35:48.639000
2024-05-19 13:43:28.925,OnTrack,-13993,-10330,957,pos,0 days 00:40:12.331000,0 days 01:35:48.939000
2024-05-19 13:43:29.165,OnTrack,-13883,-10308,963,pos,0 days 00:40:12.571000,0 days 01:35:49.179000
2024-05-19 13:43:29.405,OnTrack,-13767,-10284,968,pos,0 days 00:40:12.811000,0 days 01:35:49.419000
2024-05-19 13:43:29.545,OnTrack,-13696,-10269,971,pos,0 days 00:40:12.951000,0 days 01:35:49.559000
2024-05-19 13:43:29.825,OnTrack,-13549,-10241,977,pos,0 days 00:40:13.231000,0 days 01:35:49.839000
2024-05-19 13:43:30.085,OnTrack,-13406,-10215,982,pos,0 days 00:40:13.491000,0 days 01:35:50.099000
2024-05-19 13:43:30.285,OnTrack,-13293,-10195,986,pos,0 days 00:40:13.691000,0 days 01:35:50.299000
2024-05-19 13:43:30.505,OnTrack,-13164,-10172,991,pos,0 days 00:40:13.911000,0 days 01:35:50.519000
2024-05-19 13:43:30.705,OnTrack,-13044,-10151,995,pos,0 days 00:40:14.111000,0 days 01:35:50.719000
2024-05-19 13:43:30.865,OnTrack,-12946,-10135,998,pos,0 days 00:40:14.271000,0 days 01:35:50.879000
2024-05-19 13:43:31.025,OnTrack,-12845,-10120,1002,pos,0 days 00:40:14.431000,0 days 01:35:51.039000
2024-05-19 13:43:31.365,OnTrack,-12536,-10073,1011,pos,0 days 00:40:14.771000,0 days 01:35:51.379000
2024-05-19 13:43:31.685,OnTrack,-12417,-10056,1016,pos,0 days 00:40:15.091000,0 days 01:35:51.699000
2024-05-19 13:43:31.965,OnTrack,-12228,-10030,1025,pos,0 days 00:40:15.371000,0 days 01:35:51.979000
2024-05-19 13:43:32.205,OnTrack,-12035,-10003,1037,pos,0 days 00:40:15.611000,0 days 01:35:52.219000
2024-05-19 13:43:32.445,OnTrack,-11891,-9984,1047,pos,0 days 00:40:15.851000,0 days 01:35:52.459000
2024-05-19 13:43:32.705,OnTrack,-11692,-9961,1060,pos,0 days 00:40:16.111000,0 days 01:35:52.719000
2024-05-19 13:43:32.945,OnTrack,-11520,-9943,1070,pos,0 days 00:40:16.351000,0 days 01:35:52.959000
2024-05-19 13:43:33.145,OnTrack,-11376,-9931,1080,pos,0 days 00:40:16.551000,0 days 01:35:53.159000
2024-05-19 13:43:33.325,OnTrack,-11245,-9924,1088,pos,0 days 00:40:16.731000,0 days 01:35:53.339000
2024-05-19 13:43:33.525,OnTrack,-11099,-9919,1096,pos,0 days 00:40:16.931000,0 days 01:35:53.539000
2024-05-19 13:43:33.885,OnTrack,-10760,-9922,1115,pos,0 days 00:40:17.291000,0 days 01:35:53.899000
2024-05-19 13:43:34.265,OnTrack,-10450,-9944,1122,pos,0 days 00:40:17.671000,0 days 01:35:54.279000
2024-05-19 13:43:34.524,OnTrack,-10361,-9954,1122,pos,0 days 00:40:17.930000,0 days 01:35:54.538000
2024-05-19 13:43:34.905,OnTrack,-10005,-9994,1120,pos,0 days 00:40:18.311000,0 days 01:35:54.919000
2024-05-19 13:43:35.245,OnTrack,-9753,-10023,1118,pos,0 days 00:40:18.651000,0 days 01:35:55.259000
2024-05-19 13:43:35.705,OnTrack,-9495,-10052,1116,pos,0 days 00:40:19.111000,0 days 01:35:55.719000
2024-05-19 13:43:35.825,OnTrack,-9414,-10060,1115,pos,0 days 00:40:19.231000,0 days 01:35:55.839000
2024-05-19 13:43:36.125,OnTrack,-9156,-10070,1114,pos,0 days 00:40:19.531000,0 days 01:35:56.139000
2024-05-19 13:43:36.485,OnTrack,-9035,-10056,1114,pos,0 days 00:40:19.891000,0 days 01:35:56.499000
2024-05-19 13:43:36.685,OnTrack,-8930,-10027,1114,pos,0 days 00:40:20.091000,0 days 01:35:56.699000
2024-05-19 13:43:36.965,OnTrack,-8797,-9958,1113,pos,0 days 00:40:20.371000,0 days 01:35:56.979000
2024-05-19 13:43:37.165,OnTrack,-8677,-9852,1109,pos,0 days 00:40:20.571000,0 days 01:35:57.179000
2024-05-19 13:43:37.465,OnTrack,-8611,-9763,1106,pos,0 days 00:40:20.871000,0 days 01:35:57.479000
2024-05-19 13:43:37.645,OnTrack,-8560,-9674,1103,pos,0 days 00:40:21.051000,0 days 01:35:57.659000
2024-05-19 13:43:37.965,OnTrack,-8475,-9509,1097,pos,0 days 00:40:21.371000,0 days 01:35:57.979000
2024-05-19 13:43:38.125,OnTrack,-8399,-9349,1092,pos,0 days 00:40:21.531000,0 days 01:35:58.139000
2024-05-19 13:43:38.465,OnTrack,-8352,-9237,1088,pos,0 days 00:40:21.871000,0 days 01:35:58.479000
2024-05-19 13:43:38.665,OnTrack,-8311,-9120,1084,pos,0 days 00:40:22.071000,0 days 01:35:58.679000
2024-05-19 13:43:38.845,OnTrack,-8282,-9011,1080,pos,0 days 00:40:22.251000,0 days 01:35:58.859000
2024-05-19 13:43:39.205,OnTrack,-8245,-8781,1070,pos,0 days 00:40:22.611000,0 days 01:35:59.219000
2024-05-19 13:43:39.445,OnTrack,-8238,-8525,1055,pos,0 days 00:40:22.851000,0 days 01:35:59.459000
2024-05-19 13:43:39.745,OnTrack,-8245,-8415,1047,pos,0 days 00:40:23.151000,0 days 01:35:59.759000
2024-05-19 13:43:40.005,OnTrack,-8263,-8249,1034,pos,0 days 00:40:23.411000,0 days 01:36:00.019000
2024-05-19 13:43:40.265,OnTrack,-8300,-8010,1011,pos,0 days 00:40:23.671000,0 days 01:36:00.279000
2024-05-19 13:43:40.665,OnTrack,-8363,-7711,987,pos,0 days 00:40:24.071000,0 days 01:36:00.679000
2024-05-19 13:43:41.064,OnTrack,-8432,-7409,967,pos,0 days 00:40:24.470000,0 days 01:36:01.078000
2024-05-19 13:43:41.365,OnTrack,-8462,-7278,959,pos,0 days 00:40:24.771000,0 days 01:36:01.379000
2024-05-19 13:43:41.645,OnTrack,-8509,-7073,948,pos,0 days 00:40:25.051000,0 days 01:36:01.659000
2024-05-19 13:43:41.925,OnTrack,-8575,-6781,933,pos,0 days 00:40:25.331000,0 days 01:36:01.939000
2024-05-19 13:43:42.245,OnTrack,-8624,-6555,921,pos,0 days 00:40:25.651000,0 days 01:36:02.259000
2024-05-19 13:43:42.725,OnTrack,-8654,-6326,910,pos,0 days 00:40:26.131000,0 days 01:36:02.739000
2024-05-19 13:43:42.945,OnTrack,-8630,-6125,902,pos,0 days 00:40:26.351000,0 days 01:36:02.959000
2024-05-19 13:43:43.345,OnTrack,-8562,-5942,898,pos,0 days 00:40:26.751000,0 days 01:36:03.359000
2024-05-19 13:43:43.525,OnTrack,-8473,-5769,897,pos,0 days 00:40:26.931000,0 days 01:36:03.539000
2024-05-19 13:43:43.945,OnTrack,-8398,-5639,897,pos,0 days 00:40:27.351000,0 days 01:36:03.959000
2024-05-19 13:43:44.105,OnTrack,-8327,-5531,899,pos,0 days 00:40:27.511000,0 days 01:36:04.119000
2024-05-19 13:43:44.585,OnTrack,-8207,-5398,903,pos,0 days 00:40:27.991000,0 days 01:36:04.599000
2024-05-19 13:43:44.885,OnTrack,-8140,-5355,906,pos,0 days 00:40:28.291000,0 days 01:36:04.899000
2024-05-19 13:43:45.185,OnTrack,-8016,-5325,911,pos,0 days 00:40:28.591000,0 days 01:36:05.199000
2024-05-19 13:43:45.465,OnTrack,-7935,-5332,918,pos,0 days 00:40:28.871000,0 days 01:36:05.479000
2024-05-19 13:43:45.745,OnTrack,-7833,-5354,927,pos,0 days 00:40:29.151000,0 days 01:36:05.759000
2024-05-19 13:43:46.025,OnTrack,-7690,-5393,941,pos,0 days 00:40:29.431000,0 days 01:36:06.039000
2024-05-19 13:43:46.405,OnTrack,-7559,-5420,952,pos,0 days 00:40:29.811000,0 days 01:36:06.419000
2024-05-19 13:43:46.665,OnTrack,-7485,-5430,960,pos,0 days 00:40:30.071000,0 days 01:36:06.679000
2024-05-19 13:43:47.025,OnTrack,-7291,-5442,976,pos,0 days 00:40:30.431000,0 days 01:36:07.039000
2024-05-19 13:43:47.405,OnTrack,-7093,-5443,991,pos,0 days 00:40:30.811000,0 days 01:36:07.419000
2024-05-19 13:43:47.684,OnTrack,-6999,-5442,998,pos,0 days 00:40:31.090000,0 days 01:36:07.698000
2024-05-19 13:43:47.925,OnTrack,-6869,-5441,1006,pos,0 days 00:40:31.331000,0 days 01:36:07.939000
2024-05-19 13:43:48.165,OnTrack,-6735,-5440,1013,pos,0 days 00:40:31.571000,0 days 01:36:08.179000
2024-05-19 13:43:48.325,OnTrack,-6643,-5439,1018,pos,0 days 00:40:31.731000,0 days 01:36:08.339000
2024-05-19 13:43:48.565,OnTrack,-6501,-5438,1025,pos,0 days 00:40:31.971000,0 days 01:36:08.579000
2024-05-19 13:43:48.805,OnTrack,-6354,-5436,1029,pos,0 days 00:40:32.211000,0 days 01:36:08.819000
2024-05-19 13:43:48.945,OnTrack,-6267,-5436,1032,pos,0 days 00:40:32.351000,0 days 01:36:08.959000
2024-05-19 13:43:49.105,OnTrack,-6167,-5435,1035,pos,0 days 00:40:32.511000,0 days 01:36:09.119000
2024-05-19 13:43:49.345,OnTrack,-6013,-5433,1039,pos,0 days 00:40:32.751000,0 days 01:36:09.359000
2024-05-19 13:43:49.705,OnTrack,-5694,-5431,1048,pos,0 days 00:40:33.111000,0 days 01:36:09.719000
2024-05-19 13:43:50.065,OnTrack,-5530,-5429,1053,pos,0 days 00:40:33.471000,0 days 01:36:10.079000
2024-05-19 13:43:50.285,OnTrack,-5323,-5426,1059,pos,0 days 00:40:33.691000,0 days 01:36:10.299000
2024-05-19 13:43:50.625,OnTrack,-5141,-5419,1064,pos,0 days 00:40:34.031000,0 days 01:36:10.639000
2024-05-19 13:43:50.865,OnTrack,-4968,-5405,1069,pos,0 days 00:40:34.271000,0 days 01:36:10.879000
2024-05-19 13:43:51.025,OnTrack,-4855,-5395,1073,pos,0 days 00:40:34.431000,0 days 01:36:11.039000
2024-05-19 13:43:51.245,OnTrack,-4700,-5381,1076,pos,0 days 00:40:34.651000,0 days 01:36:11.259000
2024-05-19 13:43:51.525,OnTrack,-4501,-5363,1080,pos,0 days 00:40:34.931000,0 days 01:36:11.539000
2024-05-19 13:43:51.745,OnTrack,-4273,-5345,1083,pos,0 days 00:40:35.151000,0 days 01:36:11.759000
2024-05-19 13:43:52.205,OnTrack,-4006,-5323,1085,pos,0 days 00:40:35.611000,0 days 01:36:12.219000
2024-05-19 13:43:52.505,OnTrack,-3821,-5307,1086,pos,0 days 00:40:35.911000,0 days 01:36:12.519000
2024-05-19 13:43:52.705,OnTrack,-3701,-5297,1087,pos,0 days 00:40:36.111000,0 days 01:36:12.719000
2024-05-19 13:43:52.905,OnTrack,-3593,-5289,1087,pos,0 days 00:40:36.311000,0 days 01:36:12.919000
2024-05-19 13:43:53.185,OnTrack,-3396,-5275,1089,pos,0 days 00:40:36.591000,0 days 01:36:13.199000
2024-05-19 13:43:53.545,OnTrack,-3307,-5273,1090,pos,0 days 00:40:36.951000,0 days 01:36:13.559000
2024-05-19 13:43:53.725,OnTrack,-3247,-5276,1091,pos,0 days 00:40:37.131000,0 days 01:36:13.739000
2024-05-19 13:43:53.945,OnTrack,-3180,-5294,1092,pos,0 days 00:40:37.351000,0 days 01:36:13.959000
2024-05-19 13:43:54.144,OnTrack,-3087,-5366,1096,pos,0 days 00:40:37.550000,0 days 01:36:14.158000
2024-05-19 13:43:54.525,OnTrack,-3030,-5429,1096,pos,0 days 00:40:37.931000,0 days 01:36:14.539000
2024-05-19 13:43:54.845,OnTrack,-2941,-5512,1096,pos,0 days 00:40:38.251000,0 days 01:36:14.859000
2024-05-19 13:43:55.125,OnTrack,-2885,-5543,1096,pos,0 days 00:40:38.531000,0 days 01:36:15.139000
2024-05-19 13:43:55.345,OnTrack,-2825,-5561,1095,pos,0 days 00:40:38.751000,0 days 01:36:15.359000
2024-05-19 13:43:55.545,OnTrack,-2770,-5562,1094,pos,0 days 00:40:38.951000,0 days 01:36:15.559000
2024-05-19 13:43:55.865,OnTrack,-2678,-5544,1092,pos,0 days 00:40:39.271000,0 days 01:36:15.879000
2024-05-19 13:43:56.065,OnTrack,-2598,-5520,1090,pos,0 days 00:40:39.471000,0 days 01:36:16.079000
2024-05-19 13:43:56.345,OnTrack,-2539,-5499,1089,pos,0 days 00:40:39.751000,0 days 01:36:16.359000
2024-05-19 13:43:56.685,OnTrack,-2415,-5448,1086,pos,0 days 00:40:40.091000,0 days 01:36:16.699000
2024-05-19 13:43:56.985,OnTrack,-2334,-5409,1084,pos,0 days 00:40:40.391000,0 days 01:36:16.999000
2024-05-19 13:43:57.225,OnTrack,-2246,-5365,1082,pos,0 days 00:40:40.631000,0 days 01:36:17.239000
2024-05-19 13:43:57.405,OnTrack,-2177,-5329,1080,pos,0 days 00:40:40.811000,0 days 01:36:17.419000
2024-05-19 13:43:57.585,OnTrack,-2105,-5291,1078,pos,0 days 00:40:40.991000,0 days 01:36:17.599000
2024-05-19 13:43:57.785,OnTrack,-2020,-5247,1077,pos,0 days 00:40:41.191000,0 days 01:36:17.799000
2024-05-19 13:43:58.005,OnTrack,-1923,-5195,1075,pos,0 days 00:40:41.411000,0 days 01:36:18.019000
2024-05-19 13:43:58.325,OnTrack,-1773,-5117,1072,pos,0 days 00:40:41.731000,0 days 01:36:18.339000
2024-05-19 13:43:58.485,OnTrack,-1694,-5077,1070,pos,0 days 00:40:41.891000,0 days 01:36:18.499000
2024-05-19 13:43:58.685,OnTrack,-1587,-5024,1068,pos,0 days 00:40:42.091000,0 days 01:36:18.699000
2024-05-19 13:43:58.845,OnTrack,-1499,-4982,1067,pos,0 days 00:40:42.251000,0 days 01:36:18.859000
2024-05-19 13:43:59.145,OnTrack,-1335,-4908,1064,pos,0 days 00:40:42.551000,0 days 01:36:19.159000
2024-05-19 13:43:59.345,OnTrack,-1199,-4845,1061,pos,0 days 00:40:42.751000,0 days 01:36:19.359000
2024-05-19 13:43:59.685,OnTrack,-1029,-4757,1058,pos,0 days 00:40:43.091000,0 days 01:36:19.699000
2024-05-19 13:43:59.905,OnTrack,-905,-4685,1055,pos,0 days 00:40:43.311000,0 days 01:36:19.919000
2024-05-19 13:44:00.125,OnTrack,-781,-4606,1052,pos,0 days 00:40:43.531000,0 days 01:36:20.139000
2024-05-19 13:44:00.385,OnTrack,-634,-4505,1047,pos,0 days 00:40:43.791000,0 days 01:36:20.399000
2024-05-19 13:44:00.585,OnTrack,-475,-4391,1043,pos,0 days 00:40:43.991000,0 days 01:36:20.599000
2024-05-19 13:44:01.004,OnTrack,-282,-4244,1037,pos,0 days 00:40:44.410000,0 days 01:36:21.018000
2024-05-19 13:44:01.165,OnTrack,-147,-4135,1033,pos,0 days 00:40:44.571000,0 days 01:36:21.179000
2024-05-19 13:44:01.505,OnTrack,-4,-4009,1029,pos,0 days 00:40:44.911000,0 days 01:36:21.519000
2024-05-19 13:44:01.685,OnTrack,92,-3917,1027,pos,0 days 00:40:45.091000,0 days 01:36:21.699000
2024-05-19 13:44:01.945,OnTrack,257,-3748,1022,pos,0 days 00:40:45.351000,0 days 01:36:21.959000
2024-05-19 13:44:02.105,OnTrack,340,-3659,1019,pos,0 days 00:40:45.511000,0 days 01:36:22.119000
2024-05-19 13:44:02.425,OnTrack,503,-3478,1012,pos,0 days 00:40:45.831000,0 days 01:36:22.439000
2024-05-19 13:44:02.585,OnTrack,658,-3305,1004,pos,0 days 00:40:45.991000,0 days 01:36:22.599000
2024-05-19 13:44:02.985,OnTrack,794,-3155,995,pos,0 days 00:40:46.391000,0 days 01:36:22.999000
2024-05-19 13:44:03.145,OnTrack,878,-3063,990,pos,0 days 00:40:46.551000,0 days 01:36:23.159000
2024-05-19 13:44:03.345,OnTrack,983,-2946,981,pos,0 days 00:40:46.751000,0 days 01:36:23.359000
2024-05-19 13:44:03.565,OnTrack,1100,-2816,971,pos,0 days 00:40:46.971000,0 days 01:36:23.579000
2024-05-19 13:44:03.885,OnTrack,1337,-2559,951,pos,0 days 00:40:47.291000,0 days 01:36:23.899000
2024-05-19 13:44:04.245,OnTrack,1546,-2363,932,pos,0 days 00:40:47.651000,0 days 01:36:24.259000
2024-05-19 13:44:04.645,OnTrack,1767,-2207,914,pos,0 days 00:40:48.051000,0 days 01:36:24.659000
2024-05-19 13:44:04.885,OnTrack,1938,-2121,901,pos,0 days 00:40:48.291000,0 days 01:36:24.899000
2024-05-19 13:44:05.125,OnTrack,2119,-2046,886,pos,0 days 00:40:48.531000,0 days 01:36:25.139000
2024-05-19 13:44:05.165,OnTrack,2150,-2034,884,pos,0 days 00:40:48.571000,0 days 01:36:25.179000
2024-05-19 13:44:05.465,OnTrack,2369,-1946,867,pos,0 days 00:40:48.871000,0 days 01:36:25.479000
2024-05-19 13:44:05.665,OnTrack,2504,-1891,857,pos,0 days 00:40:49.071000,0 days 01:36:25.679000
2024-05-19 13:44:05.845,OnTrack,2615,-1846,848,pos,0 days 00:40:49.251000,0 days 01:36:25.859000
2024-05-19 13:44:06.025,OnTrack,2717,-1804,841,pos,0 days 00:40:49.431000,0 days 01:36:26.039000
2024-05-19 13:44:06.285,OnTrack,2913,-1721,828,pos,0 days 00:40:49.691000,0 days 01:36:26.299000
2024-05-19 13:44:06.605,OnTrack,2986,-1685,823,pos,0 days 00:40:50.011000,0 days 01:36:26.619000
2024-05-19 13:44:06.965,OnTrack,3103,-1596,815,pos,0 days 00:40:50.371000,0 days 01:36:26.979000
2024-05-19 13:44:07.324,OnTrack,3179,-1456,808,pos,0 days 00:40:50.730000,0 days 01:36:27.338000
2024-05-19 13:44:07.665,OnTrack,3190,-1384,805,pos,0 days 00:40:51.071000,0 days 01:36:27.679000
2024-05-19 13:44:08.005,OnTrack,3182,-1272,801,pos,0 days 00:40:51.411000,0 days 01:36:28.019000
2024-05-19 13:44:08.205,OnTrack,3162,-1184,799,pos,0 days 00:40:51.611000,0 days 01:36:28.219000
2024-05-19 13:44:08.485,OnTrack,3144,-1121,797,pos,0 days 00:40:51.891000,0 days 01:36:28.499000
2024-05-19 13:44:08.785,OnTrack,3102,-994,794,pos,0 days 00:40:52.191000,0 days 01:36:28.799000
2024-05-19 13:44:09.105,OnTrack,3074,-918,794,pos,0 days 00:40:52.511000,0 days 01:36:29.119000
2024-05-19 13:44:09.425,OnTrack,2999,-747,792,pos,0 days 00:40:52.831000,0 days 01:36:29.439000
2024-05-19 13:44:09.705,OnTrack,2970,-692,791,pos,0 days 00:40:53.111000,0 days 01:36:29.719000
2024-05-19 13:44:09.945,OnTrack,2914,-601,790,pos,0 days 00:40:53.351000,0 days 01:36:29.959000
2024-05-19 13:44:10.105,OnTrack,2872,-546,789,pos,0 days 00:40:53.511000,0 days 01:36:30.119000
2024-05-19 13:44:10.405,OnTrack,2733,-430,788,pos,0 days 00:40:53.811000,0 days 01:36:30.419000
2024-05-19 13:44:10.845,OnTrack,2623,-385,787,pos,0 days 00:40:54.251000,0 days 01:36:30.859000
2024-05-19 13:44:11.125,OnTrack,2516,-364,786,pos,0 days 00:40:54.531000,0 days 01:36:31.139000
2024-05-19 13:44:11.185,OnTrack,2493,-362,786,pos,0 days 00:40:54.591000,0 days 01:36:31.199000
2024-05-19 13:44:11.525,OnTrack,2307,-367,785,pos,0 days 00:40:54.931000,0 days 01:36:31.539000
2024-05-19 13:44:11.765,OnTrack,2267,-375,785,pos,0 days 00:40:55.171000,0 days 01:36:31.779000
2024-05-19 13:44:11.965,OnTrack,2186,-396,784,pos,0 days 00:40:55.371000,0 days 01:36:31.979000
2024-05-19 13:44:12.245,OnTrack,2071,-439,782,pos,0 days 00:40:55.651000,0 days 01:36:32.259000
2024-05-19 13:44:12.445,OnTrack,1986,-479,781,pos,0 days 00:40:55.851000,0 days 01:36:32.459000
2024-05-19 13:44:12.705,OnTrack,1870,-533,780,pos,0 days 00:40:56.111000,0 days 01:36:32.719000
2024-05-19 13:44:12.905,OnTrack,1719,-602,779,pos,0 days 00:40:56.311000,0 days 01:36:32.919000
2024-05-19 13:44:13.265,OnTrack,1600,-656,778,pos,0 days 00:40:56.671000,0 days 01:36:33.279000
2024-05-19 13:44:13.565,OnTrack,1390,-751,778,pos,0 days 00:40:56.971000,0 days 01:36:33.579000
2024-05-19 13:44:13.944,OnTrack,1181,-846,778,pos,0 days 00:40:57.350000,0 days 01:36:33.958000
2024-05-19 13:44:14.365,OnTrack,999,-929,778,pos,0 days 00:40:57.771000,0 days 01:36:34.379000
2024-05-19 13:44:14.605,OnTrack,772,-1027,779,pos,0 days 00:40:58.011000,0 days 01:36:34.619000
2024-05-19 13:44:14.945,OnTrack,561,-1115,780,pos,0 days 00:40:58.351000,0 days 01:36:34.959000
2024-05-19 13:44:15.345,OnTrack,396,-1185,780,pos,0 days 00:40:58.751000,0 days 01:36:35.359000
2024-05-19 13:44:15.525,OnTrack,281,-1233,781,pos,0 days 00:40:58.931000,0 days 01:36:35.539000
2024-05-19 13:44:15.705,OnTrack,164,-1283,781,pos,0 days 00:40:59.111000,0 days 01:36:35.719000
2024-05-19 13:44:15.905,OnTrack,32,-1338,781,pos,0 days 00:40:59.311000,0 days 01:36:35.919000
2024-05-19 13:44:16.165,OnTrack,-141,-1407,781,pos,0 days 00:40:59.571000,0 days 01:36:36.179000
2024-05-19 13:44:16.485,OnTrack,-391,-1491,782,pos,0 days 00:40:59.891000,0 days 01:36:36.499000
2024-05-19 13:44:16.765,OnTrack,-564,-1535,783,pos,0 days 00:41:00.171000,0 days 01:36:36.779000
2024-05-19 13:44:16.945,OnTrack,-696,-1559,783,pos,0 days 00:41:00.351000,0 days 01:36:36.959000
2024-05-19 13:44:17.265,OnTrack,-955,-1583,784,pos,0 days 00:41:00.671000,0 days 01:36:37.279000
2024-05-19 13:44:17.425,OnTrack,-1198,-1592,784,pos,0 days 00:41:00.831000,0 days 01:36:37.439000
2024-05-19 13:44:17.805,OnTrack,-1368,-1596,785,pos,0 days 00:41:01.211000,0 days 01:36:37.819000
2024-05-19 13:44:18.045,OnTrack,-1556,-1609,786,pos,0 days 00:41:01.451000,0 days 01:36:38.059000
2024-05-19 13:44:18.305,OnTrack,-1761,-1620,787,pos,0 days 00:41:01.711000,0 days 01:36:38.319000
2024-05-19 13:44:18.505,OnTrack,-1920,-1629,787,pos,0 days 00:41:01.911000,0 days 01:36:38.519000
2024-05-19 13:44:18.745,OnTrack,-2112,-1639,788,pos,0 days 00:41:02.151000,0 days 01:36:38.759000
2024-05-19 13:44:18.925,OnTrack,-2370,-1654,789,pos,0 days 00:41:02.331000,0 days 01:36:38.939000
2024-05-19 13:44:19.325,OnTrack,-2581,-1666,790,pos,0 days 00:41:02.731000,0 days 01:36:39.339000
2024-05-19 13:44:19.545,OnTrack,-2760,-1672,791,pos,0 days 00:41:02.951000,0 days 01:36:39.559000
2024-05-19 13:44:19.705,OnTrack,-2892,-1676,792,pos,0 days 00:41:03.111000,0 days 01:36:39.719000
2024-05-19 13:44:19.945,OnTrack,-3089,-1682,792,pos,0 days 00:41:03.351000,0 days 01:36:39.959000
2024-05-19 13:44:20.165,OnTrack,-3271,-1689,793,pos,0 days 00:41:03.571000,0 days 01:36:40.179000
2024-05-19 13:44:20.364,OnTrack,-3437,-1694,794,pos,0 days 00:41:03.770000,0 days 01:36:40.378000
2024-05-19 13:44:20.464,OnTrack,-3520,-1696,794,pos,0 days 00:41:03.870000,0 days 01:36:40.478000
2024-05-19 13:44:20.784,OnTrack,-3785,-1686,795,pos,0 days 00:41:04.190000,0 days 01:36:40.798000
2024-05-19 13:44:21.025,OnTrack,-3985,-1663,797,pos,0 days 00:41:04.431000,0 days 01:36:41.039000
2024-05-19 13:44:21.225,OnTrack,-4253,-1613,798,pos,0 days 00:41:04.631000,0 days 01:36:41.239000
2024-05-19 13:44:21.505,OnTrack,-4387,-1584,799,pos,0 days 00:41:04.911000,0 days 01:36:41.519000
2024-05-19 13:44:21.745,OnTrack,-4586,-1537,800,pos,0 days 00:41:05.151000,0 days 01:36:41.759000
2024-05-19 13:44:21.925,OnTrack,-4735,-1501,801,pos,0 days 00:41:05.331000,0 days 01:36:41.939000
2024-05-19 13:44:22.205,OnTrack,-4968,-1444,803,pos,0 days 00:41:05.611000,0 days 01:36:42.219000
2024-05-19 13:44:22.325,OnTrack,-5067,-1419,804,pos,0 days 00:41:05.731000,0 days 01:36:42.339000
2024-05-19 13:44:22.605,OnTrack,-5300,-1363,805,pos,0 days 00:41:06.011000,0 days 01:36:42.619000
2024-05-19 13:44:22.765,OnTrack,-5434,-1333,807,pos,0 days 00:41:06.171000,0 days 01:36:42.779000
2024-05-19 13:44:23.065,OnTrack,-5672,-1287,809,pos,0 days 00:41:06.471000,0 days 01:36:43.079000
2024-05-19 13:44:23.305,OnTrack,-5852,-1262,810,pos,0 days 00:41:06.711000,0 days 01:36:43.319000
2024-05-19 13:44:23.505,OnTrack,-6092,-1241,812,pos,0 days 00:41:06.911000,0 days 01:36:43.519000
2024-05-19 13:44:23.865,OnTrack,-6335,-1231,814,pos,0 days 00:41:07.271000,0 days 01:36:43.879000
2024-05-19 13:44:24.025,OnTrack,-6473,-1230,814,pos,0 days 00:41:07.431000,0 days 01:36:44.039000
2024-05-19 13:44:24.205,OnTrack,-6629,-1230,815,pos,0 days 00:41:07.611000,0 days 01:36:44.219000
2024-05-19 13:44:24.465,OnTrack,-6855,-1232,816,pos,0 days 00:41:07.871000,0 days 01:36:44.479000
2024-05-19 13:44:24.765,OnTrack,-7202,-1245,817,pos,0 days 00:41:08.171000,0 days 01:36:44.779000
2024-05-19 13:44:25.125,OnTrack,-7428,-1261,818,pos,0 days 00:41:08.531000,0 days 01:36:45.139000
2024-05-19 13:44:25.325,OnTrack,-7601,-1277,819,pos,0 days 00:41:08.731000,0 days 01:36:45.339000
2024-05-19 13:44:25.465,OnTrack,-7722,-1290,818,pos,0 days 00:41:08.871000,0 days 01:36:45.479000
2024-05-19 13:44:25.705,OnTrack,-8008,-1323,818,pos,0 days 00:41:09.111000,0 days 01:36:45.719000
2024-05-19 13:44:25.985,OnTrack,-8276,-1358,819,pos,0 days 00:41:09.391000,0 days 01:36:45.999000
2024-05-19 13:44:26.105,OnTrack,-8380,-1373,819,pos,0 days 00:41:09.511000,0 days 01:36:46.119000
2024-05-19 13:44:26.325,OnTrack,-8571,-1399,819,pos,0 days 00:41:09.731000,0 days 01:36:46.339000
2024-05-19 13:44:26.525,OnTrack,-8744,-1423,819,pos,0 days 00:41:09.931000,0 days 01:36:46.539000
2024-05-19 13:44:26.765,OnTrack,-8952,-1453,819,pos,0 days 00:41:10.171000,0 days 01:36:46.779000
2024-05-19 13:44:26.984,OnTrack,-9141,-1485,819,pos,0 days 00:41:10.390000,0 days 01:36:46.998000
2024-05-19 13:44:27.184,OnTrack,-9306,-1520,819,pos,0 days 00:41:10.590000,0 days 01:36:47.198000
2024-05-19 13:44:27.465,OnTrack,-9527,-1584,819,pos,0 days 00:41:10.871000,0 days 01:36:47.479000
2024-05-19 13:44:27.565,OnTrack,-9600,-1607,819,pos,0 days 00:41:10.971000,0 days 01:36:47.579000
2024-05-19 13:44:27.845,OnTrack,-9853,-1687,818,pos,0 days 00:41:11.251000,0 days 01:36:47.859000
2024-05-19 13:44:28.345,OnTrack,-10054,-1749,819,pos,0 days 00:41:11.751000,0 days 01:36:48.359000
2024-05-19 13:44:28.545,OnTrack,-10150,-1780,818,pos,0 days 00:41:11.951000,0 days 01:36:48.559000
2024-05-19 13:44:28.625,OnTrack,-10185,-1793,818,pos,0 days 00:41:12.031000,0 days 01:36:48.639000
2024-05-19 13:44:28.885,OnTrack,-10278,-1848,818,pos,0 days 00:41:12.291000,0 days 01:36:48.899000
2024-05-19 13:44:29.085,OnTrack,-10333,-1907,818,pos,0 days 00:41:12.491000,0 days 01:36:49.099000
2024-05-19 13:44:29.245,OnTrack,-10366,-1967,818,pos,0 days 00:41:12.651000,0 days 01:36:49.259000
2024-05-19 13:44:29.545,OnTrack,-10419,-2138,819,pos,0 days 00:41:12.951000,0 days 01:36:49.559000
2024-05-19 13:44:29.865,OnTrack,-10448,-2230,819,pos,0 days 00:41:13.271000,0 days 01:36:49.879000
2024-05-19 13:44:30.165,OnTrack,-10527,-2377,818,pos,0 days 00:41:13.571000,0 days 01:36:50.179000
2024-05-19 13:44:30.505,OnTrack,-10612,-2468,818,pos,0 days 00:41:13.911000,0 days 01:36:50.519000
2024-05-19 13:44:30.845,OnTrack,-10798,-2599,820,pos,0 days 00:41:14.251000,0 days 01:36:50.859000
2024-05-19 13:44:31.085,OnTrack,-10849,-2630,820,pos,0 days 00:41:14.491000,0 days 01:36:51.099000
2024-05-19 13:44:31.445,OnTrack,-11064,-2754,822,pos,0 days 00:41:14.851000,0 days 01:36:51.459000
2024-05-19 13:44:31.785,OnTrack,-11167,-2814,823,pos,0 days 00:41:15.191000,0 days 01:36:51.799000
2024-05-19 13:44:31.965,OnTrack,-11253,-2865,823,pos,0 days 00:41:15.371000,0 days 01:36:51.979000
2024-05-19 13:44:32.265,OnTrack,-11401,-2958,824,pos,0 days 00:41:15.671000,0 days 01:36:52.279000
2024-05-19 13:44:32.425,OnTrack,-11478,-3014,825,pos,0 days 00:41:15.831000,0 days 01:36:52.439000
2024-05-19 13:44:32.585,OnTrack,-11551,-3076,825,pos,0 days 00:41:15.991000,0 days 01:36:52.599000
2024-05-19 13:44:32.785,OnTrack,-11633,-3165,825,pos,0 days 00:41:16.191000,0 days 01:36:52.799000
2024-05-19 13:44:33.125,OnTrack,-11746,-3348,826,pos,0 days 00:41:16.531000,0 days 01:36:53.139000
2024-05-19 13:44:33.305,OnTrack,-11781,-3426,826,pos,0 days 00:41:16.711000,0 days 01:36:53.319000
2024-05-19 13:44:33.564,OnTrack,-11845,-3586,827,pos,0 days 00:41:16.970000,0 days 01:36:53.578000
2024-05-19 13:44:33.664,OnTrack,-11902,-3735,827,pos,0 days 00:41:17.070000,0 days 01:36:53.678000
2024-05-19 13:44:34.105,OnTrack,-11973,-3926,828,pos,0 days 00:41:17.511000,0 days 01:36:54.119000
2024-05-19 13:44:34.285,OnTrack,-12017,-4043,828,pos,0 days 00:41:17.691000,0 days 01:36:54.299000
2024-05-19 13:44:34.485,OnTrack,-12066,-4174,829,pos,0 days 00:41:17.891000,0 days 01:36:54.499000
2024-05-19 13:44:34.665,OnTrack,-12111,-4293,829,pos,0 days 00:41:18.071000,0 days 01:36:54.679000
2024-05-19 13:44:34.865,OnTrack,-12161,-4428,830,pos,0 days 00:41:18.271000,0 days 01:36:54.879000
2024-05-19 13:44:35.065,OnTrack,-12213,-4564,830,pos,0 days 00:41:18.471000,0 days 01:36:55.079000
2024-05-19 13:44:35.325,OnTrack,-12306,-4813,831,pos,0 days 00:41:18.731000,0 days 01:36:55.339000
2024-05-19 13:44:35.745,OnTrack,-12390,-5038,831,pos,0 days 00:41:19.151000,0 days 01:36:55.759000
2024-05-19 13:44:35.905,OnTrack,-12433,-5152,832,pos,0 days 00:41:19.311000,0 days 01:36:55.919000
2024-05-19 13:44:36.145,OnTrack,-12498,-5323,832,pos,0 days 00:41:19.551000,0 days 01:36:56.159000
2024-05-19 13:44:36.345,OnTrack,-12551,-5467,833,pos,0 days 00:41:19.751000,0 days 01:36:56.359000
2024-05-19 13:44:36.525,OnTrack,-12600,-5597,833,pos,0 days 00:41:19.931000,0 days 01:36:56.539000
2024-05-19 13:44:36.805,OnTrack,-12704,-5873,833,pos,0 days 00:41:20.211000,0 days 01:36:56.819000
2024-05-19 13:44:37.225,OnTrack,-12793,-6105,834,pos,0 days 00:41:20.631000,0 days 01:36:57.239000
2024-05-19 13:44:37.405,OnTrack,-12844,-6235,835,pos,0 days 00:41:20.811000,0 days 01:36:57.419000
2024-05-19 13:44:37.665,OnTrack,-12958,-6507,835,pos,0 days 00:41:21.071000,0 days 01:36:57.679000
2024-05-19 13:44:38.105,OnTrack,-13082,-6804,836,pos,0 days 00:41:21.511000,0 days 01:36:58.119000
2024-05-19 13:44:38.345,OnTrack,-13117,-6900,837,pos,0 days 00:41:21.751000,0 days 01:36:58.359000
2024-05-19 13:44:38.585,OnTrack,-13155,-7059,837,pos,0 days 00:41:21.991000,0 days 01:36:58.599000
2024-05-19 13:44:38.745,OnTrack,-13163,-7165,838,pos,0 days 00:41:22.151000,0 days 01:36:58.759000
2024-05-19 13:44:38.965,OnTrack,-13155,-7311,839,pos,0 days 00:41:22.371000,0 days 01:36:58.979000
2024-05-19 13:44:39.305,OnTrack,-13115,-7525,840,pos,0 days 00:41:22.711000,0 days 01:36:59.319000
2024-05-19 13:44:39.465,OnTrack,-13091,-7623,841,pos,0 days 00:41:22.871000,0 days 01:36:59.479000
2024-05-19 13:44:39.765,OnTrack,-13052,-7787,842,pos,0 days 00:41:23.171000,0 days 01:36:59.779000
2024-05-19 13:44:39.865,OnTrack,-13041,-7838,843,pos,0 days 00:41:23.271000,0 days 01:36:59.879000
2024-05-19 13:44:40.144,OnTrack,-13024,-7996,843,pos,0 days 00:41:23.550000,0 days 01:37:00.158000
2024-05-19 13:44:40.585,OnTrack,-13064,-8154,845,pos,0 days 00:41:23.991000,0 days 01:37:00.599000
2024-05-19 13:44:40.665,OnTrack,-13082,-8184,845,pos,0 days 00:41:24.071000,0 days 01:37:00.679000
2024-05-19 13:44:40.945,OnTrack,-13223,-8328,847,pos,0 days 00:41:24.351000,0 days 01:37:00.959000
2024-05-19 13:44:41.285,OnTrack,-13297,-8393,848,pos,0 days 00:41:24.691000,0 days 01:37:01.299000
2024-05-19 13:44:41.505,OnTrack,-13432,-8508,850,pos,0 days 00:41:24.911000,0 days 01:37:01.519000
2024-05-19 13:44:42.025,OnTrack,-13639,-8683,853,pos,0 days 00:41:25.431000,0 days 01:37:02.039000
2024-05-19 13:44:42.325,OnTrack,-13706,-8740,854,pos,0 days 00:41:25.731000,0 days 01:37:02.339000
2024-05-19 13:44:42.605,OnTrack,-13811,-8828,855,pos,0 days 00:41:26.011000,0 days 01:37:02.619000
2024-05-19 13:44:42.805,OnTrack,-13945,-8942,858,pos,0 days 00:41:26.211000,0 days 01:37:02.819000
2024-05-19 13:44:43.105,OnTrack,-14040,-9027,861,pos,0 days 00:41:26.511000,0 days 01:37:03.119000
2024-05-19 13:44:43.365,OnTrack,-14154,-9138,865,pos,0 days 00:41:26.771000,0 days 01:37:03.379000
2024-05-19 13:44:43.605,OnTrack,-14260,-9244,869,pos,0 days 00:41:27.011000,0 days 01:37:03.619000
2024-05-19 13:44:43.825,OnTrack,-14358,-9341,873,pos,0 days 00:41:27.231000,0 days 01:37:03.839000
2024-05-19 13:44:44.065,OnTrack,-14500,-9479,880,pos,0 days 00:41:27.471000,0 days 01:37:04.079000
2024-05-19 13:44:44.345,OnTrack,-14586,-9558,884,pos,0 days 00:41:27.751000,0 days 01:37:04.359000
2024-05-19 13:44:44.605,OnTrack,-14684,-9653,888,pos,0 days 00:41:28.011000,0 days 01:37:04.619000
2024-05-19 13:44:44.785,OnTrack,-14745,-9715,891,pos,0 days 00:41:28.191000,0 days 01:37:04.799000
2024-05-19 13:44:45.045,OnTrack,-14820,-9804,895,pos,0 days 00:41:28.451000,0 days 01:37:05.059000
2024-05-19 13:44:45.285,OnTrack,-14869,-9881,898,pos,0 days 00:41:28.691000,0 days 01:37:05.299000
2024-05-19 13:44:45.525,OnTrack,-14910,-9999,902,pos,0 days 00:41:28.931000,0 days 01:37:05.539000
2024-05-19 13:44:45.845,OnTrack,-14916,-10063,905,pos,0 days 00:41:29.251000,0 days 01:37:05.859000
2024-05-19 13:44:46.085,OnTrack,-14906,-10135,908,pos,0 days 00:41:29.491000,0 days 01:37:06.099000
2024-05-19 13:44:46.345,OnTrack,-14863,-10227,913,pos,0 days 00:41:29.751000,0 days 01:37:06.359000
2024-05-19 13:44:46.784,OnTrack,-14792,-10300,919,pos,0 days 00:41:30.190000,0 days 01:37:06.798000
2024-05-19 13:44:46.884,OnTrack,-14770,-10316,920,pos,0 days 00:41:30.290000,0 days 01:37:06.898000
2024-05-19 13:44:47.245,OnTrack,-14646,-10374,926,pos,0 days 00:41:30.651000,0 days 01:37:07.259000
2024-05-19 13:44:47.545,OnTrack,-14568,-10390,930,pos,0 days 00:41:30.951000,0 days 01:37:07.559000
2024-05-19 13:44:47.965,OnTrack,-14478,-10395,935,pos,0 days 00:41:31.371000,0 days 01:37:07.979000
2024-05-19 13:44:48.225,OnTrack,-14396,-10393,939,pos,0 days 00:41:31.631000,0 days 01:37:08.239000
2024-05-19 13:44:48.385,OnTrack,-14309,-10384,943,pos,0 days 00:41:31.791000,0 days 01:37:08.399000
2024-05-19 13:44:48.765,OnTrack,-14208,-10370,948,pos,0 days 00:41:32.171000,0 days 01:37:08.779000
2024-05-19 13:44:49.045,OnTrack,-14100,-10351,952,pos,0 days 00:41:32.451000,0 days 01:37:09.059000
2024-05-19 13:44:49.225,OnTrack,-14024,-10336,956,pos,0 days 00:41:32.631000,0 days 01:37:09.239000
2024-05-19 13:44:49.445,OnTrack,-13926,-10317,960,pos,0 days 00:41:32.851000,0 days 01:37:09.459000
2024-05-19 13:44:49.625,OnTrack,-13775,-10285,967,pos,0 days 00:41:33.031000,0 days 01:37:09.639000
2024-05-19 13:44:50.065,OnTrack,-13549,-10241,977,pos,0 days 00:41:33.471000,0 days 01:37:10.079000
2024-05-19 13:44:50.405,OnTrack,-13440,-10221,981,pos,0 days 00:41:33.811000,0 days 01:37:10.419000
2024-05-19 13:44:50.605,OnTrack,-13328,-10201,986,pos,0 days 00:41:34.011000,0 days 01:37:10.619000
2024-05-19 13:44:50.765,OnTrack,-13237,-10185,988,pos,0 days 00:41:34.171000,0 days 01:37:10.779000
2024-05-19 13:44:51.045,OnTrack,-13071,-10156,994,pos,0 days 00:41:34.451000,0 days 01:37:11.059000
2024-05-19 13:44:51.325,OnTrack,-12899,-10128,1000,pos,0 days 00:41:34.731000,0 days 01:37:11.339000
2024-05-19 13:44:51.505,OnTrack,-12697,-10097,1006,pos,0 days 00:41:34.911000,0 days 01:37:11.519000
2024-05-19 13:44:51.925,OnTrack,-12516,-10070,1012,pos,0 days 00:41:35.331000,0 days 01:37:11.939000
2024-05-19 13:44:52.025,OnTrack,-12450,-10061,1015,pos,0 days 00:41:35.431000,0 days 01:37:12.039000
2024-05-19 13:44:52.365,OnTrack,-12222,-10029,1025,pos,0 days 00:41:35.771000,0 days 01:37:12.379000
2024-05-19 13:44:52.585,OnTrack,-12030,-10003,1037,pos,0 days 00:41:35.991000,0 days 01:37:12.599000
2024-05-19 13:44:52.885,OnTrack,-11862,-9981,1048,pos,0 days 00:41:36.291000,0 days 01:37:12.899000
2024-05-19 13:44:53.225,OnTrack,-11622,-9954,1064,pos,0 days 00:41:36.631000,0 days 01:37:13.239000
2024-05-19 13:44:53.424,OnTrack,-11377,-9931,1080,pos,0 days 00:41:36.830000,0 days 01:37:13.438000
2024-05-19 13:44:53.684,OnTrack,-11290,-9926,1085,pos,0 days 00:41:37.090000,0 days 01:37:13.698000
2024-05-19 13:44:53.925,OnTrack,-11115,-9919,1095,pos,0 days 00:41:37.331000,0 days 01:37:13.939000
2024-05-19 13:44:54.225,OnTrack,-10792,-9921,1113,pos,0 days 00:41:37.631000,0 days 01:37:14.239000
2024-05-19 13:44:54.505,OnTrack,-10689,-9925,1117,pos,0 days 00:41:37.911000,0 days 01:37:14.519000
2024-05-19 13:44:54.745,OnTrack,-10512,-9938,1122,pos,0 days 00:41:38.151000,0 days 01:37:14.759000
2024-05-19 13:44:55.045,OnTrack,-10187,-9973,1122,pos,0 days 00:41:38.451000,0 days 01:37:15.059000
2024-05-19 13:44:55.465,OnTrack,-9936,-10002,1120,pos,0 days 00:41:38.871000,0 days 01:37:15.479000
2024-05-19 13:44:55.785,OnTrack,-9745,-10024,1118,pos,0 days 00:41:39.191000,0 days 01:37:15.799000
2024-05-19 13:44:55.985,OnTrack,-9598,-10041,1117,pos,0 days 00:41:39.391000,0 days 01:37:15.999000
2024-05-19 13:44:56.185,OnTrack,-9457,-10056,1116,pos,0 days 00:41:39.591000,0 days 01:37:16.199000
2024-05-19 13:44:56.485,OnTrack,-9260,-10070,1115,pos,0 days 00:41:39.891000,0 days 01:37:16.499000
2024-05-19 13:44:56.665,OnTrack,-9105,-10067,1114,pos,0 days 00:41:40.071000,0 days 01:37:16.679000
2024-05-19 13:44:57.125,OnTrack,-8875,-10003,1114,pos,0 days 00:41:40.531000,0 days 01:37:17.139000
2024-05-19 13:44:57.565,OnTrack,-8681,-9856,1109,pos,0 days 00:41:40.971000,0 days 01:37:17.579000
2024-05-19 13:44:57.845,OnTrack,-8615,-9769,1106,pos,0 days 00:41:41.251000,0 days 01:37:17.859000
2024-05-19 13:44:58.125,OnTrack,-8510,-9577,1100,pos,0 days 00:41:41.531000,0 days 01:37:18.139000
2024-05-19 13:44:58.545,OnTrack,-8426,-9408,1095,pos,0 days 00:41:41.951000,0 days 01:37:18.559000
2024-05-19 13:44:58.745,OnTrack,-8349,-9230,1088,pos,0 days 00:41:42.151000,0 days 01:37:18.759000
2024-05-19 13:44:59.065,OnTrack,-8309,-9112,1084,pos,0 days 00:41:42.471000,0 days 01:37:19.079000
2024-05-19 13:44:59.385,OnTrack,-8251,-8836,1073,pos,0 days 00:41:42.791000,0 days 01:37:19.399000
2024-05-19 13:44:59.645,OnTrack,-8242,-8744,1068,pos,0 days 00:41:43.051000,0 days 01:37:19.659000
2024-05-19 13:44:59.884,OnTrack,-8237,-8583,1059,pos,0 days 00:41:43.290000,0 days 01:37:19.898000
2024-05-19 13:45:00.084,OnTrack,-8243,-8447,1050,pos,0 days 00:41:43.490000,0 days 01:37:20.098000
2024-05-19 13:45:00.264,OnTrack,-8254,-8322,1040,pos,0 days 00:41:43.670000,0 days 01:37:20.278000
2024-05-19 13:45:00.505,OnTrack,-8275,-8155,1024,pos,0 days 00:41:43.911000,0 days 01:37:20.519000
2024-05-19 13:45:00.685,OnTrack,-8296,-8030,1014,pos,0 days 00:41:44.091000,0 days 01:37:20.699000
2024-05-19 13:45:00.945,OnTrack,-8332,-7847,997,pos,0 days 00:41:44.351000,0 days 01:37:20.959000
2024-05-19 13:45:01.125,OnTrack,-8361,-7720,988,pos,0 days 00:41:44.531000,0 days 01:37:21.139000
2024-05-19 13:45:01.365,OnTrack,-8400,-7550,975,pos,0 days 00:41:44.771000,0 days 01:37:21.379000
2024-05-19 13:45:01.685,OnTrack,-8468,-7249,957,pos,0 days 00:41:45.091000,0 days 01:37:21.699000
2024-05-19 13:45:01.985,OnTrack,-8501,-7104,949,pos,0 days 00:41:45.391000,0 days 01:37:21.999000
2024-05-19 13:45:02.205,OnTrack,-8538,-6944,941,pos,0 days 00:41:45.611000,0 days 01:37:22.219000
2024-05-19 13:45:02.425,OnTrack,-8594,-6697,928,pos,0 days 00:41:45.831000,0 days 01:37:22.439000
2024-05-19 13:45:02.885,OnTrack,-8641,-6456,915,pos,0 days 00:41:46.291000,0 days 01:37:22.899000
2024-05-19 13:45:03.065,OnTrack,-8654,-6335,911,pos,0 days 00:41:46.471000,0 days 01:37:23.079000
2024-05-19 13:45:03.265,OnTrack,-8628,-6116,902,pos,0 days 00:41:46.671000,0 days 01:37:23.279000
2024-05-19 13:45:03.585,OnTrack,-8588,-5999,899,pos,0 days 00:41:46.991000,0 days 01:37:23.599000
2024-05-19 13:45:03.845,OnTrack,-8512,-5841,897,pos,0 days 00:41:47.251000,0 days 01:37:23.859000
2024-05-19 13:45:04.045,OnTrack,-8452,-5732,896,pos,0 days 00:41:47.451000,0 days 01:37:24.059000
2024-05-19 13:45:04.225,OnTrack,-8400,-5643,897,pos,0 days 00:41:47.631000,0 days 01:37:24.239000
2024-05-19 13:45:04.585,OnTrack,-8262,-5449,902,pos,0 days 00:41:47.991000,0 days 01:37:24.599000
2024-05-19 13:45:04.925,OnTrack,-8203,-5394,903,pos,0 days 00:41:48.331000,0 days 01:37:24.939000
2024-05-19 13:45:05.085,OnTrack,-8152,-5360,905,pos,0 days 00:41:48.491000,0 days 01:37:25.099000
2024-05-19 13:45:05.305,OnTrack,-8076,-5332,908,pos,0 days 00:41:48.711000,0 days 01:37:25.319000
2024-05-19 13:45:05.525,OnTrack,-7997,-5325,914,pos,0 days 00:41:48.931000,0 days 01:37:25.539000
2024-05-19 13:45:05.685,OnTrack,-7935,-5332,918,pos,0 days 00:41:49.091000,0 days 01:37:25.699000
2024-05-19 13:45:05.945,OnTrack,-7798,-5364,930,pos,0 days 00:41:49.351000,0 days 01:37:25.959000
2024-05-19 13:45:06.285,OnTrack,-7721,-5385,938,pos,0 days 00:41:49.691000,0 days 01:37:26.299000
2024-05-19 13:45:06.504,OnTrack,-7642,-5404,945,pos,0 days 00:41:49.910000,0 days 01:37:26.518000
2024-05-19 13:45:06.764,OnTrack,-7545,-5422,954,pos,0 days 00:41:50.170000,0 days 01:37:26.778000
2024-05-19 13:45:06.965,OnTrack,-7465,-5432,961,pos,0 days 00:41:50.371000,0 days 01:37:26.979000
2024-05-19 13:45:07.125,OnTrack,-7398,-5438,967,pos,0 days 00:41:50.531000,0 days 01:37:27.139000
2024-05-19 13:45:07.385,OnTrack,-7344,-5440,972,pos,0 days 00:41:50.791000,0 days 01:37:27.399000
2024-05-19 13:45:07.685,OnTrack,-7133,-5443,988,pos,0 days 00:41:51.091000,0 days 01:37:27.699000
2024-05-19 13:45:07.905,OnTrack,-7092,-5443,991,pos,0 days 00:41:51.311000,0 days 01:37:27.919000
2024-05-19 13:45:08.285,OnTrack,-6891,-5441,1005,pos,0 days 00:41:51.691000,0 days 01:37:28.299000
2024-05-19 13:45:08.325,OnTrack,-6869,-5441,1006,pos,0 days 00:41:51.731000,0 days 01:37:28.339000
2024-05-19 13:45:08.545,OnTrack,-6747,-5440,1013,pos,0 days 00:41:51.951000,0 days 01:37:28.559000
2024-05-19 13:45:08.765,OnTrack,-6621,-5439,1019,pos,0 days 00:41:52.171000,0 days 01:37:28.779000
2024-05-19 13:45:09.125,OnTrack,-6333,-5436,1030,pos,0 days 00:41:52.531000,0 days 01:37:29.139000
2024-05-19 13:45:09.525,OnTrack,-6112,-5434,1036,pos,0 days 00:41:52.931000,0 days 01:37:29.539000
2024-05-19 13:45:09.925,OnTrack,-5826,-5432,1044,pos,0 days 00:41:53.331000,0 days 01:37:29.939000
2024-05-19 13:45:10.225,OnTrack,-5705,-5431,1047,pos,0 days 00:41:53.631000,0 days 01:37:30.239000
2024-05-19 13:45:10.525,OnTrack,-5500,-5429,1053,pos,0 days 00:41:53.931000,0 days 01:37:30.539000
2024-05-19 13:45:10.725,OnTrack,-5359,-5427,1058,pos,0 days 00:41:54.131000,0 days 01:37:30.739000
2024-05-19 13:45:10.965,OnTrack,-5157,-5420,1064,pos,0 days 00:41:54.371000,0 days 01:37:30.979000
2024-05-19 13:45:11.285,OnTrack,-4954,-5404,1070,pos,0 days 00:41:54.691000,0 days 01:37:31.299000
2024-05-19 13:45:11.525,OnTrack,-4785,-5389,1074,pos,0 days 00:41:54.931000,0 days 01:37:31.539000
2024-05-19 13:45:11.765,OnTrack,-4615,-5373,1078,pos,0 days 00:41:55.171000,0 days 01:37:31.779000
2024-05-19 13:45:11.985,OnTrack,-4388,-5354,1082,pos,0 days 00:41:55.391000,0 days 01:37:31.999000
2024-05-19 13:45:12.405,OnTrack,-4160,-5335,1083,pos,0 days 00:41:55.811000,0 days 01:37:32.419000
2024-05-19 13:45:12.585,OnTrack,-3949,-5318,1085,pos,0 days 00:41:55.991000,0 days 01:37:32.599000
2024-05-19 13:45:12.865,OnTrack,-3844,-5309,1086,pos,0 days 00:41:56.271000,0 days 01:37:32.879000
2024-05-19 13:45:13.104,OnTrack,-3697,-5297,1087,pos,0 days 00:41:56.510000,0 days 01:37:33.118000
2024-05-19 13:45:13.264,OnTrack,-3607,-5290,1087,pos,0 days 00:41:56.670000,0 days 01:37:33.278000
2024-05-19 13:45:13.585,OnTrack,-3413,-5276,1088,pos,0 days 00:41:56.991000,0 days 01:37:33.599000
2024-05-19 13:45:14.025,OnTrack,-3221,-5279,1092,pos,0 days 00:41:57.431000,0 days 01:37:34.039000
2024-05-19 13:45:14.385,OnTrack,-3157,-5307,1093,pos,0 days 00:41:57.791000,0 days 01:37:34.399000
2024-05-19 13:45:14.505,OnTrack,-3124,-5332,1094,pos,0 days 00:41:57.911000,0 days 01:37:34.519000
2024-05-19 13:45:14.705,OnTrack,-3073,-5382,1096,pos,0 days 00:41:58.111000,0 days 01:37:34.719000
2024-05-19 13:45:14.965,OnTrack,-3011,-5449,1096,pos,0 days 00:41:58.371000,0 days 01:37:34.979000
2024-05-19 13:45:15.125,OnTrack,-2975,-5485,1096,pos,0 days 00:41:58.531000,0 days 01:37:35.139000
2024-05-19 13:45:15.305,OnTrack,-2932,-5518,1096,pos,0 days 00:41:58.711000,0 days 01:37:35.319000
2024-05-19 13:45:15.605,OnTrack,-2815,-5562,1095,pos,0 days 00:41:59.011000,0 days 01:37:35.619000
2024-05-19 13:45:16.045,OnTrack,-2693,-5548,1092,pos,0 days 00:41:59.451000,0 days 01:37:36.059000
2024-05-19 13:45:16.465,OnTrack,-2615,-5526,1090,pos,0 days 00:41:59.871000,0 days 01:37:36.479000
2024-05-19 13:45:16.725,OnTrack,-2501,-5485,1088,pos,0 days 00:42:00.131000,0 days 01:37:36.739000
2024-05-19 13:45:17.005,OnTrack,-2460,-5467,1087,pos,0 days 00:42:00.411000,0 days 01:37:37.019000
2024-05-19 13:45:17.185,OnTrack,-2404,-5443,1086,pos,0 days 00:42:00.591000,0 days 01:37:37.199000
2024-05-19 13:45:17.545,OnTrack,-2282,-5384,1083,pos,0 days 00:42:00.951000,0 days 01:37:37.559000
2024-05-19 13:45:17.745,OnTrack,-2210,-5347,1081,pos,0 days 00:42:01.151000,0 days 01:37:37.759000
2024-05-19 13:45:17.965,OnTrack,-2101,-5289,1079,pos,0 days 00:42:01.371000,0 days 01:37:37.979000
2024-05-19 13:45:18.265,OnTrack,-2000,-5236,1077,pos,0 days 00:42:01.671000,0 days 01:37:38.279000
2024-05-19 13:45:18.545,OnTrack,-1875,-5170,1074,pos,0 days 00:42:01.951000,0 days 01:37:38.559000
2024-05-19 13:45:18.745,OnTrack,-1780,-5120,1072,pos,0 days 00:42:02.151000,0 days 01:37:38.759000
2024-05-19 13:45:18.945,OnTrack,-1683,-5071,1070,pos,0 days 00:42:02.351000,0 days 01:37:38.959000
2024-05-19 13:45:19.185,OnTrack,-1503,-4984,1067,pos,0 days 00:42:02.591000,0 days 01:37:39.199000
2024-05-19 13:45:19.565,OnTrack,-1361,-4919,1064,pos,0 days 00:42:02.971000,0 days 01:37:39.579000
2024-05-19 13:45:19.724,OnTrack,-1271,-4878,1063,pos,0 days 00:42:03.130000,0 days 01:37:39.738000
2024-05-19 13:45:19.984,OnTrack,-1079,-4784,1059,pos,0 days 00:42:03.390000,0 days 01:37:39.998000
2024-05-19 13:45:20.465,OnTrack,-853,-4653,1054,pos,0 days 00:42:03.871000,0 days 01:37:40.479000
2024-05-19 13:45:20.565,OnTrack,-718,-4564,1050,pos,0 days 00:42:03.971000,0 days 01:37:40.579000
2024-05-19 13:45:21.045,OnTrack,-526,-4428,1044,pos,0 days 00:42:04.451000,0 days 01:37:41.059000
2024-05-19 13:45:21.225,OnTrack,-424,-4353,1041,pos,0 days 00:42:04.631000,0 days 01:37:41.239000
2024-05-19 13:45:21.365,OnTrack,-345,-4293,1039,pos,0 days 00:42:04.771000,0 days 01:37:41.379000
2024-05-19 13:45:21.605,OnTrack,-210,-4186,1034,pos,0 days 00:42:05.011000,0 days 01:37:41.619000
2024-05-19 13:45:21.845,OnTrack,-76,-4074,1031,pos,0 days 00:42:05.251000,0 days 01:37:41.859000
2024-05-19 13:45:22.085,OnTrack,53,-3955,1028,pos,0 days 00:42:05.491000,0 days 01:37:42.099000
2024-05-19 13:45:22.765,OnTrack,441,-3548,1015,pos,0 days 00:42:06.171000,0 days 01:37:42.779000
2024-05-19 13:45:22.965,OnTrack,584,-3388,1008,pos,0 days 00:42:06.371000,0 days 01:37:42.979000
2024-05-19 13:45:23.365,OnTrack,750,-3203,999,pos,0 days 00:42:06.771000,0 days 01:37:43.379000
2024-05-19 13:45:23.565,OnTrack,929,-3006,985,pos,0 days 00:42:06.971000,0 days 01:37:43.579000
2024-05-19 13:45:24.065,OnTrack,1163,-2747,966,pos,0 days 00:42:07.471000,0 days 01:37:44.079000
2024-05-19 13:45:24.425,OnTrack,1314,-2583,952,pos,0 days 00:42:07.831000,0 days 01:37:44.439000
2024-05-19 13:45:24.585,OnTrack,1403,-2492,944,pos,0 days 00:42:07.991000,0 days 01:37:44.599000
2024-05-19 13:45:24.765,OnTrack,1508,-2394,935,pos,0 days 00:42:08.171000,0 days 01:37:44.779000
2024-05-19 13:45:25.045,OnTrack,1708,-2244,919,pos,0 days 00:42:08.451000,0 days 01:37:45.059000
2024-05-19 13:45:25.225,OnTrack,1834,-2170,908,pos,0 days 00:42:08.631000,0 days 01:37:45.239000
2024-05-19 13:45:25.405,OnTrack,1970,-2107,898,pos,0 days 00:42:08.811000,0 days 01:37:45.419000
2024-05-19 13:45:25.565,OnTrack,2094,-2055,888,pos,0 days 00:42:08.971000,0 days 01:37:45.579000
2024-05-19 13:45:25.885,OnTrack,2334,-1960,869,pos,0 days 00:42:09.291000,0 days 01:37:45.899000
2024-05-19 13:45:26.145,OnTrack,2595,-1854,850,pos,0 days 00:42:09.551000,0 days 01:37:46.159000
2024-05-19 13:45:26.404,OnTrack,2675,-1821,844,pos,0 days 00:42:09.810000,0 days 01:37:46.418000
2024-05-19 13:45:26.685,OnTrack,2819,-1762,834,pos,0 days 00:42:10.091000,0 days 01:37:46.699000
2024-05-19 13:45:26.945,OnTrack,2933,-1712,827,pos,0 days 00:42:10.351000,0 days 01:37:46.959000
2024-05-19 13:45:27.145,OnTrack,3008,-1672,821,pos,0 days 00:42:10.551000,0 days 01:37:47.159000
2024-05-19 13:45:27.325,OnTrack,3064,-1633,818,pos,0 days 00:42:10.731000,0 days 01:37:47.339000
2024-05-19 13:45:27.525,OnTrack,3114,-1582,814,pos,0 days 00:42:10.931000,0 days 01:37:47.539000
2024-05-19 13:45:27.725,OnTrack,3152,-1525,811,pos,0 days 00:42:11.131000,0 days 01:37:47.739000
2024-05-19 13:45:27.925,OnTrack,3177,-1461,808,pos,0 days 00:42:11.331000,0 days 01:37:47.939000
2024-05-19 13:45:28.105,OnTrack,3188,-1401,806,pos,0 days 00:42:11.511000,0 days 01:37:48.119000
2024-05-19 13:45:28.445,OnTrack,3178,-1251,800,pos,0 days 00:42:11.851000,0 days 01:37:48.459000
2024-05-19 13:45:28.685,OnTrack,3170,-1213,799,pos,0 days 00:42:12.091000,0 days 01:37:48.699000
2024-05-19 13:45:28.985,OnTrack,3128,-1071,796,pos,0 days 00:42:12.391000,0 days 01:37:48.999000
2024-05-19 13:45:29.405,OnTrack,3095,-976,794,pos,0 days 00:42:12.811000,0 days 01:37:49.419000
2024-05-19 13:45:29.585,OnTrack,3072,-912,793,pos,0 days 00:42:12.991000,0 days 01:37:49.599000
2024-05-19 13:45:29.845,OnTrack,3021,-793,792,pos,0 days 00:42:13.251000,0 days 01:37:49.859000
2024-05-19 13:45:30.105,OnTrack,2982,-715,791,pos,0 days 00:42:13.511000,0 days 01:37:50.119000
2024-05-19 13:45:30.425,OnTrack,2876,-550,789,pos,0 days 00:42:13.831000,0 days 01:37:50.439000
2024-05-19 13:45:30.725,OnTrack,2824,-495,789,pos,0 days 00:42:14.131000,0 days 01:37:50.739000
2024-05-19 13:45:31.025,OnTrack,2673,-402,787,pos,0 days 00:42:14.431000,0 days 01:37:51.039000
2024-05-19 13:45:31.345,OnTrack,2605,-380,787,pos,0 days 00:42:14.751000,0 days 01:37:51.359000
2024-05-19 13:45:31.565,OnTrack,2521,-365,786,pos,0 days 00:42:14.971000,0 days 01:37:51.579000
2024-05-19 13:45:31.765,OnTrack,2445,-359,786,pos,0 days 00:42:15.171000,0 days 01:37:51.779000
2024-05-19 13:45:32.045,OnTrack,2284,-371,785,pos,0 days 00:42:15.451000,0 days 01:37:52.059000
2024-05-19 13:45:32.565,OnTrack,2118,-420,783,pos,0 days 00:42:15.971000,0 days 01:37:52.579000
2024-05-19 13:45:32.864,OnTrack,2012,-466,782,pos,0 days 00:42:16.270000,0 days 01:37:52.878000
2024-05-19 13:45:33.024,OnTrack,1945,-498,781,pos,0 days 00:42:16.430000,0 days 01:37:53.038000
2024-05-19 13:45:33.265,OnTrack,1840,-547,780,pos,0 days 00:42:16.671000,0 days 01:37:53.279000
2024-05-19 13:45:33.545,OnTrack,1738,-593,779,pos,0 days 00:42:16.951000,0 days 01:37:53.559000
2024-05-19 13:45:33.645,OnTrack,1690,-615,779,pos,0 days 00:42:17.051000,0 days 01:37:53.659000
2024-05-19 13:45:33.925,OnTrack,1498,-702,778,pos,0 days 00:42:17.331000,0 days 01:37:53.939000
2024-05-19 13:45:34.385,OnTrack,1307,-789,778,pos,0 days 00:42:17.791000,0 days 01:37:54.399000
2024-05-19 13:45:34.625,OnTrack,1128,-870,778,pos,0 days 00:42:18.031000,0 days 01:37:54.639000
2024-05-19 13:45:34.945,OnTrack,920,-963,779,pos,0 days 00:42:18.351000,0 days 01:37:54.959000
2024-05-19 13:45:35.265,OnTrack,801,-1015,779,pos,0 days 00:42:18.671000,0 days 01:37:55.279000
2024-05-19 13:45:35.585,OnTrack,602,-1098,780,pos,0 days 00:42:18.991000,0 days 01:37:55.599000
2024-05-19 13:45:35.685,OnTrack,539,-1125,780,pos,0 days 00:42:19.091000,0 days 01:37:55.699000
2024-05-19 13:45:36.025,OnTrack,270,-1238,781,pos,0 days 00:42:19.431000,0 days 01:37:56.039000
2024-05-19 13:45:36.445,OnTrack,-18,-1359,781,pos,0 days 00:42:19.851000,0 days 01:37:56.459000
2024-05-19 13:45:36.825,OnTrack,-304,-1465,782,pos,0 days 00:42:20.231000,0 days 01:37:56.839000
2024-05-19 13:45:37.125,OnTrack,-417,-1498,782,pos,0 days 00:42:20.531000,0 days 01:37:57.139000
2024-05-19 13:45:37.425,OnTrack,-635,-1549,783,pos,0 days 00:42:20.831000,0 days 01:37:57.439000
2024-05-19 13:45:37.565,OnTrack,-738,-1565,783,pos,0 days 00:42:20.971000,0 days 01:37:57.579000
2024-05-19 13:45:37.745,OnTrack,-876,-1578,783,pos,0 days 00:42:21.151000,0 days 01:37:57.759000
2024-05-19 13:45:38.025,OnTrack,-1093,-1589,784,pos,0 days 00:42:21.431000,0 days 01:37:58.039000
2024-05-19 13:45:38.305,OnTrack,-1359,-1596,785,pos,0 days 00:42:21.711000,0 days 01:37:58.319000
2024-05-19 13:45:38.605,OnTrack,-1547,-1608,786,pos,0 days 00:42:22.011000,0 days 01:37:58.619000
2024-05-19 13:45:38.765,OnTrack,-1673,-1615,786,pos,0 days 00:42:22.171000,0 days 01:37:58.779000
2024-05-19 13:45:39.005,OnTrack,-1863,-1626,787,pos,0 days 00:42:22.411000,0 days 01:37:59.019000
2024-05-19 13:45:39.245,OnTrack,-2055,-1636,788,pos,0 days 00:42:22.651000,0 days 01:37:59.259000
2024-05-19 13:45:39.524,OnTrack,-2280,-1649,789,pos,0 days 00:42:22.930000,0 days 01:37:59.538000
2024-05-19 13:45:39.704,OnTrack,-2425,-1657,790,pos,0 days 00:42:23.110000,0 days 01:37:59.718000
2024-05-19 13:45:39.945,OnTrack,-2668,-1669,791,pos,0 days 00:42:23.351000,0 days 01:37:59.959000
2024-05-19 13:45:40.285,OnTrack,-2980,-1678,792,pos,0 days 00:42:23.691000,0 days 01:38:00.299000
2024-05-19 13:45:40.625,OnTrack,-3177,-1686,793,pos,0 days 00:42:24.031000,0 days 01:38:00.639000
2024-05-19 13:45:40.925,OnTrack,-3424,-1694,794,pos,0 days 00:42:24.331000,0 days 01:38:00.939000
2024-05-19 13:45:41.185,OnTrack,-3656,-1694,795,pos,0 days 00:42:24.591000,0 days 01:38:01.199000
2024-05-19 13:45:41.605,OnTrack,-4037,-1655,797,pos,0 days 00:42:25.011000,0 days 01:38:01.619000
2024-05-19 13:45:41.945,OnTrack,-4270,-1610,798,pos,0 days 00:42:25.351000,0 days 01:38:01.959000
2024-05-19 13:45:42.185,OnTrack,-4469,-1565,799,pos,0 days 00:42:25.591000,0 days 01:38:02.199000
2024-05-19 13:45:42.365,OnTrack,-4618,-1530,800,pos,0 days 00:42:25.771000,0 days 01:38:02.379000
2024-05-19 13:45:42.565,OnTrack,-4783,-1489,801,pos,0 days 00:42:25.971000,0 days 01:38:02.579000
2024-05-19 13:45:42.745,OnTrack,-4931,-1453,803,pos,0 days 00:42:26.151000,0 days 01:38:02.759000
2024-05-19 13:45:42.945,OnTrack,-5212,-1384,805,pos,0 days 00:42:26.351000,0 days 01:38:02.959000
2024-05-19 13:45:43.445,OnTrack,-5580,-1303,808,pos,0 days 00:42:26.851000,0 days 01:38:03.459000
2024-05-19 13:45:43.745,OnTrack,-5780,-1270,810,pos,0 days 00:42:27.151000,0 days 01:38:03.759000
2024-05-19 13:45:44.725,OnTrack,-6626,-1230,815,pos,0 days 00:42:28.131000,0 days 01:38:04.739000
2024-05-19 13:45:44.905,OnTrack,-6782,-1231,816,pos,0 days 00:42:28.311000,0 days 01:38:04.919000
2024-05-19 13:45:45.105,OnTrack,-6955,-1234,817,pos,0 days 00:42:28.511000,0 days 01:38:05.119000
2024-05-19 13:45:45.265,OnTrack,-7094,-1239,817,pos,0 days 00:42:28.671000,0 days 01:38:05.279000
2024-05-19 13:45:45.625,OnTrack,-7407,-1259,818,pos,0 days 00:42:29.031000,0 days 01:38:05.639000
2024-05-19 13:45:45.865,OnTrack,-7615,-1278,819,pos,0 days 00:42:29.271000,0 days 01:38:05.879000
2024-05-19 13:45:45.924,OnTrack,-7667,-1284,818,pos,0 days 00:42:29.330000,0 days 01:38:05.938000
2024-05-19 13:45:46.104,OnTrack,-7823,-1301,818,pos,0 days 00:42:29.510000,0 days 01:38:06.118000
2024-05-19 13:45:46.304,OnTrack,-8070,-1331,818,pos,0 days 00:42:29.710000,0 days 01:38:06.318000
2024-05-19 13:45:46.585,OnTrack,-8312,-1363,819,pos,0 days 00:42:29.991000,0 days 01:38:06.599000
2024-05-19 13:45:46.865,OnTrack,-8555,-1397,819,pos,0 days 00:42:30.271000,0 days 01:38:06.879000
2024-05-19 13:45:46.965,OnTrack,-8642,-1409,819,pos,0 days 00:42:30.371000,0 days 01:38:06.979000
2024-05-19 13:45:47.265,OnTrack,-8903,-1446,819,pos,0 days 00:42:30.671000,0 days 01:38:07.279000
2024-05-19 13:45:47.465,OnTrack,-9178,-1492,819,pos,0 days 00:42:30.871000,0 days 01:38:07.479000
2024-05-19 13:45:47.845,OnTrack,-9389,-1542,819,pos,0 days 00:42:31.251000,0 days 01:38:07.859000
2024-05-19 13:45:48.065,OnTrack,-9639,-1619,819,pos,0 days 00:42:31.471000,0 days 01:38:08.079000
2024-05-19 13:45:48.445,OnTrack,-9806,-1672,818,pos,0 days 00:42:31.851000,0 days 01:38:08.459000
2024-05-19 13:45:48.765,OnTrack,-10007,-1735,819,pos,0 days 00:42:32.171000,0 days 01:38:08.779000
2024-05-19 13:45:49.165,OnTrack,-10214,-1807,818,pos,0 days 00:42:32.571000,0 days 01:38:09.179000
2024-05-19 13:45:49.445,OnTrack,-10282,-1851,818,pos,0 days 00:42:32.851000,0 days 01:38:09.459000
2024-05-19 13:45:49.765,OnTrack,-10361,-1956,818,pos,0 days 00:42:33.171000,0 days 01:38:09.779000
2024-05-19 13:45:50.025,OnTrack,-10406,-2090,819,pos,0 days 00:42:33.431000,0 days 01:38:10.039000
2024-05-19 13:45:50.245,OnTrack,-10425,-2159,819,pos,0 days 00:42:33.651000,0 days 01:38:10.259000
2024-05-19 13:45:50.545,OnTrack,-10469,-2280,819,pos,0 days 00:42:33.951000,0 days 01:38:10.559000
2024-05-19 13:45:50.765,OnTrack,-10550,-2406,818,pos,0 days 00:42:34.171000,0 days 01:38:10.779000
2024-05-19 13:45:51.225,OnTrack,-10671,-2515,818,pos,0 days 00:42:34.631000,0 days 01:38:11.239000
2024-05-19 13:45:51.465,OnTrack,-10820,-2612,820,pos,0 days 00:42:34.871000,0 days 01:38:11.479000
2024-05-19 13:45:51.765,OnTrack,-10898,-2658,820,pos,0 days 00:42:35.171000,0 days 01:38:11.779000
2024-05-19 13:45:52.065,OnTrack,-11031,-2735,821,pos,0 days 00:42:35.471000,0 days 01:38:12.079000
2024-05-19 13:45:52.145,OnTrack,-11068,-2756,822,pos,0 days 00:42:35.551000,0 days 01:38:12.159000
2024-05-19 13:45:52.325,OnTrack,-11152,-2805,822,pos,0 days 00:42:35.731000,0 days 01:38:12.339000
2024-05-19 13:45:52.544,OnTrack,-11258,-2868,823,pos,0 days 00:42:35.950000,0 days 01:38:12.558000
2024-05-19 13:45:52.884,OnTrack,-11424,-2974,824,pos,0 days 00:42:36.290000,0 days 01:38:12.898000
2024-05-19 13:45:53.105,OnTrack,-11579,-3104,825,pos,0 days 00:42:36.511000,0 days 01:38:13.119000
2024-05-19 13:45:53.525,OnTrack,-11712,-3283,825,pos,0 days 00:42:36.931000,0 days 01:38:13.539000
2024-05-19 13:45:53.865,OnTrack,-11781,-3425,826,pos,0 days 00:42:37.271000,0 days 01:38:13.879000
2024-05-19 13:45:54.085,OnTrack,-11835,-3559,827,pos,0 days 00:42:37.491000,0 days 01:38:14.099000
2024-05-19 13:45:54.325,OnTrack,-11911,-3760,828,pos,0 days 00:42:37.731000,0 days 01:38:14.339000
2024-05-19 13:45:54.665,OnTrack,-11972,-3925,828,pos,0 days 00:42:38.071000,0 days 01:38:14.679000
2024-05-19 13:45:54.865,OnTrack,-12021,-4056,828,pos,0 days 00:42:38.271000,0 days 01:38:14.879000
2024-05-19 13:45:55.105,OnTrack,-12081,-4213,829,pos,0 days 00:42:38.511000,0 days 01:38:15.119000
2024-05-19 13:45:55.345,OnTrack,-12141,-4375,830,pos,0 days 00:42:38.751000,0 days 01:38:15.359000
2024-05-19 13:45:55.605,OnTrack,-12244,-4647,830,pos,0 days 00:42:39.011000,0 days 01:38:15.619000
2024-05-19 13:45:55.885,OnTrack,-12280,-4745,831,pos,0 days 00:42:39.291000,0 days 01:38:15.899000
2024-05-19 13:45:56.065,OnTrack,-12327,-4869,831,pos,0 days 00:42:39.471000,0 days 01:38:16.079000
2024-05-19 13:45:56.325,OnTrack,-12396,-5053,831,pos,0 days 00:42:39.731000,0 days 01:38:16.339000
2024-05-19 13:45:56.645,OnTrack,-12520,-5383,832,pos,0 days 00:42:40.051000,0 days 01:38:16.659000
2024-05-19 13:45:56.965,OnTrack,-12568,-5513,833,pos,0 days 00:42:40.371000,0 days 01:38:16.979000
2024-05-19 13:45:57.205,OnTrack,-12634,-5687,833,pos,0 days 00:42:40.611000,0 days 01:38:17.219000
2024-05-19 13:45:57.385,OnTrack,-12683,-5818,833,pos,0 days 00:42:40.791000,0 days 01:38:17.399000
2024-05-19 13:45:57.585,OnTrack,-12738,-5964,834,pos,0 days 00:42:40.991000,0 days 01:38:17.599000
2024-05-19 13:45:57.905,OnTrack,-12834,-6211,834,pos,0 days 00:42:41.311000,0 days 01:38:17.919000
2024-05-19 13:45:58.225,OnTrack,-12924,-6427,835,pos,0 days 00:42:41.631000,0 days 01:38:18.239000
2024-05-19 13:45:58.405,OnTrack,-12979,-6556,835,pos,0 days 00:42:41.811000,0 days 01:38:18.419000
2024-05-19 13:45:58.685,OnTrack,-13089,-6823,836,pos,0 days 00:42:42.091000,0 days 01:38:18.699000
2024-05-19 13:45:59.805,OnTrack,-13112,-7537,840,pos,0 days 00:42:43.211000,0 days 01:38:19.819000
2024-05-19 13:46:00.105,OnTrack,-13084,-7652,841,pos,0 days 00:42:43.511000,0 days 01:38:20.119000
2024-05-19 13:46:00.305,OnTrack,-13058,-7759,842,pos,0 days 00:42:43.711000,0 days 01:38:20.319000
2024-05-19 13:46:00.565,OnTrack,-13032,-7889,843,pos,0 days 00:42:43.971000,0 days 01:38:20.579000
2024-05-19 13:46:00.785,OnTrack,-13023,-7991,843,pos,0 days 00:42:44.191000,0 days 01:38:20.799000
2024-05-19 13:46:00.965,OnTrack,-13046,-8117,844,pos,0 days 00:42:44.371000,0 days 01:38:20.979000
2024-05-19 13:46:01.345,OnTrack,-13105,-8215,846,pos,0 days 00:42:44.751000,0 days 01:38:21.359000
2024-05-19 13:46:01.505,OnTrack,-13158,-8271,847,pos,0 days 00:42:44.911000,0 days 01:38:21.519000
2024-05-19 13:46:01.785,OnTrack,-13292,-8389,848,pos,0 days 00:42:45.191000,0 days 01:38:21.799000
2024-05-19 13:46:02.105,OnTrack,-13382,-8465,849,pos,0 days 00:42:45.511000,0 days 01:38:22.119000
2024-05-19 13:46:02.325,OnTrack,-13467,-8537,850,pos,0 days 00:42:45.731000,0 days 01:38:22.339000
2024-05-19 13:46:02.605,OnTrack,-13621,-8668,852,pos,0 days 00:42:46.011000,0 days 01:38:22.619000
2024-05-19 13:46:02.925,OnTrack,-13714,-8747,854,pos,0 days 00:42:46.331000,0 days 01:38:22.939000
2024-05-19 13:46:03.165,OnTrack,-13807,-8825,855,pos,0 days 00:42:46.571000,0 days 01:38:23.179000
2024-05-19 13:46:03.365,OnTrack,-13890,-8894,857,pos,0 days 00:42:46.771000,0 days 01:38:23.379000
2024-05-19 13:46:03.565,OnTrack,-13981,-8973,859,pos,0 days 00:42:46.971000,0 days 01:38:23.579000
2024-05-19 13:46:03.845,OnTrack,-14150,-9135,864,pos,0 days 00:42:47.251000,0 days 01:38:23.859000
2024-05-19 13:46:04.125,OnTrack,-14239,-9222,868,pos,0 days 00:42:47.531000,0 days 01:38:24.139000
2024-05-19 13:46:04.305,OnTrack,-14318,-9302,872,pos,0 days 00:42:47.711000,0 days 01:38:24.319000
2024-05-19 13:46:04.545,OnTrack,-14426,-9408,877,pos,0 days 00:42:47.951000,0 days 01:38:24.559000
2024-05-19 13:46:04.725,OnTrack,-14506,-9485,881,pos,0 days 00:42:48.131000,0 days 01:38:24.739000
2024-05-19 13:46:04.965,OnTrack,-14608,-9579,885,pos,0 days 00:42:48.371000,0 days 01:38:24.979000
2024-05-19 13:46:05.125,OnTrack,-14668,-9637,887,pos,0 days 00:42:48.531000,0 days 01:38:25.139000
2024-05-19 13:46:05.505,OnTrack,-14799,-9778,894,pos,0 days 00:42:48.911000,0 days 01:38:25.519000
2024-05-19 13:46:05.744,OnTrack,-14846,-9842,897,pos,0 days 00:42:49.150000,0 days 01:38:25.758000
2024-05-19 13:46:06.105,OnTrack,-14900,-9957,901,pos,0 days 00:42:49.511000,0 days 01:38:26.119000
2024-05-19 13:46:06.245,OnTrack,-14911,-10002,902,pos,0 days 00:42:49.651000,0 days 01:38:26.259000
2024-05-19 13:46:06.505,OnTrack,-14912,-10107,906,pos,0 days 00:42:49.911000,0 days 01:38:26.519000
2024-05-19 13:46:06.885,OnTrack,-14864,-10225,913,pos,0 days 00:42:50.291000,0 days 01:38:26.899000
2024-05-19 13:46:07.345,OnTrack,-14804,-10291,918,pos,0 days 00:42:50.751000,0 days 01:38:27.359000
2024-05-19 13:46:07.465,OnTrack,-14778,-10311,920,pos,0 days 00:42:50.871000,0 days 01:38:27.479000
2024-05-19 13:46:07.645,OnTrack,-14738,-10337,921,pos,0 days 00:42:51.051000,0 days 01:38:27.659000
2024-05-19 13:46:07.845,OnTrack,-14689,-10360,924,pos,0 days 00:42:51.251000,0 days 01:38:27.859000
2024-05-19 13:46:08.085,OnTrack,-14626,-10379,927,pos,0 days 00:42:51.491000,0 days 01:38:28.099000
2024-05-19 13:46:08.285,OnTrack,-14570,-10389,930,pos,0 days 00:42:51.691000,0 days 01:38:28.299000
2024-05-19 13:46:08.465,OnTrack,-14518,-10394,933,pos,0 days 00:42:51.871000,0 days 01:38:28.479000
2024-05-19 13:46:08.705,OnTrack,-14446,-10395,937,pos,0 days 00:42:52.111000,0 days 01:38:28.719000
2024-05-19 13:46:08.945,OnTrack,-14370,-10391,940,pos,0 days 00:42:52.351000,0 days 01:38:28.959000
2024-05-19 13:46:09.245,OnTrack,-14266,-10378,945,pos,0 days 00:42:52.651000,0 days 01:38:29.259000
2024-05-19 13:46:09.585,OnTrack,-14167,-10363,949,pos,0 days 00:42:52.991000,0 days 01:38:29.599000
2024-05-19 13:46:10.625,OnTrack,-13694,-10269,971,pos,0 days 00:42:54.031000,0 days 01:38:30.639000
2024-05-19 13:46:10.845,OnTrack,-13578,-10246,976,pos,0 days 00:42:54.251000,0 days 01:38:30.859000
2024-05-19 13:46:11.165,OnTrack,-13404,-10214,982,pos,0 days 00:42:54.571000,0 days 01:38:31.179000
2024-05-19 13:46:11.385,OnTrack,-13278,-10192,987,pos,0 days 00:42:54.791000,0 days 01:38:31.399000
2024-05-19 13:46:11.485,OnTrack,-13220,-10182,989,pos,0 days 00:42:54.891000,0 days 01:38:31.499000
2024-05-19 13:46:11.765,OnTrack,-13053,-10152,995,pos,0 days 00:42:55.171000,0 days 01:38:31.779000
2024-05-19 13:46:12.005,OnTrack,-12905,-10129,1000,pos,0 days 00:42:55.411000,0 days 01:38:32.019000
2024-05-19 13:46:12.205,OnTrack,-12728,-10102,1005,pos,0 days 00:42:55.611000,0 days 01:38:32.219000
2024-05-19 13:46:12.645,OnTrack,-12441,-10059,1015,pos,0 days 00:42:56.051000,0 days 01:38:32.659000
2024-05-19 13:46:13.065,OnTrack,-12211,-10027,1026,pos,0 days 00:42:56.471000,0 days 01:38:33.079000
2024-05-19 13:46:13.225,OnTrack,-12102,-10012,1032,pos,0 days 00:42:56.631000,0 days 01:38:33.239000
2024-05-19 13:46:13.505,OnTrack,-11904,-9986,1047,pos,0 days 00:42:56.911000,0 days 01:38:33.519000
2024-05-19 13:46:13.645,OnTrack,-11785,-9971,1054,pos,0 days 00:42:57.051000,0 days 01:38:33.659000
2024-05-19 13:46:13.885,OnTrack,-11614,-9953,1065,pos,0 days 00:42:57.291000,0 days 01:38:33.899000
2024-05-19 13:46:14.065,OnTrack,-11485,-9940,1073,pos,0 days 00:42:57.471000,0 days 01:38:34.079000
2024-05-19 13:46:14.345,OnTrack,-11253,-9924,1087,pos,0 days 00:42:57.751000,0 days 01:38:34.359000
2024-05-19 13:46:14.725,OnTrack,-11005,-9918,1102,pos,0 days 00:42:58.131000,0 days 01:38:34.739000
2024-05-19 13:46:14.905,OnTrack,-10873,-9919,1110,pos,0 days 00:42:58.311000,0 days 01:38:34.919000
2024-05-19 13:46:15.125,OnTrack,-10712,-9924,1117,pos,0 days 00:42:58.531000,0 days 01:38:35.139000
2024-05-19 13:46:15.365,OnTrack,-10505,-9939,1122,pos,0 days 00:42:58.771000,0 days 01:38:35.379000
2024-05-19 13:46:15.645,OnTrack,-10328,-9957,1122,pos,0 days 00:42:59.051000,0 days 01:38:35.659000
2024-05-19 13:46:15.945,OnTrack,-10107,-9982,1121,pos,0 days 00:42:59.351000,0 days 01:38:35.959000
2024-05-19 13:46:16.185,OnTrack,-9856,-10012,1119,pos,0 days 00:42:59.591000,0 days 01:38:36.199000
2024-05-19 13:46:16.425,OnTrack,-9753,-10023,1118,pos,0 days 00:42:59.831000,0 days 01:38:36.439000
2024-05-19 13:46:16.645,OnTrack,-9591,-10042,1117,pos,0 days 00:43:00.051000,0 days 01:38:36.659000
2024-05-19 13:46:16.905,OnTrack,-9401,-10061,1115,pos,0 days 00:43:00.311000,0 days 01:38:36.919000
2024-05-19 13:46:17.085,OnTrack,-9282,-10069,1115,pos,0 days 00:43:00.491000,0 days 01:38:37.099000
2024-05-19 13:46:17.285,OnTrack,-9189,-10070,1114,pos,0 days 00:43:00.691000,0 days 01:38:37.299000
2024-05-19 13:46:17.545,OnTrack,-9043,-10058,1114,pos,0 days 00:43:00.951000,0 days 01:38:37.559000
2024-05-19 13:46:17.825,OnTrack,-8897,-10013,1114,pos,0 days 00:43:01.231000,0 days 01:38:37.839000
2024-05-19 13:46:18.005,OnTrack,-8812,-9968,1113,pos,0 days 00:43:01.411000,0 days 01:38:38.019000
2024-05-19 13:46:18.205,OnTrack,-8677,-9851,1109,pos,0 days 00:43:01.611000,0 days 01:38:38.219000
2024-05-19 13:46:18.585,OnTrack,-8601,-9746,1105,pos,0 days 00:43:01.991000,0 days 01:38:38.599000
2024-05-19 13:46:18.705,OnTrack,-8567,-9687,1103,pos,0 days 00:43:02.111000,0 days 01:38:38.719000
2024-05-19 13:46:19.004,OnTrack,-8488,-9534,1099,pos,0 days 00:43:02.410000,0 days 01:38:39.018000
2024-05-19 13:46:19.225,OnTrack,-8401,-9354,1092,pos,0 days 00:43:02.631000,0 days 01:38:39.239000
2024-05-19 13:46:19.605,OnTrack,-8341,-9208,1088,pos,0 days 00:43:03.011000,0 days 01:38:39.619000
2024-05-19 13:46:19.805,OnTrack,-8302,-9090,1083,pos,0 days 00:43:03.211000,0 days 01:38:39.819000
2024-05-19 13:46:20.005,OnTrack,-8272,-8967,1079,pos,0 days 00:43:03.411000,0 days 01:38:40.019000
2024-05-19 13:46:20.185,OnTrack,-8253,-8852,1074,pos,0 days 00:43:03.591000,0 days 01:38:40.199000
2024-05-19 13:46:20.445,OnTrack,-8238,-8681,1065,pos,0 days 00:43:03.851000,0 days 01:38:40.459000
2024-05-19 13:46:20.625,OnTrack,-8237,-8560,1058,pos,0 days 00:43:04.031000,0 days 01:38:40.639000
2024-05-19 13:46:20.965,OnTrack,-8259,-8277,1037,pos,0 days 00:43:04.371000,0 days 01:38:40.979000
2024-05-19 13:46:21.345,OnTrack,-8292,-8055,1015,pos,0 days 00:43:04.751000,0 days 01:38:41.359000
2024-05-19 13:46:21.685,OnTrack,-8332,-7847,997,pos,0 days 00:43:05.091000,0 days 01:38:41.699000
2024-05-19 13:46:21.885,OnTrack,-8364,-7706,986,pos,0 days 00:43:05.291000,0 days 01:38:41.899000
2024-05-19 13:46:22.045,OnTrack,-8390,-7593,978,pos,0 days 00:43:05.451000,0 days 01:38:42.059000
2024-05-19 13:46:22.225,OnTrack,-8419,-7465,969,pos,0 days 00:43:05.631000,0 days 01:38:42.239000
2024-05-19 13:46:22.565,OnTrack,-8475,-7221,955,pos,0 days 00:43:05.971000,0 days 01:38:42.579000
2024-05-19 13:46:22.785,OnTrack,-8524,-7004,944,pos,0 days 00:43:06.191000,0 days 01:38:42.799000
2024-05-19 13:46:23.165,OnTrack,-8587,-6728,930,pos,0 days 00:43:06.571000,0 days 01:38:43.179000
2024-05-19 13:46:23.525,OnTrack,-8629,-6529,920,pos,0 days 00:43:06.931000,0 days 01:38:43.539000
2024-05-19 13:46:23.765,OnTrack,-8651,-6376,912,pos,0 days 00:43:07.171000,0 days 01:38:43.779000
2024-05-19 13:46:24.045,OnTrack,-8641,-6170,903,pos,0 days 00:43:07.451000,0 days 01:38:44.059000
2024-05-19 13:46:24.425,OnTrack,-8567,-5953,898,pos,0 days 00:43:07.831000,0 days 01:38:44.439000
2024-05-19 13:46:24.685,OnTrack,-8493,-5805,897,pos,0 days 00:43:08.091000,0 days 01:38:44.699000
2024-05-19 13:46:24.765,OnTrack,-8470,-5764,896,pos,0 days 00:43:08.171000,0 days 01:38:44.779000
2024-05-19 13:46:24.965,OnTrack,-8415,-5670,897,pos,0 days 00:43:08.371000,0 days 01:38:44.979000
2024-05-19 13:46:25.185,OnTrack,-8359,-5577,898,pos,0 days 00:43:08.591000,0 days 01:38:45.199000
2024-05-19 13:46:25.424,OnTrack,-8296,-5490,900,pos,0 days 00:43:08.830000,0 days 01:38:45.438000
2024-05-19 13:46:25.624,OnTrack,-8242,-5429,902,pos,0 days 00:43:09.030000,0 days 01:38:45.638000
2024-05-19 13:46:25.764,OnTrack,-8203,-5394,903,pos,0 days 00:43:09.170000,0 days 01:38:45.778000
2024-05-19 13:46:26.125,OnTrack,-8090,-5336,908,pos,0 days 00:43:09.531000,0 days 01:38:46.139000
2024-05-19 13:46:26.285,OnTrack,-8034,-5326,910,pos,0 days 00:43:09.691000,0 days 01:38:46.299000
2024-05-19 13:46:26.525,OnTrack,-7948,-5330,918,pos,0 days 00:43:09.931000,0 days 01:38:46.539000
2024-05-19 13:46:26.625,OnTrack,-7912,-5336,921,pos,0 days 00:43:10.031000,0 days 01:38:46.639000
2024-05-19 13:46:26.865,OnTrack,-7827,-5356,927,pos,0 days 00:43:10.271000,0 days 01:38:46.879000
2024-05-19 13:46:27.125,OnTrack,-7685,-5395,941,pos,0 days 00:43:10.531000,0 days 01:38:47.139000
2024-05-19 13:46:27.525,OnTrack,-7556,-5420,953,pos,0 days 00:43:10.931000,0 days 01:38:47.539000
2024-05-19 13:46:27.965,OnTrack,-7404,-5437,967,pos,0 days 00:43:11.371000,0 days 01:38:47.979000
2024-05-19 13:46:28.205,OnTrack,-7227,-5443,982,pos,0 days 00:43:11.611000,0 days 01:38:48.219000
2024-05-19 13:46:28.425,OnTrack,-7188,-5443,985,pos,0 days 00:43:11.831000,0 days 01:38:48.439000
2024-05-19 13:46:28.785,OnTrack,-7004,-5442,998,pos,0 days 00:43:12.191000,0 days 01:38:48.799000
2024-05-19 13:46:28.925,OnTrack,-6853,-5441,1007,pos,0 days 00:43:12.331000,0 days 01:38:48.939000
2024-05-19 13:46:29.405,OnTrack,-6626,-5439,1019,pos,0 days 00:43:12.811000,0 days 01:38:49.419000
2024-05-19 13:46:29.825,OnTrack,-6411,-5437,1028,pos,0 days 00:43:13.231000,0 days 01:38:49.839000
2024-05-19 13:46:29.925,OnTrack,-6350,-5436,1030,pos,0 days 00:43:13.331000,0 days 01:38:49.939000
2024-05-19 13:46:30.105,OnTrack,-6238,-5435,1033,pos,0 days 00:43:13.511000,0 days 01:38:50.119000
2024-05-19 13:46:30.445,OnTrack,-6020,-5434,1039,pos,0 days 00:43:13.851000,0 days 01:38:50.459000
2024-05-19 13:46:30.625,OnTrack,-5903,-5433,1042,pos,0 days 00:43:14.031000,0 days 01:38:50.639000
2024-05-19 13:46:30.805,OnTrack,-5784,-5432,1045,pos,0 days 00:43:14.211000,0 days 01:38:50.819000
2024-05-19 13:46:30.985,OnTrack,-5664,-5431,1049,pos,0 days 00:43:14.391000,0 days 01:38:50.999000
2024-05-19 13:46:31.225,OnTrack,-5403,-5428,1056,pos,0 days 00:43:14.631000,0 days 01:38:51.239000
2024-05-19 13:46:31.625,OnTrack,-5114,-5417,1065,pos,0 days 00:43:15.031000,0 days 01:38:51.639000
2024-05-19 13:46:32.064,OnTrack,-4902,-5399,1071,pos,0 days 00:43:15.470000,0 days 01:38:52.078000
2024-05-19 13:46:32.304,OnTrack,-4647,-5376,1077,pos,0 days 00:43:15.710000,0 days 01:38:52.318000
2024-05-19 13:46:32.665,OnTrack,-4476,-5361,1081,pos,0 days 00:43:16.071000,0 days 01:38:52.679000
2024-05-19 13:46:32.905,OnTrack,-4203,-5339,1083,pos,0 days 00:43:16.311000,0 days 01:38:52.919000
2024-05-19 13:46:33.305,OnTrack,-3921,-5315,1085,pos,0 days 00:43:16.711000,0 days 01:38:53.319000
2024-05-19 13:46:33.685,OnTrack,-3759,-5302,1087,pos,0 days 00:43:17.091000,0 days 01:38:53.699000
2024-05-19 13:46:33.865,OnTrack,-3654,-5294,1087,pos,0 days 00:43:17.271000,0 days 01:38:53.879000
2024-05-19 13:46:34.245,OnTrack,-3436,-5278,1088,pos,0 days 00:43:17.651000,0 days 01:38:54.259000
2024-05-19 13:46:34.565,OnTrack,-3327,-5273,1090,pos,0 days 00:43:17.971000,0 days 01:38:54.579000
2024-05-19 13:46:34.745,OnTrack,-3268,-5274,1091,pos,0 days 00:43:18.151000,0 days 01:38:54.759000
2024-05-19 13:46:34.925,OnTrack,-3212,-5282,1092,pos,0 days 00:43:18.331000,0 days 01:38:54.939000
2024-05-19 13:46:35.105,OnTrack,-3160,-5305,1093,pos,0 days 00:43:18.511000,0 days 01:38:55.119000
2024-05-19 13:46:35.345,OnTrack,-3097,-5357,1096,pos,0 days 00:43:18.751000,0 days 01:38:55.359000
2024-05-19 13:46:35.605,OnTrack,-3037,-5422,1096,pos,0 days 00:43:19.011000,0 days 01:38:55.619000
2024-05-19 13:46:35.885,OnTrack,-2974,-5486,1096,pos,0 days 00:43:19.291000,0 days 01:38:55.899000
2024-05-19 13:46:35.945,OnTrack,-2960,-5497,1096,pos,0 days 00:43:19.351000,0 days 01:38:55.959000
2024-05-19 13:46:36.265,OnTrack,-2866,-5550,1096,pos,0 days 00:43:19.671000,0 days 01:38:56.279000
2024-05-19 13:46:36.545,OnTrack,-2806,-5563,1095,pos,0 days 00:43:19.951000,0 days 01:38:56.559000
2024-05-19 13:46:36.785,OnTrack,-2741,-5558,1093,pos,0 days 00:43:20.191000,0 days 01:38:56.799000
2024-05-19 13:46:36.925,OnTrack,-2702,-5550,1093,pos,0 days 00:43:20.331000,0 days 01:38:56.939000
2024-05-19 13:46:37.285,OnTrack,-2569,-5510,1089,pos,0 days 00:43:20.691000,0 days 01:38:57.299000
2024-05-19 13:46:37.565,OnTrack,-2523,-5493,1088,pos,0 days 00:43:20.971000,0 days 01:38:57.579000
2024-05-19 13:46:37.785,OnTrack,-2458,-5467,1087,pos,0 days 00:43:21.191000,0 days 01:38:57.799000
2024-05-19 13:46:38.145,OnTrack,-2346,-5416,1085,pos,0 days 00:43:21.551000,0 days 01:38:58.159000
2024-05-19 13:46:38.345,OnTrack,-2242,-5363,1082,pos,0 days 00:43:21.751000,0 days 01:38:58.359000
2024-05-19 13:46:38.604,OnTrack,-2182,-5332,1080,pos,0 days 00:43:22.010000,0 days 01:38:58.618000
2024-05-19 13:46:38.824,OnTrack,-2097,-5287,1079,pos,0 days 00:43:22.230000,0 days 01:38:58.838000
2024-05-19 13:46:39.005,OnTrack,-2026,-5249,1077,pos,0 days 00:43:22.411000,0 days 01:38:59.019000
2024-05-19 13:46:39.285,OnTrack,-1902,-5184,1074,pos,0 days 00:43:22.691000,0 days 01:38:59.299000
2024-05-19 13:46:39.485,OnTrack,-1809,-5135,1073,pos,0 days 00:43:22.891000,0 days 01:38:59.499000
2024-05-19 13:46:39.785,OnTrack,-1591,-5026,1068,pos,0 days 00:43:23.191000,0 days 01:38:59.799000
2024-05-19 13:46:40.045,OnTrack,-1512,-4988,1067,pos,0 days 00:43:23.451000,0 days 01:39:00.059000
2024-05-19 13:46:40.325,OnTrack,-1359,-4919,1064,pos,0 days 00:43:23.731000,0 days 01:39:00.339000
2024-05-19 13:46:40.565,OnTrack,-1225,-4857,1062,pos,0 days 00:43:23.971000,0 days 01:39:00.579000
2024-05-19 13:46:40.805,OnTrack,-1089,-4790,1059,pos,0 days 00:43:24.211000,0 days 01:39:00.819000
2024-05-19 13:46:40.965,OnTrack,-999,-4741,1057,pos,0 days 00:43:24.371000,0 days 01:39:00.979000
2024-05-19 13:46:41.185,OnTrack,-875,-4667,1054,pos,0 days 00:43:24.591000,0 days 01:39:01.199000
2024-05-19 13:46:41.425,OnTrack,-683,-4540,1049,pos,0 days 00:43:24.831000,0 days 01:39:01.439000
2024-05-19 13:46:41.785,OnTrack,-536,-4436,1044,pos,0 days 00:43:25.191000,0 days 01:39:01.799000
2024-05-19 13:46:42.025,OnTrack,-400,-4335,1040,pos,0 days 00:43:25.431000,0 days 01:39:02.039000
2024-05-19 13:46:42.245,OnTrack,-275,-4239,1037,pos,0 days 00:43:25.651000,0 days 01:39:02.259000
2024-05-19 13:46:42.425,OnTrack,-107,-4100,1032,pos,0 days 00:43:25.831000,0 days 01:39:02.439000
2024-05-19 13:46:42.805,OnTrack,34,-3973,1028,pos,0 days 00:43:26.211000,0 days 01:39:02.819000
2024-05-19 13:46:43.065,OnTrack,205,-3803,1024,pos,0 days 00:43:26.471000,0 days 01:39:03.079000
2024-05-19 13:46:43.265,OnTrack,370,-3625,1018,pos,0 days 00:43:26.671000,0 days 01:39:03.279000
2024-05-19 13:46:43.565,OnTrack,463,-3523,1015,pos,0 days 00:43:26.971000,0 days 01:39:03.579000
2024-05-19 13:46:43.785,OnTrack,577,-3396,1008,pos,0 days 00:43:27.191000,0 days 01:39:03.799000
2024-05-19 13:46:44.005,OnTrack,692,-3269,1002,pos,0 days 00:43:27.411000,0 days 01:39:04.019000
2024-05-19 13:46:44.285,OnTrack,839,-3105,992,pos,0 days 00:43:27.691000,0 days 01:39:04.299000
2024-05-19 13:46:44.585,OnTrack,1042,-2881,976,pos,0 days 00:43:27.991000,0 days 01:39:04.599000
2024-05-19 13:46:44.945,OnTrack,1193,-2714,963,pos,0 days 00:43:28.351000,0 days 01:39:04.959000
2024-05-19 13:46:45.125,OnTrack,1291,-2607,954,pos,0 days 00:43:28.531000,0 days 01:39:05.139000
2024-05-19 13:46:45.344,OnTrack,1485,-2415,937,pos,0 days 00:43:28.750000,0 days 01:39:05.358000
2024-05-19 13:46:45.685,OnTrack,1747,-2219,915,pos,0 days 00:43:29.091000,0 days 01:39:05.699000
2024-05-19 13:46:46.145,OnTrack,1973,-2105,898,pos,0 days 00:43:29.551000,0 days 01:39:06.159000
2024-05-19 13:46:46.285,OnTrack,2082,-2061,889,pos,0 days 00:43:29.691000,0 days 01:39:06.299000
2024-05-19 13:46:46.545,OnTrack,2279,-1982,875,pos,0 days 00:43:29.951000,0 days 01:39:06.559000
2024-05-19 13:46:46.805,OnTrack,2528,-1881,855,pos,0 days 00:43:30.211000,0 days 01:39:06.819000
2024-05-19 13:46:47.105,OnTrack,2649,-1832,845,pos,0 days 00:43:30.511000,0 days 01:39:07.119000
2024-05-19 13:46:47.305,OnTrack,2757,-1787,838,pos,0 days 00:43:30.711000,0 days 01:39:07.319000
2024-05-19 13:46:47.505,OnTrack,2855,-1747,831,pos,0 days 00:43:30.911000,0 days 01:39:07.519000
2024-05-19 13:46:47.825,OnTrack,2987,-1684,823,pos,0 days 00:43:31.231000,0 days 01:39:07.839000
2024-05-19 13:46:48.005,OnTrack,3084,-1615,816,pos,0 days 00:43:31.411000,0 days 01:39:08.019000
2024-05-19 13:46:48.345,OnTrack,3131,-1560,813,pos,0 days 00:43:31.751000,0 days 01:39:08.359000
2024-05-19 13:46:48.585,OnTrack,3181,-1445,808,pos,0 days 00:43:31.991000,0 days 01:39:08.599000
2024-05-19 13:46:48.925,OnTrack,3190,-1381,805,pos,0 days 00:43:32.331000,0 days 01:39:08.939000
2024-05-19 13:46:49.185,OnTrack,3186,-1297,802,pos,0 days 00:43:32.591000,0 days 01:39:09.199000
2024-05-19 13:46:49.385,OnTrack,3175,-1234,800,pos,0 days 00:43:32.791000,0 days 01:39:09.399000
2024-05-19 13:46:49.665,OnTrack,3151,-1145,797,pos,0 days 00:43:33.071000,0 days 01:39:09.679000
2024-05-19 13:46:49.825,OnTrack,3135,-1093,796,pos,0 days 00:43:33.231000,0 days 01:39:09.839000
2024-05-19 13:46:50.025,OnTrack,3113,-1026,795,pos,0 days 00:43:33.431000,0 days 01:39:10.039000
2024-05-19 13:46:50.285,OnTrack,3067,-899,793,pos,0 days 00:43:33.691000,0 days 01:39:10.299000
2024-05-19 13:46:50.725,OnTrack,2999,-748,792,pos,0 days 00:43:34.131000,0 days 01:39:10.739000
2024-05-19 13:46:51.045,OnTrack,2943,-645,791,pos,0 days 00:43:34.451000,0 days 01:39:11.059000
2024-05-19 13:46:51.365,OnTrack,2859,-531,789,pos,0 days 00:43:34.771000,0 days 01:39:11.379000
2024-05-19 13:46:51.545,OnTrack,2766,-450,788,pos,0 days 00:43:34.951000,0 days 01:39:11.559000
2024-05-19 13:46:51.904,OnTrack,2680,-405,787,pos,0 days 00:43:35.310000,0 days 01:39:11.918000
2024-05-19 13:46:52.084,OnTrack,2612,-382,787,pos,0 days 00:43:35.490000,0 days 01:39:12.098000
2024-05-19 13:46:52.285,OnTrack,2537,-367,786,pos,0 days 00:43:35.691000,0 days 01:39:12.299000
2024-05-19 13:46:52.485,OnTrack,2461,-360,786,pos,0 days 00:43:35.891000,0 days 01:39:12.499000
2024-05-19 13:46:52.805,OnTrack,2337,-364,786,pos,0 days 00:43:36.211000,0 days 01:39:12.819000
2024-05-19 13:46:52.965,OnTrack,2274,-373,785,pos,0 days 00:43:36.371000,0 days 01:39:12.979000
2024-05-19 13:46:53.145,OnTrack,2203,-391,784,pos,0 days 00:43:36.551000,0 days 01:39:13.159000
2024-05-19 13:46:53.345,OnTrack,2122,-418,783,pos,0 days 00:43:36.751000,0 days 01:39:13.359000
2024-05-19 13:46:53.525,OnTrack,2049,-449,782,pos,0 days 00:43:36.931000,0 days 01:39:13.539000
2024-05-19 13:46:53.905,OnTrack,1888,-525,781,pos,0 days 00:43:37.311000,0 days 01:39:13.919000
2024-05-19 13:46:54.105,OnTrack,1801,-565,780,pos,0 days 00:43:37.511000,0 days 01:39:14.119000
2024-05-19 13:46:54.365,OnTrack,1696,-613,779,pos,0 days 00:43:37.771000,0 days 01:39:14.379000
2024-05-19 13:46:54.605,OnTrack,1576,-667,778,pos,0 days 00:43:38.011000,0 days 01:39:14.619000
2024-05-19 13:46:54.825,OnTrack,1462,-719,778,pos,0 days 00:43:38.231000,0 days 01:39:14.839000
2024-05-19 13:46:55.065,OnTrack,1334,-777,778,pos,0 days 00:43:38.471000,0 days 01:39:15.079000
2024-05-19 13:46:55.345,OnTrack,1179,-847,778,pos,0 days 00:43:38.751000,0 days 01:39:15.359000
2024-05-19 13:46:55.505,OnTrack,1088,-888,778,pos,0 days 00:43:38.911000,0 days 01:39:15.519000
2024-05-19 13:46:55.705,OnTrack,890,-977,779,pos,0 days 00:43:39.111000,0 days 01:39:15.719000
2024-05-19 13:46:56.065,OnTrack,757,-1034,779,pos,0 days 00:43:39.471000,0 days 01:39:16.079000
2024-05-19 13:46:56.345,OnTrack,533,-1127,780,pos,0 days 00:43:39.751000,0 days 01:39:16.359000
2024-05-19 13:46:56.625,OnTrack,406,-1180,780,pos,0 days 00:43:40.031000,0 days 01:39:16.639000
2024-05-19 13:46:56.885,OnTrack,238,-1251,781,pos,0 days 00:43:40.291000,0 days 01:39:16.899000
2024-05-19 13:46:57.145,OnTrack,-25,-1362,781,pos,0 days 00:43:40.551000,0 days 01:39:17.159000
2024-05-19 13:46:57.585,OnTrack,-284,-1458,782,pos,0 days 00:43:40.991000,0 days 01:39:17.599000
2024-05-19 13:46:58.005,OnTrack,-615,-1545,783,pos,0 days 00:43:41.411000,0 days 01:39:18.019000
2024-05-19 13:46:58.444,OnTrack,-956,-1583,784,pos,0 days 00:43:41.850000,0 days 01:39:18.458000
2024-05-19 13:46:58.705,OnTrack,-1110,-1590,784,pos,0 days 00:43:42.111000,0 days 01:39:18.719000
2024-05-19 13:46:59.005,OnTrack,-1345,-1595,785,pos,0 days 00:43:42.411000,0 days 01:39:19.019000
2024-05-19 13:46:59.305,OnTrack,-1580,-1610,786,pos,0 days 00:43:42.711000,0 days 01:39:19.319000
2024-05-19 13:46:59.425,OnTrack,-1675,-1615,786,pos,0 days 00:43:42.831000,0 days 01:39:19.439000
2024-05-19 13:46:59.585,OnTrack,-1802,-1622,787,pos,0 days 00:43:42.991000,0 days 01:39:19.599000
2024-05-19 13:46:59.925,OnTrack,-2106,-1639,788,pos,0 days 00:43:43.331000,0 days 01:39:19.939000
2024-05-19 13:47:00.165,OnTrack,-2267,-1648,789,pos,0 days 00:43:43.571000,0 days 01:39:20.179000
2024-05-19 13:47:00.485,OnTrack,-2591,-1666,790,pos,0 days 00:43:43.891000,0 days 01:39:20.499000
2024-05-19 13:47:00.805,OnTrack,-2787,-1673,791,pos,0 days 00:43:44.211000,0 days 01:39:20.819000
2024-05-19 13:47:01.105,OnTrack,-3132,-1684,793,pos,0 days 00:43:44.511000,0 days 01:39:21.119000
2024-05-19 13:47:01.565,OnTrack,-3480,-1695,794,pos,0 days 00:43:44.971000,0 days 01:39:21.579000
2024-05-19 13:47:01.885,OnTrack,-3761,-1688,795,pos,0 days 00:43:45.291000,0 days 01:39:21.899000
2024-05-19 13:47:02.265,OnTrack,-3994,-1662,797,pos,0 days 00:43:45.671000,0 days 01:39:22.279000
2024-05-19 13:47:02.465,OnTrack,-4162,-1632,797,pos,0 days 00:43:45.871000,0 days 01:39:22.479000
2024-05-19 13:47:02.685,OnTrack,-4345,-1594,798,pos,0 days 00:43:46.091000,0 days 01:39:22.699000
2024-05-19 13:47:02.865,OnTrack,-4494,-1559,799,pos,0 days 00:43:46.271000,0 days 01:39:22.879000
2024-05-19 13:47:03.025,OnTrack,-4627,-1527,800,pos,0 days 00:43:46.431000,0 days 01:39:23.039000
2024-05-19 13:47:03.305,OnTrack,-4859,-1470,802,pos,0 days 00:43:46.711000,0 days 01:39:23.319000
2024-05-19 13:47:03.445,OnTrack,-4975,-1442,803,pos,0 days 00:43:46.851000,0 days 01:39:23.459000
2024-05-19 13:47:03.765,OnTrack,-5242,-1377,805,pos,0 days 00:43:47.171000,0 days 01:39:23.779000
2024-05-19 13:47:04.025,OnTrack,-5578,-1304,808,pos,0 days 00:43:47.431000,0 days 01:39:24.039000
2024-05-19 13:47:04.325,OnTrack,-5738,-1276,810,pos,0 days 00:43:47.731000,0 days 01:39:24.339000
2024-05-19 13:47:04.505,OnTrack,-5892,-1257,811,pos,0 days 00:43:47.911000,0 days 01:39:24.519000
2024-05-19 13:47:04.865,OnTrack,-6237,-1234,814,pos,0 days 00:43:48.271000,0 days 01:39:24.879000
2024-05-19 13:47:05.224,OnTrack,-6515,-1230,814,pos,0 days 00:43:48.630000,0 days 01:39:25.238000
2024-05-19 13:47:05.405,OnTrack,-6671,-1230,816,pos,0 days 00:43:48.811000,0 days 01:39:25.419000
2024-05-19 13:47:05.665,OnTrack,-6897,-1233,816,pos,0 days 00:43:49.071000,0 days 01:39:25.679000
2024-05-19 13:47:05.865,OnTrack,-7141,-1241,817,pos,0 days 00:43:49.271000,0 days 01:39:25.879000
2024-05-19 13:47:06.225,OnTrack,-7489,-1266,818,pos,0 days 00:43:49.631000,0 days 01:39:26.239000
2024-05-19 13:47:06.645,OnTrack,-7750,-1293,818,pos,0 days 00:43:50.051000,0 days 01:39:26.659000
2024-05-19 13:47:06.805,OnTrack,-7889,-1309,818,pos,0 days 00:43:50.211000,0 days 01:39:26.819000
2024-05-19 13:47:07.145,OnTrack,-8254,-1356,819,pos,0 days 00:43:50.551000,0 days 01:39:27.159000
2024-05-19 13:47:07.485,OnTrack,-8498,-1389,819,pos,0 days 00:43:50.891000,0 days 01:39:27.499000
2024-05-19 13:47:07.725,OnTrack,-8811,-1432,819,pos,0 days 00:43:51.131000,0 days 01:39:27.739000
2024-05-19 13:47:07.985,OnTrack,-8933,-1450,819,pos,0 days 00:43:51.391000,0 days 01:39:27.999000
2024-05-19 13:47:08.285,OnTrack,-9191,-1494,819,pos,0 days 00:43:51.691000,0 days 01:39:28.299000
2024-05-19 13:47:08.545,OnTrack,-9404,-1547,819,pos,0 days 00:43:51.951000,0 days 01:39:28.559000
2024-05-19 13:47:08.625,OnTrack,-9468,-1566,819,pos,0 days 00:43:52.031000,0 days 01:39:28.639000
2024-05-19 13:47:08.925,OnTrack,-9751,-1655,819,pos,0 days 00:43:52.331000,0 days 01:39:28.939000
2024-05-19 13:47:09.305,OnTrack,-9914,-1706,819,pos,0 days 00:43:52.711000,0 days 01:39:29.319000
2024-05-19 13:47:09.525,OnTrack,-10029,-1742,819,pos,0 days 00:43:52.931000,0 days 01:39:29.539000
2024-05-19 13:47:09.665,OnTrack,-10099,-1763,818,pos,0 days 00:43:53.071000,0 days 01:39:29.679000
2024-05-19 13:47:10.005,OnTrack,-10272,-1843,818,pos,0 days 00:43:53.411000,0 days 01:39:30.019000
2024-05-19 13:47:10.325,OnTrack,-10331,-1905,818,pos,0 days 00:43:53.731000,0 days 01:39:30.339000
2024-05-19 13:47:10.605,OnTrack,-10382,-2009,818,pos,0 days 00:43:54.011000,0 days 01:39:30.619000
2024-05-19 13:47:10.845,OnTrack,-10411,-2108,819,pos,0 days 00:43:54.251000,0 days 01:39:30.859000
2024-05-19 13:47:11.025,OnTrack,-10431,-2181,819,pos,0 days 00:43:54.431000,0 days 01:39:31.039000
2024-05-19 13:47:11.245,OnTrack,-10462,-2267,819,pos,0 days 00:43:54.651000,0 days 01:39:31.259000
2024-05-19 13:47:11.445,OnTrack,-10533,-2386,818,pos,0 days 00:43:54.851000,0 days 01:39:31.459000
2024-05-19 13:47:11.804,OnTrack,-10609,-2465,818,pos,0 days 00:43:55.210000,0 days 01:39:31.818000
2024-05-19 13:47:12.005,OnTrack,-10683,-2524,819,pos,0 days 00:43:55.411000,0 days 01:39:32.019000
2024-05-19 13:47:12.205,OnTrack,-10764,-2578,819,pos,0 days 00:43:55.611000,0 days 01:39:32.219000
2024-05-19 13:47:12.505,OnTrack,-10889,-2653,820,pos,0 days 00:43:55.911000,0 days 01:39:32.519000
2024-05-19 13:47:12.645,OnTrack,-10950,-2688,821,pos,0 days 00:43:56.051000,0 days 01:39:32.659000
2024-05-19 13:47:12.885,OnTrack,-11056,-2750,822,pos,0 days 00:43:56.291000,0 days 01:39:32.899000
2024-05-19 13:47:13.165,OnTrack,-11243,-2859,823,pos,0 days 00:43:56.571000,0 days 01:39:33.179000
2024-05-19 13:47:13.485,OnTrack,-11339,-2918,824,pos,0 days 00:43:56.891000,0 days 01:39:33.499000
2024-05-19 13:47:13.685,OnTrack,-11436,-2983,824,pos,0 days 00:43:57.091000,0 days 01:39:33.699000
2024-05-19 13:47:14.005,OnTrack,-11581,-3106,825,pos,0 days 00:43:57.411000,0 days 01:39:34.019000
2024-05-19 13:47:14.205,OnTrack,-11659,-3200,825,pos,0 days 00:43:57.611000,0 days 01:39:34.219000
2024-05-19 13:47:14.405,OnTrack,-11743,-3342,826,pos,0 days 00:43:57.811000,0 days 01:39:34.419000
2024-05-19 13:47:14.805,OnTrack,-11855,-3610,827,pos,0 days 00:43:58.211000,0 days 01:39:34.819000
2024-05-19 13:47:15.045,OnTrack,-11887,-3697,827,pos,0 days 00:43:58.451000,0 days 01:39:35.059000
2024-05-19 13:47:15.345,OnTrack,-11958,-3886,828,pos,0 days 00:43:58.751000,0 days 01:39:35.359000
2024-05-19 13:47:15.505,OnTrack,-11997,-3989,828,pos,0 days 00:43:58.911000,0 days 01:39:35.519000
2024-05-19 13:47:15.825,OnTrack,-12100,-4265,829,pos,0 days 00:43:59.231000,0 days 01:39:35.839000
2024-05-19 13:47:16.205,OnTrack,-12201,-4534,830,pos,0 days 00:43:59.611000,0 days 01:39:36.219000
2024-05-19 13:47:16.625,OnTrack,-12279,-4741,831,pos,0 days 00:44:00.031000,0 days 01:39:36.639000
2024-05-19 13:47:16.745,OnTrack,-12310,-4824,831,pos,0 days 00:44:00.151000,0 days 01:39:36.759000
2024-05-19 13:47:17.105,OnTrack,-12405,-5077,832,pos,0 days 00:44:00.511000,0 days 01:39:37.119000
2024-05-19 13:47:17.265,OnTrack,-12448,-5191,832,pos,0 days 00:44:00.671000,0 days 01:39:37.279000
2024-05-19 13:47:17.445,OnTrack,-12497,-5320,832,pos,0 days 00:44:00.851000,0 days 01:39:37.459000
2024-05-19 13:47:17.605,OnTrack,-12539,-5435,832,pos,0 days 00:44:01.011000,0 days 01:39:37.619000
2024-05-19 13:47:17.785,OnTrack,-12588,-5565,833,pos,0 days 00:44:01.191000,0 days 01:39:37.799000
2024-05-19 13:47:18.025,OnTrack,-12654,-5739,833,pos,0 days 00:44:01.431000,0 days 01:39:38.039000
2024-05-19 13:47:18.264,OnTrack,-12758,-6015,834,pos,0 days 00:44:01.670000,0 days 01:39:38.278000
2024-05-19 13:47:18.585,OnTrack,-12809,-6146,834,pos,0 days 00:44:01.991000,0 days 01:39:38.599000
2024-05-19 13:47:18.925,OnTrack,-12946,-6479,835,pos,0 days 00:44:02.331000,0 days 01:39:38.939000
2024-05-19 13:47:19.345,OnTrack,-13060,-6750,836,pos,0 days 00:44:02.751000,0 days 01:39:39.359000
2024-05-19 13:47:19.745,OnTrack,-13136,-6966,837,pos,0 days 00:44:03.151000,0 days 01:39:39.759000
2024-05-19 13:47:19.825,OnTrack,-13148,-7018,837,pos,0 days 00:44:03.231000,0 days 01:39:39.839000
2024-05-19 13:47:20.205,OnTrack,-13160,-7264,838,pos,0 days 00:44:03.611000,0 days 01:39:40.219000
2024-05-19 13:47:20.405,OnTrack,-13136,-7427,840,pos,0 days 00:44:03.811000,0 days 01:39:40.419000
2024-05-19 13:47:20.745,OnTrack,-13098,-7593,841,pos,0 days 00:44:04.151000,0 days 01:39:40.759000
2024-05-19 13:47:21.045,OnTrack,-13045,-7818,842,pos,0 days 00:44:04.451000,0 days 01:39:41.059000
2024-05-19 13:47:21.305,OnTrack,-13032,-7885,843,pos,0 days 00:44:04.711000,0 days 01:39:41.319000
2024-05-19 13:47:21.605,OnTrack,-13025,-8020,844,pos,0 days 00:44:05.011000,0 days 01:39:41.619000
2024-05-19 13:47:21.845,OnTrack,-13061,-8149,845,pos,0 days 00:44:05.251000,0 days 01:39:41.859000
2024-05-19 13:47:22.225,OnTrack,-13168,-8280,847,pos,0 days 00:44:05.631000,0 days 01:39:42.239000
2024-05-19 13:47:22.565,OnTrack,-13304,-8399,848,pos,0 days 00:44:05.971000,0 days 01:39:42.579000
2024-05-19 13:47:22.905,OnTrack,-13370,-8455,849,pos,0 days 00:44:06.311000,0 days 01:39:42.919000
2024-05-19 13:47:23.265,OnTrack,-13520,-8582,851,pos,0 days 00:44:06.671000,0 days 01:39:43.279000
2024-05-19 13:47:23.525,OnTrack,-13585,-8637,852,pos,0 days 00:44:06.931000,0 days 01:39:43.539000
2024-05-19 13:47:23.725,OnTrack,-13660,-8701,853,pos,0 days 00:44:07.131000,0 days 01:39:43.739000
2024-05-19 13:47:23.985,OnTrack,-13762,-8788,854,pos,0 days 00:44:07.391000,0 days 01:39:43.999000
2024-05-19 13:47:24.165,OnTrack,-13830,-8844,856,pos,0 days 00:44:07.571000,0 days 01:39:44.179000
2024-05-19 13:47:24.425,OnTrack,-13940,-8937,858,pos,0 days 00:44:07.831000,0 days 01:39:44.439000
2024-05-19 13:47:24.605,OnTrack,-14018,-9007,860,pos,0 days 00:44:08.011000,0 days 01:39:44.619000
2024-05-19 13:47:24.844,OnTrack,-14120,-9105,863,pos,0 days 00:44:08.250000,0 days 01:39:44.858000
2024-05-19 13:47:25.025,OnTrack,-14196,-9180,866,pos,0 days 00:44:08.431000,0 days 01:39:45.039000
2024-05-19 13:47:25.245,OnTrack,-14290,-9274,870,pos,0 days 00:44:08.651000,0 days 01:39:45.259000
2024-05-19 13:47:25.525,OnTrack,-14412,-9394,876,pos,0 days 00:44:08.931000,0 days 01:39:45.539000
2024-05-19 13:47:25.685,OnTrack,-14481,-9462,879,pos,0 days 00:44:09.091000,0 days 01:39:45.699000
2024-05-19 13:47:25.945,OnTrack,-14645,-9614,886,pos,0 days 00:44:09.351000,0 days 01:39:45.959000
2024-05-19 13:47:26.285,OnTrack,-14714,-9683,890,pos,0 days 00:44:09.691000,0 days 01:39:46.299000
2024-05-19 13:47:26.545,OnTrack,-14811,-9792,894,pos,0 days 00:44:09.951000,0 days 01:39:46.559000
2024-05-19 13:47:26.825,OnTrack,-14853,-9854,897,pos,0 days 00:44:10.231000,0 days 01:39:46.839000
2024-05-19 13:47:27.085,OnTrack,-14893,-9936,900,pos,0 days 00:44:10.491000,0 days 01:39:47.099000
2024-05-19 13:47:27.365,OnTrack,-14913,-10022,903,pos,0 days 00:44:10.771000,0 days 01:39:47.379000
2024-05-19 13:47:27.525,OnTrack,-14915,-10070,905,pos,0 days 00:44:10.931000,0 days 01:39:47.539000
2024-05-19 13:47:27.865,OnTrack,-14896,-10165,910,pos,0 days 00:44:11.271000,0 days 01:39:47.879000
2024-05-19 13:47:27.885,OnTrack,-14894,-10170,909,pos,0 days 00:44:11.291000,0 days 01:39:47.899000
2024-05-19 13:47:28.165,OnTrack,-14856,-10236,914,pos,0 days 00:44:11.571000,0 days 01:39:48.179000
2024-05-19 13:47:28.445,OnTrack,-14785,-10305,919,pos,0 days 00:44:11.851000,0 days 01:39:48.459000
2024-05-19 13:47:28.825,OnTrack,-14724,-10344,922,pos,0 days 00:44:12.231000,0 days 01:39:48.839000
2024-05-19 13:47:29.005,OnTrack,-14681,-10363,924,pos,0 days 00:44:12.411000,0 days 01:39:49.019000
2024-05-19 13:47:29.285,OnTrack,-14608,-10383,928,pos,0 days 00:44:12.691000,0 days 01:39:49.299000
2024-05-19 13:47:29.505,OnTrack,-14535,-10393,932,pos,0 days 00:44:12.911000,0 days 01:39:49.519000
2024-05-19 13:47:29.805,OnTrack,-14457,-10395,936,pos,0 days 00:44:13.211000,0 days 01:39:49.819000
2024-05-19 13:47:30.085,OnTrack,-14368,-10391,940,pos,0 days 00:44:13.491000,0 days 01:39:50.099000
2024-05-19 13:47:30.285,OnTrack,-14279,-10380,945,pos,0 days 00:44:13.691000,0 days 01:39:50.299000
2024-05-19 13:47:30.605,OnTrack,-14185,-10366,949,pos,0 days 00:44:14.011000,0 days 01:39:50.619000
2024-05-19 13:47:30.825,OnTrack,-14102,-10351,952,pos,0 days 00:44:14.231000,0 days 01:39:50.839000
2024-05-19 13:47:31.065,OnTrack,-14002,-10332,957,pos,0 days 00:44:14.471000,0 days 01:39:51.079000
2024-05-19 13:47:31.364,OnTrack,-13829,-10296,965,pos,0 days 00:44:14.770000,0 days 01:39:51.378000
2024-05-19 13:47:31.645,OnTrack,-13733,-10277,969,pos,0 days 00:44:15.051000,0 days 01:39:51.659000
2024-05-19 13:47:31.865,OnTrack,-13621,-10254,973,pos,0 days 00:44:15.271000,0 days 01:39:51.879000
2024-05-19 13:47:32.105,OnTrack,-13494,-10230,979,pos,0 days 00:44:15.511000,0 days 01:39:52.119000
2024-05-19 13:47:32.305,OnTrack,-13317,-10199,986,pos,0 days 00:44:15.711000,0 days 01:39:52.319000
2024-05-19 13:47:32.645,OnTrack,-13191,-10177,991,pos,0 days 00:44:16.051000,0 days 01:39:52.659000
2024-05-19 13:47:32.825,OnTrack,-13084,-10158,994,pos,0 days 00:44:16.231000,0 days 01:39:52.839000
2024-05-19 13:47:33.125,OnTrack,-12901,-10128,1000,pos,0 days 00:44:16.531000,0 days 01:39:53.139000
2024-05-19 13:47:33.285,OnTrack,-12800,-10113,1003,pos,0 days 00:44:16.691000,0 days 01:39:53.299000
2024-05-19 13:47:33.545,OnTrack,-12543,-10074,1011,pos,0 days 00:44:16.951000,0 days 01:39:53.559000
2024-05-19 13:47:33.925,OnTrack,-12384,-10051,1018,pos,0 days 00:44:17.331000,0 days 01:39:53.939000
2024-05-19 13:47:34.125,OnTrack,-12167,-10021,1028,pos,0 days 00:44:17.531000,0 days 01:39:54.139000
2024-05-19 13:47:34.585,OnTrack,-11847,-9979,1049,pos,0 days 00:44:17.991000,0 days 01:39:54.599000
2024-05-19 13:47:34.865,OnTrack,-11734,-9966,1057,pos,0 days 00:44:18.271000,0 days 01:39:54.879000
2024-05-19 13:47:35.145,OnTrack,-11533,-9945,1070,pos,0 days 00:44:18.551000,0 days 01:39:55.159000
2024-05-19 13:47:35.445,OnTrack,-11229,-9923,1088,pos,0 days 00:44:18.851000,0 days 01:39:55.459000
2024-05-19 13:47:35.725,OnTrack,-11111,-9919,1095,pos,0 days 00:44:19.131000,0 days 01:39:55.739000
2024-05-19 13:47:35.945,OnTrack,-10949,-9918,1105,pos,0 days 00:44:19.351000,0 days 01:39:55.959000
2024-05-19 13:47:36.145,OnTrack,-10802,-9920,1113,pos,0 days 00:44:19.551000,0 days 01:39:56.159000
2024-05-19 13:47:36.385,OnTrack,-10624,-9929,1119,pos,0 days 00:44:19.791000,0 days 01:39:56.399000
2024-05-19 13:47:36.585,OnTrack,-10371,-9952,1122,pos,0 days 00:44:19.991000,0 days 01:39:56.599000
2024-05-19 13:47:37.025,OnTrack,-10148,-9978,1121,pos,0 days 00:44:20.431000,0 days 01:39:57.039000
2024-05-19 13:47:37.205,OnTrack,-10014,-9993,1120,pos,0 days 00:44:20.611000,0 days 01:39:57.219000
2024-05-19 13:47:37.525,OnTrack,-9716,-10028,1118,pos,0 days 00:44:20.931000,0 days 01:39:57.539000
2024-05-19 13:47:37.804,OnTrack,-9569,-10044,1117,pos,0 days 00:44:21.210000,0 days 01:39:57.818000
2024-05-19 13:47:38.064,OnTrack,-9387,-10062,1115,pos,0 days 00:44:21.470000,0 days 01:39:58.078000
2024-05-19 13:47:38.265,OnTrack,-9207,-10070,1114,pos,0 days 00:44:21.671000,0 days 01:39:58.279000
2024-05-19 13:47:38.745,OnTrack,-8979,-10043,1114,pos,0 days 00:44:22.151000,0 days 01:39:58.759000
2024-05-19 13:47:38.985,OnTrack,-8887,-10009,1114,pos,0 days 00:44:22.391000,0 days 01:39:58.999000
2024-05-19 13:47:39.225,OnTrack,-8776,-9943,1112,pos,0 days 00:44:22.631000,0 days 01:39:59.239000
2024-05-19 13:47:39.445,OnTrack,-8688,-9864,1109,pos,0 days 00:44:22.851000,0 days 01:39:59.459000
2024-05-19 13:47:39.745,OnTrack,-8591,-9729,1105,pos,0 days 00:44:23.151000,0 days 01:39:59.759000
2024-05-19 13:47:39.945,OnTrack,-8535,-9628,1101,pos,0 days 00:44:23.351000,0 days 01:39:59.959000
2024-05-19 13:47:40.065,OnTrack,-8504,-9566,1100,pos,0 days 00:44:23.471000,0 days 01:40:00.079000
2024-05-19 13:47:40.325,OnTrack,-8436,-9428,1095,pos,0 days 00:44:23.731000,0 days 01:40:00.339000
2024-05-19 13:47:40.505,OnTrack,-8390,-9330,1091,pos,0 days 00:44:23.911000,0 days 01:40:00.519000
2024-05-19 13:47:40.725,OnTrack,-8340,-9205,1088,pos,0 days 00:44:24.131000,0 days 01:40:00.739000
2024-05-19 13:47:40.885,OnTrack,-8308,-9110,1084,pos,0 days 00:44:24.291000,0 days 01:40:00.899000
2024-05-19 13:47:41.065,OnTrack,-8279,-9000,1080,pos,0 days 00:44:24.471000,0 days 01:40:01.079000
2024-05-19 13:47:41.425,OnTrack,-8240,-8714,1066,pos,0 days 00:44:24.831000,0 days 01:40:01.439000
2024-05-19 13:47:41.725,OnTrack,-8237,-8565,1058,pos,0 days 00:44:25.131000,0 days 01:40:01.739000
2024-05-19 13:47:42.045,OnTrack,-8255,-8311,1040,pos,0 days 00:44:25.451000,0 days 01:40:02.059000
2024-05-19 13:47:42.345,OnTrack,-8276,-8151,1024,pos,0 days 00:44:25.751000,0 days 01:40:02.359000
2024-05-19 13:47:43.285,OnTrack,-8414,-7486,971,pos,0 days 00:44:26.691000,0 days 01:40:03.299000
2024-05-19 13:47:43.505,OnTrack,-8471,-7240,956,pos,0 days 00:44:26.911000,0 days 01:40:03.519000
2024-05-19 13:47:43.845,OnTrack,-8524,-7007,944,pos,0 days 00:44:27.251000,0 days 01:40:03.859000
2024-05-19 13:47:44.165,OnTrack,-8560,-6846,936,pos,0 days 00:44:27.571000,0 days 01:40:04.179000
2024-05-19 13:47:44.404,OnTrack,-8600,-6670,928,pos,0 days 00:44:27.810000,0 days 01:40:04.418000
2024-05-19 13:47:44.725,OnTrack,-8649,-6392,913,pos,0 days 00:44:28.131000,0 days 01:40:04.739000
2024-05-19 13:47:45.145,OnTrack,-8641,-6170,903,pos,0 days 00:44:28.551000,0 days 01:40:05.159000
2024-05-19 13:47:45.185,OnTrack,-8635,-6143,903,pos,0 days 00:44:28.591000,0 days 01:40:05.199000
2024-05-19 13:47:45.485,OnTrack,-8525,-5866,897,pos,0 days 00:44:28.891000,0 days 01:40:05.499000
2024-05-19 13:47:45.925,OnTrack,-8438,-5707,896,pos,0 days 00:44:29.331000,0 days 01:40:05.939000
2024-05-19 13:47:46.125,OnTrack,-8382,-5614,897,pos,0 days 00:44:29.531000,0 days 01:40:06.139000
2024-05-19 13:47:46.265,OnTrack,-8345,-5556,898,pos,0 days 00:44:29.671000,0 days 01:40:06.279000
2024-05-19 13:47:46.585,OnTrack,-8229,-5417,902,pos,0 days 00:44:29.991000,0 days 01:40:06.599000
2024-05-19 13:47:46.845,OnTrack,-8183,-5379,904,pos,0 days 00:44:30.251000,0 days 01:40:06.859000
2024-05-19 13:47:47.145,OnTrack,-8086,-5335,908,pos,0 days 00:44:30.551000,0 days 01:40:07.159000
2024-05-19 13:47:47.265,OnTrack,-8043,-5327,909,pos,0 days 00:44:30.671000,0 days 01:40:07.279000
2024-05-19 13:47:47.485,OnTrack,-7964,-5328,916,pos,0 days 00:44:30.891000,0 days 01:40:07.499000
2024-05-19 13:47:47.665,OnTrack,-7898,-5339,921,pos,0 days 00:44:31.071000,0 days 01:40:07.679000
2024-05-19 13:47:48.005,OnTrack,-7753,-5377,935,pos,0 days 00:44:31.411000,0 days 01:40:08.019000
2024-05-19 13:47:48.285,OnTrack,-7682,-5395,941,pos,0 days 00:44:31.691000,0 days 01:40:08.299000
2024-05-19 13:47:48.605,OnTrack,-7563,-5419,952,pos,0 days 00:44:32.011000,0 days 01:40:08.619000
2024-05-19 13:47:48.765,OnTrack,-7440,-5434,962,pos,0 days 00:44:32.171000,0 days 01:40:08.779000
2024-05-19 13:47:49.245,OnTrack,-7298,-5442,975,pos,0 days 00:44:32.651000,0 days 01:40:09.259000
2024-05-19 13:47:49.505,OnTrack,-7135,-5443,988,pos,0 days 00:44:32.911000,0 days 01:40:09.519000
2024-05-19 13:47:49.785,OnTrack,-7034,-5442,995,pos,0 days 00:44:33.191000,0 days 01:40:09.799000
2024-05-19 13:47:50.005,OnTrack,-6918,-5441,1003,pos,0 days 00:44:33.411000,0 days 01:40:10.019000
2024-05-19 13:47:50.305,OnTrack,-6754,-5440,1012,pos,0 days 00:44:33.711000,0 days 01:40:10.319000
2024-05-19 13:47:50.445,OnTrack,-6675,-5439,1016,pos,0 days 00:44:33.851000,0 days 01:40:10.459000
2024-05-19 13:47:50.665,OnTrack,-6547,-5438,1023,pos,0 days 00:44:34.071000,0 days 01:40:10.679000
2024-05-19 13:47:50.825,OnTrack,-6451,-5437,1026,pos,0 days 00:44:34.231000,0 days 01:40:10.839000
2024-05-19 13:47:51.044,OnTrack,-6317,-5436,1030,pos,0 days 00:44:34.450000,0 days 01:40:11.058000
2024-05-19 13:47:51.264,OnTrack,-6179,-5435,1035,pos,0 days 00:44:34.670000,0 days 01:40:11.278000
2024-05-19 13:47:51.545,OnTrack,-6000,-5433,1039,pos,0 days 00:44:34.951000,0 days 01:40:11.559000
2024-05-19 13:47:51.765,OnTrack,-5855,-5432,1043,pos,0 days 00:44:35.171000,0 days 01:40:11.779000
2024-05-19 13:47:51.925,OnTrack,-5748,-5431,1046,pos,0 days 00:44:35.331000,0 days 01:40:11.939000
2024-05-19 13:47:52.185,OnTrack,-5572,-5430,1052,pos,0 days 00:44:35.591000,0 days 01:40:12.199000
2024-05-19 13:47:52.365,OnTrack,-5448,-5428,1055,pos,0 days 00:44:35.771000,0 days 01:40:12.379000
2024-05-19 13:47:52.525,OnTrack,-5334,-5426,1058,pos,0 days 00:44:35.931000,0 days 01:40:12.539000
2024-05-19 13:47:52.725,OnTrack,-5107,-5417,1065,pos,0 days 00:44:36.131000,0 days 01:40:12.739000
2024-05-19 13:47:53.045,OnTrack,-4961,-5404,1070,pos,0 days 00:44:36.451000,0 days 01:40:13.059000
2024-05-19 13:47:53.285,OnTrack,-4791,-5389,1074,pos,0 days 00:44:36.691000,0 days 01:40:13.299000
2024-05-19 13:47:53.565,OnTrack,-4492,-5363,1080,pos,0 days 00:44:36.971000,0 days 01:40:13.579000
2024-05-19 13:47:53.985,OnTrack,-4235,-5341,1083,pos,0 days 00:44:37.391000,0 days 01:40:13.999000
2024-05-19 13:47:54.425,OnTrack,-3979,-5320,1085,pos,0 days 00:44:37.831000,0 days 01:40:14.439000
2024-05-19 13:47:54.605,OnTrack,-3858,-5310,1086,pos,0 days 00:44:38.011000,0 days 01:40:14.619000
2024-05-19 13:47:54.845,OnTrack,-3664,-5294,1087,pos,0 days 00:44:38.251000,0 days 01:40:14.859000
2024-05-19 13:47:55.105,OnTrack,-3567,-5287,1087,pos,0 days 00:44:38.511000,0 days 01:40:15.119000
2024-05-19 13:47:55.325,OnTrack,-3458,-5279,1088,pos,0 days 00:44:38.731000,0 days 01:40:15.339000
2024-05-19 13:47:55.645,OnTrack,-3321,-5273,1090,pos,0 days 00:44:39.051000,0 days 01:40:15.659000
2024-05-19 13:47:55.885,OnTrack,-3211,-5282,1092,pos,0 days 00:44:39.291000,0 days 01:40:15.899000
2024-05-19 13:47:56.125,OnTrack,-3171,-5299,1093,pos,0 days 00:44:39.531000,0 days 01:40:16.139000
2024-05-19 13:47:56.365,OnTrack,-3105,-5349,1095,pos,0 days 00:44:39.771000,0 days 01:40:16.379000
2024-05-19 13:47:56.525,OnTrack,-3066,-5389,1096,pos,0 days 00:44:39.931000,0 days 01:40:16.539000
2024-05-19 13:47:56.785,OnTrack,-3007,-5454,1096,pos,0 days 00:44:40.191000,0 days 01:40:16.799000
2024-05-19 13:47:56.985,OnTrack,-2962,-5496,1096,pos,0 days 00:44:40.391000,0 days 01:40:16.999000
2024-05-19 13:47:57.265,OnTrack,-2894,-5539,1096,pos,0 days 00:44:40.671000,0 days 01:40:17.279000
2024-05-19 13:47:57.465,OnTrack,-2839,-5558,1095,pos,0 days 00:44:40.871000,0 days 01:40:17.479000
2024-05-19 13:47:57.644,OnTrack,-2791,-5564,1094,pos,0 days 00:44:41.050000,0 days 01:40:17.658000
2024-05-19 13:47:57.965,OnTrack,-2692,-5548,1092,pos,0 days 00:44:41.371000,0 days 01:40:17.979000
2024-05-19 13:47:58.305,OnTrack,-2609,-5524,1090,pos,0 days 00:44:41.711000,0 days 01:40:18.319000
2024-05-19 13:47:58.425,OnTrack,-2576,-5513,1090,pos,0 days 00:44:41.831000,0 days 01:40:18.439000
2024-05-19 13:47:58.645,OnTrack,-2513,-5489,1088,pos,0 days 00:44:42.051000,0 days 01:40:18.659000
2024-05-19 13:47:58.905,OnTrack,-2434,-5456,1086,pos,0 days 00:44:42.311000,0 days 01:40:18.919000
2024-05-19 13:47:59.125,OnTrack,-2364,-5424,1085,pos,0 days 00:44:42.531000,0 days 01:40:19.139000
2024-05-19 13:47:59.325,OnTrack,-2296,-5391,1083,pos,0 days 00:44:42.731000,0 days 01:40:19.339000
2024-05-19 13:47:59.525,OnTrack,-2226,-5355,1082,pos,0 days 00:44:42.931000,0 days 01:40:19.539000
2024-05-19 13:47:59.765,OnTrack,-2135,-5307,1080,pos,0 days 00:44:43.171000,0 days 01:40:19.779000
2024-05-19 13:48:00.045,OnTrack,-1995,-5233,1076,pos,0 days 00:44:43.451000,0 days 01:40:20.059000
2024-05-19 13:48:00.305,OnTrack,-1907,-5187,1075,pos,0 days 00:44:43.711000,0 days 01:40:20.319000
2024-05-19 13:48:00.665,OnTrack,-1719,-5089,1071,pos,0 days 00:44:44.071000,0 days 01:40:20.679000
2024-05-19 13:48:01.005,OnTrack,-1558,-5010,1068,pos,0 days 00:44:44.411000,0 days 01:40:21.019000
2024-05-19 13:48:01.265,OnTrack,-1420,-4946,1065,pos,0 days 00:44:44.671000,0 days 01:40:21.279000
2024-05-19 13:48:01.465,OnTrack,-1275,-4880,1063,pos,0 days 00:44:44.871000,0 days 01:40:21.479000
2024-05-19 13:48:01.845,OnTrack,-1094,-4792,1059,pos,0 days 00:44:45.251000,0 days 01:40:21.859000
2024-05-19 13:48:02.105,OnTrack,-947,-4711,1056,pos,0 days 00:44:45.511000,0 days 01:40:22.119000
2024-05-19 13:48:02.325,OnTrack,-823,-4634,1053,pos,0 days 00:44:45.731000,0 days 01:40:22.339000
2024-05-19 13:48:02.505,OnTrack,-676,-4535,1048,pos,0 days 00:44:45.911000,0 days 01:40:22.519000
2024-05-19 13:48:02.945,OnTrack,-393,-4330,1040,pos,0 days 00:44:46.351000,0 days 01:40:22.959000
2024-05-19 13:48:03.205,OnTrack,-325,-4278,1038,pos,0 days 00:44:46.611000,0 days 01:40:23.219000
2024-05-19 13:48:03.425,OnTrack,-201,-4179,1034,pos,0 days 00:44:46.831000,0 days 01:40:23.439000
2024-05-19 13:48:03.765,OnTrack,-13,-4017,1029,pos,0 days 00:44:47.171000,0 days 01:40:23.779000
2024-05-19 13:48:03.925,OnTrack,72,-3936,1027,pos,0 days 00:44:47.331000,0 days 01:40:23.939000
2024-05-19 13:48:04.085,OnTrack,157,-3852,1025,pos,0 days 00:44:47.491000,0 days 01:40:24.099000
2024-05-19 13:48:04.344,OnTrack,293,-3710,1020,pos,0 days 00:44:47.750000,0 days 01:40:24.358000
2024-05-19 13:48:04.625,OnTrack,437,-3551,1015,pos,0 days 00:44:48.031000,0 days 01:40:24.639000
2024-05-19 13:48:04.665,OnTrack,458,-3528,1015,pos,0 days 00:44:48.071000,0 days 01:40:24.679000
2024-05-19 13:48:04.985,OnTrack,624,-3343,1006,pos,0 days 00:44:48.391000,0 days 01:40:24.999000
2024-05-19 13:48:05.205,OnTrack,813,-3134,994,pos,0 days 00:44:48.611000,0 days 01:40:25.219000
2024-05-19 13:48:05.585,OnTrack,941,-2992,984,pos,0 days 00:44:48.991000,0 days 01:40:25.599000
2024-05-19 13:48:05.785,OnTrack,1113,-2802,970,pos,0 days 00:44:49.191000,0 days 01:40:25.799000
2024-05-19 13:48:06.165,OnTrack,1255,-2646,958,pos,0 days 00:44:49.571000,0 days 01:40:26.179000
2024-05-19 13:48:06.365,OnTrack,1366,-2529,947,pos,0 days 00:44:49.771000,0 days 01:40:26.379000
2024-05-19 13:48:06.525,OnTrack,1458,-2439,939,pos,0 days 00:44:49.931000,0 days 01:40:26.539000
2024-05-19 13:48:06.865,OnTrack,1723,-2233,918,pos,0 days 00:44:50.271000,0 days 01:40:26.879000
2024-05-19 13:48:07.045,OnTrack,1852,-2161,907,pos,0 days 00:44:50.451000,0 days 01:40:27.059000
2024-05-19 13:48:07.245,OnTrack,2006,-2091,895,pos,0 days 00:44:50.651000,0 days 01:40:27.259000
2024-05-19 13:48:07.525,OnTrack,2222,-2005,879,pos,0 days 00:44:50.931000,0 days 01:40:27.539000
2024-05-19 13:48:07.685,OnTrack,2394,-1936,865,pos,0 days 00:44:51.091000,0 days 01:40:27.699000
2024-05-19 13:48:08.085,OnTrack,2654,-1829,846,pos,0 days 00:44:51.491000,0 days 01:40:28.099000
2024-05-19 13:48:08.565,OnTrack,2850,-1749,832,pos,0 days 00:44:51.971000,0 days 01:40:28.579000
2024-05-19 13:48:08.745,OnTrack,2980,-1688,823,pos,0 days 00:44:52.151000,0 days 01:40:28.759000
2024-05-19 13:48:09.185,OnTrack,3070,-1628,817,pos,0 days 00:44:52.591000,0 days 01:40:29.199000
2024-05-19 13:48:09.365,OnTrack,3113,-1583,814,pos,0 days 00:44:52.771000,0 days 01:40:29.379000
2024-05-19 13:48:09.525,OnTrack,3144,-1539,811,pos,0 days 00:44:52.931000,0 days 01:40:29.539000
2024-05-19 13:48:09.745,OnTrack,3173,-1473,809,pos,0 days 00:44:53.151000,0 days 01:40:29.759000
2024-05-19 13:48:09.925,OnTrack,3186,-1416,806,pos,0 days 00:44:53.331000,0 days 01:40:29.939000
2024-05-19 13:48:10.145,OnTrack,3190,-1345,803,pos,0 days 00:44:53.551000,0 days 01:40:30.159000
2024-05-19 13:48:10.405,OnTrack,3180,-1263,801,pos,0 days 00:44:53.811000,0 days 01:40:30.419000
2024-05-19 13:48:10.665,OnTrack,3162,-1182,798,pos,0 days 00:44:54.071000,0 days 01:40:30.679000
2024-05-19 13:48:10.704,OnTrack,3158,-1169,798,pos,0 days 00:44:54.110000,0 days 01:40:30.718000
2024-05-19 13:48:11.024,OnTrack,3126,-1066,796,pos,0 days 00:44:54.430000,0 days 01:40:31.038000
2024-05-19 13:48:11.245,OnTrack,3102,-994,794,pos,0 days 00:44:54.651000,0 days 01:40:31.259000
2024-05-19 13:48:11.505,OnTrack,3068,-902,793,pos,0 days 00:44:54.911000,0 days 01:40:31.519000
2024-05-19 13:48:11.725,OnTrack,3033,-820,792,pos,0 days 00:44:55.131000,0 days 01:40:31.739000
2024-05-19 13:48:11.845,OnTrack,3012,-773,792,pos,0 days 00:44:55.251000,0 days 01:40:31.859000
2024-05-19 13:48:12.025,OnTrack,2975,-702,791,pos,0 days 00:44:55.431000,0 days 01:40:32.039000
2024-05-19 13:48:12.265,OnTrack,2921,-610,790,pos,0 days 00:44:55.671000,0 days 01:40:32.279000
2024-05-19 13:48:12.445,OnTrack,2875,-549,789,pos,0 days 00:44:55.851000,0 days 01:40:32.459000
2024-05-19 13:48:12.685,OnTrack,2806,-480,788,pos,0 days 00:44:56.091000,0 days 01:40:32.699000
2024-05-19 13:48:12.865,OnTrack,2748,-439,788,pos,0 days 00:44:56.271000,0 days 01:40:32.879000
2024-05-19 13:48:13.105,OnTrack,2664,-399,787,pos,0 days 00:44:56.511000,0 days 01:40:33.119000
2024-05-19 13:48:13.345,OnTrack,2541,-368,786,pos,0 days 00:44:56.751000,0 days 01:40:33.359000
2024-05-19 13:48:13.685,OnTrack,2452,-360,786,pos,0 days 00:44:57.091000,0 days 01:40:33.699000
2024-05-19 13:48:13.865,OnTrack,2383,-360,786,pos,0 days 00:44:57.271000,0 days 01:40:33.879000
2024-05-19 13:48:14.025,OnTrack,2321,-366,785,pos,0 days 00:44:57.431000,0 days 01:40:34.039000
2024-05-19 13:48:14.245,OnTrack,2234,-382,784,pos,0 days 00:44:57.651000,0 days 01:40:34.259000
2024-05-19 13:48:14.525,OnTrack,2120,-419,783,pos,0 days 00:44:57.931000,0 days 01:40:34.539000
2024-05-19 13:48:14.785,OnTrack,2011,-466,782,pos,0 days 00:44:58.191000,0 days 01:40:34.799000
2024-05-19 13:48:15.065,OnTrack,1834,-550,780,pos,0 days 00:44:58.471000,0 days 01:40:35.079000
2024-05-19 13:48:15.325,OnTrack,1768,-580,779,pos,0 days 00:44:58.731000,0 days 01:40:35.339000
2024-05-19 13:48:15.585,OnTrack,1641,-637,778,pos,0 days 00:44:58.991000,0 days 01:40:35.599000
2024-05-19 13:48:15.705,OnTrack,1581,-665,778,pos,0 days 00:44:59.111000,0 days 01:40:35.719000
2024-05-19 13:48:16.065,OnTrack,1361,-765,778,pos,0 days 00:44:59.471000,0 days 01:40:36.079000
2024-05-19 13:48:16.405,OnTrack,1207,-834,778,pos,0 days 00:44:59.811000,0 days 01:40:36.419000
2024-05-19 13:48:16.625,OnTrack,1083,-891,778,pos,0 days 00:45:00.031000,0 days 01:40:36.639000
2024-05-19 13:48:16.805,OnTrack,979,-938,778,pos,0 days 00:45:00.211000,0 days 01:40:36.819000
2024-05-19 13:48:17.105,OnTrack,776,-1026,779,pos,0 days 00:45:00.511000,0 days 01:40:37.119000
2024-05-19 13:48:17.464,OnTrack,589,-1104,780,pos,0 days 00:45:00.870000,0 days 01:40:37.478000
2024-05-19 13:48:17.725,OnTrack,335,-1210,781,pos,0 days 00:45:01.131000,0 days 01:40:37.739000
2024-05-19 13:48:18.105,OnTrack,87,-1315,781,pos,0 days 00:45:01.511000,0 days 01:40:38.119000
2024-05-19 13:48:18.485,OnTrack,-140,-1407,781,pos,0 days 00:45:01.891000,0 days 01:40:38.499000
2024-05-19 13:48:18.965,OnTrack,-405,-1495,782,pos,0 days 00:45:02.371000,0 days 01:40:38.979000
2024-05-19 13:48:19.165,OnTrack,-653,-1552,783,pos,0 days 00:45:02.571000,0 days 01:40:39.179000
2024-05-19 13:48:19.585,OnTrack,-865,-1577,783,pos,0 days 00:45:02.991000,0 days 01:40:39.599000
2024-05-19 13:48:19.765,OnTrack,-1052,-1587,784,pos,0 days 00:45:03.171000,0 days 01:40:39.779000
2024-05-19 13:48:20.025,OnTrack,-1208,-1592,785,pos,0 days 00:45:03.431000,0 days 01:40:40.039000
2024-05-19 13:48:20.225,OnTrack,-1382,-1597,785,pos,0 days 00:45:03.631000,0 days 01:40:40.239000
2024-05-19 13:48:20.565,OnTrack,-1650,-1614,786,pos,0 days 00:45:03.971000,0 days 01:40:40.579000
2024-05-19 13:48:20.785,OnTrack,-1938,-1630,788,pos,0 days 00:45:04.191000,0 days 01:40:40.799000
2024-05-19 13:48:21.145,OnTrack,-2212,-1645,789,pos,0 days 00:45:04.551000,0 days 01:40:41.159000
2024-05-19 13:48:21.645,OnTrack,-2520,-1663,790,pos,0 days 00:45:05.051000,0 days 01:40:41.659000
2024-05-19 13:48:21.725,OnTrack,-2585,-1666,790,pos,0 days 00:45:05.131000,0 days 01:40:41.739000
2024-05-19 13:48:22.065,OnTrack,-2946,-1677,792,pos,0 days 00:45:05.471000,0 days 01:40:42.079000
2024-05-19 13:48:22.485,OnTrack,-3294,-1690,793,pos,0 days 00:45:05.891000,0 days 01:40:42.499000
2024-05-19 13:48:22.905,OnTrack,-3560,-1696,794,pos,0 days 00:45:06.311000,0 days 01:40:42.919000
2024-05-19 13:48:23.005,OnTrack,-3643,-1694,795,pos,0 days 00:45:06.411000,0 days 01:40:43.019000
2024-05-19 13:48:23.325,OnTrack,-3942,-1669,796,pos,0 days 00:45:06.731000,0 days 01:40:43.339000
2024-05-19 13:48:23.645,OnTrack,-4176,-1629,797,pos,0 days 00:45:07.051000,0 days 01:40:43.659000
2024-05-19 13:48:23.944,OnTrack,-4426,-1575,799,pos,0 days 00:45:07.350000,0 days 01:40:43.958000
2024-05-19 13:48:23.984,OnTrack,-4460,-1567,799,pos,0 days 00:45:07.390000,0 days 01:40:43.998000
2024-05-19 13:48:24.365,OnTrack,-4808,-1483,801,pos,0 days 00:45:07.771000,0 days 01:40:44.379000
2024-05-19 13:48:24.665,OnTrack,-5139,-1401,804,pos,0 days 00:45:08.071000,0 days 01:40:44.679000
2024-05-19 13:48:25.005,OnTrack,-5306,-1362,805,pos,0 days 00:45:08.411000,0 days 01:40:45.019000
2024-05-19 13:48:25.325,OnTrack,-5575,-1304,808,pos,0 days 00:45:08.731000,0 days 01:40:45.339000
2024-05-19 13:48:25.605,OnTrack,-5881,-1258,811,pos,0 days 00:45:09.011000,0 days 01:40:45.619000
2024-05-19 13:48:25.885,OnTrack,-6053,-1243,812,pos,0 days 00:45:09.291000,0 days 01:40:45.899000
2024-05-19 13:48:26.085,OnTrack,-6226,-1234,814,pos,0 days 00:45:09.491000,0 days 01:40:46.099000
2024-05-19 13:48:26.385,OnTrack,-6574,-1229,815,pos,0 days 00:45:09.791000,0 days 01:40:46.399000
2024-05-19 13:48:26.825,OnTrack,-6870,-1232,816,pos,0 days 00:45:10.231000,0 days 01:40:46.839000
2024-05-19 13:48:27.025,OnTrack,-7044,-1237,817,pos,0 days 00:45:10.431000,0 days 01:40:47.039000
2024-05-19 13:48:27.205,OnTrack,-7305,-1251,818,pos,0 days 00:45:10.611000,0 days 01:40:47.219000
2024-05-19 13:48:27.505,OnTrack,-7461,-1264,818,pos,0 days 00:45:10.911000,0 days 01:40:47.519000
2024-05-19 13:48:27.765,OnTrack,-7687,-1286,818,pos,0 days 00:45:11.171000,0 days 01:40:47.779000
2024-05-19 13:48:28.065,OnTrack,-7971,-1319,818,pos,0 days 00:45:11.471000,0 days 01:40:48.079000
2024-05-19 13:48:28.185,OnTrack,-8235,-1353,819,pos,0 days 00:45:11.591000,0 days 01:40:48.199000
2024-05-19 13:48:28.525,OnTrack,-8408,-1377,819,pos,0 days 00:45:11.931000,0 days 01:40:48.539000
2024-05-19 13:48:28.725,OnTrack,-8581,-1400,819,pos,0 days 00:45:12.131000,0 days 01:40:48.739000
2024-05-19 13:48:28.945,OnTrack,-8772,-1427,819,pos,0 days 00:45:12.351000,0 days 01:40:48.959000
2024-05-19 13:48:29.165,OnTrack,-8964,-1455,819,pos,0 days 00:45:12.571000,0 days 01:40:49.179000
2024-05-19 13:48:29.445,OnTrack,-9203,-1497,819,pos,0 days 00:45:12.851000,0 days 01:40:49.459000
2024-05-19 13:48:29.665,OnTrack,-9380,-1540,819,pos,0 days 00:45:13.071000,0 days 01:40:49.679000
2024-05-19 13:48:29.865,OnTrack,-9586,-1602,819,pos,0 days 00:45:13.271000,0 days 01:40:49.879000
2024-05-19 13:48:30.245,OnTrack,-9837,-1682,818,pos,0 days 00:45:13.651000,0 days 01:40:50.259000
2024-05-19 13:48:30.624,OnTrack,-9988,-1729,818,pos,0 days 00:45:14.030000,0 days 01:40:50.638000
2024-05-19 13:48:30.925,OnTrack,-10148,-1779,818,pos,0 days 00:45:14.331000,0 days 01:40:50.939000
2024-05-19 13:48:31.345,OnTrack,-10308,-1877,818,pos,0 days 00:45:14.751000,0 days 01:40:51.359000
2024-05-19 13:48:31.705,OnTrack,-10388,-2025,818,pos,0 days 00:45:15.111000,0 days 01:40:51.719000
2024-05-19 13:48:32.105,OnTrack,-10419,-2137,819,pos,0 days 00:45:15.511000,0 days 01:40:52.119000
2024-05-19 13:48:32.325,OnTrack,-10448,-2230,819,pos,0 days 00:45:15.731000,0 days 01:40:52.339000
2024-05-19 13:48:32.585,OnTrack,-10529,-2380,818,pos,0 days 00:45:15.991000,0 days 01:40:52.599000
2024-05-19 13:48:32.925,OnTrack,-10599,-2457,818,pos,0 days 00:45:16.331000,0 days 01:40:52.939000
2024-05-19 13:48:33.105,OnTrack,-10668,-2513,818,pos,0 days 00:45:16.511000,0 days 01:40:53.119000
2024-05-19 13:48:33.305,OnTrack,-10751,-2570,819,pos,0 days 00:45:16.711000,0 days 01:40:53.319000
2024-05-19 13:48:33.545,OnTrack,-10855,-2633,820,pos,0 days 00:45:16.951000,0 days 01:40:53.559000
2024-05-19 13:48:33.785,OnTrack,-10999,-2717,821,pos,0 days 00:45:17.191000,0 days 01:40:53.799000
2024-05-19 13:48:34.085,OnTrack,-11102,-2776,822,pos,0 days 00:45:17.491000,0 days 01:40:54.099000
2024-05-19 13:48:34.285,OnTrack,-11198,-2833,823,pos,0 days 00:45:17.691000,0 days 01:40:54.299000
2024-05-19 13:48:34.625,OnTrack,-11367,-2935,824,pos,0 days 00:45:18.031000,0 days 01:40:54.639000
2024-05-19 13:48:34.805,OnTrack,-11503,-3034,825,pos,0 days 00:45:18.211000,0 days 01:40:54.819000
2024-05-19 13:48:35.085,OnTrack,-11583,-3108,825,pos,0 days 00:45:18.491000,0 days 01:40:55.099000
2024-05-19 13:48:35.265,OnTrack,-11654,-3193,825,pos,0 days 00:45:18.671000,0 days 01:40:55.279000
2024-05-19 13:48:35.485,OnTrack,-11728,-3313,825,pos,0 days 00:45:18.891000,0 days 01:40:55.499000
2024-05-19 13:48:35.725,OnTrack,-11795,-3456,826,pos,0 days 00:45:19.131000,0 days 01:40:55.739000
2024-05-19 13:48:35.965,OnTrack,-11853,-3605,827,pos,0 days 00:45:19.371000,0 days 01:40:55.979000
2024-05-19 13:48:36.085,OnTrack,-11881,-3680,827,pos,0 days 00:45:19.491000,0 days 01:40:56.099000
2024-05-19 13:48:36.385,OnTrack,-11952,-3870,828,pos,0 days 00:45:19.791000,0 days 01:40:56.399000
2024-05-19 13:48:36.545,OnTrack,-11991,-3974,828,pos,0 days 00:45:19.951000,0 days 01:40:56.559000
2024-05-19 13:48:36.805,OnTrack,-12084,-4223,829,pos,0 days 00:45:20.211000,0 days 01:40:56.819000
2024-05-19 13:48:37.104,OnTrack,-12130,-4344,830,pos,0 days 00:45:20.510000,0 days 01:40:57.118000
2024-05-19 13:48:37.425,OnTrack,-12212,-4561,830,pos,0 days 00:45:20.831000,0 days 01:40:57.439000
2024-05-19 13:48:37.625,OnTrack,-12289,-4768,831,pos,0 days 00:45:21.031000,0 days 01:40:57.639000
2024-05-19 13:48:38.105,OnTrack,-12405,-5077,832,pos,0 days 00:45:21.511000,0 days 01:40:58.119000
2024-05-19 13:48:38.445,OnTrack,-12480,-5277,832,pos,0 days 00:45:21.851000,0 days 01:40:58.459000
2024-05-19 13:48:38.725,OnTrack,-12593,-5579,833,pos,0 days 00:45:22.131000,0 days 01:40:58.739000
2024-05-19 13:48:38.965,OnTrack,-12621,-5652,833,pos,0 days 00:45:22.371000,0 days 01:40:58.979000
2024-05-19 13:48:39.205,OnTrack,-12686,-5826,833,pos,0 days 00:45:22.611000,0 days 01:40:59.219000
2024-05-19 13:48:39.525,OnTrack,-12775,-6059,834,pos,0 days 00:45:22.931000,0 days 01:40:59.539000
2024-05-19 13:48:39.705,OnTrack,-12826,-6189,834,pos,0 days 00:45:23.111000,0 days 01:40:59.719000
2024-05-19 13:48:39.905,OnTrack,-12909,-6391,835,pos,0 days 00:45:23.311000,0 days 01:40:59.919000
2024-05-19 13:48:40.265,OnTrack,-12994,-6592,835,pos,0 days 00:45:23.671000,0 days 01:41:00.279000
2024-05-19 13:48:40.425,OnTrack,-13042,-6705,836,pos,0 days 00:45:23.831000,0 days 01:41:00.439000
2024-05-19 13:48:40.585,OnTrack,-13086,-6816,836,pos,0 days 00:45:23.991000,0 days 01:41:00.599000
2024-05-19 13:48:40.845,OnTrack,-13142,-6991,837,pos,0 days 00:45:24.251000,0 days 01:41:00.859000
2024-05-19 13:48:41.085,OnTrack,-13163,-7147,838,pos,0 days 00:45:24.491000,0 days 01:41:01.099000
2024-05-19 13:48:41.345,OnTrack,-13154,-7316,839,pos,0 days 00:45:24.751000,0 days 01:41:01.359000
2024-05-19 13:48:41.545,OnTrack,-13114,-7529,840,pos,0 days 00:45:24.951000,0 days 01:41:01.559000
2024-05-19 13:48:41.965,OnTrack,-13075,-7691,841,pos,0 days 00:45:25.371000,0 days 01:41:01.979000
2024-05-19 13:48:42.145,OnTrack,-13041,-7836,843,pos,0 days 00:45:25.551000,0 days 01:41:02.159000
2024-05-19 13:48:42.545,OnTrack,-13023,-7978,843,pos,0 days 00:45:25.951000,0 days 01:41:02.559000
2024-05-19 13:48:42.805,OnTrack,-13037,-8091,844,pos,0 days 00:45:26.211000,0 days 01:41:02.819000
2024-05-19 13:48:43.045,OnTrack,-13110,-8221,846,pos,0 days 00:45:26.451000,0 days 01:41:03.059000
2024-05-19 13:48:43.325,OnTrack,-13169,-8281,847,pos,0 days 00:45:26.731000,0 days 01:41:03.339000
2024-05-19 13:48:43.644,OnTrack,-13282,-8380,848,pos,0 days 00:45:27.050000,0 days 01:41:03.658000
2024-05-19 13:48:43.824,OnTrack,-13344,-8434,849,pos,0 days 00:45:27.230000,0 days 01:41:03.838000
2024-05-19 13:48:43.985,OnTrack,-13403,-8483,849,pos,0 days 00:45:27.391000,0 days 01:41:03.999000
2024-05-19 13:48:44.145,OnTrack,-13462,-8533,850,pos,0 days 00:45:27.551000,0 days 01:41:04.159000
2024-05-19 13:48:44.345,OnTrack,-13538,-8597,851,pos,0 days 00:45:27.751000,0 days 01:41:04.359000
2024-05-19 13:48:44.545,OnTrack,-13617,-8665,852,pos,0 days 00:45:27.951000,0 days 01:41:04.559000
2024-05-19 13:48:44.745,OnTrack,-13698,-8733,853,pos,0 days 00:45:28.151000,0 days 01:41:04.759000
2024-05-19 13:48:45.085,OnTrack,-13858,-8867,856,pos,0 days 00:45:28.491000,0 days 01:41:05.099000
2024-05-19 13:48:45.405,OnTrack,-13956,-8951,858,pos,0 days 00:45:28.811000,0 days 01:41:05.419000
2024-05-19 13:48:45.585,OnTrack,-14044,-9031,861,pos,0 days 00:45:28.991000,0 days 01:41:05.599000
2024-05-19 13:48:45.925,OnTrack,-14235,-9218,868,pos,0 days 00:45:29.331000,0 days 01:41:05.939000
2024-05-19 13:48:46.225,OnTrack,-14322,-9306,872,pos,0 days 00:45:29.631000,0 days 01:41:06.239000
2024-05-19 13:48:46.525,OnTrack,-14455,-9437,878,pos,0 days 00:45:29.931000,0 days 01:41:06.539000
2024-05-19 13:48:46.685,OnTrack,-14586,-9558,884,pos,0 days 00:45:30.091000,0 days 01:41:06.699000
2024-05-19 13:48:47.165,OnTrack,-14735,-9705,891,pos,0 days 00:45:30.571000,0 days 01:41:07.179000
2024-05-19 13:48:47.465,OnTrack,-14797,-9774,894,pos,0 days 00:45:30.871000,0 days 01:41:07.479000
2024-05-19 13:48:47.725,OnTrack,-14854,-9856,897,pos,0 days 00:45:31.131000,0 days 01:41:07.739000
2024-05-19 13:48:47.905,OnTrack,-14899,-9955,901,pos,0 days 00:45:31.311000,0 days 01:41:07.919000
2024-05-19 13:48:48.265,OnTrack,-14913,-10023,903,pos,0 days 00:45:31.671000,0 days 01:41:08.279000
2024-05-19 13:48:48.565,OnTrack,-14911,-10113,907,pos,0 days 00:45:31.971000,0 days 01:41:08.579000
2024-05-19 13:48:48.705,OnTrack,-14900,-10153,909,pos,0 days 00:45:32.111000,0 days 01:41:08.719000
2024-05-19 13:48:48.985,OnTrack,-14854,-10238,914,pos,0 days 00:45:32.391000,0 days 01:41:08.999000
2024-05-19 13:48:49.325,OnTrack,-14801,-10293,918,pos,0 days 00:45:32.731000,0 days 01:41:09.339000
2024-05-19 13:48:49.525,OnTrack,-14758,-10324,921,pos,0 days 00:45:32.931000,0 days 01:41:09.539000
2024-05-19 13:48:49.745,OnTrack,-14707,-10352,923,pos,0 days 00:45:33.151000,0 days 01:41:09.759000
2024-05-19 13:48:49.905,OnTrack,-14666,-10368,925,pos,0 days 00:45:33.311000,0 days 01:41:09.919000
2024-05-19 13:48:50.184,OnTrack,-14591,-10386,929,pos,0 days 00:45:33.590000,0 days 01:41:10.198000
2024-05-19 13:48:50.484,OnTrack,-14505,-10395,934,pos,0 days 00:45:33.890000,0 days 01:41:10.498000
2024-05-19 13:48:50.645,OnTrack,-14420,-10394,938,pos,0 days 00:45:34.051000,0 days 01:41:10.659000
2024-05-19 13:48:50.905,OnTrack,-14375,-10391,940,pos,0 days 00:45:34.311000,0 days 01:41:10.919000
2024-05-19 13:48:51.205,OnTrack,-14251,-10376,946,pos,0 days 00:45:34.611000,0 days 01:41:11.219000
2024-05-19 13:48:51.705,OnTrack,-14085,-10348,953,pos,0 days 00:45:35.111000,0 days 01:41:11.719000
2024-05-19 13:48:52.085,OnTrack,-13878,-10307,963,pos,0 days 00:45:35.491000,0 days 01:41:12.099000
2024-05-19 13:48:52.365,OnTrack,-13811,-10293,965,pos,0 days 00:45:35.771000,0 days 01:41:12.379000
2024-05-19 13:48:52.625,OnTrack,-13681,-10266,971,pos,0 days 00:45:36.031000,0 days 01:41:12.639000
2024-05-19 13:48:52.845,OnTrack,-13566,-10244,976,pos,0 days 00:45:36.251000,0 days 01:41:12.859000
2024-05-19 13:48:53.105,OnTrack,-13423,-10218,982,pos,0 days 00:45:36.511000,0 days 01:41:13.119000
2024-05-19 13:48:53.285,OnTrack,-13240,-10185,988,pos,0 days 00:45:36.691000,0 days 01:41:13.299000
2024-05-19 13:48:53.585,OnTrack,-13146,-10169,992,pos,0 days 00:45:36.991000,0 days 01:41:13.599000
2024-05-19 13:48:53.965,OnTrack,-12838,-10118,1002,pos,0 days 00:45:37.371000,0 days 01:41:13.979000
2024-05-19 13:48:54.325,OnTrack,-12619,-10085,1009,pos,0 days 00:45:37.731000,0 days 01:41:14.339000
2024-05-19 13:48:54.645,OnTrack,-12474,-10064,1014,pos,0 days 00:45:38.051000,0 days 01:41:14.659000
2024-05-19 13:48:54.985,OnTrack,-12244,-10032,1024,pos,0 days 00:45:38.391000,0 days 01:41:14.999000
2024-05-19 13:48:55.225,OnTrack,-11982,-9996,1040,pos,0 days 00:45:38.631000,0 days 01:41:15.239000
2024-05-19 13:48:55.445,OnTrack,-11925,-9989,1044,pos,0 days 00:45:38.851000,0 days 01:41:15.459000
2024-05-19 13:48:55.645,OnTrack,-11757,-9968,1055,pos,0 days 00:45:39.051000,0 days 01:41:15.659000
2024-05-19 13:48:55.905,OnTrack,-11571,-9948,1067,pos,0 days 00:45:39.311000,0 days 01:41:15.919000
2024-05-19 13:48:56.225,OnTrack,-11340,-9929,1082,pos,0 days 00:45:39.631000,0 days 01:41:16.239000
2024-05-19 13:48:56.385,OnTrack,-11224,-9923,1089,pos,0 days 00:45:39.791000,0 days 01:41:16.399000
2024-05-19 13:48:56.565,OnTrack,-11093,-9919,1097,pos,0 days 00:45:39.971000,0 days 01:41:16.579000
2024-05-19 13:48:56.764,OnTrack,-10842,-9919,1111,pos,0 days 00:45:40.170000,0 days 01:41:16.778000
2024-05-19 13:48:57.245,OnTrack,-10591,-9932,1120,pos,0 days 00:45:40.651000,0 days 01:41:17.259000
2024-05-19 13:48:57.425,OnTrack,-10368,-9953,1122,pos,0 days 00:45:40.831000,0 days 01:41:17.439000
2024-05-19 13:48:57.905,OnTrack,-10071,-9987,1121,pos,0 days 00:45:41.311000,0 days 01:41:17.919000
2024-05-19 13:48:58.145,OnTrack,-9922,-10004,1120,pos,0 days 00:45:41.551000,0 days 01:41:18.159000
2024-05-19 13:48:58.345,OnTrack,-9772,-10021,1118,pos,0 days 00:45:41.751000,0 days 01:41:18.359000
2024-05-19 13:48:58.585,OnTrack,-9594,-10041,1117,pos,0 days 00:45:41.991000,0 days 01:41:18.599000
2024-05-19 13:48:58.905,OnTrack,-9372,-10063,1115,pos,0 days 00:45:42.311000,0 days 01:41:18.919000
2024-05-19 13:48:59.165,OnTrack,-9215,-10071,1114,pos,0 days 00:45:42.571000,0 days 01:41:19.179000
2024-05-19 13:48:59.365,OnTrack,-9088,-10064,1114,pos,0 days 00:45:42.771000,0 days 01:41:19.379000
2024-05-19 13:48:59.585,OnTrack,-8993,-10047,1114,pos,0 days 00:45:42.991000,0 days 01:41:19.599000
2024-05-19 13:48:59.885,OnTrack,-8781,-9947,1112,pos,0 days 00:45:43.291000,0 days 01:41:19.899000
2024-05-19 13:49:00.365,OnTrack,-8651,-9820,1108,pos,0 days 00:45:43.771000,0 days 01:41:20.379000
2024-05-19 13:49:00.585,OnTrack,-8572,-9696,1103,pos,0 days 00:45:43.991000,0 days 01:41:20.599000
2024-05-19 13:49:00.885,OnTrack,-8501,-9561,1100,pos,0 days 00:45:44.291000,0 days 01:41:20.899000
2024-05-19 13:49:01.125,OnTrack,-8438,-9433,1096,pos,0 days 00:45:44.531000,0 days 01:41:21.139000
2024-05-19 13:49:01.325,OnTrack,-8388,-9324,1092,pos,0 days 00:45:44.731000,0 days 01:41:21.339000
2024-05-19 13:49:01.485,OnTrack,-8350,-9233,1088,pos,0 days 00:45:44.891000,0 days 01:41:21.499000
2024-05-19 13:49:01.725,OnTrack,-8302,-9090,1083,pos,0 days 00:45:45.131000,0 days 01:41:21.739000
2024-05-19 13:49:01.925,OnTrack,-8272,-8966,1079,pos,0 days 00:45:45.331000,0 days 01:41:21.939000
2024-05-19 13:49:02.225,OnTrack,-8239,-8704,1066,pos,0 days 00:45:45.631000,0 days 01:41:22.239000
2024-05-19 13:49:02.485,OnTrack,-8237,-8596,1059,pos,0 days 00:45:45.891000,0 days 01:41:22.499000
2024-05-19 13:49:02.685,OnTrack,-8242,-8458,1051,pos,0 days 00:45:46.091000,0 days 01:41:22.699000
2024-05-19 13:49:03.005,OnTrack,-8263,-8243,1034,pos,0 days 00:45:46.411000,0 days 01:41:23.019000
2024-05-19 13:49:03.185,OnTrack,-8281,-8117,1021,pos,0 days 00:45:46.591000,0 days 01:41:23.199000
2024-05-19 13:49:03.484,OnTrack,-8331,-7851,997,pos,0 days 00:45:46.890000,0 days 01:41:23.498000
2024-05-19 13:49:03.725,OnTrack,-8357,-7738,989,pos,0 days 00:45:47.131000,0 days 01:41:23.739000
2024-05-19 13:49:03.905,OnTrack,-8386,-7610,980,pos,0 days 00:45:47.311000,0 days 01:41:23.919000
2024-05-19 13:49:04.165,OnTrack,-8429,-7424,967,pos,0 days 00:45:47.571000,0 days 01:41:24.179000
2024-05-19 13:49:04.385,OnTrack,-8465,-7266,958,pos,0 days 00:45:47.791000,0 days 01:41:24.399000
2024-05-19 13:49:04.585,OnTrack,-8498,-7121,950,pos,0 days 00:45:47.991000,0 days 01:41:24.599000
2024-05-19 13:49:04.845,OnTrack,-8541,-6932,940,pos,0 days 00:45:48.251000,0 days 01:41:24.859000
2024-05-19 13:49:05.005,OnTrack,-8567,-6815,934,pos,0 days 00:45:48.411000,0 days 01:41:25.019000
2024-05-19 13:49:05.245,OnTrack,-8606,-6640,925,pos,0 days 00:45:48.651000,0 days 01:41:25.259000
2024-05-19 13:49:05.545,OnTrack,-8646,-6425,914,pos,0 days 00:45:48.951000,0 days 01:41:25.559000
2024-05-19 13:49:05.705,OnTrack,-8654,-6317,909,pos,0 days 00:45:49.111000,0 days 01:41:25.719000
2024-05-19 13:49:05.945,OnTrack,-8638,-6157,903,pos,0 days 00:45:49.351000,0 days 01:41:25.959000
2024-05-19 13:49:06.085,OnTrack,-8583,-5987,899,pos,0 days 00:45:49.491000,0 days 01:41:26.099000
2024-05-19 13:49:06.485,OnTrack,-8459,-5745,896,pos,0 days 00:45:49.891000,0 days 01:41:26.499000
2024-05-19 13:49:06.825,OnTrack,-8403,-5648,897,pos,0 days 00:45:50.231000,0 days 01:41:26.839000
2024-05-19 13:49:07.025,OnTrack,-8350,-5563,898,pos,0 days 00:45:50.431000,0 days 01:41:27.039000
2024-05-19 13:49:07.405,OnTrack,-8229,-5417,902,pos,0 days 00:45:50.811000,0 days 01:41:27.419000
2024-05-19 13:49:07.645,OnTrack,-8176,-5375,905,pos,0 days 00:45:51.051000,0 days 01:41:27.659000
2024-05-19 13:49:07.905,OnTrack,-8090,-5336,908,pos,0 days 00:45:51.311000,0 days 01:41:27.919000
2024-05-19 13:49:08.085,OnTrack,-8026,-5325,911,pos,0 days 00:45:51.491000,0 days 01:41:28.099000
2024-05-19 13:49:08.305,OnTrack,-7944,-5330,917,pos,0 days 00:45:51.711000,0 days 01:41:28.319000
2024-05-19 13:49:08.465,OnTrack,-7885,-5342,922,pos,0 days 00:45:51.871000,0 days 01:41:28.479000
2024-05-19 13:49:08.805,OnTrack,-7765,-5373,933,pos,0 days 00:45:52.211000,0 days 01:41:28.819000
2024-05-19 13:49:08.925,OnTrack,-7671,-5398,942,pos,0 days 00:45:52.331000,0 days 01:41:28.939000
2024-05-19 13:49:09.365,OnTrack,-7559,-5420,952,pos,0 days 00:45:52.771000,0 days 01:41:29.379000
2024-05-19 13:49:09.545,OnTrack,-7487,-5430,959,pos,0 days 00:45:52.951000,0 days 01:41:29.559000
2024-05-19 13:49:09.845,OnTrack,-7365,-5439,969,pos,0 days 00:45:53.251000,0 days 01:41:29.859000
2024-05-19 13:49:09.984,OnTrack,-7303,-5442,975,pos,0 days 00:45:53.390000,0 days 01:41:29.998000
2024-05-19 13:49:10.144,OnTrack,-7227,-5443,982,pos,0 days 00:45:53.550000,0 days 01:41:30.158000
2024-05-19 13:49:10.365,OnTrack,-7119,-5443,989,pos,0 days 00:45:53.771000,0 days 01:41:30.379000
2024-05-19 13:49:10.545,OnTrack,-7027,-5442,996,pos,0 days 00:45:53.951000,0 days 01:41:30.559000
2024-05-19 13:49:10.745,OnTrack,-6921,-5441,1003,pos,0 days 00:45:54.151000,0 days 01:41:30.759000
2024-05-19 13:49:10.985,OnTrack,-6791,-5440,1010,pos,0 days 00:45:54.391000,0 days 01:41:30.999000
2024-05-19 13:49:11.245,OnTrack,-6644,-5439,1018,pos,0 days 00:45:54.651000,0 days 01:41:31.259000
2024-05-19 13:49:11.465,OnTrack,-6515,-5438,1024,pos,0 days 00:45:54.871000,0 days 01:41:31.479000
2024-05-19 13:49:11.705,OnTrack,-6369,-5436,1029,pos,0 days 00:45:55.111000,0 days 01:41:31.719000
2024-05-19 13:49:11.905,OnTrack,-6156,-5435,1035,pos,0 days 00:45:55.311000,0 days 01:41:31.919000
2024-05-19 13:49:12.285,OnTrack,-6002,-5433,1039,pos,0 days 00:45:55.691000,0 days 01:41:32.299000
2024-05-19 13:49:12.485,OnTrack,-5777,-5432,1045,pos,0 days 00:45:55.891000,0 days 01:41:32.499000
2024-05-19 13:49:12.805,OnTrack,-5656,-5431,1049,pos,0 days 00:45:56.211000,0 days 01:41:32.819000
2024-05-19 13:49:13.105,OnTrack,-5450,-5428,1055,pos,0 days 00:45:56.511000,0 days 01:41:33.119000
2024-05-19 13:49:13.245,OnTrack,-5352,-5427,1058,pos,0 days 00:45:56.651000,0 days 01:41:33.259000
2024-05-19 13:49:13.425,OnTrack,-5225,-5423,1062,pos,0 days 00:45:56.831000,0 days 01:41:33.439000
2024-05-19 13:49:13.625,OnTrack,-5084,-5415,1066,pos,0 days 00:45:57.031000,0 days 01:41:33.639000
2024-05-19 13:49:13.945,OnTrack,-4847,-5394,1073,pos,0 days 00:45:57.351000,0 days 01:41:33.959000
2024-05-19 13:49:14.105,OnTrack,-4733,-5384,1075,pos,0 days 00:45:57.511000,0 days 01:41:34.119000
2024-05-19 13:49:14.265,OnTrack,-4619,-5374,1078,pos,0 days 00:45:57.671000,0 days 01:41:34.279000
2024-05-19 13:49:14.425,OnTrack,-4505,-5364,1080,pos,0 days 00:45:57.831000,0 days 01:41:34.439000
2024-05-19 13:49:14.685,OnTrack,-4318,-5348,1082,pos,0 days 00:45:58.091000,0 days 01:41:34.699000
2024-05-19 13:49:15.005,OnTrack,-4003,-5322,1085,pos,0 days 00:45:58.411000,0 days 01:41:35.019000
2024-05-19 13:49:15.245,OnTrack,-3919,-5315,1085,pos,0 days 00:45:58.651000,0 days 01:41:35.259000
2024-05-19 13:49:15.505,OnTrack,-3752,-5302,1087,pos,0 days 00:45:58.911000,0 days 01:41:35.519000
2024-05-19 13:49:15.665,OnTrack,-3659,-5294,1087,pos,0 days 00:45:59.071000,0 days 01:41:35.679000
2024-05-19 13:49:15.905,OnTrack,-3533,-5284,1087,pos,0 days 00:45:59.311000,0 days 01:41:35.919000
2024-05-19 13:49:16.145,OnTrack,-3422,-5277,1088,pos,0 days 00:45:59.551000,0 days 01:41:36.159000
2024-05-19 13:49:16.345,OnTrack,-3339,-5273,1090,pos,0 days 00:45:59.751000,0 days 01:41:36.359000
2024-05-19 13:49:16.505,OnTrack,-3282,-5273,1090,pos,0 days 00:45:59.911000,0 days 01:41:36.519000
2024-05-19 13:49:16.825,OnTrack,-3158,-5307,1093,pos,0 days 00:46:00.231000,0 days 01:41:36.839000
2024-05-19 13:49:17.205,OnTrack,-3086,-5368,1096,pos,0 days 00:46:00.611000,0 days 01:41:37.219000
2024-05-19 13:49:17.405,OnTrack,-3018,-5443,1096,pos,0 days 00:46:00.811000,0 days 01:41:37.419000
2024-05-19 13:49:17.745,OnTrack,-2931,-5518,1096,pos,0 days 00:46:01.151000,0 days 01:41:37.759000
2024-05-19 13:49:18.105,OnTrack,-2876,-5547,1096,pos,0 days 00:46:01.511000,0 days 01:41:38.119000
2024-05-19 13:49:18.405,OnTrack,-2766,-5562,1094,pos,0 days 00:46:01.811000,0 days 01:41:38.419000
2024-05-19 13:49:18.725,OnTrack,-2704,-5551,1093,pos,0 days 00:46:02.131000,0 days 01:41:38.739000
2024-05-19 13:49:19.005,OnTrack,-2626,-5529,1091,pos,0 days 00:46:02.411000,0 days 01:41:39.019000
2024-05-19 13:49:19.285,OnTrack,-2547,-5502,1089,pos,0 days 00:46:02.691000,0 days 01:41:39.299000
2024-05-19 13:49:19.405,OnTrack,-2512,-5489,1088,pos,0 days 00:46:02.811000,0 days 01:41:39.419000
2024-05-19 13:49:19.645,OnTrack,-2439,-5458,1086,pos,0 days 00:46:03.051000,0 days 01:41:39.659000
2024-05-19 13:49:19.845,OnTrack,-2374,-5429,1085,pos,0 days 00:46:03.251000,0 days 01:41:39.859000
2024-05-19 13:49:20.125,OnTrack,-2256,-5371,1082,pos,0 days 00:46:03.531000,0 days 01:41:40.139000
2024-05-19 13:49:20.385,OnTrack,-2181,-5332,1080,pos,0 days 00:46:03.791000,0 days 01:41:40.399000
2024-05-19 13:49:20.605,OnTrack,-2097,-5287,1079,pos,0 days 00:46:04.011000,0 days 01:41:40.619000
2024-05-19 13:49:20.985,OnTrack,-1934,-5201,1075,pos,0 days 00:46:04.391000,0 days 01:41:40.999000
2024-05-19 13:49:21.145,OnTrack,-1825,-5143,1073,pos,0 days 00:46:04.551000,0 days 01:41:41.159000
2024-05-19 13:49:21.485,OnTrack,-1699,-5079,1070,pos,0 days 00:46:04.891000,0 days 01:41:41.499000
2024-05-19 13:49:21.665,OnTrack,-1608,-5034,1069,pos,0 days 00:46:05.071000,0 days 01:41:41.679000
2024-05-19 13:49:21.925,OnTrack,-1405,-4939,1065,pos,0 days 00:46:05.331000,0 days 01:41:41.939000
2024-05-19 13:49:22.385,OnTrack,-1214,-4852,1061,pos,0 days 00:46:05.791000,0 days 01:41:42.399000
2024-05-19 13:49:22.625,OnTrack,-1043,-4765,1058,pos,0 days 00:46:06.031000,0 days 01:41:42.639000
2024-05-19 13:49:22.885,OnTrack,-929,-4700,1055,pos,0 days 00:46:06.291000,0 days 01:41:42.899000
2024-05-19 13:49:23.085,OnTrack,-815,-4629,1053,pos,0 days 00:46:06.491000,0 days 01:41:43.099000
2024-05-19 13:49:23.324,OnTrack,-680,-4537,1049,pos,0 days 00:46:06.730000,0 days 01:41:43.338000
2024-05-19 13:49:23.671,OnTrack,-487,-4400,1043,pos,0 days 00:46:07.077000,0 days 01:41:43.685000
2024-05-19 13:49:23.851,OnTrack,-385,-4323,1040,pos,0 days 00:46:07.257000,0 days 01:41:43.865000
2024-05-19 13:49:24.091,OnTrack,-249,-4218,1035,pos,0 days 00:46:07.497000,0 days 01:41:44.105000
2024-05-19 13:49:24.271,OnTrack,-147,-4135,1033,pos,0 days 00:46:07.677000,0 days 01:41:44.285000
2024-05-19 13:49:24.531,OnTrack,17,-3989,1028,pos,0 days 00:46:07.937000,0 days 01:41:44.545000
2024-05-19 13:49:24.771,OnTrack,125,-3885,1026,pos,0 days 00:46:08.177000,0 days 01:41:44.785000
2024-05-19 13:49:24.992,OnTrack,240,-3766,1023,pos,0 days 00:46:08.398000,0 days 01:41:45.006000
2024-05-19 13:49:25.252,OnTrack,375,-3620,1018,pos,0 days 00:46:08.658000,0 days 01:41:45.266000
2024-05-19 13:49:25.471,OnTrack,488,-3494,1013,pos,0 days 00:46:08.877000,0 days 01:41:45.485000
2024-05-19 13:49:25.792,OnTrack,718,-3240,1000,pos,0 days 00:46:09.198000,0 days 01:41:45.806000
2024-05-19 13:49:26.072,OnTrack,877,-3064,990,pos,0 days 00:46:09.478000,0 days 01:41:46.086000
2024-05-19 13:49:26.432,OnTrack,994,-2934,980,pos,0 days 00:46:09.838000,0 days 01:41:46.446000
2024-05-19 13:49:26.692,OnTrack,1134,-2779,968,pos,0 days 00:46:10.098000,0 days 01:41:46.706000
2024-05-19 13:49:26.912,OnTrack,1253,-2649,958,pos,0 days 00:46:10.318000,0 days 01:41:46.926000
2024-05-19 13:49:27.152,OnTrack,1386,-2509,946,pos,0 days 00:46:10.558000,0 days 01:41:47.166000
2024-05-19 13:49:27.351,OnTrack,1503,-2398,935,pos,0 days 00:46:10.757000,0 days 01:41:47.365000
2024-05-19 13:49:27.611,OnTrack,1735,-2226,916,pos,0 days 00:46:11.017000,0 days 01:41:47.625000
2024-05-19 13:49:27.812,OnTrack,1881,-2147,905,pos,0 days 00:46:11.218000,0 days 01:41:47.826000
2024-05-19 13:49:27.972,OnTrack,2005,-2092,895,pos,0 days 00:46:11.378000,0 days 01:41:47.986000
2024-05-19 13:49:28.232,OnTrack,2281,-1981,875,pos,0 days 00:46:11.638000,0 days 01:41:48.246000
2024-05-19 13:49:28.612,OnTrack,2545,-1874,854,pos,0 days 00:46:12.018000,0 days 01:41:48.626000
2024-05-19 13:49:29.092,OnTrack,2782,-1777,836,pos,0 days 00:46:12.498000,0 days 01:41:49.106000
2024-05-19 13:49:29.512,OnTrack,2957,-1700,825,pos,0 days 00:46:12.918000,0 days 01:41:49.526000
2024-05-19 13:49:29.632,OnTrack,3046,-1647,819,pos,0 days 00:46:13.038000,0 days 01:41:49.646000
2024-05-19 13:49:29.971,OnTrack,3100,-1599,815,pos,0 days 00:46:13.377000,0 days 01:41:49.985000
2024-05-19 13:49:30.311,OnTrack,3175,-1466,809,pos,0 days 00:46:13.717000,0 days 01:41:50.325000
2024-05-19 13:49:30.651,OnTrack,3188,-1397,806,pos,0 days 00:46:14.057000,0 days 01:41:50.665000
2024-05-19 13:49:30.911,OnTrack,3182,-1274,801,pos,0 days 00:46:14.317000,0 days 01:41:50.925000
2024-05-19 13:49:31.391,OnTrack,3160,-1175,798,pos,0 days 00:46:14.797000,0 days 01:41:51.405000
2024-05-19 13:49:31.552,OnTrack,3146,-1128,797,pos,0 days 00:46:14.958000,0 days 01:41:51.566000
2024-05-19 13:49:31.651,OnTrack,3136,-1098,796,pos,0 days 00:46:15.057000,0 days 01:41:51.665000
2024-05-19 13:49:31.931,OnTrack,3108,-1011,795,pos,0 days 00:46:15.337000,0 days 01:41:51.945000
2024-05-19 13:49:32.092,OnTrack,3089,-959,794,pos,0 days 00:46:15.498000,0 days 01:41:52.106000
2024-05-19 13:49:32.392,OnTrack,3049,-855,793,pos,0 days 00:46:15.798000,0 days 01:41:52.406000
2024-05-19 13:49:32.632,OnTrack,3008,-766,792,pos,0 days 00:46:16.038000,0 days 01:41:52.646000
2024-05-19 13:49:32.811,OnTrack,2964,-682,791,pos,0 days 00:46:16.217000,0 days 01:41:52.825000
2024-05-19 13:49:33.152,OnTrack,2892,-570,790,pos,0 days 00:46:16.558000,0 days 01:41:53.166000
2024-05-19 13:49:33.371,OnTrack,2794,-470,788,pos,0 days 00:46:16.777000,0 days 01:41:53.385000
2024-05-19 13:49:33.812,OnTrack,2647,-392,787,pos,0 days 00:46:17.218000,0 days 01:41:53.826000
2024-05-19 13:49:34.171,OnTrack,2550,-369,786,pos,0 days 00:46:17.577000,0 days 01:41:54.185000
2024-05-19 13:49:34.392,OnTrack,2466,-360,786,pos,0 days 00:46:17.798000,0 days 01:41:54.406000
2024-05-19 13:49:34.632,OnTrack,2375,-360,786,pos,0 days 00:46:18.038000,0 days 01:41:54.646000
2024-05-19 13:49:34.711,OnTrack,2344,-363,786,pos,0 days 00:46:18.117000,0 days 01:41:54.725000
2024-05-19 13:49:35.092,OnTrack,2195,-393,784,pos,0 days 00:46:18.498000,0 days 01:41:55.106000
2024-05-19 13:49:35.271,OnTrack,2122,-418,783,pos,0 days 00:46:18.677000,0 days 01:41:55.285000
2024-05-19 13:49:35.512,OnTrack,1980,-481,781,pos,0 days 00:46:18.918000,0 days 01:41:55.526000
2024-05-19 13:49:35.752,OnTrack,1919,-510,781,pos,0 days 00:46:19.158000,0 days 01:41:55.766000
2024-05-19 13:49:36.072,OnTrack,1725,-599,779,pos,0 days 00:46:19.478000,0 days 01:41:56.086000
2024-05-19 13:49:36.451,OnTrack,1525,-690,778,pos,0 days 00:46:19.857000,0 days 01:41:56.465000
2024-05-19 13:49:36.932,OnTrack,1336,-776,778,pos,0 days 00:46:20.338000,0 days 01:41:56.946000
2024-05-19 13:49:37.091,OnTrack,1181,-846,778,pos,0 days 00:46:20.497000,0 days 01:41:57.105000
2024-05-19 13:49:37.551,OnTrack,952,-950,778,pos,0 days 00:46:20.957000,0 days 01:41:57.565000
2024-05-19 13:49:37.792,OnTrack,845,-996,779,pos,0 days 00:46:21.198000,0 days 01:41:57.806000
2024-05-19 13:49:38.191,OnTrack,614,-1094,780,pos,0 days 00:46:21.597000,0 days 01:41:58.205000
2024-05-19 13:49:38.372,OnTrack,462,-1157,780,pos,0 days 00:46:21.778000,0 days 01:41:58.386000
2024-05-19 13:49:38.612,OnTrack,346,-1205,781,pos,0 days 00:46:22.018000,0 days 01:41:58.626000
2024-05-19 13:49:38.892,OnTrack,165,-1282,781,pos,0 days 00:46:22.298000,0 days 01:41:58.906000
2024-05-19 13:49:39.091,OnTrack,33,-1338,781,pos,0 days 00:46:22.497000,0 days 01:41:59.105000
2024-05-19 13:49:39.291,OnTrack,-101,-1392,781,pos,0 days 00:46:22.697000,0 days 01:41:59.305000
2024-05-19 13:49:39.492,OnTrack,-237,-1442,782,pos,0 days 00:46:22.898000,0 days 01:41:59.506000
2024-05-19 13:49:39.851,OnTrack,-551,-1532,783,pos,0 days 00:46:23.257000,0 days 01:41:59.865000
2024-05-19 13:49:40.252,OnTrack,-789,-1570,783,pos,0 days 00:46:23.658000,0 days 01:42:00.266000
2024-05-19 13:49:40.431,OnTrack,-960,-1583,784,pos,0 days 00:46:23.837000,0 days 01:42:00.445000
2024-05-19 13:49:40.652,OnTrack,-1143,-1590,784,pos,0 days 00:46:24.058000,0 days 01:42:00.666000
2024-05-19 13:49:40.792,OnTrack,-1253,-1593,785,pos,0 days 00:46:24.198000,0 days 01:42:00.806000
2024-05-19 13:49:40.971,OnTrack,-1362,-1596,785,pos,0 days 00:46:24.377000,0 days 01:42:00.985000
2024-05-19 13:49:41.192,OnTrack,-1536,-1607,786,pos,0 days 00:46:24.598000,0 days 01:42:01.206000
2024-05-19 13:49:41.352,OnTrack,-1662,-1615,786,pos,0 days 00:46:24.758000,0 days 01:42:01.366000
2024-05-19 13:49:41.632,OnTrack,-1886,-1627,787,pos,0 days 00:46:25.038000,0 days 01:42:01.646000
2024-05-19 13:49:41.832,OnTrack,-2160,-1642,788,pos,0 days 00:46:25.238000,0 days 01:42:01.846000
2024-05-19 13:49:42.332,OnTrack,-2518,-1663,790,pos,0 days 00:46:25.738000,0 days 01:42:02.346000
2024-05-19 13:49:42.552,OnTrack,-2633,-1668,791,pos,0 days 00:46:25.958000,0 days 01:42:02.566000
2024-05-19 13:49:42.871,OnTrack,-2897,-1676,792,pos,0 days 00:46:26.277000,0 days 01:42:02.885000
2024-05-19 13:49:43.071,OnTrack,-3063,-1681,792,pos,0 days 00:46:26.477000,0 days 01:42:03.085000
2024-05-19 13:49:43.271,OnTrack,-3230,-1688,793,pos,0 days 00:46:26.677000,0 days 01:42:03.285000
2024-05-19 13:49:43.531,OnTrack,-3547,-1696,794,pos,0 days 00:46:26.937000,0 days 01:42:03.545000
2024-05-19 13:49:43.911,OnTrack,-3764,-1688,795,pos,0 days 00:46:27.317000,0 days 01:42:03.925000
2024-05-19 13:49:44.111,OnTrack,-3931,-1671,796,pos,0 days 00:46:27.517000,0 days 01:42:04.125000
2024-05-19 13:49:44.411,OnTrack,-4301,-1603,798,pos,0 days 00:46:27.817000,0 days 01:42:04.425000
2024-05-19 13:49:44.651,OnTrack,-4385,-1585,799,pos,0 days 00:46:28.057000,0 days 01:42:04.665000
2024-05-19 13:49:44.912,OnTrack,-4602,-1534,800,pos,0 days 00:46:28.318000,0 days 01:42:04.926000
2024-05-19 13:49:45.132,OnTrack,-4785,-1489,801,pos,0 days 00:46:28.538000,0 days 01:42:05.146000
2024-05-19 13:49:45.291,OnTrack,-4918,-1456,802,pos,0 days 00:46:28.697000,0 days 01:42:05.305000
2024-05-19 13:49:45.531,OnTrack,-5118,-1406,804,pos,0 days 00:46:28.937000,0 days 01:42:05.545000
2024-05-19 13:49:45.712,OnTrack,-5268,-1370,805,pos,0 days 00:46:29.118000,0 days 01:42:05.726000
2024-05-19 13:49:45.871,OnTrack,-5402,-1340,806,pos,0 days 00:46:29.277000,0 days 01:42:05.885000
2024-05-19 13:49:46.091,OnTrack,-5608,-1298,809,pos,0 days 00:46:29.497000,0 days 01:42:06.105000
2024-05-19 13:49:46.312,OnTrack,-5829,-1264,810,pos,0 days 00:46:29.718000,0 days 01:42:06.326000
2024-05-19 13:49:46.512,OnTrack,-6002,-1247,811,pos,0 days 00:46:29.918000,0 days 01:42:06.526000
2024-05-19 13:49:46.872,OnTrack,-6314,-1232,814,pos,0 days 00:46:30.278000,0 days 01:42:06.886000
2024-05-19 13:49:47.032,OnTrack,-6575,-1229,815,pos,0 days 00:46:30.438000,0 days 01:42:07.046000
2024-05-19 13:49:47.372,OnTrack,-6749,-1231,816,pos,0 days 00:46:30.778000,0 days 01:42:07.386000
2024-05-19 13:49:47.652,OnTrack,-6993,-1235,817,pos,0 days 00:46:31.058000,0 days 01:42:07.666000
2024-05-19 13:49:47.832,OnTrack,-7150,-1242,817,pos,0 days 00:46:31.238000,0 days 01:42:07.846000
2024-05-19 13:49:48.071,OnTrack,-7481,-1266,818,pos,0 days 00:46:31.477000,0 days 01:42:08.085000
2024-05-19 13:49:48.472,OnTrack,-7707,-1288,818,pos,0 days 00:46:31.878000,0 days 01:42:08.486000
2024-05-19 13:49:48.672,OnTrack,-8011,-1324,818,pos,0 days 00:46:32.078000,0 days 01:42:08.686000
2024-05-19 13:49:49.052,OnTrack,-8228,-1352,819,pos,0 days 00:46:32.458000,0 days 01:42:09.066000
2024-05-19 13:49:49.232,OnTrack,-8385,-1373,819,pos,0 days 00:46:32.638000,0 days 01:42:09.246000
2024-05-19 13:49:49.531,OnTrack,-8645,-1409,819,pos,0 days 00:46:32.937000,0 days 01:42:09.545000
2024-05-19 13:49:49.691,OnTrack,-8785,-1429,819,pos,0 days 00:46:33.097000,0 days 01:42:09.705000
2024-05-19 13:49:49.951,OnTrack,-9096,-1476,819,pos,0 days 00:46:33.357000,0 days 01:42:09.965000
2024-05-19 13:49:50.231,OnTrack,-9247,-1506,819,pos,0 days 00:46:33.637000,0 days 01:42:10.245000
2024-05-19 13:49:50.611,OnTrack,-9542,-1589,819,pos,0 days 00:46:34.017000,0 days 01:42:10.625000
2024-05-19 13:49:50.771,OnTrack,-9654,-1624,819,pos,0 days 00:46:34.177000,0 days 01:42:10.785000
2024-05-19 13:49:50.951,OnTrack,-9770,-1661,818,pos,0 days 00:46:34.357000,0 days 01:42:10.965000
2024-05-19 13:49:51.191,OnTrack,-9909,-1705,818,pos,0 days 00:46:34.597000,0 days 01:42:11.205000
2024-05-19 13:49:51.372,OnTrack,-10006,-1735,819,pos,0 days 00:46:34.778000,0 days 01:42:11.386000
2024-05-19 13:49:51.551,OnTrack,-10095,-1762,818,pos,0 days 00:46:34.957000,0 days 01:42:11.565000
2024-05-19 13:49:51.771,OnTrack,-10174,-1789,818,pos,0 days 00:46:35.177000,0 days 01:42:11.785000
2024-05-19 13:49:52.051,OnTrack,-10277,-1846,818,pos,0 days 00:46:35.457000,0 days 01:42:12.065000
2024-05-19 13:49:52.252,OnTrack,-10357,-1949,818,pos,0 days 00:46:35.658000,0 days 01:42:12.266000
2024-05-19 13:49:52.512,OnTrack,-10380,-2003,818,pos,0 days 00:46:35.918000,0 days 01:42:12.526000
2024-05-19 13:49:52.711,OnTrack,-10405,-2086,819,pos,0 days 00:46:36.117000,0 days 01:42:12.725000
2024-05-19 13:49:52.992,OnTrack,-10438,-2202,819,pos,0 days 00:46:36.398000,0 days 01:42:13.006000
2024-05-19 13:49:53.211,OnTrack,-10473,-2289,819,pos,0 days 00:46:36.617000,0 days 01:42:13.225000
2024-05-19 13:49:53.372,OnTrack,-10507,-2349,819,pos,0 days 00:46:36.778000,0 days 01:42:13.386000
2024-05-19 13:49:53.572,OnTrack,-10563,-2420,818,pos,0 days 00:46:36.978000,0 days 01:42:13.586000
2024-05-19 13:49:53.832,OnTrack,-10653,-2502,818,pos,0 days 00:46:37.238000,0 days 01:42:13.846000
2024-05-19 13:49:54.031,OnTrack,-10789,-2593,819,pos,0 days 00:46:37.437000,0 days 01:42:14.045000
2024-05-19 13:49:54.512,OnTrack,-10932,-2678,821,pos,0 days 00:46:37.918000,0 days 01:42:14.526000
2024-05-19 13:49:54.692,OnTrack,-11056,-2750,822,pos,0 days 00:46:38.098000,0 days 01:42:14.706000
2024-05-19 13:49:55.131,OnTrack,-11263,-2871,823,pos,0 days 00:46:38.537000,0 days 01:42:15.145000
2024-05-19 13:49:55.552,OnTrack,-11419,-2970,824,pos,0 days 00:46:38.958000,0 days 01:42:15.566000
2024-05-19 13:49:55.732,OnTrack,-11548,-3073,825,pos,0 days 00:46:39.138000,0 days 01:42:15.746000
2024-05-19 13:49:56.031,OnTrack,-11630,-3162,825,pos,0 days 00:46:39.437000,0 days 01:42:16.045000
2024-05-19 13:49:56.351,OnTrack,-11737,-3331,825,pos,0 days 00:46:39.757000,0 days 01:42:16.365000
2024-05-19 13:49:56.532,OnTrack,-11807,-3487,826,pos,0 days 00:46:39.938000,0 days 01:42:16.546000
2024-05-19 13:49:56.832,OnTrack,-11860,-3623,827,pos,0 days 00:46:40.238000,0 days 01:42:16.846000
2024-05-19 13:49:57.031,OnTrack,-11906,-3747,828,pos,0 days 00:46:40.437000,0 days 01:42:17.045000
2024-05-19 13:49:57.251,OnTrack,-11958,-3887,828,pos,0 days 00:46:40.657000,0 days 01:42:17.265000
2024-05-19 13:49:57.571,OnTrack,-12070,-4186,829,pos,0 days 00:46:40.977000,0 days 01:42:17.585000
2024-05-19 13:49:57.952,OnTrack,-12131,-4346,830,pos,0 days 00:46:41.358000,0 days 01:42:17.966000
2024-05-19 13:49:58.172,OnTrack,-12218,-4577,830,pos,0 days 00:46:41.578000,0 days 01:42:18.186000
2024-05-19 13:49:58.551,OnTrack,-12321,-4853,831,pos,0 days 00:46:41.957000,0 days 01:42:18.565000
2024-05-19 13:49:58.911,OnTrack,-12379,-5008,831,pos,0 days 00:46:42.317000,0 days 01:42:18.925000
2024-05-19 13:49:59.111,OnTrack,-12432,-5150,832,pos,0 days 00:46:42.517000,0 days 01:42:19.125000
2024-05-19 13:49:59.292,OnTrack,-12481,-5278,832,pos,0 days 00:46:42.698000,0 days 01:42:19.306000
2024-05-19 13:49:59.552,OnTrack,-12550,-5464,833,pos,0 days 00:46:42.958000,0 days 01:42:19.566000
2024-05-19 13:49:59.832,OnTrack,-12626,-5665,833,pos,0 days 00:46:43.238000,0 days 01:42:19.846000
2024-05-19 13:50:00.011,OnTrack,-12674,-5795,833,pos,0 days 00:46:43.417000,0 days 01:42:20.025000
2024-05-19 13:50:00.212,OnTrack,-12729,-5940,833,pos,0 days 00:46:43.618000,0 days 01:42:20.226000
2024-05-19 13:50:00.432,OnTrack,-12790,-6099,834,pos,0 days 00:46:43.838000,0 days 01:42:20.446000
2024-05-19 13:50:00.612,OnTrack,-12877,-6314,835,pos,0 days 00:46:44.018000,0 days 01:42:20.626000
2024-05-19 13:50:00.972,OnTrack,-12949,-6486,835,pos,0 days 00:46:44.378000,0 days 01:42:20.986000
2024-05-19 13:50:01.172,OnTrack,-13010,-6629,836,pos,0 days 00:46:44.578000,0 days 01:42:21.186000
2024-05-19 13:50:01.352,OnTrack,-13062,-6755,836,pos,0 days 00:46:44.758000,0 days 01:42:21.366000
2024-05-19 13:50:01.652,OnTrack,-13134,-6959,837,pos,0 days 00:46:45.058000,0 days 01:42:21.666000
2024-05-19 13:50:01.852,OnTrack,-13159,-7094,838,pos,0 days 00:46:45.258000,0 days 01:42:21.866000
2024-05-19 13:50:02.132,OnTrack,-13159,-7275,838,pos,0 days 00:46:45.538000,0 days 01:42:22.146000
2024-05-19 13:50:02.272,OnTrack,-13147,-7365,839,pos,0 days 00:46:45.678000,0 days 01:42:22.286000
2024-05-19 13:50:02.492,OnTrack,-13121,-7499,840,pos,0 days 00:46:45.898000,0 days 01:42:22.506000
2024-05-19 13:50:02.731,OnTrack,-13074,-7692,841,pos,0 days 00:46:46.137000,0 days 01:42:22.745000
2024-05-19 13:50:03.171,OnTrack,-13036,-7864,843,pos,0 days 00:46:46.577000,0 days 01:42:23.185000
2024-05-19 13:50:03.352,OnTrack,-13025,-7948,843,pos,0 days 00:46:46.758000,0 days 01:42:23.366000
2024-05-19 13:50:03.531,OnTrack,-13025,-8027,844,pos,0 days 00:46:46.937000,0 days 01:42:23.545000
2024-05-19 13:50:03.711,OnTrack,-13041,-8102,844,pos,0 days 00:46:47.117000,0 days 01:42:23.725000
2024-05-19 13:50:03.912,OnTrack,-13079,-8179,845,pos,0 days 00:46:47.318000,0 days 01:42:23.926000
2024-05-19 13:50:04.051,OnTrack,-13117,-8229,846,pos,0 days 00:46:47.457000,0 days 01:42:24.065000
2024-05-19 13:50:04.231,OnTrack,-13179,-8290,847,pos,0 days 00:46:47.637000,0 days 01:42:24.245000
2024-05-19 13:50:04.571,OnTrack,-13355,-8443,849,pos,0 days 00:46:47.977000,0 days 01:42:24.585000
2024-05-19 13:50:04.891,OnTrack,-13424,-8500,850,pos,0 days 00:46:48.297000,0 days 01:42:24.905000
2024-05-19 13:50:05.171,OnTrack,-13535,-8594,851,pos,0 days 00:46:48.577000,0 days 01:42:25.185000
2024-05-19 13:50:05.431,OnTrack,-13700,-8736,853,pos,0 days 00:46:48.837000,0 days 01:42:25.445000
2024-05-19 13:50:05.691,OnTrack,-13752,-8779,854,pos,0 days 00:46:49.097000,0 days 01:42:25.705000
2024-05-19 13:50:05.852,OnTrack,-13818,-8834,855,pos,0 days 00:46:49.258000,0 days 01:42:25.866000
2024-05-19 13:50:06.211,OnTrack,-13946,-8942,858,pos,0 days 00:46:49.617000,0 days 01:42:26.225000
2024-05-19 13:50:06.251,OnTrack,-13964,-8958,859,pos,0 days 00:46:49.657000,0 days 01:42:26.265000
2024-05-19 13:50:06.531,OnTrack,-14105,-9090,863,pos,0 days 00:46:49.937000,0 days 01:42:26.545000
2024-05-19 13:50:06.712,OnTrack,-14184,-9168,866,pos,0 days 00:46:50.118000,0 days 01:42:26.726000
2024-05-19 13:50:06.912,OnTrack,-14273,-9256,869,pos,0 days 00:46:50.318000,0 days 01:42:26.926000
2024-05-19 13:50:07.192,OnTrack,-14397,-9379,875,pos,0 days 00:46:50.598000,0 days 01:42:27.206000
2024-05-19 13:50:07.391,OnTrack,-14486,-9466,880,pos,0 days 00:46:50.797000,0 days 01:42:27.405000
2024-05-19 13:50:07.651,OnTrack,-14597,-9568,884,pos,0 days 00:46:51.057000,0 days 01:42:27.665000
2024-05-19 13:50:07.812,OnTrack,-14658,-9627,887,pos,0 days 00:46:51.218000,0 days 01:42:27.826000
2024-05-19 13:50:08.092,OnTrack,-14752,-9723,892,pos,0 days 00:46:51.498000,0 days 01:42:28.106000
2024-05-19 13:50:08.152,OnTrack,-14769,-9742,892,pos,0 days 00:46:51.558000,0 days 01:42:28.166000
2024-05-19 13:50:08.512,OnTrack,-14854,-9856,897,pos,0 days 00:46:51.918000,0 days 01:42:28.526000
2024-05-19 13:50:09.231,OnTrack,-14915,-10081,905,pos,0 days 00:46:52.637000,0 days 01:42:29.245000
2024-05-19 13:50:09.511,OnTrack,-14886,-10188,911,pos,0 days 00:46:52.917000,0 days 01:42:29.525000
2024-05-19 13:50:09.811,OnTrack,-14856,-10235,914,pos,0 days 00:46:53.217000,0 days 01:42:29.825000
2024-05-19 13:50:10.111,OnTrack,-14776,-10312,920,pos,0 days 00:46:53.517000,0 days 01:42:30.125000
2024-05-19 13:50:10.551,OnTrack,-14681,-10362,924,pos,0 days 00:46:53.957000,0 days 01:42:30.565000
2024-05-19 13:50:10.931,OnTrack,-14610,-10382,928,pos,0 days 00:46:54.337000,0 days 01:42:30.945000
2024-05-19 13:50:11.191,OnTrack,-14538,-10393,932,pos,0 days 00:46:54.597000,0 days 01:42:31.205000
2024-05-19 13:50:11.451,OnTrack,-14461,-10395,936,pos,0 days 00:46:54.857000,0 days 01:42:31.465000
2024-05-19 13:50:11.772,OnTrack,-14345,-10388,941,pos,0 days 00:46:55.178000,0 days 01:42:31.786000
2024-05-19 13:50:12.031,OnTrack,-14298,-10382,944,pos,0 days 00:46:55.437000,0 days 01:42:32.045000
2024-05-19 13:50:12.332,OnTrack,-14187,-10366,949,pos,0 days 00:46:55.738000,0 days 01:42:32.346000
2024-05-19 13:50:12.531,OnTrack,-14104,-10352,952,pos,0 days 00:46:55.937000,0 days 01:42:32.545000
2024-05-19 13:50:12.771,OnTrack,-13945,-10321,960,pos,0 days 00:46:56.177000,0 days 01:42:32.785000
2024-05-19 13:50:13.111,OnTrack,-13840,-10299,964,pos,0 days 00:46:56.517000,0 days 01:42:33.125000
2024-05-19 13:50:13.412,OnTrack,-13627,-10255,973,pos,0 days 00:46:56.818000,0 days 01:42:33.426000
2024-05-19 13:50:13.712,OnTrack,-13530,-10237,978,pos,0 days 00:46:57.118000,0 days 01:42:33.726000
2024-05-19 13:50:13.992,OnTrack,-13317,-10199,986,pos,0 days 00:46:57.398000,0 days 01:42:34.006000
2024-05-19 13:50:14.451,OnTrack,-13104,-10161,993,pos,0 days 00:46:57.857000,0 days 01:42:34.465000
2024-05-19 13:50:14.652,OnTrack,-12907,-10129,1000,pos,0 days 00:46:58.058000,0 days 01:42:34.666000
2024-05-19 13:50:15.092,OnTrack,-12690,-10096,1007,pos,0 days 00:46:58.498000,0 days 01:42:35.106000
2024-05-19 13:50:15.412,OnTrack,-12494,-10067,1013,pos,0 days 00:46:58.818000,0 days 01:42:35.426000
2024-05-19 13:50:15.612,OnTrack,-12360,-10048,1019,pos,0 days 00:46:59.018000,0 days 01:42:35.626000
2024-05-19 13:50:15.791,OnTrack,-12237,-10031,1024,pos,0 days 00:46:59.197000,0 days 01:42:35.805000
2024-05-19 13:50:16.111,OnTrack,-12015,-10001,1038,pos,0 days 00:46:59.517000,0 days 01:42:36.125000
2024-05-19 13:50:16.291,OnTrack,-11799,-9973,1053,pos,0 days 00:46:59.697000,0 days 01:42:36.305000
2024-05-19 13:50:16.571,OnTrack,-11670,-9959,1061,pos,0 days 00:46:59.977000,0 days 01:42:36.585000
2024-05-19 13:50:16.851,OnTrack,-11467,-9939,1074,pos,0 days 00:47:00.257000,0 days 01:42:36.865000
2024-05-19 13:50:17.031,OnTrack,-11337,-9928,1082,pos,0 days 00:47:00.437000,0 days 01:42:37.045000
2024-05-19 13:50:17.191,OnTrack,-11220,-9922,1089,pos,0 days 00:47:00.597000,0 days 01:42:37.205000
2024-05-19 13:50:17.471,OnTrack,-11014,-9918,1101,pos,0 days 00:47:00.877000,0 days 01:42:37.485000
2024-05-19 13:50:17.711,OnTrack,-10733,-9923,1116,pos,0 days 00:47:01.117000,0 days 01:42:37.725000
2024-05-19 13:50:18.072,OnTrack,-10569,-9934,1121,pos,0 days 00:47:01.478000,0 days 01:42:38.086000
2024-05-19 13:50:18.372,OnTrack,-10301,-9960,1122,pos,0 days 00:47:01.778000,0 days 01:42:38.386000
2024-05-19 13:50:18.612,OnTrack,-10167,-9976,1122,pos,0 days 00:47:02.018000,0 days 01:42:38.626000
2024-05-19 13:50:18.991,OnTrack,-9839,-10014,1119,pos,0 days 00:47:02.397000,0 days 01:42:39.005000
2024-05-19 13:50:19.311,OnTrack,-9645,-10036,1117,pos,0 days 00:47:02.717000,0 days 01:42:39.325000
2024-05-19 13:50:19.492,OnTrack,-9514,-10050,1116,pos,0 days 00:47:02.898000,0 days 01:42:39.506000
2024-05-19 13:50:19.672,OnTrack,-9390,-10062,1115,pos,0 days 00:47:03.078000,0 days 01:42:39.686000
2024-05-19 13:50:20.032,OnTrack,-9108,-10067,1114,pos,0 days 00:47:03.438000,0 days 01:42:40.046000
2024-05-19 13:50:20.431,OnTrack,-8946,-10033,1114,pos,0 days 00:47:03.837000,0 days 01:42:40.445000
2024-05-19 13:50:20.652,OnTrack,-8781,-9947,1112,pos,0 days 00:47:04.058000,0 days 01:42:40.666000
2024-05-19 13:50:20.912,OnTrack,-8722,-9899,1110,pos,0 days 00:47:04.318000,0 days 01:42:40.926000
2024-05-19 13:50:21.271,OnTrack,-8564,-9683,1103,pos,0 days 00:47:04.677000,0 days 01:42:41.285000
2024-05-19 13:50:21.592,OnTrack,-8511,-9579,1100,pos,0 days 00:47:04.998000,0 days 01:42:41.606000
2024-05-19 13:50:21.872,OnTrack,-8439,-9434,1096,pos,0 days 00:47:05.278000,0 days 01:42:41.886000
2024-05-19 13:50:22.072,OnTrack,-8373,-9290,1090,pos,0 days 00:47:05.478000,0 days 01:42:42.086000
2024-05-19 13:50:22.431,OnTrack,-8310,-9117,1084,pos,0 days 00:47:05.837000,0 days 01:42:42.445000
2024-05-19 13:50:22.571,OnTrack,-8287,-9031,1081,pos,0 days 00:47:05.977000,0 days 01:42:42.585000
2024-05-19 13:50:22.771,OnTrack,-8261,-8904,1076,pos,0 days 00:47:06.177000,0 days 01:42:42.785000
2024-05-19 13:50:23.051,OnTrack,-8240,-8720,1067,pos,0 days 00:47:06.457000,0 days 01:42:43.065000
2024-05-19 13:50:23.391,OnTrack,-8243,-8447,1050,pos,0 days 00:47:06.797000,0 days 01:42:43.405000
2024-05-19 13:50:23.752,OnTrack,-8262,-8255,1034,pos,0 days 00:47:07.158000,0 days 01:42:43.766000
2024-05-19 13:50:23.911,OnTrack,-8278,-8143,1023,pos,0 days 00:47:07.317000,0 days 01:42:43.925000
2024-05-19 13:50:24.111,OnTrack,-8301,-8002,1011,pos,0 days 00:47:07.517000,0 days 01:42:44.125000
2024-05-19 13:50:24.431,OnTrack,-8348,-7775,991,pos,0 days 00:47:07.837000,0 days 01:42:44.445000
2024-05-19 13:50:24.612,OnTrack,-8378,-7647,982,pos,0 days 00:47:08.018000,0 days 01:42:44.626000
2024-05-19 13:50:24.791,OnTrack,-8407,-7518,973,pos,0 days 00:47:08.197000,0 days 01:42:44.805000
2024-05-19 13:50:24.991,OnTrack,-8440,-7373,964,pos,0 days 00:47:08.397000,0 days 01:42:45.005000
2024-05-19 13:50:25.172,OnTrack,-8470,-7242,956,pos,0 days 00:47:08.578000,0 days 01:42:45.186000
2024-05-19 13:50:25.372,OnTrack,-8503,-7096,949,pos,0 days 00:47:08.778000,0 days 01:42:45.386000
2024-05-19 13:50:25.531,OnTrack,-8530,-6979,943,pos,0 days 00:47:08.937000,0 days 01:42:45.545000
2024-05-19 13:50:25.712,OnTrack,-8560,-6847,936,pos,0 days 00:47:09.118000,0 days 01:42:45.726000
2024-05-19 13:50:26.052,OnTrack,-8615,-6598,923,pos,0 days 00:47:09.458000,0 days 01:42:46.066000
2024-05-19 13:50:26.272,OnTrack,-8651,-6375,912,pos,0 days 00:47:09.678000,0 days 01:42:46.286000
2024-05-19 13:50:26.711,OnTrack,-8639,-6163,903,pos,0 days 00:47:10.117000,0 days 01:42:46.725000
2024-05-19 13:50:26.892,OnTrack,-8591,-6006,899,pos,0 days 00:47:10.298000,0 days 01:42:46.906000
2024-05-19 13:50:27.332,OnTrack,-8480,-5782,896,pos,0 days 00:47:10.738000,0 days 01:42:47.346000
2024-05-19 13:50:27.492,OnTrack,-8433,-5700,896,pos,0 days 00:47:10.898000,0 days 01:42:47.506000
2024-05-19 13:50:27.632,OnTrack,-8395,-5636,897,pos,0 days 00:47:11.038000,0 days 01:42:47.646000
2024-05-19 13:50:27.952,OnTrack,-8301,-5496,900,pos,0 days 00:47:11.358000,0 days 01:42:47.966000
2024-05-19 13:50:28.192,OnTrack,-8247,-5434,902,pos,0 days 00:47:11.598000,0 days 01:42:48.206000
2024-05-19 13:50:28.472,OnTrack,-8130,-5350,906,pos,0 days 00:47:11.878000,0 days 01:42:48.486000
2024-05-19 13:50:28.892,OnTrack,-8030,-5326,911,pos,0 days 00:47:12.298000,0 days 01:42:48.906000
2024-05-19 13:50:29.111,OnTrack,-7925,-5334,919,pos,0 days 00:47:12.517000,0 days 01:42:49.125000
2024-05-19 13:50:29.492,OnTrack,-7787,-5367,931,pos,0 days 00:47:12.898000,0 days 01:42:49.506000
2024-05-19 13:50:29.951,OnTrack,-7639,-5405,945,pos,0 days 00:47:13.357000,0 days 01:42:49.965000
2024-05-19 13:50:30.312,OnTrack,-7526,-5425,955,pos,0 days 00:47:13.718000,0 days 01:42:50.326000
2024-05-19 13:50:30.491,OnTrack,-7452,-5433,962,pos,0 days 00:47:13.897000,0 days 01:42:50.505000
2024-05-19 13:50:30.771,OnTrack,-7309,-5442,974,pos,0 days 00:47:14.177000,0 days 01:42:50.785000
2024-05-19 13:50:31.211,OnTrack,-7045,-5443,995,pos,0 days 00:47:14.617000,0 days 01:42:51.225000
2024-05-19 13:50:31.632,OnTrack,-6877,-5441,1006,pos,0 days 00:47:15.038000,0 days 01:42:51.646000
2024-05-19 13:50:31.891,OnTrack,-6757,-5440,1012,pos,0 days 00:47:15.297000,0 days 01:42:51.905000
2024-05-19 13:50:32.051,OnTrack,-6666,-5439,1017,pos,0 days 00:47:15.457000,0 days 01:42:52.065000
2024-05-19 13:50:32.312,OnTrack,-6513,-5438,1024,pos,0 days 00:47:15.718000,0 days 01:42:52.326000
2024-05-19 13:50:32.631,OnTrack,-6318,-5436,1030,pos,0 days 00:47:16.037000,0 days 01:42:52.645000
2024-05-19 13:50:32.832,OnTrack,-6192,-5435,1034,pos,0 days 00:47:16.238000,0 days 01:42:52.846000
2024-05-19 13:50:33.012,OnTrack,-6077,-5434,1037,pos,0 days 00:47:16.418000,0 days 01:42:53.026000
2024-05-19 13:50:33.251,OnTrack,-5922,-5433,1042,pos,0 days 00:47:16.657000,0 days 01:42:53.265000
2024-05-19 13:50:33.432,OnTrack,-5776,-5432,1045,pos,0 days 00:47:16.838000,0 days 01:42:53.446000
2024-05-19 13:50:33.692,OnTrack,-5627,-5430,1050,pos,0 days 00:47:17.098000,0 days 01:42:53.706000
2024-05-19 13:50:33.992,OnTrack,-5420,-5428,1056,pos,0 days 00:47:17.398000,0 days 01:42:54.006000
2024-05-19 13:50:34.212,OnTrack,-5255,-5424,1061,pos,0 days 00:47:17.618000,0 days 01:42:54.226000
2024-05-19 13:50:34.452,OnTrack,-5086,-5415,1066,pos,0 days 00:47:17.858000,0 days 01:42:54.466000
2024-05-19 13:50:34.552,OnTrack,-5017,-5409,1068,pos,0 days 00:47:17.958000,0 days 01:42:54.566000
2024-05-19 13:50:34.732,OnTrack,-4890,-5398,1072,pos,0 days 00:47:18.138000,0 days 01:42:54.746000
2024-05-19 13:50:35.012,OnTrack,-4591,-5371,1079,pos,0 days 00:47:18.418000,0 days 01:42:55.026000
2024-05-19 13:50:35.372,OnTrack,-4434,-5358,1081,pos,0 days 00:47:18.778000,0 days 01:42:55.386000
2024-05-19 13:50:35.571,OnTrack,-4291,-5346,1083,pos,0 days 00:47:18.977000,0 days 01:42:55.585000
2024-05-19 13:50:35.751,OnTrack,-4162,-5335,1083,pos,0 days 00:47:19.157000,0 days 01:42:55.765000
2024-05-19 13:50:35.992,OnTrack,-3990,-5321,1085,pos,0 days 00:47:19.398000,0 days 01:42:56.006000
2024-05-19 13:50:36.211,OnTrack,-3843,-5309,1086,pos,0 days 00:47:19.617000,0 days 01:42:56.225000
2024-05-19 13:50:36.511,OnTrack,-3612,-5290,1087,pos,0 days 00:47:19.917000,0 days 01:42:56.525000
2024-05-19 13:50:36.812,OnTrack,-3514,-5283,1087,pos,0 days 00:47:20.218000,0 days 01:42:56.826000
2024-05-19 13:50:37.051,OnTrack,-3357,-5273,1089,pos,0 days 00:47:20.457000,0 days 01:42:57.065000
2024-05-19 13:50:37.531,OnTrack,-3213,-5281,1092,pos,0 days 00:47:20.937000,0 days 01:42:57.545000
2024-05-19 13:50:37.932,OnTrack,-3114,-5340,1095,pos,0 days 00:47:21.338000,0 days 01:42:57.946000
2024-05-19 13:50:37.992,OnTrack,-3099,-5354,1095,pos,0 days 00:47:21.398000,0 days 01:42:58.006000
2024-05-19 13:50:38.291,OnTrack,-3031,-5429,1096,pos,0 days 00:47:21.697000,0 days 01:42:58.305000
2024-05-19 13:50:38.512,OnTrack,-2982,-5478,1096,pos,0 days 00:47:21.918000,0 days 01:42:58.526000
2024-05-19 13:50:38.752,OnTrack,-2927,-5521,1096,pos,0 days 00:47:22.158000,0 days 01:42:58.766000
2024-05-19 13:50:38.832,OnTrack,-2907,-5533,1096,pos,0 days 00:47:22.238000,0 days 01:42:58.846000
2024-05-19 13:50:39.132,OnTrack,-2798,-5563,1094,pos,0 days 00:47:22.538000,0 days 01:42:59.146000
2024-05-19 13:50:39.592,OnTrack,-2670,-5542,1092,pos,0 days 00:47:22.998000,0 days 01:42:59.606000
2024-05-19 13:50:39.952,OnTrack,-2562,-5508,1089,pos,0 days 00:47:23.358000,0 days 01:42:59.966000
2024-05-19 13:50:40.372,OnTrack,-2479,-5475,1087,pos,0 days 00:47:23.778000,0 days 01:43:00.386000
2024-05-19 13:50:40.591,OnTrack,-2410,-5446,1086,pos,0 days 00:47:23.997000,0 days 01:43:00.605000
2024-05-19 13:50:40.812,OnTrack,-2337,-5411,1084,pos,0 days 00:47:24.218000,0 days 01:43:00.826000
2024-05-19 13:50:41.012,OnTrack,-2266,-5375,1083,pos,0 days 00:47:24.418000,0 days 01:43:01.026000
2024-05-19 13:50:41.232,OnTrack,-2136,-5308,1080,pos,0 days 00:47:24.638000,0 days 01:43:01.246000
2024-05-19 13:50:41.472,OnTrack,-2086,-5282,1078,pos,0 days 00:47:24.878000,0 days 01:43:01.486000
2024-05-19 13:50:41.652,OnTrack,-2010,-5241,1077,pos,0 days 00:47:25.058000,0 days 01:43:01.666000
2024-05-19 13:50:42.032,OnTrack,-1809,-5135,1073,pos,0 days 00:47:25.438000,0 days 01:43:02.046000
2024-05-19 13:50:42.451,OnTrack,-1630,-5045,1069,pos,0 days 00:47:25.857000,0 days 01:43:02.465000
2024-05-19 13:50:42.631,OnTrack,-1522,-4993,1067,pos,0 days 00:47:26.037000,0 days 01:43:02.645000
2024-05-19 13:50:42.851,OnTrack,-1402,-4938,1065,pos,0 days 00:47:26.257000,0 days 01:43:02.865000
2024-05-19 13:50:43.011,OnTrack,-1234,-4861,1062,pos,0 days 00:47:26.417000,0 days 01:43:03.025000
2024-05-19 13:50:43.451,OnTrack,-1030,-4758,1058,pos,0 days 00:47:26.857000,0 days 01:43:03.465000
2024-05-19 13:50:43.831,OnTrack,-848,-4650,1053,pos,0 days 00:47:27.237000,0 days 01:43:03.845000
2024-05-19 13:50:43.952,OnTrack,-780,-4606,1052,pos,0 days 00:47:27.358000,0 days 01:43:03.966000
2024-05-19 13:50:44.192,OnTrack,-565,-4457,1045,pos,0 days 00:47:27.598000,0 days 01:43:04.206000
2024-05-19 13:50:44.532,OnTrack,-452,-4374,1042,pos,0 days 00:47:27.938000,0 days 01:43:04.546000
2024-05-19 13:50:44.772,OnTrack,-316,-4271,1038,pos,0 days 00:47:28.178000,0 days 01:43:04.786000
2024-05-19 13:50:45.111,OnTrack,-125,-4116,1032,pos,0 days 00:47:28.517000,0 days 01:43:05.125000
2024-05-19 13:50:45.292,OnTrack,17,-3989,1028,pos,0 days 00:47:28.698000,0 days 01:43:05.306000
2024-05-19 13:50:45.711,OnTrack,250,-3756,1022,pos,0 days 00:47:29.117000,0 days 01:43:05.725000
2024-05-19 13:50:46.031,OnTrack,364,-3632,1018,pos,0 days 00:47:29.437000,0 days 01:43:06.045000
2024-05-19 13:50:46.232,OnTrack,467,-3518,1014,pos,0 days 00:47:29.638000,0 days 01:43:06.246000
2024-05-19 13:50:46.551,OnTrack,633,-3333,1005,pos,0 days 00:47:29.957000,0 days 01:43:06.565000
2024-05-19 13:50:46.772,OnTrack,812,-3135,994,pos,0 days 00:47:30.178000,0 days 01:43:06.786000
2024-05-19 13:50:47.131,OnTrack,940,-2994,984,pos,0 days 00:47:30.537000,0 days 01:43:07.145000
2024-05-19 13:50:47.292,OnTrack,1101,-2816,971,pos,0 days 00:47:30.698000,0 days 01:43:07.306000
2024-05-19 13:50:47.712,OnTrack,1328,-2568,951,pos,0 days 00:47:31.118000,0 days 01:43:07.726000
2024-05-19 13:50:48.052,OnTrack,1442,-2454,941,pos,0 days 00:47:31.458000,0 days 01:43:08.066000
2024-05-19 13:50:48.252,OnTrack,1564,-2348,931,pos,0 days 00:47:31.658000,0 days 01:43:08.266000
2024-05-19 13:50:48.632,OnTrack,1915,-2131,902,pos,0 days 00:47:32.038000,0 days 01:43:08.646000
2024-05-19 13:50:48.911,OnTrack,2105,-2051,887,pos,0 days 00:47:32.317000,0 days 01:43:08.925000
2024-05-19 13:50:49.191,OnTrack,2315,-1968,871,pos,0 days 00:47:32.597000,0 days 01:43:09.205000
2024-05-19 13:50:49.371,OnTrack,2441,-1917,862,pos,0 days 00:47:32.777000,0 days 01:43:09.385000
2024-05-19 13:50:49.651,OnTrack,2691,-1814,842,pos,0 days 00:47:33.057000,0 days 01:43:09.665000
2024-05-19 13:50:50.031,OnTrack,2814,-1764,834,pos,0 days 00:47:33.437000,0 days 01:43:10.045000
2024-05-19 13:50:50.091,OnTrack,2841,-1753,833,pos,0 days 00:47:33.497000,0 days 01:43:10.105000
2024-05-19 13:50:50.331,OnTrack,2941,-1708,826,pos,0 days 00:47:33.737000,0 days 01:43:10.345000
2024-05-19 13:50:50.571,OnTrack,3072,-1627,817,pos,0 days 00:47:33.977000,0 days 01:43:10.585000
2024-05-19 13:50:50.992,OnTrack,3139,-1548,812,pos,0 days 00:47:34.398000,0 days 01:43:11.006000
2024-05-19 13:50:51.272,OnTrack,3180,-1451,808,pos,0 days 00:47:34.678000,0 days 01:43:11.286000
2024-05-19 13:50:51.691,OnTrack,3187,-1308,802,pos,0 days 00:47:35.097000,0 days 01:43:11.705000
2024-05-19 13:50:51.991,OnTrack,3164,-1190,799,pos,0 days 00:47:35.397000,0 days 01:43:12.005000
2024-05-19 13:50:52.392,OnTrack,3140,-1107,797,pos,0 days 00:47:35.798000,0 days 01:43:12.406000
2024-05-19 13:50:52.692,OnTrack,3107,-1009,795,pos,0 days 00:47:36.098000,0 days 01:43:12.706000
2024-05-19 13:50:52.872,OnTrack,3085,-947,794,pos,0 days 00:47:36.278000,0 days 01:43:12.886000
2024-05-19 13:50:53.132,OnTrack,3049,-854,793,pos,0 days 00:47:36.538000,0 days 01:43:13.146000
2024-05-19 13:50:53.172,OnTrack,3042,-840,793,pos,0 days 00:47:36.578000,0 days 01:43:13.186000
2024-05-19 13:50:53.532,OnTrack,2976,-703,791,pos,0 days 00:47:36.938000,0 days 01:43:13.546000
2024-05-19 13:50:53.712,OnTrack,2916,-604,790,pos,0 days 00:47:37.118000,0 days 01:43:13.726000
2024-05-19 13:50:54.012,OnTrack,2858,-530,789,pos,0 days 00:47:37.418000,0 days 01:43:14.026000
2024-05-19 13:50:54.211,OnTrack,2798,-474,788,pos,0 days 00:47:37.617000,0 days 01:43:14.225000
2024-05-19 13:50:54.452,OnTrack,2717,-422,787,pos,0 days 00:47:37.858000,0 days 01:43:14.466000
2024-05-19 13:50:54.772,OnTrack,2570,-372,786,pos,0 days 00:47:38.178000,0 days 01:43:14.786000
2024-05-19 13:50:55.192,OnTrack,2441,-359,786,pos,0 days 00:47:38.598000,0 days 01:43:15.206000
2024-05-19 13:50:55.371,OnTrack,2372,-361,786,pos,0 days 00:47:38.777000,0 days 01:43:15.385000
2024-05-19 13:50:55.531,OnTrack,2310,-367,785,pos,0 days 00:47:38.937000,0 days 01:43:15.545000
2024-05-19 13:50:55.771,OnTrack,2186,-396,784,pos,0 days 00:47:39.177000,0 days 01:43:15.785000
2024-05-19 13:50:56.071,OnTrack,2099,-428,783,pos,0 days 00:47:39.477000,0 days 01:43:16.085000
2024-05-19 13:50:56.391,OnTrack,1968,-487,781,pos,0 days 00:47:39.797000,0 days 01:43:16.405000
2024-05-19 13:50:56.651,OnTrack,1819,-556,780,pos,0 days 00:47:40.057000,0 days 01:43:16.665000
2024-05-19 13:50:56.891,OnTrack,1745,-590,779,pos,0 days 00:47:40.297000,0 days 01:43:16.905000
2024-05-19 13:50:57.151,OnTrack,1619,-647,778,pos,0 days 00:47:40.557000,0 days 01:43:17.165000
2024-05-19 13:50:57.371,OnTrack,1509,-697,778,pos,0 days 00:47:40.777000,0 days 01:43:17.385000
2024-05-19 13:50:57.552,OnTrack,1415,-740,778,pos,0 days 00:47:40.958000,0 days 01:43:17.566000
2024-05-19 13:50:57.792,OnTrack,1287,-798,778,pos,0 days 00:47:41.198000,0 days 01:43:17.806000
2024-05-19 13:50:57.951,OnTrack,1198,-838,778,pos,0 days 00:47:41.357000,0 days 01:43:17.965000
2024-05-19 13:50:58.152,OnTrack,1086,-889,778,pos,0 days 00:47:41.558000,0 days 01:43:18.166000
2024-05-19 13:50:58.332,OnTrack,983,-936,778,pos,0 days 00:47:41.738000,0 days 01:43:18.346000
2024-05-19 13:50:58.692,OnTrack,775,-1026,779,pos,0 days 00:47:42.098000,0 days 01:43:18.706000
2024-05-19 13:50:58.872,OnTrack,665,-1072,779,pos,0 days 00:47:42.278000,0 days 01:43:18.886000
2024-05-19 13:50:59.031,OnTrack,588,-1104,780,pos,0 days 00:47:42.437000,0 days 01:43:19.045000
2024-05-19 13:50:59.292,OnTrack,424,-1173,780,pos,0 days 00:47:42.698000,0 days 01:43:19.306000
2024-05-19 13:50:59.432,OnTrack,335,-1210,781,pos,0 days 00:47:42.838000,0 days 01:43:19.446000
2024-05-19 13:50:59.631,OnTrack,205,-1265,781,pos,0 days 00:47:43.037000,0 days 01:43:19.645000
2024-05-19 13:50:59.931,OnTrack,-18,-1359,781,pos,0 days 00:47:43.337000,0 days 01:43:19.945000
2024-05-19 13:51:00.312,OnTrack,-249,-1447,782,pos,0 days 00:47:43.718000,0 days 01:43:20.326000
2024-05-19 13:51:00.431,OnTrack,-433,-1503,782,pos,0 days 00:47:43.837000,0 days 01:43:20.445000
2024-05-19 13:51:00.812,OnTrack,-608,-1544,783,pos,0 days 00:47:44.218000,0 days 01:43:20.826000
2024-05-19 13:51:00.992,OnTrack,-741,-1565,783,pos,0 days 00:47:44.398000,0 days 01:43:21.006000
2024-05-19 13:51:01.192,OnTrack,-899,-1580,783,pos,0 days 00:47:44.598000,0 days 01:43:21.206000
2024-05-19 13:51:01.452,OnTrack,-1135,-1590,784,pos,0 days 00:47:44.858000,0 days 01:43:21.466000
2024-05-19 13:51:01.752,OnTrack,-1456,-1602,785,pos,0 days 00:47:45.158000,0 days 01:43:21.766000
2024-05-19 13:51:02.031,OnTrack,-1567,-1609,786,pos,0 days 00:47:45.437000,0 days 01:43:22.045000
2024-05-19 13:51:02.311,OnTrack,-1885,-1627,787,pos,0 days 00:47:45.717000,0 days 01:43:22.325000
2024-05-19 13:51:02.651,OnTrack,-2063,-1637,788,pos,0 days 00:47:46.057000,0 days 01:43:22.665000
2024-05-19 13:51:02.831,OnTrack,-2208,-1645,789,pos,0 days 00:47:46.237000,0 days 01:43:22.845000
2024-05-19 13:51:03.131,OnTrack,-2453,-1659,790,pos,0 days 00:47:46.537000,0 days 01:43:23.145000
2024-05-19 13:51:03.411,OnTrack,-2682,-1670,791,pos,0 days 00:47:46.817000,0 days 01:43:23.425000
2024-05-19 13:51:03.591,OnTrack,-2914,-1676,792,pos,0 days 00:47:46.997000,0 days 01:43:23.605000
2024-05-19 13:51:04.032,OnTrack,-3297,-1690,793,pos,0 days 00:47:47.438000,0 days 01:43:24.046000
2024-05-19 13:51:04.332,OnTrack,-3448,-1695,794,pos,0 days 00:47:47.738000,0 days 01:43:24.346000
2024-05-19 13:51:04.531,OnTrack,-3616,-1695,795,pos,0 days 00:47:47.937000,0 days 01:43:24.545000
2024-05-19 13:51:04.892,OnTrack,-3918,-1673,796,pos,0 days 00:47:48.298000,0 days 01:43:24.906000
2024-05-19 13:51:05.091,OnTrack,-4172,-1630,797,pos,0 days 00:47:48.497000,0 days 01:43:25.105000
2024-05-19 13:51:05.351,OnTrack,-4307,-1602,798,pos,0 days 00:47:48.757000,0 days 01:43:25.365000
2024-05-19 13:51:05.732,OnTrack,-4628,-1527,800,pos,0 days 00:47:49.138000,0 days 01:43:25.746000
2024-05-19 13:51:05.932,OnTrack,-4864,-1469,802,pos,0 days 00:47:49.338000,0 days 01:43:25.946000
2024-05-19 13:51:06.171,OnTrack,-4999,-1436,803,pos,0 days 00:47:49.577000,0 days 01:43:26.185000
2024-05-19 13:51:06.512,OnTrack,-5286,-1366,805,pos,0 days 00:47:49.918000,0 days 01:43:26.526000
2024-05-19 13:51:06.612,OnTrack,-5371,-1347,806,pos,0 days 00:47:50.018000,0 days 01:43:26.626000
2024-05-19 13:51:06.952,OnTrack,-5663,-1288,809,pos,0 days 00:47:50.358000,0 days 01:43:26.966000
2024-05-19 13:51:07.112,OnTrack,-5801,-1268,810,pos,0 days 00:47:50.518000,0 days 01:43:27.126000
2024-05-19 13:51:07.392,OnTrack,-6046,-1244,812,pos,0 days 00:47:50.798000,0 days 01:43:27.406000
2024-05-19 13:51:07.592,OnTrack,-6222,-1235,814,pos,0 days 00:47:50.998000,0 days 01:43:27.606000
2024-05-19 13:51:07.811,OnTrack,-6469,-1230,814,pos,0 days 00:47:51.217000,0 days 01:43:27.825000
2024-05-19 13:51:08.152,OnTrack,-6716,-1230,816,pos,0 days 00:47:51.558000,0 days 01:43:28.166000
2024-05-19 13:51:08.372,OnTrack,-6910,-1233,816,pos,0 days 00:47:51.778000,0 days 01:43:28.386000
2024-05-19 13:51:08.571,OnTrack,-7087,-1239,817,pos,0 days 00:47:51.977000,0 days 01:43:28.585000
2024-05-19 13:51:08.751,OnTrack,-7246,-1247,817,pos,0 days 00:47:52.157000,0 days 01:43:28.765000
2024-05-19 13:51:09.011,OnTrack,-7564,-1273,818,pos,0 days 00:47:52.417000,0 days 01:43:29.025000
2024-05-19 13:51:09.431,OnTrack,-7898,-1310,818,pos,0 days 00:47:52.837000,0 days 01:43:29.445000
2024-05-19 13:51:09.772,OnTrack,-8144,-1341,818,pos,0 days 00:47:53.178000,0 days 01:43:29.786000
2024-05-19 13:51:09.931,OnTrack,-8285,-1360,819,pos,0 days 00:47:53.337000,0 days 01:43:29.945000
2024-05-19 13:51:10.111,OnTrack,-8443,-1381,819,pos,0 days 00:47:53.517000,0 days 01:43:30.125000
2024-05-19 13:51:10.312,OnTrack,-8619,-1406,819,pos,0 days 00:47:53.718000,0 days 01:43:30.326000
2024-05-19 13:51:10.531,OnTrack,-8813,-1433,819,pos,0 days 00:47:53.937000,0 days 01:43:30.545000
2024-05-19 13:51:10.892,OnTrack,-9180,-1492,819,pos,0 days 00:47:54.298000,0 days 01:43:30.906000
2024-05-19 13:51:11.112,OnTrack,-9312,-1522,819,pos,0 days 00:47:54.518000,0 days 01:43:31.126000
2024-05-19 13:51:11.492,OnTrack,-9644,-1621,819,pos,0 days 00:47:54.898000,0 days 01:43:31.506000
2024-05-19 13:51:11.772,OnTrack,-9780,-1664,818,pos,0 days 00:47:55.178000,0 days 01:43:31.786000
2024-05-19 13:51:12.052,OnTrack,-9997,-1732,819,pos,0 days 00:47:55.458000,0 days 01:43:32.066000
2024-05-19 13:51:12.552,OnTrack,-10223,-1811,818,pos,0 days 00:47:55.958000,0 days 01:43:32.566000
2024-05-19 13:51:12.732,OnTrack,-10282,-1851,818,pos,0 days 00:47:56.138000,0 days 01:43:32.746000
2024-05-19 13:51:12.951,OnTrack,-10356,-1946,818,pos,0 days 00:47:56.357000,0 days 01:43:32.965000
2024-05-19 13:51:13.251,OnTrack,-10404,-2084,819,pos,0 days 00:47:56.657000,0 days 01:43:33.265000
2024-05-19 13:51:13.652,OnTrack,-10437,-2200,819,pos,0 days 00:47:57.058000,0 days 01:43:33.666000
2024-05-19 13:51:13.811,OnTrack,-10460,-2262,819,pos,0 days 00:47:57.217000,0 days 01:43:33.825000
2024-05-19 13:51:14.172,OnTrack,-10560,-2417,818,pos,0 days 00:47:57.578000,0 days 01:43:34.186000
2024-05-19 13:51:14.552,OnTrack,-10670,-2515,818,pos,0 days 00:47:57.958000,0 days 01:43:34.566000
2024-05-19 13:51:14.672,OnTrack,-10717,-2547,819,pos,0 days 00:47:58.078000,0 days 01:43:34.686000
2024-05-19 13:51:14.932,OnTrack,-10821,-2613,820,pos,0 days 00:47:58.338000,0 days 01:43:34.946000
2024-05-19 13:51:15.091,OnTrack,-10888,-2652,820,pos,0 days 00:47:58.497000,0 days 01:43:35.105000
2024-05-19 13:51:15.431,OnTrack,-11034,-2737,821,pos,0 days 00:47:58.837000,0 days 01:43:35.445000
2024-05-19 13:51:15.631,OnTrack,-11125,-2789,822,pos,0 days 00:47:59.037000,0 days 01:43:35.645000
2024-05-19 13:51:15.691,OnTrack,-11152,-2805,822,pos,0 days 00:47:59.097000,0 days 01:43:35.705000
2024-05-19 13:51:15.891,OnTrack,-11246,-2861,823,pos,0 days 00:47:59.297000,0 days 01:43:35.905000
2024-05-19 13:51:16.231,OnTrack,-11465,-3004,824,pos,0 days 00:47:59.637000,0 days 01:43:36.245000
2024-05-19 13:51:16.491,OnTrack,-11529,-3056,825,pos,0 days 00:47:59.897000,0 days 01:43:36.505000
2024-05-19 13:51:16.832,OnTrack,-11665,-3208,825,pos,0 days 00:48:00.238000,0 days 01:43:36.846000
2024-05-19 13:51:16.991,OnTrack,-11756,-3369,826,pos,0 days 00:48:00.397000,0 days 01:43:37.005000
2024-05-19 13:51:17.452,OnTrack,-11842,-3577,827,pos,0 days 00:48:00.858000,0 days 01:43:37.466000
2024-05-19 13:51:17.611,OnTrack,-11879,-3676,827,pos,0 days 00:48:01.017000,0 days 01:43:37.625000
2024-05-19 13:51:17.791,OnTrack,-11921,-3788,828,pos,0 days 00:48:01.197000,0 days 01:43:37.805000
2024-05-19 13:51:18.111,OnTrack,-12007,-4017,828,pos,0 days 00:48:01.517000,0 days 01:43:38.125000
2024-05-19 13:51:18.351,OnTrack,-12055,-4146,829,pos,0 days 00:48:01.757000,0 days 01:43:38.365000
2024-05-19 13:51:18.572,OnTrack,-12110,-4292,829,pos,0 days 00:48:01.978000,0 days 01:43:38.586000
2024-05-19 13:51:18.852,OnTrack,-12212,-4561,830,pos,0 days 00:48:02.258000,0 days 01:43:38.866000
2024-05-19 13:51:19.352,OnTrack,-12336,-4892,831,pos,0 days 00:48:02.758000,0 days 01:43:39.366000
2024-05-19 13:51:19.632,OnTrack,-12383,-5019,831,pos,0 days 00:48:03.038000,0 days 01:43:39.646000
2024-05-19 13:51:19.791,OnTrack,-12425,-5132,832,pos,0 days 00:48:03.197000,0 days 01:43:39.805000
2024-05-19 13:51:20.031,OnTrack,-12490,-5302,832,pos,0 days 00:48:03.437000,0 days 01:43:40.045000
2024-05-19 13:51:20.252,OnTrack,-12548,-5460,833,pos,0 days 00:48:03.658000,0 days 01:43:40.266000
2024-05-19 13:51:20.512,OnTrack,-12619,-5646,833,pos,0 days 00:48:03.918000,0 days 01:43:40.526000
2024-05-19 13:51:20.632,OnTrack,-12651,-5733,833,pos,0 days 00:48:04.038000,0 days 01:43:40.646000
2024-05-19 13:51:20.912,OnTrack,-12728,-5935,833,pos,0 days 00:48:04.318000,0 days 01:43:40.926000
2024-05-19 13:51:21.152,OnTrack,-12794,-6109,834,pos,0 days 00:48:04.558000,0 days 01:43:41.166000
2024-05-19 13:51:21.372,OnTrack,-12899,-6367,835,pos,0 days 00:48:04.778000,0 days 01:43:41.386000
2024-05-19 13:51:21.811,OnTrack,-12989,-6582,835,pos,0 days 00:48:05.217000,0 days 01:43:41.825000
2024-05-19 13:51:21.851,OnTrack,-13001,-6610,836,pos,0 days 00:48:05.257000,0 days 01:43:41.865000
2024-05-19 13:51:22.151,OnTrack,-13088,-6821,836,pos,0 days 00:48:05.557000,0 days 01:43:42.165000
2024-05-19 13:51:22.331,OnTrack,-13130,-6944,837,pos,0 days 00:48:05.737000,0 days 01:43:42.345000
2024-05-19 13:51:22.611,OnTrack,-13162,-7128,838,pos,0 days 00:48:06.017000,0 days 01:43:42.625000
2024-05-19 13:51:22.832,OnTrack,-13159,-7272,838,pos,0 days 00:48:06.238000,0 days 01:43:42.846000
2024-05-19 13:51:22.891,OnTrack,-13155,-7310,839,pos,0 days 00:48:06.297000,0 days 01:43:42.905000
2024-05-19 13:51:23.231,OnTrack,-13097,-7598,841,pos,0 days 00:48:06.637000,0 days 01:43:43.245000
2024-05-19 13:51:23.591,OnTrack,-13064,-7732,842,pos,0 days 00:48:06.997000,0 days 01:43:43.605000
2024-05-19 13:51:23.831,OnTrack,-13038,-7854,843,pos,0 days 00:48:07.237000,0 days 01:43:43.845000
2024-05-19 13:51:24.031,OnTrack,-13023,-7982,843,pos,0 days 00:48:07.437000,0 days 01:43:44.045000
2024-05-19 13:51:24.432,OnTrack,-13045,-8112,844,pos,0 days 00:48:07.838000,0 days 01:43:44.446000
2024-05-19 13:51:24.591,OnTrack,-13074,-8172,845,pos,0 days 00:48:07.997000,0 days 01:43:44.605000
2024-05-19 13:51:24.911,OnTrack,-13167,-8279,847,pos,0 days 00:48:08.317000,0 days 01:43:44.925000
2024-05-19 13:51:24.951,OnTrack,-13181,-8291,847,pos,0 days 00:48:08.357000,0 days 01:43:44.965000
2024-05-19 13:51:25.171,OnTrack,-13259,-8360,847,pos,0 days 00:48:08.577000,0 days 01:43:45.185000
2024-05-19 13:51:25.431,OnTrack,-13405,-8484,849,pos,0 days 00:48:08.837000,0 days 01:43:45.445000
2024-05-19 13:51:25.771,OnTrack,-13481,-8549,850,pos,0 days 00:48:09.177000,0 days 01:43:45.785000
2024-05-19 13:51:26.031,OnTrack,-13585,-8637,852,pos,0 days 00:48:09.437000,0 days 01:43:46.045000
2024-05-19 13:51:26.192,OnTrack,-13651,-8694,853,pos,0 days 00:48:09.598000,0 days 01:43:46.206000
2024-05-19 13:51:26.432,OnTrack,-13753,-8780,854,pos,0 days 00:48:09.838000,0 days 01:43:46.446000
2024-05-19 13:51:26.712,OnTrack,-13869,-8876,856,pos,0 days 00:48:10.118000,0 days 01:43:46.726000
2024-05-19 13:51:26.952,OnTrack,-13977,-8970,859,pos,0 days 00:48:10.358000,0 days 01:43:46.966000
2024-05-19 13:51:27.152,OnTrack,-14060,-9047,861,pos,0 days 00:48:10.558000,0 days 01:43:47.166000
2024-05-19 13:51:27.352,OnTrack,-14148,-9133,864,pos,0 days 00:48:10.758000,0 days 01:43:47.366000
2024-05-19 13:51:27.532,OnTrack,-14228,-9211,867,pos,0 days 00:48:10.938000,0 days 01:43:47.546000
2024-05-19 13:51:27.732,OnTrack,-14316,-9300,872,pos,0 days 00:48:11.138000,0 days 01:43:47.746000
2024-05-19 13:51:27.973,OnTrack,-14424,-9407,876,pos,0 days 00:48:11.379000,0 days 01:43:47.987000
2024-05-19 13:51:28.191,OnTrack,-14524,-9501,881,pos,0 days 00:48:11.597000,0 days 01:43:48.205000
2024-05-19 13:51:28.351,OnTrack,-14593,-9565,884,pos,0 days 00:48:11.757000,0 days 01:43:48.365000
2024-05-19 13:51:28.611,OnTrack,-14691,-9660,889,pos,0 days 00:48:12.017000,0 days 01:43:48.625000
2024-05-19 13:51:28.831,OnTrack,-14763,-9735,892,pos,0 days 00:48:12.237000,0 days 01:43:48.845000
2024-05-19 13:51:29.051,OnTrack,-14823,-9808,896,pos,0 days 00:48:12.457000,0 days 01:43:49.065000
2024-05-19 13:51:29.191,OnTrack,-14853,-9853,897,pos,0 days 00:48:12.597000,0 days 01:43:49.205000
2024-05-19 13:51:29.471,OnTrack,-14896,-9944,900,pos,0 days 00:48:12.877000,0 days 01:43:49.485000
2024-05-19 13:51:29.632,OnTrack,-14909,-9995,902,pos,0 days 00:48:13.038000,0 days 01:43:49.646000
2024-05-19 13:51:29.871,OnTrack,-14912,-10106,906,pos,0 days 00:48:13.277000,0 days 01:43:49.885000
2024-05-19 13:51:30.291,OnTrack,-14885,-10189,910,pos,0 days 00:48:13.697000,0 days 01:43:50.305000
2024-05-19 13:51:30.472,OnTrack,-14859,-10232,913,pos,0 days 00:48:13.878000,0 days 01:43:50.486000
2024-05-19 13:51:30.692,OnTrack,-14819,-10277,917,pos,0 days 00:48:14.098000,0 days 01:43:50.706000
2024-05-19 13:51:30.851,OnTrack,-14787,-10304,919,pos,0 days 00:48:14.257000,0 days 01:43:50.865000
2024-05-19 13:51:31.072,OnTrack,-14716,-10347,923,pos,0 days 00:48:14.478000,0 days 01:43:51.086000
2024-05-19 13:51:31.471,OnTrack,-14641,-10375,926,pos,0 days 00:48:14.877000,0 days 01:43:51.485000
2024-05-19 13:51:31.632,OnTrack,-14598,-10385,929,pos,0 days 00:48:15.038000,0 days 01:43:51.646000
2024-05-19 13:51:31.912,OnTrack,-14519,-10394,933,pos,0 days 00:48:15.318000,0 days 01:43:51.926000
2024-05-19 13:51:32.052,OnTrack,-14478,-10395,935,pos,0 days 00:48:15.458000,0 days 01:43:52.066000
2024-05-19 13:51:32.291,OnTrack,-14360,-10390,941,pos,0 days 00:48:15.697000,0 days 01:43:52.305000
2024-05-19 13:51:32.612,OnTrack,-14320,-10385,942,pos,0 days 00:48:16.018000,0 days 01:43:52.626000
2024-05-19 13:51:32.992,OnTrack,-14192,-10367,949,pos,0 days 00:48:16.398000,0 days 01:43:53.006000
2024-05-19 13:51:33.111,OnTrack,-14145,-10359,950,pos,0 days 00:48:16.517000,0 days 01:43:53.125000
2024-05-19 13:51:33.332,OnTrack,-14011,-10334,956,pos,0 days 00:48:16.738000,0 days 01:43:53.346000
2024-05-19 13:51:33.632,OnTrack,-13922,-10316,960,pos,0 days 00:48:17.038000,0 days 01:43:53.646000
2024-05-19 13:51:33.931,OnTrack,-13781,-10287,967,pos,0 days 00:48:17.337000,0 days 01:43:53.945000
2024-05-19 13:51:34.112,OnTrack,-13692,-10268,971,pos,0 days 00:48:17.518000,0 days 01:43:54.126000
2024-05-19 13:51:34.432,OnTrack,-13461,-10225,980,pos,0 days 00:48:17.838000,0 days 01:43:54.446000
2024-05-19 13:51:34.792,OnTrack,-13327,-10201,986,pos,0 days 00:48:18.198000,0 days 01:43:54.806000
2024-05-19 13:51:35.052,OnTrack,-13176,-10174,991,pos,0 days 00:48:18.458000,0 days 01:43:55.066000
2024-05-19 13:51:35.111,OnTrack,-13141,-10168,992,pos,0 days 00:48:18.517000,0 days 01:43:55.125000
2024-05-19 13:51:35.491,OnTrack,-12873,-10124,1001,pos,0 days 00:48:18.897000,0 days 01:43:55.505000
2024-05-19 13:51:35.811,OnTrack,-12708,-10099,1006,pos,0 days 00:48:19.217000,0 days 01:43:55.825000
2024-05-19 13:51:35.971,OnTrack,-12605,-10083,1009,pos,0 days 00:48:19.377000,0 days 01:43:55.985000
2024-05-19 13:51:36.311,OnTrack,-12380,-10051,1018,pos,0 days 00:48:19.717000,0 days 01:43:56.325000
2024-05-19 13:51:36.391,OnTrack,-12326,-10043,1020,pos,0 days 00:48:19.797000,0 days 01:43:56.405000
2024-05-19 13:51:37.211,OnTrack,-11735,-9966,1057,pos,0 days 00:48:20.617000,0 days 01:43:57.225000
2024-05-19 13:51:37.431,OnTrack,-11577,-9949,1066,pos,0 days 00:48:20.837000,0 days 01:43:57.445000
2024-05-19 13:51:37.711,OnTrack,-11375,-9931,1080,pos,0 days 00:48:21.117000,0 days 01:43:57.725000
2024-05-19 13:51:37.931,OnTrack,-11141,-9920,1094,pos,0 days 00:48:21.337000,0 days 01:43:57.945000
2024-05-19 13:51:38.231,OnTrack,-10993,-9918,1103,pos,0 days 00:48:21.637000,0 days 01:43:58.245000
2024-05-19 13:51:38.551,OnTrack,-10668,-9927,1118,pos,0 days 00:48:21.957000,0 days 01:43:58.565000
2024-05-19 13:51:38.972,OnTrack,-10445,-9945,1122,pos,0 days 00:48:22.378000,0 days 01:43:58.986000
2024-05-19 13:51:38.992,OnTrack,-10430,-9946,1122,pos,0 days 00:48:22.398000,0 days 01:43:59.006000
2024-05-19 13:51:39.192,OnTrack,-10281,-9962,1122,pos,0 days 00:48:22.598000,0 days 01:43:59.206000
2024-05-19 13:51:39.512,OnTrack,-10043,-9990,1121,pos,0 days 00:48:22.918000,0 days 01:43:59.526000
2024-05-19 13:51:39.712,OnTrack,-9789,-10019,1119,pos,0 days 00:48:23.118000,0 days 01:43:59.726000
2024-05-19 13:51:40.152,OnTrack,-9565,-10044,1117,pos,0 days 00:48:23.558000,0 days 01:44:00.166000
2024-05-19 13:51:40.292,OnTrack,-9464,-10055,1116,pos,0 days 00:48:23.698000,0 days 01:44:00.306000
2024-05-19 13:51:40.552,OnTrack,-9214,-10071,1114,pos,0 days 00:48:23.958000,0 days 01:44:00.566000
2024-05-19 13:51:41.012,OnTrack,-9036,-10057,1114,pos,0 days 00:48:24.418000,0 days 01:44:01.026000
2024-05-19 13:51:41.092,OnTrack,-8992,-10047,1114,pos,0 days 00:48:24.498000,0 days 01:44:01.106000
2024-05-19 13:51:41.411,OnTrack,-8829,-9978,1113,pos,0 days 00:48:24.817000,0 days 01:44:01.425000
2024-05-19 13:51:41.651,OnTrack,-8724,-9900,1110,pos,0 days 00:48:25.057000,0 days 01:44:01.665000
2024-05-19 13:51:41.751,OnTrack,-8685,-9862,1109,pos,0 days 00:48:25.157000,0 days 01:44:01.765000
2024-05-19 13:51:42.011,OnTrack,-8559,-9673,1103,pos,0 days 00:48:25.417000,0 days 01:44:02.025000
2024-05-19 13:51:42.432,OnTrack,-8485,-9529,1098,pos,0 days 00:48:25.838000,0 days 01:44:02.446000
2024-05-19 13:51:42.591,OnTrack,-8445,-9446,1096,pos,0 days 00:48:25.997000,0 days 01:44:02.605000
2024-05-19 13:51:42.771,OnTrack,-8400,-9352,1092,pos,0 days 00:48:26.177000,0 days 01:44:02.785000
2024-05-19 13:51:43.111,OnTrack,-8318,-9140,1085,pos,0 days 00:48:26.517000,0 days 01:44:03.125000
2024-05-19 13:51:43.371,OnTrack,-8281,-9007,1080,pos,0 days 00:48:26.777000,0 days 01:44:03.385000
2024-05-19 13:51:43.591,OnTrack,-8256,-8869,1074,pos,0 days 00:48:26.997000,0 days 01:44:03.605000
2024-05-19 13:51:43.792,OnTrack,-8242,-8740,1068,pos,0 days 00:48:27.198000,0 days 01:44:03.806000
2024-05-19 13:51:44.152,OnTrack,-8240,-8499,1054,pos,0 days 00:48:27.558000,0 days 01:44:04.166000
2024-05-19 13:51:44.171,OnTrack,-8240,-8485,1052,pos,0 days 00:48:27.577000,0 days 01:44:04.185000
2024-05-19 13:51:44.551,OnTrack,-8272,-8180,1028,pos,0 days 00:48:27.957000,0 days 01:44:04.565000
2024-05-19 13:51:44.952,OnTrack,-8322,-7898,1002,pos,0 days 00:48:28.358000,0 days 01:44:04.966000
2024-05-19 13:51:45.311,OnTrack,-8365,-7699,986,pos,0 days 00:48:28.717000,0 days 01:44:05.325000
2024-05-19 13:51:45.472,OnTrack,-8392,-7585,978,pos,0 days 00:48:28.878000,0 days 01:44:05.486000
2024-05-19 13:51:45.692,OnTrack,-8428,-7426,967,pos,0 days 00:48:29.098000,0 days 01:44:05.706000
2024-05-19 13:51:46.012,OnTrack,-8481,-7194,954,pos,0 days 00:48:29.418000,0 days 01:44:06.026000
2024-05-19 13:51:46.232,OnTrack,-8518,-7033,946,pos,0 days 00:48:29.638000,0 days 01:44:06.246000
2024-05-19 13:51:46.292,OnTrack,-8528,-6989,944,pos,0 days 00:48:29.698000,0 days 01:44:06.306000
2024-05-19 13:51:46.632,OnTrack,-8591,-6710,929,pos,0 days 00:48:30.038000,0 days 01:44:06.646000
2024-05-19 13:51:47.011,OnTrack,-8640,-6464,916,pos,0 days 00:48:30.417000,0 days 01:44:07.025000
2024-05-19 13:51:47.272,OnTrack,-8654,-6295,908,pos,0 days 00:48:30.678000,0 days 01:44:07.286000
2024-05-19 13:51:47.452,OnTrack,-8626,-6108,902,pos,0 days 00:48:30.858000,0 days 01:44:07.466000
2024-05-19 13:51:47.732,OnTrack,-8583,-5989,899,pos,0 days 00:48:31.138000,0 days 01:44:07.746000
2024-05-19 13:51:47.991,OnTrack,-8507,-5831,897,pos,0 days 00:48:31.397000,0 days 01:44:08.005000
2024-05-19 13:51:48.151,OnTrack,-8460,-5746,896,pos,0 days 00:48:31.557000,0 days 01:44:08.165000
2024-05-19 13:51:48.311,OnTrack,-8415,-5669,897,pos,0 days 00:48:31.717000,0 days 01:44:08.325000
2024-05-19 13:51:48.571,OnTrack,-8346,-5558,898,pos,0 days 00:48:31.977000,0 days 01:44:08.585000
2024-05-19 13:51:48.751,OnTrack,-8297,-5491,900,pos,0 days 00:48:32.157000,0 days 01:44:08.765000
2024-05-19 13:51:48.972,OnTrack,-8237,-5424,902,pos,0 days 00:48:32.378000,0 days 01:44:08.986000
2024-05-19 13:51:49.191,OnTrack,-8172,-5373,905,pos,0 days 00:48:32.597000,0 days 01:44:09.205000
2024-05-19 13:51:49.351,OnTrack,-8121,-5347,907,pos,0 days 00:48:32.757000,0 days 01:44:09.365000
2024-05-19 13:51:49.731,OnTrack,-7946,-5330,917,pos,0 days 00:48:33.137000,0 days 01:44:09.745000
2024-05-19 13:51:50.011,OnTrack,-7888,-5341,922,pos,0 days 00:48:33.417000,0 days 01:44:10.025000
2024-05-19 13:51:50.191,OnTrack,-7824,-5357,927,pos,0 days 00:48:33.597000,0 days 01:44:10.205000
2024-05-19 13:51:50.551,OnTrack,-7652,-5402,943,pos,0 days 00:48:33.957000,0 days 01:44:10.565000
2024-05-19 13:51:50.912,OnTrack,-7509,-5427,957,pos,0 days 00:48:34.318000,0 days 01:44:10.926000
2024-05-19 13:51:51.252,OnTrack,-7416,-5436,965,pos,0 days 00:48:34.658000,0 days 01:44:11.266000
2024-05-19 13:51:51.452,OnTrack,-7334,-5441,973,pos,0 days 00:48:34.858000,0 days 01:44:11.466000
2024-05-19 13:51:51.631,OnTrack,-7249,-5443,979,pos,0 days 00:48:35.037000,0 days 01:44:11.645000
2024-05-19 13:51:51.891,OnTrack,-7121,-5443,989,pos,0 days 00:48:35.297000,0 days 01:44:11.905000
2024-05-19 13:51:52.171,OnTrack,-6975,-5442,999,pos,0 days 00:48:35.577000,0 days 01:44:12.185000
2024-05-19 13:51:52.332,OnTrack,-6888,-5441,1005,pos,0 days 00:48:35.738000,0 days 01:44:12.346000
2024-05-19 13:51:52.572,OnTrack,-6720,-5439,1014,pos,0 days 00:48:35.978000,0 days 01:44:12.586000
2024-05-19 13:51:52.932,OnTrack,-6473,-5437,1025,pos,0 days 00:48:36.338000,0 days 01:44:12.946000
2024-05-19 13:51:53.392,OnTrack,-6263,-5436,1032,pos,0 days 00:48:36.798000,0 days 01:44:13.406000
2024-05-19 13:51:53.612,OnTrack,-6123,-5434,1036,pos,0 days 00:48:37.018000,0 days 01:44:13.626000
2024-05-19 13:51:53.772,OnTrack,-5927,-5433,1041,pos,0 days 00:48:37.178000,0 days 01:44:13.786000
2024-05-19 13:51:54.091,OnTrack,-5807,-5432,1045,pos,0 days 00:48:37.497000,0 days 01:44:14.105000
2024-05-19 13:51:54.392,OnTrack,-5604,-5430,1051,pos,0 days 00:48:37.798000,0 days 01:44:14.406000
2024-05-19 13:51:54.591,OnTrack,-5367,-5427,1057,pos,0 days 00:48:37.997000,0 days 01:44:14.605000
2024-05-19 13:51:54.991,OnTrack,-5183,-5421,1063,pos,0 days 00:48:38.397000,0 days 01:44:15.005000
2024-05-19 13:51:55.271,OnTrack,-5008,-5408,1068,pos,0 days 00:48:38.677000,0 days 01:44:15.285000
2024-05-19 13:51:55.351,OnTrack,-4951,-5403,1070,pos,0 days 00:48:38.757000,0 days 01:44:15.365000
2024-05-19 13:51:55.631,OnTrack,-4751,-5385,1075,pos,0 days 00:48:39.037000,0 days 01:44:15.645000
2024-05-19 13:51:55.911,OnTrack,-4522,-5365,1080,pos,0 days 00:48:39.317000,0 days 01:44:15.925000
2024-05-19 13:51:56.211,OnTrack,-4336,-5350,1082,pos,0 days 00:48:39.617000,0 days 01:44:16.225000
2024-05-19 13:51:56.491,OnTrack,-4034,-5325,1085,pos,0 days 00:48:39.897000,0 days 01:44:16.505000
2024-05-19 13:51:56.852,OnTrack,-3885,-5313,1086,pos,0 days 00:48:40.258000,0 days 01:44:16.866000
2024-05-19 13:51:57.071,OnTrack,-3674,-5295,1087,pos,0 days 00:48:40.477000,0 days 01:44:17.085000
2024-05-19 13:51:57.571,OnTrack,-3457,-5279,1088,pos,0 days 00:48:40.977000,0 days 01:44:17.585000
2024-05-19 13:51:57.932,OnTrack,-3343,-5273,1090,pos,0 days 00:48:41.338000,0 days 01:44:17.946000
2024-05-19 13:51:58.111,OnTrack,-3221,-5279,1092,pos,0 days 00:48:41.517000,0 days 01:44:18.125000
2024-05-19 13:51:58.592,OnTrack,-3091,-5363,1096,pos,0 days 00:48:41.998000,0 days 01:44:18.606000
2024-05-19 13:51:58.931,OnTrack,-3045,-5413,1096,pos,0 days 00:48:42.337000,0 days 01:44:18.945000
2024-05-19 13:51:59.112,OnTrack,-3005,-5456,1096,pos,0 days 00:48:42.518000,0 days 01:44:19.126000
2024-05-19 13:51:59.452,OnTrack,-2892,-5540,1096,pos,0 days 00:48:42.858000,0 days 01:44:19.466000
2024-05-19 13:51:59.872,OnTrack,-2807,-5563,1095,pos,0 days 00:48:43.278000,0 days 01:44:19.886000
2024-05-19 13:52:00.252,OnTrack,-2713,-5553,1093,pos,0 days 00:48:43.658000,0 days 01:44:20.266000
2024-05-19 13:52:00.452,OnTrack,-2629,-5530,1091,pos,0 days 00:48:43.858000,0 days 01:44:20.466000
2024-05-19 13:52:00.792,OnTrack,-2561,-5507,1089,pos,0 days 00:48:44.198000,0 days 01:44:20.806000
2024-05-19 13:52:00.952,OnTrack,-2514,-5490,1088,pos,0 days 00:48:44.358000,0 days 01:44:20.966000
2024-05-19 13:52:01.231,OnTrack,-2428,-5454,1086,pos,0 days 00:48:44.637000,0 days 01:44:21.245000
2024-05-19 13:52:01.431,OnTrack,-2363,-5423,1085,pos,0 days 00:48:44.837000,0 days 01:44:21.445000
2024-05-19 13:52:01.752,OnTrack,-2250,-5367,1082,pos,0 days 00:48:45.158000,0 days 01:44:21.766000
2024-05-19 13:52:01.951,OnTrack,-2118,-5298,1079,pos,0 days 00:48:45.357000,0 days 01:44:21.965000
2024-05-19 13:52:02.331,OnTrack,-2018,-5245,1077,pos,0 days 00:48:45.737000,0 days 01:44:22.345000
2024-05-19 13:52:02.491,OnTrack,-1948,-5208,1076,pos,0 days 00:48:45.897000,0 days 01:44:22.505000
2024-05-19 13:52:02.711,OnTrack,-1847,-5155,1073,pos,0 days 00:48:46.117000,0 days 01:44:22.725000
2024-05-19 13:52:02.911,OnTrack,-1752,-5106,1071,pos,0 days 00:48:46.317000,0 days 01:44:22.925000
2024-05-19 13:52:03.132,OnTrack,-1643,-5051,1069,pos,0 days 00:48:46.538000,0 days 01:44:23.146000
2024-05-19 13:52:03.432,OnTrack,-1444,-4957,1066,pos,0 days 00:48:46.838000,0 days 01:44:23.446000
2024-05-19 13:52:03.811,OnTrack,-1278,-4882,1063,pos,0 days 00:48:47.217000,0 days 01:44:23.825000
2024-05-19 13:52:04.051,OnTrack,-1063,-4776,1059,pos,0 days 00:48:47.457000,0 days 01:44:24.065000
2024-05-19 13:52:04.492,OnTrack,-894,-4679,1055,pos,0 days 00:48:47.898000,0 days 01:44:24.506000
2024-05-19 13:52:04.691,OnTrack,-781,-4606,1052,pos,0 days 00:48:48.097000,0 days 01:44:24.705000
2024-05-19 13:52:04.732,OnTrack,-758,-4591,1051,pos,0 days 00:48:48.138000,0 days 01:44:24.746000
2024-05-19 13:52:04.971,OnTrack,-623,-4498,1047,pos,0 days 00:48:48.377000,0 days 01:44:24.985000
2024-05-19 13:52:05.132,OnTrack,-532,-4433,1044,pos,0 days 00:48:48.538000,0 days 01:44:25.146000
2024-05-19 13:52:05.352,OnTrack,-408,-4341,1040,pos,0 days 00:48:48.758000,0 days 01:44:25.366000
2024-05-19 13:52:05.672,OnTrack,-226,-4200,1035,pos,0 days 00:48:49.078000,0 days 01:44:25.686000
2024-05-19 13:52:05.932,OnTrack,-37,-4039,1030,pos,0 days 00:48:49.338000,0 days 01:44:25.946000
2024-05-19 13:52:06.192,OnTrack,60,-3948,1027,pos,0 days 00:48:49.598000,0 days 01:44:26.206000
2024-05-19 13:52:06.432,OnTrack,226,-3782,1023,pos,0 days 00:48:49.838000,0 days 01:44:26.446000
2024-05-19 13:52:06.591,OnTrack,308,-3693,1020,pos,0 days 00:48:49.997000,0 days 01:44:26.605000
2024-05-19 13:52:06.812,OnTrack,421,-3569,1016,pos,0 days 00:48:50.218000,0 days 01:44:26.826000
2024-05-19 13:52:07.112,OnTrack,639,-3327,1005,pos,0 days 00:48:50.518000,0 days 01:44:27.126000
2024-05-19 13:52:07.472,OnTrack,765,-3188,997,pos,0 days 00:48:50.878000,0 days 01:44:27.486000
2024-05-19 13:52:07.631,OnTrack,849,-3094,992,pos,0 days 00:48:51.037000,0 days 01:44:27.645000
2024-05-19 13:52:07.951,OnTrack,1094,-2823,971,pos,0 days 00:48:51.357000,0 days 01:44:27.965000
2024-05-19 13:52:08.252,OnTrack,1181,-2728,964,pos,0 days 00:48:51.658000,0 days 01:44:28.266000
2024-05-19 13:52:08.511,OnTrack,1322,-2575,951,pos,0 days 00:48:51.917000,0 days 01:44:28.525000
2024-05-19 13:52:08.631,OnTrack,1389,-2506,945,pos,0 days 00:48:52.037000,0 days 01:44:28.645000
2024-05-19 13:52:09.031,OnTrack,1687,-2258,920,pos,0 days 00:48:52.437000,0 days 01:44:29.045000
2024-05-19 13:52:09.412,OnTrack,2043,-2076,892,pos,0 days 00:48:52.818000,0 days 01:44:29.426000
2024-05-19 13:52:09.672,OnTrack,2137,-2038,885,pos,0 days 00:48:53.078000,0 days 01:44:29.686000
2024-05-19 13:52:09.992,OnTrack,2373,-1944,866,pos,0 days 00:48:53.398000,0 days 01:44:30.006000
2024-05-19 13:52:10.232,OnTrack,2533,-1879,855,pos,0 days 00:48:53.638000,0 days 01:44:30.246000
2024-05-19 13:52:10.432,OnTrack,2648,-1832,846,pos,0 days 00:48:53.838000,0 days 01:44:30.446000
2024-05-19 13:52:10.611,OnTrack,2792,-1773,835,pos,0 days 00:48:54.017000,0 days 01:44:30.625000
2024-05-19 13:52:10.911,OnTrack,2884,-1734,829,pos,0 days 00:48:54.317000,0 days 01:44:30.925000
2024-05-19 13:52:11.191,OnTrack,2998,-1678,822,pos,0 days 00:48:54.597000,0 days 01:44:31.205000
2024-05-19 13:52:11.372,OnTrack,3041,-1650,819,pos,0 days 00:48:54.778000,0 days 01:44:31.386000
2024-05-19 13:52:11.592,OnTrack,3102,-1597,815,pos,0 days 00:48:54.998000,0 days 01:44:31.606000
2024-05-19 13:52:11.812,OnTrack,3146,-1536,811,pos,0 days 00:48:55.218000,0 days 01:44:31.826000
2024-05-19 13:52:11.991,OnTrack,3171,-1480,809,pos,0 days 00:48:55.397000,0 days 01:44:32.005000
2024-05-19 13:52:12.332,OnTrack,3189,-1324,803,pos,0 days 00:48:55.738000,0 days 01:44:32.346000
2024-05-19 13:52:12.632,OnTrack,3182,-1273,801,pos,0 days 00:48:56.038000,0 days 01:44:32.646000
2024-05-19 13:52:12.912,OnTrack,3155,-1159,798,pos,0 days 00:48:56.318000,0 days 01:44:32.926000
2024-05-19 13:52:13.232,OnTrack,3132,-1083,796,pos,0 days 00:48:56.638000,0 days 01:44:33.246000
2024-05-19 13:52:13.472,OnTrack,3105,-1004,795,pos,0 days 00:48:56.878000,0 days 01:44:33.486000
2024-05-19 13:52:13.692,OnTrack,3078,-928,794,pos,0 days 00:48:57.098000,0 days 01:44:33.706000
2024-05-19 13:52:13.832,OnTrack,3059,-879,793,pos,0 days 00:48:57.238000,0 days 01:44:33.846000
2024-05-19 13:52:14.092,OnTrack,3016,-782,792,pos,0 days 00:48:57.498000,0 days 01:44:34.106000
2024-05-19 13:52:14.351,OnTrack,2931,-626,790,pos,0 days 00:48:57.757000,0 days 01:44:34.365000
2024-05-19 13:52:14.792,OnTrack,2852,-524,789,pos,0 days 00:48:58.198000,0 days 01:44:34.806000
2024-05-19 13:52:14.951,OnTrack,2805,-479,788,pos,0 days 00:48:58.357000,0 days 01:44:34.965000
2024-05-19 13:52:15.191,OnTrack,2725,-426,788,pos,0 days 00:48:58.597000,0 days 01:44:35.205000
2024-05-19 13:52:15.411,OnTrack,2646,-392,787,pos,0 days 00:48:58.817000,0 days 01:44:35.425000
2024-05-19 13:52:15.591,OnTrack,2550,-369,786,pos,0 days 00:48:58.997000,0 days 01:44:35.605000
2024-05-19 13:52:15.971,OnTrack,2383,-360,786,pos,0 days 00:48:59.377000,0 days 01:44:35.985000
2024-05-19 13:52:16.331,OnTrack,2244,-380,784,pos,0 days 00:48:59.737000,0 days 01:44:36.345000
2024-05-19 13:52:16.752,OnTrack,2133,-414,783,pos,0 days 00:49:00.158000,0 days 01:44:36.766000
2024-05-19 13:52:16.992,OnTrack,1995,-474,782,pos,0 days 00:49:00.398000,0 days 01:44:37.006000
2024-05-19 13:52:17.352,OnTrack,1883,-527,781,pos,0 days 00:49:00.758000,0 days 01:44:37.366000
2024-05-19 13:52:17.671,OnTrack,1750,-588,779,pos,0 days 00:49:01.077000,0 days 01:44:37.685000
2024-05-19 13:52:17.892,OnTrack,1643,-636,778,pos,0 days 00:49:01.298000,0 days 01:44:37.906000
2024-05-19 13:52:17.991,OnTrack,1525,-690,778,pos,0 days 00:49:01.397000,0 days 01:44:38.005000
2024-05-19 13:52:18.332,OnTrack,1422,-737,778,pos,0 days 00:49:01.738000,0 days 01:44:38.346000
2024-05-19 13:52:18.531,OnTrack,1315,-785,778,pos,0 days 00:49:01.937000,0 days 01:44:38.545000
2024-05-19 13:52:18.932,OnTrack,1090,-887,778,pos,0 days 00:49:02.338000,0 days 01:44:38.946000
2024-05-19 13:52:19.091,OnTrack,998,-929,778,pos,0 days 00:49:02.497000,0 days 01:44:39.105000
2024-05-19 13:52:19.252,OnTrack,904,-971,779,pos,0 days 00:49:02.658000,0 days 01:44:39.266000
2024-05-19 13:52:19.452,OnTrack,783,-1023,779,pos,0 days 00:49:02.858000,0 days 01:44:39.466000
2024-05-19 13:52:19.651,OnTrack,657,-1075,779,pos,0 days 00:49:03.057000,0 days 01:44:39.665000
2024-05-19 13:52:19.832,OnTrack,541,-1124,780,pos,0 days 00:49:03.238000,0 days 01:44:39.846000
2024-05-19 13:52:19.972,OnTrack,452,-1161,780,pos,0 days 00:49:03.378000,0 days 01:44:39.986000
2024-05-19 13:52:20.332,OnTrack,140,-1293,781,pos,0 days 00:49:03.738000,0 days 01:44:40.346000
2024-05-19 13:52:20.692,OnTrack,-19,-1359,781,pos,0 days 00:49:04.098000,0 days 01:44:40.706000
2024-05-19 13:52:20.931,OnTrack,-182,-1423,782,pos,0 days 00:49:04.337000,0 days 01:44:40.945000
2024-05-19 13:52:21.011,OnTrack,-237,-1443,782,pos,0 days 00:49:04.417000,0 days 01:44:41.025000
2024-05-19 13:52:21.391,OnTrack,-567,-1536,783,pos,0 days 00:49:04.797000,0 days 01:44:41.405000
2024-05-19 13:52:21.691,OnTrack,-731,-1564,783,pos,0 days 00:49:05.097000,0 days 01:44:41.705000
2024-05-19 13:52:21.971,OnTrack,-986,-1584,784,pos,0 days 00:49:05.377000,0 days 01:44:41.985000
2024-05-19 13:52:22.091,OnTrack,-1081,-1588,784,pos,0 days 00:49:05.497000,0 days 01:44:42.105000
2024-05-19 13:52:22.291,OnTrack,-1239,-1593,785,pos,0 days 00:49:05.697000,0 days 01:44:42.305000
2024-05-19 13:52:22.571,OnTrack,-1440,-1601,785,pos,0 days 00:49:05.977000,0 days 01:44:42.585000
2024-05-19 13:52:22.811,OnTrack,-1631,-1613,786,pos,0 days 00:49:06.217000,0 days 01:44:42.825000
2024-05-19 13:52:23.012,OnTrack,-1790,-1622,787,pos,0 days 00:49:06.418000,0 days 01:44:43.026000
2024-05-19 13:52:23.171,OnTrack,-1919,-1629,787,pos,0 days 00:49:06.577000,0 days 01:44:43.185000
2024-05-19 13:52:23.391,OnTrack,-2096,-1639,788,pos,0 days 00:49:06.797000,0 days 01:44:43.405000
2024-05-19 13:52:23.691,OnTrack,-2404,-1656,790,pos,0 days 00:49:07.097000,0 days 01:44:43.705000
2024-05-19 13:52:24.031,OnTrack,-2732,-1671,791,pos,0 days 00:49:07.437000,0 days 01:44:44.045000
2024-05-19 13:52:24.511,OnTrack,-3013,-1680,792,pos,0 days 00:49:07.917000,0 days 01:44:44.525000
2024-05-19 13:52:24.732,OnTrack,-3196,-1686,793,pos,0 days 00:49:08.138000,0 days 01:44:44.746000
2024-05-19 13:52:24.892,OnTrack,-3329,-1691,793,pos,0 days 00:49:08.298000,0 days 01:44:44.906000
2024-05-19 13:52:25.071,OnTrack,-3479,-1695,794,pos,0 days 00:49:08.477000,0 days 01:44:45.085000
2024-05-19 13:52:25.232,OnTrack,-3613,-1695,795,pos,0 days 00:49:08.638000,0 days 01:44:45.246000
2024-05-19 13:52:25.572,OnTrack,-3896,-1675,796,pos,0 days 00:49:08.978000,0 days 01:44:45.586000
2024-05-19 13:52:25.752,OnTrack,-4114,-1641,797,pos,0 days 00:49:09.158000,0 days 01:44:45.766000
2024-05-19 13:52:26.012,OnTrack,-4265,-1611,798,pos,0 days 00:49:09.418000,0 days 01:44:46.026000
2024-05-19 13:52:26.312,OnTrack,-4516,-1554,799,pos,0 days 00:49:09.718000,0 days 01:44:46.326000
2024-05-19 13:52:26.512,OnTrack,-4783,-1489,801,pos,0 days 00:49:09.918000,0 days 01:44:46.526000
2024-05-19 13:52:26.832,OnTrack,-4950,-1448,803,pos,0 days 00:49:10.238000,0 days 01:44:46.846000
2024-05-19 13:52:27.092,OnTrack,-5167,-1395,804,pos,0 days 00:49:10.498000,0 days 01:44:47.106000
2024-05-19 13:52:27.411,OnTrack,-5437,-1332,807,pos,0 days 00:49:10.817000,0 days 01:44:47.425000
2024-05-19 13:52:27.631,OnTrack,-5703,-1281,809,pos,0 days 00:49:11.037000,0 days 01:44:47.645000
2024-05-19 13:52:27.991,OnTrack,-5978,-1249,811,pos,0 days 00:49:11.397000,0 days 01:44:48.005000
2024-05-19 13:52:28.091,OnTrack,-6065,-1242,812,pos,0 days 00:49:11.497000,0 days 01:44:48.105000
2024-05-19 13:52:28.311,OnTrack,-6257,-1233,814,pos,0 days 00:49:11.717000,0 days 01:44:48.325000
2024-05-19 13:52:28.471,OnTrack,-6397,-1230,814,pos,0 days 00:49:11.877000,0 days 01:44:48.485000
2024-05-19 13:52:28.871,OnTrack,-6747,-1231,816,pos,0 days 00:49:12.277000,0 days 01:44:48.885000
2024-05-19 13:52:29.031,OnTrack,-6887,-1233,816,pos,0 days 00:49:12.437000,0 days 01:44:49.045000
2024-05-19 13:52:29.131,OnTrack,-6974,-1235,817,pos,0 days 00:49:12.537000,0 days 01:44:49.145000
2024-05-19 13:52:29.331,OnTrack,-7150,-1242,817,pos,0 days 00:49:12.737000,0 days 01:44:49.345000
2024-05-19 13:52:29.552,OnTrack,-7342,-1254,818,pos,0 days 00:49:12.958000,0 days 01:44:49.566000
2024-05-19 13:52:29.891,OnTrack,-7640,-1281,818,pos,0 days 00:49:13.297000,0 days 01:44:49.905000
2024-05-19 13:52:30.092,OnTrack,-7814,-1300,818,pos,0 days 00:49:13.498000,0 days 01:44:50.106000
2024-05-19 13:52:30.271,OnTrack,-7979,-1320,818,pos,0 days 00:49:13.677000,0 days 01:44:50.285000
2024-05-19 13:52:30.471,OnTrack,-8246,-1354,819,pos,0 days 00:49:13.877000,0 days 01:44:50.485000
2024-05-19 13:52:30.771,OnTrack,-8438,-1381,819,pos,0 days 00:49:14.177000,0 days 01:44:50.785000
2024-05-19 13:52:31.132,OnTrack,-8753,-1424,819,pos,0 days 00:49:14.538000,0 days 01:44:51.146000
2024-05-19 13:52:31.331,OnTrack,-8928,-1449,819,pos,0 days 00:49:14.737000,0 days 01:44:51.345000
2024-05-19 13:52:31.552,OnTrack,-9137,-1484,819,pos,0 days 00:49:14.958000,0 days 01:44:51.566000
2024-05-19 13:52:31.932,OnTrack,-9468,-1566,819,pos,0 days 00:49:15.338000,0 days 01:44:51.946000
2024-05-19 13:52:32.332,OnTrack,-9816,-1675,819,pos,0 days 00:49:15.738000,0 days 01:44:52.346000
2024-05-19 13:52:32.592,OnTrack,-9887,-1697,818,pos,0 days 00:49:15.998000,0 days 01:44:52.606000
2024-05-19 13:52:32.912,OnTrack,-10102,-1764,818,pos,0 days 00:49:16.318000,0 days 01:44:52.926000
2024-05-19 13:52:33.352,OnTrack,-10225,-1812,818,pos,0 days 00:49:16.758000,0 days 01:44:53.366000
2024-05-19 13:52:33.551,OnTrack,-10289,-1857,818,pos,0 days 00:49:16.957000,0 days 01:44:53.565000
2024-05-19 13:52:33.772,OnTrack,-10353,-1940,818,pos,0 days 00:49:17.178000,0 days 01:44:53.786000
2024-05-19 13:52:34.112,OnTrack,-10398,-2061,818,pos,0 days 00:49:17.518000,0 days 01:44:54.126000
2024-05-19 13:52:34.291,OnTrack,-10419,-2137,819,pos,0 days 00:49:17.697000,0 days 01:44:54.305000
2024-05-19 13:52:34.571,OnTrack,-10456,-2251,819,pos,0 days 00:49:17.977000,0 days 01:44:54.585000
2024-05-19 13:52:34.791,OnTrack,-10535,-2388,818,pos,0 days 00:49:18.197000,0 days 01:44:54.805000
2024-05-19 13:52:35.212,OnTrack,-10627,-2481,818,pos,0 days 00:49:18.618000,0 days 01:44:55.226000
2024-05-19 13:52:35.331,OnTrack,-10673,-2516,818,pos,0 days 00:49:18.737000,0 days 01:44:55.345000
2024-05-19 13:52:35.611,OnTrack,-10829,-2617,820,pos,0 days 00:49:19.017000,0 days 01:44:55.625000
2024-05-19 13:52:36.012,OnTrack,-10977,-2704,821,pos,0 days 00:49:19.418000,0 days 01:44:56.026000
2024-05-19 13:52:36.251,OnTrack,-11068,-2756,822,pos,0 days 00:49:19.657000,0 days 01:44:56.265000
2024-05-19 13:52:36.491,OnTrack,-11181,-2822,823,pos,0 days 00:49:19.897000,0 days 01:44:56.505000
2024-05-19 13:52:36.852,OnTrack,-11386,-2948,824,pos,0 days 00:49:20.258000,0 days 01:44:56.866000
2024-05-19 13:52:37.212,OnTrack,-11529,-3056,825,pos,0 days 00:49:20.618000,0 days 01:44:57.226000
2024-05-19 13:52:37.331,OnTrack,-11581,-3106,825,pos,0 days 00:49:20.737000,0 days 01:44:57.345000
2024-05-19 13:52:37.551,OnTrack,-11666,-3210,825,pos,0 days 00:49:20.957000,0 days 01:44:57.565000
2024-05-19 13:52:37.732,OnTrack,-11726,-3308,825,pos,0 days 00:49:21.138000,0 days 01:44:57.746000
2024-05-19 13:52:37.932,OnTrack,-11785,-3433,826,pos,0 days 00:49:21.338000,0 days 01:44:57.946000
2024-05-19 13:52:38.192,OnTrack,-11848,-3593,827,pos,0 days 00:49:21.598000,0 days 01:44:58.206000
2024-05-19 13:52:38.411,OnTrack,-11900,-3731,827,pos,0 days 00:49:21.817000,0 days 01:44:58.425000
2024-05-19 13:52:38.572,OnTrack,-11937,-3832,828,pos,0 days 00:49:21.978000,0 days 01:44:58.586000
2024-05-19 13:52:38.892,OnTrack,-12015,-4039,828,pos,0 days 00:49:22.298000,0 days 01:44:58.906000
2024-05-19 13:52:39.132,OnTrack,-12095,-4250,829,pos,0 days 00:49:22.538000,0 days 01:44:59.146000
2024-05-19 13:52:39.492,OnTrack,-12191,-4507,830,pos,0 days 00:49:22.898000,0 days 01:44:59.506000
2024-05-19 13:52:39.952,OnTrack,-12310,-4825,831,pos,0 days 00:49:23.358000,0 days 01:44:59.966000
2024-05-19 13:52:40.272,OnTrack,-12369,-4980,831,pos,0 days 00:49:23.678000,0 days 01:45:00.286000
2024-05-19 13:52:40.432,OnTrack,-12411,-5093,832,pos,0 days 00:49:23.838000,0 days 01:45:00.446000
2024-05-19 13:52:40.791,OnTrack,-12508,-5351,832,pos,0 days 00:49:24.197000,0 days 01:45:00.805000
2024-05-19 13:52:40.951,OnTrack,-12551,-5466,833,pos,0 days 00:49:24.357000,0 days 01:45:00.965000
2024-05-19 13:52:41.192,OnTrack,-12616,-5639,833,pos,0 days 00:49:24.598000,0 days 01:45:01.206000
2024-05-19 13:52:41.251,OnTrack,-12632,-5682,833,pos,0 days 00:49:24.657000,0 days 01:45:01.265000
2024-05-19 13:52:41.531,OnTrack,-12709,-5885,833,pos,0 days 00:49:24.937000,0 days 01:45:01.545000
2024-05-19 13:52:41.831,OnTrack,-12803,-6132,834,pos,0 days 00:49:25.237000,0 days 01:45:01.845000
2024-05-19 13:52:42.131,OnTrack,-12879,-6319,835,pos,0 days 00:49:25.537000,0 days 01:45:02.145000
2024-05-19 13:52:42.451,OnTrack,-12975,-6548,835,pos,0 days 00:49:25.857000,0 days 01:45:02.465000
2024-05-19 13:52:42.632,OnTrack,-13030,-6677,836,pos,0 days 00:49:26.038000,0 days 01:45:02.646000
2024-05-19 13:52:42.791,OnTrack,-13076,-6790,836,pos,0 days 00:49:26.197000,0 days 01:45:02.805000
2024-05-19 13:52:43.071,OnTrack,-13147,-7013,837,pos,0 days 00:49:26.477000,0 days 01:45:03.085000
2024-05-19 13:52:43.372,OnTrack,-13163,-7167,838,pos,0 days 00:49:26.778000,0 days 01:45:03.386000
2024-05-19 13:52:43.632,OnTrack,-13141,-7398,839,pos,0 days 00:49:27.038000,0 days 01:45:03.646000
2024-05-19 13:52:43.952,OnTrack,-13113,-7534,840,pos,0 days 00:49:27.358000,0 days 01:45:03.966000
2024-05-19 13:52:44.131,OnTrack,-13087,-7639,841,pos,0 days 00:49:27.537000,0 days 01:45:04.145000
2024-05-19 13:52:44.431,OnTrack,-13049,-7800,842,pos,0 days 00:49:27.837000,0 days 01:45:04.445000
2024-05-19 13:52:44.631,OnTrack,-13026,-7936,843,pos,0 days 00:49:28.037000,0 days 01:45:04.645000
2024-05-19 13:52:45.012,OnTrack,-13032,-8069,844,pos,0 days 00:49:28.418000,0 days 01:45:05.026000
2024-05-19 13:52:45.272,OnTrack,-13074,-8172,845,pos,0 days 00:49:28.678000,0 days 01:45:05.286000
2024-05-19 13:52:45.511,OnTrack,-13145,-8258,846,pos,0 days 00:49:28.917000,0 days 01:45:05.525000
2024-05-19 13:52:45.592,OnTrack,-13173,-8285,847,pos,0 days 00:49:28.998000,0 days 01:45:05.606000
2024-05-19 13:52:45.791,OnTrack,-13248,-8350,847,pos,0 days 00:49:29.197000,0 days 01:45:05.805000
2024-05-19 13:52:46.112,OnTrack,-13366,-8452,849,pos,0 days 00:49:29.518000,0 days 01:45:06.126000
2024-05-19 13:52:46.292,OnTrack,-13435,-8510,850,pos,0 days 00:49:29.698000,0 days 01:45:06.306000
2024-05-19 13:52:46.572,OnTrack,-13546,-8604,851,pos,0 days 00:49:29.978000,0 days 01:45:06.586000
2024-05-19 13:52:46.712,OnTrack,-13644,-8688,853,pos,0 days 00:49:30.118000,0 days 01:45:06.726000
2024-05-19 13:52:47.172,OnTrack,-13814,-8831,856,pos,0 days 00:49:30.578000,0 days 01:45:07.186000
2024-05-19 13:52:47.531,OnTrack,-13932,-8930,858,pos,0 days 00:49:30.937000,0 days 01:45:07.545000
2024-05-19 13:52:47.752,OnTrack,-14044,-9031,861,pos,0 days 00:49:31.158000,0 days 01:45:07.766000
2024-05-19 13:52:48.012,OnTrack,-14220,-9204,867,pos,0 days 00:49:31.418000,0 days 01:45:08.026000
2024-05-19 13:52:48.411,OnTrack,-14336,-9319,872,pos,0 days 00:49:31.817000,0 days 01:45:08.425000
2024-05-19 13:52:48.572,OnTrack,-14470,-9451,879,pos,0 days 00:49:31.978000,0 days 01:45:08.586000
2024-05-19 13:52:49.031,OnTrack,-14659,-9628,888,pos,0 days 00:49:32.437000,0 days 01:45:09.045000
2024-05-19 13:52:49.331,OnTrack,-14713,-9682,890,pos,0 days 00:49:32.737000,0 days 01:45:09.345000
2024-05-19 13:52:49.551,OnTrack,-14779,-9753,893,pos,0 days 00:49:32.957000,0 days 01:45:09.565000
2024-05-19 13:52:49.831,OnTrack,-14845,-9841,897,pos,0 days 00:49:33.237000,0 days 01:45:09.845000
2024-05-19 13:52:50.012,OnTrack,-14877,-9898,899,pos,0 days 00:49:33.418000,0 days 01:45:10.026000
2024-05-19 13:52:50.232,OnTrack,-14903,-9967,901,pos,0 days 00:49:33.638000,0 days 01:45:10.246000
2024-05-19 13:52:50.391,OnTrack,-14913,-10017,902,pos,0 days 00:49:33.797000,0 days 01:45:10.405000
2024-05-19 13:52:50.512,OnTrack,-14916,-10054,904,pos,0 days 00:49:33.918000,0 days 01:45:10.526000
2024-05-19 13:52:50.772,OnTrack,-14894,-10170,909,pos,0 days 00:49:34.178000,0 days 01:45:10.786000
2024-05-19 13:52:51.112,OnTrack,-14867,-10220,913,pos,0 days 00:49:34.518000,0 days 01:45:11.126000
2024-05-19 13:52:51.352,OnTrack,-14824,-10272,916,pos,0 days 00:49:34.758000,0 days 01:45:11.366000
2024-05-19 13:52:51.572,OnTrack,-14780,-10309,920,pos,0 days 00:49:34.978000,0 days 01:45:11.586000
2024-05-19 13:52:51.731,OnTrack,-14744,-10333,921,pos,0 days 00:49:35.137000,0 days 01:45:11.745000
2024-05-19 13:52:52.011,OnTrack,-14639,-10376,926,pos,0 days 00:49:35.417000,0 days 01:45:12.025000
2024-05-19 13:52:52.372,OnTrack,-14580,-10388,929,pos,0 days 00:49:35.778000,0 days 01:45:12.386000
2024-05-19 13:52:52.652,OnTrack,-14471,-10395,935,pos,0 days 00:49:36.058000,0 days 01:45:12.666000
2024-05-19 13:52:53.072,OnTrack,-14372,-10391,940,pos,0 days 00:49:36.478000,0 days 01:45:13.086000
2024-05-19 13:52:53.332,OnTrack,-14300,-10383,944,pos,0 days 00:49:36.738000,0 days 01:45:13.346000
2024-05-19 13:52:53.552,OnTrack,-14220,-10371,947,pos,0 days 00:49:36.958000,0 days 01:45:13.566000
2024-05-19 13:52:53.672,OnTrack,-14174,-10364,949,pos,0 days 00:49:37.078000,0 days 01:45:13.686000
2024-05-19 13:52:53.931,OnTrack,-14027,-10337,955,pos,0 days 00:49:37.337000,0 days 01:45:13.945000
2024-05-19 13:52:54.191,OnTrack,-13956,-10323,959,pos,0 days 00:49:37.597000,0 days 01:45:14.205000
2024-05-19 13:52:54.471,OnTrack,-13826,-10296,965,pos,0 days 00:49:37.877000,0 days 01:45:14.485000
2024-05-19 13:52:54.611,OnTrack,-13759,-10282,968,pos,0 days 00:49:38.017000,0 days 01:45:14.625000
2024-05-19 13:52:55.011,OnTrack,-13509,-10233,978,pos,0 days 00:49:38.417000,0 days 01:45:15.025000
2024-05-19 13:52:55.231,OnTrack,-13433,-10220,981,pos,0 days 00:49:38.637000,0 days 01:45:15.245000
2024-05-19 13:52:55.491,OnTrack,-13287,-10194,987,pos,0 days 00:49:38.897000,0 days 01:45:15.505000
2024-05-19 13:52:55.652,OnTrack,-13193,-10177,990,pos,0 days 00:49:39.058000,0 days 01:45:15.666000
2024-05-19 13:52:55.871,OnTrack,-13063,-10154,994,pos,0 days 00:49:39.277000,0 days 01:45:15.885000
2024-05-19 13:52:56.212,OnTrack,-12815,-10115,1002,pos,0 days 00:49:39.618000,0 days 01:45:16.226000
2024-05-19 13:52:56.631,OnTrack,-12583,-10080,1010,pos,0 days 00:49:40.037000,0 days 01:45:16.645000
2024-05-19 13:52:56.851,OnTrack,-12411,-10055,1016,pos,0 days 00:49:40.257000,0 days 01:45:16.865000
2024-05-19 13:52:57.171,OnTrack,-12221,-10029,1025,pos,0 days 00:49:40.577000,0 days 01:45:17.185000
2024-05-19 13:52:57.332,OnTrack,-12111,-10014,1032,pos,0 days 00:49:40.738000,0 days 01:45:17.346000
2024-05-19 13:52:57.512,OnTrack,-11986,-9997,1040,pos,0 days 00:49:40.918000,0 days 01:45:17.526000
2024-05-19 13:52:57.771,OnTrack,-11791,-9972,1053,pos,0 days 00:49:41.177000,0 days 01:45:17.785000
2024-05-19 13:52:57.952,OnTrack,-11663,-9958,1061,pos,0 days 00:49:41.358000,0 days 01:45:17.966000
2024-05-19 13:52:58.132,OnTrack,-11533,-9945,1070,pos,0 days 00:49:41.538000,0 days 01:45:18.146000
2024-05-19 13:52:58.412,OnTrack,-11330,-9928,1083,pos,0 days 00:49:41.818000,0 days 01:45:18.426000
2024-05-19 13:52:58.571,OnTrack,-11214,-9922,1090,pos,0 days 00:49:41.977000,0 days 01:45:18.585000
2024-05-19 13:52:58.831,OnTrack,-11023,-9918,1101,pos,0 days 00:49:42.237000,0 days 01:45:18.845000
2024-05-19 13:52:59.012,OnTrack,-10890,-9918,1108,pos,0 days 00:49:42.418000,0 days 01:45:19.026000
2024-05-19 13:52:59.332,OnTrack,-10579,-9933,1120,pos,0 days 00:49:42.738000,0 days 01:45:19.346000
2024-05-19 13:52:59.572,OnTrack,-10475,-9942,1122,pos,0 days 00:49:42.978000,0 days 01:45:19.586000
2024-05-19 13:52:59.772,OnTrack,-10326,-9957,1122,pos,0 days 00:49:43.178000,0 days 01:45:19.786000
2024-05-19 13:52:59.992,OnTrack,-10162,-9976,1122,pos,0 days 00:49:43.398000,0 days 01:45:20.006000
2024-05-19 13:53:00.252,OnTrack,-9968,-9999,1120,pos,0 days 00:49:43.658000,0 days 01:45:20.266000
2024-05-19 13:53:00.451,OnTrack,-9818,-10016,1119,pos,0 days 00:49:43.857000,0 days 01:45:20.465000
2024-05-19 13:53:00.711,OnTrack,-9624,-10038,1117,pos,0 days 00:49:44.117000,0 days 01:45:20.725000
2024-05-19 13:53:00.891,OnTrack,-9492,-10052,1116,pos,0 days 00:49:44.297000,0 days 01:45:20.905000
2024-05-19 13:53:01.171,OnTrack,-9226,-10071,1114,pos,0 days 00:49:44.577000,0 days 01:45:21.185000
2024-05-19 13:53:01.612,OnTrack,-9038,-10057,1114,pos,0 days 00:49:45.018000,0 days 01:45:21.626000
2024-05-19 13:53:01.912,OnTrack,-8902,-10016,1114,pos,0 days 00:49:45.318000,0 days 01:45:21.926000
2024-05-19 13:53:02.192,OnTrack,-8772,-9940,1112,pos,0 days 00:49:45.598000,0 days 01:45:22.206000
2024-05-19 13:53:02.432,OnTrack,-8656,-9827,1107,pos,0 days 00:49:45.838000,0 days 01:45:22.446000
2024-05-19 13:53:02.831,OnTrack,-8554,-9663,1103,pos,0 days 00:49:46.237000,0 days 01:45:22.845000
2024-05-19 13:53:03.072,OnTrack,-8459,-9475,1097,pos,0 days 00:49:46.478000,0 days 01:45:23.086000
2024-05-19 13:53:03.352,OnTrack,-8417,-9389,1094,pos,0 days 00:49:46.758000,0 days 01:45:23.366000
2024-05-19 13:53:03.651,OnTrack,-8346,-9221,1088,pos,0 days 00:49:47.057000,0 days 01:45:23.665000
2024-05-19 13:53:03.812,OnTrack,-8313,-9127,1085,pos,0 days 00:49:47.218000,0 days 01:45:23.826000
2024-05-19 13:53:04.092,OnTrack,-8259,-8891,1075,pos,0 days 00:49:47.498000,0 days 01:45:24.106000
2024-05-19 13:53:04.511,OnTrack,-8238,-8680,1065,pos,0 days 00:49:47.917000,0 days 01:45:24.525000
2024-05-19 13:53:04.732,OnTrack,-8240,-8491,1053,pos,0 days 00:49:48.138000,0 days 01:45:24.746000
2024-05-19 13:53:05.052,OnTrack,-8267,-8217,1031,pos,0 days 00:49:48.458000,0 days 01:45:25.066000
2024-05-19 13:53:05.472,OnTrack,-8301,-8006,1011,pos,0 days 00:49:48.878000,0 days 01:45:25.486000
2024-05-19 13:53:05.671,OnTrack,-8329,-7865,999,pos,0 days 00:49:49.077000,0 days 01:45:25.685000
2024-05-19 13:53:05.931,OnTrack,-8370,-7680,985,pos,0 days 00:49:49.337000,0 days 01:45:25.945000
2024-05-19 13:53:06.152,OnTrack,-8406,-7523,973,pos,0 days 00:49:49.558000,0 days 01:45:26.166000
2024-05-19 13:53:06.352,OnTrack,-8452,-7321,961,pos,0 days 00:49:49.758000,0 days 01:45:26.366000
2024-05-19 13:53:06.692,OnTrack,-8495,-7132,951,pos,0 days 00:49:50.098000,0 days 01:45:26.706000
2024-05-19 13:53:06.971,OnTrack,-8562,-6840,936,pos,0 days 00:49:50.377000,0 days 01:45:26.985000
2024-05-19 13:53:07.431,OnTrack,-8623,-6561,921,pos,0 days 00:49:50.837000,0 days 01:45:27.445000
2024-05-19 13:53:07.791,OnTrack,-8653,-6346,911,pos,0 days 00:49:51.197000,0 days 01:45:27.805000
2024-05-19 13:53:08.031,OnTrack,-8644,-6184,903,pos,0 days 00:49:51.437000,0 days 01:45:28.045000
2024-05-19 13:53:08.271,OnTrack,-8569,-5955,898,pos,0 days 00:49:51.677000,0 days 01:45:28.285000
2024-05-19 13:53:08.631,OnTrack,-8490,-5800,897,pos,0 days 00:49:52.037000,0 days 01:45:28.645000
2024-05-19 13:53:08.891,OnTrack,-8388,-5624,897,pos,0 days 00:49:52.297000,0 days 01:45:28.905000
2024-05-19 13:53:09.272,OnTrack,-8314,-5514,899,pos,0 days 00:49:52.678000,0 days 01:45:29.286000
2024-05-19 13:53:09.451,OnTrack,-8228,-5416,902,pos,0 days 00:49:52.857000,0 days 01:45:29.465000
2024-05-19 13:53:09.852,OnTrack,-8143,-5356,906,pos,0 days 00:49:53.258000,0 days 01:45:29.866000
2024-05-19 13:53:10.011,OnTrack,-8090,-5336,908,pos,0 days 00:49:53.417000,0 days 01:45:30.025000
2024-05-19 13:53:10.352,OnTrack,-7940,-5331,918,pos,0 days 00:49:53.758000,0 days 01:45:30.366000
2024-05-19 13:53:10.771,OnTrack,-7813,-5360,929,pos,0 days 00:49:54.177000,0 days 01:45:30.785000
2024-05-19 13:53:11.172,OnTrack,-7628,-5407,945,pos,0 days 00:49:54.578000,0 days 01:45:31.186000
2024-05-19 13:53:11.572,OnTrack,-7486,-5430,959,pos,0 days 00:49:54.978000,0 days 01:45:31.586000
2024-05-19 13:53:11.852,OnTrack,-7409,-5437,966,pos,0 days 00:49:55.258000,0 days 01:45:31.866000
2024-05-19 13:53:12.212,OnTrack,-7195,-5443,984,pos,0 days 00:49:55.618000,0 days 01:45:32.226000
2024-05-19 13:53:12.451,OnTrack,-7146,-5443,988,pos,0 days 00:49:55.857000,0 days 01:45:32.465000
2024-05-19 13:53:12.692,OnTrack,-7023,-5442,996,pos,0 days 00:49:56.098000,0 days 01:45:32.706000
2024-05-19 13:53:12.972,OnTrack,-6873,-5441,1006,pos,0 days 00:49:56.378000,0 days 01:45:32.986000
2024-05-19 13:53:13.112,OnTrack,-6797,-5440,1010,pos,0 days 00:49:56.518000,0 days 01:45:33.126000
2024-05-19 13:53:13.392,OnTrack,-6637,-5439,1019,pos,0 days 00:49:56.798000,0 days 01:45:33.406000
2024-05-19 13:53:13.611,OnTrack,-6508,-5438,1024,pos,0 days 00:49:57.017000,0 days 01:45:33.625000
2024-05-19 13:53:13.891,OnTrack,-6338,-5436,1030,pos,0 days 00:49:57.297000,0 days 01:45:33.905000
2024-05-19 13:53:14.071,OnTrack,-6225,-5435,1033,pos,0 days 00:49:57.477000,0 days 01:45:34.085000
2024-05-19 13:53:14.311,OnTrack,-5980,-5433,1040,pos,0 days 00:49:57.717000,0 days 01:45:34.325000
2024-05-19 13:53:14.611,OnTrack,-5874,-5432,1043,pos,0 days 00:49:58.017000,0 days 01:45:34.625000
2024-05-19 13:53:14.791,OnTrack,-5754,-5431,1046,pos,0 days 00:49:58.197000,0 days 01:45:34.805000
2024-05-19 13:53:15.131,OnTrack,-5494,-5429,1054,pos,0 days 00:49:58.537000,0 days 01:45:35.145000
2024-05-19 13:53:15.492,OnTrack,-5268,-5424,1060,pos,0 days 00:49:58.898000,0 days 01:45:35.506000
2024-05-19 13:53:15.752,OnTrack,-5010,-5409,1068,pos,0 days 00:49:59.158000,0 days 01:45:35.766000
2024-05-19 13:53:16.011,OnTrack,-4910,-5400,1071,pos,0 days 00:49:59.417000,0 days 01:45:36.025000
2024-05-19 13:53:16.251,OnTrack,-4740,-5384,1075,pos,0 days 00:49:59.657000,0 days 01:45:36.265000
2024-05-19 13:53:16.531,OnTrack,-4541,-5367,1080,pos,0 days 00:49:59.937000,0 days 01:45:36.545000
2024-05-19 13:53:16.751,OnTrack,-4384,-5354,1082,pos,0 days 00:50:00.157000,0 days 01:45:36.765000
2024-05-19 13:53:16.952,OnTrack,-4240,-5342,1083,pos,0 days 00:50:00.358000,0 days 01:45:36.966000
2024-05-19 13:53:17.132,OnTrack,-4111,-5331,1084,pos,0 days 00:50:00.538000,0 days 01:45:37.146000
2024-05-19 13:53:17.392,OnTrack,-3848,-5309,1086,pos,0 days 00:50:00.798000,0 days 01:45:37.406000
2024-05-19 13:53:17.712,OnTrack,-3725,-5299,1087,pos,0 days 00:50:01.118000,0 days 01:45:37.726000
2024-05-19 13:53:18.032,OnTrack,-3554,-5286,1087,pos,0 days 00:50:01.438000,0 days 01:45:38.046000
2024-05-19 13:53:18.232,OnTrack,-3459,-5279,1088,pos,0 days 00:50:01.638000,0 days 01:45:38.246000
2024-05-19 13:53:18.392,OnTrack,-3352,-5273,1089,pos,0 days 00:50:01.798000,0 days 01:45:38.406000
2024-05-19 13:53:18.812,OnTrack,-3210,-5282,1092,pos,0 days 00:50:02.218000,0 days 01:45:38.826000
2024-05-19 13:53:19.172,OnTrack,-3137,-5322,1094,pos,0 days 00:50:02.578000,0 days 01:45:39.186000
2024-05-19 13:53:19.352,OnTrack,-3091,-5363,1096,pos,0 days 00:50:02.758000,0 days 01:45:39.366000
2024-05-19 13:53:19.551,OnTrack,-3045,-5413,1096,pos,0 days 00:50:02.957000,0 days 01:45:39.565000
2024-05-19 13:53:19.812,OnTrack,-2988,-5473,1096,pos,0 days 00:50:03.218000,0 days 01:45:39.826000
2024-05-19 13:53:20.071,OnTrack,-2928,-5520,1096,pos,0 days 00:50:03.477000,0 days 01:45:40.085000
2024-05-19 13:53:20.171,OnTrack,-2903,-5534,1096,pos,0 days 00:50:03.577000,0 days 01:45:40.185000
2024-05-19 13:53:20.451,OnTrack,-2792,-5563,1094,pos,0 days 00:50:03.857000,0 days 01:45:40.465000
2024-05-19 13:53:20.731,OnTrack,-2754,-5560,1094,pos,0 days 00:50:04.137000,0 days 01:45:40.745000
2024-05-19 13:53:21.031,OnTrack,-2670,-5542,1092,pos,0 days 00:50:04.437000,0 days 01:45:41.045000
2024-05-19 13:53:21.232,OnTrack,-2615,-5526,1090,pos,0 days 00:50:04.638000,0 days 01:45:41.246000
2024-05-19 13:53:21.532,OnTrack,-2530,-5496,1088,pos,0 days 00:50:04.938000,0 days 01:45:41.546000
2024-05-19 13:53:21.752,OnTrack,-2446,-5461,1087,pos,0 days 00:50:05.158000,0 days 01:45:41.766000
2024-05-19 13:53:22.032,OnTrack,-2376,-5430,1085,pos,0 days 00:50:05.438000,0 days 01:45:42.046000
2024-05-19 13:53:22.271,OnTrack,-2294,-5389,1083,pos,0 days 00:50:05.677000,0 days 01:45:42.285000
2024-05-19 13:53:22.431,OnTrack,-2235,-5360,1082,pos,0 days 00:50:05.837000,0 days 01:45:42.445000
2024-05-19 13:53:22.632,OnTrack,-2159,-5320,1080,pos,0 days 00:50:06.038000,0 days 01:45:42.646000
2024-05-19 13:53:22.811,OnTrack,-2087,-5282,1078,pos,0 days 00:50:06.217000,0 days 01:45:42.825000
2024-05-19 13:53:23.192,OnTrack,-1906,-5186,1074,pos,0 days 00:50:06.598000,0 days 01:45:43.206000
2024-05-19 13:53:23.551,OnTrack,-1756,-5108,1071,pos,0 days 00:50:06.957000,0 days 01:45:43.565000
2024-05-19 13:53:23.752,OnTrack,-1657,-5058,1070,pos,0 days 00:50:07.158000,0 days 01:45:43.766000
2024-05-19 13:53:23.972,OnTrack,-1425,-4948,1065,pos,0 days 00:50:07.378000,0 days 01:45:43.986000
2024-05-19 13:53:24.391,OnTrack,-1225,-4857,1062,pos,0 days 00:50:07.797000,0 days 01:45:44.405000
2024-05-19 13:53:24.711,OnTrack,-1090,-4790,1059,pos,0 days 00:50:08.117000,0 days 01:45:44.725000
2024-05-19 13:53:24.892,OnTrack,-989,-4735,1057,pos,0 days 00:50:08.298000,0 days 01:45:44.906000
2024-05-19 13:53:25.231,OnTrack,-798,-4617,1052,pos,0 days 00:50:08.637000,0 days 01:45:45.245000
2024-05-19 13:53:25.472,OnTrack,-663,-4526,1048,pos,0 days 00:50:08.878000,0 days 01:45:45.486000
2024-05-19 13:53:25.492,OnTrack,-652,-4518,1048,pos,0 days 00:50:08.898000,0 days 01:45:45.506000
2024-05-19 13:53:25.872,OnTrack,-370,-4312,1039,pos,0 days 00:50:09.278000,0 days 01:45:45.886000
2024-05-19 13:53:26.292,OnTrack,-201,-4179,1034,pos,0 days 00:50:09.698000,0 days 01:45:46.306000
2024-05-19 13:53:26.452,OnTrack,-46,-4047,1030,pos,0 days 00:50:09.858000,0 days 01:45:46.466000
2024-05-19 13:53:26.811,OnTrack,83,-3926,1027,pos,0 days 00:50:10.217000,0 days 01:45:46.825000
2024-05-19 13:53:27.011,OnTrack,191,-3818,1024,pos,0 days 00:50:10.417000,0 days 01:45:47.025000
2024-05-19 13:53:27.192,OnTrack,285,-3718,1021,pos,0 days 00:50:10.598000,0 days 01:45:47.206000
2024-05-19 13:53:27.472,OnTrack,480,-3503,1014,pos,0 days 00:50:10.878000,0 days 01:45:47.486000
2024-05-19 13:53:27.831,OnTrack,615,-3353,1007,pos,0 days 00:50:11.237000,0 days 01:45:47.845000
2024-05-19 13:53:27.992,OnTrack,699,-3261,1001,pos,0 days 00:50:11.398000,0 days 01:45:48.006000
2024-05-19 13:53:28.251,OnTrack,836,-3109,992,pos,0 days 00:50:11.657000,0 days 01:45:48.265000
2024-05-19 13:53:28.531,OnTrack,1016,-2910,978,pos,0 days 00:50:11.937000,0 days 01:45:48.545000
2024-05-19 13:53:28.951,OnTrack,1250,-2652,958,pos,0 days 00:50:12.357000,0 days 01:45:48.965000
2024-05-19 13:53:29.372,OnTrack,1438,-2458,941,pos,0 days 00:50:12.778000,0 days 01:45:49.386000
2024-05-19 13:53:29.611,OnTrack,1664,-2274,921,pos,0 days 00:50:13.017000,0 days 01:45:49.625000
2024-05-19 13:53:30.012,OnTrack,1943,-2118,900,pos,0 days 00:50:13.418000,0 days 01:45:50.026000
2024-05-19 13:53:30.351,OnTrack,2162,-2029,883,pos,0 days 00:50:13.757000,0 days 01:45:50.365000
2024-05-19 13:53:30.572,OnTrack,2401,-1933,865,pos,0 days 00:50:13.978000,0 days 01:45:50.586000
2024-05-19 13:53:30.872,OnTrack,2535,-1878,855,pos,0 days 00:50:14.278000,0 days 01:45:50.886000
2024-05-19 13:53:31.132,OnTrack,2692,-1814,842,pos,0 days 00:50:14.538000,0 days 01:45:51.146000
2024-05-19 13:53:31.312,OnTrack,2789,-1774,836,pos,0 days 00:50:14.718000,0 days 01:45:51.326000
2024-05-19 13:53:31.532,OnTrack,2893,-1730,829,pos,0 days 00:50:14.938000,0 days 01:45:51.546000
2024-05-19 13:53:31.872,OnTrack,3055,-1640,819,pos,0 days 00:50:15.278000,0 days 01:45:51.886000
2024-05-19 13:53:32.192,OnTrack,3113,-1585,814,pos,0 days 00:50:15.598000,0 days 01:45:52.206000
2024-05-19 13:53:32.532,OnTrack,3181,-1445,808,pos,0 days 00:50:15.938000,0 days 01:45:52.546000
2024-05-19 13:53:32.872,OnTrack,3190,-1373,804,pos,0 days 00:50:16.278000,0 days 01:45:52.886000
2024-05-19 13:53:33.032,OnTrack,3188,-1320,802,pos,0 days 00:50:16.438000,0 days 01:45:53.046000
2024-05-19 13:53:33.231,OnTrack,3179,-1256,800,pos,0 days 00:50:16.637000,0 days 01:45:53.245000
2024-05-19 13:53:33.411,OnTrack,3166,-1198,799,pos,0 days 00:50:16.817000,0 days 01:45:53.425000
2024-05-19 13:53:33.751,OnTrack,3120,-1047,795,pos,0 days 00:50:17.157000,0 days 01:45:53.765000
2024-05-19 13:53:34.051,OnTrack,3099,-986,794,pos,0 days 00:50:17.457000,0 days 01:45:54.065000
2024-05-19 13:53:34.292,OnTrack,3068,-901,793,pos,0 days 00:50:17.698000,0 days 01:45:54.306000
2024-05-19 13:53:34.572,OnTrack,3022,-795,792,pos,0 days 00:50:17.978000,0 days 01:45:54.586000
2024-05-19 13:53:34.691,OnTrack,2999,-748,792,pos,0 days 00:50:18.097000,0 days 01:45:54.705000
2024-05-19 13:53:34.931,OnTrack,2947,-651,791,pos,0 days 00:50:18.337000,0 days 01:45:54.945000
2024-05-19 13:53:35.211,OnTrack,2835,-506,789,pos,0 days 00:50:18.617000,0 days 01:45:55.225000
2024-05-19 13:53:35.511,OnTrack,2785,-463,788,pos,0 days 00:50:18.917000,0 days 01:45:55.525000
2024-05-19 13:53:35.811,OnTrack,2628,-386,787,pos,0 days 00:50:19.217000,0 days 01:45:55.825000
2024-05-19 13:53:36.252,OnTrack,2514,-364,786,pos,0 days 00:50:19.658000,0 days 01:45:56.266000
2024-05-19 13:53:36.411,OnTrack,2452,-360,786,pos,0 days 00:50:19.817000,0 days 01:45:56.425000
2024-05-19 13:53:36.591,OnTrack,2383,-360,786,pos,0 days 00:50:19.997000,0 days 01:45:56.605000
2024-05-19 13:53:36.732,OnTrack,2328,-365,786,pos,0 days 00:50:20.138000,0 days 01:45:56.746000
2024-05-19 13:53:36.931,OnTrack,2250,-378,784,pos,0 days 00:50:20.337000,0 days 01:45:56.945000
2024-05-19 13:53:37.132,OnTrack,2171,-401,783,pos,0 days 00:50:20.538000,0 days 01:45:57.146000
2024-05-19 13:53:37.491,OnTrack,2025,-460,782,pos,0 days 00:50:20.897000,0 days 01:45:57.505000
2024-05-19 13:53:37.692,OnTrack,1941,-500,781,pos,0 days 00:50:21.098000,0 days 01:45:57.706000
2024-05-19 13:53:37.852,OnTrack,1871,-533,780,pos,0 days 00:50:21.258000,0 days 01:45:57.866000
2024-05-19 13:53:38.051,OnTrack,1731,-597,779,pos,0 days 00:50:21.457000,0 days 01:45:58.065000
2024-05-19 13:53:38.412,OnTrack,1623,-646,778,pos,0 days 00:50:21.818000,0 days 01:45:58.426000
2024-05-19 13:53:38.652,OnTrack,1501,-701,778,pos,0 days 00:50:22.058000,0 days 01:45:58.666000
2024-05-19 13:53:38.772,OnTrack,1438,-730,778,pos,0 days 00:50:22.178000,0 days 01:45:58.786000
2024-05-19 13:53:39.012,OnTrack,1233,-823,778,pos,0 days 00:50:22.418000,0 days 01:45:59.026000
2024-05-19 13:53:39.392,OnTrack,1097,-884,778,pos,0 days 00:50:22.798000,0 days 01:45:59.406000
2024-05-19 13:53:39.612,OnTrack,970,-941,778,pos,0 days 00:50:23.018000,0 days 01:45:59.626000
2024-05-19 13:53:39.891,OnTrack,803,-1014,779,pos,0 days 00:50:23.297000,0 days 01:45:59.905000
2024-05-19 13:53:40.151,OnTrack,615,-1093,780,pos,0 days 00:50:23.557000,0 days 01:46:00.165000
2024-05-19 13:53:40.411,OnTrack,477,-1151,780,pos,0 days 00:50:23.817000,0 days 01:46:00.425000
2024-05-19 13:53:40.671,OnTrack,310,-1221,781,pos,0 days 00:50:24.077000,0 days 01:46:00.685000
2024-05-19 13:53:40.951,OnTrack,127,-1298,781,pos,0 days 00:50:24.357000,0 days 01:46:00.965000
2024-05-19 13:53:41.211,OnTrack,-139,-1406,781,pos,0 days 00:50:24.617000,0 days 01:46:01.225000
2024-05-19 13:53:41.511,OnTrack,-347,-1478,782,pos,0 days 00:50:24.917000,0 days 01:46:01.525000
2024-05-19 13:53:41.932,OnTrack,-550,-1532,783,pos,0 days 00:50:25.338000,0 days 01:46:01.946000
2024-05-19 13:53:42.172,OnTrack,-820,-1573,783,pos,0 days 00:50:25.578000,0 days 01:46:02.186000
2024-05-19 13:53:42.591,OnTrack,-1148,-1590,784,pos,0 days 00:50:25.997000,0 days 01:46:02.605000
2024-05-19 13:53:42.951,OnTrack,-1337,-1595,785,pos,0 days 00:50:26.357000,0 days 01:46:02.965000
2024-05-19 13:53:43.272,OnTrack,-1701,-1617,786,pos,0 days 00:50:26.678000,0 days 01:46:03.286000
2024-05-19 13:53:43.552,OnTrack,-1813,-1623,787,pos,0 days 00:50:26.958000,0 days 01:46:03.566000
2024-05-19 13:53:43.832,OnTrack,-2104,-1639,788,pos,0 days 00:50:27.238000,0 days 01:46:03.846000
2024-05-19 13:53:44.112,OnTrack,-2267,-1648,789,pos,0 days 00:50:27.518000,0 days 01:46:04.126000
2024-05-19 13:53:44.452,OnTrack,-2545,-1664,790,pos,0 days 00:50:27.858000,0 days 01:46:04.466000
2024-05-19 13:53:44.672,OnTrack,-2726,-1671,791,pos,0 days 00:50:28.078000,0 days 01:46:04.686000
2024-05-19 13:53:44.851,OnTrack,-2876,-1675,792,pos,0 days 00:50:28.257000,0 days 01:46:04.865000
2024-05-19 13:53:45.052,OnTrack,-3043,-1681,792,pos,0 days 00:50:28.458000,0 days 01:46:05.066000
2024-05-19 13:53:45.252,OnTrack,-3211,-1687,793,pos,0 days 00:50:28.658000,0 days 01:46:05.266000
2024-05-19 13:53:45.432,OnTrack,-3361,-1693,793,pos,0 days 00:50:28.838000,0 days 01:46:05.446000
2024-05-19 13:53:45.732,OnTrack,-3613,-1695,795,pos,0 days 00:50:29.138000,0 days 01:46:05.746000
2024-05-19 13:53:45.852,OnTrack,-3714,-1691,795,pos,0 days 00:50:29.258000,0 days 01:46:05.866000
2024-05-19 13:53:46.092,OnTrack,-3915,-1673,796,pos,0 days 00:50:29.498000,0 days 01:46:06.106000
2024-05-19 13:53:46.371,OnTrack,-4270,-1610,798,pos,0 days 00:50:29.777000,0 days 01:46:06.385000
2024-05-19 13:53:46.651,OnTrack,-4388,-1584,799,pos,0 days 00:50:30.057000,0 days 01:46:06.665000
2024-05-19 13:53:46.991,OnTrack,-4673,-1516,801,pos,0 days 00:50:30.397000,0 days 01:46:07.005000
2024-05-19 13:53:47.052,OnTrack,-4723,-1504,801,pos,0 days 00:50:30.458000,0 days 01:46:07.066000
2024-05-19 13:53:47.411,OnTrack,-5125,-1405,804,pos,0 days 00:50:30.817000,0 days 01:46:07.425000
2024-05-19 13:53:47.711,OnTrack,-5275,-1369,805,pos,0 days 00:50:31.117000,0 days 01:46:07.725000
2024-05-19 13:53:47.951,OnTrack,-5477,-1324,807,pos,0 days 00:50:31.357000,0 days 01:46:07.965000
2024-05-19 13:53:48.132,OnTrack,-5641,-1292,809,pos,0 days 00:50:31.538000,0 days 01:46:08.146000
2024-05-19 13:53:48.311,OnTrack,-5806,-1267,810,pos,0 days 00:50:31.717000,0 days 01:46:08.325000
2024-05-19 13:53:48.692,OnTrack,-6170,-1237,813,pos,0 days 00:50:32.098000,0 days 01:46:08.706000
2024-05-19 13:53:48.931,OnTrack,-6344,-1231,814,pos,0 days 00:50:32.337000,0 days 01:46:08.945000
2024-05-19 13:53:49.151,OnTrack,-6535,-1229,815,pos,0 days 00:50:32.557000,0 days 01:46:09.165000
2024-05-19 13:53:49.371,OnTrack,-6726,-1230,816,pos,0 days 00:50:32.777000,0 days 01:46:09.385000
2024-05-19 13:53:49.651,OnTrack,-6970,-1235,817,pos,0 days 00:50:33.057000,0 days 01:46:09.665000
2024-05-19 13:53:49.872,OnTrack,-7162,-1242,817,pos,0 days 00:50:33.278000,0 days 01:46:09.886000
2024-05-19 13:53:50.092,OnTrack,-7354,-1255,818,pos,0 days 00:50:33.498000,0 days 01:46:10.106000
2024-05-19 13:53:50.332,OnTrack,-7563,-1273,818,pos,0 days 00:50:33.738000,0 days 01:46:10.346000
2024-05-19 13:53:50.531,OnTrack,-7824,-1301,818,pos,0 days 00:50:33.937000,0 days 01:46:10.545000
2024-05-19 13:53:50.831,OnTrack,-8070,-1331,818,pos,0 days 00:50:34.237000,0 days 01:46:10.845000
2024-05-19 13:53:51.111,OnTrack,-8313,-1363,819,pos,0 days 00:50:34.517000,0 days 01:46:11.125000
2024-05-19 13:53:51.351,OnTrack,-8521,-1392,819,pos,0 days 00:50:34.757000,0 days 01:46:11.365000
2024-05-19 13:53:51.512,OnTrack,-8660,-1411,819,pos,0 days 00:50:34.918000,0 days 01:46:11.526000
2024-05-19 13:53:51.692,OnTrack,-8817,-1433,819,pos,0 days 00:50:35.098000,0 days 01:46:11.706000
2024-05-19 13:53:51.852,OnTrack,-8956,-1453,819,pos,0 days 00:50:35.258000,0 days 01:46:11.866000
2024-05-19 13:53:52.132,OnTrack,-9312,-1522,819,pos,0 days 00:50:35.538000,0 days 01:46:12.146000
2024-05-19 13:53:52.512,OnTrack,-9499,-1575,819,pos,0 days 00:50:35.918000,0 days 01:46:12.526000
2024-05-19 13:53:52.672,OnTrack,-9616,-1612,819,pos,0 days 00:50:36.078000,0 days 01:46:12.686000
2024-05-19 13:53:53.011,OnTrack,-9832,-1680,818,pos,0 days 00:50:36.417000,0 days 01:46:13.025000
2024-05-19 13:53:53.251,OnTrack,-9995,-1731,819,pos,0 days 00:50:36.657000,0 days 01:46:13.265000
2024-05-19 13:53:53.471,OnTrack,-10074,-1755,819,pos,0 days 00:50:36.877000,0 days 01:46:13.485000
2024-05-19 13:53:53.691,OnTrack,-10153,-1781,818,pos,0 days 00:50:37.097000,0 days 01:46:13.705000
2024-05-19 13:53:53.911,OnTrack,-10237,-1819,818,pos,0 days 00:50:37.317000,0 days 01:46:13.925000
2024-05-19 13:53:54.251,OnTrack,-10335,-1911,818,pos,0 days 00:50:37.657000,0 days 01:46:14.265000
2024-05-19 13:53:54.491,OnTrack,-10385,-2017,818,pos,0 days 00:50:37.897000,0 days 01:46:14.505000
2024-05-19 13:53:54.752,OnTrack,-10412,-2113,819,pos,0 days 00:50:38.158000,0 days 01:46:14.766000
2024-05-19 13:53:54.972,OnTrack,-10440,-2207,819,pos,0 days 00:50:38.378000,0 days 01:46:14.986000
2024-05-19 13:53:55.292,OnTrack,-10514,-2359,819,pos,0 days 00:50:38.698000,0 days 01:46:15.306000
2024-05-19 13:53:55.651,OnTrack,-10611,-2467,818,pos,0 days 00:50:39.057000,0 days 01:46:15.665000
2024-05-19 13:53:55.911,OnTrack,-10724,-2552,819,pos,0 days 00:50:39.317000,0 days 01:46:15.925000
2024-05-19 13:53:56.152,OnTrack,-10820,-2612,820,pos,0 days 00:50:39.558000,0 days 01:46:16.166000
2024-05-19 13:53:56.412,OnTrack,-10937,-2681,821,pos,0 days 00:50:39.818000,0 days 01:46:16.426000
2024-05-19 13:53:56.692,OnTrack,-11067,-2756,822,pos,0 days 00:50:40.098000,0 days 01:46:16.706000
2024-05-19 13:53:56.852,OnTrack,-11144,-2801,822,pos,0 days 00:50:40.258000,0 days 01:46:16.866000
2024-05-19 13:53:57.091,OnTrack,-11262,-2870,823,pos,0 days 00:50:40.497000,0 days 01:46:17.105000
2024-05-19 13:53:57.232,OnTrack,-11333,-2914,824,pos,0 days 00:50:40.638000,0 days 01:46:17.246000
2024-05-19 13:53:57.492,OnTrack,-11462,-3002,824,pos,0 days 00:50:40.898000,0 days 01:46:17.506000
2024-05-19 13:53:57.651,OnTrack,-11537,-3063,825,pos,0 days 00:50:41.057000,0 days 01:46:17.665000
2024-05-19 13:53:57.952,OnTrack,-11709,-3277,825,pos,0 days 00:50:41.358000,0 days 01:46:17.966000
2024-05-19 13:53:58.191,OnTrack,-11740,-3336,826,pos,0 days 00:50:41.597000,0 days 01:46:18.205000
2024-05-19 13:53:58.512,OnTrack,-11828,-3538,827,pos,0 days 00:50:41.918000,0 days 01:46:18.526000
2024-05-19 13:53:58.752,OnTrack,-11884,-3690,827,pos,0 days 00:50:42.158000,0 days 01:46:18.766000
2024-05-19 13:53:58.992,OnTrack,-11951,-3869,828,pos,0 days 00:50:42.398000,0 days 01:46:19.006000
2024-05-19 13:53:59.332,OnTrack,-12025,-4064,829,pos,0 days 00:50:42.738000,0 days 01:46:19.346000
2024-05-19 13:54:00.311,OnTrack,-12300,-4798,831,pos,0 days 00:50:43.717000,0 days 01:46:20.325000
2024-05-19 13:54:00.611,OnTrack,-12353,-4938,831,pos,0 days 00:50:44.017000,0 days 01:46:20.625000
2024-05-19 13:54:00.891,OnTrack,-12465,-5236,832,pos,0 days 00:50:44.297000,0 days 01:46:20.905000
2024-05-19 13:54:01.232,OnTrack,-12519,-5380,832,pos,0 days 00:50:44.638000,0 days 01:46:21.246000
2024-05-19 13:54:01.472,OnTrack,-12621,-5653,833,pos,0 days 00:50:44.878000,0 days 01:46:21.486000
2024-05-19 13:54:01.891,OnTrack,-12697,-5856,833,pos,0 days 00:50:45.297000,0 days 01:46:21.905000
2024-05-19 13:54:02.132,OnTrack,-12803,-6131,834,pos,0 days 00:50:45.538000,0 days 01:46:22.146000
2024-05-19 13:54:02.551,OnTrack,-12902,-6375,835,pos,0 days 00:50:45.957000,0 days 01:46:22.565000
2024-05-19 13:54:02.832,OnTrack,-12969,-6533,835,pos,0 days 00:50:46.238000,0 days 01:46:22.846000
2024-05-19 13:54:03.091,OnTrack,-13047,-6718,836,pos,0 days 00:50:46.497000,0 days 01:46:23.105000
2024-05-19 13:54:03.311,OnTrack,-13106,-6871,836,pos,0 days 00:50:46.717000,0 days 01:46:23.325000
2024-05-19 13:54:03.571,OnTrack,-13152,-7039,837,pos,0 days 00:50:46.977000,0 days 01:46:23.585000
2024-05-19 13:54:03.792,OnTrack,-13161,-7247,838,pos,0 days 00:50:47.198000,0 days 01:46:23.806000
2024-05-19 13:54:04.112,OnTrack,-13143,-7389,839,pos,0 days 00:50:47.518000,0 days 01:46:24.126000
2024-05-19 13:54:04.352,OnTrack,-13112,-7537,840,pos,0 days 00:50:47.758000,0 days 01:46:24.366000
2024-05-19 13:54:04.492,OnTrack,-13092,-7620,841,pos,0 days 00:50:47.898000,0 days 01:46:24.506000
2024-05-19 13:54:04.752,OnTrack,-13057,-7764,842,pos,0 days 00:50:48.158000,0 days 01:46:24.766000
2024-05-19 13:54:05.012,OnTrack,-13031,-7893,843,pos,0 days 00:50:48.418000,0 days 01:46:25.026000
2024-05-19 13:54:05.252,OnTrack,-13024,-8003,843,pos,0 days 00:50:48.658000,0 days 01:46:25.266000
2024-05-19 13:54:05.432,OnTrack,-13035,-8080,844,pos,0 days 00:50:48.838000,0 days 01:46:25.446000
2024-05-19 13:54:05.632,OnTrack,-13103,-8212,846,pos,0 days 00:50:49.038000,0 days 01:46:25.646000
2024-05-19 13:54:05.912,OnTrack,-13148,-8262,847,pos,0 days 00:50:49.318000,0 days 01:46:25.926000
2024-05-19 13:54:06.131,OnTrack,-13230,-8334,847,pos,0 days 00:50:49.537000,0 days 01:46:26.145000
2024-05-19 13:54:06.331,OnTrack,-13304,-8399,848,pos,0 days 00:50:49.737000,0 days 01:46:26.345000
2024-05-19 13:54:06.611,OnTrack,-13409,-8488,849,pos,0 days 00:50:50.017000,0 days 01:46:26.625000
2024-05-19 13:54:06.932,OnTrack,-13576,-8629,852,pos,0 days 00:50:50.338000,0 days 01:46:26.946000
2024-05-19 13:54:07.171,OnTrack,-13634,-8679,852,pos,0 days 00:50:50.577000,0 days 01:46:27.185000
2024-05-19 13:54:07.391,OnTrack,-13727,-8758,854,pos,0 days 00:50:50.797000,0 days 01:46:27.405000
2024-05-19 13:54:07.752,OnTrack,-13950,-8946,858,pos,0 days 00:50:51.158000,0 days 01:46:27.766000
2024-05-19 13:54:08.151,OnTrack,-14052,-9039,861,pos,0 days 00:50:51.557000,0 days 01:46:28.165000
2024-05-19 13:54:08.312,OnTrack,-14122,-9107,863,pos,0 days 00:50:51.718000,0 days 01:46:28.326000
2024-05-19 13:54:08.511,OnTrack,-14210,-9194,866,pos,0 days 00:50:51.917000,0 days 01:46:28.525000
2024-05-19 13:54:08.751,OnTrack,-14369,-9352,874,pos,0 days 00:50:52.157000,0 days 01:46:28.765000
2024-05-19 13:54:09.152,OnTrack,-14547,-9522,883,pos,0 days 00:50:52.558000,0 days 01:46:29.166000
2024-05-19 13:54:09.551,OnTrack,-14660,-9629,888,pos,0 days 00:50:52.957000,0 days 01:46:29.565000
2024-05-19 13:54:09.772,OnTrack,-14775,-9748,893,pos,0 days 00:50:53.178000,0 days 01:46:29.786000
2024-05-19 13:54:10.131,OnTrack,-14849,-9848,897,pos,0 days 00:50:53.537000,0 days 01:46:30.145000
2024-05-19 13:54:10.512,OnTrack,-14892,-9934,900,pos,0 days 00:50:53.918000,0 days 01:46:30.526000
2024-05-19 13:54:10.671,OnTrack,-14907,-9984,901,pos,0 days 00:50:54.077000,0 days 01:46:30.685000
2024-05-19 13:54:10.872,OnTrack,-14915,-10045,904,pos,0 days 00:50:54.278000,0 days 01:46:30.886000
2024-05-19 13:54:11.192,OnTrack,-14905,-10140,908,pos,0 days 00:50:54.598000,0 days 01:46:31.206000
2024-05-19 13:54:11.352,OnTrack,-14888,-10184,911,pos,0 days 00:50:54.758000,0 days 01:46:31.366000
2024-05-19 13:54:11.531,OnTrack,-14861,-10229,913,pos,0 days 00:50:54.937000,0 days 01:46:31.545000
2024-05-19 13:54:11.752,OnTrack,-14820,-10276,916,pos,0 days 00:50:55.158000,0 days 01:46:31.766000
2024-05-19 13:54:11.992,OnTrack,-14770,-10316,920,pos,0 days 00:50:55.398000,0 days 01:46:32.006000
2024-05-19 13:54:12.232,OnTrack,-14704,-10353,923,pos,0 days 00:50:55.638000,0 days 01:46:32.246000
2024-05-19 13:54:12.452,OnTrack,-14658,-10370,925,pos,0 days 00:50:55.858000,0 days 01:46:32.466000
2024-05-19 13:54:12.731,OnTrack,-14581,-10388,929,pos,0 days 00:50:56.137000,0 days 01:46:32.745000
2024-05-19 13:54:13.051,OnTrack,-14463,-10395,936,pos,0 days 00:50:56.457000,0 days 01:46:33.065000
2024-05-19 13:54:13.291,OnTrack,-14412,-10394,938,pos,0 days 00:50:56.697000,0 days 01:46:33.305000
2024-05-19 13:54:13.511,OnTrack,-14340,-10388,942,pos,0 days 00:50:56.917000,0 days 01:46:33.525000
2024-05-19 13:54:13.831,OnTrack,-14190,-10367,949,pos,0 days 00:50:57.237000,0 days 01:46:33.845000
2024-05-19 13:54:14.191,OnTrack,-14044,-10340,955,pos,0 days 00:50:57.597000,0 days 01:46:34.205000
2024-05-19 13:54:14.651,OnTrack,-13901,-10311,962,pos,0 days 00:50:58.057000,0 days 01:46:34.665000
2024-05-19 13:54:14.892,OnTrack,-13786,-10288,967,pos,0 days 00:50:58.298000,0 days 01:46:34.906000
2024-05-19 13:54:15.092,OnTrack,-13645,-10259,973,pos,0 days 00:50:58.498000,0 days 01:46:35.106000
2024-05-19 13:54:15.412,OnTrack,-13518,-10235,978,pos,0 days 00:50:58.818000,0 days 01:46:35.426000
2024-05-19 13:54:15.591,OnTrack,-13420,-10217,982,pos,0 days 00:50:58.997000,0 days 01:46:35.605000
2024-05-19 13:54:15.831,OnTrack,-13283,-10193,987,pos,0 days 00:50:59.237000,0 days 01:46:35.845000
2024-05-19 13:54:16.151,OnTrack,-13022,-10147,996,pos,0 days 00:50:59.557000,0 days 01:46:36.165000
2024-05-19 13:54:16.472,OnTrack,-12899,-10128,1000,pos,0 days 00:50:59.878000,0 days 01:46:36.486000
2024-05-19 13:54:16.691,OnTrack,-12760,-10106,1004,pos,0 days 00:51:00.097000,0 days 01:46:36.705000
2024-05-19 13:54:16.971,OnTrack,-12565,-10077,1010,pos,0 days 00:51:00.377000,0 days 01:46:36.985000
2024-05-19 13:54:17.231,OnTrack,-12407,-10054,1016,pos,0 days 00:51:00.637000,0 days 01:46:37.245000
2024-05-19 13:54:17.612,OnTrack,-12149,-10019,1029,pos,0 days 00:51:01.018000,0 days 01:46:37.626000
2024-05-19 13:54:17.692,OnTrack,-12093,-10011,1033,pos,0 days 00:51:01.098000,0 days 01:46:37.706000
2024-05-19 13:54:17.912,OnTrack,-11940,-9990,1043,pos,0 days 00:51:01.318000,0 days 01:46:37.926000
2024-05-19 13:54:18.132,OnTrack,-11770,-9970,1055,pos,0 days 00:51:01.538000,0 days 01:46:38.146000
2024-05-19 13:54:18.292,OnTrack,-11655,-9957,1062,pos,0 days 00:51:01.698000,0 days 01:46:38.306000
2024-05-19 13:54:18.632,OnTrack,-11410,-9934,1078,pos,0 days 00:51:02.038000,0 days 01:46:38.646000
2024-05-19 13:54:18.692,OnTrack,-11367,-9931,1080,pos,0 days 00:51:02.098000,0 days 01:46:38.706000
2024-05-19 13:54:19.012,OnTrack,-11075,-9919,1098,pos,0 days 00:51:02.418000,0 days 01:46:39.026000
2024-05-19 13:54:19.331,OnTrack,-10898,-9918,1108,pos,0 days 00:51:02.737000,0 days 01:46:39.345000
2024-05-19 13:54:19.551,OnTrack,-10736,-9923,1116,pos,0 days 00:51:02.957000,0 days 01:46:39.565000
2024-05-19 13:54:19.712,OnTrack,-10617,-9930,1119,pos,0 days 00:51:03.118000,0 days 01:46:39.726000
2024-05-19 13:54:20.091,OnTrack,-10335,-9956,1122,pos,0 days 00:51:03.497000,0 days 01:46:40.105000
2024-05-19 13:54:20.311,OnTrack,-10172,-9975,1122,pos,0 days 00:51:03.717000,0 days 01:46:40.325000
2024-05-19 13:54:20.511,OnTrack,-10023,-9992,1120,pos,0 days 00:51:03.917000,0 days 01:46:40.525000
2024-05-19 13:54:20.691,OnTrack,-9889,-10008,1119,pos,0 days 00:51:04.097000,0 days 01:46:40.705000
2024-05-19 13:54:20.751,OnTrack,-9844,-10013,1119,pos,0 days 00:51:04.157000,0 days 01:46:40.765000
2024-05-19 13:54:21.031,OnTrack,-9636,-10037,1117,pos,0 days 00:51:04.437000,0 days 01:46:41.045000
2024-05-19 13:54:21.211,OnTrack,-9409,-10060,1115,pos,0 days 00:51:04.617000,0 days 01:46:41.225000
2024-05-19 13:54:21.551,OnTrack,-9279,-10069,1115,pos,0 days 00:51:04.957000,0 days 01:46:41.565000
2024-05-19 13:54:21.871,OnTrack,-9103,-10066,1114,pos,0 days 00:51:05.277000,0 days 01:46:41.885000
2024-05-19 13:54:22.131,OnTrack,-8922,-10024,1114,pos,0 days 00:51:05.537000,0 days 01:46:42.145000
2024-05-19 13:54:22.411,OnTrack,-8825,-9976,1113,pos,0 days 00:51:05.817000,0 days 01:46:42.425000
2024-05-19 13:54:22.772,OnTrack,-8661,-9834,1108,pos,0 days 00:51:06.178000,0 days 01:46:42.786000
2024-05-19 13:54:23.151,OnTrack,-8541,-9639,1102,pos,0 days 00:51:06.557000,0 days 01:46:43.165000
2024-05-19 13:54:23.491,OnTrack,-8467,-9492,1097,pos,0 days 00:51:06.897000,0 days 01:46:43.505000
2024-05-19 13:54:23.812,OnTrack,-8386,-9319,1091,pos,0 days 00:51:07.218000,0 days 01:46:43.826000
2024-05-19 13:54:23.952,OnTrack,-8353,-9240,1088,pos,0 days 00:51:07.358000,0 days 01:46:43.966000
2024-05-19 13:54:24.152,OnTrack,-8312,-9123,1084,pos,0 days 00:51:07.558000,0 days 01:46:44.166000
2024-05-19 13:54:24.332,OnTrack,-8282,-9013,1080,pos,0 days 00:51:07.738000,0 days 01:46:44.346000
2024-05-19 13:54:24.492,OnTrack,-8262,-8912,1076,pos,0 days 00:51:07.898000,0 days 01:46:44.506000
2024-05-19 13:54:24.692,OnTrack,-8245,-8782,1070,pos,0 days 00:51:08.098000,0 days 01:46:44.706000
2024-05-19 13:54:24.992,OnTrack,-8240,-8485,1052,pos,0 days 00:51:08.398000,0 days 01:46:45.006000
2024-05-19 13:54:25.372,OnTrack,-8263,-8249,1034,pos,0 days 00:51:08.778000,0 days 01:46:45.386000
2024-05-19 13:54:25.732,OnTrack,-8287,-8082,1018,pos,0 days 00:51:09.138000,0 days 01:46:45.746000
2024-05-19 13:54:25.951,OnTrack,-8316,-7928,1005,pos,0 days 00:51:09.357000,0 days 01:46:45.965000
2024-05-19 13:54:26.151,OnTrack,-8345,-7787,993,pos,0 days 00:51:09.557000,0 days 01:46:46.165000
2024-05-19 13:54:26.331,OnTrack,-8374,-7660,983,pos,0 days 00:51:09.737000,0 days 01:46:46.345000
2024-05-19 13:54:26.571,OnTrack,-8414,-7490,971,pos,0 days 00:51:09.977000,0 days 01:46:46.585000
2024-05-19 13:54:26.911,OnTrack,-8469,-7246,956,pos,0 days 00:51:10.317000,0 days 01:46:46.925000
2024-05-19 13:54:27.151,OnTrack,-8532,-6970,943,pos,0 days 00:51:10.557000,0 days 01:46:47.165000
2024-05-19 13:54:27.431,OnTrack,-8555,-6868,937,pos,0 days 00:51:10.837000,0 days 01:46:47.445000
2024-05-19 13:54:27.711,OnTrack,-8601,-6664,927,pos,0 days 00:51:11.117000,0 days 01:46:47.725000
2024-05-19 13:54:27.791,OnTrack,-8613,-6606,923,pos,0 days 00:51:11.197000,0 days 01:46:47.805000
2024-05-19 13:54:28.732,OnTrack,-8577,-5974,899,pos,0 days 00:51:12.138000,0 days 01:46:48.746000
2024-05-19 13:54:28.851,OnTrack,-8542,-5900,898,pos,0 days 00:51:12.257000,0 days 01:46:48.865000
2024-05-19 13:54:29.211,OnTrack,-8436,-5705,896,pos,0 days 00:51:12.617000,0 days 01:46:49.225000
2024-05-19 13:54:29.391,OnTrack,-8366,-5588,898,pos,0 days 00:51:12.797000,0 days 01:46:49.405000
2024-05-19 13:54:29.792,OnTrack,-8281,-5471,901,pos,0 days 00:51:13.198000,0 days 01:46:49.806000
2024-05-19 13:54:29.912,OnTrack,-8248,-5435,902,pos,0 days 00:51:13.318000,0 days 01:46:49.926000
2024-05-19 13:54:30.072,OnTrack,-8202,-5394,903,pos,0 days 00:51:13.478000,0 days 01:46:50.086000
2024-05-19 13:54:30.311,OnTrack,-8128,-5349,906,pos,0 days 00:51:13.717000,0 days 01:46:50.325000
2024-05-19 13:54:30.592,OnTrack,-8032,-5325,911,pos,0 days 00:51:13.998000,0 days 01:46:50.606000
2024-05-19 13:54:30.792,OnTrack,-7916,-5336,920,pos,0 days 00:51:14.198000,0 days 01:46:50.806000
2024-05-19 13:54:31.111,OnTrack,-7844,-5352,926,pos,0 days 00:51:14.517000,0 days 01:46:51.125000
2024-05-19 13:54:31.332,OnTrack,-7767,-5373,933,pos,0 days 00:51:14.738000,0 days 01:46:51.346000
2024-05-19 13:54:31.592,OnTrack,-7674,-5397,941,pos,0 days 00:51:14.998000,0 days 01:46:51.606000
2024-05-19 13:54:31.772,OnTrack,-7606,-5412,948,pos,0 days 00:51:15.178000,0 days 01:46:51.786000
2024-05-19 13:54:31.972,OnTrack,-7527,-5425,955,pos,0 days 00:51:15.378000,0 days 01:46:51.986000
2024-05-19 13:54:32.192,OnTrack,-7434,-5435,964,pos,0 days 00:51:15.598000,0 days 01:46:52.206000
2024-05-19 13:54:32.531,OnTrack,-7279,-5442,977,pos,0 days 00:51:15.937000,0 days 01:46:52.545000
2024-05-19 13:54:32.711,OnTrack,-7142,-5443,988,pos,0 days 00:51:16.117000,0 days 01:46:52.725000
2024-05-19 13:54:33.052,OnTrack,-7019,-5442,997,pos,0 days 00:51:16.458000,0 days 01:46:53.066000
2024-05-19 13:54:33.371,OnTrack,-6792,-5440,1010,pos,0 days 00:51:16.777000,0 days 01:46:53.385000
2024-05-19 13:54:33.652,OnTrack,-6690,-5439,1016,pos,0 days 00:51:17.058000,0 days 01:46:53.666000
2024-05-19 13:54:33.932,OnTrack,-6526,-5438,1023,pos,0 days 00:51:17.338000,0 days 01:46:53.946000
2024-05-19 13:54:34.011,OnTrack,-6478,-5437,1025,pos,0 days 00:51:17.417000,0 days 01:46:54.025000
2024-05-19 13:54:34.291,OnTrack,-6307,-5436,1031,pos,0 days 00:51:17.697000,0 days 01:46:54.305000
2024-05-19 13:54:34.492,OnTrack,-6181,-5435,1035,pos,0 days 00:51:17.898000,0 days 01:46:54.506000
2024-05-19 13:54:34.772,OnTrack,-5974,-5433,1040,pos,0 days 00:51:18.178000,0 days 01:46:54.786000
2024-05-19 13:54:35.052,OnTrack,-5817,-5432,1044,pos,0 days 00:51:18.458000,0 days 01:46:55.066000
2024-05-19 13:54:35.252,OnTrack,-5683,-5431,1048,pos,0 days 00:51:18.658000,0 days 01:46:55.266000
2024-05-19 13:54:35.532,OnTrack,-5491,-5429,1054,pos,0 days 00:51:18.938000,0 days 01:46:55.546000
2024-05-19 13:54:35.751,OnTrack,-5341,-5426,1058,pos,0 days 00:51:19.157000,0 days 01:46:55.765000
2024-05-19 13:54:35.971,OnTrack,-5191,-5422,1063,pos,0 days 00:51:19.377000,0 days 01:46:55.985000
2024-05-19 13:54:36.072,OnTrack,-5121,-5417,1065,pos,0 days 00:51:19.478000,0 days 01:46:56.086000
2024-05-19 13:54:36.352,OnTrack,-4925,-5401,1071,pos,0 days 00:51:19.758000,0 days 01:46:56.366000
2024-05-19 13:54:36.511,OnTrack,-4813,-5391,1074,pos,0 days 00:51:19.917000,0 days 01:46:56.525000
2024-05-19 13:54:36.732,OnTrack,-4657,-5377,1077,pos,0 days 00:51:20.138000,0 days 01:46:56.746000
2024-05-19 13:54:37.032,OnTrack,-4445,-5359,1081,pos,0 days 00:51:20.438000,0 days 01:46:57.046000
2024-05-19 13:54:37.071,OnTrack,-4416,-5356,1081,pos,0 days 00:51:20.477000,0 days 01:46:57.085000
2024-05-19 13:54:37.332,OnTrack,-4231,-5341,1083,pos,0 days 00:51:20.738000,0 days 01:46:57.346000
2024-05-19 13:54:37.631,OnTrack,-3921,-5315,1085,pos,0 days 00:51:21.037000,0 days 01:46:57.645000
2024-05-19 13:54:38.012,OnTrack,-3764,-5303,1086,pos,0 days 00:51:21.418000,0 days 01:46:58.026000
2024-05-19 13:54:38.272,OnTrack,-3616,-5291,1087,pos,0 days 00:51:21.678000,0 days 01:46:58.286000
2024-05-19 13:54:38.432,OnTrack,-3535,-5284,1087,pos,0 days 00:51:21.838000,0 days 01:46:58.446000
2024-05-19 13:54:38.652,OnTrack,-3434,-5277,1088,pos,0 days 00:51:22.058000,0 days 01:46:58.666000
2024-05-19 13:54:38.852,OnTrack,-3350,-5273,1089,pos,0 days 00:51:22.258000,0 days 01:46:58.866000
2024-05-19 13:54:39.071,OnTrack,-3268,-5274,1091,pos,0 days 00:51:22.477000,0 days 01:46:59.085000
2024-05-19 13:54:39.291,OnTrack,-3177,-5296,1092,pos,0 days 00:51:22.697000,0 days 01:46:59.305000
2024-05-19 13:54:39.651,OnTrack,-3101,-5353,1095,pos,0 days 00:51:23.057000,0 days 01:46:59.665000
2024-05-19 13:54:39.872,OnTrack,-3048,-5409,1096,pos,0 days 00:51:23.278000,0 days 01:46:59.886000
2024-05-19 13:54:39.951,OnTrack,-3030,-5429,1096,pos,0 days 00:51:23.357000,0 days 01:46:59.965000
2024-05-19 13:54:40.152,OnTrack,-2985,-5476,1096,pos,0 days 00:51:23.558000,0 days 01:47:00.166000
2024-05-19 13:54:40.491,OnTrack,-2902,-5535,1096,pos,0 days 00:51:23.897000,0 days 01:47:00.505000
2024-05-19 13:54:40.672,OnTrack,-2828,-5560,1095,pos,0 days 00:51:24.078000,0 days 01:47:00.686000
2024-05-19 13:54:41.071,OnTrack,-2745,-5559,1093,pos,0 days 00:51:24.477000,0 days 01:47:01.085000
2024-05-19 13:54:41.351,OnTrack,-2654,-5538,1092,pos,0 days 00:51:24.757000,0 days 01:47:01.365000
2024-05-19 13:54:41.731,OnTrack,-2556,-5506,1089,pos,0 days 00:51:25.137000,0 days 01:47:01.745000
2024-05-19 13:54:41.931,OnTrack,-2497,-5483,1088,pos,0 days 00:51:25.337000,0 days 01:47:01.945000
2024-05-19 13:54:42.072,OnTrack,-2453,-5465,1087,pos,0 days 00:51:25.478000,0 days 01:47:02.086000
2024-05-19 13:54:42.732,OnTrack,-2173,-5327,1080,pos,0 days 00:51:26.138000,0 days 01:47:02.746000
2024-05-19 13:54:43.132,OnTrack,-2068,-5272,1078,pos,0 days 00:51:26.538000,0 days 01:47:03.146000
2024-05-19 13:54:43.371,OnTrack,-1929,-5198,1075,pos,0 days 00:51:26.777000,0 days 01:47:03.385000
2024-05-19 13:54:43.692,OnTrack,-1819,-5140,1073,pos,0 days 00:51:27.098000,0 days 01:47:03.706000
2024-05-19 13:54:43.891,OnTrack,-1722,-5091,1071,pos,0 days 00:51:27.297000,0 days 01:47:03.905000
2024-05-19 13:54:44.072,OnTrack,-1633,-5046,1069,pos,0 days 00:51:27.478000,0 days 01:47:04.086000
2024-05-19 13:54:44.272,OnTrack,-1521,-4992,1067,pos,0 days 00:51:27.678000,0 days 01:47:04.286000
2024-05-19 13:54:44.632,OnTrack,-1269,-4877,1062,pos,0 days 00:51:28.038000,0 days 01:47:04.646000
2024-05-19 13:54:44.912,OnTrack,-1168,-4829,1060,pos,0 days 00:51:28.318000,0 days 01:47:04.926000
2024-05-19 13:54:45.152,OnTrack,-1032,-4759,1058,pos,0 days 00:51:28.558000,0 days 01:47:05.166000
2024-05-19 13:54:45.512,OnTrack,-772,-4600,1052,pos,0 days 00:51:28.918000,0 days 01:47:05.526000
2024-05-19 13:54:45.852,OnTrack,-636,-4507,1047,pos,0 days 00:51:29.258000,0 days 01:47:05.866000
2024-05-19 13:54:46.071,OnTrack,-443,-4367,1042,pos,0 days 00:51:29.477000,0 days 01:47:06.085000
2024-05-19 13:54:46.531,OnTrack,-171,-4154,1033,pos,0 days 00:51:29.937000,0 days 01:47:06.545000
2024-05-19 13:54:46.771,OnTrack,-115,-4107,1032,pos,0 days 00:51:30.177000,0 days 01:47:06.785000
2024-05-19 13:54:47.071,OnTrack,49,-3959,1028,pos,0 days 00:51:30.477000,0 days 01:47:07.085000
2024-05-19 13:54:47.331,OnTrack,221,-3787,1023,pos,0 days 00:51:30.737000,0 days 01:47:07.345000
2024-05-19 13:54:47.512,OnTrack,314,-3687,1020,pos,0 days 00:51:30.918000,0 days 01:47:07.526000
2024-05-19 13:54:47.752,OnTrack,479,-3504,1014,pos,0 days 00:51:31.158000,0 days 01:47:07.766000
2024-05-19 13:54:48.112,OnTrack,625,-3343,1005,pos,0 days 00:51:31.518000,0 days 01:47:08.126000
2024-05-19 13:54:48.332,OnTrack,741,-3214,999,pos,0 days 00:51:31.738000,0 days 01:47:08.346000
2024-05-19 13:54:48.572,OnTrack,867,-3074,990,pos,0 days 00:51:31.978000,0 days 01:47:08.586000
2024-05-19 13:54:48.811,OnTrack,1049,-2873,976,pos,0 days 00:51:32.217000,0 days 01:47:08.825000
2024-05-19 13:54:49.031,OnTrack,1113,-2802,970,pos,0 days 00:51:32.437000,0 days 01:47:09.045000
2024-05-19 13:54:49.291,OnTrack,1254,-2647,958,pos,0 days 00:51:32.697000,0 days 01:47:09.305000
2024-05-19 13:54:49.571,OnTrack,1482,-2418,937,pos,0 days 00:51:32.977000,0 days 01:47:09.585000
2024-05-19 13:54:49.932,OnTrack,1755,-2214,914,pos,0 days 00:51:33.338000,0 days 01:47:09.946000
2024-05-19 13:54:50.252,OnTrack,1886,-2145,905,pos,0 days 00:51:33.658000,0 days 01:47:10.266000
2024-05-19 13:54:50.552,OnTrack,2105,-2051,887,pos,0 days 00:51:33.958000,0 days 01:47:10.566000
2024-05-19 13:54:50.752,OnTrack,2341,-1957,869,pos,0 days 00:51:34.158000,0 days 01:47:10.766000
2024-05-19 13:54:51.192,OnTrack,2547,-1873,853,pos,0 days 00:51:34.598000,0 days 01:47:11.206000
2024-05-19 13:54:51.432,OnTrack,2685,-1817,843,pos,0 days 00:51:34.838000,0 days 01:47:11.446000
2024-05-19 13:54:51.572,OnTrack,2756,-1788,838,pos,0 days 00:51:34.978000,0 days 01:47:11.586000
2024-05-19 13:54:51.792,OnTrack,2859,-1745,831,pos,0 days 00:51:35.198000,0 days 01:47:11.806000
2024-05-19 13:54:51.952,OnTrack,2926,-1715,827,pos,0 days 00:51:35.358000,0 days 01:47:11.966000
2024-05-19 13:54:52.132,OnTrack,2994,-1681,823,pos,0 days 00:51:35.538000,0 days 01:47:12.146000
2024-05-19 13:54:52.511,OnTrack,3104,-1595,815,pos,0 days 00:51:35.917000,0 days 01:47:12.525000
2024-05-19 13:54:52.731,OnTrack,3148,-1533,811,pos,0 days 00:51:36.137000,0 days 01:47:12.745000
2024-05-19 13:54:52.912,OnTrack,3172,-1477,809,pos,0 days 00:51:36.318000,0 days 01:47:12.926000
2024-05-19 13:54:53.131,OnTrack,3188,-1405,806,pos,0 days 00:51:36.537000,0 days 01:47:13.145000
2024-05-19 13:54:53.171,OnTrack,3189,-1392,805,pos,0 days 00:51:36.577000,0 days 01:47:13.185000
2024-05-19 13:54:53.492,OnTrack,3185,-1288,801,pos,0 days 00:51:36.898000,0 days 01:47:13.506000
2024-05-19 13:54:53.732,OnTrack,3169,-1212,799,pos,0 days 00:51:37.138000,0 days 01:47:13.746000
2024-05-19 13:54:53.891,OnTrack,3156,-1160,798,pos,0 days 00:51:37.297000,0 days 01:47:13.905000
2024-05-19 13:54:54.131,OnTrack,3131,-1081,796,pos,0 days 00:51:37.537000,0 days 01:47:14.145000
2024-05-19 13:54:54.352,OnTrack,3106,-1006,795,pos,0 days 00:51:37.758000,0 days 01:47:14.366000
2024-05-19 13:54:54.531,OnTrack,3084,-943,794,pos,0 days 00:51:37.937000,0 days 01:47:14.545000
2024-05-19 13:54:54.671,OnTrack,3064,-892,793,pos,0 days 00:51:38.077000,0 days 01:47:14.685000
2024-05-19 13:54:54.832,OnTrack,3039,-832,793,pos,0 days 00:51:38.238000,0 days 01:47:14.846000
2024-05-19 13:54:55.172,OnTrack,2973,-698,791,pos,0 days 00:51:38.578000,0 days 01:47:15.186000
2024-05-19 13:54:55.331,OnTrack,2908,-591,790,pos,0 days 00:51:38.737000,0 days 01:47:15.345000
2024-05-19 13:54:55.672,OnTrack,2848,-519,789,pos,0 days 00:51:39.078000,0 days 01:47:15.686000
2024-05-19 13:54:55.912,OnTrack,2774,-455,788,pos,0 days 00:51:39.318000,0 days 01:47:15.926000
2024-05-19 13:54:56.091,OnTrack,2712,-419,787,pos,0 days 00:51:39.497000,0 days 01:47:16.105000
2024-05-19 13:54:56.371,OnTrack,2608,-381,787,pos,0 days 00:51:39.777000,0 days 01:47:16.385000
2024-05-19 13:54:56.552,OnTrack,2540,-367,786,pos,0 days 00:51:39.958000,0 days 01:47:16.566000
2024-05-19 13:54:56.752,OnTrack,2465,-360,786,pos,0 days 00:51:40.158000,0 days 01:47:16.766000
2024-05-19 13:54:57.012,OnTrack,2326,-365,786,pos,0 days 00:51:40.418000,0 days 01:47:17.026000
2024-05-19 13:54:57.352,OnTrack,2232,-383,784,pos,0 days 00:51:40.758000,0 days 01:47:17.366000
2024-05-19 13:54:57.612,OnTrack,2129,-416,783,pos,0 days 00:51:41.018000,0 days 01:47:17.626000
2024-05-19 13:54:57.892,OnTrack,1973,-485,781,pos,0 days 00:51:41.298000,0 days 01:47:17.906000
2024-05-19 13:54:58.192,OnTrack,1887,-525,781,pos,0 days 00:51:41.598000,0 days 01:47:18.206000
2024-05-19 13:54:58.452,OnTrack,1701,-610,779,pos,0 days 00:51:41.858000,0 days 01:47:18.466000
2024-05-19 13:54:58.871,OnTrack,1501,-701,778,pos,0 days 00:51:42.277000,0 days 01:47:18.885000
2024-05-19 13:54:59.311,OnTrack,1257,-811,778,pos,0 days 00:51:42.717000,0 days 01:47:19.325000
2024-05-19 13:54:59.811,OnTrack,1054,-904,778,pos,0 days 00:51:43.217000,0 days 01:47:19.825000
2024-05-19 13:54:59.992,OnTrack,902,-972,779,pos,0 days 00:51:43.398000,0 days 01:47:20.006000
2024-05-19 13:55:00.411,OnTrack,614,-1093,780,pos,0 days 00:51:43.817000,0 days 01:47:20.425000
2024-05-19 13:55:00.771,OnTrack,412,-1178,780,pos,0 days 00:51:44.177000,0 days 01:47:20.785000
2024-05-19 13:55:01.191,OnTrack,204,-1266,781,pos,0 days 00:51:44.597000,0 days 01:47:21.205000
2024-05-19 13:55:01.432,OnTrack,46,-1332,781,pos,0 days 00:51:44.838000,0 days 01:47:21.446000
2024-05-19 13:55:01.652,OnTrack,-101,-1392,781,pos,0 days 00:51:45.058000,0 days 01:47:21.666000
2024-05-19 13:55:01.831,OnTrack,-266,-1452,782,pos,0 days 00:51:45.237000,0 days 01:47:21.845000
2024-05-19 13:55:02.131,OnTrack,-437,-1504,782,pos,0 days 00:51:45.537000,0 days 01:47:22.145000
2024-05-19 13:55:02.452,OnTrack,-672,-1556,783,pos,0 days 00:51:45.858000,0 days 01:47:22.466000
2024-05-19 13:55:02.651,OnTrack,-823,-1574,783,pos,0 days 00:51:46.057000,0 days 01:47:22.665000
2024-05-19 13:55:02.732,OnTrack,-885,-1579,783,pos,0 days 00:51:46.138000,0 days 01:47:22.746000
2024-05-19 13:55:03.032,OnTrack,-1152,-1591,784,pos,0 days 00:51:46.438000,0 days 01:47:23.046000
2024-05-19 13:55:03.211,OnTrack,-1369,-1597,785,pos,0 days 00:51:46.617000,0 days 01:47:23.225000
2024-05-19 13:55:03.712,OnTrack,-1716,-1618,787,pos,0 days 00:51:47.118000,0 days 01:47:23.726000
2024-05-19 13:55:03.972,OnTrack,-1876,-1626,787,pos,0 days 00:51:47.378000,0 days 01:47:23.986000
2024-05-19 13:55:04.172,OnTrack,-2037,-1635,788,pos,0 days 00:51:47.578000,0 days 01:47:24.186000
2024-05-19 13:55:04.452,OnTrack,-2345,-1653,789,pos,0 days 00:51:47.858000,0 days 01:47:24.466000
2024-05-19 13:55:04.772,OnTrack,-2524,-1663,790,pos,0 days 00:51:48.178000,0 days 01:47:24.786000
2024-05-19 13:55:04.972,OnTrack,-2688,-1670,791,pos,0 days 00:51:48.378000,0 days 01:47:24.986000
2024-05-19 13:55:05.292,OnTrack,-3052,-1681,792,pos,0 days 00:51:48.698000,0 days 01:47:25.306000
2024-05-19 13:55:05.751,OnTrack,-3336,-1692,793,pos,0 days 00:51:49.157000,0 days 01:47:25.765000
2024-05-19 13:55:05.951,OnTrack,-3503,-1696,794,pos,0 days 00:51:49.357000,0 days 01:47:25.965000
2024-05-19 13:55:06.151,OnTrack,-3703,-1692,795,pos,0 days 00:51:49.557000,0 days 01:47:26.165000
2024-05-19 13:55:06.491,OnTrack,-3954,-1668,796,pos,0 days 00:51:49.897000,0 days 01:47:26.505000
2024-05-19 13:55:06.671,OnTrack,-4106,-1643,797,pos,0 days 00:51:50.077000,0 days 01:47:26.685000
2024-05-19 13:55:06.971,OnTrack,-4425,-1575,799,pos,0 days 00:51:50.377000,0 days 01:47:26.985000
2024-05-19 13:55:07.291,OnTrack,-4626,-1528,800,pos,0 days 00:51:50.697000,0 days 01:47:27.305000
2024-05-19 13:55:07.551,OnTrack,-4843,-1475,802,pos,0 days 00:51:50.957000,0 days 01:47:27.565000
2024-05-19 13:55:07.771,OnTrack,-5026,-1429,803,pos,0 days 00:51:51.177000,0 days 01:47:27.785000
2024-05-19 13:55:07.831,OnTrack,-5076,-1417,804,pos,0 days 00:51:51.237000,0 days 01:47:27.845000
2024-05-19 13:55:08.111,OnTrack,-5311,-1360,805,pos,0 days 00:51:51.517000,0 days 01:47:28.125000
2024-05-19 13:55:08.291,OnTrack,-5463,-1327,807,pos,0 days 00:51:51.697000,0 days 01:47:28.305000
2024-05-19 13:55:08.591,OnTrack,-5690,-1284,809,pos,0 days 00:51:51.997000,0 days 01:47:28.605000
2024-05-19 13:55:08.752,OnTrack,-5827,-1265,810,pos,0 days 00:51:52.158000,0 days 01:47:28.766000
2024-05-19 13:55:08.951,OnTrack,-5999,-1247,811,pos,0 days 00:51:52.357000,0 days 01:47:28.965000
2024-05-19 13:55:09.211,OnTrack,-6329,-1232,814,pos,0 days 00:51:52.617000,0 days 01:47:29.225000
2024-05-19 13:55:09.532,OnTrack,-6503,-1230,814,pos,0 days 00:51:52.938000,0 days 01:47:29.546000
2024-05-19 13:55:09.852,OnTrack,-6816,-1231,816,pos,0 days 00:51:53.258000,0 days 01:47:29.866000
2024-05-19 13:55:10.172,OnTrack,-7060,-1238,817,pos,0 days 00:51:53.578000,0 days 01:47:30.186000
2024-05-19 13:55:10.372,OnTrack,-7234,-1247,817,pos,0 days 00:51:53.778000,0 days 01:47:30.386000
2024-05-19 13:55:10.512,OnTrack,-7356,-1255,818,pos,0 days 00:51:53.918000,0 days 01:47:30.526000
2024-05-19 13:55:10.872,OnTrack,-7669,-1284,818,pos,0 days 00:51:54.278000,0 days 01:47:30.886000
2024-05-19 13:55:11.052,OnTrack,-7964,-1318,818,pos,0 days 00:51:54.458000,0 days 01:47:31.066000
2024-05-19 13:55:11.532,OnTrack,-8346,-1368,819,pos,0 days 00:51:54.938000,0 days 01:47:31.546000
2024-05-19 13:55:11.732,OnTrack,-8519,-1392,819,pos,0 days 00:51:55.138000,0 days 01:47:31.746000
2024-05-19 13:55:11.872,OnTrack,-8744,-1423,819,pos,0 days 00:51:55.278000,0 days 01:47:31.886000
2024-05-19 13:55:12.331,OnTrack,-9159,-1488,819,pos,0 days 00:51:55.737000,0 days 01:47:32.345000
2024-05-19 13:55:12.671,OnTrack,-9327,-1526,819,pos,0 days 00:51:56.077000,0 days 01:47:32.685000
2024-05-19 13:55:12.792,OnTrack,-9423,-1552,819,pos,0 days 00:51:56.198000,0 days 01:47:32.806000
2024-05-19 13:55:12.991,OnTrack,-9578,-1600,819,pos,0 days 00:51:56.397000,0 days 01:47:33.005000
2024-05-19 13:55:13.291,OnTrack,-9845,-1684,818,pos,0 days 00:51:56.697000,0 days 01:47:33.305000
2024-05-19 13:55:13.711,OnTrack,-10022,-1739,819,pos,0 days 00:51:57.117000,0 days 01:47:33.725000
2024-05-19 13:55:13.912,OnTrack,-10126,-1772,818,pos,0 days 00:51:57.318000,0 days 01:47:33.926000
2024-05-19 13:55:14.351,OnTrack,-10278,-1847,818,pos,0 days 00:51:57.757000,0 days 01:47:34.365000
2024-05-19 13:55:14.671,OnTrack,-10341,-1920,818,pos,0 days 00:51:58.077000,0 days 01:47:34.685000
2024-05-19 13:55:14.931,OnTrack,-10386,-2021,818,pos,0 days 00:51:58.337000,0 days 01:47:34.945000
2024-05-19 13:55:15.211,OnTrack,-10419,-2140,819,pos,0 days 00:51:58.617000,0 days 01:47:35.225000
2024-05-19 13:55:15.391,OnTrack,-10442,-2214,819,pos,0 days 00:51:58.797000,0 days 01:47:35.405000
2024-05-19 13:55:15.592,OnTrack,-10475,-2293,819,pos,0 days 00:51:58.998000,0 days 01:47:35.606000
2024-05-19 13:55:15.772,OnTrack,-10515,-2361,819,pos,0 days 00:51:59.178000,0 days 01:47:35.786000
2024-05-19 13:55:15.892,OnTrack,-10548,-2403,818,pos,0 days 00:51:59.298000,0 days 01:47:35.906000
2024-05-19 13:55:16.092,OnTrack,-10612,-2468,818,pos,0 days 00:51:59.498000,0 days 01:47:36.106000
2024-05-19 13:55:16.372,OnTrack,-10715,-2546,819,pos,0 days 00:51:59.778000,0 days 01:47:36.386000
2024-05-19 13:55:16.652,OnTrack,-10827,-2616,820,pos,0 days 00:52:00.058000,0 days 01:47:36.666000
2024-05-19 13:55:16.851,OnTrack,-10910,-2665,820,pos,0 days 00:52:00.257000,0 days 01:47:36.865000
2024-05-19 13:55:17.072,OnTrack,-11067,-2756,822,pos,0 days 00:52:00.478000,0 days 01:47:37.086000
2024-05-19 13:55:17.312,OnTrack,-11112,-2782,822,pos,0 days 00:52:00.718000,0 days 01:47:37.326000
2024-05-19 13:55:17.572,OnTrack,-11233,-2853,823,pos,0 days 00:52:00.978000,0 days 01:47:37.586000
2024-05-19 13:55:17.852,OnTrack,-11368,-2936,824,pos,0 days 00:52:01.258000,0 days 01:47:37.866000
2024-05-19 13:55:17.952,OnTrack,-11416,-2968,824,pos,0 days 00:52:01.358000,0 days 01:47:37.966000
2024-05-19 13:55:18.172,OnTrack,-11519,-3047,825,pos,0 days 00:52:01.578000,0 days 01:47:38.186000
2024-05-19 13:55:18.332,OnTrack,-11587,-3112,825,pos,0 days 00:52:01.738000,0 days 01:47:38.346000
2024-05-19 13:55:18.531,OnTrack,-11664,-3207,825,pos,0 days 00:52:01.937000,0 days 01:47:38.545000
2024-05-19 13:55:18.731,OnTrack,-11729,-3314,825,pos,0 days 00:52:02.137000,0 days 01:47:38.745000
2024-05-19 13:55:18.951,OnTrack,-11789,-3443,826,pos,0 days 00:52:02.357000,0 days 01:47:38.965000
2024-05-19 13:55:19.332,OnTrack,-11879,-3677,827,pos,0 days 00:52:02.738000,0 days 01:47:39.346000
2024-05-19 13:55:19.511,OnTrack,-11921,-3788,828,pos,0 days 00:52:02.917000,0 days 01:47:39.525000
2024-05-19 13:55:19.671,OnTrack,-11959,-3889,828,pos,0 days 00:52:03.077000,0 days 01:47:39.685000
2024-05-19 13:55:19.951,OnTrack,-12027,-4070,829,pos,0 days 00:52:03.357000,0 days 01:47:39.965000
2024-05-19 13:55:20.051,OnTrack,-12051,-4135,829,pos,0 days 00:52:03.457000,0 days 01:47:40.065000
2024-05-19 13:55:20.371,OnTrack,-12131,-4347,830,pos,0 days 00:52:03.777000,0 days 01:47:40.385000
2024-05-19 13:55:20.531,OnTrack,-12197,-4522,830,pos,0 days 00:52:03.937000,0 days 01:47:40.545000
2024-05-19 13:55:20.811,OnTrack,-12243,-4646,830,pos,0 days 00:52:04.217000,0 days 01:47:40.825000
2024-05-19 13:55:21.151,OnTrack,-12332,-4881,831,pos,0 days 00:52:04.557000,0 days 01:47:41.165000
2024-05-19 13:55:21.351,OnTrack,-12421,-5120,832,pos,0 days 00:52:04.757000,0 days 01:47:41.365000
2024-05-19 13:55:21.772,OnTrack,-12496,-5319,832,pos,0 days 00:52:05.178000,0 days 01:47:41.786000
2024-05-19 13:55:21.931,OnTrack,-12538,-5433,832,pos,0 days 00:52:05.337000,0 days 01:47:41.945000
2024-05-19 13:55:22.112,OnTrack,-12587,-5561,833,pos,0 days 00:52:05.518000,0 days 01:47:42.126000
2024-05-19 13:55:22.352,OnTrack,-12684,-5820,833,pos,0 days 00:52:05.758000,0 days 01:47:42.366000
2024-05-19 13:55:22.652,OnTrack,-12733,-5950,834,pos,0 days 00:52:06.058000,0 days 01:47:42.666000
2024-05-19 13:55:22.912,OnTrack,-12805,-6136,834,pos,0 days 00:52:06.318000,0 days 01:47:42.926000
2024-05-19 13:55:23.071,OnTrack,-12851,-6251,835,pos,0 days 00:52:06.477000,0 days 01:47:43.085000
2024-05-19 13:55:23.432,OnTrack,-12988,-6578,835,pos,0 days 00:52:06.838000,0 days 01:47:43.446000
2024-05-19 13:55:23.712,OnTrack,-13041,-6704,836,pos,0 days 00:52:07.118000,0 days 01:47:43.726000
2024-05-19 13:55:24.072,OnTrack,-13148,-7016,837,pos,0 days 00:52:07.478000,0 days 01:47:44.086000
2024-05-19 13:55:24.492,OnTrack,-13156,-7299,839,pos,0 days 00:52:07.898000,0 days 01:47:44.506000
2024-05-19 13:55:24.852,OnTrack,-13113,-7533,840,pos,0 days 00:52:08.258000,0 days 01:47:44.866000
2024-05-19 13:55:25.292,OnTrack,-13069,-7715,842,pos,0 days 00:52:08.698000,0 days 01:47:45.306000
2024-05-19 13:55:25.411,OnTrack,-13054,-7777,842,pos,0 days 00:52:08.817000,0 days 01:47:45.425000
2024-05-19 13:55:25.691,OnTrack,-13025,-7942,843,pos,0 days 00:52:09.097000,0 days 01:47:45.705000
2024-05-19 13:55:26.051,OnTrack,-13051,-8130,845,pos,0 days 00:52:09.457000,0 days 01:47:46.065000
2024-05-19 13:55:26.412,OnTrack,-13103,-8212,846,pos,0 days 00:52:09.818000,0 days 01:47:46.426000
2024-05-19 13:55:26.611,OnTrack,-13214,-8321,847,pos,0 days 00:52:10.017000,0 days 01:47:46.625000
2024-05-19 13:55:26.992,OnTrack,-13310,-8405,848,pos,0 days 00:52:10.398000,0 days 01:47:47.006000
2024-05-19 13:55:27.252,OnTrack,-13409,-8488,849,pos,0 days 00:52:10.658000,0 days 01:47:47.266000
2024-05-19 13:55:27.512,OnTrack,-13511,-8574,851,pos,0 days 00:52:10.918000,0 days 01:47:47.526000
2024-05-19 13:55:27.731,OnTrack,-13601,-8651,852,pos,0 days 00:52:11.137000,0 days 01:47:47.745000
2024-05-19 13:55:27.911,OnTrack,-13676,-8715,853,pos,0 days 00:52:11.317000,0 days 01:47:47.925000
2024-05-19 13:55:28.152,OnTrack,-13780,-8803,855,pos,0 days 00:52:11.558000,0 days 01:47:48.166000
2024-05-19 13:55:28.211,OnTrack,-13802,-8821,855,pos,0 days 00:52:11.617000,0 days 01:47:48.225000
2024-05-19 13:55:28.531,OnTrack,-13985,-8977,859,pos,0 days 00:52:11.937000,0 days 01:47:48.545000
2024-05-19 13:55:28.972,OnTrack,-14137,-9121,864,pos,0 days 00:52:12.378000,0 days 01:47:48.986000
2024-05-19 13:55:29.152,OnTrack,-14216,-9200,867,pos,0 days 00:52:12.558000,0 days 01:47:49.166000
2024-05-19 13:55:29.392,OnTrack,-14385,-9368,875,pos,0 days 00:52:12.798000,0 days 01:47:49.406000
2024-05-19 13:55:29.832,OnTrack,-14546,-9521,883,pos,0 days 00:52:13.238000,0 days 01:47:49.846000
2024-05-19 13:55:30.072,OnTrack,-14623,-9593,886,pos,0 days 00:52:13.478000,0 days 01:47:50.086000
2024-05-19 13:55:30.352,OnTrack,-14727,-9696,890,pos,0 days 00:52:13.758000,0 days 01:47:50.366000
2024-05-19 13:55:30.632,OnTrack,-14844,-9838,897,pos,0 days 00:52:14.038000,0 days 01:47:50.646000
2024-05-19 13:55:30.872,OnTrack,-14864,-9872,898,pos,0 days 00:52:14.278000,0 days 01:47:50.886000
2024-05-19 13:55:31.152,OnTrack,-14902,-9964,901,pos,0 days 00:52:14.558000,0 days 01:47:51.166000
2024-05-19 13:55:31.332,OnTrack,-14914,-10022,903,pos,0 days 00:52:14.738000,0 days 01:47:51.346000
2024-05-19 13:55:31.592,OnTrack,-14913,-10102,907,pos,0 days 00:52:14.998000,0 days 01:47:51.606000
2024-05-19 13:55:31.751,OnTrack,-14902,-10149,908,pos,0 days 00:52:15.157000,0 days 01:47:51.765000
2024-05-19 13:55:32.031,OnTrack,-14848,-10246,915,pos,0 days 00:52:15.437000,0 days 01:47:52.045000
2024-05-19 13:55:32.351,OnTrack,-14805,-10290,918,pos,0 days 00:52:15.757000,0 days 01:47:52.365000
2024-05-19 13:55:32.591,OnTrack,-14753,-10327,921,pos,0 days 00:52:15.997000,0 days 01:47:52.605000
2024-05-19 13:55:32.771,OnTrack,-14712,-10350,923,pos,0 days 00:52:16.177000,0 days 01:47:52.785000
2024-05-19 13:55:33.091,OnTrack,-14630,-10378,927,pos,0 days 00:52:16.497000,0 days 01:47:53.105000
2024-05-19 13:55:33.271,OnTrack,-14581,-10388,929,pos,0 days 00:52:16.677000,0 days 01:47:53.285000
2024-05-19 13:55:33.512,OnTrack,-14489,-10395,935,pos,0 days 00:52:16.918000,0 days 01:47:53.526000
2024-05-19 13:55:33.832,OnTrack,-14416,-10394,938,pos,0 days 00:52:17.238000,0 days 01:47:53.846000
2024-05-19 13:55:34.012,OnTrack,-14359,-10390,941,pos,0 days 00:52:17.418000,0 days 01:47:54.026000
2024-05-19 13:55:34.191,OnTrack,-14300,-10383,944,pos,0 days 00:52:17.597000,0 days 01:47:54.205000
2024-05-19 13:55:34.431,OnTrack,-14216,-10371,947,pos,0 days 00:52:17.837000,0 days 01:47:54.445000
2024-05-19 13:55:34.652,OnTrack,-14076,-10346,953,pos,0 days 00:52:18.058000,0 days 01:47:54.666000
2024-05-19 13:55:34.971,OnTrack,-13999,-10331,957,pos,0 days 00:52:18.377000,0 days 01:47:54.985000
2024-05-19 13:55:35.351,OnTrack,-13833,-10297,965,pos,0 days 00:52:18.757000,0 days 01:47:55.365000
2024-05-19 13:55:35.551,OnTrack,-13689,-10268,971,pos,0 days 00:52:18.957000,0 days 01:47:55.565000
2024-05-19 13:55:35.792,OnTrack,-13617,-10253,974,pos,0 days 00:52:19.198000,0 days 01:47:55.806000
2024-05-19 13:55:36.052,OnTrack,-13479,-10228,980,pos,0 days 00:52:19.458000,0 days 01:47:56.066000
2024-05-19 13:55:36.312,OnTrack,-13336,-10202,985,pos,0 days 00:52:19.718000,0 days 01:47:56.326000
2024-05-19 13:55:36.552,OnTrack,-13126,-10165,992,pos,0 days 00:52:19.958000,0 days 01:47:56.566000
2024-05-19 13:55:36.872,OnTrack,-13006,-10144,996,pos,0 days 00:52:20.278000,0 days 01:47:56.886000
2024-05-19 13:55:37.032,OnTrack,-12908,-10129,1000,pos,0 days 00:52:20.438000,0 days 01:47:57.046000
2024-05-19 13:55:37.212,OnTrack,-12795,-10112,1003,pos,0 days 00:52:20.618000,0 days 01:47:57.226000
2024-05-19 13:55:37.531,OnTrack,-12589,-10080,1010,pos,0 days 00:52:20.937000,0 days 01:47:57.545000
2024-05-19 13:55:37.752,OnTrack,-12444,-10060,1015,pos,0 days 00:52:21.158000,0 days 01:47:57.766000
2024-05-19 13:55:37.992,OnTrack,-12216,-10028,1025,pos,0 days 00:52:21.398000,0 days 01:47:58.006000
2024-05-19 13:55:38.271,OnTrack,-12092,-10011,1033,pos,0 days 00:52:21.677000,0 days 01:47:58.285000
2024-05-19 13:55:38.531,OnTrack,-11910,-9987,1045,pos,0 days 00:52:21.937000,0 days 01:47:58.545000
2024-05-19 13:55:38.791,OnTrack,-11669,-9959,1061,pos,0 days 00:52:22.197000,0 days 01:47:58.805000
2024-05-19 13:55:39.192,OnTrack,-11395,-9933,1079,pos,0 days 00:52:22.598000,0 days 01:47:59.206000
2024-05-19 13:55:39.492,OnTrack,-11220,-9922,1089,pos,0 days 00:52:22.898000,0 days 01:47:59.506000
2024-05-19 13:55:39.691,OnTrack,-11073,-9919,1098,pos,0 days 00:52:23.097000,0 days 01:47:59.705000
2024-05-19 13:55:40.012,OnTrack,-10837,-9919,1111,pos,0 days 00:52:23.418000,0 days 01:48:00.026000
2024-05-19 13:55:40.191,OnTrack,-10704,-9925,1117,pos,0 days 00:52:23.597000,0 days 01:48:00.205000
2024-05-19 13:55:40.391,OnTrack,-10555,-9935,1121,pos,0 days 00:52:23.797000,0 days 01:48:00.405000
2024-05-19 13:55:40.552,OnTrack,-10436,-9946,1122,pos,0 days 00:52:23.958000,0 days 01:48:00.566000
2024-05-19 13:55:40.832,OnTrack,-10227,-9969,1122,pos,0 days 00:52:24.238000,0 days 01:48:00.846000
2024-05-19 13:55:41.031,OnTrack,-9973,-9998,1120,pos,0 days 00:52:24.437000,0 days 01:48:01.045000
2024-05-19 13:55:41.331,OnTrack,-9854,-10012,1119,pos,0 days 00:52:24.737000,0 days 01:48:01.345000
2024-05-19 13:55:41.571,OnTrack,-9674,-10032,1118,pos,0 days 00:52:24.977000,0 days 01:48:01.585000
2024-05-19 13:55:41.772,OnTrack,-9524,-10049,1116,pos,0 days 00:52:25.178000,0 days 01:48:01.786000
2024-05-19 13:55:41.992,OnTrack,-9368,-10064,1115,pos,0 days 00:52:25.398000,0 days 01:48:02.006000
2024-05-19 13:55:42.212,OnTrack,-9227,-10071,1114,pos,0 days 00:52:25.618000,0 days 01:48:02.226000
2024-05-19 13:55:42.371,OnTrack,-9142,-10069,1114,pos,0 days 00:52:25.777000,0 days 01:48:02.385000
2024-05-19 13:55:42.552,OnTrack,-9040,-10057,1114,pos,0 days 00:52:25.958000,0 days 01:48:02.566000
2024-05-19 13:55:42.752,OnTrack,-8932,-10028,1114,pos,0 days 00:52:26.158000,0 days 01:48:02.766000
2024-05-19 13:55:42.992,OnTrack,-8813,-9969,1113,pos,0 days 00:52:26.398000,0 days 01:48:03.006000
2024-05-19 13:55:43.332,OnTrack,-8626,-9785,1106,pos,0 days 00:52:26.738000,0 days 01:48:03.346000
2024-05-19 13:55:43.592,OnTrack,-8589,-9727,1105,pos,0 days 00:52:26.998000,0 days 01:48:03.606000
2024-05-19 13:55:43.812,OnTrack,-8527,-9612,1101,pos,0 days 00:52:27.218000,0 days 01:48:03.826000
2024-05-19 13:55:44.032,OnTrack,-8469,-9496,1097,pos,0 days 00:52:27.438000,0 days 01:48:04.046000
2024-05-19 13:55:44.332,OnTrack,-8367,-9276,1090,pos,0 days 00:52:27.738000,0 days 01:48:04.346000
2024-05-19 13:55:44.672,OnTrack,-8316,-9135,1085,pos,0 days 00:52:28.078000,0 days 01:48:04.686000
2024-05-19 13:55:44.851,OnTrack,-8285,-9025,1081,pos,0 days 00:52:28.257000,0 days 01:48:04.865000
2024-05-19 13:55:45.051,OnTrack,-8260,-8898,1076,pos,0 days 00:52:28.457000,0 days 01:48:05.065000
2024-05-19 13:55:45.371,OnTrack,-8237,-8633,1062,pos,0 days 00:52:28.777000,0 days 01:48:05.385000
2024-05-19 13:55:45.691,OnTrack,-8241,-8468,1052,pos,0 days 00:52:29.097000,0 days 01:48:05.705000
2024-05-19 13:55:46.012,OnTrack,-8266,-8227,1033,pos,0 days 00:52:29.418000,0 days 01:48:06.026000
2024-05-19 13:55:46.252,OnTrack,-8284,-8101,1020,pos,0 days 00:52:29.658000,0 days 01:48:06.266000
2024-05-19 13:55:46.592,OnTrack,-8329,-7863,999,pos,0 days 00:52:29.998000,0 days 01:48:06.606000
2024-05-19 13:55:46.731,OnTrack,-8351,-7764,990,pos,0 days 00:52:30.137000,0 days 01:48:06.745000
2024-05-19 13:55:47.051,OnTrack,-8426,-7437,968,pos,0 days 00:52:30.457000,0 days 01:48:07.065000
2024-05-19 13:55:47.331,OnTrack,-8449,-7337,962,pos,0 days 00:52:30.737000,0 days 01:48:07.345000
2024-05-19 13:55:47.491,OnTrack,-8475,-7221,955,pos,0 days 00:52:30.897000,0 days 01:48:07.505000
2024-05-19 13:55:47.732,OnTrack,-8515,-7047,946,pos,0 days 00:52:31.138000,0 days 01:48:07.746000
2024-05-19 13:55:48.012,OnTrack,-8561,-6842,936,pos,0 days 00:52:31.418000,0 days 01:48:08.026000
2024-05-19 13:55:48.172,OnTrack,-8587,-6725,930,pos,0 days 00:52:31.578000,0 days 01:48:08.186000
2024-05-19 13:55:48.452,OnTrack,-8644,-6438,915,pos,0 days 00:52:31.858000,0 days 01:48:08.466000
2024-05-19 13:55:48.911,OnTrack,-8641,-6169,903,pos,0 days 00:52:32.317000,0 days 01:48:08.925000
2024-05-19 13:55:49.252,OnTrack,-8586,-5995,899,pos,0 days 00:52:32.658000,0 days 01:48:09.266000
2024-05-19 13:55:49.471,OnTrack,-8520,-5856,897,pos,0 days 00:52:32.877000,0 days 01:48:09.485000
2024-05-19 13:55:49.652,OnTrack,-8465,-5755,896,pos,0 days 00:52:33.058000,0 days 01:48:09.666000
2024-05-19 13:55:49.751,OnTrack,-8436,-5705,896,pos,0 days 00:52:33.157000,0 days 01:48:09.765000
2024-05-19 13:55:50.112,OnTrack,-8300,-5495,900,pos,0 days 00:52:33.518000,0 days 01:48:10.126000
2024-05-19 13:55:50.532,OnTrack,-8222,-5410,903,pos,0 days 00:52:33.938000,0 days 01:48:10.546000
2024-05-19 13:55:50.672,OnTrack,-8181,-5378,905,pos,0 days 00:52:34.078000,0 days 01:48:10.686000
2024-05-19 13:55:50.832,OnTrack,-8082,-5334,908,pos,0 days 00:52:34.238000,0 days 01:48:10.846000
2024-05-19 13:55:51.272,OnTrack,-7975,-5327,915,pos,0 days 00:52:34.678000,0 days 01:48:11.286000
2024-05-19 13:55:51.551,OnTrack,-7873,-5345,924,pos,0 days 00:52:34.957000,0 days 01:48:11.565000
2024-05-19 13:55:51.712,OnTrack,-7816,-5359,928,pos,0 days 00:52:35.118000,0 days 01:48:11.726000
2024-05-19 13:55:51.951,OnTrack,-7732,-5382,937,pos,0 days 00:52:35.357000,0 days 01:48:11.965000
2024-05-19 13:55:52.111,OnTrack,-7674,-5397,942,pos,0 days 00:52:35.517000,0 days 01:48:12.125000
2024-05-19 13:55:52.371,OnTrack,-7575,-5417,951,pos,0 days 00:52:35.777000,0 days 01:48:12.385000
2024-05-19 13:55:52.631,OnTrack,-7470,-5432,960,pos,0 days 00:52:36.037000,0 days 01:48:12.645000
2024-05-19 13:55:52.812,OnTrack,-7369,-5439,969,pos,0 days 00:52:36.218000,0 days 01:48:12.826000
2024-05-19 13:55:53.112,OnTrack,-7265,-5443,978,pos,0 days 00:52:36.518000,0 days 01:48:13.126000
2024-05-19 13:55:53.311,OnTrack,-7169,-5443,985,pos,0 days 00:52:36.717000,0 days 01:48:13.325000
2024-05-19 13:55:53.551,OnTrack,-7048,-5443,995,pos,0 days 00:52:36.957000,0 days 01:48:13.565000
2024-05-19 13:55:53.751,OnTrack,-6943,-5442,1002,pos,0 days 00:52:37.157000,0 days 01:48:13.765000
2024-05-19 13:55:54.732,OnTrack,-6381,-5437,1029,pos,0 days 00:52:38.138000,0 days 01:48:14.746000
2024-05-19 13:55:54.931,OnTrack,-6195,-5435,1034,pos,0 days 00:52:38.337000,0 days 01:48:14.945000
2024-05-19 13:55:55.232,OnTrack,-6067,-5434,1037,pos,0 days 00:52:38.638000,0 days 01:48:15.246000
2024-05-19 13:55:55.431,OnTrack,-5938,-5433,1041,pos,0 days 00:52:38.837000,0 days 01:48:15.445000
2024-05-19 13:55:55.771,OnTrack,-5713,-5431,1047,pos,0 days 00:52:39.177000,0 days 01:48:15.785000
2024-05-19 13:55:55.852,OnTrack,-5658,-5431,1049,pos,0 days 00:52:39.258000,0 days 01:48:15.866000
2024-05-19 13:55:56.152,OnTrack,-5452,-5428,1055,pos,0 days 00:52:39.558000,0 days 01:48:16.166000
2024-05-19 13:55:56.352,OnTrack,-5238,-5423,1061,pos,0 days 00:52:39.758000,0 days 01:48:16.366000
2024-05-19 13:55:56.672,OnTrack,-5112,-5417,1065,pos,0 days 00:52:40.078000,0 days 01:48:16.686000
2024-05-19 13:55:56.912,OnTrack,-4927,-5401,1071,pos,0 days 00:52:40.318000,0 days 01:48:16.926000
2024-05-19 13:55:57.172,OnTrack,-4742,-5385,1075,pos,0 days 00:52:40.578000,0 days 01:48:17.186000
2024-05-19 13:55:57.472,OnTrack,-4530,-5366,1080,pos,0 days 00:52:40.878000,0 days 01:48:17.486000
2024-05-19 13:55:57.612,OnTrack,-4430,-5358,1081,pos,0 days 00:52:41.018000,0 days 01:48:17.626000
2024-05-19 13:55:57.792,OnTrack,-4201,-5339,1083,pos,0 days 00:52:41.198000,0 days 01:48:17.806000
2024-05-19 13:55:58.232,OnTrack,-3920,-5315,1085,pos,0 days 00:52:41.638000,0 days 01:48:18.246000
2024-05-19 13:55:58.691,OnTrack,-3695,-5297,1087,pos,0 days 00:52:42.097000,0 days 01:48:18.705000
2024-05-19 13:55:58.871,OnTrack,-3527,-5284,1087,pos,0 days 00:52:42.277000,0 days 01:48:18.885000
2024-05-19 13:55:59.211,OnTrack,-3435,-5277,1088,pos,0 days 00:52:42.617000,0 days 01:48:19.225000
2024-05-19 13:55:59.431,OnTrack,-3342,-5273,1090,pos,0 days 00:52:42.837000,0 days 01:48:19.445000
2024-05-19 13:55:59.711,OnTrack,-3233,-5277,1091,pos,0 days 00:52:43.117000,0 days 01:48:19.725000
2024-05-19 13:55:59.831,OnTrack,-3201,-5285,1092,pos,0 days 00:52:43.237000,0 days 01:48:19.845000
2024-05-19 13:56:00.152,OnTrack,-3081,-5373,1096,pos,0 days 00:52:43.558000,0 days 01:48:20.166000
2024-05-19 13:56:00.492,OnTrack,-3029,-5431,1096,pos,0 days 00:52:43.898000,0 days 01:48:20.506000
2024-05-19 13:56:00.732,OnTrack,-2974,-5486,1096,pos,0 days 00:52:44.138000,0 days 01:48:20.746000
2024-05-19 13:56:00.952,OnTrack,-2889,-5541,1096,pos,0 days 00:52:44.358000,0 days 01:48:20.966000
2024-05-19 13:56:01.352,OnTrack,-2812,-5563,1095,pos,0 days 00:52:44.758000,0 days 01:48:21.366000
2024-05-19 13:56:01.592,OnTrack,-2746,-5559,1093,pos,0 days 00:52:44.998000,0 days 01:48:21.606000
2024-05-19 13:56:01.792,OnTrack,-2688,-5547,1092,pos,0 days 00:52:45.198000,0 days 01:48:21.806000
2024-05-19 13:56:02.052,OnTrack,-2614,-5525,1091,pos,0 days 00:52:45.458000,0 days 01:48:22.066000
2024-05-19 13:56:02.172,OnTrack,-2551,-5504,1089,pos,0 days 00:52:45.578000,0 days 01:48:22.186000
2024-05-19 13:56:02.612,OnTrack,-2404,-5443,1086,pos,0 days 00:52:46.018000,0 days 01:48:22.626000
2024-05-19 13:56:03.032,OnTrack,-2274,-5380,1083,pos,0 days 00:52:46.438000,0 days 01:48:23.046000
2024-05-19 13:56:03.412,OnTrack,-2169,-5325,1080,pos,0 days 00:52:46.818000,0 days 01:48:23.426000
2024-05-19 13:56:03.672,OnTrack,-2023,-5248,1077,pos,0 days 00:52:47.078000,0 days 01:48:23.686000
2024-05-19 13:56:03.992,OnTrack,-1926,-5197,1075,pos,0 days 00:52:47.398000,0 days 01:48:24.006000
2024-05-19 13:56:04.292,OnTrack,-1789,-5125,1072,pos,0 days 00:52:47.698000,0 days 01:48:24.306000
2024-05-19 13:56:04.493,OnTrack,-1664,-5061,1070,pos,0 days 00:52:47.899000,0 days 01:48:24.507000
2024-05-19 13:56:04.891,OnTrack,-1404,-4939,1065,pos,0 days 00:52:48.297000,0 days 01:48:24.905000
2024-05-19 13:56:05.312,OnTrack,-1248,-4868,1062,pos,0 days 00:52:48.718000,0 days 01:48:25.326000
2024-05-19 13:56:05.491,OnTrack,-1146,-4819,1060,pos,0 days 00:52:48.897000,0 days 01:48:25.505000
2024-05-19 13:56:05.691,OnTrack,-966,-4721,1056,pos,0 days 00:52:49.097000,0 days 01:48:25.705000
2024-05-19 13:56:05.991,OnTrack,-863,-4660,1054,pos,0 days 00:52:49.397000,0 days 01:48:26.005000
2024-05-19 13:56:06.271,OnTrack,-705,-4555,1049,pos,0 days 00:52:49.677000,0 days 01:48:26.285000
2024-05-19 13:56:06.551,OnTrack,-547,-4443,1045,pos,0 days 00:52:49.957000,0 days 01:48:26.565000
2024-05-19 13:56:06.752,OnTrack,-434,-4360,1041,pos,0 days 00:52:50.158000,0 days 01:48:26.766000
2024-05-19 13:56:06.972,OnTrack,-309,-4265,1037,pos,0 days 00:52:50.378000,0 days 01:48:26.986000
2024-05-19 13:56:07.631,OnTrack,57,-3951,1028,pos,0 days 00:52:51.037000,0 days 01:48:27.645000
2024-05-19 13:56:08.011,OnTrack,298,-3704,1020,pos,0 days 00:52:51.417000,0 days 01:48:28.025000
2024-05-19 13:56:08.152,OnTrack,370,-3625,1018,pos,0 days 00:52:51.558000,0 days 01:48:28.166000
2024-05-19 13:56:08.312,OnTrack,452,-3534,1015,pos,0 days 00:52:51.718000,0 days 01:48:28.326000
2024-05-19 13:56:08.491,OnTrack,545,-3431,1010,pos,0 days 00:52:51.897000,0 days 01:48:28.505000
2024-05-19 13:56:08.672,OnTrack,639,-3327,1005,pos,0 days 00:52:52.078000,0 days 01:48:28.686000
2024-05-19 13:56:08.972,OnTrack,797,-3152,995,pos,0 days 00:52:52.378000,0 days 01:48:28.986000
2024-05-19 13:56:09.152,OnTrack,893,-3046,988,pos,0 days 00:52:52.558000,0 days 01:48:29.166000
2024-05-19 13:56:09.432,OnTrack,1085,-2833,973,pos,0 days 00:52:52.838000,0 days 01:48:29.446000
2024-05-19 13:56:09.712,OnTrack,1193,-2714,963,pos,0 days 00:52:53.118000,0 days 01:48:29.726000
2024-05-19 13:56:10.012,OnTrack,1359,-2536,947,pos,0 days 00:52:53.418000,0 days 01:48:30.026000
2024-05-19 13:56:10.212,OnTrack,1475,-2424,938,pos,0 days 00:52:53.618000,0 days 01:48:30.226000
2024-05-19 13:56:10.432,OnTrack,1611,-2311,927,pos,0 days 00:52:53.838000,0 days 01:48:30.446000
2024-05-19 13:56:10.672,OnTrack,1774,-2204,913,pos,0 days 00:52:54.078000,0 days 01:48:30.686000
2024-05-19 13:56:10.872,OnTrack,1928,-2125,901,pos,0 days 00:52:54.278000,0 days 01:48:30.886000
2024-05-19 13:56:11.072,OnTrack,2088,-2058,889,pos,0 days 00:52:54.478000,0 days 01:48:31.086000
2024-05-19 13:56:11.271,OnTrack,2329,-1962,870,pos,0 days 00:52:54.677000,0 days 01:48:31.285000
2024-05-19 13:56:11.531,OnTrack,2427,-1922,862,pos,0 days 00:52:54.937000,0 days 01:48:31.545000
2024-05-19 13:56:11.771,OnTrack,2583,-1859,850,pos,0 days 00:52:55.177000,0 days 01:48:31.785000
2024-05-19 13:56:11.951,OnTrack,2686,-1817,843,pos,0 days 00:52:55.357000,0 days 01:48:31.965000
2024-05-19 13:56:12.351,OnTrack,2927,-1715,827,pos,0 days 00:52:55.757000,0 days 01:48:32.365000
2024-05-19 13:56:12.611,OnTrack,2988,-1684,823,pos,0 days 00:52:56.017000,0 days 01:48:32.625000
2024-05-19 13:56:12.811,OnTrack,3049,-1645,819,pos,0 days 00:52:56.217000,0 days 01:48:32.825000
2024-05-19 13:56:13.071,OnTrack,3116,-1581,813,pos,0 days 00:52:56.477000,0 days 01:48:33.085000
2024-05-19 13:56:13.212,OnTrack,3143,-1541,811,pos,0 days 00:52:56.618000,0 days 01:48:33.226000
2024-05-19 13:56:13.431,OnTrack,3173,-1474,809,pos,0 days 00:52:56.837000,0 days 01:48:33.445000
2024-05-19 13:56:13.611,OnTrack,3187,-1415,806,pos,0 days 00:52:57.017000,0 days 01:48:33.625000
2024-05-19 13:56:13.871,OnTrack,3189,-1329,803,pos,0 days 00:52:57.277000,0 days 01:48:33.885000
2024-05-19 13:56:14.171,OnTrack,3174,-1233,800,pos,0 days 00:52:57.577000,0 days 01:48:34.185000
2024-05-19 13:56:14.211,OnTrack,3171,-1220,799,pos,0 days 00:52:57.617000,0 days 01:48:34.225000
2024-05-19 13:56:14.491,OnTrack,3133,-1087,796,pos,0 days 00:52:57.897000,0 days 01:48:34.505000
2024-05-19 13:56:14.992,OnTrack,3092,-966,794,pos,0 days 00:52:58.398000,0 days 01:48:35.006000
2024-05-19 13:56:15.051,OnTrack,3084,-945,794,pos,0 days 00:52:58.457000,0 days 01:48:35.065000
2024-05-19 13:56:15.412,OnTrack,3019,-789,792,pos,0 days 00:52:58.818000,0 days 01:48:35.426000
2024-05-19 13:56:15.812,OnTrack,2935,-633,790,pos,0 days 00:52:59.218000,0 days 01:48:35.826000
2024-05-19 13:56:16.072,OnTrack,2884,-561,789,pos,0 days 00:52:59.478000,0 days 01:48:36.086000
2024-05-19 13:56:16.252,OnTrack,2834,-504,789,pos,0 days 00:52:59.658000,0 days 01:48:36.266000
2024-05-19 13:56:16.492,OnTrack,2757,-444,788,pos,0 days 00:52:59.898000,0 days 01:48:36.506000
2024-05-19 13:56:16.812,OnTrack,2640,-390,787,pos,0 days 00:53:00.218000,0 days 01:48:36.826000
2024-05-19 13:56:17.032,OnTrack,2541,-367,786,pos,0 days 00:53:00.438000,0 days 01:48:37.046000
2024-05-19 13:56:17.352,OnTrack,2434,-359,786,pos,0 days 00:53:00.758000,0 days 01:48:37.366000
2024-05-19 13:56:17.553,OnTrack,2357,-362,786,pos,0 days 00:53:00.959000,0 days 01:48:37.567000
2024-05-19 13:56:17.791,OnTrack,2224,-385,784,pos,0 days 00:53:01.197000,0 days 01:48:37.805000
2024-05-19 13:56:18.092,OnTrack,2145,-410,783,pos,0 days 00:53:01.498000,0 days 01:48:38.106000
2024-05-19 13:56:18.311,OnTrack,2059,-445,782,pos,0 days 00:53:01.717000,0 days 01:48:38.325000
2024-05-19 13:56:18.611,OnTrack,1937,-502,781,pos,0 days 00:53:02.017000,0 days 01:48:38.625000
2024-05-19 13:56:18.771,OnTrack,1868,-534,780,pos,0 days 00:53:02.177000,0 days 01:48:38.785000
2024-05-19 13:56:19.011,OnTrack,1767,-580,779,pos,0 days 00:53:02.417000,0 days 01:48:39.025000
2024-05-19 13:56:19.291,OnTrack,1633,-641,778,pos,0 days 00:53:02.697000,0 days 01:48:39.305000
2024-05-19 13:56:19.331,OnTrack,1614,-650,778,pos,0 days 00:53:02.737000,0 days 01:48:39.345000
2024-05-19 13:56:19.711,OnTrack,1419,-738,778,pos,0 days 00:53:03.117000,0 days 01:48:39.725000
2024-05-19 13:56:19.871,OnTrack,1279,-801,778,pos,0 days 00:53:03.277000,0 days 01:48:39.885000
2024-05-19 13:56:20.211,OnTrack,1146,-862,778,pos,0 days 00:53:03.617000,0 days 01:48:40.225000
2024-05-19 13:56:20.471,OnTrack,927,-961,778,pos,0 days 00:53:03.877000,0 days 01:48:40.485000
2024-05-19 13:56:20.751,OnTrack,832,-1002,779,pos,0 days 00:53:04.157000,0 days 01:48:40.765000
2024-05-19 13:56:20.991,OnTrack,685,-1064,779,pos,0 days 00:53:04.397000,0 days 01:48:41.005000
2024-05-19 13:56:21.351,OnTrack,452,-1161,780,pos,0 days 00:53:04.757000,0 days 01:48:41.365000
2024-05-19 13:56:21.392,OnTrack,427,-1172,780,pos,0 days 00:53:04.798000,0 days 01:48:41.406000
2024-05-19 13:56:21.652,OnTrack,260,-1242,781,pos,0 days 00:53:05.058000,0 days 01:48:41.666000
2024-05-19 13:56:21.932,OnTrack,10,-1347,781,pos,0 days 00:53:05.338000,0 days 01:48:41.946000
2024-05-19 13:56:22.232,OnTrack,-124,-1401,781,pos,0 days 00:53:05.638000,0 days 01:48:42.246000
2024-05-19 13:56:22.512,OnTrack,-317,-1469,782,pos,0 days 00:53:05.918000,0 days 01:48:42.526000
2024-05-19 13:56:22.752,OnTrack,-489,-1517,783,pos,0 days 00:53:06.158000,0 days 01:48:42.766000
2024-05-19 13:56:22.992,OnTrack,-666,-1555,783,pos,0 days 00:53:06.398000,0 days 01:48:43.006000
2024-05-19 13:56:23.231,OnTrack,-924,-1581,784,pos,0 days 00:53:06.637000,0 days 01:48:43.245000
2024-05-19 13:56:23.552,OnTrack,-1246,-1593,785,pos,0 days 00:53:06.958000,0 days 01:48:43.566000
2024-05-19 13:56:23.992,OnTrack,-1551,-1608,786,pos,0 days 00:53:07.398000,0 days 01:48:44.006000
2024-05-19 13:56:24.292,OnTrack,-1695,-1616,786,pos,0 days 00:53:07.698000,0 days 01:48:44.306000
2024-05-19 13:56:24.491,OnTrack,-1855,-1625,787,pos,0 days 00:53:07.897000,0 days 01:48:44.505000
2024-05-19 13:56:24.771,OnTrack,-2081,-1638,788,pos,0 days 00:53:08.177000,0 days 01:48:44.785000
2024-05-19 13:56:24.991,OnTrack,-2341,-1652,789,pos,0 days 00:53:08.397000,0 days 01:48:45.005000
2024-05-19 13:56:25.291,OnTrack,-2504,-1662,790,pos,0 days 00:53:08.697000,0 days 01:48:45.305000
2024-05-19 13:56:25.511,OnTrack,-2684,-1670,791,pos,0 days 00:53:08.917000,0 days 01:48:45.525000
2024-05-19 13:56:25.831,OnTrack,-2948,-1677,792,pos,0 days 00:53:09.237000,0 days 01:48:45.845000
2024-05-19 13:56:26.032,OnTrack,-3164,-1685,793,pos,0 days 00:53:09.438000,0 days 01:48:46.046000
2024-05-19 13:56:26.371,OnTrack,-3398,-1694,794,pos,0 days 00:53:09.777000,0 days 01:48:46.385000
2024-05-19 13:56:26.612,OnTrack,-3599,-1695,795,pos,0 days 00:53:10.018000,0 days 01:48:46.626000
2024-05-19 13:56:26.892,OnTrack,-3883,-1677,796,pos,0 days 00:53:10.298000,0 days 01:48:46.906000
2024-05-19 13:56:27.251,OnTrack,-4136,-1637,797,pos,0 days 00:53:10.657000,0 days 01:48:47.265000
2024-05-19 13:56:27.531,OnTrack,-4438,-1572,799,pos,0 days 00:53:10.937000,0 days 01:48:47.545000
2024-05-19 13:56:27.892,OnTrack,-4754,-1496,801,pos,0 days 00:53:11.298000,0 days 01:48:47.906000
2024-05-19 13:56:28.312,OnTrack,-5021,-1430,803,pos,0 days 00:53:11.718000,0 days 01:48:48.326000
2024-05-19 13:56:28.371,OnTrack,-5071,-1418,804,pos,0 days 00:53:11.777000,0 days 01:48:48.385000
2024-05-19 13:56:28.612,OnTrack,-5272,-1370,805,pos,0 days 00:53:12.018000,0 days 01:48:48.626000
2024-05-19 13:56:28.832,OnTrack,-5456,-1328,807,pos,0 days 00:53:12.238000,0 days 01:48:48.846000
2024-05-19 13:56:29.032,OnTrack,-5639,-1292,809,pos,0 days 00:53:12.438000,0 days 01:48:49.046000
2024-05-19 13:56:29.292,OnTrack,-5875,-1259,810,pos,0 days 00:53:12.698000,0 days 01:48:49.306000
2024-05-19 13:56:29.491,OnTrack,-6152,-1237,813,pos,0 days 00:53:12.897000,0 days 01:48:49.505000
2024-05-19 13:56:29.912,OnTrack,-6412,-1230,814,pos,0 days 00:53:13.318000,0 days 01:48:49.926000
2024-05-19 13:56:30.152,OnTrack,-6621,-1230,815,pos,0 days 00:53:13.558000,0 days 01:48:50.166000
2024-05-19 13:56:30.352,OnTrack,-6795,-1231,816,pos,0 days 00:53:13.758000,0 days 01:48:50.366000
2024-05-19 13:56:30.592,OnTrack,-7091,-1239,817,pos,0 days 00:53:13.998000,0 days 01:48:50.606000
2024-05-19 13:56:30.852,OnTrack,-7230,-1246,817,pos,0 days 00:53:14.258000,0 days 01:48:50.866000
2024-05-19 13:56:31.091,OnTrack,-7439,-1262,818,pos,0 days 00:53:14.497000,0 days 01:48:51.105000
2024-05-19 13:56:31.411,OnTrack,-7717,-1289,818,pos,0 days 00:53:14.817000,0 days 01:48:51.425000
2024-05-19 13:56:31.531,OnTrack,-7821,-1301,818,pos,0 days 00:53:14.937000,0 days 01:48:51.545000
2024-05-19 13:56:31.771,OnTrack,-8030,-1326,818,pos,0 days 00:53:15.177000,0 days 01:48:51.785000
2024-05-19 13:56:32.051,OnTrack,-8395,-1375,819,pos,0 days 00:53:15.457000,0 days 01:48:52.065000
2024-05-19 13:56:32.451,OnTrack,-8690,-1415,819,pos,0 days 00:53:15.857000,0 days 01:48:52.465000
2024-05-19 13:56:32.751,OnTrack,-8881,-1442,819,pos,0 days 00:53:16.157000,0 days 01:48:52.765000
2024-05-19 13:56:33.092,OnTrack,-9274,-1513,819,pos,0 days 00:53:16.498000,0 days 01:48:53.106000
2024-05-19 13:56:33.471,OnTrack,-9479,-1569,819,pos,0 days 00:53:16.877000,0 days 01:48:53.485000
2024-05-19 13:56:33.732,OnTrack,-9750,-1655,819,pos,0 days 00:53:17.138000,0 days 01:48:53.746000
2024-05-19 13:56:34.051,OnTrack,-9855,-1688,818,pos,0 days 00:53:17.457000,0 days 01:48:54.065000
2024-05-19 13:56:34.212,OnTrack,-9941,-1714,818,pos,0 days 00:53:17.618000,0 days 01:48:54.226000
2024-05-19 13:56:34.432,OnTrack,-10049,-1748,819,pos,0 days 00:53:17.838000,0 days 01:48:54.446000
2024-05-19 13:56:34.732,OnTrack,-10201,-1800,818,pos,0 days 00:53:18.138000,0 days 01:48:54.746000
2024-05-19 13:56:34.931,OnTrack,-10311,-1880,818,pos,0 days 00:53:18.337000,0 days 01:48:54.945000
2024-05-19 13:56:35.312,OnTrack,-10365,-1964,818,pos,0 days 00:53:18.718000,0 days 01:48:55.326000
2024-05-19 13:56:35.552,OnTrack,-10399,-2064,818,pos,0 days 00:53:18.958000,0 days 01:48:55.566000
2024-05-19 13:56:35.632,OnTrack,-10408,-2099,819,pos,0 days 00:53:19.038000,0 days 01:48:55.646000
2024-05-19 13:56:35.932,OnTrack,-10470,-2284,819,pos,0 days 00:53:19.338000,0 days 01:48:55.946000
2024-05-19 13:56:36.252,OnTrack,-10512,-2356,818,pos,0 days 00:53:19.658000,0 days 01:48:56.266000
2024-05-19 13:56:36.632,OnTrack,-10691,-2530,819,pos,0 days 00:53:20.038000,0 days 01:48:56.646000
2024-05-19 13:56:36.952,OnTrack,-10765,-2578,819,pos,0 days 00:53:20.358000,0 days 01:48:56.966000
2024-05-19 13:56:37.172,OnTrack,-10857,-2634,820,pos,0 days 00:53:20.578000,0 days 01:48:57.186000
2024-05-19 13:56:37.412,OnTrack,-10960,-2694,821,pos,0 days 00:53:20.818000,0 days 01:48:57.426000
2024-05-19 13:56:37.631,OnTrack,-11057,-2750,822,pos,0 days 00:53:21.037000,0 days 01:48:57.645000
2024-05-19 13:56:37.771,OnTrack,-11168,-2815,823,pos,0 days 00:53:21.177000,0 days 01:48:57.785000
2024-05-19 13:56:38.232,OnTrack,-11409,-2964,824,pos,0 days 00:53:21.638000,0 days 01:48:58.246000
2024-05-19 13:56:38.651,OnTrack,-11539,-3065,825,pos,0 days 00:53:22.057000,0 days 01:48:58.665000
2024-05-19 13:56:38.731,OnTrack,-11574,-3098,825,pos,0 days 00:53:22.137000,0 days 01:48:58.745000
2024-05-19 13:56:39.052,OnTrack,-11694,-3252,825,pos,0 days 00:53:22.458000,0 days 01:48:59.066000
2024-05-19 13:56:39.231,OnTrack,-11782,-3427,826,pos,0 days 00:53:22.637000,0 days 01:48:59.245000
2024-05-19 13:56:39.592,OnTrack,-11841,-3574,827,pos,0 days 00:53:22.998000,0 days 01:48:59.606000
2024-05-19 13:56:39.851,OnTrack,-11902,-3735,827,pos,0 days 00:53:23.257000,0 days 01:48:59.865000
2024-05-19 13:56:40.131,OnTrack,-11967,-3912,828,pos,0 days 00:53:23.537000,0 days 01:49:00.145000
2024-05-19 13:56:40.291,OnTrack,-12040,-4106,829,pos,0 days 00:53:23.697000,0 days 01:49:00.305000
2024-05-19 13:56:40.631,OnTrack,-12090,-4238,829,pos,0 days 00:53:24.037000,0 days 01:49:00.645000
2024-05-19 13:56:40.911,OnTrack,-12160,-4426,830,pos,0 days 00:53:24.317000,0 days 01:49:00.925000
2024-05-19 13:56:41.151,OnTrack,-12242,-4644,830,pos,0 days 00:53:24.557000,0 days 01:49:01.165000
2024-05-19 13:56:41.532,OnTrack,-12320,-4851,831,pos,0 days 00:53:24.938000,0 days 01:49:01.546000
2024-05-19 13:56:41.731,OnTrack,-12373,-4992,831,pos,0 days 00:53:25.137000,0 days 01:49:01.745000
2024-05-19 13:56:41.991,OnTrack,-12463,-5232,832,pos,0 days 00:53:25.397000,0 days 01:49:02.005000
2024-05-19 13:56:42.252,OnTrack,-12512,-5361,832,pos,0 days 00:53:25.658000,0 days 01:49:02.266000
2024-05-19 13:56:42.571,OnTrack,-12598,-5590,833,pos,0 days 00:53:25.977000,0 days 01:49:02.585000
2024-05-19 13:56:42.752,OnTrack,-12647,-5720,833,pos,0 days 00:53:26.158000,0 days 01:49:02.766000
2024-05-19 13:56:42.872,OnTrack,-12679,-5807,833,pos,0 days 00:53:26.278000,0 days 01:49:02.886000
2024-05-19 13:56:43.172,OnTrack,-12761,-6024,834,pos,0 days 00:53:26.578000,0 days 01:49:03.186000
2024-05-19 13:56:43.391,OnTrack,-12823,-6182,834,pos,0 days 00:53:26.797000,0 days 01:49:03.405000
2024-05-19 13:56:43.592,OnTrack,-12881,-6325,835,pos,0 days 00:53:26.998000,0 days 01:49:03.606000
2024-05-19 13:56:43.752,OnTrack,-12929,-6439,835,pos,0 days 00:53:27.158000,0 days 01:49:03.766000
2024-05-19 13:56:43.932,OnTrack,-12984,-6568,835,pos,0 days 00:53:27.338000,0 days 01:49:03.946000
2024-05-19 13:56:44.211,OnTrack,-13067,-6766,836,pos,0 days 00:53:27.617000,0 days 01:49:04.225000
2024-05-19 13:56:44.411,OnTrack,-13118,-6903,837,pos,0 days 00:53:27.817000,0 days 01:49:04.425000
2024-05-19 13:56:44.611,OnTrack,-13152,-7039,837,pos,0 days 00:53:28.017000,0 days 01:49:04.625000
2024-05-19 13:56:44.751,OnTrack,-13162,-7131,838,pos,0 days 00:53:28.157000,0 days 01:49:04.765000
2024-05-19 13:56:45.072,OnTrack,-13135,-7432,840,pos,0 days 00:53:28.478000,0 days 01:49:05.086000
2024-05-19 13:56:45.411,OnTrack,-13107,-7557,840,pos,0 days 00:53:28.817000,0 days 01:49:05.425000
2024-05-19 13:56:45.612,OnTrack,-13079,-7673,841,pos,0 days 00:53:29.018000,0 days 01:49:05.626000
2024-05-19 13:56:45.852,OnTrack,-13049,-7802,842,pos,0 days 00:53:29.258000,0 days 01:49:05.866000
2024-05-19 13:56:46.031,OnTrack,-13032,-7890,843,pos,0 days 00:53:29.437000,0 days 01:49:06.045000
2024-05-19 13:56:46.311,OnTrack,-13033,-8075,844,pos,0 days 00:53:29.717000,0 days 01:49:06.325000
2024-05-19 13:56:46.692,OnTrack,-13072,-8170,845,pos,0 days 00:53:30.098000,0 days 01:49:06.706000
2024-05-19 13:56:46.871,OnTrack,-13121,-8233,846,pos,0 days 00:53:30.277000,0 days 01:49:06.885000
2024-05-19 13:56:47.052,OnTrack,-13182,-8293,847,pos,0 days 00:53:30.458000,0 days 01:49:07.066000
2024-05-19 13:56:47.232,OnTrack,-13249,-8351,847,pos,0 days 00:53:30.638000,0 days 01:49:07.246000
2024-05-19 13:56:47.572,OnTrack,-13410,-8489,849,pos,0 days 00:53:30.978000,0 days 01:49:07.586000
2024-05-19 13:56:47.991,OnTrack,-13566,-8621,852,pos,0 days 00:53:31.397000,0 days 01:49:08.005000
2024-05-19 13:56:48.412,OnTrack,-13707,-8741,854,pos,0 days 00:53:31.818000,0 days 01:49:08.426000
2024-05-19 13:56:48.612,OnTrack,-13820,-8836,856,pos,0 days 00:53:32.018000,0 days 01:49:08.626000
2024-05-19 13:56:49.012,OnTrack,-13955,-8950,858,pos,0 days 00:53:32.418000,0 days 01:49:09.026000
2024-05-19 13:56:49.192,OnTrack,-14030,-9018,860,pos,0 days 00:53:32.598000,0 days 01:49:09.206000
2024-05-19 13:56:49.452,OnTrack,-14168,-9152,865,pos,0 days 00:53:32.858000,0 days 01:49:09.466000
2024-05-19 13:56:49.792,OnTrack,-14290,-9274,870,pos,0 days 00:53:33.198000,0 days 01:49:09.806000
2024-05-19 13:56:49.972,OnTrack,-14370,-9353,874,pos,0 days 00:53:33.378000,0 days 01:49:09.986000
2024-05-19 13:56:50.172,OnTrack,-14459,-9441,878,pos,0 days 00:53:33.578000,0 days 01:49:10.186000
2024-05-19 13:56:50.392,OnTrack,-14559,-9534,883,pos,0 days 00:53:33.798000,0 days 01:49:10.406000
2024-05-19 13:56:50.652,OnTrack,-14692,-9660,889,pos,0 days 00:53:34.058000,0 days 01:49:10.666000
2024-05-19 13:56:50.951,OnTrack,-14761,-9733,892,pos,0 days 00:53:34.357000,0 days 01:49:10.965000
2024-05-19 13:56:51.271,OnTrack,-14856,-9859,898,pos,0 days 00:53:34.677000,0 days 01:49:11.285000
2024-05-19 13:56:51.631,OnTrack,-14896,-9946,900,pos,0 days 00:53:35.037000,0 days 01:49:11.645000
2024-05-19 13:56:51.912,OnTrack,-14915,-10034,903,pos,0 days 00:53:35.318000,0 days 01:49:11.926000
2024-05-19 13:56:52.132,OnTrack,-14913,-10101,906,pos,0 days 00:53:35.538000,0 days 01:49:12.146000
2024-05-19 13:56:52.331,OnTrack,-14890,-10180,910,pos,0 days 00:53:35.737000,0 days 01:49:12.345000
2024-05-19 13:56:52.591,OnTrack,-14864,-10224,912,pos,0 days 00:53:35.997000,0 days 01:49:12.605000
2024-05-19 13:56:52.952,OnTrack,-14797,-10296,918,pos,0 days 00:53:36.358000,0 days 01:49:12.966000
2024-05-19 13:56:53.171,OnTrack,-14749,-10330,921,pos,0 days 00:53:36.577000,0 days 01:49:13.185000
2024-05-19 13:56:53.351,OnTrack,-14706,-10352,923,pos,0 days 00:53:36.757000,0 days 01:49:13.365000
2024-05-19 13:56:53.572,OnTrack,-14650,-10373,926,pos,0 days 00:53:36.978000,0 days 01:49:13.586000
2024-05-19 13:56:53.731,OnTrack,-14606,-10383,928,pos,0 days 00:53:37.137000,0 days 01:49:13.745000
2024-05-19 13:56:53.951,OnTrack,-14544,-10392,932,pos,0 days 00:53:37.357000,0 days 01:49:13.965000
2024-05-19 13:56:54.112,OnTrack,-14454,-10395,936,pos,0 days 00:53:37.518000,0 days 01:49:14.126000
2024-05-19 13:56:54.471,OnTrack,-14384,-10392,939,pos,0 days 00:53:37.877000,0 days 01:49:14.485000
2024-05-19 13:56:54.692,OnTrack,-14324,-10386,942,pos,0 days 00:53:38.098000,0 days 01:49:14.706000
2024-05-19 13:56:54.872,OnTrack,-14268,-10379,945,pos,0 days 00:53:38.278000,0 days 01:49:14.886000
2024-05-19 13:56:55.192,OnTrack,-14106,-10352,952,pos,0 days 00:53:38.598000,0 days 01:49:15.206000
2024-05-19 13:56:55.532,OnTrack,-14005,-10333,957,pos,0 days 00:53:38.938000,0 days 01:49:15.546000
2024-05-19 13:56:55.712,OnTrack,-13925,-10316,960,pos,0 days 00:53:39.118000,0 days 01:49:15.726000
2024-05-19 13:56:55.972,OnTrack,-13802,-10291,966,pos,0 days 00:53:39.378000,0 days 01:49:15.986000
2024-05-19 13:56:56.212,OnTrack,-13682,-10266,971,pos,0 days 00:53:39.618000,0 days 01:49:16.226000
2024-05-19 13:56:56.512,OnTrack,-13503,-10232,978,pos,0 days 00:53:39.918000,0 days 01:49:16.526000
2024-05-19 13:56:56.952,OnTrack,-13278,-10192,987,pos,0 days 00:53:40.358000,0 days 01:49:16.966000
2024-05-19 13:56:57.331,OnTrack,-12993,-10142,997,pos,0 days 00:53:40.737000,0 days 01:49:17.345000
2024-05-19 13:56:57.592,OnTrack,-12894,-10127,1000,pos,0 days 00:53:40.998000,0 days 01:49:17.606000
2024-05-19 13:56:57.811,OnTrack,-12754,-10106,1004,pos,0 days 00:53:41.217000,0 days 01:49:17.825000
2024-05-19 13:56:58.091,OnTrack,-12573,-10078,1010,pos,0 days 00:53:41.497000,0 days 01:49:18.105000
2024-05-19 13:56:58.251,OnTrack,-12467,-10063,1014,pos,0 days 00:53:41.657000,0 days 01:49:18.265000
2024-05-19 13:56:58.591,OnTrack,-12196,-10025,1026,pos,0 days 00:53:41.997000,0 days 01:49:18.605000
2024-05-19 13:56:58.851,OnTrack,-12058,-10006,1035,pos,0 days 00:53:42.257000,0 days 01:49:18.865000
2024-05-19 13:56:59.071,OnTrack,-11902,-9986,1047,pos,0 days 00:53:42.477000,0 days 01:49:19.085000
2024-05-19 13:56:59.351,OnTrack,-11685,-9960,1060,pos,0 days 00:53:42.757000,0 days 01:49:19.365000
2024-05-19 13:56:59.532,OnTrack,-11556,-9947,1068,pos,0 days 00:53:42.938000,0 days 01:49:19.546000
2024-05-19 13:56:59.732,OnTrack,-11413,-9934,1078,pos,0 days 00:53:43.138000,0 days 01:49:19.746000
2024-05-19 13:57:00.032,OnTrack,-11195,-9922,1091,pos,0 days 00:53:43.438000,0 days 01:49:20.046000
2024-05-19 13:57:00.052,OnTrack,-11181,-9921,1091,pos,0 days 00:53:43.458000,0 days 01:49:20.066000
2024-05-19 13:57:00.251,OnTrack,-11034,-9918,1100,pos,0 days 00:53:43.657000,0 days 01:49:20.265000
2024-05-19 13:57:00.572,OnTrack,-10799,-9921,1113,pos,0 days 00:53:43.978000,0 days 01:49:20.586000
2024-05-19 13:57:00.751,OnTrack,-10666,-9927,1118,pos,0 days 00:53:44.157000,0 days 01:49:20.765000
2024-05-19 13:57:00.972,OnTrack,-10503,-9939,1122,pos,0 days 00:53:44.378000,0 days 01:49:20.986000
2024-05-19 13:57:01.212,OnTrack,-10325,-9957,1122,pos,0 days 00:53:44.618000,0 days 01:49:21.226000
2024-05-19 13:57:01.452,OnTrack,-10103,-9983,1121,pos,0 days 00:53:44.858000,0 days 01:49:21.466000
2024-05-19 13:57:01.712,OnTrack,-9954,-10000,1120,pos,0 days 00:53:45.118000,0 days 01:49:21.726000
2024-05-19 13:57:01.932,OnTrack,-9790,-10019,1119,pos,0 days 00:53:45.338000,0 days 01:49:21.946000
2024-05-19 13:57:02.151,OnTrack,-9626,-10038,1117,pos,0 days 00:53:45.557000,0 days 01:49:22.165000
2024-05-19 13:57:02.312,OnTrack,-9509,-10050,1116,pos,0 days 00:53:45.718000,0 days 01:49:22.326000
2024-05-19 13:57:02.632,OnTrack,-9291,-10069,1115,pos,0 days 00:53:46.038000,0 days 01:49:22.646000
2024-05-19 13:57:02.812,OnTrack,-9113,-10067,1114,pos,0 days 00:53:46.218000,0 days 01:49:22.826000
2024-05-19 13:57:03.132,OnTrack,-9013,-10052,1114,pos,0 days 00:53:46.538000,0 days 01:49:23.146000
2024-05-19 13:57:03.432,OnTrack,-8859,-9995,1114,pos,0 days 00:53:46.838000,0 days 01:49:23.446000
2024-05-19 13:57:03.592,OnTrack,-8785,-9950,1112,pos,0 days 00:53:46.998000,0 days 01:49:23.606000
2024-05-19 13:57:03.792,OnTrack,-8703,-9880,1110,pos,0 days 00:53:47.198000,0 days 01:49:23.806000
2024-05-19 13:57:04.112,OnTrack,-8596,-9739,1105,pos,0 days 00:53:47.518000,0 days 01:49:24.126000
2024-05-19 13:57:04.331,OnTrack,-8535,-9627,1101,pos,0 days 00:53:47.737000,0 days 01:49:24.345000
2024-05-19 13:57:04.392,OnTrack,-8519,-9597,1101,pos,0 days 00:53:47.798000,0 days 01:49:24.406000
2024-05-19 13:57:04.591,OnTrack,-8467,-9493,1097,pos,0 days 00:53:47.997000,0 days 01:49:24.605000
2024-05-19 13:57:04.912,OnTrack,-8371,-9286,1090,pos,0 days 00:53:48.318000,0 days 01:49:24.926000
2024-05-19 13:57:05.192,OnTrack,-8323,-9158,1086,pos,0 days 00:53:48.598000,0 days 01:49:25.206000
2024-05-19 13:57:05.532,OnTrack,-8269,-8949,1078,pos,0 days 00:53:48.938000,0 days 01:49:25.546000
2024-05-19 13:57:05.711,OnTrack,-8251,-8833,1073,pos,0 days 00:53:49.117000,0 days 01:49:25.725000
2024-05-19 13:57:05.951,OnTrack,-8237,-8578,1059,pos,0 days 00:53:49.357000,0 days 01:49:25.965000
2024-05-19 13:57:06.372,OnTrack,-8252,-8343,1042,pos,0 days 00:53:49.778000,0 days 01:49:26.386000
2024-05-19 13:57:06.691,OnTrack,-8273,-8173,1027,pos,0 days 00:53:50.097000,0 days 01:49:26.705000
2024-05-19 13:57:06.932,OnTrack,-8301,-8004,1011,pos,0 days 00:53:50.338000,0 days 01:49:26.946000
2024-05-19 13:57:07.092,OnTrack,-8323,-7892,1001,pos,0 days 00:53:50.498000,0 days 01:49:27.106000
2024-05-19 13:57:07.432,OnTrack,-8393,-7580,978,pos,0 days 00:53:50.838000,0 days 01:49:27.446000
2024-05-19 13:57:07.811,OnTrack,-8439,-7380,965,pos,0 days 00:53:51.217000,0 days 01:49:27.825000
2024-05-19 13:57:08.012,OnTrack,-8472,-7235,956,pos,0 days 00:53:51.418000,0 days 01:49:28.026000
2024-05-19 13:57:08.192,OnTrack,-8501,-7104,949,pos,0 days 00:53:51.598000,0 days 01:49:28.206000
2024-05-19 13:57:08.312,OnTrack,-8521,-7017,945,pos,0 days 00:53:51.718000,0 days 01:49:28.326000
2024-05-19 13:57:08.492,OnTrack,-8551,-6886,938,pos,0 days 00:53:51.898000,0 days 01:49:28.506000
2024-05-19 13:57:08.772,OnTrack,-8597,-6682,928,pos,0 days 00:53:52.178000,0 days 01:49:28.786000
2024-05-19 13:57:08.971,OnTrack,-8628,-6535,920,pos,0 days 00:53:52.377000,0 days 01:49:28.985000
2024-05-19 13:57:09.212,OnTrack,-8651,-6374,912,pos,0 days 00:53:52.618000,0 days 01:49:29.226000
2024-05-19 13:57:09.472,OnTrack,-8623,-6099,901,pos,0 days 00:53:52.878000,0 days 01:49:29.486000
2024-05-19 13:57:09.832,OnTrack,-8567,-5951,898,pos,0 days 00:53:53.238000,0 days 01:49:29.846000
2024-05-19 13:57:09.992,OnTrack,-8518,-5852,897,pos,0 days 00:53:53.398000,0 days 01:49:30.006000
2024-05-19 13:57:10.172,OnTrack,-8463,-5751,896,pos,0 days 00:53:53.578000,0 days 01:49:30.186000
2024-05-19 13:57:10.531,OnTrack,-8361,-5580,898,pos,0 days 00:53:53.937000,0 days 01:49:30.545000
2024-05-19 13:57:10.731,OnTrack,-8281,-5471,901,pos,0 days 00:53:54.137000,0 days 01:49:30.745000
2024-05-19 13:57:11.131,OnTrack,-8189,-5384,904,pos,0 days 00:53:54.537000,0 days 01:49:31.145000
2024-05-19 13:57:11.331,OnTrack,-8126,-5348,906,pos,0 days 00:53:54.737000,0 days 01:49:31.345000
2024-05-19 13:57:11.411,OnTrack,-8099,-5339,908,pos,0 days 00:53:54.817000,0 days 01:49:31.425000
2024-05-19 13:57:11.671,OnTrack,-8008,-5325,912,pos,0 days 00:53:55.077000,0 days 01:49:31.685000
2024-05-19 13:57:11.911,OnTrack,-7919,-5335,920,pos,0 days 00:53:55.317000,0 days 01:49:31.925000
2024-05-19 13:57:12.151,OnTrack,-7799,-5364,930,pos,0 days 00:53:55.557000,0 days 01:49:32.165000
2024-05-19 13:57:12.431,OnTrack,-7737,-5381,936,pos,0 days 00:53:55.837000,0 days 01:49:32.445000
2024-05-19 13:57:12.691,OnTrack,-7591,-5414,950,pos,0 days 00:53:56.097000,0 days 01:49:32.705000
2024-05-19 13:57:13.051,OnTrack,-7504,-5428,958,pos,0 days 00:53:56.457000,0 days 01:49:33.065000
2024-05-19 13:57:13.311,OnTrack,-7393,-5438,967,pos,0 days 00:53:56.717000,0 days 01:49:33.325000
2024-05-19 13:57:13.511,OnTrack,-7315,-5441,974,pos,0 days 00:53:56.917000,0 days 01:49:33.525000
2024-05-19 13:57:13.692,OnTrack,-7231,-5443,981,pos,0 days 00:53:57.098000,0 days 01:49:33.706000
2024-05-19 13:57:14.691,OnTrack,-6703,-5439,1015,pos,0 days 00:53:58.097000,0 days 01:49:34.705000
2024-05-19 13:57:14.911,OnTrack,-6575,-5438,1021,pos,0 days 00:53:58.317000,0 days 01:49:34.925000
2024-05-19 13:57:15.172,OnTrack,-6371,-5436,1029,pos,0 days 00:53:58.578000,0 days 01:49:35.186000
2024-05-19 13:57:15.572,OnTrack,-6171,-5435,1035,pos,0 days 00:53:58.978000,0 days 01:49:35.586000
2024-05-19 13:57:15.732,OnTrack,-5977,-5433,1040,pos,0 days 00:53:59.138000,0 days 01:49:35.746000
2024-05-19 13:57:16.232,OnTrack,-5738,-5431,1047,pos,0 days 00:53:59.638000,0 days 01:49:36.246000
2024-05-19 13:57:16.272,OnTrack,-5711,-5431,1047,pos,0 days 00:53:59.678000,0 days 01:49:36.286000
2024-05-19 13:57:16.652,OnTrack,-5436,-5428,1055,pos,0 days 00:54:00.058000,0 days 01:49:36.666000
2024-05-19 13:57:17.072,OnTrack,-5107,-5416,1065,pos,0 days 00:54:00.478000,0 days 01:49:37.086000
2024-05-19 13:57:17.411,OnTrack,-4931,-5402,1071,pos,0 days 00:54:00.817000,0 days 01:49:37.425000
2024-05-19 13:57:17.691,OnTrack,-4704,-5381,1076,pos,0 days 00:54:01.097000,0 days 01:49:37.705000
2024-05-19 13:57:18.012,OnTrack,-4504,-5364,1080,pos,0 days 00:54:01.418000,0 days 01:49:38.026000
2024-05-19 13:57:18.292,OnTrack,-4232,-5341,1083,pos,0 days 00:54:01.698000,0 days 01:49:38.306000
2024-05-19 13:57:18.651,OnTrack,-3948,-5318,1085,pos,0 days 00:54:02.057000,0 days 01:49:38.665000
2024-05-19 13:57:18.951,OnTrack,-3843,-5309,1086,pos,0 days 00:54:02.357000,0 days 01:49:38.965000
2024-05-19 13:57:19.191,OnTrack,-3700,-5297,1087,pos,0 days 00:54:02.597000,0 days 01:49:39.205000
2024-05-19 13:57:19.372,OnTrack,-3604,-5290,1087,pos,0 days 00:54:02.778000,0 days 01:49:39.386000
2024-05-19 13:57:19.712,OnTrack,-3445,-5278,1088,pos,0 days 00:54:03.118000,0 days 01:49:39.726000
2024-05-19 13:57:19.952,OnTrack,-3347,-5273,1089,pos,0 days 00:54:03.358000,0 days 01:49:39.966000
2024-05-19 13:57:20.152,OnTrack,-3236,-5277,1091,pos,0 days 00:54:03.558000,0 days 01:49:40.166000
2024-05-19 13:57:20.512,OnTrack,-3152,-5310,1093,pos,0 days 00:54:03.918000,0 days 01:49:40.526000
2024-05-19 13:57:20.712,OnTrack,-3075,-5379,1096,pos,0 days 00:54:04.118000,0 days 01:49:40.726000
2024-05-19 13:57:21.171,OnTrack,-2961,-5497,1096,pos,0 days 00:54:04.577000,0 days 01:49:41.185000
2024-05-19 13:57:21.552,OnTrack,-2871,-5548,1096,pos,0 days 00:54:04.958000,0 days 01:49:41.566000
2024-05-19 13:57:21.872,OnTrack,-2817,-5562,1095,pos,0 days 00:54:05.278000,0 days 01:49:41.886000
2024-05-19 13:57:22.092,OnTrack,-2758,-5561,1094,pos,0 days 00:54:05.498000,0 days 01:49:42.106000
2024-05-19 13:57:22.392,OnTrack,-2657,-5538,1092,pos,0 days 00:54:05.798000,0 days 01:49:42.406000
2024-05-19 13:57:22.672,OnTrack,-2596,-5519,1090,pos,0 days 00:54:06.078000,0 days 01:49:42.686000
2024-05-19 13:57:23.012,OnTrack,-2480,-5476,1087,pos,0 days 00:54:06.418000,0 days 01:49:43.026000
2024-05-19 13:57:23.272,OnTrack,-2419,-5449,1086,pos,0 days 00:54:06.678000,0 days 01:49:43.286000
2024-05-19 13:57:23.532,OnTrack,-2334,-5409,1084,pos,0 days 00:54:06.938000,0 days 01:49:43.546000
2024-05-19 13:57:23.652,OnTrack,-2292,-5389,1083,pos,0 days 00:54:07.058000,0 days 01:49:43.666000
2024-05-19 13:57:24.031,OnTrack,-2125,-5302,1079,pos,0 days 00:54:07.437000,0 days 01:49:44.045000
2024-05-19 13:57:24.431,OnTrack,-1982,-5226,1076,pos,0 days 00:54:07.837000,0 days 01:49:44.445000
2024-05-19 13:57:24.631,OnTrack,-1893,-5179,1074,pos,0 days 00:54:08.037000,0 days 01:49:44.645000
2024-05-19 13:57:24.851,OnTrack,-1771,-5115,1072,pos,0 days 00:54:08.257000,0 days 01:49:44.865000
2024-05-19 13:57:25.171,OnTrack,-1559,-5010,1068,pos,0 days 00:54:08.577000,0 days 01:49:45.185000
2024-05-19 13:57:25.551,OnTrack,-1432,-4951,1066,pos,0 days 00:54:08.957000,0 days 01:49:45.565000
2024-05-19 13:57:25.892,OnTrack,-1220,-4855,1062,pos,0 days 00:54:09.298000,0 days 01:49:45.906000
2024-05-19 13:57:26.152,OnTrack,-1095,-4793,1059,pos,0 days 00:54:09.558000,0 days 01:49:46.166000
2024-05-19 13:57:26.331,OnTrack,-992,-4737,1057,pos,0 days 00:54:09.737000,0 days 01:49:46.345000
2024-05-19 13:57:26.591,OnTrack,-844,-4648,1053,pos,0 days 00:54:09.997000,0 days 01:49:46.605000
2024-05-19 13:57:26.952,OnTrack,-573,-4462,1045,pos,0 days 00:54:10.358000,0 days 01:49:46.966000
2024-05-19 13:57:27.312,OnTrack,-368,-4310,1039,pos,0 days 00:54:10.718000,0 days 01:49:47.326000
2024-05-19 13:57:27.652,OnTrack,-243,-4213,1035,pos,0 days 00:54:11.058000,0 days 01:49:47.666000
2024-05-19 13:57:27.912,OnTrack,-97,-4092,1032,pos,0 days 00:54:11.318000,0 days 01:49:47.926000
2024-05-19 13:57:28.152,OnTrack,88,-3922,1027,pos,0 days 00:54:11.558000,0 days 01:49:48.166000
2024-05-19 13:57:28.492,OnTrack,261,-3744,1022,pos,0 days 00:54:11.898000,0 days 01:49:48.506000
2024-05-19 13:57:28.632,OnTrack,333,-3666,1019,pos,0 days 00:54:12.038000,0 days 01:49:48.646000
2024-05-19 13:57:28.892,OnTrack,528,-3450,1011,pos,0 days 00:54:12.298000,0 days 01:49:48.906000
2024-05-19 13:57:29.252,OnTrack,653,-3312,1004,pos,0 days 00:54:12.658000,0 days 01:49:49.266000
2024-05-19 13:57:29.492,OnTrack,779,-3172,996,pos,0 days 00:54:12.898000,0 days 01:49:49.506000
2024-05-19 13:57:29.732,OnTrack,905,-3032,987,pos,0 days 00:54:13.138000,0 days 01:49:49.746000
2024-05-19 13:57:29.953,OnTrack,1023,-2902,978,pos,0 days 00:54:13.359000,0 days 01:49:49.967000
2024-05-19 13:57:30.112,OnTrack,1108,-2808,971,pos,0 days 00:54:13.518000,0 days 01:49:50.126000
2024-05-19 13:57:30.291,OnTrack,1205,-2701,962,pos,0 days 00:54:13.697000,0 days 01:49:50.305000
2024-05-19 13:57:30.551,OnTrack,1348,-2547,949,pos,0 days 00:54:13.957000,0 days 01:49:50.565000
2024-05-19 13:57:30.792,OnTrack,1536,-2371,933,pos,0 days 00:54:14.198000,0 days 01:49:50.806000
2024-05-19 13:57:31.092,OnTrack,1707,-2245,919,pos,0 days 00:54:14.498000,0 days 01:49:51.106000
2024-05-19 13:57:31.312,OnTrack,1863,-2156,906,pos,0 days 00:54:14.718000,0 days 01:49:51.326000
2024-05-19 13:57:31.671,OnTrack,2121,-2045,886,pos,0 days 00:54:15.077000,0 days 01:49:51.685000
2024-05-19 13:57:31.771,OnTrack,2197,-2015,880,pos,0 days 00:54:15.177000,0 days 01:49:51.785000
2024-05-19 13:57:32.071,OnTrack,2511,-1888,856,pos,0 days 00:54:15.477000,0 days 01:49:52.085000
2024-05-19 13:57:32.351,OnTrack,2603,-1851,849,pos,0 days 00:54:15.757000,0 days 01:49:52.365000
2024-05-19 13:57:32.571,OnTrack,2729,-1799,840,pos,0 days 00:54:15.977000,0 days 01:49:52.585000
2024-05-19 13:57:32.931,OnTrack,2929,-1714,827,pos,0 days 00:54:16.337000,0 days 01:49:52.945000
2024-05-19 13:57:33.252,OnTrack,3030,-1659,820,pos,0 days 00:54:16.658000,0 days 01:49:53.266000
2024-05-19 13:57:33.512,OnTrack,3102,-1597,815,pos,0 days 00:54:16.918000,0 days 01:49:53.526000
2024-05-19 13:57:33.731,OnTrack,3159,-1510,810,pos,0 days 00:54:17.137000,0 days 01:49:53.745000
2024-05-19 13:57:34.132,OnTrack,3187,-1408,806,pos,0 days 00:54:17.538000,0 days 01:49:54.146000
2024-05-19 13:57:34.352,OnTrack,3189,-1337,803,pos,0 days 00:54:17.758000,0 days 01:49:54.366000
2024-05-19 13:57:34.572,OnTrack,3178,-1250,800,pos,0 days 00:54:17.978000,0 days 01:49:54.586000
2024-05-19 13:57:34.912,OnTrack,3157,-1165,798,pos,0 days 00:54:18.318000,0 days 01:49:54.926000
2024-05-19 13:57:35.192,OnTrack,3120,-1049,795,pos,0 days 00:54:18.598000,0 days 01:49:55.206000
2024-05-19 13:57:35.492,OnTrack,3099,-985,794,pos,0 days 00:54:18.898000,0 days 01:49:55.506000
2024-05-19 13:57:35.752,OnTrack,3066,-898,793,pos,0 days 00:54:19.158000,0 days 01:49:55.766000
2024-05-19 13:57:35.992,OnTrack,3030,-812,793,pos,0 days 00:54:19.398000,0 days 01:49:56.006000
2024-05-19 13:57:36.232,OnTrack,2957,-669,791,pos,0 days 00:54:19.638000,0 days 01:49:56.246000
2024-05-19 13:57:36.632,OnTrack,2894,-573,790,pos,0 days 00:54:20.038000,0 days 01:49:56.646000
2024-05-19 13:57:36.832,OnTrack,2839,-510,789,pos,0 days 00:54:20.238000,0 days 01:49:56.846000
2024-05-19 13:57:36.911,OnTrack,2816,-488,789,pos,0 days 00:54:20.317000,0 days 01:49:56.925000
2024-05-19 13:57:37.231,OnTrack,2667,-400,787,pos,0 days 00:54:20.637000,0 days 01:49:57.245000
2024-05-19 13:57:37.651,OnTrack,2518,-365,786,pos,0 days 00:54:21.057000,0 days 01:49:57.665000
2024-05-19 13:57:38.112,OnTrack,2381,-360,786,pos,0 days 00:54:21.518000,0 days 01:49:58.126000
2024-05-19 13:57:38.291,OnTrack,2311,-367,785,pos,0 days 00:54:21.697000,0 days 01:49:58.305000
2024-05-19 13:57:38.491,OnTrack,2195,-393,784,pos,0 days 00:54:21.897000,0 days 01:49:58.505000
2024-05-19 13:57:38.932,OnTrack,2061,-444,782,pos,0 days 00:54:22.338000,0 days 01:49:58.946000
2024-05-19 13:57:39.131,OnTrack,1979,-482,781,pos,0 days 00:54:22.537000,0 days 01:49:59.145000
2024-05-19 13:57:39.391,OnTrack,1838,-548,780,pos,0 days 00:54:22.797000,0 days 01:49:59.405000
2024-05-19 13:57:39.772,OnTrack,1715,-604,779,pos,0 days 00:54:23.178000,0 days 01:49:59.786000
2024-05-19 13:57:39.931,OnTrack,1637,-639,778,pos,0 days 00:54:23.337000,0 days 01:49:59.945000
2024-05-19 13:57:40.112,OnTrack,1546,-680,778,pos,0 days 00:54:23.518000,0 days 01:50:00.126000
2024-05-19 13:57:40.271,OnTrack,1464,-718,778,pos,0 days 00:54:23.677000,0 days 01:50:00.285000
2024-05-19 13:57:40.531,OnTrack,1326,-780,778,pos,0 days 00:54:23.937000,0 days 01:50:00.545000
2024-05-19 13:57:40.811,OnTrack,1149,-860,778,pos,0 days 00:54:24.217000,0 days 01:50:00.825000
2024-05-19 13:57:41.091,OnTrack,1013,-922,778,pos,0 days 00:54:24.497000,0 days 01:50:01.105000
2024-05-19 13:57:41.331,OnTrack,788,-1021,779,pos,0 days 00:54:24.737000,0 days 01:50:01.345000
2024-05-19 13:57:41.792,OnTrack,584,-1106,780,pos,0 days 00:54:25.198000,0 days 01:50:01.806000
2024-05-19 13:57:42.072,OnTrack,407,-1180,780,pos,0 days 00:54:25.478000,0 days 01:50:02.086000
2024-05-19 13:57:42.232,OnTrack,252,-1245,781,pos,0 days 00:54:25.638000,0 days 01:50:02.246000
2024-05-19 13:57:42.572,OnTrack,82,-1317,781,pos,0 days 00:54:25.978000,0 days 01:50:02.586000
2024-05-19 13:57:42.892,OnTrack,-173,-1419,782,pos,0 days 00:54:26.298000,0 days 01:50:02.906000
2024-05-19 13:57:43.152,OnTrack,-311,-1467,782,pos,0 days 00:54:26.558000,0 days 01:50:03.166000
2024-05-19 13:57:43.451,OnTrack,-526,-1526,783,pos,0 days 00:54:26.857000,0 days 01:50:03.465000
2024-05-19 13:57:43.691,OnTrack,-778,-1569,783,pos,0 days 00:54:27.097000,0 days 01:50:03.705000
2024-05-19 13:57:43.971,OnTrack,-936,-1582,784,pos,0 days 00:54:27.377000,0 days 01:50:03.985000
2024-05-19 13:57:44.171,OnTrack,-1112,-1589,784,pos,0 days 00:54:27.577000,0 days 01:50:04.185000
2024-05-19 13:57:44.372,OnTrack,-1262,-1593,785,pos,0 days 00:54:27.778000,0 days 01:50:04.386000
2024-05-19 13:57:44.631,OnTrack,-1448,-1602,785,pos,0 days 00:54:28.037000,0 days 01:50:04.645000
2024-05-19 13:57:44.831,OnTrack,-1607,-1611,786,pos,0 days 00:54:28.237000,0 days 01:50:04.845000
2024-05-19 13:57:45.011,OnTrack,-1750,-1620,787,pos,0 days 00:54:28.417000,0 days 01:50:05.025000
2024-05-19 13:57:45.331,OnTrack,-2008,-1634,788,pos,0 days 00:54:28.737000,0 days 01:50:05.345000
2024-05-19 13:57:45.532,OnTrack,-2170,-1643,788,pos,0 days 00:54:28.938000,0 days 01:50:05.546000
2024-05-19 13:57:45.711,OnTrack,-2317,-1651,789,pos,0 days 00:54:29.117000,0 days 01:50:05.725000
2024-05-19 13:57:45.971,OnTrack,-2530,-1663,790,pos,0 days 00:54:29.377000,0 days 01:50:05.985000
2024-05-19 13:57:46.171,OnTrack,-2694,-1670,791,pos,0 days 00:54:29.577000,0 days 01:50:06.185000
2024-05-19 13:57:46.292,OnTrack,-2794,-1673,791,pos,0 days 00:54:29.698000,0 days 01:50:06.306000
2024-05-19 13:57:46.451,OnTrack,-2927,-1677,792,pos,0 days 00:54:29.857000,0 days 01:50:06.465000
2024-05-19 13:57:46.652,OnTrack,-3095,-1683,792,pos,0 days 00:54:30.058000,0 days 01:50:06.666000
2024-05-19 13:57:46.952,OnTrack,-3346,-1692,793,pos,0 days 00:54:30.358000,0 days 01:50:06.966000
2024-05-19 13:57:47.112,OnTrack,-3480,-1695,794,pos,0 days 00:54:30.518000,0 days 01:50:07.126000
2024-05-19 13:57:47.291,OnTrack,-3631,-1694,795,pos,0 days 00:54:30.697000,0 days 01:50:07.305000
2024-05-19 13:57:47.492,OnTrack,-3799,-1685,795,pos,0 days 00:54:30.898000,0 days 01:50:07.506000
2024-05-19 13:57:47.712,OnTrack,-3985,-1663,797,pos,0 days 00:54:31.118000,0 days 01:50:07.726000
2024-05-19 13:57:47.932,OnTrack,-4171,-1630,797,pos,0 days 00:54:31.338000,0 days 01:50:07.946000
2024-05-19 13:57:48.151,OnTrack,-4357,-1591,798,pos,0 days 00:54:31.557000,0 days 01:50:08.165000
2024-05-19 13:57:48.372,OnTrack,-4541,-1548,799,pos,0 days 00:54:31.778000,0 days 01:50:08.386000
2024-05-19 13:57:48.532,OnTrack,-4676,-1516,801,pos,0 days 00:54:31.938000,0 days 01:50:08.546000
2024-05-19 13:57:48.872,OnTrack,-4961,-1445,803,pos,0 days 00:54:32.278000,0 days 01:50:08.886000
2024-05-19 13:57:49.052,OnTrack,-5196,-1388,805,pos,0 days 00:54:32.458000,0 days 01:50:09.066000
2024-05-19 13:57:49.392,OnTrack,-5398,-1341,806,pos,0 days 00:54:32.798000,0 days 01:50:09.406000
2024-05-19 13:57:49.632,OnTrack,-5638,-1292,809,pos,0 days 00:54:33.038000,0 days 01:50:09.646000
2024-05-19 13:57:49.912,OnTrack,-5934,-1253,811,pos,0 days 00:54:33.318000,0 days 01:50:09.926000
2024-05-19 13:57:50.291,OnTrack,-6282,-1233,814,pos,0 days 00:54:33.697000,0 days 01:50:10.305000
2024-05-19 13:57:50.611,OnTrack,-6509,-1230,814,pos,0 days 00:54:34.017000,0 days 01:50:10.625000
2024-05-19 13:57:50.891,OnTrack,-6841,-1232,816,pos,0 days 00:54:34.297000,0 days 01:50:10.905000
2024-05-19 13:57:51.351,OnTrack,-7225,-1246,817,pos,0 days 00:54:34.757000,0 days 01:50:11.365000
2024-05-19 13:57:51.752,OnTrack,-7505,-1268,818,pos,0 days 00:54:35.158000,0 days 01:50:11.766000
2024-05-19 13:57:51.992,OnTrack,-7750,-1293,818,pos,0 days 00:54:35.398000,0 days 01:50:12.006000
2024-05-19 13:57:52.332,OnTrack,-8142,-1341,818,pos,0 days 00:54:35.738000,0 days 01:50:12.346000
2024-05-19 13:57:52.812,OnTrack,-8508,-1390,819,pos,0 days 00:54:36.218000,0 days 01:50:12.826000
2024-05-19 13:57:53.152,OnTrack,-8753,-1424,819,pos,0 days 00:54:36.558000,0 days 01:50:13.166000
2024-05-19 13:57:53.372,OnTrack,-8945,-1452,819,pos,0 days 00:54:36.778000,0 days 01:50:13.386000
2024-05-19 13:57:53.571,OnTrack,-9239,-1505,819,pos,0 days 00:54:36.977000,0 days 01:50:13.585000
2024-05-19 13:57:54.032,OnTrack,-9571,-1598,819,pos,0 days 00:54:37.438000,0 days 01:50:14.046000
2024-05-19 13:57:54.472,OnTrack,-9832,-1680,818,pos,0 days 00:54:37.878000,0 days 01:50:14.486000
2024-05-19 13:57:54.852,OnTrack,-10066,-1753,819,pos,0 days 00:54:38.258000,0 days 01:50:14.866000
2024-05-19 13:57:55.272,OnTrack,-10174,-1789,818,pos,0 days 00:54:38.678000,0 days 01:50:15.286000
2024-05-19 13:57:55.372,OnTrack,-10213,-1806,818,pos,0 days 00:54:38.778000,0 days 01:50:15.386000
2024-05-19 13:57:55.652,OnTrack,-10302,-1870,818,pos,0 days 00:54:39.058000,0 days 01:50:15.666000
2024-05-19 13:57:55.852,OnTrack,-10351,-1936,818,pos,0 days 00:54:39.258000,0 days 01:50:15.866000
2024-05-19 13:57:56.052,OnTrack,-10401,-2073,818,pos,0 days 00:54:39.458000,0 days 01:50:16.066000
2024-05-19 13:57:56.392,OnTrack,-10424,-2158,819,pos,0 days 00:54:39.798000,0 days 01:50:16.406000
2024-05-19 13:57:56.572,OnTrack,-10449,-2233,819,pos,0 days 00:54:39.978000,0 days 01:50:16.586000
2024-05-19 13:57:56.892,OnTrack,-10512,-2357,818,pos,0 days 00:54:40.298000,0 days 01:50:16.906000
2024-05-19 13:57:57.091,OnTrack,-10570,-2428,818,pos,0 days 00:54:40.497000,0 days 01:50:17.105000
2024-05-19 13:57:57.291,OnTrack,-10641,-2492,818,pos,0 days 00:54:40.697000,0 days 01:50:17.305000
2024-05-19 13:57:57.591,OnTrack,-10777,-2586,819,pos,0 days 00:54:40.997000,0 days 01:50:17.605000
2024-05-19 13:57:57.951,OnTrack,-10910,-2665,820,pos,0 days 00:54:41.357000,0 days 01:50:17.965000
2024-05-19 13:57:58.171,OnTrack,-11005,-2720,821,pos,0 days 00:54:41.577000,0 days 01:50:18.185000
2024-05-19 13:57:58.371,OnTrack,-11095,-2772,822,pos,0 days 00:54:41.777000,0 days 01:50:18.385000
2024-05-19 13:57:58.612,OnTrack,-11206,-2837,823,pos,0 days 00:54:42.018000,0 days 01:50:18.626000
2024-05-19 13:57:58.792,OnTrack,-11339,-2918,824,pos,0 days 00:54:42.198000,0 days 01:50:18.806000
2024-05-19 13:57:59.152,OnTrack,-11464,-3003,824,pos,0 days 00:54:42.558000,0 days 01:50:19.166000
2024-05-19 13:57:59.392,OnTrack,-11572,-3096,825,pos,0 days 00:54:42.798000,0 days 01:50:19.406000
2024-05-19 13:57:59.531,OnTrack,-11628,-3159,825,pos,0 days 00:54:42.937000,0 days 01:50:19.545000
2024-05-19 13:57:59.851,OnTrack,-11735,-3327,825,pos,0 days 00:54:43.257000,0 days 01:50:19.865000
2024-05-19 13:58:00.012,OnTrack,-11784,-3431,826,pos,0 days 00:54:43.418000,0 days 01:50:20.026000
2024-05-19 13:58:00.172,OnTrack,-11823,-3528,827,pos,0 days 00:54:43.578000,0 days 01:50:20.186000
2024-05-19 13:58:00.411,OnTrack,-11879,-3677,827,pos,0 days 00:54:43.817000,0 days 01:50:20.425000
2024-05-19 13:58:00.572,OnTrack,-11917,-3776,828,pos,0 days 00:54:43.978000,0 days 01:50:20.586000
2024-05-19 13:58:00.752,OnTrack,-11959,-3891,828,pos,0 days 00:54:44.158000,0 days 01:50:20.766000
2024-05-19 13:58:00.992,OnTrack,-12017,-4045,828,pos,0 days 00:54:44.398000,0 days 01:50:21.006000
2024-05-19 13:58:01.211,OnTrack,-12071,-4189,829,pos,0 days 00:54:44.617000,0 days 01:50:21.225000
2024-05-19 13:58:01.412,OnTrack,-12122,-4322,830,pos,0 days 00:54:44.818000,0 days 01:50:21.426000
2024-05-19 13:58:01.692,OnTrack,-12192,-4510,830,pos,0 days 00:54:45.098000,0 days 01:50:21.706000
2024-05-19 13:58:01.892,OnTrack,-12275,-4730,831,pos,0 days 00:54:45.298000,0 days 01:50:21.906000
2024-05-19 13:58:02.212,OnTrack,-12327,-4868,831,pos,0 days 00:54:45.618000,0 days 01:50:22.226000
2024-05-19 13:58:02.412,OnTrack,-12379,-5009,831,pos,0 days 00:54:45.818000,0 days 01:50:22.426000
2024-05-19 13:58:02.752,OnTrack,-12470,-5250,832,pos,0 days 00:54:46.158000,0 days 01:50:22.766000
2024-05-19 13:58:02.992,OnTrack,-12572,-5524,833,pos,0 days 00:54:46.398000,0 days 01:50:23.006000
2024-05-19 13:58:03.331,OnTrack,-12665,-5770,833,pos,0 days 00:54:46.737000,0 days 01:50:23.345000
2024-05-19 13:58:03.751,OnTrack,-12742,-5974,834,pos,0 days 00:54:47.157000,0 days 01:50:23.765000
2024-05-19 13:58:03.992,OnTrack,-12826,-6191,834,pos,0 days 00:54:47.398000,0 days 01:50:24.006000
2024-05-19 13:58:04.371,OnTrack,-12922,-6421,835,pos,0 days 00:54:47.777000,0 days 01:50:24.385000
2024-05-19 13:58:04.572,OnTrack,-12982,-6565,835,pos,0 days 00:54:47.978000,0 days 01:50:24.586000
2024-05-19 13:58:04.691,OnTrack,-13019,-6651,836,pos,0 days 00:54:48.097000,0 days 01:50:24.705000
2024-05-19 13:58:05.031,OnTrack,-13113,-6890,837,pos,0 days 00:54:48.437000,0 days 01:50:25.045000
2024-05-19 13:58:05.211,OnTrack,-13155,-7059,837,pos,0 days 00:54:48.617000,0 days 01:50:25.225000
2024-05-19 13:58:05.491,OnTrack,-13163,-7188,838,pos,0 days 00:54:48.897000,0 days 01:50:25.505000
2024-05-19 13:58:05.712,OnTrack,-13152,-7329,839,pos,0 days 00:54:49.118000,0 days 01:50:25.726000
2024-05-19 13:58:05.892,OnTrack,-13133,-7443,840,pos,0 days 00:54:49.298000,0 days 01:50:25.906000
2024-05-19 13:58:06.091,OnTrack,-13105,-7564,840,pos,0 days 00:54:49.497000,0 days 01:50:26.105000
2024-05-19 13:58:06.432,OnTrack,-13058,-7757,842,pos,0 days 00:54:49.838000,0 days 01:50:26.446000
2024-05-19 13:58:06.512,OnTrack,-13049,-7799,842,pos,0 days 00:54:49.918000,0 days 01:50:26.526000
2024-05-19 13:58:06.832,OnTrack,-13023,-7980,843,pos,0 days 00:54:50.238000,0 days 01:50:26.846000
2024-05-19 13:58:07.191,OnTrack,-13063,-8154,845,pos,0 days 00:54:50.597000,0 days 01:50:27.205000
2024-05-19 13:58:07.572,OnTrack,-13134,-8247,846,pos,0 days 00:54:50.978000,0 days 01:50:27.586000
2024-05-19 13:58:07.772,OnTrack,-13255,-8356,848,pos,0 days 00:54:51.178000,0 days 01:50:27.786000
2024-05-19 13:58:08.132,OnTrack,-13334,-8425,849,pos,0 days 00:54:51.538000,0 days 01:50:28.146000
2024-05-19 13:58:08.332,OnTrack,-13409,-8488,849,pos,0 days 00:54:51.738000,0 days 01:50:28.346000
2024-05-19 13:58:08.552,OnTrack,-13494,-8560,850,pos,0 days 00:54:51.958000,0 days 01:50:28.566000
2024-05-19 13:58:08.832,OnTrack,-13606,-8655,852,pos,0 days 00:54:52.238000,0 days 01:50:28.846000
2024-05-19 13:58:09.012,OnTrack,-13680,-8718,853,pos,0 days 00:54:52.418000,0 days 01:50:29.026000
2024-05-19 13:58:09.212,OnTrack,-13765,-8790,855,pos,0 days 00:54:52.618000,0 days 01:50:29.226000
2024-05-19 13:58:09.452,OnTrack,-13837,-8849,856,pos,0 days 00:54:52.858000,0 days 01:50:29.466000
2024-05-19 13:58:09.612,OnTrack,-13909,-8910,857,pos,0 days 00:54:53.018000,0 days 01:50:29.626000
2024-05-19 13:58:09.931,OnTrack,-14123,-9107,863,pos,0 days 00:54:53.337000,0 days 01:50:29.945000
2024-05-19 13:58:10.191,OnTrack,-14175,-9159,865,pos,0 days 00:54:53.597000,0 days 01:50:30.205000
2024-05-19 13:58:10.431,OnTrack,-14280,-9263,870,pos,0 days 00:54:53.837000,0 days 01:50:30.445000
2024-05-19 13:58:10.651,OnTrack,-14377,-9360,874,pos,0 days 00:54:54.057000,0 days 01:50:30.665000
2024-05-19 13:58:10.911,OnTrack,-14493,-9473,879,pos,0 days 00:54:54.317000,0 days 01:50:30.925000
2024-05-19 13:58:11.092,OnTrack,-14571,-9545,883,pos,0 days 00:54:54.498000,0 days 01:50:31.106000
2024-05-19 13:58:11.352,OnTrack,-14671,-9639,888,pos,0 days 00:54:54.758000,0 days 01:50:31.366000
2024-05-19 13:58:11.471,OnTrack,-14711,-9680,890,pos,0 days 00:54:54.877000,0 days 01:50:31.485000
2024-05-19 13:58:11.811,OnTrack,-14827,-9814,896,pos,0 days 00:54:55.217000,0 days 01:50:31.825000
2024-05-19 13:58:12.232,OnTrack,-14899,-9957,901,pos,0 days 00:54:55.638000,0 days 01:50:32.246000
2024-05-19 13:58:12.611,OnTrack,-14915,-10037,903,pos,0 days 00:54:56.017000,0 days 01:50:32.625000
2024-05-19 13:58:12.651,OnTrack,-14915,-10049,904,pos,0 days 00:54:56.057000,0 days 01:50:32.665000
2024-05-19 13:58:12.911,OnTrack,-14908,-10126,908,pos,0 days 00:54:56.317000,0 days 01:50:32.925000
2024-05-19 13:58:13.211,OnTrack,-14877,-10205,912,pos,0 days 00:54:56.617000,0 days 01:50:33.225000
2024-05-19 13:58:13.431,OnTrack,-14830,-10265,915,pos,0 days 00:54:56.837000,0 days 01:50:33.445000
2024-05-19 13:58:13.751,OnTrack,-14778,-10310,920,pos,0 days 00:54:57.157000,0 days 01:50:33.765000
2024-05-19 13:58:13.912,OnTrack,-14742,-10334,921,pos,0 days 00:54:57.318000,0 days 01:50:33.926000
2024-05-19 13:58:14.251,OnTrack,-14631,-10378,926,pos,0 days 00:54:57.657000,0 days 01:50:34.265000
2024-05-19 13:58:14.632,OnTrack,-14552,-10391,931,pos,0 days 00:54:58.038000,0 days 01:50:34.646000
2024-05-19 13:58:14.772,OnTrack,-14511,-10395,934,pos,0 days 00:54:58.178000,0 days 01:50:34.786000
2024-05-19 13:58:15.072,OnTrack,-14399,-10393,939,pos,0 days 00:54:58.478000,0 days 01:50:35.086000
2024-05-19 13:58:15.332,OnTrack,-14335,-10387,942,pos,0 days 00:54:58.738000,0 days 01:50:35.346000
2024-05-19 13:58:15.652,OnTrack,-14222,-10372,947,pos,0 days 00:54:59.058000,0 days 01:50:35.666000
2024-05-19 13:58:15.832,OnTrack,-14152,-10360,950,pos,0 days 00:54:59.238000,0 days 01:50:35.846000
2024-05-19 13:58:16.012,OnTrack,-14080,-10347,953,pos,0 days 00:54:59.418000,0 days 01:50:36.026000
2024-05-19 13:58:16.312,OnTrack,-13885,-10308,963,pos,0 days 00:54:59.718000,0 days 01:50:36.326000
2024-05-19 13:58:16.571,OnTrack,-13829,-10296,965,pos,0 days 00:54:59.977000,0 days 01:50:36.585000
2024-05-19 13:58:16.911,OnTrack,-13658,-10262,972,pos,0 days 00:55:00.317000,0 days 01:50:36.925000
2024-05-19 13:58:17.131,OnTrack,-13511,-10234,978,pos,0 days 00:55:00.537000,0 days 01:50:37.145000
2024-05-19 13:58:17.391,OnTrack,-13400,-10214,983,pos,0 days 00:55:00.797000,0 days 01:50:37.405000
2024-05-19 13:58:17.652,OnTrack,-13251,-10187,988,pos,0 days 00:55:01.058000,0 days 01:50:37.666000
2024-05-19 13:58:17.872,OnTrack,-13121,-10164,993,pos,0 days 00:55:01.278000,0 days 01:50:37.886000
2024-05-19 13:58:18.152,OnTrack,-12913,-10130,999,pos,0 days 00:55:01.558000,0 days 01:50:38.166000
2024-05-19 13:58:18.531,OnTrack,-12671,-10093,1007,pos,0 days 00:55:01.937000,0 days 01:50:38.545000
2024-05-19 13:58:18.851,OnTrack,-12501,-10068,1013,pos,0 days 00:55:02.257000,0 days 01:50:38.865000
2024-05-19 13:58:19.111,OnTrack,-12245,-10032,1024,pos,0 days 00:55:02.517000,0 days 01:50:39.125000
2024-05-19 13:58:19.471,OnTrack,-11995,-9998,1040,pos,0 days 00:55:02.877000,0 days 01:50:39.485000
2024-05-19 13:58:19.832,OnTrack,-11806,-9974,1052,pos,0 days 00:55:03.238000,0 days 01:50:39.846000
2024-05-19 13:58:20.152,OnTrack,-11505,-9942,1072,pos,0 days 00:55:03.558000,0 days 01:50:40.166000
2024-05-19 13:58:20.511,OnTrack,-11315,-9927,1084,pos,0 days 00:55:03.917000,0 days 01:50:40.525000
2024-05-19 13:58:20.672,OnTrack,-11197,-9922,1090,pos,0 days 00:55:04.078000,0 days 01:50:40.686000
2024-05-19 13:58:20.852,OnTrack,-11064,-9918,1099,pos,0 days 00:55:04.258000,0 days 01:50:40.866000
2024-05-19 13:58:21.212,OnTrack,-10706,-9924,1117,pos,0 days 00:55:04.618000,0 days 01:50:41.226000
2024-05-19 13:58:21.552,OnTrack,-10541,-9936,1121,pos,0 days 00:55:04.958000,0 days 01:50:41.566000
2024-05-19 13:58:21.852,OnTrack,-10271,-9964,1122,pos,0 days 00:55:05.258000,0 days 01:50:41.866000
2024-05-19 13:58:22.232,OnTrack,-10031,-9991,1120,pos,0 days 00:55:05.638000,0 days 01:50:42.246000
2024-05-19 13:58:22.392,OnTrack,-9910,-10005,1120,pos,0 days 00:55:05.798000,0 days 01:50:42.406000
2024-05-19 13:58:22.572,OnTrack,-9775,-10021,1118,pos,0 days 00:55:05.978000,0 days 01:50:42.586000
2024-05-19 13:58:22.792,OnTrack,-9611,-10039,1117,pos,0 days 00:55:06.198000,0 days 01:50:42.806000
2024-05-19 13:58:23.032,OnTrack,-9442,-10057,1116,pos,0 days 00:55:06.438000,0 days 01:50:43.046000
2024-05-19 13:58:23.312,OnTrack,-9185,-10070,1114,pos,0 days 00:55:06.718000,0 days 01:50:43.326000
2024-05-19 13:58:23.631,OnTrack,-9083,-10064,1114,pos,0 days 00:55:07.037000,0 days 01:50:43.645000
2024-05-19 13:58:23.791,OnTrack,-8997,-10048,1114,pos,0 days 00:55:07.197000,0 days 01:50:43.805000
2024-05-19 13:58:24.031,OnTrack,-8876,-10004,1114,pos,0 days 00:55:07.437000,0 days 01:50:44.045000
2024-05-19 13:58:24.331,OnTrack,-8695,-9872,1109,pos,0 days 00:55:07.737000,0 days 01:50:44.345000
2024-05-19 13:58:24.732,OnTrack,-8561,-9677,1103,pos,0 days 00:55:08.138000,0 days 01:50:44.746000
2024-05-19 13:58:25.091,OnTrack,-8502,-9562,1100,pos,0 days 00:55:08.497000,0 days 01:50:45.105000
2024-05-19 13:58:25.252,OnTrack,-8460,-9478,1097,pos,0 days 00:55:08.658000,0 days 01:50:45.266000
2024-05-19 13:58:25.492,OnTrack,-8398,-9348,1092,pos,0 days 00:55:08.898000,0 days 01:50:45.506000
2024-05-19 13:58:25.772,OnTrack,-8333,-9187,1087,pos,0 days 00:55:09.178000,0 days 01:50:45.786000
2024-05-19 13:58:25.931,OnTrack,-8303,-9091,1083,pos,0 days 00:55:09.337000,0 days 01:50:45.945000
2024-05-19 13:58:26.032,OnTrack,-8286,-9030,1081,pos,0 days 00:55:09.438000,0 days 01:50:46.046000
2024-05-19 13:58:26.211,OnTrack,-8263,-8916,1077,pos,0 days 00:55:09.617000,0 days 01:50:46.225000
2024-05-19 13:58:26.451,OnTrack,-8243,-8758,1069,pos,0 days 00:55:09.857000,0 days 01:50:46.465000
2024-05-19 13:58:26.712,OnTrack,-8237,-8583,1059,pos,0 days 00:55:10.118000,0 days 01:50:46.726000
2024-05-19 13:58:26.952,OnTrack,-8245,-8417,1048,pos,0 days 00:55:10.358000,0 days 01:50:46.966000
2024-05-19 13:58:27.112,OnTrack,-8255,-8310,1039,pos,0 days 00:55:10.518000,0 days 01:50:47.126000
2024-05-19 13:58:27.272,OnTrack,-8269,-8201,1030,pos,0 days 00:55:10.678000,0 days 01:50:47.286000
2024-05-19 13:58:27.492,OnTrack,-8294,-8045,1014,pos,0 days 00:55:10.898000,0 days 01:50:47.506000
2024-05-19 13:58:27.652,OnTrack,-8315,-7932,1005,pos,0 days 00:55:11.058000,0 days 01:50:47.666000
2024-05-19 13:58:27.952,OnTrack,-8361,-7718,988,pos,0 days 00:55:11.358000,0 days 01:50:47.966000
2024-05-19 13:58:28.052,OnTrack,-8378,-7647,982,pos,0 days 00:55:11.458000,0 days 01:50:48.066000
2024-05-19 13:58:28.312,OnTrack,-8420,-7460,969,pos,0 days 00:55:11.718000,0 days 01:50:48.326000
2024-05-19 13:58:28.612,OnTrack,-8477,-7212,955,pos,0 days 00:55:12.018000,0 days 01:50:48.626000
2024-05-19 13:58:28.932,OnTrack,-8524,-7007,944,pos,0 days 00:55:12.338000,0 days 01:50:48.946000
2024-05-19 13:58:29.092,OnTrack,-8550,-6889,938,pos,0 days 00:55:12.498000,0 days 01:50:49.106000
2024-05-19 13:58:29.332,OnTrack,-8590,-6713,929,pos,0 days 00:55:12.738000,0 days 01:50:49.346000
2024-05-19 13:58:29.532,OnTrack,-8622,-6566,921,pos,0 days 00:55:12.938000,0 days 01:50:49.546000
2024-05-19 13:58:29.711,OnTrack,-8644,-6437,915,pos,0 days 00:55:13.117000,0 days 01:50:49.725000
2024-05-19 13:58:29.951,OnTrack,-8654,-6274,907,pos,0 days 00:55:13.357000,0 days 01:50:49.965000
2024-05-19 13:58:30.112,OnTrack,-8640,-6166,903,pos,0 days 00:55:13.518000,0 days 01:50:50.126000
2024-05-19 13:58:30.392,OnTrack,-8579,-5978,899,pos,0 days 00:55:13.798000,0 days 01:50:50.406000
2024-05-19 13:58:30.611,OnTrack,-8471,-5765,896,pos,0 days 00:55:14.017000,0 days 01:50:50.625000
2024-05-19 13:58:31.111,OnTrack,-8372,-5597,897,pos,0 days 00:55:14.517000,0 days 01:50:51.125000
2024-05-19 13:58:31.291,OnTrack,-8287,-5479,900,pos,0 days 00:55:14.697000,0 days 01:50:51.305000
2024-05-19 13:58:31.631,OnTrack,-8232,-5419,903,pos,0 days 00:55:15.037000,0 days 01:50:51.645000
2024-05-19 13:58:31.812,OnTrack,-8137,-5354,906,pos,0 days 00:55:15.218000,0 days 01:50:51.826000
2024-05-19 13:58:32.312,OnTrack,-7966,-5328,916,pos,0 days 00:55:15.718000,0 days 01:50:52.326000
2024-05-19 13:58:32.672,OnTrack,-7853,-5350,926,pos,0 days 00:55:16.078000,0 days 01:50:52.686000
2024-05-19 13:58:33.132,OnTrack,-7686,-5394,941,pos,0 days 00:55:16.538000,0 days 01:50:53.146000
2024-05-19 13:58:33.472,OnTrack,-7606,-5412,948,pos,0 days 00:55:16.878000,0 days 01:50:53.486000
2024-05-19 13:58:33.712,OnTrack,-7462,-5432,961,pos,0 days 00:55:17.118000,0 days 01:50:53.726000
2024-05-19 13:58:34.092,OnTrack,-7358,-5440,970,pos,0 days 00:55:17.498000,0 days 01:50:54.106000
2024-05-19 13:58:35.212,OnTrack,-6715,-5439,1014,pos,0 days 00:55:18.618000,0 days 01:50:55.226000
2024-05-19 13:58:35.732,OnTrack,-6457,-5437,1026,pos,0 days 00:55:19.138000,0 days 01:50:55.746000
2024-05-19 13:58:36.132,OnTrack,-6171,-5435,1035,pos,0 days 00:55:19.538000,0 days 01:50:56.146000
2024-05-19 13:58:36.511,OnTrack,-5951,-5433,1041,pos,0 days 00:55:19.917000,0 days 01:50:56.525000
2024-05-19 13:58:36.892,OnTrack,-5752,-5431,1046,pos,0 days 00:55:20.298000,0 days 01:50:56.906000
2024-05-19 13:58:37.111,OnTrack,-5505,-5429,1053,pos,0 days 00:55:20.517000,0 days 01:50:57.125000
2024-05-19 13:58:37.591,OnTrack,-5239,-5423,1061,pos,0 days 00:55:20.997000,0 days 01:50:57.605000
2024-05-19 13:58:38.012,OnTrack,-4975,-5406,1069,pos,0 days 00:55:21.418000,0 days 01:50:58.026000
2024-05-19 13:58:38.111,OnTrack,-4904,-5399,1071,pos,0 days 00:55:21.517000,0 days 01:50:58.125000
2024-05-19 13:58:38.332,OnTrack,-4748,-5385,1075,pos,0 days 00:55:21.738000,0 days 01:50:58.346000
2024-05-19 13:58:38.632,OnTrack,-4533,-5366,1080,pos,0 days 00:55:22.038000,0 days 01:50:58.646000
2024-05-19 13:58:38.832,OnTrack,-4332,-5349,1082,pos,0 days 00:55:22.238000,0 days 01:50:58.846000
2024-05-19 13:58:39.192,OnTrack,-4131,-5333,1084,pos,0 days 00:55:22.598000,0 days 01:50:59.206000
2024-05-19 13:58:39.392,OnTrack,-3990,-5321,1085,pos,0 days 00:55:22.798000,0 days 01:50:59.406000
2024-05-19 13:58:39.611,OnTrack,-3840,-5309,1086,pos,0 days 00:55:23.017000,0 days 01:50:59.625000
2024-05-19 13:58:39.792,OnTrack,-3730,-5300,1087,pos,0 days 00:55:23.198000,0 days 01:50:59.806000
2024-05-19 13:58:40.032,OnTrack,-3599,-5289,1087,pos,0 days 00:55:23.438000,0 days 01:51:00.046000
2024-05-19 13:58:40.232,OnTrack,-3502,-5282,1087,pos,0 days 00:55:23.638000,0 days 01:51:00.246000
2024-05-19 13:58:40.452,OnTrack,-3379,-5274,1089,pos,0 days 00:55:23.858000,0 days 01:51:00.466000
2024-05-19 13:58:40.812,OnTrack,-3222,-5279,1092,pos,0 days 00:55:24.218000,0 days 01:51:00.826000
2024-05-19 13:58:41.252,OnTrack,-3134,-5324,1094,pos,0 days 00:55:24.658000,0 days 01:51:01.266000
2024-05-19 13:58:41.492,OnTrack,-3074,-5381,1096,pos,0 days 00:55:24.898000,0 days 01:51:01.506000
2024-05-19 13:58:41.692,OnTrack,-2997,-5464,1096,pos,0 days 00:55:25.098000,0 days 01:51:01.706000
2024-05-19 13:58:42.132,OnTrack,-2927,-5521,1096,pos,0 days 00:55:25.538000,0 days 01:51:02.146000
2024-05-19 13:58:42.172,OnTrack,-2917,-5527,1096,pos,0 days 00:55:25.578000,0 days 01:51:02.186000
2024-05-19 13:58:42.512,OnTrack,-2828,-5560,1095,pos,0 days 00:55:25.918000,0 days 01:51:02.526000
2024-05-19 13:58:42.692,OnTrack,-2781,-5563,1094,pos,0 days 00:55:26.098000,0 days 01:51:02.706000
2024-05-19 13:58:42.871,OnTrack,-2731,-5556,1093,pos,0 days 00:55:26.277000,0 days 01:51:02.885000
2024-05-19 13:58:43.071,OnTrack,-2675,-5543,1092,pos,0 days 00:55:26.477000,0 days 01:51:03.085000
2024-05-19 13:58:43.251,OnTrack,-2624,-5529,1091,pos,0 days 00:55:26.657000,0 days 01:51:03.265000
2024-05-19 13:58:43.432,OnTrack,-2574,-5512,1090,pos,0 days 00:55:26.838000,0 days 01:51:03.446000
2024-05-19 13:58:43.651,OnTrack,-2510,-5488,1088,pos,0 days 00:55:27.057000,0 days 01:51:03.665000
2024-05-19 13:58:43.891,OnTrack,-2436,-5457,1086,pos,0 days 00:55:27.297000,0 days 01:51:03.905000
2024-05-19 13:58:44.171,OnTrack,-2344,-5414,1085,pos,0 days 00:55:27.577000,0 days 01:51:04.185000
2024-05-19 13:58:44.332,OnTrack,-2288,-5387,1083,pos,0 days 00:55:27.738000,0 days 01:51:04.346000
2024-05-19 13:58:44.592,OnTrack,-2136,-5308,1080,pos,0 days 00:55:27.998000,0 days 01:51:04.606000
2024-05-19 13:58:45.011,OnTrack,-2020,-5246,1077,pos,0 days 00:55:28.417000,0 days 01:51:05.025000
2024-05-19 13:58:45.211,OnTrack,-1931,-5199,1075,pos,0 days 00:55:28.617000,0 days 01:51:05.225000
2024-05-19 13:58:45.432,OnTrack,-1792,-5126,1072,pos,0 days 00:55:28.838000,0 days 01:51:05.446000
2024-05-19 13:58:45.771,OnTrack,-1664,-5061,1070,pos,0 days 00:55:29.177000,0 days 01:51:05.785000
2024-05-19 13:58:45.912,OnTrack,-1583,-5022,1068,pos,0 days 00:55:29.318000,0 days 01:51:05.926000
2024-05-19 13:58:46.272,OnTrack,-1353,-4916,1064,pos,0 days 00:55:29.678000,0 days 01:51:06.286000
2024-05-19 13:58:46.611,OnTrack,-1116,-4803,1059,pos,0 days 00:55:30.017000,0 days 01:51:06.625000
2024-05-19 13:58:47.052,OnTrack,-946,-4710,1056,pos,0 days 00:55:30.458000,0 days 01:51:07.066000
2024-05-19 13:58:47.332,OnTrack,-787,-4610,1052,pos,0 days 00:55:30.738000,0 days 01:51:07.346000
2024-05-19 13:58:47.532,OnTrack,-673,-4533,1048,pos,0 days 00:55:30.938000,0 days 01:51:07.546000
2024-05-19 13:58:47.712,OnTrack,-491,-4403,1043,pos,0 days 00:55:31.118000,0 days 01:51:07.726000
2024-05-19 13:58:48.012,OnTrack,-400,-4335,1040,pos,0 days 00:55:31.418000,0 days 01:51:08.026000
2024-05-19 13:58:48.332,OnTrack,-218,-4193,1035,pos,0 days 00:55:31.738000,0 days 01:51:08.346000
2024-05-19 13:58:48.492,OnTrack,-128,-4119,1032,pos,0 days 00:55:31.898000,0 days 01:51:08.506000
2024-05-19 13:58:48.672,OnTrack,47,-3961,1028,pos,0 days 00:55:32.078000,0 days 01:51:08.686000
2024-05-19 13:58:49.192,OnTrack,309,-3692,1020,pos,0 days 00:55:32.598000,0 days 01:51:09.206000
2024-05-19 13:58:49.491,OnTrack,432,-3556,1016,pos,0 days 00:55:32.897000,0 days 01:51:09.505000
2024-05-19 13:58:49.771,OnTrack,639,-3327,1005,pos,0 days 00:55:33.177000,0 days 01:51:09.785000
2024-05-19 13:58:50.111,OnTrack,754,-3199,998,pos,0 days 00:55:33.517000,0 days 01:51:10.125000
2024-05-19 13:58:50.311,OnTrack,860,-3082,990,pos,0 days 00:55:33.717000,0 days 01:51:10.325000
2024-05-19 13:58:50.512,OnTrack,1041,-2882,976,pos,0 days 00:55:33.918000,0 days 01:51:10.526000
2024-05-19 13:58:50.991,OnTrack,1225,-2680,960,pos,0 days 00:55:34.397000,0 days 01:51:11.005000
2024-05-19 13:58:51.231,OnTrack,1379,-2516,946,pos,0 days 00:55:34.637000,0 days 01:51:11.245000
2024-05-19 13:58:51.531,OnTrack,1532,-2374,933,pos,0 days 00:55:34.937000,0 days 01:51:11.545000
2024-05-19 13:58:51.811,OnTrack,1741,-2223,916,pos,0 days 00:55:35.217000,0 days 01:51:11.825000
2024-05-19 13:58:52.031,OnTrack,1979,-2103,898,pos,0 days 00:55:35.437000,0 days 01:51:12.045000
2024-05-19 13:58:52.311,OnTrack,2119,-2045,886,pos,0 days 00:55:35.717000,0 days 01:51:12.325000
2024-05-19 13:58:52.512,OnTrack,2271,-1985,875,pos,0 days 00:55:35.918000,0 days 01:51:12.526000
2024-05-19 13:58:52.732,OnTrack,2425,-1923,862,pos,0 days 00:55:36.138000,0 days 01:51:12.746000
2024-05-19 13:58:52.931,OnTrack,2552,-1871,853,pos,0 days 00:55:36.337000,0 days 01:51:12.945000
2024-05-19 13:58:53.112,OnTrack,2657,-1828,846,pos,0 days 00:55:36.518000,0 days 01:51:13.126000
2024-05-19 13:58:53.412,OnTrack,2811,-1765,834,pos,0 days 00:55:36.818000,0 days 01:51:13.426000
2024-05-19 13:58:53.572,OnTrack,2883,-1735,830,pos,0 days 00:55:36.978000,0 days 01:51:13.586000
2024-05-19 13:58:53.872,OnTrack,3003,-1675,822,pos,0 days 00:55:37.278000,0 days 01:51:13.886000
2024-05-19 13:58:54.031,OnTrack,3049,-1645,819,pos,0 days 00:55:37.437000,0 days 01:51:14.045000
2024-05-19 13:58:54.192,OnTrack,3092,-1607,816,pos,0 days 00:55:37.598000,0 days 01:51:14.206000
2024-05-19 13:58:54.472,OnTrack,3150,-1529,811,pos,0 days 00:55:37.878000,0 days 01:51:14.486000
2024-05-19 13:58:54.632,OnTrack,3172,-1479,809,pos,0 days 00:55:38.038000,0 days 01:51:14.646000
2024-05-19 13:58:54.851,OnTrack,3188,-1406,806,pos,0 days 00:55:38.257000,0 days 01:51:14.865000
2024-05-19 13:58:55.152,OnTrack,3182,-1269,801,pos,0 days 00:55:38.558000,0 days 01:51:15.166000
2024-05-19 13:58:55.392,OnTrack,3174,-1231,800,pos,0 days 00:55:38.798000,0 days 01:51:15.406000
2024-05-19 13:58:55.612,OnTrack,3156,-1163,798,pos,0 days 00:55:39.018000,0 days 01:51:15.626000
2024-05-19 13:58:56.651,OnTrack,3030,-813,793,pos,0 days 00:55:40.057000,0 days 01:51:16.665000
2024-05-19 13:58:56.991,OnTrack,2964,-682,791,pos,0 days 00:55:40.397000,0 days 01:51:17.005000
2024-05-19 13:58:57.171,OnTrack,2923,-614,790,pos,0 days 00:55:40.577000,0 days 01:51:17.185000
2024-05-19 13:58:57.352,OnTrack,2877,-552,789,pos,0 days 00:55:40.758000,0 days 01:51:17.366000
2024-05-19 13:58:57.592,OnTrack,2809,-482,789,pos,0 days 00:55:40.998000,0 days 01:51:17.606000
2024-05-19 13:58:57.831,OnTrack,2731,-429,788,pos,0 days 00:55:41.237000,0 days 01:51:17.845000
2024-05-19 13:58:58.031,OnTrack,2660,-397,787,pos,0 days 00:55:41.437000,0 days 01:51:18.045000
2024-05-19 13:58:58.212,OnTrack,2571,-373,786,pos,0 days 00:55:41.618000,0 days 01:51:18.226000
2024-05-19 13:58:58.611,OnTrack,2392,-360,786,pos,0 days 00:55:42.017000,0 days 01:51:18.625000
2024-05-19 13:58:58.992,OnTrack,2301,-369,785,pos,0 days 00:55:42.398000,0 days 01:51:19.006000
2024-05-19 13:58:59.151,OnTrack,2240,-381,784,pos,0 days 00:55:42.557000,0 days 01:51:19.165000
2024-05-19 13:58:59.312,OnTrack,2178,-398,783,pos,0 days 00:55:42.718000,0 days 01:51:19.326000
2024-05-19 13:58:59.632,OnTrack,2004,-470,782,pos,0 days 00:55:43.038000,0 days 01:51:19.646000
2024-05-19 13:59:00.011,OnTrack,1843,-546,780,pos,0 days 00:55:43.417000,0 days 01:51:20.025000
2024-05-19 13:59:00.432,OnTrack,1723,-600,779,pos,0 days 00:55:43.838000,0 days 01:51:20.446000
2024-05-19 13:59:00.632,OnTrack,1626,-644,778,pos,0 days 00:55:44.038000,0 days 01:51:20.646000
2024-05-19 13:59:00.912,OnTrack,1432,-732,778,pos,0 days 00:55:44.318000,0 days 01:51:20.926000
2024-05-19 13:59:01.252,OnTrack,1305,-790,778,pos,0 days 00:55:44.658000,0 days 01:51:21.266000
2024-05-19 13:59:01.472,OnTrack,1183,-845,778,pos,0 days 00:55:44.878000,0 days 01:51:21.486000
2024-05-19 13:59:01.712,OnTrack,1047,-907,778,pos,0 days 00:55:45.118000,0 days 01:51:21.726000
2024-05-19 13:59:01.892,OnTrack,943,-954,779,pos,0 days 00:55:45.298000,0 days 01:51:21.906000
2024-05-19 13:59:02.112,OnTrack,811,-1011,779,pos,0 days 00:55:45.518000,0 days 01:51:22.126000
2024-05-19 13:59:02.292,OnTrack,701,-1057,779,pos,0 days 00:55:45.698000,0 days 01:51:22.306000
2024-05-19 13:59:02.571,OnTrack,521,-1132,780,pos,0 days 00:55:45.977000,0 days 01:51:22.585000
2024-05-19 13:59:02.752,OnTrack,407,-1180,780,pos,0 days 00:55:46.158000,0 days 01:51:22.766000
2024-05-19 13:59:02.951,OnTrack,240,-1251,781,pos,0 days 00:55:46.357000,0 days 01:51:22.965000
2024-05-19 13:59:03.211,OnTrack,108,-1306,781,pos,0 days 00:55:46.617000,0 days 01:51:23.225000
2024-05-19 13:59:03.471,OnTrack,-64,-1377,781,pos,0 days 00:55:46.877000,0 days 01:51:23.485000
2024-05-19 13:59:03.691,OnTrack,-310,-1467,782,pos,0 days 00:55:47.097000,0 days 01:51:23.705000
2024-05-19 13:59:04.172,OnTrack,-554,-1533,783,pos,0 days 00:55:47.578000,0 days 01:51:24.186000
2024-05-19 13:59:04.412,OnTrack,-731,-1564,783,pos,0 days 00:55:47.818000,0 days 01:51:24.426000
2024-05-19 13:59:04.452,OnTrack,-761,-1568,783,pos,0 days 00:55:47.858000,0 days 01:51:24.466000
2024-05-19 13:59:04.712,OnTrack,-1016,-1586,784,pos,0 days 00:55:48.118000,0 days 01:51:24.726000
2024-05-19 13:59:04.932,OnTrack,-1189,-1592,784,pos,0 days 00:55:48.338000,0 days 01:51:24.946000
2024-05-19 13:59:05.131,OnTrack,-1322,-1595,785,pos,0 days 00:55:48.537000,0 days 01:51:25.145000
2024-05-19 13:59:05.472,OnTrack,-1590,-1611,786,pos,0 days 00:55:48.878000,0 days 01:51:25.486000
2024-05-19 13:59:05.651,OnTrack,-1733,-1619,787,pos,0 days 00:55:49.057000,0 days 01:51:25.665000
2024-05-19 13:59:05.852,OnTrack,-1893,-1627,787,pos,0 days 00:55:49.258000,0 days 01:51:25.866000
2024-05-19 13:59:06.072,OnTrack,-2135,-1641,788,pos,0 days 00:55:49.478000,0 days 01:51:26.086000
2024-05-19 13:59:06.332,OnTrack,-2281,-1649,789,pos,0 days 00:55:49.738000,0 days 01:51:26.346000
2024-05-19 13:59:06.511,OnTrack,-2428,-1658,790,pos,0 days 00:55:49.917000,0 days 01:51:26.525000
2024-05-19 13:59:06.811,OnTrack,-2789,-1673,791,pos,0 days 00:55:50.217000,0 days 01:51:26.825000
2024-05-19 13:59:07.252,OnTrack,-3038,-1680,792,pos,0 days 00:55:50.658000,0 days 01:51:27.266000
2024-05-19 13:59:07.452,OnTrack,-3288,-1690,793,pos,0 days 00:55:50.858000,0 days 01:51:27.466000
2024-05-19 13:59:07.892,OnTrack,-3656,-1694,795,pos,0 days 00:55:51.298000,0 days 01:51:27.906000
2024-05-19 13:59:08.232,OnTrack,-3857,-1680,796,pos,0 days 00:55:51.638000,0 days 01:51:28.246000
2024-05-19 13:59:08.452,OnTrack,-4042,-1654,797,pos,0 days 00:55:51.858000,0 days 01:51:28.466000
2024-05-19 13:59:08.652,OnTrack,-4210,-1623,798,pos,0 days 00:55:52.058000,0 days 01:51:28.666000
2024-05-19 13:59:08.932,OnTrack,-4495,-1559,799,pos,0 days 00:55:52.338000,0 days 01:51:28.946000
2024-05-19 13:59:09.211,OnTrack,-4678,-1515,801,pos,0 days 00:55:52.617000,0 days 01:51:29.225000
2024-05-19 13:59:09.491,OnTrack,-4912,-1457,802,pos,0 days 00:55:52.897000,0 days 01:51:29.505000
2024-05-19 13:59:09.691,OnTrack,-5079,-1416,804,pos,0 days 00:55:53.097000,0 days 01:51:29.705000
2024-05-19 13:59:09.852,OnTrack,-5213,-1384,805,pos,0 days 00:55:53.258000,0 days 01:51:29.866000
2024-05-19 13:59:10.051,OnTrack,-5381,-1345,806,pos,0 days 00:55:53.457000,0 days 01:51:30.065000
2024-05-19 13:59:10.271,OnTrack,-5566,-1306,808,pos,0 days 00:55:53.677000,0 days 01:51:30.285000
2024-05-19 13:59:10.571,OnTrack,-5793,-1269,810,pos,0 days 00:55:53.977000,0 days 01:51:30.585000
2024-05-19 13:59:10.732,OnTrack,-5930,-1253,811,pos,0 days 00:55:54.138000,0 days 01:51:30.746000
2024-05-19 13:59:10.992,OnTrack,-6242,-1234,814,pos,0 days 00:55:54.398000,0 days 01:51:31.006000
2024-05-19 13:59:11.311,OnTrack,-6554,-1229,815,pos,0 days 00:55:54.717000,0 days 01:51:31.325000
2024-05-19 13:59:11.651,OnTrack,-6727,-1230,816,pos,0 days 00:55:55.057000,0 days 01:51:31.665000
2024-05-19 13:59:11.991,OnTrack,-7023,-1237,817,pos,0 days 00:55:55.397000,0 days 01:51:32.005000
2024-05-19 13:59:12.171,OnTrack,-7180,-1243,817,pos,0 days 00:55:55.577000,0 days 01:51:32.185000
2024-05-19 13:59:12.352,OnTrack,-7336,-1254,818,pos,0 days 00:55:55.758000,0 days 01:51:32.366000
2024-05-19 13:59:12.592,OnTrack,-7545,-1272,818,pos,0 days 00:55:55.998000,0 days 01:51:32.606000
2024-05-19 13:59:12.832,OnTrack,-7753,-1293,818,pos,0 days 00:55:56.238000,0 days 01:51:32.846000
2024-05-19 13:59:13.011,OnTrack,-7946,-1316,818,pos,0 days 00:55:56.417000,0 days 01:51:33.025000
2024-05-19 13:59:13.192,OnTrack,-8164,-1343,818,pos,0 days 00:55:56.598000,0 days 01:51:33.206000
2024-05-19 13:59:13.412,OnTrack,-8355,-1369,819,pos,0 days 00:55:56.818000,0 days 01:51:33.426000
2024-05-19 13:59:13.572,OnTrack,-8494,-1388,819,pos,0 days 00:55:56.978000,0 days 01:51:33.586000
2024-05-19 13:59:13.852,OnTrack,-8737,-1422,819,pos,0 days 00:55:57.258000,0 days 01:51:33.866000
2024-05-19 13:59:14.032,OnTrack,-9015,-1463,819,pos,0 days 00:55:57.438000,0 days 01:51:34.046000
2024-05-19 13:59:14.431,OnTrack,-9320,-1524,819,pos,0 days 00:55:57.837000,0 days 01:51:34.445000
2024-05-19 13:59:14.832,OnTrack,-9556,-1593,819,pos,0 days 00:55:58.238000,0 days 01:51:34.846000
2024-05-19 13:59:14.972,OnTrack,-9655,-1625,819,pos,0 days 00:55:58.378000,0 days 01:51:34.986000
2024-05-19 13:59:15.232,OnTrack,-9822,-1677,818,pos,0 days 00:55:58.638000,0 days 01:51:35.246000
2024-05-19 13:59:15.472,OnTrack,-9958,-1720,818,pos,0 days 00:55:58.878000,0 days 01:51:35.486000
2024-05-19 13:59:15.632,OnTrack,-10105,-1765,818,pos,0 days 00:55:59.038000,0 days 01:51:35.646000
2024-05-19 13:59:16.011,OnTrack,-10193,-1797,818,pos,0 days 00:55:59.417000,0 days 01:51:36.025000
2024-05-19 13:59:16.231,OnTrack,-10272,-1843,818,pos,0 days 00:55:59.637000,0 days 01:51:36.245000
2024-05-19 13:59:16.431,OnTrack,-10328,-1901,818,pos,0 days 00:55:59.837000,0 days 01:51:36.445000
2024-05-19 13:59:16.692,OnTrack,-10379,-1998,818,pos,0 days 00:56:00.098000,0 days 01:51:36.706000
2024-05-19 13:59:16.791,OnTrack,-10392,-2040,818,pos,0 days 00:56:00.197000,0 days 01:51:36.805000
2024-05-19 13:59:17.051,OnTrack,-10422,-2150,819,pos,0 days 00:56:00.457000,0 days 01:51:37.065000
2024-05-19 13:59:17.252,OnTrack,-10448,-2231,819,pos,0 days 00:56:00.658000,0 days 01:51:37.266000
2024-05-19 13:59:17.452,OnTrack,-10482,-2307,819,pos,0 days 00:56:00.858000,0 days 01:51:37.466000
2024-05-19 13:59:17.671,OnTrack,-10534,-2386,818,pos,0 days 00:56:01.077000,0 days 01:51:37.685000
2024-05-19 13:59:17.971,OnTrack,-10626,-2479,818,pos,0 days 00:56:01.377000,0 days 01:51:37.985000
2024-05-19 13:59:18.151,OnTrack,-10726,-2552,819,pos,0 days 00:56:01.557000,0 days 01:51:38.165000
2024-05-19 13:59:18.431,OnTrack,-10793,-2595,819,pos,0 days 00:56:01.837000,0 days 01:51:38.445000
2024-05-19 13:59:18.672,OnTrack,-10886,-2651,820,pos,0 days 00:56:02.078000,0 days 01:51:38.686000
2024-05-19 13:59:18.952,OnTrack,-11001,-2718,821,pos,0 days 00:56:02.358000,0 days 01:51:38.966000
2024-05-19 13:59:19.152,OnTrack,-11087,-2767,822,pos,0 days 00:56:02.558000,0 days 01:51:39.166000
2024-05-19 13:59:19.372,OnTrack,-11185,-2825,823,pos,0 days 00:56:02.778000,0 days 01:51:39.386000
2024-05-19 13:59:19.551,OnTrack,-11269,-2874,823,pos,0 days 00:56:02.957000,0 days 01:51:39.565000
2024-05-19 13:59:19.812,OnTrack,-11391,-2951,824,pos,0 days 00:56:03.218000,0 days 01:51:39.826000
2024-05-19 13:59:19.952,OnTrack,-11457,-2997,824,pos,0 days 00:56:03.358000,0 days 01:51:39.966000
2024-05-19 13:59:20.131,OnTrack,-11537,-3063,825,pos,0 days 00:56:03.537000,0 days 01:51:40.145000
2024-05-19 13:59:20.312,OnTrack,-11611,-3139,825,pos,0 days 00:56:03.718000,0 days 01:51:40.326000
2024-05-19 13:59:20.492,OnTrack,-11677,-3226,825,pos,0 days 00:56:03.898000,0 days 01:51:40.506000
2024-05-19 13:59:20.832,OnTrack,-11777,-3415,826,pos,0 days 00:56:04.238000,0 days 01:51:40.846000
2024-05-19 13:59:20.992,OnTrack,-11816,-3510,826,pos,0 days 00:56:04.398000,0 days 01:51:41.006000
2024-05-19 13:59:21.092,OnTrack,-11840,-3571,827,pos,0 days 00:56:04.498000,0 days 01:51:41.106000
2024-05-19 13:59:21.352,OnTrack,-11900,-3731,827,pos,0 days 00:56:04.758000,0 days 01:51:41.366000
2024-05-19 13:59:21.512,OnTrack,-11937,-3830,828,pos,0 days 00:56:04.918000,0 days 01:51:41.526000
2024-05-19 13:59:21.752,OnTrack,-11994,-3983,828,pos,0 days 00:56:05.158000,0 days 01:51:41.766000
2024-05-19 13:59:22.032,OnTrack,-12062,-4164,829,pos,0 days 00:56:05.438000,0 days 01:51:42.046000
2024-05-19 13:59:22.271,OnTrack,-12122,-4322,830,pos,0 days 00:56:05.677000,0 days 01:51:42.285000
2024-05-19 13:59:22.451,OnTrack,-12167,-4443,830,pos,0 days 00:56:05.857000,0 days 01:51:42.465000
2024-05-19 13:59:22.611,OnTrack,-12208,-4551,830,pos,0 days 00:56:06.017000,0 days 01:51:42.625000
2024-05-19 13:59:22.791,OnTrack,-12254,-4674,830,pos,0 days 00:56:06.197000,0 days 01:51:42.805000
2024-05-19 13:59:23.031,OnTrack,-12315,-4839,831,pos,0 days 00:56:06.437000,0 days 01:51:43.045000
2024-05-19 13:59:23.192,OnTrack,-12358,-4950,831,pos,0 days 00:56:06.598000,0 days 01:51:43.206000
2024-05-19 13:59:23.472,OnTrack,-12431,-5148,832,pos,0 days 00:56:06.878000,0 days 01:51:43.486000
2024-05-19 13:59:23.712,OnTrack,-12528,-5405,832,pos,0 days 00:56:07.118000,0 days 01:51:43.726000
2024-05-19 13:59:23.971,OnTrack,-12566,-5506,833,pos,0 days 00:56:07.377000,0 days 01:51:43.985000
2024-05-19 13:59:24.252,OnTrack,-12642,-5709,833,pos,0 days 00:56:07.658000,0 days 01:51:44.266000
2024-05-19 13:59:24.491,OnTrack,-12707,-5882,833,pos,0 days 00:56:07.897000,0 days 01:51:44.505000
2024-05-19 13:59:24.691,OnTrack,-12763,-6028,834,pos,0 days 00:56:08.097000,0 days 01:51:44.705000
2024-05-19 13:59:24.852,OnTrack,-12848,-6244,835,pos,0 days 00:56:08.258000,0 days 01:51:44.866000
2024-05-19 13:59:25.192,OnTrack,-12907,-6388,835,pos,0 days 00:56:08.598000,0 days 01:51:45.206000
2024-05-19 13:59:25.412,OnTrack,-12974,-6545,835,pos,0 days 00:56:08.818000,0 days 01:51:45.426000
2024-05-19 13:59:25.732,OnTrack,-13070,-6773,836,pos,0 days 00:56:09.138000,0 days 01:51:45.746000
2024-05-19 13:59:25.952,OnTrack,-13124,-6924,837,pos,0 days 00:56:09.358000,0 days 01:51:45.966000
2024-05-19 13:59:26.151,OnTrack,-13156,-7068,837,pos,0 days 00:56:09.557000,0 days 01:51:46.165000
2024-05-19 13:59:26.292,OnTrack,-13163,-7162,838,pos,0 days 00:56:09.698000,0 days 01:51:46.306000
2024-05-19 13:59:26.572,OnTrack,-13150,-7346,839,pos,0 days 00:56:09.978000,0 days 01:51:46.586000
2024-05-19 13:59:26.792,OnTrack,-13105,-7565,840,pos,0 days 00:56:10.198000,0 days 01:51:46.806000
2024-05-19 13:59:27.092,OnTrack,-13083,-7656,841,pos,0 days 00:56:10.498000,0 days 01:51:47.106000
2024-05-19 13:59:27.312,OnTrack,-13055,-7774,842,pos,0 days 00:56:10.718000,0 days 01:51:47.326000
2024-05-19 13:59:27.552,OnTrack,-13027,-7927,843,pos,0 days 00:56:10.958000,0 days 01:51:47.566000
2024-05-19 13:59:27.992,OnTrack,-13055,-8138,845,pos,0 days 00:56:11.398000,0 days 01:51:48.006000
2024-05-19 13:59:28.312,OnTrack,-13096,-8204,846,pos,0 days 00:56:11.718000,0 days 01:51:48.326000
2024-05-19 13:59:28.592,OnTrack,-13189,-8299,847,pos,0 days 00:56:11.998000,0 days 01:51:48.606000
2024-05-19 13:59:28.832,OnTrack,-13300,-8395,848,pos,0 days 00:56:12.238000,0 days 01:51:48.846000
2024-05-19 13:59:29.152,OnTrack,-13443,-8516,850,pos,0 days 00:56:12.558000,0 days 01:51:49.166000
2024-05-19 13:59:29.611,OnTrack,-13611,-8659,852,pos,0 days 00:56:13.017000,0 days 01:51:49.625000
2024-05-19 13:59:30.051,OnTrack,-13808,-8826,855,pos,0 days 00:56:13.457000,0 days 01:51:50.065000
2024-05-19 13:59:30.371,OnTrack,-13868,-8876,856,pos,0 days 00:56:13.777000,0 days 01:51:50.385000
2024-05-19 13:59:30.612,OnTrack,-14039,-9027,861,pos,0 days 00:56:14.018000,0 days 01:51:50.626000
2024-05-19 13:59:30.931,OnTrack,-14118,-9103,863,pos,0 days 00:56:14.337000,0 days 01:51:50.945000
2024-05-19 13:59:31.191,OnTrack,-14231,-9214,867,pos,0 days 00:56:14.597000,0 days 01:51:51.205000
2024-05-19 13:59:31.511,OnTrack,-14399,-9382,875,pos,0 days 00:56:14.917000,0 days 01:51:51.525000
2024-05-19 13:59:31.912,OnTrack,-14606,-9577,885,pos,0 days 00:56:15.318000,0 days 01:51:51.926000
2024-05-19 13:59:32.312,OnTrack,-14698,-9667,889,pos,0 days 00:56:15.718000,0 days 01:51:52.326000
2024-05-19 13:59:32.552,OnTrack,-14807,-9787,895,pos,0 days 00:56:15.958000,0 days 01:51:52.566000
2024-05-19 13:59:32.872,OnTrack,-14846,-9842,897,pos,0 days 00:56:16.278000,0 days 01:51:52.886000
2024-05-19 13:59:33.032,OnTrack,-14874,-9892,899,pos,0 days 00:56:16.438000,0 days 01:51:53.046000
2024-05-19 13:59:33.232,OnTrack,-14899,-9954,901,pos,0 days 00:56:16.638000,0 days 01:51:53.246000
2024-05-19 13:59:33.532,OnTrack,-14915,-10044,904,pos,0 days 00:56:16.938000,0 days 01:51:53.546000
2024-05-19 13:59:33.712,OnTrack,-14913,-10097,906,pos,0 days 00:56:17.118000,0 days 01:51:53.726000
2024-05-19 13:59:33.912,OnTrack,-14900,-10153,908,pos,0 days 00:56:17.318000,0 days 01:51:53.926000
2024-05-19 13:59:34.152,OnTrack,-14871,-10214,912,pos,0 days 00:56:17.558000,0 days 01:51:54.166000
2024-05-19 13:59:34.352,OnTrack,-14812,-10283,917,pos,0 days 00:56:17.758000,0 days 01:51:54.366000
2024-05-19 13:59:34.672,OnTrack,-14775,-10312,920,pos,0 days 00:56:18.078000,0 days 01:51:54.686000
2024-05-19 13:59:34.912,OnTrack,-14720,-10346,922,pos,0 days 00:56:18.318000,0 days 01:51:54.926000
2024-05-19 13:59:35.192,OnTrack,-14649,-10373,926,pos,0 days 00:56:18.598000,0 days 01:51:55.206000
2024-05-19 13:59:35.332,OnTrack,-14572,-10389,929,pos,0 days 00:56:18.738000,0 days 01:51:55.346000
2024-05-19 13:59:35.771,OnTrack,-14482,-10395,935,pos,0 days 00:56:19.177000,0 days 01:51:55.785000
2024-05-19 13:59:35.952,OnTrack,-14426,-10395,938,pos,0 days 00:56:19.358000,0 days 01:51:55.966000
2024-05-19 13:59:36.252,OnTrack,-14326,-10386,942,pos,0 days 00:56:19.658000,0 days 01:51:56.266000
2024-05-19 13:59:36.311,OnTrack,-14305,-10384,943,pos,0 days 00:56:19.717000,0 days 01:51:56.325000
2024-05-19 13:59:36.512,OnTrack,-14234,-10374,946,pos,0 days 00:56:19.918000,0 days 01:51:56.526000
2024-05-19 13:59:36.731,OnTrack,-14149,-10360,950,pos,0 days 00:56:20.137000,0 days 01:51:56.745000
2024-05-19 13:59:36.991,OnTrack,-13980,-10328,958,pos,0 days 00:56:20.397000,0 days 01:51:57.005000
2024-05-19 13:59:37.312,OnTrack,-13898,-10311,962,pos,0 days 00:56:20.718000,0 days 01:51:57.326000
2024-05-19 13:59:37.511,OnTrack,-13803,-10291,966,pos,0 days 00:56:20.917000,0 days 01:51:57.525000
2024-05-19 13:59:37.731,OnTrack,-13693,-10269,971,pos,0 days 00:56:21.137000,0 days 01:51:57.745000
2024-05-19 13:59:38.011,OnTrack,-13547,-10240,977,pos,0 days 00:56:21.417000,0 days 01:51:58.025000
2024-05-19 13:59:38.272,OnTrack,-13371,-10209,984,pos,0 days 00:56:21.678000,0 days 01:51:58.286000
2024-05-19 13:59:38.712,OnTrack,-13102,-10161,993,pos,0 days 00:56:22.118000,0 days 01:51:58.726000
2024-05-19 13:59:39.092,OnTrack,-12918,-10131,999,pos,0 days 00:56:22.498000,0 days 01:51:59.106000
2024-05-19 13:59:39.211,OnTrack,-12842,-10119,1002,pos,0 days 00:56:22.617000,0 days 01:51:59.225000
2024-05-19 13:59:39.471,OnTrack,-12676,-10094,1007,pos,0 days 00:56:22.877000,0 days 01:51:59.485000
2024-05-19 13:59:39.711,OnTrack,-12465,-10063,1014,pos,0 days 00:56:23.117000,0 days 01:51:59.725000
2024-05-19 13:59:40.031,OnTrack,-12303,-10040,1021,pos,0 days 00:56:23.437000,0 days 01:52:00.045000
2024-05-19 13:59:40.192,OnTrack,-12194,-10025,1027,pos,0 days 00:56:23.598000,0 days 01:52:00.206000
2024-05-19 13:59:40.392,OnTrack,-12055,-10006,1036,pos,0 days 00:56:23.798000,0 days 01:52:00.406000
2024-05-19 13:59:40.592,OnTrack,-11915,-9987,1045,pos,0 days 00:56:23.998000,0 days 01:52:00.606000
2024-05-19 13:59:40.912,OnTrack,-11665,-9958,1061,pos,0 days 00:56:24.318000,0 days 01:52:00.926000
2024-05-19 13:59:41.152,OnTrack,-11418,-9934,1077,pos,0 days 00:56:24.558000,0 days 01:52:01.166000
2024-05-19 13:59:41.552,OnTrack,-11155,-9920,1093,pos,0 days 00:56:24.958000,0 days 01:52:01.566000
2024-05-19 13:59:41.932,OnTrack,-10813,-9920,1112,pos,0 days 00:56:25.338000,0 days 01:52:01.946000
2024-05-19 13:59:42.351,OnTrack,-10605,-9931,1120,pos,0 days 00:56:25.757000,0 days 01:52:02.365000
2024-05-19 13:59:42.471,OnTrack,-10515,-9938,1122,pos,0 days 00:56:25.877000,0 days 01:52:02.485000
2024-05-19 13:59:42.711,OnTrack,-10336,-9956,1122,pos,0 days 00:56:26.117000,0 days 01:52:02.725000
2024-05-19 13:59:42.991,OnTrack,-10127,-9980,1121,pos,0 days 00:56:26.397000,0 days 01:52:03.005000
2024-05-19 13:59:43.131,OnTrack,-10022,-9992,1120,pos,0 days 00:56:26.537000,0 days 01:52:03.145000
2024-05-19 13:59:43.332,OnTrack,-9872,-10010,1119,pos,0 days 00:56:26.738000,0 days 01:52:03.346000
2024-05-19 13:59:43.491,OnTrack,-9753,-10023,1118,pos,0 days 00:56:26.897000,0 days 01:52:03.505000
2024-05-19 13:59:43.691,OnTrack,-9603,-10040,1117,pos,0 days 00:56:27.097000,0 days 01:52:03.705000
2024-05-19 13:59:43.991,OnTrack,-9335,-10066,1115,pos,0 days 00:56:27.397000,0 days 01:52:04.005000
2024-05-19 13:59:44.412,OnTrack,-9131,-10069,1114,pos,0 days 00:56:27.818000,0 days 01:52:04.426000
2024-05-19 13:59:44.472,OnTrack,-9096,-10066,1114,pos,0 days 00:56:27.878000,0 days 01:52:04.486000
2024-05-19 13:59:44.851,OnTrack,-8873,-10002,1114,pos,0 days 00:56:28.257000,0 days 01:52:04.865000
2024-05-19 13:59:45.191,OnTrack,-8696,-9873,1109,pos,0 days 00:56:28.597000,0 days 01:52:05.205000
2024-05-19 13:59:45.572,OnTrack,-8560,-9676,1103,pos,0 days 00:56:28.978000,0 days 01:52:05.586000
2024-05-19 13:59:46.052,OnTrack,-8469,-9497,1097,pos,0 days 00:56:29.458000,0 days 01:52:06.066000
2024-05-19 13:59:46.292,OnTrack,-8392,-9333,1092,pos,0 days 00:56:29.698000,0 days 01:52:06.306000
2024-05-19 13:59:46.652,OnTrack,-8298,-9076,1083,pos,0 days 00:56:30.058000,0 days 01:52:06.666000
2024-05-19 13:59:47.072,OnTrack,-8260,-8899,1076,pos,0 days 00:56:30.478000,0 days 01:52:07.086000
2024-05-19 13:59:47.312,OnTrack,-8237,-8647,1063,pos,0 days 00:56:30.718000,0 days 01:52:07.326000
2024-05-19 13:59:47.552,OnTrack,-8237,-8579,1059,pos,0 days 00:56:30.958000,0 days 01:52:07.566000
2024-05-19 13:59:47.792,OnTrack,-8245,-8413,1047,pos,0 days 00:56:31.198000,0 days 01:52:07.806000
2024-05-19 13:59:48.072,OnTrack,-8265,-8228,1033,pos,0 days 00:56:31.478000,0 days 01:52:08.086000
2024-05-19 13:59:48.252,OnTrack,-8284,-8101,1020,pos,0 days 00:56:31.658000,0 days 01:52:08.266000
2024-05-19 13:59:48.532,OnTrack,-8321,-7902,1002,pos,0 days 00:56:31.938000,0 days 01:52:08.546000
2024-05-19 13:59:48.711,OnTrack,-8348,-7774,991,pos,0 days 00:56:32.117000,0 days 01:52:08.725000
2024-05-19 13:59:48.971,OnTrack,-8414,-7487,971,pos,0 days 00:56:32.377000,0 days 01:52:08.985000
2024-05-19 13:59:49.332,OnTrack,-8471,-7240,956,pos,0 days 00:56:32.738000,0 days 01:52:09.346000
2024-05-19 13:59:49.651,OnTrack,-8504,-7094,949,pos,0 days 00:56:33.057000,0 days 01:52:09.665000
2024-05-19 13:59:49.872,OnTrack,-8541,-6932,940,pos,0 days 00:56:33.278000,0 days 01:52:09.886000
2024-05-19 13:59:50.051,OnTrack,-8571,-6800,934,pos,0 days 00:56:33.457000,0 days 01:52:10.065000
2024-05-19 13:59:50.311,OnTrack,-8613,-6608,924,pos,0 days 00:56:33.717000,0 days 01:52:10.325000
2024-05-19 13:59:50.511,OnTrack,-8640,-6464,916,pos,0 days 00:56:33.917000,0 days 01:52:10.525000
2024-05-19 13:59:50.772,OnTrack,-8654,-6300,908,pos,0 days 00:56:34.178000,0 days 01:52:10.786000
2024-05-19 13:59:51.012,OnTrack,-8623,-6099,901,pos,0 days 00:56:34.418000,0 days 01:52:11.026000
2024-05-19 13:59:51.332,OnTrack,-8557,-5931,898,pos,0 days 00:56:34.738000,0 days 01:52:11.346000
2024-05-19 13:59:51.552,OnTrack,-8491,-5802,896,pos,0 days 00:56:34.958000,0 days 01:52:11.566000
2024-05-19 13:59:51.711,OnTrack,-8444,-5719,897,pos,0 days 00:56:35.117000,0 days 01:52:11.725000
2024-05-19 13:59:51.872,OnTrack,-8400,-5644,897,pos,0 days 00:56:35.278000,0 days 01:52:11.886000
2024-05-19 13:59:52.152,OnTrack,-8329,-5533,899,pos,0 days 00:56:35.558000,0 days 01:52:12.166000
2024-05-19 13:59:52.332,OnTrack,-8282,-5473,901,pos,0 days 00:56:35.738000,0 days 01:52:12.346000
2024-05-19 13:59:52.491,OnTrack,-8239,-5427,902,pos,0 days 00:56:35.897000,0 days 01:52:12.505000
2024-05-19 13:59:52.732,OnTrack,-8172,-5373,905,pos,0 days 00:56:36.138000,0 days 01:52:12.746000
2024-05-19 13:59:53.012,OnTrack,-8036,-5326,910,pos,0 days 00:56:36.418000,0 days 01:52:13.026000
2024-05-19 13:59:53.312,OnTrack,-7982,-5327,915,pos,0 days 00:56:36.718000,0 days 01:52:13.326000
2024-05-19 13:59:53.512,OnTrack,-7911,-5337,921,pos,0 days 00:56:36.918000,0 days 01:52:13.526000
2024-05-19 13:59:53.732,OnTrack,-7835,-5354,927,pos,0 days 00:56:37.138000,0 days 01:52:13.746000
2024-05-19 13:59:53.911,OnTrack,-7774,-5371,932,pos,0 days 00:56:37.317000,0 days 01:52:13.925000
2024-05-19 13:59:54.192,OnTrack,-7675,-5397,941,pos,0 days 00:56:37.598000,0 days 01:52:14.206000
2024-05-19 13:59:54.392,OnTrack,-7601,-5413,949,pos,0 days 00:56:37.798000,0 days 01:52:14.406000
2024-05-19 13:59:54.692,OnTrack,-7420,-5436,965,pos,0 days 00:56:38.098000,0 days 01:52:14.706000
2024-05-19 13:59:55.092,OnTrack,-7258,-5443,978,pos,0 days 00:56:38.498000,0 days 01:52:15.106000
2024-05-19 13:59:55.331,OnTrack,-7191,-5443,984,pos,0 days 00:56:38.737000,0 days 01:52:15.345000
2024-05-19 13:59:55.552,OnTrack,-7081,-5443,992,pos,0 days 00:56:38.958000,0 days 01:52:15.566000
2024-05-19 13:59:55.771,OnTrack,-6967,-5442,1000,pos,0 days 00:56:39.177000,0 days 01:52:15.785000
2024-05-19 13:59:56.031,OnTrack,-6829,-5440,1009,pos,0 days 00:56:39.437000,0 days 01:52:16.045000
2024-05-19 13:59:56.191,OnTrack,-6741,-5440,1013,pos,0 days 00:56:39.597000,0 days 01:52:16.205000
2024-05-19 13:59:56.432,OnTrack,-6520,-5438,1024,pos,0 days 00:56:39.838000,0 days 01:52:16.446000
2024-05-19 13:59:56.831,OnTrack,-6288,-5436,1031,pos,0 days 00:56:40.237000,0 days 01:52:16.845000
2024-05-19 13:59:57.331,OnTrack,-6006,-5433,1039,pos,0 days 00:56:40.737000,0 days 01:52:17.345000
2024-05-19 13:59:57.631,OnTrack,-5848,-5432,1044,pos,0 days 00:56:41.037000,0 days 01:52:17.645000
2024-05-19 13:59:57.852,OnTrack,-5701,-5431,1048,pos,0 days 00:56:41.258000,0 days 01:52:17.866000
2024-05-19 13:59:58.112,OnTrack,-5440,-5428,1055,pos,0 days 00:56:41.518000,0 days 01:52:18.126000
2024-05-19 13:59:58.592,OnTrack,-5115,-5417,1065,pos,0 days 00:56:41.998000,0 days 01:52:18.606000
2024-05-19 13:59:58.872,OnTrack,-4968,-5405,1069,pos,0 days 00:56:42.278000,0 days 01:52:18.886000
2024-05-19 13:59:59.071,OnTrack,-4827,-5392,1073,pos,0 days 00:56:42.477000,0 days 01:52:19.085000
2024-05-19 13:59:59.311,OnTrack,-4657,-5377,1077,pos,0 days 00:56:42.717000,0 days 01:52:19.325000
2024-05-19 13:59:59.472,OnTrack,-4543,-5367,1080,pos,0 days 00:56:42.878000,0 days 01:52:19.486000
2024-05-19 13:59:59.692,OnTrack,-4386,-5354,1082,pos,0 days 00:56:43.098000,0 days 01:52:19.706000
2024-05-19 13:59:59.972,OnTrack,-4086,-5329,1084,pos,0 days 00:56:43.378000,0 days 01:52:19.986000
2024-05-19 14:00:00.372,OnTrack,-3903,-5314,1085,pos,0 days 00:56:43.778000,0 days 01:52:20.386000
2024-05-19 14:00:00.592,OnTrack,-3761,-5302,1087,pos,0 days 00:56:43.998000,0 days 01:52:20.606000
2024-05-19 14:00:00.792,OnTrack,-3644,-5293,1087,pos,0 days 00:56:44.198000,0 days 01:52:20.806000
2024-05-19 14:00:00.912,OnTrack,-3579,-5288,1087,pos,0 days 00:56:44.318000,0 days 01:52:20.926000
2024-05-19 14:00:01.192,OnTrack,-3442,-5278,1088,pos,0 days 00:56:44.598000,0 days 01:52:21.206000
2024-05-19 14:00:01.452,OnTrack,-3282,-5273,1090,pos,0 days 00:56:44.858000,0 days 01:52:21.466000
2024-05-19 14:00:01.672,OnTrack,-3257,-5275,1091,pos,0 days 00:56:45.078000,0 days 01:52:21.686000
2024-05-19 14:00:01.871,OnTrack,-3198,-5287,1092,pos,0 days 00:56:45.277000,0 days 01:52:21.885000
2024-05-19 14:00:02.151,OnTrack,-3083,-5371,1096,pos,0 days 00:56:45.557000,0 days 01:52:22.165000
2024-05-19 14:00:02.632,OnTrack,-3005,-5456,1096,pos,0 days 00:56:46.038000,0 days 01:52:22.646000
2024-05-19 14:00:02.791,OnTrack,-2968,-5490,1096,pos,0 days 00:56:46.197000,0 days 01:52:22.805000
2024-05-19 14:00:03.031,OnTrack,-2880,-5545,1096,pos,0 days 00:56:46.437000,0 days 01:52:23.045000
2024-05-19 14:00:03.371,OnTrack,-2821,-5561,1095,pos,0 days 00:56:46.777000,0 days 01:52:23.385000
2024-05-19 14:00:03.611,OnTrack,-2757,-5561,1094,pos,0 days 00:56:47.017000,0 days 01:52:23.625000
2024-05-19 14:00:03.871,OnTrack,-2684,-5546,1092,pos,0 days 00:56:47.277000,0 days 01:52:23.885000
2024-05-19 14:00:04.032,OnTrack,-2639,-5533,1091,pos,0 days 00:56:47.438000,0 days 01:52:24.046000
2024-05-19 14:00:04.191,OnTrack,-2595,-5519,1090,pos,0 days 00:56:47.597000,0 days 01:52:24.205000
2024-05-19 14:00:04.431,OnTrack,-2527,-5494,1088,pos,0 days 00:56:47.837000,0 days 01:52:24.445000
2024-05-19 14:00:04.691,OnTrack,-2448,-5462,1087,pos,0 days 00:56:48.097000,0 days 01:52:24.705000
2024-05-19 14:00:04.852,OnTrack,-2398,-5440,1085,pos,0 days 00:56:48.258000,0 days 01:52:24.866000
2024-05-19 14:00:05.031,OnTrack,-2338,-5412,1084,pos,0 days 00:56:48.437000,0 days 01:52:25.045000
2024-05-19 14:00:05.311,OnTrack,-2239,-5362,1082,pos,0 days 00:56:48.717000,0 days 01:52:25.325000
2024-05-19 14:00:05.472,OnTrack,-2178,-5330,1080,pos,0 days 00:56:48.878000,0 days 01:52:25.486000
2024-05-19 14:00:05.752,OnTrack,-2065,-5270,1078,pos,0 days 00:56:49.158000,0 days 01:52:25.766000
2024-05-19 14:00:05.912,OnTrack,-1997,-5234,1077,pos,0 days 00:56:49.318000,0 days 01:52:25.926000
2024-05-19 14:00:06.151,OnTrack,-1873,-5168,1074,pos,0 days 00:56:49.557000,0 days 01:52:26.165000
2024-05-19 14:00:06.391,OnTrack,-1778,-5119,1072,pos,0 days 00:56:49.797000,0 days 01:52:26.405000
2024-05-19 14:00:06.652,OnTrack,-1650,-5054,1070,pos,0 days 00:56:50.058000,0 days 01:52:26.666000
2024-05-19 14:00:06.951,OnTrack,-1488,-4977,1067,pos,0 days 00:56:50.357000,0 days 01:52:26.965000
2024-05-19 14:00:07.112,OnTrack,-1401,-4937,1065,pos,0 days 00:56:50.518000,0 days 01:52:27.126000
2024-05-19 14:00:07.352,OnTrack,-1221,-4855,1062,pos,0 days 00:56:50.758000,0 days 01:52:27.366000
2024-05-19 14:00:07.592,OnTrack,-1130,-4810,1060,pos,0 days 00:56:50.998000,0 days 01:52:27.606000
2024-05-19 14:00:07.872,OnTrack,-972,-4725,1057,pos,0 days 00:56:51.278000,0 days 01:52:27.886000
2024-05-19 14:00:08.073,OnTrack,-859,-4657,1054,pos,0 days 00:56:51.479000,0 days 01:52:28.087000
2024-05-19 14:00:08.312,OnTrack,-723,-4567,1050,pos,0 days 00:56:51.718000,0 days 01:52:28.326000
2024-05-19 14:00:08.491,OnTrack,-621,-4497,1047,pos,0 days 00:56:51.897000,0 days 01:52:28.505000
2024-05-19 14:00:08.691,OnTrack,-508,-4415,1043,pos,0 days 00:56:52.097000,0 days 01:52:28.705000
2024-05-19 14:00:09.031,OnTrack,-258,-4225,1036,pos,0 days 00:56:52.437000,0 days 01:52:29.045000
2024-05-19 14:00:09.351,OnTrack,-68,-4066,1030,pos,0 days 00:56:52.757000,0 days 01:52:29.365000
2024-05-19 14:00:09.831,OnTrack,211,-3798,1023,pos,0 days 00:56:53.237000,0 days 01:52:29.845000
2024-05-19 14:00:10.211,OnTrack,355,-3642,1018,pos,0 days 00:56:53.617000,0 days 01:52:30.225000
2024-05-19 14:00:10.451,OnTrack,499,-3482,1012,pos,0 days 00:56:53.857000,0 days 01:52:30.465000
2024-05-19 14:00:10.751,OnTrack,634,-3333,1005,pos,0 days 00:56:54.157000,0 days 01:52:30.765000
2024-05-19 14:00:11.051,OnTrack,791,-3158,995,pos,0 days 00:56:54.457000,0 days 01:52:31.065000
2024-05-19 14:00:11.271,OnTrack,950,-2982,983,pos,0 days 00:56:54.677000,0 days 01:52:31.285000
2024-05-19 14:00:11.632,OnTrack,1100,-2817,971,pos,0 days 00:56:55.038000,0 days 01:52:31.646000
2024-05-19 14:00:11.831,OnTrack,1208,-2698,962,pos,0 days 00:56:55.237000,0 days 01:52:31.845000
2024-05-19 14:00:12.071,OnTrack,1372,-2523,946,pos,0 days 00:56:55.477000,0 days 01:52:32.085000
2024-05-19 14:00:12.432,OnTrack,1549,-2360,931,pos,0 days 00:56:55.838000,0 days 01:52:32.446000
2024-05-19 14:00:12.651,OnTrack,1720,-2236,918,pos,0 days 00:56:56.057000,0 days 01:52:32.665000
2024-05-19 14:00:12.752,OnTrack,1790,-2194,912,pos,0 days 00:56:56.158000,0 days 01:52:32.766000
2024-05-19 14:00:13.072,OnTrack,2122,-2045,886,pos,0 days 00:56:56.478000,0 days 01:52:33.086000
2024-05-19 14:00:13.332,OnTrack,2229,-2002,878,pos,0 days 00:56:56.738000,0 days 01:52:33.346000
2024-05-19 14:00:13.652,OnTrack,2451,-1912,861,pos,0 days 00:56:57.058000,0 days 01:52:33.666000
2024-05-19 14:00:13.892,OnTrack,2606,-1849,849,pos,0 days 00:56:57.298000,0 days 01:52:33.906000
2024-05-19 14:00:14.012,OnTrack,2672,-1822,844,pos,0 days 00:56:57.418000,0 days 01:52:34.026000
2024-05-19 14:00:14.272,OnTrack,2805,-1768,834,pos,0 days 00:56:57.678000,0 days 01:52:34.286000
2024-05-19 14:00:14.432,OnTrack,2879,-1737,830,pos,0 days 00:56:57.838000,0 days 01:52:34.446000
2024-05-19 14:00:14.692,OnTrack,3023,-1662,821,pos,0 days 00:56:58.098000,0 days 01:52:34.706000
2024-05-19 14:00:15.071,OnTrack,3085,-1613,816,pos,0 days 00:56:58.477000,0 days 01:52:35.085000
2024-05-19 14:00:15.351,OnTrack,3146,-1537,811,pos,0 days 00:56:58.757000,0 days 01:52:35.365000
2024-05-19 14:00:15.551,OnTrack,3172,-1476,809,pos,0 days 00:56:58.957000,0 days 01:52:35.565000
2024-05-19 14:00:15.692,OnTrack,3184,-1431,806,pos,0 days 00:56:59.098000,0 days 01:52:35.706000
2024-05-19 14:00:15.992,OnTrack,3186,-1301,802,pos,0 days 00:56:59.398000,0 days 01:52:36.006000
2024-05-19 14:00:16.312,OnTrack,3163,-1185,799,pos,0 days 00:56:59.718000,0 days 01:52:36.326000
2024-05-19 14:00:16.751,OnTrack,3133,-1087,796,pos,0 days 00:57:00.157000,0 days 01:52:36.765000
2024-05-19 14:00:16.911,OnTrack,3115,-1033,795,pos,0 days 00:57:00.317000,0 days 01:52:36.925000
2024-05-19 14:00:17.231,OnTrack,3075,-919,794,pos,0 days 00:57:00.637000,0 days 01:52:37.245000
2024-05-19 14:00:17.412,OnTrack,3048,-852,793,pos,0 days 00:57:00.818000,0 days 01:52:37.426000
2024-05-19 14:00:17.652,OnTrack,2981,-712,791,pos,0 days 00:57:01.058000,0 days 01:52:37.666000
2024-05-19 14:00:17.932,OnTrack,2945,-648,791,pos,0 days 00:57:01.338000,0 days 01:52:37.946000
2024-05-19 14:00:18.091,OnTrack,2906,-589,790,pos,0 days 00:57:01.497000,0 days 01:52:38.105000
2024-05-19 14:00:18.311,OnTrack,2846,-517,789,pos,0 days 00:57:01.717000,0 days 01:52:38.325000
2024-05-19 14:00:18.671,OnTrack,2711,-419,787,pos,0 days 00:57:02.077000,0 days 01:52:38.685000
2024-05-19 14:00:19.092,OnTrack,2578,-374,786,pos,0 days 00:57:02.498000,0 days 01:52:39.106000
2024-05-19 14:00:19.252,OnTrack,2480,-361,786,pos,0 days 00:57:02.658000,0 days 01:52:39.266000
2024-05-19 14:00:19.512,OnTrack,2419,-359,786,pos,0 days 00:57:02.918000,0 days 01:52:39.526000
2024-05-19 14:00:19.852,OnTrack,2288,-371,785,pos,0 days 00:57:03.258000,0 days 01:52:39.866000
2024-05-19 14:00:20.072,OnTrack,2163,-403,783,pos,0 days 00:57:03.478000,0 days 01:52:40.086000
2024-05-19 14:00:20.512,OnTrack,2031,-458,782,pos,0 days 00:57:03.918000,0 days 01:52:40.526000
2024-05-19 14:00:20.692,OnTrack,1907,-516,781,pos,0 days 00:57:04.098000,0 days 01:52:40.706000
2024-05-19 14:00:20.972,OnTrack,1844,-545,780,pos,0 days 00:57:04.378000,0 days 01:52:40.986000
2024-05-19 14:00:21.292,OnTrack,1670,-624,778,pos,0 days 00:57:04.698000,0 days 01:52:41.306000
2024-05-19 14:00:21.591,OnTrack,1562,-673,778,pos,0 days 00:57:04.997000,0 days 01:52:41.605000
2024-05-19 14:00:21.911,OnTrack,1332,-778,778,pos,0 days 00:57:05.317000,0 days 01:52:41.925000
2024-05-19 14:00:22.232,OnTrack,1222,-827,778,pos,0 days 00:57:05.638000,0 days 01:52:42.246000
2024-05-19 14:00:22.471,OnTrack,1087,-889,778,pos,0 days 00:57:05.877000,0 days 01:52:42.485000
2024-05-19 14:00:22.691,OnTrack,959,-946,778,pos,0 days 00:57:06.097000,0 days 01:52:42.705000
2024-05-19 14:00:22.871,OnTrack,853,-993,779,pos,0 days 00:57:06.277000,0 days 01:52:42.885000
2024-05-19 14:00:23.171,OnTrack,596,-1101,780,pos,0 days 00:57:06.577000,0 days 01:52:43.185000
2024-05-19 14:00:23.571,OnTrack,419,-1175,780,pos,0 days 00:57:06.977000,0 days 01:52:43.585000
2024-05-19 14:00:23.771,OnTrack,290,-1229,781,pos,0 days 00:57:07.177000,0 days 01:52:43.785000
2024-05-19 14:00:23.932,OnTrack,94,-1312,781,pos,0 days 00:57:07.338000,0 days 01:52:43.946000
2024-05-19 14:00:24.391,OnTrack,-188,-1425,782,pos,0 days 00:57:07.797000,0 days 01:52:44.405000
2024-05-19 14:00:24.752,OnTrack,-369,-1485,782,pos,0 days 00:57:08.158000,0 days 01:52:44.766000
2024-05-19 14:00:25.032,OnTrack,-572,-1537,783,pos,0 days 00:57:08.438000,0 days 01:52:45.046000
2024-05-19 14:00:25.232,OnTrack,-719,-1563,783,pos,0 days 00:57:08.638000,0 days 01:52:45.246000
2024-05-19 14:00:25.411,OnTrack,-858,-1577,783,pos,0 days 00:57:08.817000,0 days 01:52:45.425000
2024-05-19 14:00:25.612,OnTrack,-1044,-1587,784,pos,0 days 00:57:09.018000,0 days 01:52:45.626000
2024-05-19 14:00:25.991,OnTrack,-1312,-1595,785,pos,0 days 00:57:09.397000,0 days 01:52:46.005000
2024-05-19 14:00:26.192,OnTrack,-1470,-1603,786,pos,0 days 00:57:09.598000,0 days 01:52:46.206000
2024-05-19 14:00:26.392,OnTrack,-1628,-1613,786,pos,0 days 00:57:09.798000,0 days 01:52:46.406000
2024-05-19 14:00:26.632,OnTrack,-1883,-1627,787,pos,0 days 00:57:10.038000,0 days 01:52:46.646000
2024-05-19 14:00:26.912,OnTrack,-2043,-1636,788,pos,0 days 00:57:10.318000,0 days 01:52:46.926000
2024-05-19 14:00:27.152,OnTrack,-2238,-1646,789,pos,0 days 00:57:10.558000,0 days 01:52:47.166000
2024-05-19 14:00:27.512,OnTrack,-2645,-1668,791,pos,0 days 00:57:10.918000,0 days 01:52:47.526000
2024-05-19 14:00:28.772,OnTrack,-3626,-1695,795,pos,0 days 00:57:12.178000,0 days 01:52:48.786000
2024-05-19 14:00:29.092,OnTrack,-3844,-1681,796,pos,0 days 00:57:12.498000,0 days 01:52:49.106000
2024-05-19 14:00:29.291,OnTrack,-4012,-1659,797,pos,0 days 00:57:12.697000,0 days 01:52:49.305000
2024-05-19 14:00:29.451,OnTrack,-4146,-1635,797,pos,0 days 00:57:12.857000,0 days 01:52:49.465000
2024-05-19 14:00:29.731,OnTrack,-4382,-1585,799,pos,0 days 00:57:13.137000,0 days 01:52:49.745000
2024-05-19 14:00:30.051,OnTrack,-4650,-1522,800,pos,0 days 00:57:13.457000,0 days 01:52:50.065000
2024-05-19 14:00:30.212,OnTrack,-4884,-1464,802,pos,0 days 00:57:13.618000,0 days 01:52:50.226000
2024-05-19 14:00:30.631,OnTrack,-5252,-1374,805,pos,0 days 00:57:14.037000,0 days 01:52:50.645000
2024-05-19 14:00:30.952,OnTrack,-5404,-1339,806,pos,0 days 00:57:14.358000,0 days 01:52:50.966000
2024-05-19 14:00:31.171,OnTrack,-5590,-1301,808,pos,0 days 00:57:14.577000,0 days 01:52:51.185000
2024-05-19 14:00:31.492,OnTrack,-5864,-1260,810,pos,0 days 00:57:14.898000,0 days 01:52:51.506000
2024-05-19 14:00:31.552,OnTrack,-5915,-1255,811,pos,0 days 00:57:14.958000,0 days 01:52:51.566000
2024-05-19 14:00:31.872,OnTrack,-6193,-1236,814,pos,0 days 00:57:15.278000,0 days 01:52:51.886000
2024-05-19 14:00:32.132,OnTrack,-6454,-1230,814,pos,0 days 00:57:15.538000,0 days 01:52:52.146000
2024-05-19 14:00:32.412,OnTrack,-6663,-1230,815,pos,0 days 00:57:15.818000,0 days 01:52:52.426000
2024-05-19 14:00:32.612,OnTrack,-6838,-1232,816,pos,0 days 00:57:16.018000,0 days 01:52:52.626000
2024-05-19 14:00:32.952,OnTrack,-7204,-1245,817,pos,0 days 00:57:16.358000,0 days 01:52:52.966000
2024-05-19 14:00:33.312,OnTrack,-7448,-1263,818,pos,0 days 00:57:16.718000,0 days 01:52:53.326000
2024-05-19 14:00:33.492,OnTrack,-7605,-1278,819,pos,0 days 00:57:16.898000,0 days 01:52:53.506000
2024-05-19 14:00:33.612,OnTrack,-7709,-1288,818,pos,0 days 00:57:17.018000,0 days 01:52:53.626000
2024-05-19 14:00:33.972,OnTrack,-8023,-1325,818,pos,0 days 00:57:17.378000,0 days 01:52:53.986000
2024-05-19 14:00:34.152,OnTrack,-8301,-1362,819,pos,0 days 00:57:17.558000,0 days 01:52:54.166000
2024-05-19 14:00:34.493,OnTrack,-8475,-1386,819,pos,0 days 00:57:17.899000,0 days 01:52:54.507000
2024-05-19 14:00:34.831,OnTrack,-8840,-1436,819,pos,0 days 00:57:18.237000,0 days 01:52:54.845000
2024-05-19 14:00:35.052,OnTrack,-8962,-1454,819,pos,0 days 00:57:18.458000,0 days 01:52:55.066000
2024-05-19 14:00:35.431,OnTrack,-9373,-1538,819,pos,0 days 00:57:18.837000,0 days 01:52:55.445000
2024-05-19 14:00:35.811,OnTrack,-9560,-1594,819,pos,0 days 00:57:19.217000,0 days 01:52:55.825000
2024-05-19 14:00:36.011,OnTrack,-9696,-1637,818,pos,0 days 00:57:19.417000,0 days 01:52:56.025000
2024-05-19 14:00:36.211,OnTrack,-9853,-1687,818,pos,0 days 00:57:19.617000,0 days 01:52:56.225000
2024-05-19 14:00:36.491,OnTrack,-9954,-1718,818,pos,0 days 00:57:19.897000,0 days 01:52:56.505000
2024-05-19 14:00:36.871,OnTrack,-10130,-1773,818,pos,0 days 00:57:20.277000,0 days 01:52:56.885000
2024-05-19 14:00:37.051,OnTrack,-10204,-1801,818,pos,0 days 00:57:20.457000,0 days 01:52:57.065000
2024-05-19 14:00:37.232,OnTrack,-10266,-1838,818,pos,0 days 00:57:20.638000,0 days 01:52:57.246000
2024-05-19 14:00:37.492,OnTrack,-10337,-1913,818,pos,0 days 00:57:20.898000,0 days 01:52:57.506000
2024-05-19 14:00:37.572,OnTrack,-10353,-1941,818,pos,0 days 00:57:20.978000,0 days 01:52:57.586000
2024-05-19 14:00:37.772,OnTrack,-10386,-2019,818,pos,0 days 00:57:21.178000,0 days 01:52:57.786000
2024-05-19 14:00:37.931,OnTrack,-10405,-2087,819,pos,0 days 00:57:21.337000,0 days 01:52:57.945000
2024-05-19 14:00:38.152,OnTrack,-10431,-2179,819,pos,0 days 00:57:21.558000,0 days 01:52:58.166000
2024-05-19 14:00:38.471,OnTrack,-10481,-2305,819,pos,0 days 00:57:21.877000,0 days 01:52:58.485000
2024-05-19 14:00:38.572,OnTrack,-10504,-2344,819,pos,0 days 00:57:21.978000,0 days 01:52:58.586000
2024-05-19 14:00:38.832,OnTrack,-10576,-2434,818,pos,0 days 00:57:22.238000,0 days 01:52:58.846000
2024-05-19 14:00:39.092,OnTrack,-10667,-2511,818,pos,0 days 00:57:22.498000,0 days 01:52:59.106000
2024-05-19 14:00:39.292,OnTrack,-10744,-2565,819,pos,0 days 00:57:22.698000,0 days 01:52:59.306000
2024-05-19 14:00:39.532,OnTrack,-10891,-2654,820,pos,0 days 00:57:22.938000,0 days 01:52:59.546000
2024-05-19 14:00:39.792,OnTrack,-10951,-2688,821,pos,0 days 00:57:23.198000,0 days 01:52:59.806000
2024-05-19 14:00:39.992,OnTrack,-11040,-2740,821,pos,0 days 00:57:23.398000,0 days 01:53:00.006000
2024-05-19 14:00:40.252,OnTrack,-11161,-2811,822,pos,0 days 00:57:23.658000,0 days 01:53:00.266000
2024-05-19 14:00:40.532,OnTrack,-11296,-2891,824,pos,0 days 00:57:23.938000,0 days 01:53:00.546000
2024-05-19 14:00:40.772,OnTrack,-11413,-2966,824,pos,0 days 00:57:24.178000,0 days 01:53:00.786000
2024-05-19 14:00:40.932,OnTrack,-11489,-3023,825,pos,0 days 00:57:24.338000,0 days 01:53:00.946000
2024-05-19 14:00:41.112,OnTrack,-11626,-3156,825,pos,0 days 00:57:24.518000,0 days 01:53:01.126000
2024-05-19 14:00:41.511,OnTrack,-11781,-3420,826,pos,0 days 00:57:24.917000,0 days 01:53:01.525000
2024-05-19 14:00:41.832,OnTrack,-11830,-3544,827,pos,0 days 00:57:25.238000,0 days 01:53:01.846000
2024-05-19 14:00:42.191,OnTrack,-11914,-3768,828,pos,0 days 00:57:25.597000,0 days 01:53:02.205000
2024-05-19 14:00:42.432,OnTrack,-12004,-4009,828,pos,0 days 00:57:25.838000,0 days 01:53:02.446000
2024-05-19 14:00:42.791,OnTrack,-12092,-4244,829,pos,0 days 00:57:26.197000,0 days 01:53:02.805000
2024-05-19 14:00:43.232,OnTrack,-12168,-4446,830,pos,0 days 00:57:26.638000,0 days 01:53:03.246000
2024-05-19 14:00:43.431,OnTrack,-12240,-4636,830,pos,0 days 00:57:26.837000,0 days 01:53:03.445000
2024-05-19 14:00:43.871,OnTrack,-12333,-4886,831,pos,0 days 00:57:27.277000,0 days 01:53:03.885000
2024-05-19 14:00:44.052,OnTrack,-12381,-5012,831,pos,0 days 00:57:27.458000,0 days 01:53:04.066000
2024-05-19 14:00:44.231,OnTrack,-12428,-5140,832,pos,0 days 00:57:27.637000,0 days 01:53:04.245000
2024-05-19 14:00:44.471,OnTrack,-12515,-5369,832,pos,0 days 00:57:27.877000,0 days 01:53:04.485000
2024-05-19 14:00:44.791,OnTrack,-12579,-5542,833,pos,0 days 00:57:28.197000,0 days 01:53:04.805000
2024-05-19 14:00:45.051,OnTrack,-12678,-5804,833,pos,0 days 00:57:28.457000,0 days 01:53:05.065000
2024-05-19 14:00:45.352,OnTrack,-12733,-5950,834,pos,0 days 00:57:28.758000,0 days 01:53:05.366000
2024-05-19 14:00:45.692,OnTrack,-12829,-6197,834,pos,0 days 00:57:29.098000,0 days 01:53:05.706000
2024-05-19 14:00:45.871,OnTrack,-12882,-6327,835,pos,0 days 00:57:29.277000,0 days 01:53:05.885000
2024-05-19 14:00:46.072,OnTrack,-12943,-6471,835,pos,0 days 00:57:29.478000,0 days 01:53:06.086000
2024-05-19 14:00:46.332,OnTrack,-13057,-6743,836,pos,0 days 00:57:29.738000,0 days 01:53:06.346000
2024-05-19 14:00:46.792,OnTrack,-13139,-6977,837,pos,0 days 00:57:30.198000,0 days 01:53:06.806000
2024-05-19 14:00:46.832,OnTrack,-13145,-7005,837,pos,0 days 00:57:30.238000,0 days 01:53:06.846000
2024-05-19 14:00:47.192,OnTrack,-13153,-7327,839,pos,0 days 00:57:30.598000,0 days 01:53:07.206000
2024-05-19 14:00:47.472,OnTrack,-13138,-7414,840,pos,0 days 00:57:30.878000,0 days 01:53:07.486000
2024-05-19 14:00:48.151,OnTrack,-13050,-7796,842,pos,0 days 00:57:31.557000,0 days 01:53:08.165000
2024-05-19 14:00:48.372,OnTrack,-13030,-7902,843,pos,0 days 00:57:31.778000,0 days 01:53:08.386000
2024-05-19 14:00:48.711,OnTrack,-13032,-8070,844,pos,0 days 00:57:32.117000,0 days 01:53:08.725000
2024-05-19 14:00:49.031,OnTrack,-13079,-8180,845,pos,0 days 00:57:32.437000,0 days 01:53:09.045000
2024-05-19 14:00:49.192,OnTrack,-13124,-8237,846,pos,0 days 00:57:32.598000,0 days 01:53:09.206000
2024-05-19 14:00:49.472,OnTrack,-13276,-8375,848,pos,0 days 00:57:32.878000,0 days 01:53:09.486000
2024-05-19 14:00:49.831,OnTrack,-13357,-8445,849,pos,0 days 00:57:33.237000,0 days 01:53:09.845000
2024-05-19 14:00:50.151,OnTrack,-13481,-8549,850,pos,0 days 00:57:33.557000,0 days 01:53:10.165000
2024-05-19 14:00:50.372,OnTrack,-13618,-8666,852,pos,0 days 00:57:33.778000,0 days 01:53:10.386000
2024-05-19 14:00:50.812,OnTrack,-13780,-8803,855,pos,0 days 00:57:34.218000,0 days 01:53:10.826000
2024-05-19 14:00:51.072,OnTrack,-13845,-8856,856,pos,0 days 00:57:34.478000,0 days 01:53:11.086000
2024-05-19 14:00:51.311,OnTrack,-13953,-8948,858,pos,0 days 00:57:34.717000,0 days 01:53:11.325000
2024-05-19 14:00:51.571,OnTrack,-14083,-9068,862,pos,0 days 00:57:34.977000,0 days 01:53:11.585000
2024-05-19 14:00:51.811,OnTrack,-14188,-9172,866,pos,0 days 00:57:35.217000,0 days 01:53:11.825000
2024-05-19 14:00:51.932,OnTrack,-14240,-9224,868,pos,0 days 00:57:35.338000,0 days 01:53:11.946000
2024-05-19 14:00:52.252,OnTrack,-14409,-9392,876,pos,0 days 00:57:35.658000,0 days 01:53:12.266000
2024-05-19 14:00:52.592,OnTrack,-14535,-9511,882,pos,0 days 00:57:35.998000,0 days 01:53:12.606000
2024-05-19 14:00:52.772,OnTrack,-14611,-9581,885,pos,0 days 00:57:36.178000,0 days 01:53:12.786000
2024-05-19 14:00:53.032,OnTrack,-14706,-9675,889,pos,0 days 00:57:36.438000,0 days 01:53:13.046000
2024-05-19 14:00:53.231,OnTrack,-14769,-9741,892,pos,0 days 00:57:36.637000,0 days 01:53:13.245000
2024-05-19 14:00:53.392,OnTrack,-14811,-9793,894,pos,0 days 00:57:36.798000,0 days 01:53:13.406000
2024-05-19 14:00:53.712,OnTrack,-14876,-9896,899,pos,0 days 00:57:37.118000,0 days 01:53:13.726000
2024-05-19 14:00:53.912,OnTrack,-14910,-9999,902,pos,0 days 00:57:37.318000,0 days 01:53:13.926000
2024-05-19 14:00:54.272,OnTrack,-14915,-10073,905,pos,0 days 00:57:37.678000,0 days 01:53:14.286000
2024-05-19 14:00:54.492,OnTrack,-14905,-10139,908,pos,0 days 00:57:37.898000,0 days 01:53:14.506000
2024-05-19 14:00:54.671,OnTrack,-14886,-10188,911,pos,0 days 00:57:38.077000,0 days 01:53:14.685000
2024-05-19 14:00:54.932,OnTrack,-14817,-10279,917,pos,0 days 00:57:38.338000,0 days 01:53:14.946000
2024-05-19 14:00:55.371,OnTrack,-14753,-10327,921,pos,0 days 00:57:38.777000,0 days 01:53:15.385000
2024-05-19 14:00:55.571,OnTrack,-14706,-10352,923,pos,0 days 00:57:38.977000,0 days 01:53:15.585000
2024-05-19 14:00:55.752,OnTrack,-14660,-10370,925,pos,0 days 00:57:39.158000,0 days 01:53:15.766000
2024-05-19 14:00:55.951,OnTrack,-14596,-10385,929,pos,0 days 00:57:39.357000,0 days 01:53:15.965000
2024-05-19 14:00:56.312,OnTrack,-14469,-10395,936,pos,0 days 00:57:39.718000,0 days 01:53:16.326000
2024-05-19 14:00:56.792,OnTrack,-14330,-10386,942,pos,0 days 00:57:40.198000,0 days 01:53:16.806000
2024-05-19 14:00:57.112,OnTrack,-14283,-10381,945,pos,0 days 00:57:40.518000,0 days 01:53:17.126000
2024-05-19 14:00:57.392,OnTrack,-14180,-10365,949,pos,0 days 00:57:40.798000,0 days 01:53:17.406000
2024-05-19 14:00:57.571,OnTrack,-14109,-10353,952,pos,0 days 00:57:40.977000,0 days 01:53:17.585000
2024-05-19 14:00:57.752,OnTrack,-14033,-10338,955,pos,0 days 00:57:41.158000,0 days 01:53:17.766000
2024-05-19 14:00:58.012,OnTrack,-13917,-10315,961,pos,0 days 00:57:41.418000,0 days 01:53:18.026000
2024-05-19 14:00:58.172,OnTrack,-13793,-10289,966,pos,0 days 00:57:41.578000,0 days 01:53:18.186000
2024-05-19 14:00:58.631,OnTrack,-13538,-10238,977,pos,0 days 00:57:42.037000,0 days 01:53:18.645000
2024-05-19 14:00:59.032,OnTrack,-13395,-10213,983,pos,0 days 00:57:42.438000,0 days 01:53:19.046000
2024-05-19 14:00:59.172,OnTrack,-13245,-10186,988,pos,0 days 00:57:42.578000,0 days 01:53:19.186000
2024-05-19 14:00:59.592,OnTrack,-13067,-10155,994,pos,0 days 00:57:42.998000,0 days 01:53:19.606000
2024-05-19 14:00:59.752,OnTrack,-12971,-10139,998,pos,0 days 00:57:43.158000,0 days 01:53:19.766000
2024-05-19 14:01:00.672,OnTrack,-12375,-10050,1018,pos,0 days 00:57:44.078000,0 days 01:53:20.686000
2024-05-19 14:01:00.852,OnTrack,-12252,-10033,1024,pos,0 days 00:57:44.258000,0 days 01:53:20.866000
2024-05-19 14:01:01.052,OnTrack,-12114,-10014,1032,pos,0 days 00:57:44.458000,0 days 01:53:21.066000
2024-05-19 14:01:01.412,OnTrack,-11835,-9977,1050,pos,0 days 00:57:44.818000,0 days 01:53:21.426000
2024-05-19 14:01:01.651,OnTrack,-11663,-9958,1061,pos,0 days 00:57:45.057000,0 days 01:53:21.665000
2024-05-19 14:01:01.831,OnTrack,-11460,-9938,1074,pos,0 days 00:57:45.237000,0 days 01:53:21.845000
2024-05-19 14:01:02.171,OnTrack,-11286,-9925,1085,pos,0 days 00:57:45.577000,0 days 01:53:22.185000
2024-05-19 14:01:02.411,OnTrack,-11110,-9919,1095,pos,0 days 00:57:45.817000,0 days 01:53:22.425000
2024-05-19 14:01:02.611,OnTrack,-10902,-9918,1108,pos,0 days 00:57:46.017000,0 days 01:53:22.625000
2024-05-19 14:01:03.011,OnTrack,-10665,-9927,1118,pos,0 days 00:57:46.417000,0 days 01:53:23.025000
2024-05-19 14:01:03.291,OnTrack,-10456,-9944,1122,pos,0 days 00:57:46.697000,0 days 01:53:23.305000
2024-05-19 14:01:03.451,OnTrack,-10336,-9956,1122,pos,0 days 00:57:46.857000,0 days 01:53:23.465000
2024-05-19 14:01:03.652,OnTrack,-10187,-9973,1122,pos,0 days 00:57:47.058000,0 days 01:53:23.666000
2024-05-19 14:01:03.831,OnTrack,-9948,-10001,1120,pos,0 days 00:57:47.237000,0 days 01:53:23.845000
2024-05-19 14:01:04.331,OnTrack,-9679,-10032,1118,pos,0 days 00:57:47.737000,0 days 01:53:24.345000
2024-05-19 14:01:04.532,OnTrack,-9460,-10055,1116,pos,0 days 00:57:47.938000,0 days 01:53:24.546000
2024-05-19 14:01:04.891,OnTrack,-9285,-10069,1115,pos,0 days 00:57:48.297000,0 days 01:53:24.905000
2024-05-19 14:01:05.151,OnTrack,-9143,-10069,1114,pos,0 days 00:57:48.557000,0 days 01:53:25.165000
2024-05-19 14:01:05.272,OnTrack,-9075,-10063,1114,pos,0 days 00:57:48.678000,0 days 01:53:25.286000
2024-05-19 14:01:05.572,OnTrack,-8887,-10009,1114,pos,0 days 00:57:48.978000,0 days 01:53:25.586000
2024-05-19 14:01:05.832,OnTrack,-8792,-9955,1113,pos,0 days 00:57:49.238000,0 days 01:53:25.846000
2024-05-19 14:01:06.052,OnTrack,-8702,-9879,1110,pos,0 days 00:57:49.458000,0 days 01:53:26.066000
2024-05-19 14:01:06.312,OnTrack,-8574,-9699,1103,pos,0 days 00:57:49.718000,0 days 01:53:26.326000
2024-05-19 14:01:06.832,OnTrack,-8473,-9503,1097,pos,0 days 00:57:50.238000,0 days 01:53:26.846000
2024-05-19 14:01:06.992,OnTrack,-8401,-9353,1092,pos,0 days 00:57:50.398000,0 days 01:53:27.006000
2024-05-19 14:01:07.292,OnTrack,-8358,-9252,1089,pos,0 days 00:57:50.698000,0 days 01:53:27.306000
2024-05-19 14:01:07.632,OnTrack,-8292,-9050,1082,pos,0 days 00:57:51.038000,0 days 01:53:27.646000
2024-05-19 14:01:07.791,OnTrack,-8254,-8860,1074,pos,0 days 00:57:51.197000,0 days 01:53:27.805000
2024-05-19 14:01:08.171,OnTrack,-8239,-8701,1066,pos,0 days 00:57:51.577000,0 days 01:53:28.185000
2024-05-19 14:01:08.331,OnTrack,-8237,-8593,1059,pos,0 days 00:57:51.737000,0 days 01:53:28.345000
2024-05-19 14:01:08.571,OnTrack,-8244,-8428,1049,pos,0 days 00:57:51.977000,0 days 01:53:28.585000
2024-05-19 14:01:08.792,OnTrack,-8258,-8291,1038,pos,0 days 00:57:52.198000,0 days 01:53:28.806000
2024-05-19 14:01:09.052,OnTrack,-8283,-8108,1020,pos,0 days 00:57:52.458000,0 days 01:53:29.066000
2024-05-19 14:01:09.271,OnTrack,-8311,-7953,1006,pos,0 days 00:57:52.677000,0 days 01:53:29.285000
2024-05-19 14:01:09.392,OnTrack,-8349,-7769,991,pos,0 days 00:57:52.798000,0 days 01:53:29.406000
2024-05-19 14:01:09.731,OnTrack,-8382,-7627,981,pos,0 days 00:57:53.137000,0 days 01:53:29.745000
2024-05-19 14:01:09.952,OnTrack,-8418,-7469,970,pos,0 days 00:57:53.358000,0 days 01:53:29.966000
2024-05-19 14:01:10.172,OnTrack,-8455,-7310,961,pos,0 days 00:57:53.578000,0 days 01:53:30.186000
2024-05-19 14:01:10.432,OnTrack,-8498,-7120,950,pos,0 days 00:57:53.838000,0 days 01:53:30.446000
2024-05-19 14:01:10.692,OnTrack,-8541,-6930,940,pos,0 days 00:57:54.098000,0 days 01:53:30.706000
2024-05-19 14:01:10.891,OnTrack,-8594,-6694,928,pos,0 days 00:57:54.297000,0 days 01:53:30.905000
2024-05-19 14:01:11.252,OnTrack,-8631,-6519,919,pos,0 days 00:57:54.658000,0 days 01:53:31.266000
2024-05-19 14:01:11.431,OnTrack,-8650,-6390,913,pos,0 days 00:57:54.837000,0 days 01:53:31.445000
2024-05-19 14:01:11.752,OnTrack,-8621,-6092,901,pos,0 days 00:57:55.158000,0 days 01:53:31.766000
2024-05-19 14:01:12.011,OnTrack,-8587,-5996,899,pos,0 days 00:57:55.417000,0 days 01:53:32.025000
2024-05-19 14:01:12.192,OnTrack,-8532,-5879,897,pos,0 days 00:57:55.598000,0 days 01:53:32.206000
2024-05-19 14:01:12.531,OnTrack,-8411,-5661,897,pos,0 days 00:57:55.937000,0 days 01:53:32.545000
2024-05-19 14:01:12.792,OnTrack,-8356,-5573,898,pos,0 days 00:57:56.198000,0 days 01:53:32.806000
2024-05-19 14:01:13.072,OnTrack,-8280,-5470,901,pos,0 days 00:57:56.478000,0 days 01:53:33.086000
2024-05-19 14:01:13.312,OnTrack,-8212,-5401,903,pos,0 days 00:57:56.718000,0 days 01:53:33.326000
2024-05-19 14:01:13.452,OnTrack,-8170,-5371,904,pos,0 days 00:57:56.858000,0 days 01:53:33.466000
2024-05-19 14:01:13.732,OnTrack,-8076,-5332,908,pos,0 days 00:57:57.138000,0 days 01:53:33.746000
2024-05-19 14:01:13.953,OnTrack,-7999,-5325,914,pos,0 days 00:57:57.359000,0 days 01:53:33.967000
2024-05-19 14:01:14.252,OnTrack,-7886,-5342,922,pos,0 days 00:57:57.658000,0 days 01:53:34.266000
2024-05-19 14:01:14.411,OnTrack,-7830,-5356,927,pos,0 days 00:57:57.817000,0 days 01:53:34.425000
2024-05-19 14:01:14.631,OnTrack,-7754,-5376,933,pos,0 days 00:57:58.037000,0 days 01:53:34.645000
2024-05-19 14:01:14.792,OnTrack,-7655,-5402,943,pos,0 days 00:57:58.198000,0 days 01:53:34.806000
2024-05-19 14:01:15.131,OnTrack,-7573,-5417,951,pos,0 days 00:57:58.537000,0 days 01:53:35.145000
2024-05-19 14:01:15.312,OnTrack,-7502,-5428,958,pos,0 days 00:57:58.718000,0 days 01:53:35.326000
2024-05-19 14:01:15.652,OnTrack,-7330,-5441,973,pos,0 days 00:57:59.058000,0 days 01:53:35.666000
2024-05-19 14:01:16.011,OnTrack,-7191,-5443,984,pos,0 days 00:57:59.417000,0 days 01:53:36.025000
2024-05-19 14:01:16.251,OnTrack,-7075,-5443,993,pos,0 days 00:57:59.657000,0 days 01:53:36.265000
2024-05-19 14:01:16.472,OnTrack,-6962,-5442,1000,pos,0 days 00:57:59.878000,0 days 01:53:36.486000
2024-05-19 14:01:16.631,OnTrack,-6877,-5441,1006,pos,0 days 00:58:00.037000,0 days 01:53:36.645000
2024-05-19 14:01:16.851,OnTrack,-6757,-5440,1012,pos,0 days 00:58:00.257000,0 days 01:53:36.865000
2024-05-19 14:01:17.131,OnTrack,-6528,-5438,1023,pos,0 days 00:58:00.537000,0 days 01:53:37.145000
2024-05-19 14:01:17.532,OnTrack,-6360,-5436,1029,pos,0 days 00:58:00.938000,0 days 01:53:37.546000
2024-05-19 14:01:17.731,OnTrack,-6236,-5435,1033,pos,0 days 00:58:01.137000,0 days 01:53:37.745000
2024-05-19 14:01:17.912,OnTrack,-6123,-5434,1036,pos,0 days 00:58:01.318000,0 days 01:53:37.926000
2024-05-19 14:01:18.112,OnTrack,-5994,-5433,1039,pos,0 days 00:58:01.518000,0 days 01:53:38.126000
2024-05-19 14:01:18.392,OnTrack,-5757,-5431,1046,pos,0 days 00:58:01.798000,0 days 01:53:38.406000
2024-05-19 14:01:18.791,OnTrack,-5498,-5429,1053,pos,0 days 00:58:02.197000,0 days 01:53:38.805000
2024-05-19 14:01:19.212,OnTrack,-5191,-5422,1063,pos,0 days 00:58:02.618000,0 days 01:53:39.226000
2024-05-19 14:01:19.492,OnTrack,-5050,-5412,1067,pos,0 days 00:58:02.898000,0 days 01:53:39.506000
2024-05-19 14:01:19.672,OnTrack,-4938,-5402,1070,pos,0 days 00:58:03.078000,0 days 01:53:39.686000
2024-05-19 14:01:19.992,OnTrack,-4711,-5382,1076,pos,0 days 00:58:03.398000,0 days 01:53:40.006000
2024-05-19 14:01:20.152,OnTrack,-4597,-5372,1078,pos,0 days 00:58:03.558000,0 days 01:53:40.166000
2024-05-19 14:01:20.352,OnTrack,-4454,-5359,1081,pos,0 days 00:58:03.758000,0 days 01:53:40.366000
2024-05-19 14:01:20.592,OnTrack,-4282,-5345,1083,pos,0 days 00:58:03.998000,0 days 01:53:40.606000
2024-05-19 14:01:20.733,OnTrack,-4182,-5337,1083,pos,0 days 00:58:04.139000,0 days 01:53:40.747000
2024-05-19 14:01:21.012,OnTrack,-3983,-5321,1085,pos,0 days 00:58:04.418000,0 days 01:53:41.026000
2024-05-19 14:01:21.231,OnTrack,-3833,-5308,1086,pos,0 days 00:58:04.637000,0 days 01:53:41.245000
2024-05-19 14:01:21.431,OnTrack,-3664,-5294,1087,pos,0 days 00:58:04.837000,0 days 01:53:41.445000
2024-05-19 14:01:21.832,OnTrack,-3451,-5278,1088,pos,0 days 00:58:05.238000,0 days 01:53:41.846000
2024-05-19 14:01:22.211,OnTrack,-3281,-5273,1091,pos,0 days 00:58:05.617000,0 days 01:53:42.225000
2024-05-19 14:01:22.531,OnTrack,-3222,-5279,1092,pos,0 days 00:58:05.937000,0 days 01:53:42.545000
2024-05-19 14:01:22.791,OnTrack,-3110,-5344,1095,pos,0 days 00:58:06.197000,0 days 01:53:42.805000
2024-05-19 14:01:23.212,OnTrack,-3042,-5416,1096,pos,0 days 00:58:06.618000,0 days 01:53:43.226000
2024-05-19 14:01:23.532,OnTrack,-2968,-5491,1096,pos,0 days 00:58:06.938000,0 days 01:53:43.546000
2024-05-19 14:01:23.732,OnTrack,-2891,-5541,1096,pos,0 days 00:58:07.138000,0 days 01:53:43.746000
2024-05-19 14:01:24.072,OnTrack,-2800,-5563,1094,pos,0 days 00:58:07.478000,0 days 01:53:44.086000
2024-05-19 14:01:24.432,OnTrack,-2735,-5557,1093,pos,0 days 00:58:07.838000,0 days 01:53:44.446000
2024-05-19 14:01:24.652,OnTrack,-2674,-5543,1092,pos,0 days 00:58:08.058000,0 days 01:53:44.666000
2024-05-19 14:01:24.892,OnTrack,-2581,-5514,1090,pos,0 days 00:58:08.298000,0 days 01:53:44.906000
2024-05-19 14:01:25.192,OnTrack,-2525,-5494,1088,pos,0 days 00:58:08.598000,0 days 01:53:45.206000
2024-05-19 14:01:25.372,OnTrack,-2472,-5472,1087,pos,0 days 00:58:08.778000,0 days 01:53:45.386000
2024-05-19 14:01:25.591,OnTrack,-2403,-5442,1086,pos,0 days 00:58:08.997000,0 days 01:53:45.605000
2024-05-19 14:01:25.852,OnTrack,-2316,-5400,1084,pos,0 days 00:58:09.258000,0 days 01:53:45.866000
2024-05-19 14:01:26.072,OnTrack,-2237,-5361,1082,pos,0 days 00:58:09.478000,0 days 01:53:46.086000
2024-05-19 14:01:26.232,OnTrack,-2176,-5329,1080,pos,0 days 00:58:09.638000,0 days 01:53:46.246000
2024-05-19 14:01:26.432,OnTrack,-2098,-5287,1079,pos,0 days 00:58:09.838000,0 days 01:53:46.446000
2024-05-19 14:01:26.712,OnTrack,-1978,-5224,1076,pos,0 days 00:58:10.118000,0 days 01:53:46.726000
2024-05-19 14:01:26.812,OnTrack,-1934,-5201,1075,pos,0 days 00:58:10.218000,0 days 01:53:46.826000
2024-05-19 14:01:27.072,OnTrack,-1747,-5103,1071,pos,0 days 00:58:10.478000,0 days 01:53:47.086000
2024-05-19 14:01:27.471,OnTrack,-1616,-5038,1069,pos,0 days 00:58:10.877000,0 days 01:53:47.485000
2024-05-19 14:01:27.731,OnTrack,-1479,-4973,1066,pos,0 days 00:58:11.137000,0 days 01:53:47.745000
2024-05-19 14:01:27.891,OnTrack,-1391,-4933,1065,pos,0 days 00:58:11.297000,0 days 01:53:47.905000
2024-05-19 14:01:28.171,OnTrack,-1234,-4861,1062,pos,0 days 00:58:11.577000,0 days 01:53:48.185000
2024-05-19 14:01:28.271,OnTrack,-1177,-4834,1061,pos,0 days 00:58:11.677000,0 days 01:53:48.285000
2024-05-19 14:01:28.491,OnTrack,-1052,-4770,1058,pos,0 days 00:58:11.897000,0 days 01:53:48.505000
2024-05-19 14:01:28.731,OnTrack,-915,-4692,1055,pos,0 days 00:58:12.137000,0 days 01:53:48.745000
2024-05-19 14:01:29.011,OnTrack,-756,-4590,1051,pos,0 days 00:58:12.417000,0 days 01:53:49.025000
2024-05-19 14:01:29.232,OnTrack,-553,-4448,1045,pos,0 days 00:58:12.638000,0 days 01:53:49.246000
2024-05-19 14:01:29.611,OnTrack,-417,-4347,1041,pos,0 days 00:58:13.017000,0 days 01:53:49.625000
2024-05-19 14:01:29.871,OnTrack,-269,-4234,1036,pos,0 days 00:58:13.277000,0 days 01:53:49.885000
2024-05-19 14:01:29.951,OnTrack,-223,-4197,1035,pos,0 days 00:58:13.357000,0 days 01:53:49.965000
2024-05-19 14:01:30.151,OnTrack,-111,-4104,1032,pos,0 days 00:58:13.557000,0 days 01:53:50.165000
2024-05-19 14:01:30.352,OnTrack,-1,-4006,1029,pos,0 days 00:58:13.758000,0 days 01:53:50.366000
2024-05-19 14:01:30.632,OnTrack,179,-3830,1024,pos,0 days 00:58:14.038000,0 days 01:53:50.646000
2024-05-19 14:01:30.751,OnTrack,252,-3754,1022,pos,0 days 00:58:14.157000,0 days 01:53:50.765000
2024-05-19 14:01:30.912,OnTrack,334,-3665,1019,pos,0 days 00:58:14.318000,0 days 01:53:50.926000
2024-05-19 14:01:31.172,OnTrack,468,-3517,1014,pos,0 days 00:58:14.578000,0 days 01:53:51.186000
2024-05-19 14:01:31.492,OnTrack,707,-3251,1001,pos,0 days 00:58:14.898000,0 days 01:53:51.506000
2024-05-19 14:01:31.851,OnTrack,823,-3123,993,pos,0 days 00:58:15.257000,0 days 01:53:51.865000
2024-05-19 14:01:32.092,OnTrack,1025,-2899,978,pos,0 days 00:58:15.498000,0 days 01:53:52.106000
2024-05-19 14:01:32.552,OnTrack,1274,-2626,956,pos,0 days 00:58:15.958000,0 days 01:53:52.566000
2024-05-19 14:01:32.792,OnTrack,1330,-2567,950,pos,0 days 00:58:16.198000,0 days 01:53:52.806000
2024-05-19 14:01:33.012,OnTrack,1455,-2442,940,pos,0 days 00:58:16.418000,0 days 01:53:53.026000
2024-05-19 14:01:33.192,OnTrack,1564,-2347,931,pos,0 days 00:58:16.598000,0 days 01:53:53.206000
2024-05-19 14:01:33.492,OnTrack,1797,-2190,912,pos,0 days 00:58:16.898000,0 days 01:53:53.506000
2024-05-19 14:01:33.652,OnTrack,1914,-2131,903,pos,0 days 00:58:17.058000,0 days 01:53:53.666000
2024-05-19 14:01:33.813,OnTrack,2027,-2083,894,pos,0 days 00:58:17.219000,0 days 01:53:53.827000
2024-05-19 14:01:33.992,OnTrack,2166,-2027,883,pos,0 days 00:58:17.398000,0 days 01:53:54.006000
2024-05-19 14:01:34.352,OnTrack,2427,-1922,862,pos,0 days 00:58:17.758000,0 days 01:53:54.366000
2024-05-19 14:01:34.531,OnTrack,2542,-1875,854,pos,0 days 00:58:17.937000,0 days 01:53:54.545000
2024-05-19 14:01:34.731,OnTrack,2658,-1828,846,pos,0 days 00:58:18.137000,0 days 01:53:54.745000
2024-05-19 14:01:35.011,OnTrack,2832,-1756,833,pos,0 days 00:58:18.417000,0 days 01:53:55.025000
2024-05-19 14:01:35.251,OnTrack,2912,-1722,828,pos,0 days 00:58:18.657000,0 days 01:53:55.265000
2024-05-19 14:01:35.492,OnTrack,3003,-1675,822,pos,0 days 00:58:18.898000,0 days 01:53:55.506000
2024-05-19 14:01:35.752,OnTrack,3077,-1622,817,pos,0 days 00:58:19.158000,0 days 01:53:55.766000
2024-05-19 14:01:35.911,OnTrack,3115,-1581,813,pos,0 days 00:58:19.317000,0 days 01:53:55.925000
2024-05-19 14:01:36.231,OnTrack,3175,-1469,809,pos,0 days 00:58:19.637000,0 days 01:53:56.245000
2024-05-19 14:01:36.632,OnTrack,3190,-1359,804,pos,0 days 00:58:20.038000,0 days 01:53:56.646000
2024-05-19 14:01:36.852,OnTrack,3184,-1287,801,pos,0 days 00:58:20.258000,0 days 01:53:56.866000
2024-05-19 14:01:36.951,OnTrack,3179,-1255,800,pos,0 days 00:58:20.357000,0 days 01:53:56.965000
2024-05-19 14:01:37.192,OnTrack,3148,-1134,797,pos,0 days 00:58:20.598000,0 days 01:53:57.206000
2024-05-19 14:01:37.672,OnTrack,3107,-1009,795,pos,0 days 00:58:21.078000,0 days 01:53:57.686000
2024-05-19 14:01:37.932,OnTrack,3080,-933,794,pos,0 days 00:58:21.338000,0 days 01:53:57.946000
2024-05-19 14:01:38.172,OnTrack,3045,-846,793,pos,0 days 00:58:21.578000,0 days 01:53:58.186000
2024-05-19 14:01:38.411,OnTrack,3003,-757,792,pos,0 days 00:58:21.817000,0 days 01:53:58.425000
2024-05-19 14:01:38.671,OnTrack,2929,-623,790,pos,0 days 00:58:22.077000,0 days 01:53:58.685000
2024-05-19 14:01:39.012,OnTrack,2862,-535,789,pos,0 days 00:58:22.418000,0 days 01:53:59.026000
2024-05-19 14:01:39.292,OnTrack,2778,-459,788,pos,0 days 00:58:22.698000,0 days 01:53:59.306000
2024-05-19 14:01:39.452,OnTrack,2675,-403,787,pos,0 days 00:58:22.858000,0 days 01:53:59.466000
2024-05-19 14:01:39.852,OnTrack,2579,-374,786,pos,0 days 00:58:23.258000,0 days 01:53:59.866000
2024-05-19 14:01:39.992,OnTrack,2526,-366,786,pos,0 days 00:58:23.398000,0 days 01:54:00.006000
2024-05-19 14:01:40.192,OnTrack,2452,-360,786,pos,0 days 00:58:23.598000,0 days 01:54:00.206000
2024-05-19 14:01:40.392,OnTrack,2377,-360,786,pos,0 days 00:58:23.798000,0 days 01:54:00.406000
2024-05-19 14:01:40.731,OnTrack,2247,-379,784,pos,0 days 00:58:24.137000,0 days 01:54:00.745000
2024-05-19 14:01:40.951,OnTrack,2162,-404,783,pos,0 days 00:58:24.357000,0 days 01:54:00.965000
2024-05-19 14:01:41.131,OnTrack,2092,-431,783,pos,0 days 00:58:24.537000,0 days 01:54:01.145000
2024-05-19 14:01:41.311,OnTrack,2020,-463,782,pos,0 days 00:58:24.717000,0 days 01:54:01.325000
2024-05-19 14:01:41.511,OnTrack,1938,-501,781,pos,0 days 00:58:24.917000,0 days 01:54:01.525000
2024-05-19 14:01:41.712,OnTrack,1812,-560,780,pos,0 days 00:58:25.118000,0 days 01:54:01.726000
2024-05-19 14:01:42.032,OnTrack,1718,-602,779,pos,0 days 00:58:25.438000,0 days 01:54:02.046000
2024-05-19 14:01:42.232,OnTrack,1621,-646,778,pos,0 days 00:58:25.638000,0 days 01:54:02.246000
2024-05-19 14:01:42.532,OnTrack,1406,-744,778,pos,0 days 00:58:25.938000,0 days 01:54:02.546000
2024-05-19 14:01:43.011,OnTrack,1177,-848,778,pos,0 days 00:58:26.417000,0 days 01:54:03.025000
2024-05-19 14:01:43.271,OnTrack,1063,-899,778,pos,0 days 00:58:26.677000,0 days 01:54:03.285000
2024-05-19 14:01:43.591,OnTrack,877,-983,779,pos,0 days 00:58:26.997000,0 days 01:54:03.605000
2024-05-19 14:01:43.752,OnTrack,781,-1024,779,pos,0 days 00:58:27.158000,0 days 01:54:03.766000
2024-05-19 14:01:43.892,OnTrack,694,-1060,779,pos,0 days 00:58:27.298000,0 days 01:54:03.906000
2024-05-19 14:01:44.252,OnTrack,464,-1156,780,pos,0 days 00:58:27.658000,0 days 01:54:04.266000
2024-05-19 14:01:44.412,OnTrack,362,-1199,781,pos,0 days 00:58:27.818000,0 days 01:54:04.426000
2024-05-19 14:01:44.671,OnTrack,193,-1270,781,pos,0 days 00:58:28.077000,0 days 01:54:04.685000
2024-05-19 14:01:44.852,OnTrack,-18,-1359,781,pos,0 days 00:58:28.258000,0 days 01:54:04.866000
2024-05-19 14:01:45.132,OnTrack,-113,-1396,781,pos,0 days 00:58:28.538000,0 days 01:54:05.146000
2024-05-19 14:01:45.491,OnTrack,-448,-1507,783,pos,0 days 00:58:28.897000,0 days 01:54:05.505000
2024-05-19 14:01:45.732,OnTrack,-535,-1529,783,pos,0 days 00:58:29.138000,0 days 01:54:05.746000
2024-05-19 14:01:45.992,OnTrack,-728,-1564,783,pos,0 days 00:58:29.398000,0 days 01:54:06.006000
2024-05-19 14:01:46.232,OnTrack,-1025,-1586,784,pos,0 days 00:58:29.638000,0 days 01:54:06.246000
2024-05-19 14:01:46.692,OnTrack,-1389,-1598,785,pos,0 days 00:58:30.098000,0 days 01:54:06.706000
2024-05-19 14:01:46.972,OnTrack,-1499,-1605,786,pos,0 days 00:58:30.378000,0 days 01:54:06.986000
2024-05-19 14:01:47.291,OnTrack,-1755,-1620,787,pos,0 days 00:58:30.697000,0 days 01:54:07.305000
2024-05-19 14:01:47.551,OnTrack,-1997,-1633,788,pos,0 days 00:58:30.957000,0 days 01:54:07.565000
2024-05-19 14:01:47.811,OnTrack,-2175,-1643,788,pos,0 days 00:58:31.217000,0 days 01:54:07.825000
2024-05-19 14:01:48.111,OnTrack,-2420,-1657,790,pos,0 days 00:58:31.517000,0 days 01:54:08.125000
2024-05-19 14:01:48.252,OnTrack,-2535,-1663,790,pos,0 days 00:58:31.658000,0 days 01:54:08.266000
2024-05-19 14:01:48.492,OnTrack,-2733,-1671,791,pos,0 days 00:58:31.898000,0 days 01:54:08.506000
2024-05-19 14:01:48.731,OnTrack,-2933,-1677,792,pos,0 days 00:58:32.137000,0 days 01:54:08.745000
2024-05-19 14:01:48.951,OnTrack,-3234,-1688,793,pos,0 days 00:58:32.357000,0 days 01:54:08.965000
2024-05-19 14:01:49.291,OnTrack,-3402,-1694,794,pos,0 days 00:58:32.697000,0 days 01:54:09.305000
2024-05-19 14:01:49.551,OnTrack,-3621,-1695,795,pos,0 days 00:58:32.957000,0 days 01:54:09.565000
2024-05-19 14:01:49.791,OnTrack,-3823,-1683,796,pos,0 days 00:58:33.197000,0 days 01:54:09.805000
2024-05-19 14:01:49.952,OnTrack,-3958,-1667,796,pos,0 days 00:58:33.358000,0 days 01:54:09.966000
2024-05-19 14:01:50.252,OnTrack,-4212,-1622,798,pos,0 days 00:58:33.658000,0 days 01:54:10.266000
2024-05-19 14:01:50.292,OnTrack,-4246,-1615,798,pos,0 days 00:58:33.698000,0 days 01:54:10.306000
2024-05-19 14:01:50.572,OnTrack,-4482,-1562,799,pos,0 days 00:58:33.978000,0 days 01:54:10.586000
2024-05-19 14:01:50.792,OnTrack,-4785,-1489,801,pos,0 days 00:58:34.198000,0 days 01:54:10.806000
2024-05-19 14:01:51.092,OnTrack,-4919,-1456,802,pos,0 days 00:58:34.498000,0 days 01:54:11.106000
2024-05-19 14:01:51.372,OnTrack,-5155,-1398,804,pos,0 days 00:58:34.778000,0 days 01:54:11.386000
2024-05-19 14:01:51.612,OnTrack,-5358,-1350,806,pos,0 days 00:58:35.018000,0 days 01:54:11.626000
2024-05-19 14:01:51.772,OnTrack,-5494,-1320,807,pos,0 days 00:58:35.178000,0 days 01:54:11.786000
2024-05-19 14:01:51.932,OnTrack,-5693,-1283,809,pos,0 days 00:58:35.338000,0 days 01:54:11.946000
2024-05-19 14:01:52.272,OnTrack,-5987,-1248,811,pos,0 days 00:58:35.678000,0 days 01:54:12.286000
2024-05-19 14:01:52.452,OnTrack,-6144,-1238,812,pos,0 days 00:58:35.858000,0 days 01:54:12.466000
2024-05-19 14:01:52.692,OnTrack,-6354,-1231,814,pos,0 days 00:58:36.098000,0 days 01:54:12.706000
2024-05-19 14:01:52.872,OnTrack,-6512,-1230,814,pos,0 days 00:58:36.278000,0 days 01:54:12.886000
2024-05-19 14:01:53.032,OnTrack,-6758,-1231,816,pos,0 days 00:58:36.438000,0 days 01:54:13.046000
2024-05-19 14:01:53.372,OnTrack,-6951,-1234,817,pos,0 days 00:58:36.778000,0 days 01:54:13.386000
2024-05-19 14:01:53.693,OnTrack,-7284,-1250,818,pos,0 days 00:58:37.099000,0 days 01:54:13.707000
2024-05-19 14:01:53.952,OnTrack,-7460,-1264,818,pos,0 days 00:58:37.358000,0 days 01:54:13.966000
2024-05-19 14:01:54.232,OnTrack,-7705,-1288,818,pos,0 days 00:58:37.638000,0 days 01:54:14.246000
2024-05-19 14:01:54.532,OnTrack,-7976,-1320,818,pos,0 days 00:58:37.938000,0 days 01:54:14.546000
2024-05-19 14:01:54.651,OnTrack,-8212,-1350,818,pos,0 days 00:58:38.057000,0 days 01:54:14.665000
2024-05-19 14:01:54.991,OnTrack,-8404,-1376,819,pos,0 days 00:58:38.397000,0 days 01:54:15.005000
2024-05-19 14:01:55.231,OnTrack,-8614,-1405,819,pos,0 days 00:58:38.637000,0 days 01:54:15.245000
2024-05-19 14:01:55.491,OnTrack,-8842,-1437,819,pos,0 days 00:58:38.897000,0 days 01:54:15.505000
2024-05-19 14:01:55.672,OnTrack,-8999,-1460,819,pos,0 days 00:58:39.078000,0 days 01:54:15.686000
2024-05-19 14:01:55.892,OnTrack,-9292,-1517,819,pos,0 days 00:58:39.298000,0 days 01:54:15.906000
2024-05-19 14:01:56.331,OnTrack,-9546,-1590,819,pos,0 days 00:58:39.737000,0 days 01:54:16.345000
2024-05-19 14:01:56.392,OnTrack,-9590,-1604,819,pos,0 days 00:58:39.798000,0 days 01:54:16.406000
2024-05-19 14:01:56.611,OnTrack,-9740,-1651,818,pos,0 days 00:58:40.017000,0 days 01:54:16.625000
2024-05-19 14:01:56.911,OnTrack,-9916,-1707,818,pos,0 days 00:58:40.317000,0 days 01:54:16.925000
2024-05-19 14:01:57.191,OnTrack,-10071,-1755,819,pos,0 days 00:58:40.597000,0 days 01:54:17.205000
2024-05-19 14:01:57.572,OnTrack,-10229,-1814,818,pos,0 days 00:58:40.978000,0 days 01:54:17.586000
2024-05-19 14:01:57.772,OnTrack,-10309,-1878,818,pos,0 days 00:58:41.178000,0 days 01:54:17.786000
2024-05-19 14:01:58.072,OnTrack,-10364,-1961,818,pos,0 days 00:58:41.478000,0 days 01:54:18.086000
2024-05-19 14:01:58.352,OnTrack,-10402,-2077,818,pos,0 days 00:58:41.758000,0 days 01:54:18.366000
2024-05-19 14:01:58.612,OnTrack,-10443,-2217,819,pos,0 days 00:58:42.018000,0 days 01:54:18.626000
2024-05-19 14:01:58.932,OnTrack,-10483,-2309,819,pos,0 days 00:58:42.338000,0 days 01:54:18.946000
2024-05-19 14:01:59.192,OnTrack,-10574,-2432,818,pos,0 days 00:58:42.598000,0 days 01:54:19.206000
2024-05-19 14:01:59.572,OnTrack,-10732,-2557,819,pos,0 days 00:58:42.978000,0 days 01:54:19.586000
2024-05-19 14:01:59.872,OnTrack,-10806,-2604,820,pos,0 days 00:58:43.278000,0 days 01:54:19.886000
2024-05-19 14:02:00.172,OnTrack,-10997,-2716,821,pos,0 days 00:58:43.578000,0 days 01:54:20.186000
2024-05-19 14:02:00.631,OnTrack,-11180,-2822,823,pos,0 days 00:58:44.037000,0 days 01:54:20.645000
2024-05-19 14:02:00.891,OnTrack,-11267,-2873,823,pos,0 days 00:58:44.297000,0 days 01:54:20.905000
2024-05-19 14:02:01.231,OnTrack,-11433,-2980,824,pos,0 days 00:58:44.637000,0 days 01:54:21.245000
2024-05-19 14:02:01.391,OnTrack,-11509,-3039,825,pos,0 days 00:58:44.797000,0 days 01:54:21.405000
2024-05-19 14:02:01.572,OnTrack,-11587,-3113,825,pos,0 days 00:58:44.978000,0 days 01:54:21.586000
2024-05-19 14:02:01.771,OnTrack,-11665,-3208,825,pos,0 days 00:58:45.177000,0 days 01:54:21.785000
2024-05-19 14:02:01.932,OnTrack,-11718,-3294,825,pos,0 days 00:58:45.338000,0 days 01:54:21.946000
2024-05-19 14:02:02.291,OnTrack,-11806,-3486,826,pos,0 days 00:58:45.697000,0 days 01:54:22.305000
2024-05-19 14:02:02.372,OnTrack,-11826,-3535,827,pos,0 days 00:58:45.778000,0 days 01:54:22.386000
2024-05-19 14:02:02.571,OnTrack,-11873,-3660,827,pos,0 days 00:58:45.977000,0 days 01:54:22.585000
2024-05-19 14:02:02.831,OnTrack,-11935,-3825,828,pos,0 days 00:58:46.237000,0 days 01:54:22.845000
2024-05-19 14:02:03.091,OnTrack,-11998,-3993,828,pos,0 days 00:58:46.497000,0 days 01:54:23.105000
2024-05-19 14:02:03.292,OnTrack,-12066,-4176,829,pos,0 days 00:58:46.698000,0 days 01:54:23.306000
2024-05-19 14:02:03.671,OnTrack,-12142,-4377,830,pos,0 days 00:58:47.077000,0 days 01:54:23.685000
2024-05-19 14:02:03.872,OnTrack,-12193,-4513,830,pos,0 days 00:58:47.278000,0 days 01:54:23.886000
2024-05-19 14:02:04.072,OnTrack,-12245,-4650,830,pos,0 days 00:58:47.478000,0 days 01:54:24.086000
2024-05-19 14:02:04.271,OnTrack,-12296,-4789,831,pos,0 days 00:58:47.677000,0 days 01:54:24.285000
2024-05-19 14:02:04.432,OnTrack,-12339,-4901,831,pos,0 days 00:58:47.838000,0 days 01:54:24.446000
2024-05-19 14:02:04.592,OnTrack,-12381,-5014,831,pos,0 days 00:58:47.998000,0 days 01:54:24.606000
2024-05-19 14:02:04.972,OnTrack,-12483,-5285,832,pos,0 days 00:58:48.378000,0 days 01:54:24.986000
2024-05-19 14:02:05.172,OnTrack,-12559,-5487,833,pos,0 days 00:58:48.578000,0 days 01:54:25.186000
2024-05-19 14:02:05.532,OnTrack,-12635,-5689,833,pos,0 days 00:58:48.938000,0 days 01:54:25.546000
2024-05-19 14:02:05.792,OnTrack,-12706,-5878,833,pos,0 days 00:58:49.198000,0 days 01:54:25.806000
2024-05-19 14:02:05.832,OnTrack,-12717,-5907,833,pos,0 days 00:58:49.238000,0 days 01:54:25.846000
2024-05-19 14:02:06.092,OnTrack,-12789,-6096,834,pos,0 days 00:58:49.498000,0 days 01:54:26.106000
2024-05-19 14:02:06.352,OnTrack,-12864,-6284,835,pos,0 days 00:58:49.758000,0 days 01:54:26.366000
2024-05-19 14:02:06.612,OnTrack,-12967,-6529,835,pos,0 days 00:58:50.018000,0 days 01:54:26.626000
2024-05-19 14:02:07.012,OnTrack,-13062,-6754,836,pos,0 days 00:58:50.418000,0 days 01:54:27.026000
2024-05-19 14:02:07.171,OnTrack,-13104,-6863,836,pos,0 days 00:58:50.577000,0 days 01:54:27.185000
2024-05-19 14:02:07.332,OnTrack,-13154,-7056,837,pos,0 days 00:58:50.738000,0 days 01:54:27.346000
2024-05-19 14:02:07.791,OnTrack,-13160,-7258,838,pos,0 days 00:58:51.197000,0 days 01:54:27.805000
2024-05-19 14:02:07.991,OnTrack,-13130,-7455,840,pos,0 days 00:58:51.397000,0 days 01:54:28.005000
2024-05-19 14:02:08.331,OnTrack,-13101,-7582,841,pos,0 days 00:58:51.737000,0 days 01:54:28.345000
2024-05-19 14:02:08.632,OnTrack,-13062,-7742,842,pos,0 days 00:58:52.038000,0 days 01:54:28.646000
2024-05-19 14:02:08.712,OnTrack,-13053,-7782,842,pos,0 days 00:58:52.118000,0 days 01:54:28.726000
2024-05-19 14:02:08.972,OnTrack,-13029,-7905,843,pos,0 days 00:58:52.378000,0 days 01:54:28.986000
2024-05-19 14:02:09.232,OnTrack,-13032,-8071,844,pos,0 days 00:58:52.638000,0 days 01:54:29.246000
2024-05-19 14:02:09.552,OnTrack,-13061,-8150,845,pos,0 days 00:58:52.958000,0 days 01:54:29.566000
2024-05-19 14:02:09.891,OnTrack,-13157,-8269,846,pos,0 days 00:58:53.297000,0 days 01:54:29.905000
2024-05-19 14:02:10.092,OnTrack,-13245,-8347,847,pos,0 days 00:58:53.498000,0 days 01:54:30.106000
2024-05-19 14:02:10.511,OnTrack,-13383,-8467,849,pos,0 days 00:58:53.917000,0 days 01:54:30.525000
2024-05-19 14:02:10.632,OnTrack,-13430,-8505,850,pos,0 days 00:58:54.038000,0 days 01:54:30.646000
2024-05-19 14:02:10.852,OnTrack,-13557,-8613,851,pos,0 days 00:58:54.258000,0 days 01:54:30.866000
2024-05-19 14:02:11.172,OnTrack,-13648,-8691,853,pos,0 days 00:58:54.578000,0 days 01:54:31.186000
2024-05-19 14:02:11.512,OnTrack,-13829,-8844,856,pos,0 days 00:58:54.918000,0 days 01:54:31.526000
2024-05-19 14:02:11.792,OnTrack,-13919,-8919,857,pos,0 days 00:58:55.198000,0 days 01:54:31.806000
2024-05-19 14:02:12.172,OnTrack,-14109,-9094,863,pos,0 days 00:58:55.578000,0 days 01:54:32.186000
2024-05-19 14:02:12.552,OnTrack,-14302,-9285,871,pos,0 days 00:58:55.958000,0 days 01:54:32.566000
2024-05-19 14:02:12.852,OnTrack,-14373,-9356,874,pos,0 days 00:58:56.258000,0 days 01:54:32.866000
2024-05-19 14:02:13.072,OnTrack,-14472,-9453,879,pos,0 days 00:58:56.478000,0 days 01:54:33.086000
2024-05-19 14:02:13.372,OnTrack,-14603,-9574,885,pos,0 days 00:58:56.778000,0 days 01:54:33.386000
2024-05-19 14:02:13.553,OnTrack,-14711,-9680,890,pos,0 days 00:58:56.959000,0 days 01:54:33.567000
2024-05-19 14:02:13.832,OnTrack,-14769,-9742,892,pos,0 days 00:58:57.238000,0 days 01:54:33.846000
2024-05-19 14:02:14.051,OnTrack,-14829,-9816,896,pos,0 days 00:58:57.457000,0 days 01:54:34.065000
2024-05-19 14:02:14.271,OnTrack,-14871,-9887,898,pos,0 days 00:58:57.677000,0 days 01:54:34.285000
2024-05-19 14:02:14.531,OnTrack,-14904,-9971,901,pos,0 days 00:58:57.937000,0 days 01:54:34.545000
2024-05-19 14:02:14.692,OnTrack,-14913,-10021,902,pos,0 days 00:58:58.098000,0 days 01:54:34.706000
2024-05-19 14:02:14.871,OnTrack,-14915,-10076,905,pos,0 days 00:58:58.277000,0 days 01:54:34.885000
2024-05-19 14:02:15.232,OnTrack,-14882,-10195,911,pos,0 days 00:58:58.638000,0 days 01:54:35.246000
2024-05-19 14:02:15.492,OnTrack,-14851,-10243,914,pos,0 days 00:58:58.898000,0 days 01:54:35.506000
2024-05-19 14:02:15.792,OnTrack,-14793,-10300,919,pos,0 days 00:58:59.198000,0 days 01:54:35.806000
2024-05-19 14:02:15.951,OnTrack,-14758,-10324,921,pos,0 days 00:58:59.357000,0 days 01:54:35.965000
2024-05-19 14:02:16.171,OnTrack,-14706,-10352,923,pos,0 days 00:58:59.577000,0 days 01:54:36.185000
2024-05-19 14:02:16.471,OnTrack,-14592,-10386,929,pos,0 days 00:58:59.877000,0 days 01:54:36.485000
2024-05-19 14:02:16.711,OnTrack,-14564,-10390,930,pos,0 days 00:59:00.117000,0 days 01:54:36.725000
2024-05-19 14:02:16.912,OnTrack,-14507,-10395,934,pos,0 days 00:59:00.318000,0 days 01:54:36.926000
2024-05-19 14:02:17.252,OnTrack,-14407,-10393,939,pos,0 days 00:59:00.658000,0 days 01:54:37.266000
2024-05-19 14:02:17.492,OnTrack,-14332,-10387,942,pos,0 days 00:59:00.898000,0 days 01:54:37.506000
2024-05-19 14:02:17.692,OnTrack,-14224,-10372,947,pos,0 days 00:59:01.098000,0 days 01:54:37.706000
2024-05-19 14:02:18.032,OnTrack,-14143,-10359,951,pos,0 days 00:59:01.438000,0 days 01:54:38.046000
2024-05-19 14:02:18.212,OnTrack,-14073,-10346,954,pos,0 days 00:59:01.618000,0 days 01:54:38.226000
2024-05-19 14:02:18.512,OnTrack,-13895,-10310,962,pos,0 days 00:59:01.918000,0 days 01:54:38.526000
2024-05-19 14:02:18.852,OnTrack,-13793,-10289,966,pos,0 days 00:59:02.258000,0 days 01:54:38.866000
2024-05-19 14:02:19.032,OnTrack,-13705,-10271,970,pos,0 days 00:59:02.438000,0 days 01:54:39.046000
2024-05-19 14:02:19.212,OnTrack,-13541,-10239,977,pos,0 days 00:59:02.618000,0 days 01:54:39.226000
2024-05-19 14:02:19.592,OnTrack,-13411,-10216,982,pos,0 days 00:59:02.998000,0 days 01:54:39.606000
2024-05-19 14:02:19.793,OnTrack,-13299,-10196,986,pos,0 days 00:59:03.199000,0 days 01:54:39.807000
2024-05-19 14:02:20.012,OnTrack,-13172,-10173,991,pos,0 days 00:59:03.418000,0 days 01:54:40.026000
2024-05-19 14:02:20.331,OnTrack,-12944,-10134,998,pos,0 days 00:59:03.737000,0 days 01:54:40.345000
2024-05-19 14:02:20.711,OnTrack,-12743,-10104,1005,pos,0 days 00:59:04.117000,0 days 01:54:40.725000
2024-05-19 14:02:20.991,OnTrack,-12522,-10071,1012,pos,0 days 00:59:04.397000,0 days 01:54:41.005000
2024-05-19 14:02:21.311,OnTrack,-12349,-10046,1019,pos,0 days 00:59:04.717000,0 days 01:54:41.325000
2024-05-19 14:02:21.591,OnTrack,-12062,-10007,1035,pos,0 days 00:59:04.997000,0 days 01:54:41.605000
2024-05-19 14:02:21.931,OnTrack,-11922,-9988,1044,pos,0 days 00:59:05.337000,0 days 01:54:41.945000
2024-05-19 14:02:22.171,OnTrack,-11667,-9959,1061,pos,0 days 00:59:05.577000,0 days 01:54:42.185000
2024-05-19 14:02:22.532,OnTrack,-11509,-9942,1071,pos,0 days 00:59:05.938000,0 days 01:54:42.546000
2024-05-19 14:02:22.731,OnTrack,-11364,-9930,1081,pos,0 days 00:59:06.137000,0 days 01:54:42.745000
2024-05-19 14:02:22.932,OnTrack,-11218,-9922,1089,pos,0 days 00:59:06.338000,0 days 01:54:42.946000
2024-05-19 14:02:23.051,OnTrack,-11129,-9920,1094,pos,0 days 00:59:06.457000,0 days 01:54:43.065000
2024-05-19 14:02:23.291,OnTrack,-10951,-9918,1105,pos,0 days 00:59:06.697000,0 days 01:54:43.305000
2024-05-19 14:02:23.612,OnTrack,-10669,-9926,1118,pos,0 days 00:59:07.018000,0 days 01:54:43.626000
2024-05-19 14:02:24.012,OnTrack,-10415,-9948,1122,pos,0 days 00:59:07.418000,0 days 01:54:44.026000
2024-05-19 14:02:24.152,OnTrack,-10310,-9959,1122,pos,0 days 00:59:07.558000,0 days 01:54:44.166000
2024-05-19 14:02:24.472,OnTrack,-10025,-9992,1120,pos,0 days 00:59:07.878000,0 days 01:54:44.486000
2024-05-19 14:02:24.792,OnTrack,-9831,-10014,1119,pos,0 days 00:59:08.198000,0 days 01:54:44.806000
2024-05-19 14:02:25.032,OnTrack,-9651,-10035,1117,pos,0 days 00:59:08.438000,0 days 01:54:45.046000
2024-05-19 14:02:25.292,OnTrack,-9461,-10055,1116,pos,0 days 00:59:08.698000,0 days 01:54:45.306000
2024-05-19 14:02:25.452,OnTrack,-9353,-10065,1115,pos,0 days 00:59:08.858000,0 days 01:54:45.466000
2024-05-19 14:02:25.652,OnTrack,-9228,-10071,1114,pos,0 days 00:59:09.058000,0 days 01:54:45.666000
2024-05-19 14:02:25.832,OnTrack,-9148,-10069,1114,pos,0 days 00:59:09.238000,0 days 01:54:45.846000
2024-05-19 14:02:26.053,OnTrack,-9028,-10055,1114,pos,0 days 00:59:09.459000,0 days 01:54:46.067000
2024-05-19 14:02:26.252,OnTrack,-8925,-10025,1114,pos,0 days 00:59:09.658000,0 days 01:54:46.266000
2024-05-19 14:02:26.392,OnTrack,-8857,-9994,1114,pos,0 days 00:59:09.798000,0 days 01:54:46.406000
2024-05-19 14:02:26.552,OnTrack,-8784,-9949,1112,pos,0 days 00:59:09.958000,0 days 01:54:46.566000
2024-05-19 14:02:26.931,OnTrack,-8626,-9785,1106,pos,0 days 00:59:10.337000,0 days 01:54:46.945000
2024-05-19 14:02:27.331,OnTrack,-8507,-9573,1100,pos,0 days 00:59:10.737000,0 days 01:54:47.345000
2024-05-19 14:02:27.671,OnTrack,-8435,-9426,1095,pos,0 days 00:59:11.077000,0 days 01:54:47.685000
2024-05-19 14:02:27.831,OnTrack,-8395,-9339,1092,pos,0 days 00:59:11.237000,0 days 01:54:47.845000
2024-05-19 14:02:28.151,OnTrack,-8315,-9133,1085,pos,0 days 00:59:11.557000,0 days 01:54:48.165000
2024-05-19 14:02:28.512,OnTrack,-8258,-8885,1075,pos,0 days 00:59:11.918000,0 days 01:54:48.526000
2024-05-19 14:02:28.911,OnTrack,-8237,-8579,1059,pos,0 days 00:59:12.317000,0 days 01:54:48.925000
2024-05-19 14:02:29.392,OnTrack,-8254,-8321,1040,pos,0 days 00:59:12.798000,0 days 01:54:49.406000
2024-05-19 14:02:29.811,OnTrack,-8307,-7973,1008,pos,0 days 00:59:13.217000,0 days 01:54:49.825000
2024-05-19 14:02:30.071,OnTrack,-8327,-7874,999,pos,0 days 00:59:13.477000,0 days 01:54:50.085000
2024-05-19 14:02:30.371,OnTrack,-8375,-7659,983,pos,0 days 00:59:13.777000,0 days 01:54:50.385000
2024-05-19 14:02:30.592,OnTrack,-8421,-7456,969,pos,0 days 00:59:13.998000,0 days 01:54:50.606000
2024-05-19 14:02:30.872,OnTrack,-8458,-7296,959,pos,0 days 00:59:14.278000,0 days 01:54:50.886000
2024-05-19 14:02:31.152,OnTrack,-8505,-7090,949,pos,0 days 00:59:14.558000,0 days 01:54:51.166000
2024-05-19 14:02:31.332,OnTrack,-8535,-6958,941,pos,0 days 00:59:14.738000,0 days 01:54:51.346000
2024-05-19 14:02:31.692,OnTrack,-8614,-6603,923,pos,0 days 00:59:15.098000,0 days 01:54:51.706000
2024-05-19 14:02:31.932,OnTrack,-8632,-6515,919,pos,0 days 00:59:15.338000,0 days 01:54:51.946000
2024-05-19 14:02:32.192,OnTrack,-8654,-6340,911,pos,0 days 00:59:15.598000,0 days 01:54:52.206000
2024-05-19 14:02:32.372,OnTrack,-8649,-6219,905,pos,0 days 00:59:15.778000,0 days 01:54:52.386000
2024-05-19 14:02:32.572,OnTrack,-8619,-6084,901,pos,0 days 00:59:15.978000,0 days 01:54:52.586000
2024-05-19 14:02:32.912,OnTrack,-8512,-5840,897,pos,0 days 00:59:16.318000,0 days 01:54:52.926000
2024-05-19 14:02:33.172,OnTrack,-8446,-5722,896,pos,0 days 00:59:16.578000,0 days 01:54:53.186000
2024-05-19 14:02:33.412,OnTrack,-8378,-5607,897,pos,0 days 00:59:16.818000,0 days 01:54:53.426000
2024-05-19 14:02:33.732,OnTrack,-8270,-5459,901,pos,0 days 00:59:17.138000,0 days 01:54:53.746000
2024-05-19 14:02:34.111,OnTrack,-8184,-5380,904,pos,0 days 00:59:17.517000,0 days 01:54:54.125000
2024-05-19 14:02:34.311,OnTrack,-8121,-5347,906,pos,0 days 00:59:17.717000,0 days 01:54:54.325000
2024-05-19 14:02:34.532,OnTrack,-8046,-5327,909,pos,0 days 00:59:17.938000,0 days 01:54:54.546000
2024-05-19 14:02:34.691,OnTrack,-7954,-5329,917,pos,0 days 00:59:18.097000,0 days 01:54:54.705000
2024-05-19 14:02:35.052,OnTrack,-7862,-5347,925,pos,0 days 00:59:18.458000,0 days 01:54:55.066000
2024-05-19 14:02:35.312,OnTrack,-7772,-5371,933,pos,0 days 00:59:18.718000,0 days 01:54:55.326000
2024-05-19 14:02:35.451,OnTrack,-7723,-5385,938,pos,0 days 00:59:18.857000,0 days 01:54:55.465000
2024-05-19 14:02:35.632,OnTrack,-7657,-5401,943,pos,0 days 00:59:19.038000,0 days 01:54:55.646000
2024-05-19 14:02:35.872,OnTrack,-7566,-5419,951,pos,0 days 00:59:19.278000,0 days 01:54:55.886000
2024-05-19 14:02:36.071,OnTrack,-7485,-5430,959,pos,0 days 00:59:19.477000,0 days 01:54:56.085000
2024-05-19 14:02:36.351,OnTrack,-7367,-5439,969,pos,0 days 00:59:19.757000,0 days 01:54:56.365000
2024-05-19 14:02:36.492,OnTrack,-7304,-5442,975,pos,0 days 00:59:19.898000,0 days 01:54:56.506000
2024-05-19 14:02:36.752,OnTrack,-7180,-5443,985,pos,0 days 00:59:20.158000,0 days 01:54:56.766000
2024-05-19 14:02:36.911,OnTrack,-7102,-5443,991,pos,0 days 00:59:20.317000,0 days 01:54:56.925000
2024-05-19 14:02:37.212,OnTrack,-6946,-5442,1002,pos,0 days 00:59:20.618000,0 days 01:54:57.226000
2024-05-19 14:02:37.292,OnTrack,-6903,-5441,1004,pos,0 days 00:59:20.698000,0 days 01:54:57.306000
2024-05-19 14:02:37.532,OnTrack,-6772,-5440,1011,pos,0 days 00:59:20.938000,0 days 01:54:57.546000
2024-05-19 14:02:37.751,OnTrack,-6646,-5439,1018,pos,0 days 00:59:21.157000,0 days 01:54:57.765000
2024-05-19 14:02:37.991,OnTrack,-6506,-5438,1024,pos,0 days 00:59:21.397000,0 days 01:54:58.005000
2024-05-19 14:02:38.252,OnTrack,-6348,-5436,1030,pos,0 days 00:59:21.658000,0 days 01:54:58.266000
2024-05-19 14:02:38.452,OnTrack,-6223,-5435,1033,pos,0 days 00:59:21.858000,0 days 01:54:58.466000
2024-05-19 14:02:38.592,OnTrack,-6134,-5435,1035,pos,0 days 00:59:21.998000,0 days 01:54:58.606000
2024-05-19 14:02:38.812,OnTrack,-5994,-5433,1039,pos,0 days 00:59:22.218000,0 days 01:54:58.826000
2024-05-19 14:02:39.052,OnTrack,-5811,-5432,1045,pos,0 days 00:59:22.458000,0 days 01:54:59.066000
2024-05-19 14:02:39.372,OnTrack,-5622,-5430,1050,pos,0 days 00:59:22.778000,0 days 01:54:59.386000
2024-05-19 14:02:39.552,OnTrack,-5499,-5429,1053,pos,0 days 00:59:22.958000,0 days 01:54:59.566000
2024-05-19 14:02:39.732,OnTrack,-5373,-5427,1057,pos,0 days 00:59:23.138000,0 days 01:54:59.746000
2024-05-19 14:02:40.071,OnTrack,-5035,-5411,1068,pos,0 days 00:59:23.477000,0 days 01:55:00.085000
2024-05-19 14:02:40.411,OnTrack,-4893,-5398,1072,pos,0 days 00:59:23.817000,0 days 01:55:00.425000
2024-05-19 14:02:40.611,OnTrack,-4751,-5385,1075,pos,0 days 00:59:24.017000,0 days 01:55:00.625000
2024-05-19 14:02:40.851,OnTrack,-4478,-5362,1081,pos,0 days 00:59:24.257000,0 days 01:55:00.865000
2024-05-19 14:02:41.131,OnTrack,-4378,-5353,1082,pos,0 days 00:59:24.537000,0 days 01:55:01.145000
2024-05-19 14:02:41.372,OnTrack,-4205,-5339,1083,pos,0 days 00:59:24.778000,0 days 01:55:01.386000
2024-05-19 14:02:41.652,OnTrack,-3906,-5314,1085,pos,0 days 00:59:25.058000,0 days 01:55:01.666000
2024-05-19 14:02:41.991,OnTrack,-3775,-5303,1086,pos,0 days 00:59:25.397000,0 days 01:55:02.005000
2024-05-19 14:02:42.271,OnTrack,-3612,-5290,1087,pos,0 days 00:59:25.677000,0 days 01:55:02.285000
2024-05-19 14:02:42.512,OnTrack,-3487,-5281,1087,pos,0 days 00:59:25.918000,0 days 01:55:02.526000
2024-05-19 14:02:42.732,OnTrack,-3389,-5275,1089,pos,0 days 00:59:26.138000,0 days 01:55:02.746000
2024-05-19 14:02:42.891,OnTrack,-3285,-5273,1090,pos,0 days 00:59:26.297000,0 days 01:55:02.905000
2024-05-19 14:02:43.312,OnTrack,-3186,-5291,1092,pos,0 days 00:59:26.718000,0 days 01:55:03.326000
2024-05-19 14:02:43.512,OnTrack,-3129,-5327,1094,pos,0 days 00:59:26.918000,0 days 01:55:03.526000
2024-05-19 14:02:43.711,OnTrack,-3050,-5407,1096,pos,0 days 00:59:27.117000,0 days 01:55:03.725000
2024-05-19 14:02:44.212,OnTrack,-2962,-5496,1096,pos,0 days 00:59:27.618000,0 days 01:55:04.226000
2024-05-19 14:02:44.412,OnTrack,-2913,-5529,1096,pos,0 days 00:59:27.818000,0 days 01:55:04.426000
2024-05-19 14:02:44.652,OnTrack,-2851,-5555,1095,pos,0 days 00:59:28.058000,0 days 01:55:04.666000
2024-05-19 14:02:44.811,OnTrack,-2810,-5562,1095,pos,0 days 00:59:28.217000,0 days 01:55:04.825000
2024-05-19 14:02:44.992,OnTrack,-2738,-5557,1093,pos,0 days 00:59:28.398000,0 days 01:55:05.006000
2024-05-19 14:02:45.312,OnTrack,-2681,-5545,1092,pos,0 days 00:59:28.718000,0 days 01:55:05.326000
2024-05-19 14:02:45.552,OnTrack,-2619,-5527,1090,pos,0 days 00:59:28.958000,0 days 01:55:05.566000
2024-05-19 14:02:45.852,OnTrack,-2529,-5495,1088,pos,0 days 00:59:29.258000,0 days 01:55:05.866000
2024-05-19 14:02:46.272,OnTrack,-2409,-5445,1086,pos,0 days 00:59:29.678000,0 days 01:55:06.286000
2024-05-19 14:02:46.531,OnTrack,-2341,-5413,1084,pos,0 days 00:59:29.937000,0 days 01:55:06.545000
2024-05-19 14:02:46.731,OnTrack,-2273,-5379,1083,pos,0 days 00:59:30.137000,0 days 01:55:06.745000
2024-05-19 14:02:46.971,OnTrack,-2187,-5334,1081,pos,0 days 00:59:30.377000,0 days 01:55:06.985000
2024-05-19 14:02:47.251,OnTrack,-2020,-5247,1077,pos,0 days 00:59:30.657000,0 days 01:55:07.265000
2024-05-19 14:02:47.531,OnTrack,-1961,-5215,1076,pos,0 days 00:59:30.937000,0 days 01:55:07.545000
2024-05-19 14:02:47.872,OnTrack,-1811,-5136,1073,pos,0 days 00:59:31.278000,0 days 01:55:07.886000
2024-05-19 14:02:48.091,OnTrack,-1647,-5053,1069,pos,0 days 00:59:31.497000,0 days 01:55:08.105000
2024-05-19 14:02:48.472,OnTrack,-1497,-4981,1067,pos,0 days 00:59:31.878000,0 days 01:55:08.486000
2024-05-19 14:02:48.631,OnTrack,-1411,-4942,1065,pos,0 days 00:59:32.037000,0 days 01:55:08.645000
2024-05-19 14:02:48.851,OnTrack,-1291,-4888,1063,pos,0 days 00:59:32.257000,0 days 01:55:08.865000
2024-05-19 14:02:49.012,OnTrack,-1202,-4846,1061,pos,0 days 00:59:32.418000,0 days 01:55:09.026000
2024-05-19 14:02:49.312,OnTrack,-978,-4728,1057,pos,0 days 00:59:32.718000,0 days 01:55:09.326000
2024-05-19 14:02:49.752,OnTrack,-765,-4596,1051,pos,0 days 00:59:33.158000,0 days 01:55:09.766000
2024-05-19 14:02:50.052,OnTrack,-619,-4495,1047,pos,0 days 00:59:33.458000,0 days 01:55:10.066000
2024-05-19 14:02:50.272,OnTrack,-495,-4406,1043,pos,0 days 00:59:33.678000,0 days 01:55:10.286000
2024-05-19 14:02:50.592,OnTrack,-315,-4270,1038,pos,0 days 00:59:33.998000,0 days 01:55:10.606000
2024-05-19 14:02:50.672,OnTrack,-270,-4235,1036,pos,0 days 00:59:34.078000,0 days 01:55:10.686000
2024-05-19 14:02:50.912,OnTrack,-136,-4125,1032,pos,0 days 00:59:34.318000,0 days 01:55:10.926000
2024-05-19 14:02:51.152,OnTrack,-4,-4009,1029,pos,0 days 00:59:34.558000,0 days 01:55:11.166000
2024-05-19 14:02:51.351,OnTrack,210,-3798,1023,pos,0 days 00:59:34.757000,0 days 01:55:11.365000
2024-05-19 14:02:51.792,OnTrack,415,-3576,1016,pos,0 days 00:59:35.198000,0 days 01:55:11.806000
2024-05-19 14:02:52.092,OnTrack,517,-3463,1012,pos,0 days 00:59:35.498000,0 days 01:55:12.106000
2024-05-19 14:02:52.372,OnTrack,661,-3302,1003,pos,0 days 00:59:35.778000,0 days 01:55:12.386000
2024-05-19 14:02:52.572,OnTrack,765,-3187,997,pos,0 days 00:59:35.978000,0 days 01:55:12.586000
2024-05-19 14:02:52.712,OnTrack,839,-3105,992,pos,0 days 00:59:36.118000,0 days 01:55:12.726000
2024-05-19 14:02:53.033,OnTrack,1009,-2917,979,pos,0 days 00:59:36.439000,0 days 01:55:13.047000
2024-05-19 14:02:53.272,OnTrack,1138,-2775,968,pos,0 days 00:59:36.678000,0 days 01:55:13.286000
2024-05-19 14:02:53.351,OnTrack,1181,-2727,964,pos,0 days 00:59:36.757000,0 days 01:55:13.365000
2024-05-19 14:02:53.671,OnTrack,1358,-2537,949,pos,0 days 00:59:37.077000,0 days 01:55:13.685000
2024-05-19 14:02:53.872,OnTrack,1509,-2393,935,pos,0 days 00:59:37.278000,0 days 01:55:13.886000
2024-05-19 14:02:54.152,OnTrack,1661,-2276,921,pos,0 days 00:59:37.558000,0 days 01:55:14.166000
2024-05-19 14:02:54.351,OnTrack,1805,-2186,911,pos,0 days 00:59:37.757000,0 days 01:55:14.365000
2024-05-19 14:02:54.571,OnTrack,1965,-2109,898,pos,0 days 00:59:37.977000,0 days 01:55:14.585000
2024-05-19 14:02:54.811,OnTrack,2151,-2033,884,pos,0 days 00:59:38.217000,0 days 01:55:14.825000
2024-05-19 14:02:55.051,OnTrack,2328,-1962,870,pos,0 days 00:59:38.457000,0 days 01:55:15.065000
2024-05-19 14:02:55.252,OnTrack,2464,-1907,860,pos,0 days 00:59:38.658000,0 days 01:55:15.266000
2024-05-19 14:02:55.572,OnTrack,2689,-1815,843,pos,0 days 00:59:38.978000,0 days 01:55:15.586000
2024-05-19 14:02:55.971,OnTrack,2885,-1734,829,pos,0 days 00:59:39.377000,0 days 01:55:15.985000
2024-05-19 14:02:56.231,OnTrack,2967,-1695,824,pos,0 days 00:59:39.637000,0 days 01:55:16.245000
2024-05-19 14:02:56.511,OnTrack,3059,-1637,818,pos,0 days 00:59:39.917000,0 days 01:55:16.525000
2024-05-19 14:02:56.731,OnTrack,3113,-1583,814,pos,0 days 00:59:40.137000,0 days 01:55:16.745000
2024-05-19 14:02:56.932,OnTrack,3151,-1528,811,pos,0 days 00:59:40.338000,0 days 01:55:16.946000
2024-05-19 14:02:57.192,OnTrack,3180,-1448,808,pos,0 days 00:59:40.598000,0 days 01:55:17.206000
2024-05-19 14:02:57.352,OnTrack,3189,-1396,806,pos,0 days 00:59:40.758000,0 days 01:55:17.366000
2024-05-19 14:02:57.572,OnTrack,3186,-1301,802,pos,0 days 00:59:40.978000,0 days 01:55:17.586000
2024-05-19 14:02:57.852,OnTrack,3175,-1238,800,pos,0 days 00:59:41.258000,0 days 01:55:17.866000
2024-05-19 14:02:58.212,OnTrack,3132,-1084,796,pos,0 days 00:59:41.618000,0 days 01:55:18.226000
2024-05-19 14:02:58.472,OnTrack,3117,-1038,795,pos,0 days 00:59:41.878000,0 days 01:55:18.486000
2024-05-19 14:02:58.713,OnTrack,3088,-955,794,pos,0 days 00:59:42.119000,0 days 01:55:18.727000
2024-05-19 14:02:58.932,OnTrack,3058,-877,793,pos,0 days 00:59:42.338000,0 days 01:55:18.946000
2024-05-19 14:02:59.132,OnTrack,3000,-749,792,pos,0 days 00:59:42.538000,0 days 01:55:19.146000
2024-05-19 14:02:59.612,OnTrack,2925,-617,790,pos,0 days 00:59:43.018000,0 days 01:55:19.626000
2024-05-19 14:02:59.771,OnTrack,2886,-562,789,pos,0 days 00:59:43.177000,0 days 01:55:19.785000
2024-05-19 14:02:59.991,OnTrack,2825,-496,789,pos,0 days 00:59:43.397000,0 days 01:55:20.005000
2024-05-19 14:03:00.171,OnTrack,2729,-428,788,pos,0 days 00:59:43.577000,0 days 01:55:20.185000
2024-05-19 14:03:00.672,OnTrack,2570,-372,786,pos,0 days 00:59:44.078000,0 days 01:55:20.686000
2024-05-19 14:03:00.972,OnTrack,2481,-361,786,pos,0 days 00:59:44.378000,0 days 01:55:20.986000
2024-05-19 14:03:01.232,OnTrack,2383,-360,786,pos,0 days 00:59:44.638000,0 days 01:55:21.246000
2024-05-19 14:03:01.391,OnTrack,2322,-366,786,pos,0 days 00:59:44.797000,0 days 01:55:21.405000
2024-05-19 14:03:01.712,OnTrack,2199,-392,784,pos,0 days 00:59:45.118000,0 days 01:55:21.726000
2024-05-19 14:03:01.911,OnTrack,2120,-419,783,pos,0 days 00:59:45.317000,0 days 01:55:21.925000
2024-05-19 14:03:02.052,OnTrack,2064,-443,782,pos,0 days 00:59:45.458000,0 days 01:55:22.066000
2024-05-19 14:03:02.211,OnTrack,1998,-473,782,pos,0 days 00:59:45.617000,0 days 01:55:22.225000
2024-05-19 14:03:02.532,OnTrack,1861,-537,780,pos,0 days 00:59:45.938000,0 days 01:55:22.546000
2024-05-19 14:03:02.711,OnTrack,1793,-568,780,pos,0 days 00:59:46.117000,0 days 01:55:22.725000
2024-05-19 14:03:02.972,OnTrack,1669,-625,778,pos,0 days 00:59:46.378000,0 days 01:55:22.986000
2024-05-19 14:03:03.031,OnTrack,1640,-638,778,pos,0 days 00:59:46.437000,0 days 01:55:23.045000
2024-05-19 14:03:03.232,OnTrack,1540,-683,778,pos,0 days 00:59:46.638000,0 days 01:55:23.246000
2024-05-19 14:03:03.492,OnTrack,1405,-744,778,pos,0 days 00:59:46.898000,0 days 01:55:23.506000
2024-05-19 14:03:03.672,OnTrack,1309,-788,778,pos,0 days 00:59:47.078000,0 days 01:55:23.686000
2024-05-19 14:03:04.012,OnTrack,1039,-910,778,pos,0 days 00:59:47.418000,0 days 01:55:24.026000
2024-05-19 14:03:04.411,OnTrack,887,-978,779,pos,0 days 00:59:47.817000,0 days 01:55:24.425000
2024-05-19 14:03:04.532,OnTrack,816,-1009,779,pos,0 days 00:59:47.938000,0 days 01:55:24.546000
2024-05-19 14:03:04.812,OnTrack,643,-1081,779,pos,0 days 00:59:48.218000,0 days 01:55:24.826000
2024-05-19 14:03:04.992,OnTrack,530,-1128,780,pos,0 days 00:59:48.398000,0 days 01:55:25.006000
2024-05-19 14:03:05.172,OnTrack,416,-1176,780,pos,0 days 00:59:48.578000,0 days 01:55:25.186000
2024-05-19 14:03:05.352,OnTrack,208,-1264,781,pos,0 days 00:59:48.758000,0 days 01:55:25.366000
2024-05-19 14:03:05.813,OnTrack,-2,-1352,781,pos,0 days 00:59:49.219000,0 days 01:55:25.827000
2024-05-19 14:03:05.892,OnTrack,-56,-1374,781,pos,0 days 00:59:49.298000,0 days 01:55:25.906000
2024-05-19 14:03:06.172,OnTrack,-248,-1446,782,pos,0 days 00:59:49.578000,0 days 01:55:26.186000
2024-05-19 14:03:06.332,OnTrack,-360,-1482,782,pos,0 days 00:59:49.738000,0 days 01:55:26.346000
2024-05-19 14:03:06.691,OnTrack,-725,-1563,783,pos,0 days 00:59:50.097000,0 days 01:55:26.705000
2024-05-19 14:03:07.011,OnTrack,-865,-1577,783,pos,0 days 00:59:50.417000,0 days 01:55:27.025000
2024-05-19 14:03:07.172,OnTrack,-1033,-1587,784,pos,0 days 00:59:50.578000,0 days 01:55:27.186000
2024-05-19 14:03:07.391,OnTrack,-1207,-1592,785,pos,0 days 00:59:50.797000,0 days 01:55:27.405000
2024-05-19 14:03:07.671,OnTrack,-1465,-1603,786,pos,0 days 00:59:51.077000,0 days 01:55:27.685000
2024-05-19 14:03:08.012,OnTrack,-1672,-1615,786,pos,0 days 00:59:51.418000,0 days 01:55:28.026000
2024-05-19 14:03:08.312,OnTrack,-1914,-1629,787,pos,0 days 00:59:51.718000,0 days 01:55:28.326000
2024-05-19 14:03:08.552,OnTrack,-2158,-1642,788,pos,0 days 00:59:51.958000,0 days 01:55:28.566000
2024-05-19 14:03:08.812,OnTrack,-2322,-1651,789,pos,0 days 00:59:52.218000,0 days 01:55:28.826000
2024-05-19 14:03:09.031,OnTrack,-2503,-1662,790,pos,0 days 00:59:52.437000,0 days 01:55:29.045000
2024-05-19 14:03:09.332,OnTrack,-2751,-1672,791,pos,0 days 00:59:52.738000,0 days 01:55:29.346000
2024-05-19 14:03:09.591,OnTrack,-2969,-1678,792,pos,0 days 00:59:52.997000,0 days 01:55:29.605000
2024-05-19 14:03:09.811,OnTrack,-3187,-1686,793,pos,0 days 00:59:53.217000,0 days 01:55:29.825000
2024-05-19 14:03:10.091,OnTrack,-3389,-1693,794,pos,0 days 00:59:53.497000,0 days 01:55:30.105000
2024-05-19 14:03:10.272,OnTrack,-3541,-1696,794,pos,0 days 00:59:53.678000,0 days 01:55:30.286000
2024-05-19 14:03:11.192,OnTrack,-4321,-1599,798,pos,0 days 00:59:54.598000,0 days 01:55:31.206000
2024-05-19 14:03:11.491,OnTrack,-4575,-1540,800,pos,0 days 00:59:54.897000,0 days 01:55:31.505000
2024-05-19 14:03:11.672,OnTrack,-4727,-1503,801,pos,0 days 00:59:55.078000,0 days 01:55:31.686000
2024-05-19 14:03:11.892,OnTrack,-5014,-1432,803,pos,0 days 00:59:55.298000,0 days 01:55:31.906000
2024-05-19 14:03:12.192,OnTrack,-5166,-1395,804,pos,0 days 00:59:55.598000,0 days 01:55:32.206000
2024-05-19 14:03:12.432,OnTrack,-5489,-1321,807,pos,0 days 00:59:55.838000,0 days 01:55:32.446000
2024-05-19 14:03:12.772,OnTrack,-5660,-1289,809,pos,0 days 00:59:56.178000,0 days 01:55:32.786000
2024-05-19 14:03:12.991,OnTrack,-5850,-1262,810,pos,0 days 00:59:56.397000,0 days 01:55:33.005000
2024-05-19 14:03:13.271,OnTrack,-6094,-1241,812,pos,0 days 00:59:56.677000,0 days 01:55:33.285000
2024-05-19 14:03:13.472,OnTrack,-6375,-1231,814,pos,0 days 00:59:56.878000,0 days 01:55:33.486000
2024-05-19 14:03:13.851,OnTrack,-6604,-1230,815,pos,0 days 00:59:57.257000,0 days 01:55:33.865000
2024-05-19 14:03:14.131,OnTrack,-6850,-1232,816,pos,0 days 00:59:57.537000,0 days 01:55:34.145000
2024-05-19 14:03:14.371,OnTrack,-7132,-1241,817,pos,0 days 00:59:57.777000,0 days 01:55:34.385000
2024-05-19 14:03:14.772,OnTrack,-7414,-1260,818,pos,0 days 00:59:58.178000,0 days 01:55:34.786000
2024-05-19 14:03:14.971,OnTrack,-7677,-1285,818,pos,0 days 00:59:58.377000,0 days 01:55:34.985000
2024-05-19 14:03:15.291,OnTrack,-7871,-1307,818,pos,0 days 00:59:58.697000,0 days 01:55:35.305000
2024-05-19 14:03:15.592,OnTrack,-8263,-1357,819,pos,0 days 00:59:58.998000,0 days 01:55:35.606000
2024-05-19 14:03:15.992,OnTrack,-8561,-1398,819,pos,0 days 00:59:59.398000,0 days 01:55:36.006000
2024-05-19 14:03:16.232,OnTrack,-8772,-1427,819,pos,0 days 00:59:59.638000,0 days 01:55:36.246000
2024-05-19 14:03:16.412,OnTrack,-8982,-1458,819,pos,0 days 00:59:59.818000,0 days 01:55:36.426000
2024-05-19 14:03:16.812,OnTrack,-9275,-1513,819,pos,0 days 01:00:00.218000,0 days 01:55:36.826000
2024-05-19 14:03:17.032,OnTrack,-9452,-1561,819,pos,0 days 01:00:00.438000,0 days 01:55:37.046000
2024-05-19 14:03:17.112,OnTrack,-9512,-1579,819,pos,0 days 01:00:00.518000,0 days 01:55:37.126000
2024-05-19 14:03:17.292,OnTrack,-9640,-1620,819,pos,0 days 01:00:00.698000,0 days 01:55:37.306000
2024-05-19 14:03:17.512,OnTrack,-9782,-1665,819,pos,0 days 01:00:00.918000,0 days 01:55:37.526000
2024-05-19 14:03:17.812,OnTrack,-9951,-1718,818,pos,0 days 01:00:01.218000,0 days 01:55:37.826000
2024-05-19 14:03:18.012,OnTrack,-10051,-1749,819,pos,0 days 01:00:01.418000,0 days 01:55:38.026000
2024-05-19 14:03:18.152,OnTrack,-10119,-1770,818,pos,0 days 01:00:01.558000,0 days 01:55:38.166000
2024-05-19 14:03:18.352,OnTrack,-10204,-1802,818,pos,0 days 01:00:01.758000,0 days 01:55:38.366000
2024-05-19 14:03:18.632,OnTrack,-10295,-1863,818,pos,0 days 01:00:02.038000,0 days 01:55:38.646000
2024-05-19 14:03:18.832,OnTrack,-10368,-1971,818,pos,0 days 01:00:02.238000,0 days 01:55:38.846000
2024-05-19 14:03:19.292,OnTrack,-10427,-2169,819,pos,0 days 01:00:02.698000,0 days 01:55:39.306000
2024-05-19 14:03:19.692,OnTrack,-10493,-2326,819,pos,0 days 01:00:03.098000,0 days 01:55:39.706000
2024-05-19 14:03:20.071,OnTrack,-10557,-2414,818,pos,0 days 01:00:03.477000,0 days 01:55:40.085000
2024-05-19 14:03:20.171,OnTrack,-10590,-2448,818,pos,0 days 01:00:03.577000,0 days 01:55:40.185000
2024-05-19 14:03:20.451,OnTrack,-10741,-2563,819,pos,0 days 01:00:03.857000,0 days 01:55:40.465000
2024-05-19 14:03:20.832,OnTrack,-10850,-2630,820,pos,0 days 01:00:04.238000,0 days 01:55:40.846000
2024-05-19 14:03:21.011,OnTrack,-10927,-2675,821,pos,0 days 01:00:04.417000,0 days 01:55:41.025000
2024-05-19 14:03:21.271,OnTrack,-11042,-2741,821,pos,0 days 01:00:04.677000,0 days 01:55:41.285000
2024-05-19 14:03:21.531,OnTrack,-11162,-2811,822,pos,0 days 01:00:04.937000,0 days 01:55:41.545000
2024-05-19 14:03:21.712,OnTrack,-11247,-2861,823,pos,0 days 01:00:05.118000,0 days 01:55:41.726000
2024-05-19 14:03:21.952,OnTrack,-11384,-2946,824,pos,0 days 01:00:05.358000,0 days 01:55:41.966000
2024-05-19 14:03:22.192,OnTrack,-11479,-3015,825,pos,0 days 01:00:05.598000,0 days 01:55:42.206000
2024-05-19 14:03:22.392,OnTrack,-11569,-3094,825,pos,0 days 01:00:05.798000,0 days 01:55:42.406000
2024-05-19 14:03:22.752,OnTrack,-11703,-3268,825,pos,0 days 01:00:06.158000,0 days 01:55:42.766000
2024-05-19 14:03:22.952,OnTrack,-11796,-3459,826,pos,0 days 01:00:06.358000,0 days 01:55:42.966000
2024-05-19 14:03:23.292,OnTrack,-11844,-3582,827,pos,0 days 01:00:06.698000,0 days 01:55:43.306000
2024-05-19 14:03:23.471,OnTrack,-11886,-3695,827,pos,0 days 01:00:06.877000,0 days 01:55:43.485000
2024-05-19 14:03:23.772,OnTrack,-11972,-3924,828,pos,0 days 01:00:07.178000,0 days 01:55:43.786000
2024-05-19 14:03:24.192,OnTrack,-12060,-4159,829,pos,0 days 01:00:07.598000,0 days 01:55:44.206000
2024-05-19 14:03:24.271,OnTrack,-12080,-4212,829,pos,0 days 01:00:07.677000,0 days 01:55:44.285000
2024-05-19 14:03:24.512,OnTrack,-12140,-4372,830,pos,0 days 01:00:07.918000,0 days 01:55:44.526000
2024-05-19 14:03:24.772,OnTrack,-12207,-4548,830,pos,0 days 01:00:08.178000,0 days 01:55:44.786000
2024-05-19 14:03:24.972,OnTrack,-12258,-4686,830,pos,0 days 01:00:08.378000,0 days 01:55:44.986000
2024-05-19 14:03:25.212,OnTrack,-12321,-4853,831,pos,0 days 01:00:08.618000,0 days 01:55:45.226000
2024-05-19 14:03:25.312,OnTrack,-12348,-4923,831,pos,0 days 01:00:08.718000,0 days 01:55:45.326000
2024-05-19 14:03:25.552,OnTrack,-12411,-5093,832,pos,0 days 01:00:08.958000,0 days 01:55:45.566000
2024-05-19 14:03:25.752,OnTrack,-12465,-5236,832,pos,0 days 01:00:09.158000,0 days 01:55:45.766000
2024-05-19 14:03:26.032,OnTrack,-12578,-5538,833,pos,0 days 01:00:09.438000,0 days 01:55:46.046000
2024-05-19 14:03:26.451,OnTrack,-12655,-5742,833,pos,0 days 01:00:09.857000,0 days 01:55:46.465000
2024-05-19 14:03:26.671,OnTrack,-12726,-5931,833,pos,0 days 01:00:10.077000,0 days 01:55:46.685000
2024-05-19 14:03:26.931,OnTrack,-12787,-6092,834,pos,0 days 01:00:10.337000,0 days 01:55:46.945000
2024-05-19 14:03:27.271,OnTrack,-12887,-6338,835,pos,0 days 01:00:10.677000,0 days 01:55:47.285000
2024-05-19 14:03:27.491,OnTrack,-12978,-6555,835,pos,0 days 01:00:10.897000,0 days 01:55:47.505000
2024-05-19 14:03:27.771,OnTrack,-13039,-6699,836,pos,0 days 01:00:11.177000,0 days 01:55:47.785000
2024-05-19 14:03:27.971,OnTrack,-13095,-6839,836,pos,0 days 01:00:11.377000,0 days 01:55:47.985000
2024-05-19 14:03:28.311,OnTrack,-13155,-7061,837,pos,0 days 01:00:11.717000,0 days 01:55:48.325000
2024-05-19 14:03:28.551,OnTrack,-13162,-7213,838,pos,0 days 01:00:11.957000,0 days 01:55:48.565000
2024-05-19 14:03:28.752,OnTrack,-13143,-7388,839,pos,0 days 01:00:12.158000,0 days 01:55:48.766000
2024-05-19 14:03:28.992,OnTrack,-13124,-7485,840,pos,0 days 01:00:12.398000,0 days 01:55:49.006000
2024-05-19 14:03:29.312,OnTrack,-13063,-7740,842,pos,0 days 01:00:12.718000,0 days 01:55:49.326000
2024-05-19 14:03:29.772,OnTrack,-13024,-7958,843,pos,0 days 01:00:13.178000,0 days 01:55:49.786000
2024-05-19 14:03:30.192,OnTrack,-13049,-8124,845,pos,0 days 01:00:13.598000,0 days 01:55:50.206000
2024-05-19 14:03:30.511,OnTrack,-13092,-8198,846,pos,0 days 01:00:13.917000,0 days 01:55:50.525000
2024-05-19 14:03:30.672,OnTrack,-13140,-8253,846,pos,0 days 01:00:14.078000,0 days 01:55:50.686000
2024-05-19 14:03:30.952,OnTrack,-13237,-8340,847,pos,0 days 01:00:14.358000,0 days 01:55:50.966000
2024-05-19 14:03:31.132,OnTrack,-13298,-8394,848,pos,0 days 01:00:14.538000,0 days 01:55:51.146000
2024-05-19 14:03:31.412,OnTrack,-13393,-8474,849,pos,0 days 01:00:14.818000,0 days 01:55:51.426000
2024-05-19 14:03:31.612,OnTrack,-13490,-8557,850,pos,0 days 01:00:15.018000,0 days 01:55:51.626000
2024-05-19 14:03:32.052,OnTrack,-13623,-8669,852,pos,0 days 01:00:15.458000,0 days 01:55:52.066000
2024-05-19 14:03:32.152,OnTrack,-13661,-8702,853,pos,0 days 01:00:15.558000,0 days 01:55:52.166000
2024-05-19 14:03:32.452,OnTrack,-13780,-8803,855,pos,0 days 01:00:15.858000,0 days 01:55:52.466000
2024-05-19 14:03:32.711,OnTrack,-13889,-8893,857,pos,0 days 01:00:16.117000,0 days 01:55:52.725000
2024-05-19 14:03:32.891,OnTrack,-13966,-8960,859,pos,0 days 01:00:16.297000,0 days 01:55:52.905000
2024-05-19 14:03:33.072,OnTrack,-14032,-9020,860,pos,0 days 01:00:16.478000,0 days 01:55:53.086000
2024-05-19 14:03:33.312,OnTrack,-14129,-9114,863,pos,0 days 01:00:16.718000,0 days 01:55:53.326000
2024-05-19 14:03:33.471,OnTrack,-14256,-9239,869,pos,0 days 01:00:16.877000,0 days 01:55:53.485000
2024-05-19 14:03:33.951,OnTrack,-14462,-9444,878,pos,0 days 01:00:17.357000,0 days 01:55:53.965000
2024-05-19 14:03:34.291,OnTrack,-14550,-9525,883,pos,0 days 01:00:17.697000,0 days 01:55:54.305000
2024-05-19 14:03:34.491,OnTrack,-14677,-9646,888,pos,0 days 01:00:17.897000,0 days 01:55:54.505000
2024-05-19 14:03:34.851,OnTrack,-14757,-9728,892,pos,0 days 01:00:18.257000,0 days 01:55:54.865000
2024-05-19 14:03:35.131,OnTrack,-14828,-9816,896,pos,0 days 01:00:18.537000,0 days 01:55:55.145000
2024-05-19 14:03:35.431,OnTrack,-14897,-9947,900,pos,0 days 01:00:18.837000,0 days 01:55:55.445000
2024-05-19 14:03:35.772,OnTrack,-14912,-10015,902,pos,0 days 01:00:19.178000,0 days 01:55:55.786000
2024-05-19 14:03:36.052,OnTrack,-14905,-10139,908,pos,0 days 01:00:19.458000,0 days 01:55:56.066000
2024-05-19 14:03:36.372,OnTrack,-14886,-10187,911,pos,0 days 01:00:19.778000,0 days 01:55:56.386000
2024-05-19 14:03:36.491,OnTrack,-14869,-10216,913,pos,0 days 01:00:19.897000,0 days 01:55:56.505000
2024-05-19 14:03:36.771,OnTrack,-14821,-10275,916,pos,0 days 01:00:20.177000,0 days 01:55:56.785000
2024-05-19 14:03:37.051,OnTrack,-14763,-10321,921,pos,0 days 01:00:20.457000,0 days 01:55:57.065000
2024-05-19 14:03:37.272,OnTrack,-14713,-10349,923,pos,0 days 01:00:20.678000,0 days 01:55:57.286000
2024-05-19 14:03:37.472,OnTrack,-14664,-10369,925,pos,0 days 01:00:20.878000,0 days 01:55:57.486000
2024-05-19 14:03:37.512,OnTrack,-14653,-10372,925,pos,0 days 01:00:20.918000,0 days 01:55:57.526000
2024-05-19 14:03:37.792,OnTrack,-14579,-10388,929,pos,0 days 01:00:21.198000,0 days 01:55:57.806000
2024-05-19 14:03:37.972,OnTrack,-14528,-10393,933,pos,0 days 01:00:21.378000,0 days 01:55:57.986000
2024-05-19 14:03:38.232,OnTrack,-14452,-10395,936,pos,0 days 01:00:21.638000,0 days 01:55:58.246000
2024-05-19 14:03:38.372,OnTrack,-14410,-10394,939,pos,0 days 01:00:21.778000,0 days 01:55:58.386000
2024-05-19 14:03:38.612,OnTrack,-14335,-10387,942,pos,0 days 01:00:22.018000,0 days 01:55:58.626000
2024-05-19 14:03:38.792,OnTrack,-14290,-10381,944,pos,0 days 01:00:22.198000,0 days 01:55:58.806000
2024-05-19 14:03:38.972,OnTrack,-14227,-10373,947,pos,0 days 01:00:22.378000,0 days 01:55:58.986000
2024-05-19 14:03:39.212,OnTrack,-14139,-10358,951,pos,0 days 01:00:22.618000,0 days 01:55:59.226000
2024-05-19 14:03:39.391,OnTrack,-14070,-10345,954,pos,0 days 01:00:22.797000,0 days 01:55:59.405000
2024-05-19 14:03:39.611,OnTrack,-13978,-10327,958,pos,0 days 01:00:23.017000,0 days 01:55:59.625000
2024-05-19 14:03:39.812,OnTrack,-13891,-10309,962,pos,0 days 01:00:23.218000,0 days 01:55:59.826000
2024-05-19 14:03:40.051,OnTrack,-13780,-10286,967,pos,0 days 01:00:23.457000,0 days 01:56:00.065000
2024-05-19 14:03:40.231,OnTrack,-13692,-10268,971,pos,0 days 01:00:23.637000,0 days 01:56:00.245000
2024-05-19 14:03:40.511,OnTrack,-13549,-10241,977,pos,0 days 01:00:23.917000,0 days 01:56:00.525000
2024-05-19 14:03:40.692,OnTrack,-13452,-10223,980,pos,0 days 01:00:24.098000,0 days 01:56:00.706000
2024-05-19 14:03:40.871,OnTrack,-13352,-10205,984,pos,0 days 01:00:24.277000,0 days 01:56:00.885000
2024-05-19 14:03:41.131,OnTrack,-13204,-10179,990,pos,0 days 01:00:24.537000,0 days 01:56:01.145000
2024-05-19 14:03:41.371,OnTrack,-13061,-10154,995,pos,0 days 01:00:24.777000,0 days 01:56:01.385000
2024-05-19 14:03:41.631,OnTrack,-12902,-10128,1000,pos,0 days 01:00:25.037000,0 days 01:56:01.645000
2024-05-19 14:03:41.752,OnTrack,-12826,-10117,1002,pos,0 days 01:00:25.158000,0 days 01:56:01.766000
2024-05-19 14:03:42.052,OnTrack,-12608,-10083,1009,pos,0 days 01:00:25.458000,0 days 01:56:02.066000
2024-05-19 14:03:42.292,OnTrack,-12476,-10064,1014,pos,0 days 01:00:25.698000,0 days 01:56:02.306000
2024-05-19 14:03:42.552,OnTrack,-12301,-10040,1021,pos,0 days 01:00:25.958000,0 days 01:56:02.566000
2024-05-19 14:03:42.791,OnTrack,-12136,-10017,1030,pos,0 days 01:00:26.197000,0 days 01:56:02.805000
2024-05-19 14:03:43.011,OnTrack,-11884,-9983,1047,pos,0 days 01:00:26.417000,0 days 01:56:03.025000
2024-05-19 14:03:43.432,OnTrack,-11683,-9960,1060,pos,0 days 01:00:26.838000,0 days 01:56:03.446000
2024-05-19 14:03:43.652,OnTrack,-11422,-9935,1077,pos,0 days 01:00:27.058000,0 days 01:56:03.666000
2024-05-19 14:03:43.972,OnTrack,-11290,-9926,1085,pos,0 days 01:00:27.378000,0 days 01:56:03.986000
2024-05-19 14:03:44.292,OnTrack,-10980,-9918,1103,pos,0 days 01:00:27.698000,0 days 01:56:04.306000
2024-05-19 14:03:44.713,OnTrack,-10741,-9923,1115,pos,0 days 01:00:28.119000,0 days 01:56:04.727000
2024-05-19 14:03:44.872,OnTrack,-10622,-9930,1119,pos,0 days 01:00:28.278000,0 days 01:56:04.886000
2024-05-19 14:03:45.112,OnTrack,-10442,-9945,1122,pos,0 days 01:00:28.518000,0 days 01:56:05.126000
2024-05-19 14:03:45.332,OnTrack,-10277,-9963,1122,pos,0 days 01:00:28.738000,0 days 01:56:05.346000
2024-05-19 14:03:45.572,OnTrack,-10097,-9984,1121,pos,0 days 01:00:28.978000,0 days 01:56:05.586000
2024-05-19 14:03:45.752,OnTrack,-9962,-9999,1120,pos,0 days 01:00:29.158000,0 days 01:56:05.766000
2024-05-19 14:03:45.991,OnTrack,-9706,-10029,1118,pos,0 days 01:00:29.397000,0 days 01:56:06.005000
2024-05-19 14:03:46.291,OnTrack,-9559,-10045,1117,pos,0 days 01:00:29.697000,0 days 01:56:06.305000
2024-05-19 14:03:46.591,OnTrack,-9351,-10065,1115,pos,0 days 01:00:29.997000,0 days 01:56:06.605000
2024-05-19 14:03:46.851,OnTrack,-9160,-10070,1114,pos,0 days 01:00:30.257000,0 days 01:56:06.865000
2024-05-19 14:03:47.172,OnTrack,-9015,-10052,1114,pos,0 days 01:00:30.578000,0 days 01:56:07.186000
2024-05-19 14:03:47.391,OnTrack,-8901,-10015,1114,pos,0 days 01:00:30.797000,0 days 01:56:07.405000
2024-05-19 14:03:47.591,OnTrack,-8804,-9963,1113,pos,0 days 01:00:30.997000,0 days 01:56:07.605000
2024-05-19 14:03:47.772,OnTrack,-8728,-9904,1110,pos,0 days 01:00:31.178000,0 days 01:56:07.786000
2024-05-19 14:03:47.972,OnTrack,-8654,-9824,1107,pos,0 days 01:00:31.378000,0 days 01:56:07.986000
2024-05-19 14:03:48.231,OnTrack,-8574,-9700,1104,pos,0 days 01:00:31.637000,0 days 01:56:08.245000
2024-05-19 14:03:48.491,OnTrack,-8504,-9566,1100,pos,0 days 01:00:31.897000,0 days 01:56:08.505000
2024-05-19 14:03:48.691,OnTrack,-8452,-9462,1096,pos,0 days 01:00:32.097000,0 days 01:56:08.705000
2024-05-19 14:03:48.872,OnTrack,-8406,-9366,1093,pos,0 days 01:00:32.278000,0 days 01:56:08.886000
2024-05-19 14:03:49.092,OnTrack,-8337,-9197,1087,pos,0 days 01:00:32.498000,0 days 01:56:09.106000
2024-05-19 14:03:49.472,OnTrack,-8284,-9018,1081,pos,0 days 01:00:32.878000,0 days 01:56:09.486000
2024-05-19 14:03:49.571,OnTrack,-8270,-8955,1079,pos,0 days 01:00:32.977000,0 days 01:56:09.585000
2024-05-19 14:03:49.892,OnTrack,-8238,-8653,1063,pos,0 days 01:00:33.298000,0 days 01:56:09.906000
2024-05-19 14:03:50.292,OnTrack,-8241,-8476,1052,pos,0 days 01:00:33.698000,0 days 01:56:10.306000
2024-05-19 14:03:50.532,OnTrack,-8255,-8315,1041,pos,0 days 01:00:33.938000,0 days 01:56:10.546000
2024-05-19 14:03:50.772,OnTrack,-8274,-8163,1026,pos,0 days 01:00:34.178000,0 days 01:56:10.786000
2024-05-19 14:03:50.852,OnTrack,-8283,-8107,1020,pos,0 days 01:00:34.258000,0 days 01:56:10.866000
2024-05-19 14:03:51.012,OnTrack,-8303,-7993,1010,pos,0 days 01:00:34.418000,0 days 01:56:11.026000
2024-05-19 14:03:51.212,OnTrack,-8331,-7851,997,pos,0 days 01:00:34.618000,0 days 01:56:11.226000
2024-05-19 14:03:51.513,OnTrack,-8380,-7636,981,pos,0 days 01:00:34.919000,0 days 01:56:11.527000
2024-05-19 14:03:51.712,OnTrack,-8413,-7492,971,pos,0 days 01:00:35.118000,0 days 01:56:11.726000
2024-05-19 14:03:51.852,OnTrack,-8436,-7390,965,pos,0 days 01:00:35.258000,0 days 01:56:11.866000
2024-05-19 14:03:52.093,OnTrack,-8476,-7214,955,pos,0 days 01:00:35.499000,0 days 01:56:12.107000
2024-05-19 14:03:52.373,OnTrack,-8540,-6934,940,pos,0 days 01:00:35.779000,0 days 01:56:12.387000
2024-05-19 14:03:52.632,OnTrack,-8567,-6815,934,pos,0 days 01:00:36.038000,0 days 01:56:12.646000
2024-05-19 14:03:52.991,OnTrack,-8641,-6462,916,pos,0 days 01:00:36.397000,0 days 01:56:13.005000
2024-05-19 14:03:53.311,OnTrack,-8654,-6332,910,pos,0 days 01:00:36.717000,0 days 01:56:13.325000
2024-05-19 14:03:53.531,OnTrack,-8644,-6184,903,pos,0 days 01:00:36.937000,0 days 01:56:13.545000
2024-05-19 14:03:53.752,OnTrack,-8602,-6035,900,pos,0 days 01:00:37.158000,0 days 01:56:13.766000
2024-05-19 14:03:54.072,OnTrack,-8503,-5823,897,pos,0 days 01:00:37.478000,0 days 01:56:14.086000
2024-05-19 14:03:54.312,OnTrack,-8439,-5710,896,pos,0 days 01:00:37.718000,0 days 01:56:14.326000
2024-05-19 14:03:54.651,OnTrack,-8349,-5562,898,pos,0 days 01:00:38.057000,0 days 01:56:14.665000
2024-05-19 14:03:54.852,OnTrack,-8297,-5491,900,pos,0 days 01:00:38.258000,0 days 01:56:14.866000
2024-05-19 14:03:55.031,OnTrack,-8226,-5414,902,pos,0 days 01:00:38.437000,0 days 01:56:15.045000
2024-05-19 14:03:55.452,OnTrack,-8108,-5342,907,pos,0 days 01:00:38.858000,0 days 01:56:15.466000
2024-05-19 14:03:55.732,OnTrack,-8035,-5326,910,pos,0 days 01:00:39.138000,0 days 01:56:15.746000
2024-05-19 14:03:55.992,OnTrack,-7901,-5339,921,pos,0 days 01:00:39.398000,0 days 01:56:16.006000
2024-05-19 14:03:56.371,OnTrack,-7822,-5358,928,pos,0 days 01:00:39.777000,0 days 01:56:16.385000
2024-05-19 14:03:56.712,OnTrack,-7708,-5389,939,pos,0 days 01:00:40.118000,0 days 01:56:16.726000
2024-05-19 14:03:56.892,OnTrack,-7644,-5404,943,pos,0 days 01:00:40.298000,0 days 01:56:16.906000
2024-05-19 14:03:56.972,OnTrack,-7614,-5410,947,pos,0 days 01:00:40.378000,0 days 01:56:16.986000
2024-05-19 14:03:57.172,OnTrack,-7537,-5423,954,pos,0 days 01:00:40.578000,0 days 01:56:17.186000
2024-05-19 14:03:57.352,OnTrack,-7464,-5432,961,pos,0 days 01:00:40.758000,0 days 01:56:17.366000
2024-05-19 14:03:57.572,OnTrack,-7361,-5440,970,pos,0 days 01:00:40.978000,0 days 01:56:17.586000
2024-05-19 14:03:57.812,OnTrack,-7251,-5443,979,pos,0 days 01:00:41.218000,0 days 01:56:17.826000
2024-05-19 14:03:58.112,OnTrack,-7107,-5443,991,pos,0 days 01:00:41.518000,0 days 01:56:18.126000
2024-05-19 14:03:58.272,OnTrack,-7026,-5442,996,pos,0 days 01:00:41.678000,0 days 01:56:18.286000
2024-05-19 14:03:58.512,OnTrack,-6856,-5441,1007,pos,0 days 01:00:41.918000,0 days 01:56:18.526000
2024-05-19 14:03:58.873,OnTrack,-6700,-5439,1015,pos,0 days 01:00:42.279000,0 days 01:56:18.887000
2024-05-19 14:03:59.152,OnTrack,-6453,-5437,1026,pos,0 days 01:00:42.558000,0 days 01:56:19.166000
2024-05-19 14:03:59.631,OnTrack,-6243,-5435,1033,pos,0 days 01:00:43.037000,0 days 01:56:19.645000
2024-05-19 14:03:59.831,OnTrack,-6116,-5434,1036,pos,0 days 01:00:43.237000,0 days 01:56:19.845000
2024-05-19 14:04:00.051,OnTrack,-5881,-5432,1043,pos,0 days 01:00:43.457000,0 days 01:56:20.065000
2024-05-19 14:04:00.411,OnTrack,-5733,-5431,1047,pos,0 days 01:00:43.817000,0 days 01:56:20.425000
2024-05-19 14:04:00.651,OnTrack,-5514,-5429,1053,pos,0 days 01:00:44.057000,0 days 01:56:20.665000
2024-05-19 14:04:00.971,OnTrack,-5348,-5427,1058,pos,0 days 01:00:44.377000,0 days 01:56:20.985000
2024-05-19 14:04:01.291,OnTrack,-5110,-5417,1065,pos,0 days 01:00:44.697000,0 days 01:56:21.305000
2024-05-19 14:04:01.612,OnTrack,-4800,-5390,1074,pos,0 days 01:00:45.018000,0 days 01:56:21.626000
2024-05-19 14:04:02.091,OnTrack,-4500,-5363,1080,pos,0 days 01:00:45.497000,0 days 01:56:22.105000
2024-05-19 14:04:02.412,OnTrack,-4313,-5348,1083,pos,0 days 01:00:45.818000,0 days 01:56:22.426000
2024-05-19 14:04:02.712,OnTrack,-3995,-5322,1085,pos,0 days 01:00:46.118000,0 days 01:56:22.726000
2024-05-19 14:04:03.112,OnTrack,-3738,-5300,1087,pos,0 days 01:00:46.518000,0 days 01:56:23.126000
2024-05-19 14:04:03.392,OnTrack,-3642,-5293,1087,pos,0 days 01:00:46.798000,0 days 01:56:23.406000
2024-05-19 14:04:03.652,OnTrack,-3505,-5282,1087,pos,0 days 01:00:47.058000,0 days 01:56:23.666000
2024-05-19 14:04:03.832,OnTrack,-3420,-5277,1088,pos,0 days 01:00:47.238000,0 days 01:56:23.846000
2024-05-19 14:04:04.152,OnTrack,-3272,-5274,1091,pos,0 days 01:00:47.558000,0 days 01:56:24.166000
2024-05-19 14:04:04.452,OnTrack,-3198,-5286,1092,pos,0 days 01:00:47.858000,0 days 01:56:24.466000
2024-05-19 14:04:04.632,OnTrack,-3146,-5315,1093,pos,0 days 01:00:48.038000,0 days 01:56:24.646000
2024-05-19 14:04:04.853,OnTrack,-3090,-5364,1096,pos,0 days 01:00:48.259000,0 days 01:56:24.867000
2024-05-19 14:04:05.092,OnTrack,-3035,-5424,1096,pos,0 days 01:00:48.498000,0 days 01:56:25.106000
2024-05-19 14:04:05.272,OnTrack,-2995,-5466,1096,pos,0 days 01:00:48.678000,0 days 01:56:25.286000
2024-05-19 14:04:05.552,OnTrack,-2931,-5518,1096,pos,0 days 01:00:48.958000,0 days 01:56:25.566000
2024-05-19 14:04:05.731,OnTrack,-2850,-5555,1095,pos,0 days 01:00:49.137000,0 days 01:56:25.745000
2024-05-19 14:04:06.151,OnTrack,-2776,-5563,1094,pos,0 days 01:00:49.557000,0 days 01:56:26.165000
2024-05-19 14:04:06.331,OnTrack,-2726,-5555,1093,pos,0 days 01:00:49.737000,0 days 01:56:26.345000
2024-05-19 14:04:06.492,OnTrack,-2682,-5545,1092,pos,0 days 01:00:49.898000,0 days 01:56:26.506000
2024-05-19 14:04:06.671,OnTrack,-2632,-5531,1091,pos,0 days 01:00:50.077000,0 days 01:56:26.685000
2024-05-19 14:04:07.032,OnTrack,-2532,-5497,1089,pos,0 days 01:00:50.438000,0 days 01:56:27.046000
2024-05-19 14:04:07.112,OnTrack,-2509,-5488,1088,pos,0 days 01:00:50.518000,0 days 01:56:27.126000
2024-05-19 14:04:07.291,OnTrack,-2455,-5466,1087,pos,0 days 01:00:50.697000,0 days 01:56:27.305000
2024-05-19 14:04:07.632,OnTrack,-2307,-5396,1084,pos,0 days 01:00:51.038000,0 days 01:56:27.646000
2024-05-19 14:04:07.912,OnTrack,-2251,-5368,1082,pos,0 days 01:00:51.318000,0 days 01:56:27.926000
2024-05-19 14:04:08.112,OnTrack,-2176,-5329,1080,pos,0 days 01:00:51.518000,0 days 01:56:28.126000
2024-05-19 14:04:08.291,OnTrack,-2105,-5292,1079,pos,0 days 01:00:51.697000,0 days 01:56:28.305000
2024-05-19 14:04:08.591,OnTrack,-1926,-5197,1075,pos,0 days 01:00:51.997000,0 days 01:56:28.605000
2024-05-19 14:04:08.911,OnTrack,-1834,-5148,1073,pos,0 days 01:00:52.317000,0 days 01:56:28.925000
2024-05-19 14:04:09.191,OnTrack,-1699,-5079,1070,pos,0 days 01:00:52.597000,0 days 01:56:29.205000
2024-05-19 14:04:09.392,OnTrack,-1561,-5012,1068,pos,0 days 01:00:52.798000,0 days 01:56:29.406000
2024-05-19 14:04:09.652,OnTrack,-1427,-4949,1065,pos,0 days 01:00:53.058000,0 days 01:56:29.666000
2024-05-19 14:04:09.852,OnTrack,-1269,-4877,1062,pos,0 days 01:00:53.258000,0 days 01:56:29.866000
2024-05-19 14:04:10.332,OnTrack,-974,-4726,1057,pos,0 days 01:00:53.738000,0 days 01:56:30.346000
2024-05-19 14:04:10.612,OnTrack,-895,-4679,1055,pos,0 days 01:00:54.018000,0 days 01:56:30.626000
2024-05-19 14:04:10.852,OnTrack,-760,-4592,1051,pos,0 days 01:00:54.258000,0 days 01:56:30.866000
2024-05-19 14:04:11.132,OnTrack,-522,-4425,1044,pos,0 days 01:00:54.538000,0 days 01:56:31.146000
2024-05-19 14:04:11.512,OnTrack,-385,-4324,1040,pos,0 days 01:00:54.918000,0 days 01:56:31.526000
2024-05-19 14:04:11.692,OnTrack,-283,-4245,1037,pos,0 days 01:00:55.098000,0 days 01:56:31.706000
2024-05-19 14:04:11.992,OnTrack,-80,-4077,1031,pos,0 days 01:00:55.398000,0 days 01:56:32.006000
2024-05-19 14:04:12.351,OnTrack,140,-3870,1025,pos,0 days 01:00:55.757000,0 days 01:56:32.365000
2024-05-19 14:04:12.711,OnTrack,299,-3703,1020,pos,0 days 01:00:56.117000,0 days 01:56:32.725000
2024-05-19 14:04:12.911,OnTrack,403,-3590,1017,pos,0 days 01:00:56.317000,0 days 01:56:32.925000
2024-05-19 14:04:13.191,OnTrack,547,-3429,1010,pos,0 days 01:00:56.597000,0 days 01:56:33.205000
2024-05-19 14:04:13.332,OnTrack,620,-3348,1006,pos,0 days 01:00:56.738000,0 days 01:56:33.346000
2024-05-19 14:04:13.511,OnTrack,715,-3243,1001,pos,0 days 01:00:56.917000,0 days 01:56:33.525000
2024-05-19 14:04:13.811,OnTrack,873,-3067,990,pos,0 days 01:00:57.217000,0 days 01:56:33.825000
2024-05-19 14:04:13.971,OnTrack,959,-2972,983,pos,0 days 01:00:57.377000,0 days 01:56:33.985000
2024-05-19 14:04:14.172,OnTrack,1066,-2854,974,pos,0 days 01:00:57.578000,0 days 01:56:34.186000
2024-05-19 14:04:14.432,OnTrack,1207,-2698,962,pos,0 days 01:00:57.838000,0 days 01:56:34.446000
2024-05-19 14:04:14.591,OnTrack,1362,-2534,947,pos,0 days 01:00:57.997000,0 days 01:56:34.605000
2024-05-19 14:04:15.052,OnTrack,1561,-2350,931,pos,0 days 01:00:58.458000,0 days 01:56:35.066000
2024-05-19 14:04:15.151,OnTrack,1643,-2288,923,pos,0 days 01:00:58.557000,0 days 01:56:35.165000
2024-05-19 14:04:15.352,OnTrack,1797,-2190,912,pos,0 days 01:00:58.758000,0 days 01:56:35.366000
2024-05-19 14:04:15.572,OnTrack,1948,-2116,900,pos,0 days 01:00:58.978000,0 days 01:56:35.586000
2024-05-19 14:04:15.752,OnTrack,2084,-2060,889,pos,0 days 01:00:59.158000,0 days 01:56:35.766000
2024-05-19 14:04:15.971,OnTrack,2247,-1995,877,pos,0 days 01:00:59.377000,0 days 01:56:35.985000
2024-05-19 14:04:16.231,OnTrack,2419,-1926,863,pos,0 days 01:00:59.637000,0 days 01:56:36.245000
2024-05-19 14:04:16.412,OnTrack,2528,-1881,855,pos,0 days 01:00:59.818000,0 days 01:56:36.426000
2024-05-19 14:04:16.652,OnTrack,2729,-1799,840,pos,0 days 01:01:00.058000,0 days 01:56:36.666000
2024-05-19 14:04:16.972,OnTrack,2812,-1765,834,pos,0 days 01:01:00.378000,0 days 01:56:36.986000
2024-05-19 14:04:17.332,OnTrack,2965,-1696,824,pos,0 days 01:01:00.738000,0 days 01:56:37.346000
2024-05-19 14:04:17.432,OnTrack,3000,-1677,822,pos,0 days 01:01:00.838000,0 days 01:56:37.446000
2024-05-19 14:04:17.712,OnTrack,3108,-1589,815,pos,0 days 01:01:01.118000,0 days 01:56:37.726000
2024-05-19 14:04:18.052,OnTrack,3146,-1535,811,pos,0 days 01:01:01.458000,0 days 01:56:38.066000
2024-05-19 14:04:18.312,OnTrack,3183,-1433,807,pos,0 days 01:01:01.718000,0 days 01:56:38.326000
2024-05-19 14:04:18.753,OnTrack,3185,-1290,801,pos,0 days 01:01:02.159000,0 days 01:56:38.767000
2024-05-19 14:04:19.111,OnTrack,3169,-1213,799,pos,0 days 01:01:02.517000,0 days 01:56:39.125000
2024-05-19 14:04:19.351,OnTrack,3141,-1113,797,pos,0 days 01:01:02.757000,0 days 01:56:39.365000
2024-05-19 14:04:19.751,OnTrack,3100,-989,794,pos,0 days 01:01:03.157000,0 days 01:56:39.765000
2024-05-19 14:04:20.051,OnTrack,3076,-922,794,pos,0 days 01:01:03.457000,0 days 01:56:40.065000
2024-05-19 14:04:20.392,OnTrack,3026,-804,793,pos,0 days 01:01:03.798000,0 days 01:56:40.406000
2024-05-19 14:04:20.511,OnTrack,3005,-760,792,pos,0 days 01:01:03.917000,0 days 01:56:40.525000
2024-05-19 14:04:20.672,OnTrack,2974,-699,791,pos,0 days 01:01:04.078000,0 days 01:56:40.686000
2024-05-19 14:04:20.912,OnTrack,2921,-610,790,pos,0 days 01:01:04.318000,0 days 01:56:40.926000
2024-05-19 14:04:21.111,OnTrack,2870,-543,789,pos,0 days 01:01:04.517000,0 days 01:56:41.125000
2024-05-19 14:04:21.272,OnTrack,2825,-497,789,pos,0 days 01:01:04.678000,0 days 01:56:41.286000
2024-05-19 14:04:21.572,OnTrack,2729,-428,788,pos,0 days 01:01:04.978000,0 days 01:56:41.586000
2024-05-19 14:04:21.832,OnTrack,2616,-383,787,pos,0 days 01:01:05.238000,0 days 01:56:41.846000
2024-05-19 14:04:22.251,OnTrack,2484,-362,786,pos,0 days 01:01:05.657000,0 days 01:56:42.265000
2024-05-19 14:04:22.332,OnTrack,2454,-360,786,pos,0 days 01:01:05.738000,0 days 01:56:42.346000
2024-05-19 14:04:22.511,OnTrack,2387,-360,786,pos,0 days 01:01:05.917000,0 days 01:56:42.525000
2024-05-19 14:04:22.791,OnTrack,2229,-384,784,pos,0 days 01:01:06.197000,0 days 01:56:42.805000
2024-05-19 14:04:23.132,OnTrack,2155,-407,783,pos,0 days 01:01:06.538000,0 days 01:56:43.146000
2024-05-19 14:04:23.412,OnTrack,2047,-450,782,pos,0 days 01:01:06.818000,0 days 01:56:43.426000
2024-05-19 14:04:23.592,OnTrack,1975,-484,781,pos,0 days 01:01:06.998000,0 days 01:56:43.606000
2024-05-19 14:04:23.772,OnTrack,1900,-519,781,pos,0 days 01:01:07.178000,0 days 01:56:43.786000
2024-05-19 14:04:23.972,OnTrack,1813,-559,780,pos,0 days 01:01:07.378000,0 days 01:56:43.986000
2024-05-19 14:04:24.232,OnTrack,1693,-614,779,pos,0 days 01:01:07.638000,0 days 01:56:44.246000
2024-05-19 14:04:24.332,OnTrack,1645,-636,778,pos,0 days 01:01:07.738000,0 days 01:56:44.346000
2024-05-19 14:04:24.733,OnTrack,1413,-741,778,pos,0 days 01:01:08.139000,0 days 01:56:44.747000
2024-05-19 14:04:24.972,OnTrack,1319,-784,778,pos,0 days 01:01:08.378000,0 days 01:56:44.986000
2024-05-19 14:04:25.212,OnTrack,1188,-843,778,pos,0 days 01:01:08.618000,0 days 01:56:45.226000
2024-05-19 14:04:25.391,OnTrack,1087,-889,778,pos,0 days 01:01:08.797000,0 days 01:56:45.405000
2024-05-19 14:04:25.611,OnTrack,961,-946,778,pos,0 days 01:01:09.017000,0 days 01:56:45.625000
2024-05-19 14:04:25.872,OnTrack,722,-1048,779,pos,0 days 01:01:09.278000,0 days 01:56:45.886000
2024-05-19 14:04:26.331,OnTrack,539,-1125,780,pos,0 days 01:01:09.737000,0 days 01:56:46.345000
2024-05-19 14:04:26.412,OnTrack,488,-1146,780,pos,0 days 01:01:09.818000,0 days 01:56:46.426000
2024-05-19 14:04:26.632,OnTrack,349,-1204,781,pos,0 days 01:01:10.038000,0 days 01:56:46.646000
2024-05-19 14:04:26.851,OnTrack,206,-1265,781,pos,0 days 01:01:10.257000,0 days 01:56:46.865000
2024-05-19 14:04:27.091,OnTrack,51,-1330,781,pos,0 days 01:01:10.497000,0 days 01:56:47.105000
2024-05-19 14:04:27.351,OnTrack,-123,-1400,781,pos,0 days 01:01:10.757000,0 days 01:56:47.365000
2024-05-19 14:04:27.591,OnTrack,-287,-1459,782,pos,0 days 01:01:10.997000,0 days 01:56:47.605000
2024-05-19 14:04:27.671,OnTrack,-343,-1477,782,pos,0 days 01:01:11.077000,0 days 01:56:47.685000
2024-05-19 14:04:28.032,OnTrack,-693,-1559,783,pos,0 days 01:01:11.438000,0 days 01:56:48.046000
2024-05-19 14:04:28.292,OnTrack,-799,-1571,783,pos,0 days 01:01:11.698000,0 days 01:56:48.306000
2024-05-19 14:04:28.572,OnTrack,-1096,-1589,784,pos,0 days 01:01:11.978000,0 days 01:56:48.586000
2024-05-19 14:04:29.051,OnTrack,-1430,-1601,785,pos,0 days 01:01:12.457000,0 days 01:56:49.065000
2024-05-19 14:04:29.252,OnTrack,-1671,-1615,786,pos,0 days 01:01:12.658000,0 days 01:56:49.266000
2024-05-19 14:04:29.492,OnTrack,-1784,-1621,787,pos,0 days 01:01:12.898000,0 days 01:56:49.506000
2024-05-19 14:04:30.812,OnTrack,-2919,-1677,792,pos,0 days 01:01:14.218000,0 days 01:56:50.826000
2024-05-19 14:04:31.172,OnTrack,-3264,-1689,793,pos,0 days 01:01:14.578000,0 days 01:56:51.186000
2024-05-19 14:04:31.452,OnTrack,-3437,-1695,794,pos,0 days 01:01:14.858000,0 days 01:56:51.466000
2024-05-19 14:04:31.813,OnTrack,-3748,-1689,795,pos,0 days 01:01:15.219000,0 days 01:56:51.827000
2024-05-19 14:04:32.031,OnTrack,-4063,-1651,797,pos,0 days 01:01:15.437000,0 days 01:56:52.045000
2024-05-19 14:04:32.411,OnTrack,-4275,-1609,798,pos,0 days 01:01:15.817000,0 days 01:56:52.425000
2024-05-19 14:04:32.612,OnTrack,-4450,-1570,799,pos,0 days 01:01:16.018000,0 days 01:56:52.626000
2024-05-19 14:04:32.731,OnTrack,-4555,-1545,800,pos,0 days 01:01:16.137000,0 days 01:56:52.745000
2024-05-19 14:04:32.952,OnTrack,-4748,-1498,801,pos,0 days 01:01:16.358000,0 days 01:56:52.966000
2024-05-19 14:04:33.131,OnTrack,-4906,-1459,802,pos,0 days 01:01:16.537000,0 days 01:56:53.145000
2024-05-19 14:04:33.331,OnTrack,-5082,-1416,804,pos,0 days 01:01:16.737000,0 days 01:56:53.345000
2024-05-19 14:04:33.611,OnTrack,-5453,-1329,807,pos,0 days 01:01:17.017000,0 days 01:56:53.625000
2024-05-19 14:04:33.972,OnTrack,-5649,-1291,809,pos,0 days 01:01:17.378000,0 days 01:56:53.986000
2024-05-19 14:04:34.211,OnTrack,-5865,-1260,810,pos,0 days 01:01:17.617000,0 days 01:56:54.225000
2024-05-19 14:04:34.471,OnTrack,-6214,-1235,814,pos,0 days 01:01:17.877000,0 days 01:56:54.485000
2024-05-19 14:04:34.792,OnTrack,-6398,-1230,814,pos,0 days 01:01:18.198000,0 days 01:56:54.806000
2024-05-19 14:04:35.092,OnTrack,-6750,-1231,816,pos,0 days 01:01:18.498000,0 days 01:56:55.106000
2024-05-19 14:04:35.372,OnTrack,-6935,-1234,816,pos,0 days 01:01:18.778000,0 days 01:56:55.386000
2024-05-19 14:04:35.591,OnTrack,-7139,-1241,817,pos,0 days 01:01:18.997000,0 days 01:56:55.605000
2024-05-19 14:04:35.811,OnTrack,-7343,-1254,818,pos,0 days 01:01:19.217000,0 days 01:56:55.825000
2024-05-19 14:04:36.072,OnTrack,-7584,-1275,818,pos,0 days 01:01:19.478000,0 days 01:56:56.086000
2024-05-19 14:04:36.272,OnTrack,-7899,-1310,818,pos,0 days 01:01:19.678000,0 days 01:56:56.286000
2024-05-19 14:04:36.692,OnTrack,-8323,-1365,819,pos,0 days 01:01:20.098000,0 days 01:56:56.706000
2024-05-19 14:04:37.032,OnTrack,-8546,-1395,819,pos,0 days 01:01:20.438000,0 days 01:56:57.046000
2024-05-19 14:04:37.312,OnTrack,-8806,-1432,819,pos,0 days 01:01:20.718000,0 days 01:56:57.326000
2024-05-19 14:04:37.532,OnTrack,-9010,-1462,819,pos,0 days 01:01:20.938000,0 days 01:56:57.546000
2024-05-19 14:04:37.752,OnTrack,-9209,-1498,819,pos,0 days 01:01:21.158000,0 days 01:56:57.766000
2024-05-19 14:04:37.872,OnTrack,-9312,-1522,819,pos,0 days 01:01:21.278000,0 days 01:56:57.886000
2024-05-19 14:04:38.073,OnTrack,-9472,-1567,819,pos,0 days 01:01:21.479000,0 days 01:56:58.087000
2024-05-19 14:04:38.353,OnTrack,-9747,-1653,818,pos,0 days 01:01:21.759000,0 days 01:56:58.367000
2024-05-19 14:04:38.731,OnTrack,-9899,-1701,818,pos,0 days 01:01:22.137000,0 days 01:56:58.745000
2024-05-19 14:04:38.912,OnTrack,-9992,-1730,818,pos,0 days 01:01:22.318000,0 days 01:56:58.926000
2024-05-19 14:04:39.091,OnTrack,-10079,-1757,819,pos,0 days 01:01:22.497000,0 days 01:56:59.105000
2024-05-19 14:04:39.452,OnTrack,-10229,-1815,818,pos,0 days 01:01:22.858000,0 days 01:56:59.466000
2024-05-19 14:04:39.651,OnTrack,-10291,-1859,818,pos,0 days 01:01:23.057000,0 days 01:56:59.665000
2024-05-19 14:04:39.811,OnTrack,-10332,-1907,818,pos,0 days 01:01:23.217000,0 days 01:56:59.825000
2024-05-19 14:04:39.972,OnTrack,-10363,-1962,818,pos,0 days 01:01:23.378000,0 days 01:56:59.986000
2024-05-19 14:04:40.191,OnTrack,-10394,-2048,818,pos,0 days 01:01:23.597000,0 days 01:57:00.205000
2024-05-19 14:04:40.471,OnTrack,-10430,-2176,819,pos,0 days 01:01:23.877000,0 days 01:57:00.485000
2024-05-19 14:04:40.731,OnTrack,-10460,-2261,819,pos,0 days 01:01:24.137000,0 days 01:57:00.745000
2024-05-19 14:04:41.072,OnTrack,-10557,-2414,818,pos,0 days 01:01:24.478000,0 days 01:57:01.086000
2024-05-19 14:04:41.472,OnTrack,-10670,-2514,818,pos,0 days 01:01:24.878000,0 days 01:57:01.486000
2024-05-19 14:04:41.652,OnTrack,-10741,-2563,819,pos,0 days 01:01:25.058000,0 days 01:57:01.666000
2024-05-19 14:04:41.892,OnTrack,-10840,-2624,820,pos,0 days 01:01:25.298000,0 days 01:57:01.906000
2024-05-19 14:04:42.012,OnTrack,-10891,-2654,820,pos,0 days 01:01:25.418000,0 days 01:57:02.026000
2024-05-19 14:04:42.252,OnTrack,-10996,-2715,821,pos,0 days 01:01:25.658000,0 days 01:57:02.266000
2024-05-19 14:04:42.552,OnTrack,-11198,-2832,823,pos,0 days 01:01:25.958000,0 days 01:57:02.566000
2024-05-19 14:04:42.792,OnTrack,-11246,-2861,823,pos,0 days 01:01:26.198000,0 days 01:57:02.806000
2024-05-19 14:04:43.032,OnTrack,-11363,-2933,824,pos,0 days 01:01:26.438000,0 days 01:57:03.046000
2024-05-19 14:04:43.312,OnTrack,-11497,-3029,825,pos,0 days 01:01:26.718000,0 days 01:57:03.326000
2024-05-19 14:04:43.512,OnTrack,-11641,-3176,825,pos,0 days 01:01:26.918000,0 days 01:57:03.526000
2024-05-19 14:04:43.832,OnTrack,-11704,-3269,825,pos,0 days 01:01:27.238000,0 days 01:57:03.846000
2024-05-19 14:04:44.212,OnTrack,-11829,-3544,827,pos,0 days 01:01:27.618000,0 days 01:57:04.226000
2024-05-19 14:04:44.432,OnTrack,-11862,-3631,827,pos,0 days 01:01:27.838000,0 days 01:57:04.446000
2024-05-19 14:04:44.792,OnTrack,-11947,-3859,828,pos,0 days 01:01:28.198000,0 days 01:57:04.806000
2024-05-19 14:04:44.952,OnTrack,-11986,-3962,828,pos,0 days 01:01:28.358000,0 days 01:57:04.966000
2024-05-19 14:04:45.172,OnTrack,-12065,-4173,829,pos,0 days 01:01:28.578000,0 days 01:57:05.186000
2024-05-19 14:04:45.571,OnTrack,-12141,-4374,830,pos,0 days 01:01:28.977000,0 days 01:57:05.585000
2024-05-19 14:04:45.771,OnTrack,-12192,-4510,830,pos,0 days 01:01:29.177000,0 days 01:57:05.785000
2024-05-19 14:04:46.071,OnTrack,-12301,-4801,831,pos,0 days 01:01:29.477000,0 days 01:57:06.085000
2024-05-19 14:04:46.451,OnTrack,-12371,-4985,831,pos,0 days 01:01:29.857000,0 days 01:57:06.465000
2024-05-19 14:04:46.611,OnTrack,-12413,-5099,832,pos,0 days 01:01:30.017000,0 days 01:57:06.625000
2024-05-19 14:04:46.872,OnTrack,-12483,-5285,832,pos,0 days 01:01:30.278000,0 days 01:57:06.886000
2024-05-19 14:04:47.112,OnTrack,-12575,-5531,833,pos,0 days 01:01:30.518000,0 days 01:57:07.126000
2024-05-19 14:04:47.432,OnTrack,-12635,-5691,833,pos,0 days 01:01:30.838000,0 days 01:57:07.446000
2024-05-19 14:04:47.712,OnTrack,-12734,-5953,834,pos,0 days 01:01:31.118000,0 days 01:57:07.726000
2024-05-19 14:04:48.132,OnTrack,-12848,-6245,835,pos,0 days 01:01:31.538000,0 days 01:57:08.146000
2024-05-19 14:04:48.472,OnTrack,-12963,-6520,835,pos,0 days 01:01:31.878000,0 days 01:57:08.486000
2024-05-19 14:04:48.792,OnTrack,-13031,-6679,836,pos,0 days 01:01:32.198000,0 days 01:57:08.806000
2024-05-19 14:04:49.012,OnTrack,-13093,-6833,836,pos,0 days 01:01:32.418000,0 days 01:57:09.026000
2024-05-19 14:04:49.212,OnTrack,-13136,-6968,837,pos,0 days 01:01:32.618000,0 days 01:57:09.226000
2024-05-19 14:04:49.532,OnTrack,-13161,-7239,838,pos,0 days 01:01:32.938000,0 days 01:57:09.546000
2024-05-19 14:04:49.972,OnTrack,-13130,-7456,840,pos,0 days 01:01:33.378000,0 days 01:57:09.986000
2024-05-19 14:04:50.172,OnTrack,-13083,-7657,841,pos,0 days 01:01:33.578000,0 days 01:57:10.186000
2024-05-19 14:04:50.573,OnTrack,-13042,-7831,843,pos,0 days 01:01:33.979000,0 days 01:57:10.587000
2024-05-19 14:04:50.992,OnTrack,-13023,-7984,843,pos,0 days 01:01:34.398000,0 days 01:57:11.006000
2024-05-19 14:04:51.172,OnTrack,-13030,-8058,844,pos,0 days 01:01:34.578000,0 days 01:57:11.186000
2024-05-19 14:04:51.372,OnTrack,-13073,-8170,845,pos,0 days 01:01:34.778000,0 days 01:57:11.386000
2024-05-19 14:04:51.751,OnTrack,-13148,-8260,846,pos,0 days 01:01:35.157000,0 days 01:57:11.765000
2024-05-19 14:04:51.972,OnTrack,-13219,-8324,847,pos,0 days 01:01:35.378000,0 days 01:57:11.986000
2024-05-19 14:04:52.151,OnTrack,-13277,-8375,848,pos,0 days 01:01:35.557000,0 days 01:57:12.165000
2024-05-19 14:04:52.411,OnTrack,-13362,-8448,849,pos,0 days 01:01:35.817000,0 days 01:57:12.425000
2024-05-19 14:04:52.631,OnTrack,-13439,-8513,850,pos,0 days 01:01:36.037000,0 days 01:57:12.645000
2024-05-19 14:04:52.792,OnTrack,-13497,-8562,851,pos,0 days 01:01:36.198000,0 days 01:57:12.806000
2024-05-19 14:04:53.791,OnTrack,-13932,-8930,858,pos,0 days 01:01:37.197000,0 days 01:57:13.805000
2024-05-19 14:04:54.132,OnTrack,-14102,-9088,863,pos,0 days 01:01:37.538000,0 days 01:57:14.146000
2024-05-19 14:04:54.532,OnTrack,-14269,-9253,869,pos,0 days 01:01:37.938000,0 days 01:57:14.546000
2024-05-19 14:04:54.911,OnTrack,-14385,-9368,875,pos,0 days 01:01:38.317000,0 days 01:57:14.925000
2024-05-19 14:04:55.112,OnTrack,-14475,-9456,879,pos,0 days 01:01:38.518000,0 days 01:57:15.126000
2024-05-19 14:04:55.411,OnTrack,-14637,-9607,886,pos,0 days 01:01:38.817000,0 days 01:57:15.425000
2024-05-19 14:04:55.832,OnTrack,-14771,-9743,892,pos,0 days 01:01:39.238000,0 days 01:57:15.846000
2024-05-19 14:04:56.292,OnTrack,-14870,-9884,898,pos,0 days 01:01:39.698000,0 days 01:57:16.306000
2024-05-19 14:04:56.572,OnTrack,-14900,-9960,901,pos,0 days 01:01:39.978000,0 days 01:57:16.586000
2024-05-19 14:04:56.792,OnTrack,-14915,-10072,905,pos,0 days 01:01:40.198000,0 days 01:57:16.806000
2024-05-19 14:04:57.232,OnTrack,-14898,-10160,909,pos,0 days 01:01:40.638000,0 days 01:57:17.246000
2024-05-19 14:04:57.393,OnTrack,-14879,-10202,911,pos,0 days 01:01:40.799000,0 days 01:57:17.407000
2024-05-19 14:04:57.732,OnTrack,-14804,-10290,918,pos,0 days 01:01:41.138000,0 days 01:57:17.746000
2024-05-19 14:04:58.152,OnTrack,-14707,-10352,923,pos,0 days 01:01:41.558000,0 days 01:57:18.166000
2024-05-19 14:04:58.391,OnTrack,-14673,-10366,924,pos,0 days 01:01:41.797000,0 days 01:57:18.405000
2024-05-19 14:04:58.732,OnTrack,-14586,-10387,929,pos,0 days 01:01:42.138000,0 days 01:57:18.746000
2024-05-19 14:04:58.931,OnTrack,-14505,-10395,934,pos,0 days 01:01:42.337000,0 days 01:57:18.945000
2024-05-19 14:04:59.211,OnTrack,-14454,-10395,936,pos,0 days 01:01:42.617000,0 days 01:57:19.225000
2024-05-19 14:04:59.411,OnTrack,-14396,-10392,939,pos,0 days 01:01:42.817000,0 days 01:57:19.425000
2024-05-19 14:04:59.791,OnTrack,-14293,-10382,944,pos,0 days 01:01:43.197000,0 days 01:57:19.805000
2024-05-19 14:05:00.132,OnTrack,-14205,-10369,948,pos,0 days 01:01:43.538000,0 days 01:57:20.146000
2024-05-19 14:05:00.351,OnTrack,-14123,-10355,952,pos,0 days 01:01:43.757000,0 days 01:57:20.365000
2024-05-19 14:05:00.551,OnTrack,-14002,-10332,957,pos,0 days 01:01:43.957000,0 days 01:57:20.565000
2024-05-19 14:05:00.891,OnTrack,-13898,-10311,962,pos,0 days 01:01:44.297000,0 days 01:57:20.905000
2024-05-19 14:05:01.151,OnTrack,-13779,-10286,967,pos,0 days 01:01:44.557000,0 days 01:57:21.165000
2024-05-19 14:05:01.332,OnTrack,-13692,-10268,971,pos,0 days 01:01:44.738000,0 days 01:57:21.346000
2024-05-19 14:05:01.592,OnTrack,-13560,-10243,976,pos,0 days 01:01:44.998000,0 days 01:57:21.606000
2024-05-19 14:05:01.772,OnTrack,-13465,-10225,980,pos,0 days 01:01:45.178000,0 days 01:57:21.786000
2024-05-19 14:05:01.991,OnTrack,-13344,-10204,985,pos,0 days 01:01:45.397000,0 days 01:57:22.005000
2024-05-19 14:05:02.172,OnTrack,-13242,-10186,988,pos,0 days 01:01:45.578000,0 days 01:57:22.186000
2024-05-19 14:05:02.332,OnTrack,-13065,-10155,994,pos,0 days 01:01:45.738000,0 days 01:57:22.346000
2024-05-19 14:05:02.692,OnTrack,-12931,-10133,999,pos,0 days 01:01:46.098000,0 days 01:57:22.706000
2024-05-19 14:05:03.032,OnTrack,-12655,-10090,1008,pos,0 days 01:01:46.438000,0 days 01:57:23.046000
2024-05-19 14:05:03.452,OnTrack,-12419,-10056,1016,pos,0 days 01:01:46.858000,0 days 01:57:23.466000
2024-05-19 14:05:03.852,OnTrack,-12174,-10022,1028,pos,0 days 01:01:47.258000,0 days 01:57:23.866000
2024-05-19 14:05:04.092,OnTrack,-12008,-10000,1038,pos,0 days 01:01:47.498000,0 days 01:57:24.106000
2024-05-19 14:05:04.292,OnTrack,-11736,-9966,1057,pos,0 days 01:01:47.698000,0 days 01:57:24.306000
2024-05-19 14:05:04.712,OnTrack,-11476,-9939,1074,pos,0 days 01:01:48.118000,0 days 01:57:24.726000
2024-05-19 14:05:05.012,OnTrack,-11316,-9927,1084,pos,0 days 01:01:48.418000,0 days 01:57:25.026000
2024-05-19 14:05:05.231,OnTrack,-11153,-9920,1093,pos,0 days 01:01:48.637000,0 days 01:57:25.245000
2024-05-19 14:05:05.451,OnTrack,-10990,-9918,1103,pos,0 days 01:01:48.857000,0 days 01:57:25.465000
2024-05-19 14:05:05.612,OnTrack,-10871,-9919,1110,pos,0 days 01:01:49.018000,0 days 01:57:25.626000
2024-05-19 14:05:05.812,OnTrack,-10722,-9924,1116,pos,0 days 01:01:49.218000,0 days 01:57:25.826000
2024-05-19 14:05:06.152,OnTrack,-10423,-9947,1122,pos,0 days 01:01:49.558000,0 days 01:57:26.166000
2024-05-19 14:05:06.372,OnTrack,-10303,-9960,1122,pos,0 days 01:01:49.778000,0 days 01:57:26.386000
2024-05-19 14:05:06.672,OnTrack,-10079,-9986,1121,pos,0 days 01:01:50.078000,0 days 01:57:26.686000
2024-05-19 14:05:06.932,OnTrack,-9884,-10008,1119,pos,0 days 01:01:50.338000,0 days 01:57:26.946000
2024-05-19 14:05:07.111,OnTrack,-9644,-10036,1117,pos,0 days 01:01:50.517000,0 days 01:57:27.125000
2024-05-19 14:05:07.552,OnTrack,-9381,-10063,1115,pos,0 days 01:01:50.958000,0 days 01:57:27.566000
2024-05-19 14:05:07.931,OnTrack,-9195,-10070,1114,pos,0 days 01:01:51.337000,0 days 01:57:27.945000
2024-05-19 14:05:08.191,OnTrack,-9006,-10050,1114,pos,0 days 01:01:51.597000,0 days 01:57:28.205000
2024-05-19 14:05:08.491,OnTrack,-8903,-10016,1114,pos,0 days 01:01:51.897000,0 days 01:57:28.505000
2024-05-19 14:05:08.652,OnTrack,-8826,-9977,1113,pos,0 days 01:01:52.058000,0 days 01:57:28.666000
2024-05-19 14:05:08.972,OnTrack,-8656,-9827,1107,pos,0 days 01:01:52.378000,0 days 01:57:28.986000
2024-05-19 14:05:09.311,OnTrack,-8580,-9711,1105,pos,0 days 01:01:52.717000,0 days 01:57:29.325000
2024-05-19 14:05:09.632,OnTrack,-8460,-9477,1097,pos,0 days 01:01:53.038000,0 days 01:57:29.646000
2024-05-19 14:05:09.912,OnTrack,-8418,-9390,1094,pos,0 days 01:01:53.318000,0 days 01:57:29.926000
2024-05-19 14:05:10.112,OnTrack,-8368,-9277,1090,pos,0 days 01:01:53.518000,0 days 01:57:30.126000
2024-05-19 14:05:10.332,OnTrack,-8320,-9147,1085,pos,0 days 01:01:53.738000,0 days 01:57:30.346000
2024-05-19 14:05:10.512,OnTrack,-8288,-9036,1082,pos,0 days 01:01:53.918000,0 days 01:57:30.526000
2024-05-19 14:05:10.752,OnTrack,-8257,-8882,1075,pos,0 days 01:01:54.158000,0 days 01:57:30.766000
2024-05-19 14:05:11.052,OnTrack,-8237,-8587,1059,pos,0 days 01:01:54.458000,0 days 01:57:31.066000
2024-05-19 14:05:11.392,OnTrack,-8243,-8449,1050,pos,0 days 01:01:54.798000,0 days 01:57:31.406000
2024-05-19 14:05:11.591,OnTrack,-8255,-8316,1040,pos,0 days 01:01:54.997000,0 days 01:57:31.605000
2024-05-19 14:05:11.911,OnTrack,-8296,-8032,1014,pos,0 days 01:01:55.317000,0 days 01:57:31.925000
2024-05-19 14:05:12.352,OnTrack,-8357,-7736,988,pos,0 days 01:01:55.758000,0 days 01:57:32.366000
2024-05-19 14:05:12.632,OnTrack,-8390,-7594,978,pos,0 days 01:01:56.038000,0 days 01:57:32.646000
2024-05-19 14:05:12.811,OnTrack,-8419,-7466,969,pos,0 days 01:01:56.217000,0 days 01:57:32.825000
2024-05-19 14:05:13.151,OnTrack,-8475,-7220,955,pos,0 days 01:01:56.557000,0 days 01:57:33.165000
2024-05-19 14:05:13.351,OnTrack,-8518,-7031,946,pos,0 days 01:01:56.757000,0 days 01:57:33.365000
2024-05-19 14:05:13.651,OnTrack,-8558,-6856,936,pos,0 days 01:01:57.057000,0 days 01:57:33.665000
2024-05-19 14:05:13.852,OnTrack,-8591,-6709,929,pos,0 days 01:01:57.258000,0 days 01:57:33.866000
2024-05-19 14:05:14.072,OnTrack,-8625,-6548,921,pos,0 days 01:01:57.478000,0 days 01:57:34.086000
2024-05-19 14:05:14.252,OnTrack,-8646,-6419,914,pos,0 days 01:01:57.658000,0 days 01:57:34.266000
2024-05-19 14:05:14.532,OnTrack,-8651,-6232,905,pos,0 days 01:01:57.938000,0 days 01:57:34.546000
2024-05-19 14:05:14.832,OnTrack,-8589,-6002,899,pos,0 days 01:01:58.238000,0 days 01:57:34.846000
2024-05-19 14:05:15.051,OnTrack,-8535,-5884,897,pos,0 days 01:01:58.457000,0 days 01:57:35.065000
2024-05-19 14:05:15.432,OnTrack,-8415,-5669,897,pos,0 days 01:01:58.838000,0 days 01:57:35.446000
2024-05-19 14:05:15.672,OnTrack,-8356,-5572,898,pos,0 days 01:01:59.078000,0 days 01:57:35.686000
2024-05-19 14:05:16.012,OnTrack,-8230,-5418,902,pos,0 days 01:01:59.418000,0 days 01:57:36.026000
2024-05-19 14:05:16.472,OnTrack,-8128,-5350,906,pos,0 days 01:01:59.878000,0 days 01:57:36.486000
2024-05-19 14:05:16.552,OnTrack,-8102,-5340,908,pos,0 days 01:01:59.958000,0 days 01:57:36.566000
2024-05-19 14:05:16.812,OnTrack,-8015,-5325,911,pos,0 days 01:02:00.218000,0 days 01:57:36.826000
2024-05-19 14:05:17.012,OnTrack,-7908,-5337,921,pos,0 days 01:02:00.418000,0 days 01:57:37.026000
2024-05-19 14:05:17.452,OnTrack,-7793,-5366,930,pos,0 days 01:02:00.858000,0 days 01:57:37.466000
2024-05-19 14:05:17.652,OnTrack,-7725,-5384,937,pos,0 days 01:02:01.058000,0 days 01:57:37.666000
2024-05-19 14:05:17.833,OnTrack,-7661,-5400,943,pos,0 days 01:02:01.239000,0 days 01:57:37.847000
2024-05-19 14:05:18.072,OnTrack,-7531,-5424,955,pos,0 days 01:02:01.478000,0 days 01:57:38.086000
2024-05-19 14:05:18.372,OnTrack,-7449,-5434,962,pos,0 days 01:02:01.778000,0 days 01:57:38.386000
2024-05-19 14:05:18.652,OnTrack,-7270,-5443,978,pos,0 days 01:02:02.058000,0 days 01:57:38.666000
2024-05-19 14:05:18.991,OnTrack,-7164,-5443,986,pos,0 days 01:02:02.397000,0 days 01:57:39.005000
2024-05-19 14:05:19.371,OnTrack,-6928,-5441,1003,pos,0 days 01:02:02.777000,0 days 01:57:39.385000
2024-05-19 14:05:19.732,OnTrack,-6775,-5440,1011,pos,0 days 01:02:03.138000,0 days 01:57:39.746000
2024-05-19 14:05:19.891,OnTrack,-6684,-5439,1016,pos,0 days 01:02:03.297000,0 days 01:57:39.905000
2024-05-19 14:05:20.131,OnTrack,-6544,-5438,1023,pos,0 days 01:02:03.537000,0 days 01:57:40.145000
2024-05-19 14:05:20.391,OnTrack,-6315,-5436,1030,pos,0 days 01:02:03.797000,0 days 01:57:40.405000
2024-05-19 14:05:20.792,OnTrack,-6139,-5435,1035,pos,0 days 01:02:04.198000,0 days 01:57:40.806000
2024-05-19 14:05:21.052,OnTrack,-5932,-5433,1041,pos,0 days 01:02:04.458000,0 days 01:57:41.066000
2024-05-19 14:05:21.291,OnTrack,-5814,-5432,1045,pos,0 days 01:02:04.697000,0 days 01:57:41.305000
2024-05-19 14:05:21.551,OnTrack,-5638,-5430,1050,pos,0 days 01:02:04.957000,0 days 01:57:41.565000
2024-05-19 14:05:21.831,OnTrack,-5446,-5428,1055,pos,0 days 01:02:05.237000,0 days 01:57:41.845000
2024-05-19 14:05:22.032,OnTrack,-5274,-5425,1060,pos,0 days 01:02:05.438000,0 days 01:57:42.046000
2024-05-19 14:05:22.412,OnTrack,-4954,-5404,1070,pos,0 days 01:02:05.818000,0 days 01:57:42.426000
2024-05-19 14:05:22.812,OnTrack,-4756,-5386,1075,pos,0 days 01:02:06.218000,0 days 01:57:42.826000
2024-05-19 14:05:23.032,OnTrack,-4600,-5372,1078,pos,0 days 01:02:06.438000,0 days 01:57:43.046000
2024-05-19 14:05:23.312,OnTrack,-4400,-5355,1082,pos,0 days 01:02:06.718000,0 days 01:57:43.326000
2024-05-19 14:05:23.513,OnTrack,-4257,-5343,1083,pos,0 days 01:02:06.919000,0 days 01:57:43.527000
2024-05-19 14:05:23.672,OnTrack,-4043,-5326,1084,pos,0 days 01:02:07.078000,0 days 01:57:43.686000
2024-05-19 14:05:24.032,OnTrack,-3890,-5313,1086,pos,0 days 01:02:07.438000,0 days 01:57:44.046000
2024-05-19 14:05:24.232,OnTrack,-3760,-5302,1087,pos,0 days 01:02:07.638000,0 days 01:57:44.246000
2024-05-19 14:05:24.532,OnTrack,-3589,-5288,1087,pos,0 days 01:02:07.938000,0 days 01:57:44.546000
2024-05-19 14:05:24.771,OnTrack,-3432,-5277,1088,pos,0 days 01:02:08.177000,0 days 01:57:44.785000
2024-05-19 14:05:25.031,OnTrack,-3355,-5273,1089,pos,0 days 01:02:08.437000,0 days 01:57:45.045000
2024-05-19 14:05:25.391,OnTrack,-3223,-5279,1092,pos,0 days 01:02:08.797000,0 days 01:57:45.405000
2024-05-19 14:05:25.651,OnTrack,-3157,-5308,1093,pos,0 days 01:02:09.057000,0 days 01:57:45.665000
2024-05-19 14:05:26.012,OnTrack,-3053,-5404,1096,pos,0 days 01:02:09.418000,0 days 01:57:46.026000
2024-05-19 14:05:26.351,OnTrack,-2991,-5470,1096,pos,0 days 01:02:09.757000,0 days 01:57:46.365000
2024-05-19 14:05:26.552,OnTrack,-2946,-5508,1096,pos,0 days 01:02:09.958000,0 days 01:57:46.566000
2024-05-19 14:05:26.671,OnTrack,-2917,-5527,1096,pos,0 days 01:02:10.077000,0 days 01:57:46.685000
2024-05-19 14:05:26.912,OnTrack,-2856,-5553,1095,pos,0 days 01:02:10.318000,0 days 01:57:46.926000
2024-05-19 14:05:27.132,OnTrack,-2798,-5563,1094,pos,0 days 01:02:10.538000,0 days 01:57:47.146000
2024-05-19 14:05:27.291,OnTrack,-2756,-5560,1094,pos,0 days 01:02:10.697000,0 days 01:57:47.305000
2024-05-19 14:05:27.452,OnTrack,-2711,-5552,1093,pos,0 days 01:02:10.858000,0 days 01:57:47.466000
2024-05-19 14:05:27.692,OnTrack,-2645,-5535,1091,pos,0 days 01:02:11.098000,0 days 01:57:47.706000
2024-05-19 14:05:27.992,OnTrack,-2527,-5495,1088,pos,0 days 01:02:11.398000,0 days 01:57:48.006000
2024-05-19 14:05:28.292,OnTrack,-2474,-5473,1087,pos,0 days 01:02:11.698000,0 days 01:57:48.306000
2024-05-19 14:05:28.512,OnTrack,-2404,-5443,1086,pos,0 days 01:02:11.918000,0 days 01:57:48.526000
2024-05-19 14:05:28.692,OnTrack,-2344,-5415,1085,pos,0 days 01:02:12.098000,0 days 01:57:48.706000
2024-05-19 14:05:28.992,OnTrack,-2237,-5361,1082,pos,0 days 01:02:12.398000,0 days 01:57:49.006000
2024-05-19 14:05:29.191,OnTrack,-2161,-5321,1080,pos,0 days 01:02:12.597000,0 days 01:57:49.205000
2024-05-19 14:05:29.352,OnTrack,-2096,-5287,1079,pos,0 days 01:02:12.758000,0 days 01:57:49.366000
2024-05-19 14:05:29.532,OnTrack,-2021,-5247,1077,pos,0 days 01:02:12.938000,0 days 01:57:49.546000
2024-05-19 14:05:29.712,OnTrack,-1941,-5205,1075,pos,0 days 01:02:13.118000,0 days 01:57:49.726000
2024-05-19 14:05:30.112,OnTrack,-1696,-5077,1070,pos,0 days 01:02:13.518000,0 days 01:57:50.126000
2024-05-19 14:05:30.452,OnTrack,-1575,-5018,1068,pos,0 days 01:02:13.858000,0 days 01:57:50.466000
2024-05-19 14:05:30.652,OnTrack,-1467,-4967,1066,pos,0 days 01:02:14.058000,0 days 01:57:50.666000
2024-05-19 14:05:30.832,OnTrack,-1368,-4922,1064,pos,0 days 01:02:14.238000,0 days 01:57:50.846000
2024-05-19 14:05:30.992,OnTrack,-1278,-4881,1063,pos,0 days 01:02:14.398000,0 days 01:57:51.006000
2024-05-19 14:05:31.212,OnTrack,-1154,-4823,1060,pos,0 days 01:02:14.618000,0 days 01:57:51.226000
2024-05-19 14:05:31.392,OnTrack,-1052,-4770,1058,pos,0 days 01:02:14.798000,0 days 01:57:51.406000
2024-05-19 14:05:31.651,OnTrack,-903,-4684,1055,pos,0 days 01:02:15.057000,0 days 01:57:51.665000
2024-05-19 14:05:31.911,OnTrack,-756,-4590,1051,pos,0 days 01:02:15.317000,0 days 01:57:51.925000
2024-05-19 14:05:31.992,OnTrack,-710,-4559,1050,pos,0 days 01:02:15.398000,0 days 01:57:52.006000
2024-05-19 14:05:32.191,OnTrack,-597,-4479,1046,pos,0 days 01:02:15.597000,0 days 01:57:52.205000
2024-05-19 14:05:32.451,OnTrack,-449,-4372,1042,pos,0 days 01:02:15.857000,0 days 01:57:52.465000
2024-05-19 14:05:32.772,OnTrack,-244,-4214,1035,pos,0 days 01:02:16.178000,0 days 01:57:52.786000
2024-05-19 14:05:33.032,OnTrack,-121,-4112,1032,pos,0 days 01:02:16.438000,0 days 01:57:53.046000
2024-05-19 14:05:33.291,OnTrack,21,-3985,1028,pos,0 days 01:02:16.697000,0 days 01:57:53.305000
2024-05-19 14:05:33.451,OnTrack,107,-3902,1026,pos,0 days 01:02:16.857000,0 days 01:57:53.465000
2024-05-19 14:05:33.731,OnTrack,327,-3672,1020,pos,0 days 01:02:17.137000,0 days 01:57:53.745000
2024-05-19 14:05:34.192,OnTrack,493,-3490,1013,pos,0 days 01:02:17.598000,0 days 01:57:54.206000
2024-05-19 14:05:34.392,OnTrack,628,-3339,1005,pos,0 days 01:02:17.798000,0 days 01:57:54.406000
2024-05-19 14:05:34.752,OnTrack,785,-3165,996,pos,0 days 01:02:18.158000,0 days 01:57:54.766000
2024-05-19 14:05:34.992,OnTrack,911,-3026,987,pos,0 days 01:02:18.398000,0 days 01:57:55.006000
2024-05-19 14:05:35.212,OnTrack,1027,-2898,978,pos,0 days 01:02:18.618000,0 days 01:57:55.226000
2024-05-19 14:05:35.431,OnTrack,1144,-2768,968,pos,0 days 01:02:18.837000,0 days 01:57:55.445000
2024-05-19 14:05:35.632,OnTrack,1251,-2650,958,pos,0 days 01:02:19.038000,0 days 01:57:55.646000
2024-05-19 14:05:35.792,OnTrack,1339,-2557,951,pos,0 days 01:02:19.198000,0 days 01:57:55.806000
2024-05-19 14:05:36.011,OnTrack,1464,-2434,939,pos,0 days 01:02:19.417000,0 days 01:57:56.025000
2024-05-19 14:05:36.252,OnTrack,1668,-2271,921,pos,0 days 01:02:19.658000,0 days 01:57:56.266000
2024-05-19 14:05:36.412,OnTrack,1784,-2196,912,pos,0 days 01:02:19.818000,0 days 01:57:56.426000
2024-05-19 14:05:36.712,OnTrack,2012,-2088,894,pos,0 days 01:02:20.118000,0 days 01:57:56.726000
2024-05-19 14:05:36.872,OnTrack,2137,-2038,885,pos,0 days 01:02:20.278000,0 days 01:57:56.886000
2024-05-19 14:05:37.113,OnTrack,2317,-1967,871,pos,0 days 01:02:20.519000,0 days 01:57:57.127000
2024-05-19 14:05:37.212,OnTrack,2387,-1938,865,pos,0 days 01:02:20.618000,0 days 01:57:57.226000
2024-05-19 14:05:37.393,OnTrack,2507,-1890,856,pos,0 days 01:02:20.799000,0 days 01:57:57.407000
2024-05-19 14:05:37.732,OnTrack,2704,-1809,842,pos,0 days 01:02:21.138000,0 days 01:57:57.746000
2024-05-19 14:05:37.891,OnTrack,2788,-1775,836,pos,0 days 01:02:21.297000,0 days 01:57:57.905000
2024-05-19 14:05:38.031,OnTrack,2854,-1747,831,pos,0 days 01:02:21.437000,0 days 01:57:58.045000
2024-05-19 14:05:38.291,OnTrack,2964,-1696,824,pos,0 days 01:02:21.697000,0 days 01:57:58.305000
2024-05-19 14:05:38.492,OnTrack,3027,-1660,820,pos,0 days 01:02:21.898000,0 days 01:57:58.506000
2024-05-19 14:05:38.772,OnTrack,3104,-1594,815,pos,0 days 01:02:22.178000,0 days 01:57:58.786000
2024-05-19 14:05:38.812,OnTrack,3113,-1584,814,pos,0 days 01:02:22.218000,0 days 01:57:58.826000
2024-05-19 14:05:39.052,OnTrack,3157,-1515,810,pos,0 days 01:02:22.458000,0 days 01:57:59.066000
2024-05-19 14:05:39.312,OnTrack,3183,-1434,807,pos,0 days 01:02:22.718000,0 days 01:57:59.326000
2024-05-19 14:05:39.632,OnTrack,3184,-1287,801,pos,0 days 01:02:23.038000,0 days 01:57:59.646000
2024-05-19 14:05:39.972,OnTrack,3172,-1223,799,pos,0 days 01:02:23.378000,0 days 01:57:59.986000
2024-05-19 14:05:40.232,OnTrack,3136,-1095,796,pos,0 days 01:02:23.638000,0 days 01:58:00.246000
2024-05-19 14:05:40.472,OnTrack,3125,-1063,796,pos,0 days 01:02:23.878000,0 days 01:58:00.486000
2024-05-19 14:05:40.712,OnTrack,3098,-982,794,pos,0 days 01:02:24.118000,0 days 01:58:00.726000
2024-05-19 14:05:40.972,OnTrack,3064,-891,793,pos,0 days 01:02:24.378000,0 days 01:58:00.986000
2024-05-19 14:05:41.131,OnTrack,3039,-833,793,pos,0 days 01:02:24.537000,0 days 01:58:01.145000
2024-05-19 14:05:41.292,OnTrack,3011,-771,792,pos,0 days 01:02:24.698000,0 days 01:58:01.306000
2024-05-19 14:05:41.512,OnTrack,2966,-685,791,pos,0 days 01:02:24.918000,0 days 01:58:01.526000
2024-05-19 14:05:41.852,OnTrack,2885,-561,789,pos,0 days 01:02:25.258000,0 days 01:58:01.866000
2024-05-19 14:05:42.072,OnTrack,2824,-495,789,pos,0 days 01:02:25.478000,0 days 01:58:02.086000
2024-05-19 14:05:42.132,OnTrack,2805,-479,788,pos,0 days 01:02:25.538000,0 days 01:58:02.146000
2024-05-19 14:05:42.352,OnTrack,2734,-431,788,pos,0 days 01:02:25.758000,0 days 01:58:02.366000
2024-05-19 14:05:42.612,OnTrack,2640,-390,787,pos,0 days 01:02:26.018000,0 days 01:58:02.626000
2024-05-19 14:05:42.772,OnTrack,2581,-375,787,pos,0 days 01:02:26.178000,0 days 01:58:02.786000
2024-05-19 14:05:43.092,OnTrack,2462,-360,786,pos,0 days 01:02:26.498000,0 days 01:58:03.106000
2024-05-19 14:05:43.292,OnTrack,2340,-363,786,pos,0 days 01:02:26.698000,0 days 01:58:03.306000
2024-05-19 14:05:43.653,OnTrack,2246,-379,784,pos,0 days 01:02:27.059000,0 days 01:58:03.667000
2024-05-19 14:05:43.933,OnTrack,2136,-413,783,pos,0 days 01:02:27.339000,0 days 01:58:03.947000
2024-05-19 14:05:44.112,OnTrack,2065,-442,782,pos,0 days 01:02:27.518000,0 days 01:58:04.126000
2024-05-19 14:05:44.292,OnTrack,1993,-476,782,pos,0 days 01:02:27.698000,0 days 01:58:04.306000
2024-05-19 14:05:44.551,OnTrack,1864,-536,781,pos,0 days 01:02:27.957000,0 days 01:58:04.565000
2024-05-19 14:05:44.911,OnTrack,1728,-598,779,pos,0 days 01:02:28.317000,0 days 01:58:04.925000
2024-05-19 14:05:45.091,OnTrack,1641,-638,778,pos,0 days 01:02:28.497000,0 days 01:58:05.105000
2024-05-19 14:05:45.352,OnTrack,1510,-697,778,pos,0 days 01:02:28.758000,0 days 01:58:05.366000
2024-05-19 14:05:45.531,OnTrack,1362,-764,778,pos,0 days 01:02:28.937000,0 days 01:58:05.545000
2024-05-19 14:05:45.912,OnTrack,1209,-833,778,pos,0 days 01:02:29.318000,0 days 01:58:05.926000
2024-05-19 14:05:46.172,OnTrack,1062,-900,778,pos,0 days 01:02:29.578000,0 days 01:58:06.186000
2024-05-19 14:05:46.432,OnTrack,862,-989,779,pos,0 days 01:02:29.838000,0 days 01:58:06.446000
2024-05-19 14:05:46.652,OnTrack,778,-1025,779,pos,0 days 01:02:30.058000,0 days 01:58:06.666000
2024-05-19 14:05:47.012,OnTrack,552,-1119,780,pos,0 days 01:02:30.418000,0 days 01:58:07.026000
2024-05-19 14:05:47.252,OnTrack,310,-1221,781,pos,0 days 01:02:30.658000,0 days 01:58:07.266000
2024-05-19 14:05:47.632,OnTrack,114,-1304,781,pos,0 days 01:02:31.038000,0 days 01:58:07.646000
2024-05-19 14:05:47.912,OnTrack,-32,-1364,781,pos,0 days 01:02:31.318000,0 days 01:58:07.926000
2024-05-19 14:05:48.192,OnTrack,-222,-1437,782,pos,0 days 01:02:31.598000,0 days 01:58:08.206000
2024-05-19 14:05:48.511,OnTrack,-449,-1507,783,pos,0 days 01:02:31.917000,0 days 01:58:08.525000
2024-05-19 14:05:48.692,OnTrack,-684,-1558,783,pos,0 days 01:02:32.098000,0 days 01:58:08.706000
2024-05-19 14:05:49.152,OnTrack,-1065,-1588,784,pos,0 days 01:02:32.558000,0 days 01:58:09.166000
2024-05-19 14:05:49.532,OnTrack,-1262,-1593,785,pos,0 days 01:02:32.938000,0 days 01:58:09.546000
2024-05-19 14:05:49.772,OnTrack,-1471,-1603,786,pos,0 days 01:02:33.178000,0 days 01:58:09.786000
2024-05-19 14:05:50.092,OnTrack,-1693,-1616,786,pos,0 days 01:02:33.498000,0 days 01:58:10.106000
2024-05-19 14:05:50.292,OnTrack,-1950,-1630,788,pos,0 days 01:02:33.698000,0 days 01:58:10.306000
2024-05-19 14:05:50.652,OnTrack,-2144,-1641,788,pos,0 days 01:02:34.058000,0 days 01:58:10.666000
2024-05-19 14:05:50.932,OnTrack,-2371,-1654,789,pos,0 days 01:02:34.338000,0 days 01:58:10.946000
2024-05-19 14:05:51.211,OnTrack,-2633,-1668,791,pos,0 days 01:02:34.617000,0 days 01:58:11.225000
2024-05-19 14:05:51.631,OnTrack,-3031,-1680,792,pos,0 days 01:02:35.037000,0 days 01:58:11.645000
2024-05-19 14:05:51.971,OnTrack,-3232,-1688,793,pos,0 days 01:02:35.377000,0 days 01:58:11.985000
2024-05-19 14:05:52.251,OnTrack,-3467,-1695,794,pos,0 days 01:02:35.657000,0 days 01:58:12.265000
2024-05-19 14:05:52.372,OnTrack,-3567,-1696,794,pos,0 days 01:02:35.778000,0 days 01:58:12.386000
2024-05-19 14:05:52.571,OnTrack,-3735,-1690,795,pos,0 days 01:02:35.977000,0 days 01:58:12.585000
2024-05-19 14:05:52.851,OnTrack,-4088,-1646,797,pos,0 days 01:02:36.257000,0 days 01:58:12.865000
2024-05-19 14:05:53.151,OnTrack,-4223,-1620,798,pos,0 days 01:02:36.557000,0 days 01:58:13.165000
2024-05-19 14:05:53.492,OnTrack,-4508,-1556,799,pos,0 days 01:02:36.898000,0 days 01:58:13.506000
2024-05-19 14:05:53.651,OnTrack,-4641,-1524,800,pos,0 days 01:02:37.057000,0 days 01:58:13.665000
2024-05-19 14:05:53.812,OnTrack,-4775,-1491,801,pos,0 days 01:02:37.218000,0 days 01:58:13.826000
2024-05-19 14:05:54.012,OnTrack,-4942,-1450,803,pos,0 days 01:02:37.418000,0 days 01:58:14.026000
2024-05-19 14:05:54.171,OnTrack,-5075,-1417,804,pos,0 days 01:02:37.577000,0 days 01:58:14.185000
2024-05-19 14:05:54.552,OnTrack,-5462,-1327,807,pos,0 days 01:02:37.958000,0 days 01:58:14.566000
2024-05-19 14:05:54.912,OnTrack,-5701,-1282,809,pos,0 days 01:02:38.318000,0 days 01:58:14.926000
2024-05-19 14:05:55.152,OnTrack,-5907,-1255,811,pos,0 days 01:02:38.558000,0 days 01:58:15.166000
2024-05-19 14:05:55.311,OnTrack,-6151,-1238,813,pos,0 days 01:02:38.717000,0 days 01:58:15.325000
2024-05-19 14:05:55.611,OnTrack,-6308,-1232,814,pos,0 days 01:02:39.017000,0 days 01:58:15.625000
2024-05-19 14:05:55.792,OnTrack,-6465,-1230,814,pos,0 days 01:02:39.198000,0 days 01:58:15.806000
2024-05-19 14:05:56.012,OnTrack,-6657,-1230,815,pos,0 days 01:02:39.418000,0 days 01:58:16.026000
2024-05-19 14:05:56.352,OnTrack,-6955,-1234,817,pos,0 days 01:02:39.758000,0 days 01:58:16.366000
2024-05-19 14:05:56.492,OnTrack,-7077,-1239,817,pos,0 days 01:02:39.898000,0 days 01:58:16.506000
2024-05-19 14:05:56.713,OnTrack,-7392,-1258,818,pos,0 days 01:02:40.119000,0 days 01:58:16.727000
2024-05-19 14:05:57.072,OnTrack,-7585,-1276,818,pos,0 days 01:02:40.478000,0 days 01:58:17.086000
2024-05-19 14:05:57.253,OnTrack,-7743,-1292,818,pos,0 days 01:02:40.659000,0 days 01:58:17.267000
2024-05-19 14:05:57.492,OnTrack,-7999,-1322,818,pos,0 days 01:02:40.898000,0 days 01:58:17.506000
2024-05-19 14:05:57.771,OnTrack,-8376,-1372,819,pos,0 days 01:02:41.177000,0 days 01:58:17.785000
2024-05-19 14:05:58.072,OnTrack,-8533,-1394,819,pos,0 days 01:02:41.478000,0 days 01:58:18.086000
2024-05-19 14:05:58.311,OnTrack,-8744,-1423,819,pos,0 days 01:02:41.717000,0 days 01:58:18.325000
2024-05-19 14:05:58.591,OnTrack,-8989,-1459,819,pos,0 days 01:02:41.997000,0 days 01:58:18.605000
2024-05-19 14:05:58.771,OnTrack,-9145,-1485,819,pos,0 days 01:02:42.177000,0 days 01:58:18.785000
2024-05-19 14:05:58.932,OnTrack,-9283,-1515,819,pos,0 days 01:02:42.338000,0 days 01:58:18.946000
2024-05-19 14:05:59.272,OnTrack,-9645,-1621,819,pos,0 days 01:02:42.678000,0 days 01:58:19.286000
2024-05-19 14:05:59.611,OnTrack,-9792,-1668,818,pos,0 days 01:02:43.017000,0 days 01:58:19.625000
2024-05-19 14:05:59.792,OnTrack,-9903,-1703,818,pos,0 days 01:02:43.198000,0 days 01:58:19.806000
2024-05-19 14:06:00.032,OnTrack,-10036,-1744,819,pos,0 days 01:02:43.438000,0 days 01:58:20.046000
2024-05-19 14:06:00.231,OnTrack,-10111,-1767,818,pos,0 days 01:02:43.637000,0 days 01:58:20.245000
2024-05-19 14:06:00.451,OnTrack,-10206,-1802,818,pos,0 days 01:02:43.857000,0 days 01:58:20.465000
2024-05-19 14:06:00.552,OnTrack,-10241,-1822,818,pos,0 days 01:02:43.958000,0 days 01:58:20.566000
2024-05-19 14:06:00.832,OnTrack,-10325,-1896,818,pos,0 days 01:02:44.238000,0 days 01:58:20.846000
2024-05-19 14:06:01.112,OnTrack,-10396,-2055,818,pos,0 days 01:02:44.518000,0 days 01:58:21.126000
2024-05-19 14:06:01.512,OnTrack,-10425,-2161,819,pos,0 days 01:02:44.918000,0 days 01:58:21.526000
2024-05-19 14:06:01.772,OnTrack,-10478,-2298,819,pos,0 days 01:02:45.178000,0 days 01:58:21.786000
2024-05-19 14:06:02.072,OnTrack,-10522,-2371,818,pos,0 days 01:02:45.478000,0 days 01:58:22.086000
2024-05-19 14:06:03.212,OnTrack,-10931,-2677,821,pos,0 days 01:02:46.618000,0 days 01:58:23.226000
2024-05-19 14:06:03.452,OnTrack,-11033,-2736,821,pos,0 days 01:02:46.858000,0 days 01:58:23.466000
2024-05-19 14:06:03.692,OnTrack,-11203,-2835,823,pos,0 days 01:02:47.098000,0 days 01:58:23.706000
2024-05-19 14:06:03.992,OnTrack,-11278,-2880,824,pos,0 days 01:02:47.398000,0 days 01:58:24.006000
2024-05-19 14:06:04.231,OnTrack,-11391,-2951,824,pos,0 days 01:02:47.637000,0 days 01:58:24.245000
2024-05-19 14:06:04.571,OnTrack,-11546,-3072,825,pos,0 days 01:02:47.977000,0 days 01:58:24.585000
2024-05-19 14:06:04.771,OnTrack,-11627,-3159,825,pos,0 days 01:02:48.177000,0 days 01:58:24.785000
2024-05-19 14:06:04.952,OnTrack,-11716,-3291,825,pos,0 days 01:02:48.358000,0 days 01:58:24.966000
2024-05-19 14:06:05.351,OnTrack,-11800,-3469,826,pos,0 days 01:02:48.757000,0 days 01:58:25.365000
2024-05-19 14:06:05.531,OnTrack,-11842,-3577,827,pos,0 days 01:02:48.937000,0 days 01:58:25.545000
2024-05-19 14:06:05.712,OnTrack,-11884,-3688,827,pos,0 days 01:02:49.118000,0 days 01:58:25.726000
2024-05-19 14:06:06.052,OnTrack,-11997,-3990,828,pos,0 days 01:02:49.458000,0 days 01:58:26.066000
2024-05-19 14:06:06.312,OnTrack,-12026,-4068,829,pos,0 days 01:02:49.718000,0 days 01:58:26.326000
2024-05-19 14:06:06.532,OnTrack,-12080,-4212,829,pos,0 days 01:02:49.938000,0 days 01:58:26.546000
2024-05-19 14:06:06.872,OnTrack,-12165,-4438,830,pos,0 days 01:02:50.278000,0 days 01:58:26.886000
2024-05-19 14:06:07.072,OnTrack,-12247,-4656,830,pos,0 days 01:02:50.478000,0 days 01:58:27.086000
2024-05-19 14:06:07.472,OnTrack,-12319,-4849,831,pos,0 days 01:02:50.878000,0 days 01:58:27.486000
2024-05-19 14:06:07.531,OnTrack,-12335,-4890,831,pos,0 days 01:02:50.937000,0 days 01:58:27.545000
2024-05-19 14:06:07.752,OnTrack,-12393,-5044,831,pos,0 days 01:02:51.158000,0 days 01:58:27.766000
2024-05-19 14:06:08.132,OnTrack,-12493,-5311,832,pos,0 days 01:02:51.538000,0 days 01:58:28.146000
2024-05-19 14:06:08.352,OnTrack,-12562,-5495,833,pos,0 days 01:02:51.758000,0 days 01:58:28.366000
2024-05-19 14:06:08.632,OnTrack,-12626,-5666,833,pos,0 days 01:02:52.038000,0 days 01:58:28.646000
2024-05-19 14:06:08.792,OnTrack,-12669,-5780,833,pos,0 days 01:02:52.198000,0 days 01:58:28.806000
2024-05-19 14:06:09.092,OnTrack,-12750,-5995,834,pos,0 days 01:02:52.498000,0 days 01:58:29.106000
2024-05-19 14:06:09.272,OnTrack,-12800,-6123,834,pos,0 days 01:02:52.678000,0 days 01:58:29.286000
2024-05-19 14:06:09.512,OnTrack,-12869,-6294,835,pos,0 days 01:02:52.918000,0 days 01:58:29.526000
2024-05-19 14:06:09.712,OnTrack,-12928,-6436,835,pos,0 days 01:02:53.118000,0 days 01:58:29.726000
2024-05-19 14:06:10.032,OnTrack,-13065,-6762,836,pos,0 days 01:02:53.438000,0 days 01:58:30.046000
2024-05-19 14:06:10.432,OnTrack,-13129,-6941,837,pos,0 days 01:02:53.838000,0 days 01:58:30.446000
2024-05-19 14:06:10.633,OnTrack,-13162,-7136,838,pos,0 days 01:02:54.039000,0 days 01:58:30.647000
2024-05-19 14:06:11.011,OnTrack,-13144,-7382,839,pos,0 days 01:02:54.417000,0 days 01:58:31.025000
2024-05-19 14:06:11.371,OnTrack,-13111,-7542,840,pos,0 days 01:02:54.777000,0 days 01:58:31.385000
2024-05-19 14:06:11.611,OnTrack,-13077,-7680,841,pos,0 days 01:02:55.017000,0 days 01:58:31.625000
2024-05-19 14:06:11.732,OnTrack,-13062,-7744,842,pos,0 days 01:02:55.138000,0 days 01:58:31.746000
2024-05-19 14:06:11.931,OnTrack,-13039,-7846,843,pos,0 days 01:02:55.337000,0 days 01:58:31.945000
2024-05-19 14:06:12.272,OnTrack,-13030,-8061,844,pos,0 days 01:02:55.678000,0 days 01:58:32.286000
2024-05-19 14:06:12.751,OnTrack,-13130,-8243,846,pos,0 days 01:02:56.157000,0 days 01:58:32.765000
2024-05-19 14:06:13.132,OnTrack,-13257,-8358,848,pos,0 days 01:02:56.538000,0 days 01:58:33.146000
2024-05-19 14:06:13.452,OnTrack,-13379,-8463,849,pos,0 days 01:02:56.858000,0 days 01:58:33.466000
2024-05-19 14:06:13.932,OnTrack,-13507,-8571,851,pos,0 days 01:02:57.338000,0 days 01:58:33.946000
2024-05-19 14:06:14.012,OnTrack,-13538,-8598,851,pos,0 days 01:02:57.418000,0 days 01:58:34.026000
2024-05-19 14:06:14.252,OnTrack,-13634,-8679,852,pos,0 days 01:02:57.658000,0 days 01:58:34.266000
2024-05-19 14:06:14.492,OnTrack,-13733,-8763,854,pos,0 days 01:02:57.898000,0 days 01:58:34.506000
2024-05-19 14:06:14.732,OnTrack,-13813,-8830,856,pos,0 days 01:02:58.138000,0 days 01:58:34.746000
2024-05-19 14:06:14.891,OnTrack,-13946,-8942,858,pos,0 days 01:02:58.297000,0 days 01:58:34.905000
2024-05-19 14:06:15.372,OnTrack,-14113,-9098,863,pos,0 days 01:02:58.778000,0 days 01:58:35.386000
2024-05-19 14:06:15.572,OnTrack,-14200,-9184,866,pos,0 days 01:02:58.978000,0 days 01:58:35.586000
2024-05-19 14:06:15.751,OnTrack,-14279,-9262,870,pos,0 days 01:02:59.157000,0 days 01:58:35.765000
2024-05-19 14:06:15.952,OnTrack,-14411,-9394,876,pos,0 days 01:02:59.358000,0 days 01:58:35.966000
2024-05-19 14:06:16.232,OnTrack,-14492,-9471,879,pos,0 days 01:02:59.638000,0 days 01:58:36.246000
2024-05-19 14:06:16.532,OnTrack,-14669,-9638,888,pos,0 days 01:02:59.938000,0 days 01:58:36.546000
2024-05-19 14:06:16.932,OnTrack,-14762,-9734,892,pos,0 days 01:03:00.338000,0 days 01:58:36.946000
2024-05-19 14:06:17.232,OnTrack,-14859,-9863,898,pos,0 days 01:03:00.638000,0 days 01:58:37.246000
2024-05-19 14:06:17.491,OnTrack,-14884,-9914,899,pos,0 days 01:03:00.897000,0 days 01:58:37.505000
2024-05-19 14:06:17.712,OnTrack,-14907,-9983,901,pos,0 days 01:03:01.118000,0 days 01:58:37.726000
2024-05-19 14:06:17.952,OnTrack,-14916,-10058,904,pos,0 days 01:03:01.358000,0 days 01:58:37.966000
2024-05-19 14:06:18.131,OnTrack,-14911,-10111,906,pos,0 days 01:03:01.537000,0 days 01:58:38.145000
2024-05-19 14:06:18.311,OnTrack,-14897,-10161,909,pos,0 days 01:03:01.717000,0 days 01:58:38.325000
2024-05-19 14:06:18.471,OnTrack,-14878,-10203,911,pos,0 days 01:03:01.877000,0 days 01:58:38.485000
2024-05-19 14:06:18.691,OnTrack,-14842,-10253,914,pos,0 days 01:03:02.097000,0 days 01:58:38.705000
2024-05-19 14:06:19.072,OnTrack,-14766,-10319,921,pos,0 days 01:03:02.478000,0 days 01:58:39.086000
2024-05-19 14:06:19.092,OnTrack,-14762,-10322,921,pos,0 days 01:03:02.498000,0 days 01:58:39.106000
2024-05-19 14:06:19.471,OnTrack,-14673,-10366,924,pos,0 days 01:03:02.877000,0 days 01:58:39.485000
2024-05-19 14:06:19.712,OnTrack,-14595,-10385,929,pos,0 days 01:03:03.118000,0 days 01:58:39.726000
2024-05-19 14:06:20.011,OnTrack,-14529,-10393,933,pos,0 days 01:03:03.417000,0 days 01:58:40.025000
2024-05-19 14:06:20.331,OnTrack,-14398,-10393,939,pos,0 days 01:03:03.737000,0 days 01:58:40.345000
2024-05-19 14:06:20.672,OnTrack,-14313,-10384,942,pos,0 days 01:03:04.078000,0 days 01:58:40.686000
2024-05-19 14:06:21.171,OnTrack,-14154,-10360,950,pos,0 days 01:03:04.577000,0 days 01:58:41.185000
2024-05-19 14:06:21.412,OnTrack,-14098,-10350,952,pos,0 days 01:03:04.818000,0 days 01:58:41.426000
2024-05-19 14:06:21.711,OnTrack,-13970,-10326,958,pos,0 days 01:03:05.117000,0 days 01:58:41.725000
2024-05-19 14:06:21.991,OnTrack,-13843,-10299,964,pos,0 days 01:03:05.397000,0 days 01:58:42.005000
2024-05-19 14:06:22.132,OnTrack,-13725,-10275,969,pos,0 days 01:03:05.538000,0 days 01:58:42.146000
2024-05-19 14:06:22.452,OnTrack,-13612,-10252,974,pos,0 days 01:03:05.858000,0 days 01:58:42.466000
2024-05-19 14:06:22.652,OnTrack,-13505,-10233,978,pos,0 days 01:03:06.058000,0 days 01:58:42.666000
2024-05-19 14:06:22.992,OnTrack,-13315,-10199,986,pos,0 days 01:03:06.398000,0 days 01:58:43.006000
2024-05-19 14:06:23.192,OnTrack,-13163,-10172,991,pos,0 days 01:03:06.598000,0 days 01:58:43.206000
2024-05-19 14:06:23.452,OnTrack,-13042,-10151,995,pos,0 days 01:03:06.858000,0 days 01:58:43.466000
2024-05-19 14:06:23.732,OnTrack,-12868,-10123,1001,pos,0 days 01:03:07.138000,0 days 01:58:43.746000
2024-05-19 14:06:23.991,OnTrack,-12702,-10098,1006,pos,0 days 01:03:07.397000,0 days 01:58:44.005000
2024-05-19 14:06:24.131,OnTrack,-12612,-10084,1009,pos,0 days 01:03:07.537000,0 days 01:58:44.145000
2024-05-19 14:06:24.451,OnTrack,-12399,-10053,1017,pos,0 days 01:03:07.857000,0 days 01:58:44.465000
2024-05-19 14:06:24.611,OnTrack,-12291,-10038,1022,pos,0 days 01:03:08.017000,0 days 01:58:44.625000
2024-05-19 14:06:24.832,OnTrack,-12139,-10017,1030,pos,0 days 01:03:08.238000,0 days 01:58:44.846000
2024-05-19 14:06:25.012,OnTrack,-12014,-10000,1038,pos,0 days 01:03:08.418000,0 days 01:58:45.026000
2024-05-19 14:06:25.292,OnTrack,-11770,-9970,1055,pos,0 days 01:03:08.698000,0 days 01:58:45.306000
2024-05-19 14:06:25.592,OnTrack,-11583,-9950,1066,pos,0 days 01:03:08.998000,0 days 01:58:45.606000
2024-05-19 14:06:25.832,OnTrack,-11410,-9934,1078,pos,0 days 01:03:09.238000,0 days 01:58:45.846000
2024-05-19 14:06:26.051,OnTrack,-11250,-9924,1087,pos,0 days 01:03:09.457000,0 days 01:58:46.065000
2024-05-19 14:06:26.271,OnTrack,-11089,-9919,1097,pos,0 days 01:03:09.677000,0 days 01:58:46.285000
2024-05-19 14:06:26.472,OnTrack,-10941,-9918,1105,pos,0 days 01:03:09.878000,0 days 01:58:46.486000
2024-05-19 14:06:26.732,OnTrack,-10749,-9922,1115,pos,0 days 01:03:10.138000,0 days 01:58:46.746000
2024-05-19 14:06:26.952,OnTrack,-10527,-9937,1122,pos,0 days 01:03:10.358000,0 days 01:58:46.966000
2024-05-19 14:06:27.352,OnTrack,-10274,-9963,1122,pos,0 days 01:03:10.758000,0 days 01:58:47.366000
2024-05-19 14:06:27.732,OnTrack,-9946,-10001,1120,pos,0 days 01:03:11.138000,0 days 01:58:47.746000
2024-05-19 14:06:28.052,OnTrack,-9662,-10034,1118,pos,0 days 01:03:11.458000,0 days 01:58:48.066000
2024-05-19 14:06:28.552,OnTrack,-9402,-10061,1115,pos,0 days 01:03:11.958000,0 days 01:58:48.566000
2024-05-19 14:06:28.712,OnTrack,-9290,-10069,1115,pos,0 days 01:03:12.118000,0 days 01:58:48.726000
2024-05-19 14:06:28.912,OnTrack,-9165,-10070,1114,pos,0 days 01:03:12.318000,0 days 01:58:48.926000
2024-05-19 14:06:29.132,OnTrack,-9039,-10057,1114,pos,0 days 01:03:12.538000,0 days 01:58:49.146000
2024-05-19 14:06:29.392,OnTrack,-8842,-9986,1114,pos,0 days 01:03:12.798000,0 days 01:58:49.406000
2024-05-19 14:06:29.632,OnTrack,-8787,-9951,1112,pos,0 days 01:03:13.038000,0 days 01:58:49.646000
2024-05-19 14:06:29.832,OnTrack,-8704,-9881,1110,pos,0 days 01:03:13.238000,0 days 01:58:49.846000
2024-05-19 14:06:30.172,OnTrack,-8590,-9728,1105,pos,0 days 01:03:13.578000,0 days 01:58:50.186000
2024-05-19 14:06:30.412,OnTrack,-8485,-9528,1098,pos,0 days 01:03:13.818000,0 days 01:58:50.426000
2024-05-19 14:06:30.831,OnTrack,-8411,-9376,1093,pos,0 days 01:03:14.237000,0 days 01:58:50.845000
2024-05-19 14:06:31.012,OnTrack,-8367,-9275,1090,pos,0 days 01:03:14.418000,0 days 01:58:51.026000
2024-05-19 14:06:31.151,OnTrack,-8335,-9193,1087,pos,0 days 01:03:14.557000,0 days 01:58:51.165000
2024-05-19 14:06:31.491,OnTrack,-8266,-8933,1077,pos,0 days 01:03:14.897000,0 days 01:58:51.505000
2024-05-19 14:06:31.812,OnTrack,-8245,-8775,1070,pos,0 days 01:03:15.218000,0 days 01:58:51.826000
2024-05-19 14:06:31.971,OnTrack,-8238,-8668,1064,pos,0 days 01:03:15.377000,0 days 01:58:51.985000
2024-05-19 14:06:32.311,OnTrack,-8244,-8436,1049,pos,0 days 01:03:15.717000,0 days 01:58:52.325000
2024-05-19 14:06:32.351,OnTrack,-8246,-8408,1047,pos,0 days 01:03:15.757000,0 days 01:58:52.365000
2024-05-19 14:06:32.591,OnTrack,-8260,-8269,1036,pos,0 days 01:03:15.997000,0 days 01:58:52.605000
2024-05-19 14:06:32.791,OnTrack,-8279,-8131,1022,pos,0 days 01:03:16.197000,0 days 01:58:52.805000
2024-05-19 14:06:33.111,OnTrack,-8320,-7908,1003,pos,0 days 01:03:16.517000,0 days 01:58:53.125000
2024-05-19 14:06:33.172,OnTrack,-8328,-7866,999,pos,0 days 01:03:16.578000,0 days 01:58:53.186000
2024-05-19 14:06:33.411,OnTrack,-8366,-7698,986,pos,0 days 01:03:16.817000,0 days 01:58:53.425000
2024-05-19 14:06:33.631,OnTrack,-8402,-7542,975,pos,0 days 01:03:17.037000,0 days 01:58:53.645000
2024-05-19 14:06:33.931,OnTrack,-8451,-7328,962,pos,0 days 01:03:17.337000,0 days 01:58:53.945000
2024-05-19 14:06:34.132,OnTrack,-8483,-7184,953,pos,0 days 01:03:17.538000,0 days 01:58:54.146000
2024-05-19 14:06:34.372,OnTrack,-8546,-6909,939,pos,0 days 01:03:17.778000,0 days 01:58:54.386000
2024-05-19 14:06:34.632,OnTrack,-8566,-6822,935,pos,0 days 01:03:18.038000,0 days 01:58:54.646000
2024-05-19 14:06:34.932,OnTrack,-8614,-6603,923,pos,0 days 01:03:18.338000,0 days 01:58:54.946000
2024-05-19 14:06:35.212,OnTrack,-8648,-6406,913,pos,0 days 01:03:18.618000,0 days 01:58:55.226000
2024-05-19 14:06:35.331,OnTrack,-8654,-6331,910,pos,0 days 01:03:18.737000,0 days 01:58:55.345000
2024-05-19 14:06:35.572,OnTrack,-8614,-6069,900,pos,0 days 01:03:18.978000,0 days 01:58:55.586000
2024-05-19 14:06:35.912,OnTrack,-8560,-5937,898,pos,0 days 01:03:19.318000,0 days 01:58:55.926000
2024-05-19 14:06:36.173,OnTrack,-8480,-5780,896,pos,0 days 01:03:19.579000,0 days 01:58:56.187000
2024-05-19 14:06:36.432,OnTrack,-8378,-5606,897,pos,0 days 01:03:19.838000,0 days 01:58:56.446000
2024-05-19 14:06:36.733,OnTrack,-8325,-5528,899,pos,0 days 01:03:20.139000,0 days 01:58:56.747000
2024-05-19 14:06:36.972,OnTrack,-8222,-5410,903,pos,0 days 01:03:20.378000,0 days 01:58:56.986000
2024-05-19 14:06:37.371,OnTrack,-8100,-5339,908,pos,0 days 01:03:20.777000,0 days 01:58:57.385000
2024-05-19 14:06:37.852,OnTrack,-7984,-5326,915,pos,0 days 01:03:21.258000,0 days 01:58:57.866000
2024-05-19 14:06:38.031,OnTrack,-7919,-5335,920,pos,0 days 01:03:21.437000,0 days 01:58:58.045000
2024-05-19 14:06:38.311,OnTrack,-7823,-5357,927,pos,0 days 01:03:21.717000,0 days 01:58:58.325000
2024-05-19 14:06:38.471,OnTrack,-7720,-5385,938,pos,0 days 01:03:21.877000,0 days 01:58:58.485000
2024-05-19 14:06:38.811,OnTrack,-7648,-5403,943,pos,0 days 01:03:22.217000,0 days 01:58:58.825000
2024-05-19 14:06:39.012,OnTrack,-7572,-5418,951,pos,0 days 01:03:22.418000,0 days 01:58:59.026000
2024-05-19 14:06:39.212,OnTrack,-7490,-5429,959,pos,0 days 01:03:22.618000,0 days 01:58:59.226000
2024-05-19 14:06:39.411,OnTrack,-7403,-5437,967,pos,0 days 01:03:22.817000,0 days 01:58:59.425000
2024-05-19 14:06:39.572,OnTrack,-7331,-5441,973,pos,0 days 01:03:22.978000,0 days 01:58:59.586000
2024-05-19 14:06:39.832,OnTrack,-7208,-5443,983,pos,0 days 01:03:23.238000,0 days 01:58:59.846000
2024-05-19 14:06:40.072,OnTrack,-7088,-5443,992,pos,0 days 01:03:23.478000,0 days 01:59:00.086000
2024-05-19 14:06:40.272,OnTrack,-6984,-5442,999,pos,0 days 01:03:23.678000,0 days 01:59:00.286000
2024-05-19 14:06:40.511,OnTrack,-6787,-5440,1011,pos,0 days 01:03:23.917000,0 days 01:59:00.525000
2024-05-19 14:06:40.872,OnTrack,-6650,-5439,1018,pos,0 days 01:03:24.278000,0 days 01:59:00.886000
2024-05-19 14:06:41.132,OnTrack,-6448,-5437,1026,pos,0 days 01:03:24.538000,0 days 01:59:01.146000
2024-05-19 14:06:41.412,OnTrack,-6324,-5436,1030,pos,0 days 01:03:24.818000,0 days 01:59:01.426000
2024-05-19 14:06:41.632,OnTrack,-6186,-5435,1034,pos,0 days 01:03:25.038000,0 days 01:59:01.646000
2024-05-19 14:06:41.832,OnTrack,-6058,-5434,1038,pos,0 days 01:03:25.238000,0 days 01:59:01.846000
2024-05-19 14:06:42.052,OnTrack,-5914,-5433,1042,pos,0 days 01:03:25.458000,0 days 01:59:02.066000
2024-05-19 14:06:42.332,OnTrack,-5726,-5431,1047,pos,0 days 01:03:25.738000,0 days 01:59:02.346000
2024-05-19 14:06:42.592,OnTrack,-5521,-5429,1053,pos,0 days 01:03:25.998000,0 days 01:59:02.606000
2024-05-19 14:06:42.993,OnTrack,-5269,-5424,1060,pos,0 days 01:03:26.399000,0 days 01:59:03.007000
2024-05-19 14:06:43.192,OnTrack,-5072,-5414,1067,pos,0 days 01:03:26.598000,0 days 01:59:03.206000
2024-05-19 14:06:43.592,OnTrack,-4847,-5394,1073,pos,0 days 01:03:26.998000,0 days 01:59:03.606000
2024-05-19 14:06:43.751,OnTrack,-4734,-5384,1075,pos,0 days 01:03:27.157000,0 days 01:59:03.765000
2024-05-19 14:06:43.971,OnTrack,-4493,-5363,1080,pos,0 days 01:03:27.377000,0 days 01:59:03.985000
2024-05-19 14:06:44.352,OnTrack,-4308,-5347,1083,pos,0 days 01:03:27.758000,0 days 01:59:04.366000
2024-05-19 14:06:44.511,OnTrack,-4193,-5338,1083,pos,0 days 01:03:27.917000,0 days 01:59:04.525000
2024-05-19 14:06:44.811,OnTrack,-3937,-5317,1085,pos,0 days 01:03:28.217000,0 days 01:59:04.825000
2024-05-19 14:06:45.111,OnTrack,-3777,-5304,1086,pos,0 days 01:03:28.517000,0 days 01:59:05.125000
2024-05-19 14:06:45.452,OnTrack,-3577,-5288,1087,pos,0 days 01:03:28.858000,0 days 01:59:05.466000
2024-05-19 14:06:45.651,OnTrack,-3456,-5279,1088,pos,0 days 01:03:29.057000,0 days 01:59:05.665000
2024-05-19 14:06:45.911,OnTrack,-3359,-5274,1089,pos,0 days 01:03:29.317000,0 days 01:59:05.925000
2024-05-19 14:06:46.151,OnTrack,-3265,-5274,1091,pos,0 days 01:03:29.557000,0 days 01:59:06.165000
2024-05-19 14:06:46.292,OnTrack,-3219,-5280,1092,pos,0 days 01:03:29.698000,0 days 01:59:06.306000
2024-05-19 14:06:46.491,OnTrack,-3162,-5304,1093,pos,0 days 01:03:29.897000,0 days 01:59:06.505000
2024-05-19 14:06:46.832,OnTrack,-3058,-5398,1096,pos,0 days 01:03:30.238000,0 days 01:59:06.846000
2024-05-19 14:06:47.112,OnTrack,-3008,-5453,1096,pos,0 days 01:03:30.518000,0 days 01:59:07.126000
2024-05-19 14:06:47.332,OnTrack,-2957,-5500,1096,pos,0 days 01:03:30.738000,0 days 01:59:07.346000
2024-05-19 14:06:47.512,OnTrack,-2913,-5529,1096,pos,0 days 01:03:30.918000,0 days 01:59:07.526000
2024-05-19 14:06:47.812,OnTrack,-2797,-5563,1094,pos,0 days 01:03:31.218000,0 days 01:59:07.826000
2024-05-19 14:06:48.172,OnTrack,-2738,-5557,1093,pos,0 days 01:03:31.578000,0 days 01:59:08.186000
2024-05-19 14:06:48.512,OnTrack,-2644,-5535,1091,pos,0 days 01:03:31.918000,0 days 01:59:08.526000
2024-05-19 14:06:48.692,OnTrack,-2596,-5519,1090,pos,0 days 01:03:32.098000,0 days 01:59:08.706000
2024-05-19 14:06:48.912,OnTrack,-2507,-5487,1088,pos,0 days 01:03:32.318000,0 days 01:59:08.926000
2024-05-19 14:06:49.272,OnTrack,-2386,-5434,1085,pos,0 days 01:03:32.678000,0 days 01:59:09.286000
2024-05-19 14:06:49.752,OnTrack,-2271,-5378,1083,pos,0 days 01:03:33.158000,0 days 01:59:09.766000
2024-05-19 14:06:49.972,OnTrack,-2189,-5336,1081,pos,0 days 01:03:33.378000,0 days 01:59:09.986000
2024-05-19 14:06:50.292,OnTrack,-2062,-5269,1078,pos,0 days 01:03:33.698000,0 days 01:59:10.306000
2024-05-19 14:06:50.451,OnTrack,-1995,-5233,1076,pos,0 days 01:03:33.857000,0 days 01:59:10.465000
2024-05-19 14:06:50.751,OnTrack,-1842,-5152,1073,pos,0 days 01:03:34.157000,0 days 01:59:10.765000
2024-05-19 14:06:51.091,OnTrack,-1698,-5078,1070,pos,0 days 01:03:34.497000,0 days 01:59:11.105000
2024-05-19 14:06:51.351,OnTrack,-1563,-5012,1068,pos,0 days 01:03:34.757000,0 days 01:59:11.365000
2024-05-19 14:06:51.531,OnTrack,-1467,-4967,1066,pos,0 days 01:03:34.937000,0 days 01:59:11.545000
2024-05-19 14:06:51.671,OnTrack,-1391,-4933,1065,pos,0 days 01:03:35.077000,0 days 01:59:11.685000
2024-05-19 14:06:51.851,OnTrack,-1290,-4887,1063,pos,0 days 01:03:35.257000,0 days 01:59:11.865000
2024-05-19 14:06:52.131,OnTrack,-1132,-4811,1060,pos,0 days 01:03:35.537000,0 days 01:59:12.145000
2024-05-19 14:06:52.332,OnTrack,-1018,-4751,1057,pos,0 days 01:03:35.738000,0 days 01:59:12.346000
2024-05-19 14:06:52.592,OnTrack,-871,-4665,1054,pos,0 days 01:03:35.998000,0 days 01:59:12.606000
2024-05-19 14:06:52.792,OnTrack,-702,-4553,1049,pos,0 days 01:03:36.198000,0 days 01:59:12.806000
2024-05-19 14:06:53.152,OnTrack,-477,-4392,1043,pos,0 days 01:03:36.558000,0 days 01:59:13.166000
2024-05-19 14:06:53.632,OnTrack,-284,-4245,1037,pos,0 days 01:03:37.038000,0 days 01:59:13.646000
2024-05-19 14:06:53.791,OnTrack,-193,-4173,1034,pos,0 days 01:03:37.197000,0 days 01:59:13.805000
2024-05-19 14:06:53.992,OnTrack,-27,-4030,1030,pos,0 days 01:03:37.398000,0 days 01:59:14.006000
2024-05-19 14:06:54.312,OnTrack,90,-3919,1027,pos,0 days 01:03:37.718000,0 days 01:59:14.326000
2024-05-19 14:06:54.532,OnTrack,236,-3771,1022,pos,0 days 01:03:37.938000,0 days 01:59:14.546000
2024-05-19 14:06:54.752,OnTrack,350,-3648,1019,pos,0 days 01:03:38.158000,0 days 01:59:14.766000
2024-05-19 14:06:54.912,OnTrack,432,-3557,1016,pos,0 days 01:03:38.318000,0 days 01:59:14.926000
2024-05-19 14:06:55.132,OnTrack,545,-3431,1010,pos,0 days 01:03:38.538000,0 days 01:59:15.146000
2024-05-19 14:06:55.412,OnTrack,691,-3269,1002,pos,0 days 01:03:38.818000,0 days 01:59:15.426000
2024-05-19 14:06:55.652,OnTrack,817,-3129,994,pos,0 days 01:03:39.058000,0 days 01:59:15.666000
2024-05-19 14:06:55.912,OnTrack,987,-2942,980,pos,0 days 01:03:39.318000,0 days 01:59:15.926000
2024-05-19 14:06:56.212,OnTrack,1116,-2799,970,pos,0 days 01:03:39.618000,0 days 01:59:16.226000
2024-05-19 14:06:56.452,OnTrack,1245,-2657,958,pos,0 days 01:03:39.858000,0 days 01:59:16.466000
2024-05-19 14:06:56.732,OnTrack,1434,-2462,941,pos,0 days 01:03:40.138000,0 days 01:59:16.746000
2024-05-19 14:06:57.011,OnTrack,1566,-2346,930,pos,0 days 01:03:40.417000,0 days 01:59:17.025000
2024-05-19 14:06:57.351,OnTrack,1870,-2152,906,pos,0 days 01:03:40.757000,0 days 01:59:17.365000
2024-05-19 14:06:57.732,OnTrack,2197,-2015,880,pos,0 days 01:03:41.138000,0 days 01:59:17.746000
2024-05-19 14:06:58.171,OnTrack,2522,-1884,855,pos,0 days 01:03:41.577000,0 days 01:59:18.185000
2024-05-19 14:06:58.532,OnTrack,2653,-1830,846,pos,0 days 01:03:41.938000,0 days 01:59:18.546000
2024-05-19 14:06:58.691,OnTrack,2739,-1795,840,pos,0 days 01:03:42.097000,0 days 01:59:18.705000
2024-05-19 14:06:58.951,OnTrack,2926,-1715,827,pos,0 days 01:03:42.357000,0 days 01:59:18.965000
2024-05-19 14:06:59.251,OnTrack,2988,-1684,823,pos,0 days 01:03:42.657000,0 days 01:59:19.265000
2024-05-19 14:06:59.531,OnTrack,3075,-1623,817,pos,0 days 01:03:42.937000,0 days 01:59:19.545000
2024-05-19 14:06:59.831,OnTrack,3142,-1544,812,pos,0 days 01:03:43.237000,0 days 01:59:19.845000
2024-05-19 14:07:00.012,OnTrack,3175,-1469,809,pos,0 days 01:03:43.418000,0 days 01:59:20.026000
2024-05-19 14:07:00.272,OnTrack,3188,-1404,806,pos,0 days 01:03:43.678000,0 days 01:59:20.286000
2024-05-19 14:07:00.572,OnTrack,3187,-1305,802,pos,0 days 01:03:43.978000,0 days 01:59:20.586000
2024-05-19 14:07:00.832,OnTrack,3172,-1222,799,pos,0 days 01:03:44.238000,0 days 01:59:20.846000
2024-05-19 14:07:00.891,OnTrack,3167,-1204,799,pos,0 days 01:03:44.297000,0 days 01:59:20.905000
2024-05-19 14:07:01.072,OnTrack,3152,-1147,797,pos,0 days 01:03:44.478000,0 days 01:59:21.086000
2024-05-19 14:07:01.352,OnTrack,3123,-1056,796,pos,0 days 01:03:44.758000,0 days 01:59:21.366000
2024-05-19 14:07:01.592,OnTrack,3095,-976,794,pos,0 days 01:03:44.998000,0 days 01:59:21.606000
2024-05-19 14:07:01.832,OnTrack,3064,-892,793,pos,0 days 01:03:45.238000,0 days 01:59:21.846000
2024-05-19 14:07:02.072,OnTrack,3026,-803,793,pos,0 days 01:03:45.478000,0 days 01:59:22.086000
2024-05-19 14:07:02.272,OnTrack,2988,-726,791,pos,0 days 01:03:45.678000,0 days 01:59:22.286000
2024-05-19 14:07:02.432,OnTrack,2936,-634,790,pos,0 days 01:03:45.838000,0 days 01:59:22.446000
2024-05-19 14:07:02.732,OnTrack,2880,-555,789,pos,0 days 01:03:46.138000,0 days 01:59:22.746000
2024-05-19 14:07:02.932,OnTrack,2823,-495,789,pos,0 days 01:03:46.338000,0 days 01:59:22.946000
2024-05-19 14:07:03.212,OnTrack,2732,-429,788,pos,0 days 01:03:46.618000,0 days 01:59:23.226000
2024-05-19 14:07:03.413,OnTrack,2615,-382,787,pos,0 days 01:03:46.819000,0 days 01:59:23.427000
2024-05-19 14:07:03.831,OnTrack,2457,-360,786,pos,0 days 01:03:47.237000,0 days 01:59:23.845000
2024-05-19 14:07:04.212,OnTrack,2360,-362,786,pos,0 days 01:03:47.618000,0 days 01:59:24.226000
2024-05-19 14:07:04.492,OnTrack,2208,-389,784,pos,0 days 01:03:47.898000,0 days 01:59:24.506000
2024-05-19 14:07:04.891,OnTrack,2100,-428,783,pos,0 days 01:03:48.297000,0 days 01:59:24.905000
2024-05-19 14:07:05.112,OnTrack,2012,-466,782,pos,0 days 01:03:48.518000,0 days 01:59:25.126000
2024-05-19 14:07:05.352,OnTrack,1897,-521,781,pos,0 days 01:03:48.758000,0 days 01:59:25.366000
2024-05-19 14:07:05.612,OnTrack,1800,-565,780,pos,0 days 01:03:49.018000,0 days 01:59:25.626000
2024-05-19 14:07:05.872,OnTrack,1680,-620,779,pos,0 days 01:03:49.278000,0 days 01:59:25.886000
2024-05-19 14:07:06.132,OnTrack,1492,-705,778,pos,0 days 01:03:49.538000,0 days 01:59:26.146000
2024-05-19 14:07:06.472,OnTrack,1377,-757,778,pos,0 days 01:03:49.878000,0 days 01:59:26.486000
2024-05-19 14:07:06.772,OnTrack,1148,-861,778,pos,0 days 01:03:50.178000,0 days 01:59:26.786000
2024-05-19 14:07:07.032,OnTrack,1069,-897,778,pos,0 days 01:03:50.438000,0 days 01:59:27.046000
2024-05-19 14:07:07.412,OnTrack,849,-995,779,pos,0 days 01:03:50.818000,0 days 01:59:27.426000
2024-05-19 14:07:07.612,OnTrack,692,-1061,779,pos,0 days 01:03:51.018000,0 days 01:59:27.626000
2024-05-19 14:07:07.912,OnTrack,557,-1117,780,pos,0 days 01:03:51.318000,0 days 01:59:27.926000
2024-05-19 14:07:08.172,OnTrack,316,-1218,781,pos,0 days 01:03:51.578000,0 days 01:59:28.186000
2024-05-19 14:07:08.592,OnTrack,120,-1301,781,pos,0 days 01:03:51.998000,0 days 01:59:28.606000
2024-05-19 14:07:08.792,OnTrack,-11,-1356,781,pos,0 days 01:03:52.198000,0 days 01:59:28.806000
2024-05-19 14:07:09.032,OnTrack,-174,-1420,782,pos,0 days 01:03:52.438000,0 days 01:59:29.046000
2024-05-19 14:07:09.272,OnTrack,-441,-1505,782,pos,0 days 01:03:52.678000,0 days 01:59:29.286000
2024-05-19 14:07:09.592,OnTrack,-572,-1537,783,pos,0 days 01:03:52.998000,0 days 01:59:29.606000
2024-05-19 14:07:09.852,OnTrack,-765,-1568,783,pos,0 days 01:03:53.258000,0 days 01:59:29.866000
2024-05-19 14:07:10.012,OnTrack,-889,-1579,783,pos,0 days 01:03:53.418000,0 days 01:59:30.026000
2024-05-19 14:07:10.171,OnTrack,-1050,-1587,784,pos,0 days 01:03:53.577000,0 days 01:59:30.185000
2024-05-19 14:07:10.472,OnTrack,-1396,-1598,785,pos,0 days 01:03:53.878000,0 days 01:59:30.486000
2024-05-19 14:07:10.831,OnTrack,-1570,-1609,786,pos,0 days 01:03:54.237000,0 days 01:59:30.845000
2024-05-19 14:07:11.052,OnTrack,-1842,-1625,787,pos,0 days 01:03:54.458000,0 days 01:59:31.066000
2024-05-19 14:07:11.491,OnTrack,-2214,-1645,789,pos,0 days 01:03:54.897000,0 days 01:59:31.505000
2024-05-19 14:07:11.832,OnTrack,-2377,-1655,789,pos,0 days 01:03:55.238000,0 days 01:59:31.846000
2024-05-19 14:07:12.031,OnTrack,-2540,-1664,790,pos,0 days 01:03:55.437000,0 days 01:59:32.045000
2024-05-19 14:07:12.291,OnTrack,-2853,-1675,791,pos,0 days 01:03:55.697000,0 days 01:59:32.305000
2024-05-19 14:07:12.752,OnTrack,-3204,-1687,793,pos,0 days 01:03:56.158000,0 days 01:59:32.766000
2024-05-19 14:07:12.972,OnTrack,-3321,-1691,793,pos,0 days 01:03:56.378000,0 days 01:59:32.986000
2024-05-19 14:07:13.292,OnTrack,-3590,-1695,795,pos,0 days 01:03:56.698000,0 days 01:59:33.306000
2024-05-19 14:07:13.572,OnTrack,-3875,-1678,796,pos,0 days 01:03:56.978000,0 days 01:59:33.586000
2024-05-19 14:07:13.892,OnTrack,-4095,-1645,797,pos,0 days 01:03:57.298000,0 days 01:59:33.906000
2024-05-19 14:07:14.032,OnTrack,-4213,-1622,798,pos,0 days 01:03:57.438000,0 days 01:59:34.046000
2024-05-19 14:07:14.251,OnTrack,-4399,-1581,799,pos,0 days 01:03:57.657000,0 days 01:59:34.265000
2024-05-19 14:07:14.452,OnTrack,-4567,-1542,800,pos,0 days 01:03:57.858000,0 days 01:59:34.466000
2024-05-19 14:07:14.652,OnTrack,-4734,-1501,801,pos,0 days 01:03:58.058000,0 days 01:59:34.666000
2024-05-19 14:07:14.872,OnTrack,-4918,-1456,802,pos,0 days 01:03:58.278000,0 days 01:59:34.886000
2024-05-19 14:07:15.132,OnTrack,-5220,-1382,805,pos,0 days 01:03:58.538000,0 days 01:59:35.146000
2024-05-19 14:07:15.572,OnTrack,-5507,-1318,807,pos,0 days 01:03:58.978000,0 days 01:59:35.586000
2024-05-19 14:07:15.812,OnTrack,-5764,-1273,810,pos,0 days 01:03:59.218000,0 days 01:59:35.826000
2024-05-19 14:07:16.193,OnTrack,-6058,-1243,812,pos,0 days 01:03:59.599000,0 days 01:59:36.207000
2024-05-19 14:07:16.412,OnTrack,-6249,-1234,814,pos,0 days 01:03:59.818000,0 days 01:59:36.426000
2024-05-19 14:07:16.572,OnTrack,-6389,-1231,814,pos,0 days 01:03:59.978000,0 days 01:59:36.586000
2024-05-19 14:07:16.732,OnTrack,-6528,-1230,814,pos,0 days 01:04:00.138000,0 days 01:59:36.746000
2024-05-19 14:07:17.052,OnTrack,-6807,-1231,816,pos,0 days 01:04:00.458000,0 days 01:59:37.066000
2024-05-19 14:07:17.251,OnTrack,-7069,-1238,817,pos,0 days 01:04:00.657000,0 days 01:59:37.265000
2024-05-19 14:07:17.632,OnTrack,-7313,-1252,818,pos,0 days 01:04:01.038000,0 days 01:59:37.646000
2024-05-19 14:07:17.812,OnTrack,-7557,-1273,818,pos,0 days 01:04:01.218000,0 days 01:59:37.826000
2024-05-19 14:07:18.291,OnTrack,-7888,-1309,818,pos,0 days 01:04:01.697000,0 days 01:59:38.305000
2024-05-19 14:07:18.511,OnTrack,-8210,-1350,818,pos,0 days 01:04:01.917000,0 days 01:59:38.525000
2024-05-19 14:07:18.912,OnTrack,-8524,-1392,819,pos,0 days 01:04:02.318000,0 days 01:59:38.926000
2024-05-19 14:07:19.232,OnTrack,-8872,-1441,819,pos,0 days 01:04:02.638000,0 days 01:59:39.246000
2024-05-19 14:07:19.592,OnTrack,-9064,-1471,819,pos,0 days 01:04:02.998000,0 days 01:59:39.606000
2024-05-19 14:07:19.772,OnTrack,-9219,-1500,819,pos,0 days 01:04:03.178000,0 days 01:59:39.786000
2024-05-19 14:07:20.152,OnTrack,-9528,-1584,819,pos,0 days 01:04:03.558000,0 days 01:59:40.166000
2024-05-19 14:07:20.372,OnTrack,-9750,-1654,819,pos,0 days 01:04:03.778000,0 days 01:59:40.386000
2024-05-19 14:07:20.771,OnTrack,-9926,-1710,818,pos,0 days 01:04:04.177000,0 days 01:59:40.785000
2024-05-19 14:07:20.992,OnTrack,-10062,-1752,819,pos,0 days 01:04:04.398000,0 days 01:59:41.006000
2024-05-19 14:07:21.292,OnTrack,-10166,-1786,818,pos,0 days 01:04:04.698000,0 days 01:59:41.306000
2024-05-19 14:07:21.552,OnTrack,-10260,-1834,818,pos,0 days 01:04:04.958000,0 days 01:59:41.566000
2024-05-19 14:07:21.752,OnTrack,-10316,-1886,818,pos,0 days 01:04:05.158000,0 days 01:59:41.766000
2024-05-19 14:07:22.012,OnTrack,-10370,-1976,818,pos,0 days 01:04:05.418000,0 days 01:59:42.026000
2024-05-19 14:07:22.192,OnTrack,-10394,-2048,818,pos,0 days 01:04:05.598000,0 days 01:59:42.206000
2024-05-19 14:07:22.392,OnTrack,-10417,-2130,819,pos,0 days 01:04:05.798000,0 days 01:59:42.406000
2024-05-19 14:07:22.632,OnTrack,-10462,-2265,819,pos,0 days 01:04:06.038000,0 days 01:59:42.646000
2024-05-19 14:07:22.932,OnTrack,-10501,-2340,819,pos,0 days 01:04:06.338000,0 days 01:59:42.946000
2024-05-19 14:07:23.172,OnTrack,-10567,-2424,818,pos,0 days 01:04:06.578000,0 days 01:59:43.186000
2024-05-19 14:07:23.471,OnTrack,-10723,-2551,819,pos,0 days 01:04:06.877000,0 days 01:59:43.485000
2024-05-19 14:07:23.711,OnTrack,-10762,-2576,819,pos,0 days 01:04:07.117000,0 days 01:59:43.725000
2024-05-19 14:07:24.092,OnTrack,-10935,-2679,821,pos,0 days 01:04:07.498000,0 days 01:59:44.106000
2024-05-19 14:07:24.412,OnTrack,-11056,-2750,822,pos,0 days 01:04:07.818000,0 days 01:59:44.426000
2024-05-19 14:07:24.652,OnTrack,-11230,-2851,823,pos,0 days 01:04:08.058000,0 days 01:59:44.666000
2024-05-19 14:07:25.071,OnTrack,-11393,-2952,824,pos,0 days 01:04:08.477000,0 days 01:59:45.085000
2024-05-19 14:07:25.492,OnTrack,-11558,-3083,825,pos,0 days 01:04:08.898000,0 days 01:59:45.506000
2024-05-19 14:07:25.732,OnTrack,-11661,-3202,825,pos,0 days 01:04:09.138000,0 days 01:59:45.746000
2024-05-19 14:07:26.032,OnTrack,-11782,-3427,826,pos,0 days 01:04:09.438000,0 days 01:59:46.046000
2024-05-19 14:07:26.392,OnTrack,-11841,-3573,827,pos,0 days 01:04:09.798000,0 days 01:59:46.406000
2024-05-19 14:07:26.652,OnTrack,-11901,-3734,827,pos,0 days 01:04:10.058000,0 days 01:59:46.666000
2024-05-19 14:07:26.932,OnTrack,-11996,-3988,828,pos,0 days 01:04:10.338000,0 days 01:59:46.946000
2024-05-19 14:07:27.252,OnTrack,-12045,-4119,829,pos,0 days 01:04:10.658000,0 days 01:59:47.266000
2024-05-19 14:07:27.512,OnTrack,-12140,-4371,830,pos,0 days 01:04:10.918000,0 days 01:59:47.526000
2024-05-19 14:07:27.892,OnTrack,-12206,-4547,830,pos,0 days 01:04:11.298000,0 days 01:59:47.906000
2024-05-19 14:07:28.152,OnTrack,-12273,-4726,831,pos,0 days 01:04:11.558000,0 days 01:59:48.166000
2024-05-19 14:07:28.212,OnTrack,-12288,-4767,831,pos,0 days 01:04:11.618000,0 days 01:59:48.226000
2024-05-19 14:07:28.552,OnTrack,-12404,-5076,832,pos,0 days 01:04:11.958000,0 days 01:59:48.566000
2024-05-19 14:07:28.872,OnTrack,-12463,-5232,832,pos,0 days 01:04:12.278000,0 days 01:59:48.886000
2024-05-19 14:07:29.172,OnTrack,-12544,-5448,833,pos,0 days 01:04:12.578000,0 days 01:59:49.186000
2024-05-19 14:07:29.292,OnTrack,-12576,-5535,833,pos,0 days 01:04:12.698000,0 days 01:59:49.306000
2024-05-19 14:07:29.513,OnTrack,-12637,-5694,833,pos,0 days 01:04:12.919000,0 days 01:59:49.527000
2024-05-19 14:07:29.692,OnTrack,-12685,-5825,833,pos,0 days 01:04:13.098000,0 days 01:59:49.706000
2024-05-19 14:07:30.011,OnTrack,-12774,-6057,834,pos,0 days 01:04:13.417000,0 days 01:59:50.025000
2024-05-19 14:07:30.191,OnTrack,-12825,-6188,834,pos,0 days 01:04:13.597000,0 days 01:59:50.205000
2024-05-19 14:07:30.451,OnTrack,-12908,-6389,835,pos,0 days 01:04:13.857000,0 days 01:59:50.465000
2024-05-19 14:07:30.751,OnTrack,-13030,-6677,836,pos,0 days 01:04:14.157000,0 days 01:59:50.765000
2024-05-19 14:07:31.252,OnTrack,-13128,-6939,837,pos,0 days 01:04:14.658000,0 days 01:59:51.266000
2024-05-19 14:07:31.452,OnTrack,-13156,-7069,837,pos,0 days 01:04:14.858000,0 days 01:59:51.466000
2024-05-19 14:07:31.631,OnTrack,-13161,-7236,838,pos,0 days 01:04:15.037000,0 days 01:59:51.645000
2024-05-19 14:07:32.012,OnTrack,-13136,-7427,840,pos,0 days 01:04:15.418000,0 days 01:59:52.026000
2024-05-19 14:07:32.252,OnTrack,-13103,-7573,841,pos,0 days 01:04:15.658000,0 days 01:59:52.266000
2024-05-19 14:07:32.332,OnTrack,-13092,-7619,841,pos,0 days 01:04:15.738000,0 days 01:59:52.346000
2024-05-19 14:07:32.552,OnTrack,-13063,-7740,842,pos,0 days 01:04:15.958000,0 days 01:59:52.566000
2024-05-19 14:07:32.711,OnTrack,-13045,-7821,842,pos,0 days 01:04:16.117000,0 days 01:59:52.725000
2024-05-19 14:07:33.112,OnTrack,-13025,-8018,844,pos,0 days 01:04:16.518000,0 days 01:59:53.126000
2024-05-19 14:07:33.432,OnTrack,-13052,-8131,845,pos,0 days 01:04:16.838000,0 days 01:59:53.446000
2024-05-19 14:07:33.672,OnTrack,-13138,-8251,846,pos,0 days 01:04:17.078000,0 days 01:59:53.686000
2024-05-19 14:07:34.072,OnTrack,-13272,-8371,848,pos,0 days 01:04:17.478000,0 days 01:59:54.086000
2024-05-19 14:07:34.391,OnTrack,-13357,-8445,849,pos,0 days 01:04:17.797000,0 days 01:59:54.405000
2024-05-19 14:07:34.632,OnTrack,-13448,-8521,850,pos,0 days 01:04:18.038000,0 days 01:59:54.646000
2024-05-19 14:07:34.872,OnTrack,-13597,-8647,852,pos,0 days 01:04:18.278000,0 days 01:59:54.886000
2024-05-19 14:07:35.252,OnTrack,-13695,-8731,854,pos,0 days 01:04:18.658000,0 days 01:59:55.266000
2024-05-19 14:07:35.532,OnTrack,-13879,-8885,857,pos,0 days 01:04:18.938000,0 days 01:59:55.546000
2024-05-19 14:07:35.793,OnTrack,-13933,-8931,858,pos,0 days 01:04:19.199000,0 days 01:59:55.807000
2024-05-19 14:07:36.192,OnTrack,-14110,-9095,863,pos,0 days 01:04:19.598000,0 days 01:59:56.206000
2024-05-19 14:07:36.592,OnTrack,-14321,-9305,872,pos,0 days 01:04:19.998000,0 days 01:59:56.606000
2024-05-19 14:07:36.991,OnTrack,-14492,-9472,879,pos,0 days 01:04:20.397000,0 days 01:59:57.005000
2024-05-19 14:07:37.391,OnTrack,-14641,-9611,886,pos,0 days 01:04:20.797000,0 days 01:59:57.405000
2024-05-19 14:07:37.811,OnTrack,-14759,-9731,892,pos,0 days 01:04:21.217000,0 days 01:59:57.825000
2024-05-19 14:07:38.012,OnTrack,-14825,-9811,896,pos,0 days 01:04:21.418000,0 days 01:59:58.026000
2024-05-19 14:07:38.371,OnTrack,-14879,-9903,899,pos,0 days 01:04:21.777000,0 days 01:59:58.385000
2024-05-19 14:07:38.451,OnTrack,-14889,-9927,900,pos,0 days 01:04:21.857000,0 days 01:59:58.465000
2024-05-19 14:07:38.751,OnTrack,-14913,-10018,902,pos,0 days 01:04:22.157000,0 days 01:59:58.765000
2024-05-19 14:07:39.011,OnTrack,-14913,-10094,906,pos,0 days 01:04:22.417000,0 days 01:59:59.025000
2024-05-19 14:07:39.192,OnTrack,-14891,-10175,910,pos,0 days 01:04:22.598000,0 days 01:59:59.206000
2024-05-19 14:07:39.531,OnTrack,-14862,-10227,913,pos,0 days 01:04:22.937000,0 days 01:59:59.545000
2024-05-19 14:07:39.872,OnTrack,-14773,-10313,920,pos,0 days 01:04:23.278000,0 days 01:59:59.886000
2024-05-19 14:07:40.252,OnTrack,-14720,-10345,922,pos,0 days 01:04:23.658000,0 days 02:00:00.266000
2024-05-19 14:07:40.412,OnTrack,-14682,-10362,924,pos,0 days 01:04:23.818000,0 days 02:00:00.426000
2024-05-19 14:07:40.512,OnTrack,-14657,-10371,925,pos,0 days 01:04:23.918000,0 days 02:00:00.526000
2024-05-19 14:07:40.752,OnTrack,-14594,-10385,929,pos,0 days 01:04:24.158000,0 days 02:00:00.766000
2024-05-19 14:07:40.912,OnTrack,-14550,-10391,932,pos,0 days 01:04:24.318000,0 days 02:00:00.926000
2024-05-19 14:07:41.192,OnTrack,-14469,-10395,936,pos,0 days 01:04:24.598000,0 days 02:00:01.206000
2024-05-19 14:07:41.392,OnTrack,-14408,-10393,939,pos,0 days 01:04:24.798000,0 days 02:00:01.406000
2024-05-19 14:07:41.632,OnTrack,-14321,-10385,942,pos,0 days 01:04:25.038000,0 days 02:00:01.646000
2024-05-19 14:07:42.072,OnTrack,-14201,-10368,948,pos,0 days 01:04:25.478000,0 days 02:00:02.086000
2024-05-19 14:07:42.252,OnTrack,-14131,-10357,951,pos,0 days 01:04:25.658000,0 days 02:00:02.266000
2024-05-19 14:07:42.512,OnTrack,-14023,-10336,956,pos,0 days 01:04:25.918000,0 days 02:00:02.526000
2024-05-19 14:07:42.712,OnTrack,-13897,-10311,962,pos,0 days 01:04:26.118000,0 days 02:00:02.726000
2024-05-19 14:07:42.992,OnTrack,-13802,-10291,966,pos,0 days 01:04:26.398000,0 days 02:00:03.006000
2024-05-19 14:07:43.192,OnTrack,-13703,-10271,970,pos,0 days 01:04:26.598000,0 days 02:00:03.206000
2024-05-19 14:07:43.371,OnTrack,-13610,-10252,974,pos,0 days 01:04:26.777000,0 days 02:00:03.385000
2024-05-19 14:07:43.692,OnTrack,-13437,-10220,981,pos,0 days 01:04:27.098000,0 days 02:00:03.706000
2024-05-19 14:07:43.972,OnTrack,-13277,-10192,987,pos,0 days 01:04:27.378000,0 days 02:00:03.986000
2024-05-19 14:07:44.151,OnTrack,-13124,-10165,992,pos,0 days 01:04:27.557000,0 days 02:00:04.165000
2024-05-19 14:07:44.431,OnTrack,-13003,-10144,996,pos,0 days 01:04:27.837000,0 days 02:00:04.445000
2024-05-19 14:07:44.631,OnTrack,-12878,-10125,1000,pos,0 days 01:04:28.037000,0 days 02:00:04.645000
2024-05-19 14:07:45.011,OnTrack,-12635,-10087,1008,pos,0 days 01:04:28.417000,0 days 02:00:05.025000
2024-05-19 14:07:45.172,OnTrack,-12491,-10066,1013,pos,0 days 01:04:28.578000,0 days 02:00:05.186000
2024-05-19 14:07:45.452,OnTrack,-12344,-10046,1020,pos,0 days 01:04:28.858000,0 days 02:00:05.466000
2024-05-19 14:07:45.791,OnTrack,-12070,-10008,1034,pos,0 days 01:04:29.197000,0 days 02:00:05.805000
2024-05-19 14:07:46.112,OnTrack,-11882,-9983,1047,pos,0 days 01:04:29.518000,0 days 02:00:06.126000
2024-05-19 14:07:46.292,OnTrack,-11742,-9967,1056,pos,0 days 01:04:29.698000,0 days 02:00:06.306000
2024-05-19 14:07:46.532,OnTrack,-11571,-9948,1067,pos,0 days 01:04:29.938000,0 days 02:00:06.546000
2024-05-19 14:07:46.772,OnTrack,-11399,-9933,1078,pos,0 days 01:04:30.178000,0 days 02:00:06.786000
2024-05-19 14:07:47.052,OnTrack,-11195,-9922,1091,pos,0 days 01:04:30.458000,0 days 02:00:07.066000
2024-05-19 14:07:47.252,OnTrack,-11048,-9918,1099,pos,0 days 01:04:30.658000,0 days 02:00:07.266000
2024-05-19 14:07:47.451,OnTrack,-10900,-9918,1108,pos,0 days 01:04:30.857000,0 days 02:00:07.465000
2024-05-19 14:07:47.612,OnTrack,-10679,-9926,1118,pos,0 days 01:04:31.018000,0 days 02:00:07.626000
2024-05-19 14:07:47.972,OnTrack,-10515,-9938,1122,pos,0 days 01:04:31.378000,0 days 02:00:07.986000
2024-05-19 14:07:48.232,OnTrack,-10321,-9958,1122,pos,0 days 01:04:31.638000,0 days 02:00:08.246000
2024-05-19 14:07:48.412,OnTrack,-10187,-9973,1122,pos,0 days 01:04:31.818000,0 days 02:00:08.426000
2024-05-19 14:07:48.632,OnTrack,-10023,-9992,1120,pos,0 days 01:04:32.038000,0 days 02:00:08.646000
2024-05-19 14:07:48.812,OnTrack,-9784,-10020,1119,pos,0 days 01:04:32.218000,0 days 02:00:08.826000
2024-05-19 14:07:49.192,OnTrack,-9501,-10051,1116,pos,0 days 01:04:32.598000,0 days 02:00:09.206000
2024-05-19 14:07:49.592,OnTrack,-9322,-10067,1115,pos,0 days 01:04:32.998000,0 days 02:00:09.606000
2024-05-19 14:07:49.811,OnTrack,-9202,-10070,1114,pos,0 days 01:04:33.217000,0 days 02:00:09.825000
2024-05-19 14:07:50.011,OnTrack,-9093,-10065,1114,pos,0 days 01:04:33.417000,0 days 02:00:10.025000
2024-05-19 14:07:50.171,OnTrack,-9007,-10050,1114,pos,0 days 01:04:33.577000,0 days 02:00:10.185000
2024-05-19 14:07:50.411,OnTrack,-8886,-10008,1114,pos,0 days 01:04:33.817000,0 days 02:00:10.425000
2024-05-19 14:07:50.731,OnTrack,-8742,-9916,1111,pos,0 days 01:04:34.137000,0 days 02:00:10.745000
2024-05-19 14:07:50.951,OnTrack,-8646,-9814,1107,pos,0 days 01:04:34.357000,0 days 02:00:10.965000
2024-05-19 14:07:51.392,OnTrack,-8513,-9585,1100,pos,0 days 01:04:34.798000,0 days 02:00:11.406000
2024-05-19 14:07:51.791,OnTrack,-8425,-9405,1095,pos,0 days 01:04:35.197000,0 days 02:00:11.805000
2024-05-19 14:07:51.972,OnTrack,-8379,-9304,1091,pos,0 days 01:04:35.378000,0 days 02:00:11.986000
2024-05-19 14:07:52.212,OnTrack,-8318,-9141,1085,pos,0 days 01:04:35.618000,0 days 02:00:12.226000
2024-05-19 14:07:52.611,OnTrack,-8263,-8916,1077,pos,0 days 01:04:36.017000,0 days 02:00:12.625000
2024-05-19 14:07:52.652,OnTrack,-8259,-8890,1075,pos,0 days 01:04:36.058000,0 days 02:00:12.666000
2024-05-19 14:07:52.952,OnTrack,-8237,-8610,1060,pos,0 days 01:04:36.358000,0 days 02:00:12.966000
2024-05-19 14:07:53.272,OnTrack,-8241,-8472,1052,pos,0 days 01:04:36.678000,0 days 02:00:13.286000
2024-05-19 14:07:53.472,OnTrack,-8253,-8333,1042,pos,0 days 01:04:36.878000,0 days 02:00:13.486000
2024-05-19 14:07:53.832,OnTrack,-8294,-8045,1014,pos,0 days 01:04:37.238000,0 days 02:00:13.846000
2024-05-19 14:07:54.252,OnTrack,-8364,-7703,986,pos,0 days 01:04:37.658000,0 days 02:00:14.266000
2024-05-19 14:07:54.572,OnTrack,-8397,-7560,976,pos,0 days 01:04:37.978000,0 days 02:00:14.586000
2024-05-19 14:07:54.712,OnTrack,-8421,-7459,969,pos,0 days 01:04:38.118000,0 days 02:00:14.726000
2024-05-19 14:07:54.932,OnTrack,-8457,-7299,960,pos,0 days 01:04:38.338000,0 days 02:00:14.946000
2024-05-19 14:07:55.192,OnTrack,-8501,-7108,950,pos,0 days 01:04:38.598000,0 days 02:00:15.206000
2024-05-19 14:07:55.373,OnTrack,-8531,-6976,943,pos,0 days 01:04:38.779000,0 days 02:00:15.387000
2024-05-19 14:07:55.532,OnTrack,-8557,-6858,936,pos,0 days 01:04:38.938000,0 days 02:00:15.546000
2024-05-19 14:07:55.712,OnTrack,-8587,-6725,930,pos,0 days 01:04:39.118000,0 days 02:00:15.726000
2024-05-19 14:07:55.913,OnTrack,-8619,-6577,922,pos,0 days 01:04:39.319000,0 days 02:00:15.927000
2024-05-19 14:07:56.212,OnTrack,-8653,-6360,911,pos,0 days 01:04:39.618000,0 days 02:00:16.226000
2024-05-19 14:07:56.452,OnTrack,-8645,-6193,904,pos,0 days 01:04:39.858000,0 days 02:00:16.466000
2024-05-19 14:07:56.631,OnTrack,-8613,-6065,900,pos,0 days 01:04:40.037000,0 days 02:00:16.645000
2024-05-19 14:07:56.871,OnTrack,-8546,-5906,897,pos,0 days 01:04:40.277000,0 days 02:00:16.885000
2024-05-19 14:07:57.072,OnTrack,-8484,-5788,897,pos,0 days 01:04:40.478000,0 days 02:00:17.086000
2024-05-19 14:07:57.292,OnTrack,-8386,-5620,897,pos,0 days 01:04:40.698000,0 days 02:00:17.306000
2024-05-19 14:07:57.652,OnTrack,-8322,-5524,899,pos,0 days 01:04:41.058000,0 days 02:00:17.666000
2024-05-19 14:07:57.852,OnTrack,-8266,-5455,901,pos,0 days 01:04:41.258000,0 days 02:00:17.866000
2024-05-19 14:07:58.011,OnTrack,-8220,-5409,903,pos,0 days 01:04:41.417000,0 days 02:00:18.025000
2024-05-19 14:07:58.192,OnTrack,-8166,-5369,905,pos,0 days 01:04:41.598000,0 days 02:00:18.206000
2024-05-19 14:07:58.472,OnTrack,-8074,-5332,908,pos,0 days 01:04:41.878000,0 days 02:00:18.486000
2024-05-19 14:07:58.712,OnTrack,-7992,-5326,915,pos,0 days 01:04:42.118000,0 days 02:00:18.726000
2024-05-19 14:07:58.912,OnTrack,-7873,-5345,923,pos,0 days 01:04:42.318000,0 days 02:00:18.926000
2024-05-19 14:07:59.232,OnTrack,-7813,-5360,928,pos,0 days 01:04:42.638000,0 days 02:00:19.246000
2024-05-19 14:07:59.532,OnTrack,-7684,-5395,941,pos,0 days 01:04:42.938000,0 days 02:00:19.546000
2024-05-19 14:07:59.951,OnTrack,-7560,-5420,952,pos,0 days 01:04:43.357000,0 days 02:00:19.965000
2024-05-19 14:08:00.112,OnTrack,-7496,-5429,958,pos,0 days 01:04:43.518000,0 days 02:00:20.126000
2024-05-19 14:08:00.392,OnTrack,-7366,-5439,969,pos,0 days 01:04:43.798000,0 days 02:00:20.406000
2024-05-19 14:08:00.732,OnTrack,-7235,-5443,981,pos,0 days 01:04:44.138000,0 days 02:00:20.746000
2024-05-19 14:08:00.852,OnTrack,-7178,-5443,985,pos,0 days 01:04:44.258000,0 days 02:00:20.866000
2024-05-19 14:08:01.232,OnTrack,-6922,-5441,1003,pos,0 days 01:04:44.638000,0 days 02:00:21.246000
2024-05-19 14:08:01.633,OnTrack,-6713,-5439,1014,pos,0 days 01:04:45.039000,0 days 02:00:21.647000
2024-05-19 14:08:01.992,OnTrack,-6491,-5437,1025,pos,0 days 01:04:45.398000,0 days 02:00:22.006000
2024-05-19 14:08:02.473,OnTrack,-6232,-5435,1033,pos,0 days 01:04:45.879000,0 days 02:00:22.487000
2024-05-19 14:08:02.831,OnTrack,-6040,-5434,1038,pos,0 days 01:04:46.237000,0 days 02:00:22.845000
2024-05-19 14:08:03.071,OnTrack,-5791,-5432,1045,pos,0 days 01:04:46.477000,0 days 02:00:23.085000
2024-05-19 14:08:03.351,OnTrack,-5697,-5431,1048,pos,0 days 01:04:46.757000,0 days 02:00:23.365000
2024-05-19 14:08:03.711,OnTrack,-5367,-5427,1057,pos,0 days 01:04:47.117000,0 days 02:00:23.725000
2024-05-19 14:08:03.971,OnTrack,-5268,-5424,1060,pos,0 days 01:04:47.377000,0 days 02:00:23.985000
2024-05-19 14:08:04.271,OnTrack,-5056,-5413,1067,pos,0 days 01:04:47.677000,0 days 02:00:24.285000
2024-05-19 14:08:04.432,OnTrack,-4942,-5403,1070,pos,0 days 01:04:47.838000,0 days 02:00:24.446000
2024-05-19 14:08:04.551,OnTrack,-4857,-5395,1072,pos,0 days 01:04:47.957000,0 days 02:00:24.565000
2024-05-19 14:08:04.791,OnTrack,-4686,-5380,1076,pos,0 days 01:04:48.197000,0 days 02:00:24.805000
2024-05-19 14:08:05.111,OnTrack,-4458,-5360,1081,pos,0 days 01:04:48.517000,0 days 02:00:25.125000
2024-05-19 14:08:05.312,OnTrack,-4228,-5341,1083,pos,0 days 01:04:48.718000,0 days 02:00:25.326000
2024-05-19 14:08:05.592,OnTrack,-4113,-5331,1084,pos,0 days 01:04:48.998000,0 days 02:00:25.606000
2024-05-19 14:08:05.931,OnTrack,-3873,-5311,1086,pos,0 days 01:04:49.337000,0 days 02:00:25.945000
2024-05-19 14:08:06.132,OnTrack,-3676,-5295,1087,pos,0 days 01:04:49.538000,0 days 02:00:26.146000
2024-05-19 14:08:06.471,OnTrack,-3545,-5285,1087,pos,0 days 01:04:49.877000,0 days 02:00:26.485000
2024-05-19 14:08:06.791,OnTrack,-3394,-5275,1089,pos,0 days 01:04:50.197000,0 days 02:00:26.805000
2024-05-19 14:08:07.012,OnTrack,-3303,-5273,1090,pos,0 days 01:04:50.418000,0 days 02:00:27.026000
2024-05-19 14:08:07.192,OnTrack,-3243,-5276,1091,pos,0 days 01:04:50.598000,0 days 02:00:27.206000
2024-05-19 14:08:07.432,OnTrack,-3172,-5298,1093,pos,0 days 01:04:50.838000,0 days 02:00:27.446000
2024-05-19 14:08:07.613,OnTrack,-3122,-5333,1094,pos,0 days 01:04:51.019000,0 days 02:00:27.627000
2024-05-19 14:08:07.812,OnTrack,-3072,-5383,1096,pos,0 days 01:04:51.218000,0 days 02:00:27.826000
2024-05-19 14:08:07.872,OnTrack,-3058,-5398,1096,pos,0 days 01:04:51.278000,0 days 02:00:27.886000
2024-05-19 14:08:08.112,OnTrack,-3003,-5458,1096,pos,0 days 01:04:51.518000,0 days 02:00:28.126000
2024-05-19 14:08:08.292,OnTrack,-2963,-5495,1096,pos,0 days 01:04:51.698000,0 days 02:00:28.306000
2024-05-19 14:08:08.532,OnTrack,-2906,-5533,1096,pos,0 days 01:04:51.938000,0 days 02:00:28.546000
2024-05-19 14:08:08.772,OnTrack,-2844,-5556,1095,pos,0 days 01:04:52.178000,0 days 02:00:28.786000
2024-05-19 14:08:08.973,OnTrack,-2792,-5563,1094,pos,0 days 01:04:52.379000,0 days 02:00:28.987000
2024-05-19 14:08:09.212,OnTrack,-2728,-5555,1093,pos,0 days 01:04:52.618000,0 days 02:00:29.226000
2024-05-19 14:08:09.371,OnTrack,-2685,-5546,1092,pos,0 days 01:04:52.777000,0 days 02:00:29.385000
2024-05-19 14:08:09.671,OnTrack,-2592,-5518,1090,pos,0 days 01:04:53.077000,0 days 02:00:29.685000
2024-05-19 14:08:10.072,OnTrack,-2472,-5472,1087,pos,0 days 01:04:53.478000,0 days 02:00:30.086000
2024-05-19 14:08:10.311,OnTrack,-2417,-5448,1086,pos,0 days 01:04:53.717000,0 days 02:00:30.325000
2024-05-19 14:08:10.571,OnTrack,-2331,-5408,1084,pos,0 days 01:04:53.977000,0 days 02:00:30.585000
2024-05-19 14:08:10.771,OnTrack,-2260,-5373,1082,pos,0 days 01:04:54.177000,0 days 02:00:30.785000
2024-05-19 14:08:11.031,OnTrack,-2162,-5321,1080,pos,0 days 01:04:54.437000,0 days 02:00:31.045000
2024-05-19 14:08:11.212,OnTrack,-2089,-5283,1078,pos,0 days 01:04:54.618000,0 days 02:00:31.226000
2024-05-19 14:08:11.472,OnTrack,-1942,-5205,1075,pos,0 days 01:04:54.878000,0 days 02:00:31.486000
2024-05-19 14:08:11.911,OnTrack,-1774,-5117,1072,pos,0 days 01:04:55.317000,0 days 02:00:31.925000
2024-05-19 14:08:12.092,OnTrack,-1686,-5072,1070,pos,0 days 01:04:55.498000,0 days 02:00:32.106000
2024-05-19 14:08:12.272,OnTrack,-1527,-4995,1067,pos,0 days 01:04:55.678000,0 days 02:00:32.286000
2024-05-19 14:08:12.592,OnTrack,-1408,-4941,1065,pos,0 days 01:04:55.998000,0 days 02:00:32.606000
2024-05-19 14:08:12.912,OnTrack,-1229,-4859,1062,pos,0 days 01:04:56.318000,0 days 02:00:32.926000
2024-05-19 14:08:12.972,OnTrack,-1196,-4843,1061,pos,0 days 01:04:56.378000,0 days 02:00:32.986000
2024-05-19 14:08:13.172,OnTrack,-1083,-4786,1059,pos,0 days 01:04:56.578000,0 days 02:00:33.186000
2024-05-19 14:08:13.432,OnTrack,-935,-4703,1056,pos,0 days 01:04:56.838000,0 days 02:00:33.446000
2024-05-19 14:08:13.591,OnTrack,-844,-4647,1053,pos,0 days 01:04:56.997000,0 days 02:00:33.605000
2024-05-19 14:08:13.912,OnTrack,-664,-4526,1048,pos,0 days 01:04:57.318000,0 days 02:00:33.926000
2024-05-19 14:08:14.052,OnTrack,-584,-4470,1046,pos,0 days 01:04:57.458000,0 days 02:00:34.066000
2024-05-19 14:08:14.252,OnTrack,-471,-4388,1042,pos,0 days 01:04:57.658000,0 days 02:00:34.266000
2024-05-19 14:08:14.592,OnTrack,-232,-4204,1035,pos,0 days 01:04:57.998000,0 days 02:00:34.606000
2024-05-19 14:08:14.912,OnTrack,-97,-4092,1032,pos,0 days 01:04:58.318000,0 days 02:00:34.926000
2024-05-19 14:08:15.032,OnTrack,-31,-4033,1030,pos,0 days 01:04:58.438000,0 days 02:00:35.046000
2024-05-19 14:08:15.332,OnTrack,131,-3879,1025,pos,0 days 01:04:58.738000,0 days 02:00:35.346000
2024-05-19 14:08:15.592,OnTrack,294,-3709,1020,pos,0 days 01:04:58.998000,0 days 02:00:35.606000
2024-05-19 14:08:15.813,OnTrack,438,-3550,1015,pos,0 days 01:04:59.219000,0 days 02:00:35.827000
2024-05-19 14:08:16.092,OnTrack,552,-3423,1010,pos,0 days 01:04:59.498000,0 days 02:00:36.106000
2024-05-19 14:08:16.291,OnTrack,657,-3307,1004,pos,0 days 01:04:59.697000,0 days 02:00:36.305000
2024-05-19 14:08:16.652,OnTrack,867,-3074,990,pos,0 days 01:05:00.058000,0 days 02:00:36.666000
2024-05-19 14:08:17.071,OnTrack,1070,-2849,973,pos,0 days 01:05:00.477000,0 days 02:00:37.085000
2024-05-19 14:08:17.271,OnTrack,1178,-2730,965,pos,0 days 01:05:00.677000,0 days 02:00:37.285000
2024-05-19 14:08:17.331,OnTrack,1211,-2695,962,pos,0 days 01:05:00.737000,0 days 02:00:37.345000
2024-05-19 14:08:17.551,OnTrack,1411,-2484,943,pos,0 days 01:05:00.957000,0 days 02:00:37.565000
2024-05-19 14:08:17.992,OnTrack,1593,-2325,928,pos,0 days 01:05:01.398000,0 days 02:00:38.006000
2024-05-19 14:08:18.252,OnTrack,1804,-2186,911,pos,0 days 01:05:01.658000,0 days 02:00:38.266000
2024-05-19 14:08:18.411,OnTrack,1924,-2127,901,pos,0 days 01:05:01.817000,0 days 02:00:38.425000
2024-05-19 14:08:18.592,OnTrack,2173,-2024,882,pos,0 days 01:05:01.998000,0 days 02:00:38.606000
2024-05-19 14:08:18.971,OnTrack,2352,-1952,869,pos,0 days 01:05:02.377000,0 days 02:00:38.985000
2024-05-19 14:08:19.271,OnTrack,2554,-1870,853,pos,0 days 01:05:02.677000,0 days 02:00:39.285000
2024-05-19 14:08:19.432,OnTrack,2650,-1831,845,pos,0 days 01:05:02.838000,0 days 02:00:39.446000
2024-05-19 14:08:19.712,OnTrack,2800,-1770,835,pos,0 days 01:05:03.118000,0 days 02:00:39.726000
2024-05-19 14:08:19.912,OnTrack,2920,-1718,827,pos,0 days 01:05:03.318000,0 days 02:00:39.926000
2024-05-19 14:08:20.252,OnTrack,3044,-1648,819,pos,0 days 01:05:03.658000,0 days 02:00:40.266000
2024-05-19 14:08:20.712,OnTrack,3147,-1535,811,pos,0 days 01:05:04.118000,0 days 02:00:40.726000
2024-05-19 14:08:20.972,OnTrack,3171,-1480,809,pos,0 days 01:05:04.378000,0 days 02:00:40.986000
2024-05-19 14:08:21.272,OnTrack,3189,-1384,805,pos,0 days 01:05:04.678000,0 days 02:00:41.286000
2024-05-19 14:08:21.532,OnTrack,3182,-1274,801,pos,0 days 01:05:04.938000,0 days 02:00:41.546000
2024-05-19 14:08:21.812,OnTrack,3169,-1211,799,pos,0 days 01:05:05.218000,0 days 02:00:41.826000
2024-05-19 14:08:22.172,OnTrack,3136,-1096,796,pos,0 days 01:05:05.578000,0 days 02:00:42.186000
2024-05-19 14:08:22.292,OnTrack,3123,-1057,796,pos,0 days 01:05:05.698000,0 days 02:00:42.306000
2024-05-19 14:08:22.551,OnTrack,3078,-929,794,pos,0 days 01:05:05.957000,0 days 02:00:42.565000
2024-05-19 14:08:22.991,OnTrack,3023,-797,792,pos,0 days 01:05:06.397000,0 days 02:00:43.005000
2024-05-19 14:08:23.412,OnTrack,2941,-642,791,pos,0 days 01:05:06.818000,0 days 02:00:43.426000
2024-05-19 14:08:23.811,OnTrack,2831,-502,789,pos,0 days 01:05:07.217000,0 days 02:00:43.825000
2024-05-19 14:08:24.212,OnTrack,2716,-421,787,pos,0 days 01:05:07.618000,0 days 02:00:44.226000
2024-05-19 14:08:24.252,OnTrack,2702,-414,787,pos,0 days 01:05:07.658000,0 days 02:00:44.266000
2024-05-19 14:08:24.612,OnTrack,2527,-366,786,pos,0 days 01:05:08.018000,0 days 02:00:44.626000
2024-05-19 14:08:24.912,OnTrack,2461,-360,786,pos,0 days 01:05:08.318000,0 days 02:00:44.926000
2024-05-19 14:08:25.132,OnTrack,2380,-360,786,pos,0 days 01:05:08.538000,0 days 02:00:45.146000
2024-05-19 14:08:25.271,OnTrack,2326,-365,786,pos,0 days 01:05:08.677000,0 days 02:00:45.285000
2024-05-19 14:08:25.592,OnTrack,2172,-400,783,pos,0 days 01:05:08.998000,0 days 02:00:45.606000
2024-05-19 14:08:25.872,OnTrack,2094,-430,783,pos,0 days 01:05:09.278000,0 days 02:00:45.886000
2024-05-19 14:08:26.111,OnTrack,1997,-474,782,pos,0 days 01:05:09.517000,0 days 02:00:46.125000
2024-05-19 14:08:26.351,OnTrack,1894,-522,781,pos,0 days 01:05:09.757000,0 days 02:00:46.365000
2024-05-19 14:08:26.612,OnTrack,1777,-576,780,pos,0 days 01:05:10.018000,0 days 02:00:46.626000
2024-05-19 14:08:26.852,OnTrack,1632,-641,778,pos,0 days 01:05:10.258000,0 days 02:00:46.866000
2024-05-19 14:08:27.172,OnTrack,1501,-701,778,pos,0 days 01:05:10.578000,0 days 02:00:47.186000
2024-05-19 14:08:27.432,OnTrack,1321,-782,778,pos,0 days 01:05:10.838000,0 days 02:00:47.446000
2024-05-19 14:08:27.832,OnTrack,1145,-863,778,pos,0 days 01:05:11.238000,0 days 02:00:47.846000
2024-05-19 14:08:27.992,OnTrack,1054,-904,778,pos,0 days 01:05:11.398000,0 days 02:00:48.006000
2024-05-19 14:08:28.292,OnTrack,879,-982,779,pos,0 days 01:05:11.698000,0 days 02:00:48.306000
2024-05-19 14:08:28.492,OnTrack,721,-1049,779,pos,0 days 01:05:11.898000,0 days 02:00:48.506000
2024-05-19 14:08:28.873,OnTrack,463,-1157,780,pos,0 days 01:05:12.279000,0 days 02:00:48.887000
2024-05-19 14:08:29.132,OnTrack,361,-1200,781,pos,0 days 01:05:12.538000,0 days 02:00:49.146000
2024-05-19 14:08:29.371,OnTrack,205,-1266,781,pos,0 days 01:05:12.777000,0 days 02:00:49.385000
2024-05-19 14:08:29.651,OnTrack,20,-1343,781,pos,0 days 01:05:13.057000,0 days 02:00:49.665000
2024-05-19 14:08:29.891,OnTrack,-141,-1407,781,pos,0 days 01:05:13.297000,0 days 02:00:49.905000
2024-05-19 14:08:30.071,OnTrack,-350,-1479,782,pos,0 days 01:05:13.477000,0 days 02:00:50.085000
2024-05-19 14:08:30.451,OnTrack,-538,-1529,783,pos,0 days 01:05:13.857000,0 days 02:00:50.465000
2024-05-19 14:08:30.671,OnTrack,-792,-1571,783,pos,0 days 01:05:14.077000,0 days 02:00:50.685000
2024-05-19 14:08:30.991,OnTrack,-975,-1584,784,pos,0 days 01:05:14.397000,0 days 02:00:51.005000
2024-05-19 14:08:31.211,OnTrack,-1152,-1591,784,pos,0 days 01:05:14.617000,0 days 02:00:51.225000
2024-05-19 14:08:31.452,OnTrack,-1314,-1595,785,pos,0 days 01:05:14.858000,0 days 02:00:51.466000
2024-05-19 14:08:31.692,OnTrack,-1504,-1605,786,pos,0 days 01:05:15.098000,0 days 02:00:51.706000
2024-05-19 14:08:31.852,OnTrack,-1631,-1613,786,pos,0 days 01:05:15.258000,0 days 02:00:51.866000
2024-05-19 14:08:32.091,OnTrack,-1824,-1624,787,pos,0 days 01:05:15.497000,0 days 02:00:52.105000
2024-05-19 14:08:32.331,OnTrack,-2017,-1634,788,pos,0 days 01:05:15.737000,0 days 02:00:52.345000
2024-05-19 14:08:32.552,OnTrack,-2196,-1644,789,pos,0 days 01:05:15.958000,0 days 02:00:52.566000
2024-05-19 14:08:32.732,OnTrack,-2458,-1659,790,pos,0 days 01:05:16.138000,0 days 02:00:52.746000
2024-05-19 14:08:33.052,OnTrack,-2606,-1667,790,pos,0 days 01:05:16.458000,0 days 02:00:53.066000
2024-05-19 14:08:33.332,OnTrack,-2838,-1674,791,pos,0 days 01:05:16.738000,0 days 02:00:53.346000
2024-05-19 14:08:33.612,OnTrack,-3105,-1683,793,pos,0 days 01:05:17.018000,0 days 02:00:53.626000
2024-05-19 14:08:33.912,OnTrack,-3441,-1695,794,pos,0 days 01:05:17.318000,0 days 02:00:53.926000
2024-05-19 14:08:34.272,OnTrack,-3627,-1695,795,pos,0 days 01:05:17.678000,0 days 02:00:54.286000
2024-05-19 14:08:34.472,OnTrack,-3795,-1686,795,pos,0 days 01:05:17.878000,0 days 02:00:54.486000
2024-05-19 14:08:34.812,OnTrack,-4083,-1647,797,pos,0 days 01:05:18.218000,0 days 02:00:54.826000
2024-05-19 14:08:35.032,OnTrack,-4269,-1610,798,pos,0 days 01:05:18.438000,0 days 02:00:55.046000
2024-05-19 14:08:35.252,OnTrack,-4472,-1565,799,pos,0 days 01:05:18.658000,0 days 02:00:55.266000
2024-05-19 14:08:35.592,OnTrack,-4740,-1500,801,pos,0 days 01:05:18.998000,0 days 02:00:55.606000
2024-05-19 14:08:35.791,OnTrack,-4908,-1459,802,pos,0 days 01:05:19.197000,0 days 02:00:55.805000
2024-05-19 14:08:35.952,OnTrack,-5042,-1425,803,pos,0 days 01:05:19.358000,0 days 02:00:55.966000
2024-05-19 14:08:36.151,OnTrack,-5210,-1384,805,pos,0 days 01:05:19.557000,0 days 02:00:56.165000
2024-05-19 14:08:36.472,OnTrack,-5481,-1323,807,pos,0 days 01:05:19.878000,0 days 02:00:56.486000
2024-05-19 14:08:36.691,OnTrack,-5682,-1285,809,pos,0 days 01:05:20.097000,0 days 02:00:56.705000
2024-05-19 14:08:36.951,OnTrack,-5837,-1263,810,pos,0 days 01:05:20.357000,0 days 02:00:56.965000
2024-05-19 14:08:37.151,OnTrack,-6010,-1246,811,pos,0 days 01:05:20.557000,0 days 02:00:57.165000
2024-05-19 14:08:37.412,OnTrack,-6237,-1234,814,pos,0 days 01:05:20.818000,0 days 02:00:57.426000
2024-05-19 14:08:37.652,OnTrack,-6447,-1230,814,pos,0 days 01:05:21.058000,0 days 02:00:57.666000
2024-05-19 14:08:37.872,OnTrack,-6745,-1230,816,pos,0 days 01:05:21.278000,0 days 02:00:57.886000
2024-05-19 14:08:38.291,OnTrack,-7131,-1241,817,pos,0 days 01:05:21.697000,0 days 02:00:58.305000
2024-05-19 14:08:38.732,OnTrack,-7394,-1258,818,pos,0 days 01:05:22.138000,0 days 02:00:58.746000
2024-05-19 14:08:38.932,OnTrack,-7569,-1274,818,pos,0 days 01:05:22.338000,0 days 02:00:58.946000
2024-05-19 14:08:39.112,OnTrack,-7727,-1290,818,pos,0 days 01:05:22.518000,0 days 02:00:59.126000
2024-05-19 14:08:39.312,OnTrack,-7902,-1310,818,pos,0 days 01:05:22.718000,0 days 02:00:59.326000
2024-05-19 14:08:39.572,OnTrack,-8129,-1339,818,pos,0 days 01:05:22.978000,0 days 02:00:59.586000
2024-05-19 14:08:39.732,OnTrack,-8269,-1358,819,pos,0 days 01:05:23.138000,0 days 02:00:59.746000
2024-05-19 14:08:39.932,OnTrack,-8549,-1396,819,pos,0 days 01:05:23.338000,0 days 02:00:59.946000
2024-05-19 14:08:40.272,OnTrack,-8741,-1422,819,pos,0 days 01:05:23.678000,0 days 02:01:00.286000
2024-05-19 14:08:40.472,OnTrack,-8916,-1447,819,pos,0 days 01:05:23.878000,0 days 02:01:00.486000
2024-05-19 14:08:40.752,OnTrack,-9156,-1487,819,pos,0 days 01:05:24.158000,0 days 02:01:00.766000
2024-05-19 14:08:40.932,OnTrack,-9301,-1519,819,pos,0 days 01:05:24.338000,0 days 02:01:00.946000
2024-05-19 14:08:41.192,OnTrack,-9586,-1603,819,pos,0 days 01:05:24.598000,0 days 02:01:01.206000
2024-05-19 14:08:41.592,OnTrack,-9798,-1670,818,pos,0 days 01:05:24.998000,0 days 02:01:01.606000
2024-05-19 14:08:41.992,OnTrack,-10121,-1770,818,pos,0 days 01:05:25.398000,0 days 02:01:02.006000
2024-05-19 14:08:42.351,OnTrack,-10213,-1806,818,pos,0 days 01:05:25.757000,0 days 02:01:02.365000
2024-05-19 14:08:42.591,OnTrack,-10290,-1858,818,pos,0 days 01:05:25.997000,0 days 02:01:02.605000
2024-05-19 14:08:42.732,OnTrack,-10327,-1900,818,pos,0 days 01:05:26.138000,0 days 02:01:02.746000
2024-05-19 14:08:43.052,OnTrack,-10385,-2018,818,pos,0 days 01:05:26.458000,0 days 02:01:03.066000
2024-05-19 14:08:43.312,OnTrack,-10416,-2127,819,pos,0 days 01:05:26.718000,0 days 02:01:03.326000
2024-05-19 14:08:43.471,OnTrack,-10435,-2193,819,pos,0 days 01:05:26.877000,0 days 02:01:03.485000
2024-05-19 14:08:43.671,OnTrack,-10465,-2273,819,pos,0 days 01:05:27.077000,0 days 02:01:03.685000
2024-05-19 14:08:43.872,OnTrack,-10508,-2351,819,pos,0 days 01:05:27.278000,0 days 02:01:03.886000
2024-05-19 14:08:44.051,OnTrack,-10559,-2416,818,pos,0 days 01:05:27.457000,0 days 02:01:04.065000
2024-05-19 14:08:44.271,OnTrack,-10690,-2529,819,pos,0 days 01:05:27.677000,0 days 02:01:04.285000
2024-05-19 14:08:44.732,OnTrack,-10823,-2614,820,pos,0 days 01:05:28.138000,0 days 02:01:04.746000
2024-05-19 14:08:44.831,OnTrack,-10866,-2640,820,pos,0 days 01:05:28.237000,0 days 02:01:04.845000
2024-05-19 14:08:45.131,OnTrack,-11032,-2736,821,pos,0 days 01:05:28.537000,0 days 02:01:05.145000
2024-05-19 14:08:45.512,OnTrack,-11170,-2816,823,pos,0 days 01:05:28.918000,0 days 02:01:05.526000
2024-05-19 14:08:45.732,OnTrack,-11342,-2920,824,pos,0 days 01:05:29.138000,0 days 02:01:05.746000
2024-05-19 14:08:46.072,OnTrack,-11439,-2985,824,pos,0 days 01:05:29.478000,0 days 02:01:06.086000
2024-05-19 14:08:46.352,OnTrack,-11607,-3135,825,pos,0 days 01:05:29.758000,0 days 02:01:06.366000
2024-05-19 14:08:46.632,OnTrack,-11674,-3222,825,pos,0 days 01:05:30.038000,0 days 02:01:06.646000
2024-05-19 14:08:46.932,OnTrack,-11766,-3391,826,pos,0 days 01:05:30.338000,0 days 02:01:06.946000
2024-05-19 14:08:47.112,OnTrack,-11812,-3500,826,pos,0 days 01:05:30.518000,0 days 02:01:07.126000
2024-05-19 14:08:47.392,OnTrack,-11902,-3736,827,pos,0 days 01:05:30.798000,0 days 02:01:07.406000
2024-05-19 14:08:47.672,OnTrack,-11944,-3850,828,pos,0 days 01:05:31.078000,0 days 02:01:07.686000
2024-05-19 14:08:47.872,OnTrack,-11992,-3978,828,pos,0 days 01:05:31.278000,0 days 02:01:07.886000
2024-05-19 14:08:48.072,OnTrack,-12041,-4108,829,pos,0 days 01:05:31.478000,0 days 02:01:08.086000
2024-05-19 14:08:48.412,OnTrack,-12146,-4387,830,pos,0 days 01:05:31.818000,0 days 02:01:08.426000
2024-05-19 14:08:48.892,OnTrack,-12284,-4756,831,pos,0 days 01:05:32.298000,0 days 02:01:08.906000
2024-05-19 14:08:49.211,OnTrack,-12332,-4881,831,pos,0 days 01:05:32.617000,0 days 02:01:09.225000
2024-05-19 14:08:49.511,OnTrack,-12422,-5122,832,pos,0 days 01:05:32.917000,0 days 02:01:09.525000
2024-05-19 14:08:49.892,OnTrack,-12535,-5424,832,pos,0 days 01:05:33.298000,0 days 02:01:09.906000
2024-05-19 14:08:50.271,OnTrack,-12645,-5716,833,pos,0 days 01:05:33.677000,0 days 02:01:10.285000
2024-05-19 14:08:50.632,OnTrack,-12717,-5907,833,pos,0 days 01:05:34.038000,0 days 02:01:10.646000
2024-05-19 14:08:50.791,OnTrack,-12762,-6024,834,pos,0 days 01:05:34.197000,0 days 02:01:10.805000
2024-05-19 14:08:50.992,OnTrack,-12819,-6171,834,pos,0 days 01:05:34.398000,0 days 02:01:11.006000
2024-05-19 14:08:51.331,OnTrack,-12920,-6418,835,pos,0 days 01:05:34.737000,0 days 02:01:11.345000
2024-05-19 14:08:51.512,OnTrack,-12975,-6549,835,pos,0 days 01:05:34.918000,0 days 02:01:11.526000
2024-05-19 14:08:51.671,OnTrack,-13025,-6664,836,pos,0 days 01:05:35.077000,0 days 02:01:11.685000
2024-05-19 14:08:51.972,OnTrack,-13110,-6879,836,pos,0 days 01:05:35.378000,0 days 02:01:11.986000
2024-05-19 14:08:52.132,OnTrack,-13152,-7042,837,pos,0 days 01:05:35.538000,0 days 02:01:12.146000
2024-05-19 14:08:52.432,OnTrack,-13163,-7188,838,pos,0 days 01:05:35.838000,0 days 02:01:12.446000
2024-05-19 14:08:52.732,OnTrack,-13144,-7383,839,pos,0 days 01:05:36.138000,0 days 02:01:12.746000
2024-05-19 14:08:52.892,OnTrack,-13125,-7481,840,pos,0 days 01:05:36.298000,0 days 02:01:12.906000
2024-05-19 14:08:53.132,OnTrack,-13078,-7677,841,pos,0 days 01:05:36.538000,0 days 02:01:13.146000
2024-05-19 14:08:53.452,OnTrack,-13051,-7791,842,pos,0 days 01:05:36.858000,0 days 02:01:13.466000
2024-05-19 14:08:53.792,OnTrack,-13025,-7950,843,pos,0 days 01:05:37.198000,0 days 02:01:13.806000
2024-05-19 14:08:53.872,OnTrack,-13023,-7985,843,pos,0 days 01:05:37.278000,0 days 02:01:13.886000
2024-05-19 14:08:54.092,OnTrack,-13034,-8077,844,pos,0 days 01:05:37.498000,0 days 02:01:14.106000
2024-05-19 14:08:54.292,OnTrack,-13064,-8155,845,pos,0 days 01:05:37.698000,0 days 02:01:14.306000
2024-05-19 14:08:54.612,OnTrack,-13200,-8308,847,pos,0 days 01:05:38.018000,0 days 02:01:14.626000
2024-05-19 14:08:54.952,OnTrack,-13311,-8406,848,pos,0 days 01:05:38.358000,0 days 02:01:14.966000
2024-05-19 14:08:55.432,OnTrack,-13486,-8553,851,pos,0 days 01:05:38.838000,0 days 02:01:15.446000
2024-05-19 14:08:55.711,OnTrack,-13548,-8606,851,pos,0 days 01:05:39.117000,0 days 02:01:15.725000
2024-05-19 14:08:56.031,OnTrack,-13675,-8714,853,pos,0 days 01:05:39.437000,0 days 02:01:16.045000
2024-05-19 14:08:56.191,OnTrack,-13742,-8771,854,pos,0 days 01:05:39.597000,0 days 02:01:16.205000
2024-05-19 14:08:56.352,OnTrack,-13807,-8825,855,pos,0 days 01:05:39.758000,0 days 02:01:16.366000
2024-05-19 14:08:56.632,OnTrack,-13904,-8906,857,pos,0 days 01:05:40.038000,0 days 02:01:16.646000
2024-05-19 14:08:56.851,OnTrack,-14014,-9003,860,pos,0 days 01:05:40.257000,0 days 02:01:16.865000
2024-05-19 14:08:56.932,OnTrack,-14056,-9042,861,pos,0 days 01:05:40.338000,0 days 02:01:16.946000
2024-05-19 14:08:57.152,OnTrack,-14151,-9135,864,pos,0 days 01:05:40.558000,0 days 02:01:17.166000
2024-05-19 14:08:57.371,OnTrack,-14246,-9229,868,pos,0 days 01:05:40.777000,0 days 02:01:17.385000
2024-05-19 14:08:57.631,OnTrack,-14413,-9395,876,pos,0 days 01:05:41.037000,0 days 02:01:17.645000
2024-05-19 14:08:58.032,OnTrack,-14539,-9515,882,pos,0 days 01:05:41.438000,0 days 02:01:18.046000
2024-05-19 14:08:58.272,OnTrack,-14638,-9608,887,pos,0 days 01:05:41.678000,0 days 02:01:18.286000
2024-05-19 14:08:58.491,OnTrack,-14716,-9685,890,pos,0 days 01:05:41.897000,0 days 02:01:18.505000
2024-05-19 14:08:58.711,OnTrack,-14784,-9758,894,pos,0 days 01:05:42.117000,0 days 02:01:18.725000
2024-05-19 14:08:58.872,OnTrack,-14824,-9810,896,pos,0 days 01:05:42.278000,0 days 02:01:18.886000
2024-05-19 14:08:59.092,OnTrack,-14867,-9879,898,pos,0 days 01:05:42.498000,0 days 02:01:19.106000
2024-05-19 14:08:59.332,OnTrack,-14899,-9955,901,pos,0 days 01:05:42.738000,0 days 02:01:19.346000
2024-05-19 14:08:59.512,OnTrack,-14915,-10054,904,pos,0 days 01:05:42.918000,0 days 02:01:19.526000
2024-05-19 14:08:59.932,OnTrack,-14892,-10173,909,pos,0 days 01:05:43.338000,0 days 02:01:19.946000
2024-05-19 14:09:00.392,OnTrack,-14835,-10261,915,pos,0 days 01:05:43.798000,0 days 02:01:20.406000
2024-05-19 14:09:00.812,OnTrack,-14763,-10320,921,pos,0 days 01:05:44.218000,0 days 02:01:20.826000
2024-05-19 14:09:00.992,OnTrack,-14723,-10344,922,pos,0 days 01:05:44.398000,0 days 02:01:21.006000
2024-05-19 14:09:01.112,OnTrack,-14695,-10357,923,pos,0 days 01:05:44.518000,0 days 02:01:21.126000
2024-05-19 14:09:01.352,OnTrack,-14635,-10377,926,pos,0 days 01:05:44.758000,0 days 02:01:21.366000
2024-05-19 14:09:01.592,OnTrack,-14532,-10393,932,pos,0 days 01:05:44.998000,0 days 02:01:21.606000
2024-05-19 14:09:01.992,OnTrack,-14456,-10395,936,pos,0 days 01:05:45.398000,0 days 02:01:22.006000
2024-05-19 14:09:02.211,OnTrack,-14388,-10392,939,pos,0 days 01:05:45.617000,0 days 02:01:22.225000
2024-05-19 14:09:02.451,OnTrack,-14313,-10384,942,pos,0 days 01:05:45.857000,0 days 02:01:22.465000
2024-05-19 14:09:02.711,OnTrack,-14255,-10377,946,pos,0 days 01:05:46.117000,0 days 02:01:22.725000
2024-05-19 14:09:03.011,OnTrack,-14085,-10348,953,pos,0 days 01:05:46.417000,0 days 02:01:23.025000
2024-05-19 14:09:03.351,OnTrack,-13998,-10331,957,pos,0 days 01:05:46.757000,0 days 02:01:23.365000
2024-05-19 14:09:03.611,OnTrack,-13830,-10297,965,pos,0 days 01:05:47.017000,0 days 02:01:23.625000
2024-05-19 14:09:03.972,OnTrack,-13700,-10270,970,pos,0 days 01:05:47.378000,0 days 02:01:23.986000
2024-05-19 14:09:04.151,OnTrack,-13606,-10251,974,pos,0 days 01:05:47.557000,0 days 02:01:24.165000
2024-05-19 14:09:04.352,OnTrack,-13498,-10231,979,pos,0 days 01:05:47.758000,0 days 02:01:24.366000
2024-05-19 14:09:04.552,OnTrack,-13386,-10211,983,pos,0 days 01:05:47.958000,0 days 02:01:24.566000
2024-05-19 14:09:04.792,OnTrack,-13248,-10187,988,pos,0 days 01:05:48.198000,0 days 02:01:24.806000
2024-05-19 14:09:04.971,OnTrack,-13141,-10168,992,pos,0 days 01:05:48.377000,0 days 02:01:24.985000
2024-05-19 14:09:05.152,OnTrack,-13032,-10149,996,pos,0 days 01:05:48.558000,0 days 02:01:25.166000
2024-05-19 14:09:05.512,OnTrack,-12806,-10114,1003,pos,0 days 01:05:48.918000,0 days 02:01:25.526000
2024-05-19 14:09:05.692,OnTrack,-12652,-10090,1008,pos,0 days 01:05:49.098000,0 days 02:01:25.706000
2024-05-19 14:09:05.972,OnTrack,-12507,-10069,1012,pos,0 days 01:05:49.378000,0 days 02:01:25.986000
2024-05-19 14:09:06.252,OnTrack,-12318,-10042,1020,pos,0 days 01:05:49.658000,0 days 02:01:26.266000
2024-05-19 14:09:06.512,OnTrack,-12056,-10006,1035,pos,0 days 01:05:49.918000,0 days 02:01:26.526000
2024-05-19 14:09:06.852,OnTrack,-11902,-9985,1045,pos,0 days 01:05:50.258000,0 days 02:01:26.866000
2024-05-19 14:09:07.132,OnTrack,-11702,-9962,1059,pos,0 days 01:05:50.538000,0 days 02:01:27.146000
2024-05-19 14:09:07.312,OnTrack,-11572,-9949,1067,pos,0 days 01:05:50.718000,0 days 02:01:27.326000
2024-05-19 14:09:07.493,OnTrack,-11442,-9936,1075,pos,0 days 01:05:50.899000,0 days 02:01:27.507000
2024-05-19 14:09:07.773,OnTrack,-11238,-9923,1088,pos,0 days 01:05:51.179000,0 days 02:01:27.787000
2024-05-19 14:09:07.992,OnTrack,-11046,-9918,1100,pos,0 days 01:05:51.398000,0 days 02:01:28.006000
2024-05-19 14:09:08.252,OnTrack,-10884,-9918,1109,pos,0 days 01:05:51.658000,0 days 02:01:28.266000
2024-05-19 14:09:08.512,OnTrack,-10691,-9925,1117,pos,0 days 01:05:51.918000,0 days 02:01:28.526000
2024-05-19 14:09:08.671,OnTrack,-10572,-9933,1121,pos,0 days 01:05:52.077000,0 days 02:01:28.685000
2024-05-19 14:09:08.872,OnTrack,-10423,-9947,1122,pos,0 days 01:05:52.278000,0 days 02:01:28.886000
2024-05-19 14:09:09.212,OnTrack,-10169,-9975,1122,pos,0 days 01:05:52.618000,0 days 02:01:29.226000
2024-05-19 14:09:09.271,OnTrack,-10125,-9980,1121,pos,0 days 01:05:52.677000,0 days 02:01:29.285000
2024-05-19 14:09:09.472,OnTrack,-9976,-9998,1120,pos,0 days 01:05:52.878000,0 days 02:01:29.486000
2024-05-19 14:09:09.831,OnTrack,-9604,-10040,1117,pos,0 days 01:05:53.237000,0 days 02:01:29.845000
2024-05-19 14:09:10.091,OnTrack,-9519,-10049,1116,pos,0 days 01:05:53.497000,0 days 02:01:30.105000
2024-05-19 14:09:10.332,OnTrack,-9358,-10064,1115,pos,0 days 01:05:53.738000,0 days 02:01:30.346000
2024-05-19 14:09:10.552,OnTrack,-9219,-10071,1114,pos,0 days 01:05:53.958000,0 days 02:01:30.566000
2024-05-19 14:09:10.711,OnTrack,-9125,-10068,1114,pos,0 days 01:05:54.117000,0 days 02:01:30.725000
2024-05-19 14:09:11.011,OnTrack,-8966,-10039,1114,pos,0 days 01:05:54.417000,0 days 02:01:31.025000
2024-05-19 14:09:11.231,OnTrack,-8812,-9968,1113,pos,0 days 01:05:54.637000,0 days 02:01:31.245000
2024-05-19 14:09:11.632,OnTrack,-8692,-9868,1109,pos,0 days 01:05:55.038000,0 days 02:01:31.646000
2024-05-19 14:09:11.872,OnTrack,-8613,-9766,1106,pos,0 days 01:05:55.278000,0 days 02:01:31.886000
2024-05-19 14:09:12.091,OnTrack,-8552,-9659,1102,pos,0 days 01:05:55.497000,0 days 02:01:32.105000
2024-05-19 14:09:12.252,OnTrack,-8510,-9577,1100,pos,0 days 01:05:55.658000,0 days 02:01:32.266000
2024-05-19 14:09:12.432,OnTrack,-8463,-9484,1097,pos,0 days 01:05:55.838000,0 days 02:01:32.446000
2024-05-19 14:09:12.712,OnTrack,-8392,-9334,1092,pos,0 days 01:05:56.118000,0 days 02:01:32.726000
2024-05-19 14:09:12.911,OnTrack,-8346,-9221,1088,pos,0 days 01:05:56.317000,0 days 02:01:32.925000
2024-05-19 14:09:13.052,OnTrack,-8317,-9140,1085,pos,0 days 01:05:56.458000,0 days 02:01:33.066000
2024-05-19 14:09:13.272,OnTrack,-8281,-9007,1080,pos,0 days 01:05:56.678000,0 days 02:01:33.286000
2024-05-19 14:09:13.572,OnTrack,-8242,-8749,1069,pos,0 days 01:05:56.978000,0 days 02:01:33.586000
2024-05-19 14:09:13.912,OnTrack,-8239,-8506,1054,pos,0 days 01:05:57.318000,0 days 02:01:33.926000
2024-05-19 14:09:14.252,OnTrack,-8251,-8354,1043,pos,0 days 01:05:57.658000,0 days 02:01:34.266000
2024-05-19 14:09:14.532,OnTrack,-8285,-8095,1019,pos,0 days 01:05:57.938000,0 days 02:01:34.546000
2024-05-19 14:09:14.992,OnTrack,-8356,-7742,989,pos,0 days 01:05:58.398000,0 days 02:01:35.006000
2024-05-19 14:09:15.291,OnTrack,-8382,-7628,981,pos,0 days 01:05:58.697000,0 days 02:01:35.305000
2024-05-19 14:09:15.471,OnTrack,-8411,-7499,972,pos,0 days 01:05:58.877000,0 days 02:01:35.485000
2024-05-19 14:09:15.652,OnTrack,-8441,-7370,964,pos,0 days 01:05:59.058000,0 days 02:01:35.666000
2024-05-19 14:09:15.871,OnTrack,-8477,-7210,955,pos,0 days 01:05:59.277000,0 days 02:01:35.885000
2024-05-19 14:09:16.051,OnTrack,-8507,-7079,948,pos,0 days 01:05:59.457000,0 days 02:01:36.065000
2024-05-19 14:09:16.451,OnTrack,-8597,-6683,928,pos,0 days 01:05:59.857000,0 days 02:01:36.465000
2024-05-19 14:09:16.711,OnTrack,-8616,-6595,923,pos,0 days 01:06:00.117000,0 days 02:01:36.725000
2024-05-19 14:09:16.911,OnTrack,-8643,-6448,915,pos,0 days 01:06:00.317000,0 days 02:01:36.925000
2024-05-19 14:09:17.231,OnTrack,-8650,-6224,905,pos,0 days 01:06:00.637000,0 days 02:01:37.245000
2024-05-19 14:09:17.412,OnTrack,-8589,-6002,899,pos,0 days 01:06:00.818000,0 days 02:01:37.426000
2024-05-19 14:09:17.791,OnTrack,-8518,-5851,897,pos,0 days 01:06:01.197000,0 days 02:01:37.805000
2024-05-19 14:09:17.972,OnTrack,-8464,-5753,896,pos,0 days 01:06:01.378000,0 days 02:01:37.986000
2024-05-19 14:09:18.232,OnTrack,-8354,-5569,898,pos,0 days 01:06:01.638000,0 days 02:01:38.246000
2024-05-19 14:09:18.692,OnTrack,-8268,-5457,901,pos,0 days 01:06:02.098000,0 days 02:01:38.706000
2024-05-19 14:09:18.852,OnTrack,-8189,-5384,904,pos,0 days 01:06:02.258000,0 days 02:01:38.866000
2024-05-19 14:09:19.272,OnTrack,-8093,-5337,908,pos,0 days 01:06:02.678000,0 days 02:01:39.286000
2024-05-19 14:09:19.431,OnTrack,-8038,-5326,910,pos,0 days 01:06:02.837000,0 days 02:01:39.445000
2024-05-19 14:09:19.652,OnTrack,-7958,-5329,917,pos,0 days 01:06:03.058000,0 days 02:01:39.666000
2024-05-19 14:09:19.852,OnTrack,-7886,-5342,922,pos,0 days 01:06:03.258000,0 days 02:01:39.866000
2024-05-19 14:09:20.112,OnTrack,-7797,-5364,930,pos,0 days 01:06:03.518000,0 days 02:01:40.126000
2024-05-19 14:09:20.192,OnTrack,-7769,-5372,933,pos,0 days 01:06:03.598000,0 days 02:01:40.206000
2024-05-19 14:09:20.412,OnTrack,-7692,-5393,941,pos,0 days 01:06:03.818000,0 days 02:01:40.426000
2024-05-19 14:09:20.732,OnTrack,-7540,-5423,954,pos,0 days 01:06:04.138000,0 days 02:01:40.746000
2024-05-19 14:09:21.012,OnTrack,-7457,-5433,961,pos,0 days 01:06:04.418000,0 days 02:01:41.026000
2024-05-19 14:09:21.373,OnTrack,-7267,-5443,978,pos,0 days 01:06:04.779000,0 days 02:01:41.387000
2024-05-19 14:09:21.632,OnTrack,-7172,-5443,985,pos,0 days 01:06:05.038000,0 days 02:01:41.646000
2024-05-19 14:09:21.992,OnTrack,-6988,-5442,999,pos,0 days 01:06:05.398000,0 days 02:01:42.006000
2024-05-19 14:09:22.192,OnTrack,-6803,-5440,1010,pos,0 days 01:06:05.598000,0 days 02:01:42.206000
2024-05-19 14:09:22.571,OnTrack,-6586,-5438,1021,pos,0 days 01:06:05.977000,0 days 02:01:42.585000
2024-05-19 14:09:22.991,OnTrack,-6332,-5436,1030,pos,0 days 01:06:06.397000,0 days 02:01:43.005000
2024-05-19 14:09:23.292,OnTrack,-6231,-5435,1033,pos,0 days 01:06:06.698000,0 days 02:01:43.306000
2024-05-19 14:09:23.672,OnTrack,-5934,-5433,1041,pos,0 days 01:06:07.078000,0 days 02:01:43.686000
2024-05-19 14:09:24.092,OnTrack,-5707,-5431,1047,pos,0 days 01:06:07.498000,0 days 02:01:44.106000
2024-05-19 14:09:24.252,OnTrack,-5557,-5430,1052,pos,0 days 01:06:07.658000,0 days 02:01:44.266000
2024-05-19 14:09:24.591,OnTrack,-5364,-5427,1058,pos,0 days 01:06:07.997000,0 days 02:01:44.605000
2024-05-19 14:09:24.871,OnTrack,-5120,-5417,1065,pos,0 days 01:06:08.277000,0 days 02:01:44.885000
2024-05-19 14:09:25.232,OnTrack,-4932,-5402,1071,pos,0 days 01:06:08.638000,0 days 02:01:45.246000
2024-05-19 14:09:25.492,OnTrack,-4747,-5385,1075,pos,0 days 01:06:08.898000,0 days 02:01:45.506000
2024-05-19 14:09:25.732,OnTrack,-4577,-5370,1079,pos,0 days 01:06:09.138000,0 days 02:01:45.746000
2024-05-19 14:09:25.932,OnTrack,-4435,-5358,1081,pos,0 days 01:06:09.338000,0 days 02:01:45.946000
2024-05-19 14:09:26.132,OnTrack,-4234,-5341,1083,pos,0 days 01:06:09.538000,0 days 02:01:46.146000
2024-05-19 14:09:26.492,OnTrack,-4032,-5325,1085,pos,0 days 01:06:09.898000,0 days 02:01:46.506000
2024-05-19 14:09:26.712,OnTrack,-3878,-5312,1086,pos,0 days 01:06:10.118000,0 days 02:01:46.726000
2024-05-19 14:09:26.892,OnTrack,-3689,-5296,1087,pos,0 days 01:06:10.298000,0 days 02:01:46.906000
2024-05-19 14:09:27.272,OnTrack,-3548,-5285,1087,pos,0 days 01:06:10.678000,0 days 02:01:47.286000
2024-05-19 14:09:27.552,OnTrack,-3355,-5273,1089,pos,0 days 01:06:10.958000,0 days 02:01:47.566000
2024-05-19 14:09:28.032,OnTrack,-3218,-5280,1092,pos,0 days 01:06:11.438000,0 days 02:01:48.046000
2024-05-19 14:09:28.312,OnTrack,-3151,-5312,1093,pos,0 days 01:06:11.718000,0 days 02:01:48.326000
2024-05-19 14:09:28.551,OnTrack,-3090,-5364,1096,pos,0 days 01:06:11.957000,0 days 02:01:48.565000
2024-05-19 14:09:28.752,OnTrack,-3044,-5414,1096,pos,0 days 01:06:12.158000,0 days 02:01:48.766000
2024-05-19 14:09:28.911,OnTrack,-3009,-5452,1096,pos,0 days 01:06:12.317000,0 days 02:01:48.925000
2024-05-19 14:09:29.231,OnTrack,-2937,-5514,1096,pos,0 days 01:06:12.637000,0 days 02:01:49.245000
2024-05-19 14:09:29.431,OnTrack,-2888,-5541,1096,pos,0 days 01:06:12.837000,0 days 02:01:49.445000
2024-05-19 14:09:29.592,OnTrack,-2847,-5556,1095,pos,0 days 01:06:12.998000,0 days 02:01:49.606000
2024-05-19 14:09:29.892,OnTrack,-2747,-5559,1093,pos,0 days 01:06:13.298000,0 days 02:01:49.906000
2024-05-19 14:09:30.311,OnTrack,-2653,-5537,1092,pos,0 days 01:06:13.717000,0 days 02:01:50.325000
2024-05-19 14:09:30.531,OnTrack,-2554,-5505,1089,pos,0 days 01:06:13.937000,0 days 02:01:50.545000
2024-05-19 14:09:30.851,OnTrack,-2503,-5485,1088,pos,0 days 01:06:14.257000,0 days 02:01:50.865000
2024-05-19 14:09:31.052,OnTrack,-2400,-5441,1085,pos,0 days 01:06:14.458000,0 days 02:01:51.066000
2024-05-19 14:09:31.411,OnTrack,-2328,-5406,1084,pos,0 days 01:06:14.817000,0 days 02:01:51.425000
2024-05-19 14:09:31.752,OnTrack,-2167,-5324,1080,pos,0 days 01:06:15.158000,0 days 02:01:51.766000
2024-05-19 14:09:32.112,OnTrack,-2063,-5269,1078,pos,0 days 01:06:15.518000,0 days 02:01:52.126000
2024-05-19 14:09:32.292,OnTrack,-1986,-5228,1076,pos,0 days 01:06:15.698000,0 days 02:01:52.306000
2024-05-19 14:09:33.252,OnTrack,-1435,-4953,1066,pos,0 days 01:06:16.658000,0 days 02:01:53.266000
2024-05-19 14:09:33.552,OnTrack,-1347,-4913,1064,pos,0 days 01:06:16.958000,0 days 02:01:53.566000
2024-05-19 14:09:33.852,OnTrack,-1178,-4834,1061,pos,0 days 01:06:17.258000,0 days 02:01:53.866000
2024-05-19 14:09:34.092,OnTrack,-973,-4726,1057,pos,0 days 01:06:17.498000,0 days 02:01:54.106000
2024-05-19 14:09:34.392,OnTrack,-871,-4665,1054,pos,0 days 01:06:17.798000,0 days 02:01:54.406000
2024-05-19 14:09:34.713,OnTrack,-656,-4521,1048,pos,0 days 01:06:18.119000,0 days 02:01:54.727000
2024-05-19 14:09:35.091,OnTrack,-418,-4348,1041,pos,0 days 01:06:18.497000,0 days 02:01:55.105000
2024-05-19 14:09:35.552,OnTrack,-145,-4133,1033,pos,0 days 01:06:18.958000,0 days 02:01:55.566000
2024-05-19 14:09:35.872,OnTrack,-34,-4037,1030,pos,0 days 01:06:19.278000,0 days 02:01:55.886000
2024-05-19 14:09:36.072,OnTrack,74,-3935,1027,pos,0 days 01:06:19.478000,0 days 02:01:56.086000
2024-05-19 14:09:36.291,OnTrack,221,-3787,1023,pos,0 days 01:06:19.697000,0 days 02:01:56.305000
2024-05-19 14:09:36.531,OnTrack,346,-3652,1019,pos,0 days 01:06:19.937000,0 days 02:01:56.545000
2024-05-19 14:09:36.712,OnTrack,511,-3469,1012,pos,0 days 01:06:20.118000,0 days 02:01:56.726000
2024-05-19 14:09:37.131,OnTrack,657,-3307,1004,pos,0 days 01:06:20.537000,0 days 02:01:57.145000
2024-05-19 14:09:37.331,OnTrack,816,-3131,994,pos,0 days 01:06:20.737000,0 days 02:01:57.345000
2024-05-19 14:09:37.732,OnTrack,976,-2954,982,pos,0 days 01:06:21.138000,0 days 02:01:57.746000
2024-05-19 14:09:37.891,OnTrack,1062,-2859,974,pos,0 days 01:06:21.297000,0 days 02:01:57.905000
2024-05-19 14:09:38.072,OnTrack,1159,-2751,966,pos,0 days 01:06:21.478000,0 days 02:01:58.086000
2024-05-19 14:09:38.272,OnTrack,1268,-2632,957,pos,0 days 01:06:21.678000,0 days 02:01:58.286000
2024-05-19 14:09:38.572,OnTrack,1438,-2458,941,pos,0 days 01:06:21.978000,0 days 02:01:58.586000
2024-05-19 14:09:38.832,OnTrack,1656,-2280,921,pos,0 days 01:06:22.238000,0 days 02:01:58.846000
2024-05-19 14:09:39.132,OnTrack,1834,-2170,908,pos,0 days 01:06:22.538000,0 days 02:01:59.146000
2024-05-19 14:09:39.432,OnTrack,2066,-2067,891,pos,0 days 01:06:22.838000,0 days 02:01:59.446000
2024-05-19 14:09:39.612,OnTrack,2206,-2011,879,pos,0 days 01:06:23.018000,0 days 02:01:59.626000
2024-05-19 14:09:39.873,OnTrack,2439,-1917,862,pos,0 days 01:06:23.279000,0 days 02:01:59.887000
2024-05-19 14:09:40.112,OnTrack,2557,-1869,853,pos,0 days 01:06:23.518000,0 days 02:02:00.126000
2024-05-19 14:09:40.332,OnTrack,2687,-1816,843,pos,0 days 01:06:23.738000,0 days 02:02:00.346000
2024-05-19 14:09:40.632,OnTrack,2843,-1752,832,pos,0 days 01:06:24.038000,0 days 02:02:00.646000
2024-05-19 14:09:40.832,OnTrack,2991,-1682,823,pos,0 days 01:06:24.238000,0 days 02:02:00.846000
2024-05-19 14:09:41.192,OnTrack,3051,-1643,819,pos,0 days 01:06:24.598000,0 days 02:02:01.206000
2024-05-19 14:09:41.492,OnTrack,3127,-1566,813,pos,0 days 01:06:24.898000,0 days 02:02:01.506000
2024-05-19 14:09:41.631,OnTrack,3152,-1525,811,pos,0 days 01:06:25.037000,0 days 02:02:01.645000
2024-05-19 14:09:41.832,OnTrack,3186,-1422,806,pos,0 days 01:06:25.238000,0 days 02:02:01.846000
2024-05-19 14:09:42.271,OnTrack,3188,-1317,802,pos,0 days 01:06:25.677000,0 days 02:02:02.285000
2024-05-19 14:09:42.551,OnTrack,3173,-1228,800,pos,0 days 01:06:25.957000,0 days 02:02:02.565000
2024-05-19 14:09:42.612,OnTrack,3169,-1209,799,pos,0 days 01:06:26.018000,0 days 02:02:02.626000
2024-05-19 14:09:42.791,OnTrack,3153,-1152,797,pos,0 days 01:06:26.197000,0 days 02:02:02.805000
2024-05-19 14:09:43.051,OnTrack,3128,-1071,796,pos,0 days 01:06:26.457000,0 days 02:02:03.065000
2024-05-19 14:09:43.712,OnTrack,3046,-849,793,pos,0 days 01:06:27.118000,0 days 02:02:03.726000
2024-05-19 14:09:43.992,OnTrack,2998,-745,792,pos,0 days 01:06:27.398000,0 days 02:02:04.006000
2024-05-19 14:09:44.151,OnTrack,2942,-644,791,pos,0 days 01:06:27.557000,0 days 02:02:04.165000
2024-05-19 14:09:44.491,OnTrack,2883,-559,789,pos,0 days 01:06:27.897000,0 days 02:02:04.505000
2024-05-19 14:09:44.731,OnTrack,2816,-488,789,pos,0 days 01:06:28.137000,0 days 02:02:04.745000
2024-05-19 14:09:44.991,OnTrack,2733,-430,788,pos,0 days 01:06:28.397000,0 days 02:02:05.005000
2024-05-19 14:09:45.192,OnTrack,2620,-384,787,pos,0 days 01:06:28.598000,0 days 02:02:05.206000
2024-05-19 14:09:45.551,OnTrack,2534,-367,786,pos,0 days 01:06:28.957000,0 days 02:02:05.565000
2024-05-19 14:09:45.832,OnTrack,2400,-360,786,pos,0 days 01:06:29.238000,0 days 02:02:05.846000
2024-05-19 14:09:46.272,OnTrack,2264,-375,785,pos,0 days 01:06:29.678000,0 days 02:02:06.286000
2024-05-19 14:09:46.492,OnTrack,2179,-398,783,pos,0 days 01:06:29.898000,0 days 02:02:06.506000
2024-05-19 14:09:46.672,OnTrack,2108,-424,783,pos,0 days 01:06:30.078000,0 days 02:02:06.686000
2024-05-19 14:09:46.912,OnTrack,1953,-494,781,pos,0 days 01:06:30.318000,0 days 02:02:06.926000
2024-05-19 14:09:47.192,OnTrack,1893,-522,781,pos,0 days 01:06:30.598000,0 days 02:02:07.206000
2024-05-19 14:09:47.513,OnTrack,1760,-583,779,pos,0 days 01:06:30.919000,0 days 02:02:07.527000
2024-05-19 14:09:47.572,OnTrack,1732,-596,779,pos,0 days 01:06:30.978000,0 days 02:02:07.586000
2024-05-19 14:09:47.793,OnTrack,1625,-645,778,pos,0 days 01:06:31.199000,0 days 02:02:07.807000
2024-05-19 14:09:48.012,OnTrack,1514,-695,778,pos,0 days 01:06:31.418000,0 days 02:02:08.026000
2024-05-19 14:09:48.332,OnTrack,1279,-802,778,pos,0 days 01:06:31.738000,0 days 02:02:08.346000
2024-05-19 14:09:48.592,OnTrack,1201,-837,778,pos,0 days 01:06:31.998000,0 days 02:02:08.606000
2024-05-19 14:09:48.912,OnTrack,949,-951,778,pos,0 days 01:06:32.318000,0 days 02:02:08.926000
2024-05-19 14:09:49.212,OnTrack,842,-998,779,pos,0 days 01:06:32.618000,0 days 02:02:09.226000
2024-05-19 14:09:49.412,OnTrack,720,-1049,779,pos,0 days 01:06:32.818000,0 days 02:02:09.426000
2024-05-19 14:09:49.732,OnTrack,515,-1135,780,pos,0 days 01:06:33.138000,0 days 02:02:09.746000
2024-05-19 14:09:49.972,OnTrack,361,-1200,781,pos,0 days 01:06:33.378000,0 days 02:02:09.986000
2024-05-19 14:09:50.151,OnTrack,191,-1271,781,pos,0 days 01:06:33.557000,0 days 02:02:10.165000
2024-05-19 14:09:50.451,OnTrack,46,-1332,781,pos,0 days 01:06:33.857000,0 days 02:02:10.465000
2024-05-19 14:09:50.731,OnTrack,-142,-1408,781,pos,0 days 01:06:34.137000,0 days 02:02:10.745000
2024-05-19 14:09:50.932,OnTrack,-365,-1484,782,pos,0 days 01:06:34.338000,0 days 02:02:10.946000
2024-05-19 14:09:51.372,OnTrack,-598,-1542,783,pos,0 days 01:06:34.778000,0 days 02:02:11.386000
2024-05-19 14:09:51.592,OnTrack,-762,-1568,783,pos,0 days 01:06:34.998000,0 days 02:02:11.606000
2024-05-19 14:09:51.811,OnTrack,-1025,-1586,784,pos,0 days 01:06:35.217000,0 days 02:02:11.825000
2024-05-19 14:09:52.132,OnTrack,-1306,-1594,785,pos,0 days 01:06:35.538000,0 days 02:02:12.146000
2024-05-19 14:09:52.651,OnTrack,-1656,-1614,786,pos,0 days 01:06:36.057000,0 days 02:02:12.665000
2024-05-19 14:09:52.992,OnTrack,-2010,-1634,788,pos,0 days 01:06:36.398000,0 days 02:02:13.006000
2024-05-19 14:09:53.432,OnTrack,-2255,-1647,789,pos,0 days 01:06:36.838000,0 days 02:02:13.446000
2024-05-19 14:09:53.612,OnTrack,-2402,-1656,790,pos,0 days 01:06:37.018000,0 days 02:02:13.626000
2024-05-19 14:09:53.852,OnTrack,-2600,-1667,790,pos,0 days 01:06:37.258000,0 days 02:02:13.866000
2024-05-19 14:09:54.092,OnTrack,-2916,-1677,792,pos,0 days 01:06:37.498000,0 days 02:02:14.106000
2024-05-19 14:09:54.372,OnTrack,-3034,-1680,792,pos,0 days 01:06:37.778000,0 days 02:02:14.386000
2024-05-19 14:09:54.672,OnTrack,-3286,-1690,793,pos,0 days 01:06:38.078000,0 days 02:02:14.686000
2024-05-19 14:09:54.872,OnTrack,-3454,-1695,794,pos,0 days 01:06:38.278000,0 days 02:02:14.886000
2024-05-19 14:09:54.931,OnTrack,-3505,-1696,794,pos,0 days 01:06:38.337000,0 days 02:02:14.945000
2024-05-19 14:09:55.231,OnTrack,-3758,-1689,795,pos,0 days 01:06:38.637000,0 days 02:02:15.245000
2024-05-19 14:09:55.412,OnTrack,-3910,-1674,796,pos,0 days 01:06:38.818000,0 days 02:02:15.426000
2024-05-19 14:09:55.571,OnTrack,-4046,-1653,797,pos,0 days 01:06:38.977000,0 days 02:02:15.585000
2024-05-19 14:09:55.811,OnTrack,-4250,-1614,798,pos,0 days 01:06:39.217000,0 days 02:02:15.825000
2024-05-19 14:09:56.151,OnTrack,-4639,-1525,800,pos,0 days 01:06:39.557000,0 days 02:02:16.165000
2024-05-19 14:09:56.411,OnTrack,-4757,-1496,801,pos,0 days 01:06:39.817000,0 days 02:02:16.425000
2024-05-19 14:09:56.651,OnTrack,-4960,-1446,803,pos,0 days 01:06:40.057000,0 days 02:02:16.665000
2024-05-19 14:09:56.872,OnTrack,-5146,-1400,804,pos,0 days 01:06:40.278000,0 days 02:02:16.886000
2024-05-19 14:09:57.132,OnTrack,-5367,-1348,806,pos,0 days 01:06:40.538000,0 days 02:02:17.146000
2024-05-19 14:09:57.312,OnTrack,-5609,-1298,808,pos,0 days 01:06:40.718000,0 days 02:02:17.326000
2024-05-19 14:09:57.692,OnTrack,-5869,-1259,810,pos,0 days 01:06:41.098000,0 days 02:02:17.706000
2024-05-19 14:09:57.932,OnTrack,-6079,-1241,812,pos,0 days 01:06:41.338000,0 days 02:02:17.946000
2024-05-19 14:09:58.152,OnTrack,-6378,-1231,814,pos,0 days 01:06:41.558000,0 days 02:02:18.166000
2024-05-19 14:09:58.532,OnTrack,-6607,-1230,815,pos,0 days 01:06:41.938000,0 days 02:02:18.546000
2024-05-19 14:09:58.732,OnTrack,-6783,-1231,816,pos,0 days 01:06:42.138000,0 days 02:02:18.746000
2024-05-19 14:09:58.992,OnTrack,-7012,-1236,817,pos,0 days 01:06:42.398000,0 days 02:02:19.006000
2024-05-19 14:09:59.092,OnTrack,-7100,-1240,817,pos,0 days 01:06:42.498000,0 days 02:02:19.106000
2024-05-19 14:09:59.412,OnTrack,-7504,-1268,818,pos,0 days 01:06:42.818000,0 days 02:02:19.426000
2024-05-19 14:09:59.832,OnTrack,-7750,-1293,818,pos,0 days 01:06:43.238000,0 days 02:02:19.846000
2024-05-19 14:10:00.072,OnTrack,-7980,-1320,818,pos,0 days 01:06:43.478000,0 days 02:02:20.086000
2024-05-19 14:10:00.172,OnTrack,-8098,-1335,818,pos,0 days 01:06:43.578000,0 days 02:02:20.186000
2024-05-19 14:10:00.492,OnTrack,-8379,-1372,819,pos,0 days 01:06:43.898000,0 days 02:02:20.506000
2024-05-19 14:10:00.652,OnTrack,-8624,-1406,819,pos,0 days 01:06:44.058000,0 days 02:02:20.666000
2024-05-19 14:10:01.092,OnTrack,-8992,-1459,819,pos,0 days 01:06:44.498000,0 days 02:02:21.106000
2024-05-19 14:10:01.412,OnTrack,-9184,-1493,819,pos,0 days 01:06:44.818000,0 days 02:02:21.426000
2024-05-19 14:10:01.591,OnTrack,-9335,-1528,819,pos,0 days 01:06:44.997000,0 days 02:02:21.605000
2024-05-19 14:10:01.851,OnTrack,-9546,-1590,819,pos,0 days 01:06:45.257000,0 days 02:02:21.865000
2024-05-19 14:10:02.012,OnTrack,-9660,-1626,819,pos,0 days 01:06:45.418000,0 days 02:02:22.026000
2024-05-19 14:10:02.351,OnTrack,-9935,-1713,818,pos,0 days 01:06:45.757000,0 days 02:02:22.365000
2024-05-19 14:10:02.691,OnTrack,-10047,-1747,819,pos,0 days 01:06:46.097000,0 days 02:02:22.705000
2024-05-19 14:10:02.852,OnTrack,-10110,-1767,818,pos,0 days 01:06:46.258000,0 days 02:02:22.866000
2024-05-19 14:10:03.072,OnTrack,-10186,-1794,818,pos,0 days 01:06:46.478000,0 days 02:02:23.086000
2024-05-19 14:10:03.292,OnTrack,-10263,-1836,818,pos,0 days 01:06:46.698000,0 days 02:02:23.306000
2024-05-19 14:10:03.531,OnTrack,-10330,-1903,818,pos,0 days 01:06:46.937000,0 days 02:02:23.545000
2024-05-19 14:10:03.731,OnTrack,-10369,-1974,818,pos,0 days 01:06:47.137000,0 days 02:02:23.745000
2024-05-19 14:10:04.011,OnTrack,-10406,-2089,819,pos,0 days 01:06:47.417000,0 days 02:02:24.025000
2024-05-19 14:10:04.091,OnTrack,-10415,-2123,819,pos,0 days 01:06:47.497000,0 days 02:02:24.105000
2024-05-19 14:10:04.331,OnTrack,-10445,-2221,819,pos,0 days 01:06:47.737000,0 days 02:02:24.345000
2024-05-19 14:10:04.591,OnTrack,-10491,-2323,819,pos,0 days 01:06:47.997000,0 days 02:02:24.605000
2024-05-19 14:10:04.871,OnTrack,-10607,-2464,818,pos,0 days 01:06:48.277000,0 days 02:02:24.885000
2024-05-19 14:10:05.272,OnTrack,-10745,-2565,819,pos,0 days 01:06:48.678000,0 days 02:02:25.286000
2024-05-19 14:10:05.672,OnTrack,-10929,-2676,821,pos,0 days 01:06:49.078000,0 days 02:02:25.686000
2024-05-19 14:10:06.112,OnTrack,-11069,-2757,822,pos,0 days 01:06:49.518000,0 days 02:02:26.126000
2024-05-19 14:10:06.172,OnTrack,-11097,-2773,822,pos,0 days 01:06:49.578000,0 days 02:02:26.186000
2024-05-19 14:10:06.412,OnTrack,-11208,-2838,823,pos,0 days 01:06:49.818000,0 days 02:02:26.426000
2024-05-19 14:10:06.712,OnTrack,-11352,-2926,824,pos,0 days 01:06:50.118000,0 days 02:02:26.726000
2024-05-19 14:10:06.892,OnTrack,-11439,-2985,824,pos,0 days 01:06:50.298000,0 days 02:02:26.906000
2024-05-19 14:10:07.052,OnTrack,-11514,-3043,825,pos,0 days 01:06:50.458000,0 days 02:02:27.066000
2024-05-19 14:10:07.192,OnTrack,-11575,-3100,825,pos,0 days 01:06:50.598000,0 days 02:02:27.206000
2024-05-19 14:10:07.552,OnTrack,-11727,-3310,825,pos,0 days 01:06:50.958000,0 days 02:02:27.566000
2024-05-19 14:10:07.852,OnTrack,-11793,-3451,826,pos,0 days 01:06:51.258000,0 days 02:02:27.866000
2024-05-19 14:10:08.151,OnTrack,-11864,-3636,827,pos,0 days 01:06:51.557000,0 days 02:02:28.165000
2024-05-19 14:10:08.271,OnTrack,-11892,-3711,827,pos,0 days 01:06:51.677000,0 days 02:02:28.285000
2024-05-19 14:10:08.512,OnTrack,-11983,-3953,828,pos,0 days 01:06:51.918000,0 days 02:02:28.526000
2024-05-19 14:10:08.891,OnTrack,-12041,-4109,829,pos,0 days 01:06:52.297000,0 days 02:02:28.905000
2024-05-19 14:10:09.231,OnTrack,-12127,-4336,830,pos,0 days 01:06:52.637000,0 days 02:02:29.245000
2024-05-19 14:10:09.411,OnTrack,-12172,-4458,830,pos,0 days 01:06:52.817000,0 days 02:02:29.425000
2024-05-19 14:10:09.612,OnTrack,-12224,-4594,830,pos,0 days 01:06:53.018000,0 days 02:02:29.626000
2024-05-19 14:10:09.812,OnTrack,-12276,-4733,831,pos,0 days 01:06:53.218000,0 days 02:02:29.826000
2024-05-19 14:10:10.011,OnTrack,-12329,-4873,831,pos,0 days 01:06:53.417000,0 days 02:02:30.025000
2024-05-19 14:10:10.232,OnTrack,-12387,-5029,831,pos,0 days 01:06:53.638000,0 days 02:02:30.246000
2024-05-19 14:10:10.412,OnTrack,-12435,-5158,832,pos,0 days 01:06:53.818000,0 days 02:02:30.426000
2024-05-19 14:10:10.591,OnTrack,-12484,-5288,832,pos,0 days 01:06:53.997000,0 days 02:02:30.605000
2024-05-19 14:10:10.831,OnTrack,-12549,-5462,833,pos,0 days 01:06:54.237000,0 days 02:02:30.845000
2024-05-19 14:10:11.151,OnTrack,-12670,-5783,833,pos,0 days 01:06:54.557000,0 days 02:02:31.165000
2024-05-19 14:10:11.372,OnTrack,-12697,-5856,833,pos,0 days 01:06:54.778000,0 days 02:02:31.386000
2024-05-19 14:10:11.752,OnTrack,-12827,-6193,834,pos,0 days 01:06:55.158000,0 days 02:02:31.766000
2024-05-19 14:10:12.032,OnTrack,-12887,-6338,835,pos,0 days 01:06:55.438000,0 days 02:02:32.046000
2024-05-19 14:10:12.212,OnTrack,-12942,-6468,835,pos,0 days 01:06:55.618000,0 days 02:02:32.226000
2024-05-19 14:10:12.432,OnTrack,-13009,-6627,836,pos,0 days 01:06:55.838000,0 days 02:02:32.446000
2024-05-19 14:10:12.772,OnTrack,-13131,-6948,837,pos,0 days 01:06:56.178000,0 days 02:02:32.786000
2024-05-19 14:10:13.012,OnTrack,-13149,-7027,837,pos,0 days 01:06:56.418000,0 days 02:02:33.026000
2024-05-19 14:10:13.332,OnTrack,-13153,-7324,839,pos,0 days 01:06:56.738000,0 days 02:02:33.346000
2024-05-19 14:10:13.732,OnTrack,-13104,-7568,840,pos,0 days 01:06:57.138000,0 days 02:02:33.746000
2024-05-19 14:10:14.152,OnTrack,-13067,-7722,842,pos,0 days 01:06:57.558000,0 days 02:02:34.166000
2024-05-19 14:10:14.392,OnTrack,-13033,-7878,843,pos,0 days 01:06:57.798000,0 days 02:02:34.406000
2024-05-19 14:10:14.811,OnTrack,-13032,-8068,844,pos,0 days 01:06:58.217000,0 days 02:02:34.825000
2024-05-19 14:10:15.131,OnTrack,-13064,-8154,845,pos,0 days 01:06:58.537000,0 days 02:02:35.145000
2024-05-19 14:10:15.272,OnTrack,-13097,-8204,846,pos,0 days 01:06:58.678000,0 days 02:02:35.286000
2024-05-19 14:10:15.572,OnTrack,-13195,-8304,847,pos,0 days 01:06:58.978000,0 days 02:02:35.586000
2024-05-19 14:10:15.751,OnTrack,-13261,-8361,847,pos,0 days 01:06:59.157000,0 days 02:02:35.765000
2024-05-19 14:10:15.971,OnTrack,-13393,-8475,849,pos,0 days 01:06:59.377000,0 days 02:02:35.985000
2024-05-19 14:10:16.352,OnTrack,-13486,-8553,851,pos,0 days 01:06:59.758000,0 days 02:02:36.366000
2024-05-19 14:10:16.531,OnTrack,-13558,-8614,851,pos,0 days 01:06:59.937000,0 days 02:02:36.545000
2024-05-19 14:10:16.732,OnTrack,-13640,-8684,853,pos,0 days 01:07:00.138000,0 days 02:02:36.746000
2024-05-19 14:10:16.992,OnTrack,-13750,-8778,854,pos,0 days 01:07:00.398000,0 days 02:02:37.006000
2024-05-19 14:10:17.151,OnTrack,-13808,-8826,855,pos,0 days 01:07:00.557000,0 days 02:02:37.165000
2024-05-19 14:10:17.351,OnTrack,-13885,-8890,857,pos,0 days 01:07:00.757000,0 days 02:02:37.365000
2024-05-19 14:10:17.632,OnTrack,-14087,-9073,862,pos,0 days 01:07:01.038000,0 days 02:02:37.646000
2024-05-19 14:10:17.951,OnTrack,-14166,-9150,865,pos,0 days 01:07:01.357000,0 days 02:02:37.965000
2024-05-19 14:10:18.252,OnTrack,-14299,-9282,871,pos,0 days 01:07:01.658000,0 days 02:02:38.266000
2024-05-19 14:10:18.472,OnTrack,-14397,-9379,875,pos,0 days 01:07:01.878000,0 days 02:02:38.486000
2024-05-19 14:10:18.572,OnTrack,-14441,-9424,877,pos,0 days 01:07:01.978000,0 days 02:02:38.586000
2024-05-19 14:10:18.771,OnTrack,-14532,-9509,882,pos,0 days 01:07:02.177000,0 days 02:02:38.785000
2024-05-19 14:10:18.972,OnTrack,-14618,-9588,886,pos,0 days 01:07:02.378000,0 days 02:02:38.986000
2024-05-19 14:10:19.192,OnTrack,-14698,-9667,889,pos,0 days 01:07:02.598000,0 days 02:02:39.206000
2024-05-19 14:10:19.492,OnTrack,-14789,-9765,893,pos,0 days 01:07:02.898000,0 days 02:02:39.506000
2024-05-19 14:10:19.732,OnTrack,-14867,-9879,898,pos,0 days 01:07:03.138000,0 days 02:02:39.746000
2024-05-19 14:10:20.092,OnTrack,-14899,-9955,901,pos,0 days 01:07:03.498000,0 days 02:02:40.106000
2024-05-19 14:10:20.292,OnTrack,-14913,-10017,902,pos,0 days 01:07:03.698000,0 days 02:02:40.306000
2024-05-19 14:10:20.473,OnTrack,-14915,-10071,905,pos,0 days 01:07:03.879000,0 days 02:02:40.487000
2024-05-19 14:10:20.672,OnTrack,-14908,-10128,908,pos,0 days 01:07:04.078000,0 days 02:02:40.686000
2024-05-19 14:10:20.852,OnTrack,-14891,-10176,910,pos,0 days 01:07:04.258000,0 days 02:02:40.866000
2024-05-19 14:10:21.151,OnTrack,-14848,-10245,915,pos,0 days 01:07:04.557000,0 days 02:02:41.165000
2024-05-19 14:10:21.331,OnTrack,-14800,-10293,918,pos,0 days 01:07:04.737000,0 days 02:02:41.345000
2024-05-19 14:10:21.612,OnTrack,-14759,-10323,921,pos,0 days 01:07:05.018000,0 days 02:02:41.626000
2024-05-19 14:10:21.971,OnTrack,-14664,-10368,925,pos,0 days 01:07:05.377000,0 days 02:02:41.985000
2024-05-19 14:10:22.251,OnTrack,-14600,-10384,929,pos,0 days 01:07:05.657000,0 days 02:02:42.265000
2024-05-19 14:10:22.551,OnTrack,-14516,-10394,933,pos,0 days 01:07:05.957000,0 days 02:02:42.565000
2024-05-19 14:10:22.751,OnTrack,-14431,-10395,938,pos,0 days 01:07:06.157000,0 days 02:02:42.765000
2024-05-19 14:10:23.091,OnTrack,-14320,-10385,942,pos,0 days 01:07:06.497000,0 days 02:02:43.105000
2024-05-19 14:10:23.611,OnTrack,-14171,-10363,949,pos,0 days 01:07:07.017000,0 days 02:02:43.625000
2024-05-19 14:10:23.992,OnTrack,-13968,-10325,958,pos,0 days 01:07:07.398000,0 days 02:02:44.006000
2024-05-19 14:10:24.372,OnTrack,-13856,-10302,964,pos,0 days 01:07:07.778000,0 days 02:02:44.386000
2024-05-19 14:10:24.471,OnTrack,-13808,-10292,966,pos,0 days 01:07:07.877000,0 days 02:02:44.485000
2024-05-19 14:10:24.672,OnTrack,-13708,-10272,970,pos,0 days 01:07:08.078000,0 days 02:02:44.686000
2024-05-19 14:10:24.892,OnTrack,-13593,-10249,975,pos,0 days 01:07:08.298000,0 days 02:02:44.906000
2024-05-19 14:10:25.132,OnTrack,-13462,-10225,980,pos,0 days 01:07:08.538000,0 days 02:02:45.146000
2024-05-19 14:10:25.452,OnTrack,-13280,-10192,987,pos,0 days 01:07:08.858000,0 days 02:02:45.466000
2024-05-19 14:10:25.652,OnTrack,-13162,-10171,992,pos,0 days 01:07:09.058000,0 days 02:02:45.666000
2024-05-19 14:10:25.892,OnTrack,-13016,-10146,996,pos,0 days 01:07:09.298000,0 days 02:02:45.906000
2024-05-19 14:10:26.072,OnTrack,-12904,-10128,1000,pos,0 days 01:07:09.478000,0 days 02:02:46.086000
2024-05-19 14:10:26.292,OnTrack,-12764,-10107,1004,pos,0 days 01:07:09.698000,0 days 02:02:46.306000
2024-05-19 14:10:26.492,OnTrack,-12634,-10087,1008,pos,0 days 01:07:09.898000,0 days 02:02:46.506000
2024-05-19 14:10:26.532,OnTrack,-12608,-10083,1009,pos,0 days 01:07:09.938000,0 days 02:02:46.546000
2024-05-19 14:10:26.852,OnTrack,-12395,-10053,1017,pos,0 days 01:07:10.258000,0 days 02:02:46.866000
2024-05-19 14:10:27.012,OnTrack,-12287,-10038,1022,pos,0 days 01:07:10.418000,0 days 02:02:47.026000
2024-05-19 14:10:27.212,OnTrack,-12149,-10019,1029,pos,0 days 01:07:10.618000,0 days 02:02:47.226000
2024-05-19 14:10:27.492,OnTrack,-11883,-9983,1047,pos,0 days 01:07:10.898000,0 days 02:02:47.506000
2024-05-19 14:10:27.911,OnTrack,-11653,-9957,1062,pos,0 days 01:07:11.317000,0 days 02:02:47.925000
2024-05-19 14:10:28.112,OnTrack,-11508,-9942,1071,pos,0 days 01:07:11.518000,0 days 02:02:48.126000
2024-05-19 14:10:28.352,OnTrack,-11245,-9923,1088,pos,0 days 01:07:11.758000,0 days 02:02:48.366000
2024-05-19 14:10:28.751,OnTrack,-11008,-9918,1101,pos,0 days 01:07:12.157000,0 days 02:02:48.765000
2024-05-19 14:10:29.172,OnTrack,-10726,-9923,1116,pos,0 days 01:07:12.578000,0 days 02:02:49.186000
2024-05-19 14:10:29.371,OnTrack,-10487,-9941,1122,pos,0 days 01:07:12.777000,0 days 02:02:49.385000
2024-05-19 14:10:29.712,OnTrack,-10322,-9958,1122,pos,0 days 01:07:13.118000,0 days 02:02:49.726000
2024-05-19 14:10:29.992,OnTrack,-10068,-9987,1121,pos,0 days 01:07:13.398000,0 days 02:02:50.006000
2024-05-19 14:10:30.411,OnTrack,-9695,-10030,1118,pos,0 days 01:07:13.817000,0 days 02:02:50.425000
2024-05-19 14:10:30.792,OnTrack,-9448,-10056,1116,pos,0 days 01:07:14.198000,0 days 02:02:50.806000
2024-05-19 14:10:31.072,OnTrack,-9327,-10067,1115,pos,0 days 01:07:14.478000,0 days 02:02:51.086000
2024-05-19 14:10:31.392,OnTrack,-9123,-10068,1114,pos,0 days 01:07:14.798000,0 days 02:02:51.406000
2024-05-19 14:10:31.592,OnTrack,-9012,-10051,1114,pos,0 days 01:07:14.998000,0 days 02:02:51.606000
2024-05-19 14:10:31.872,OnTrack,-8820,-9973,1113,pos,0 days 01:07:15.278000,0 days 02:02:51.886000
2024-05-19 14:10:32.252,OnTrack,-8700,-9877,1110,pos,0 days 01:07:15.658000,0 days 02:02:52.266000
2024-05-19 14:10:32.492,OnTrack,-8617,-9772,1106,pos,0 days 01:07:15.898000,0 days 02:02:52.506000
2024-05-19 14:10:32.692,OnTrack,-8559,-9673,1103,pos,0 days 01:07:16.098000,0 days 02:02:52.706000
2024-05-19 14:10:32.752,OnTrack,-8543,-9643,1102,pos,0 days 01:07:16.158000,0 days 02:02:52.766000
2024-05-19 14:10:33.032,OnTrack,-8471,-9500,1097,pos,0 days 01:07:16.438000,0 days 02:02:53.046000
2024-05-19 14:10:33.292,OnTrack,-8381,-9309,1091,pos,0 days 01:07:16.698000,0 days 02:02:53.306000
2024-05-19 14:10:33.592,OnTrack,-8337,-9196,1087,pos,0 days 01:07:16.998000,0 days 02:02:53.606000
2024-05-19 14:10:33.912,OnTrack,-8268,-8942,1078,pos,0 days 01:07:17.318000,0 days 02:02:53.926000
2024-05-19 14:10:34.352,OnTrack,-8239,-8683,1065,pos,0 days 01:07:17.758000,0 days 02:02:54.366000
2024-05-19 14:10:34.672,OnTrack,-8239,-8507,1055,pos,0 days 01:07:18.078000,0 days 02:02:54.686000
2024-05-19 14:10:35.011,OnTrack,-8263,-8245,1034,pos,0 days 01:07:18.417000,0 days 02:02:55.025000
2024-05-19 14:10:35.371,OnTrack,-8317,-7920,1004,pos,0 days 01:07:18.777000,0 days 02:02:55.385000
2024-05-19 14:10:35.752,OnTrack,-8354,-7750,990,pos,0 days 01:07:19.158000,0 days 02:02:55.766000
2024-05-19 14:10:35.992,OnTrack,-8393,-7578,978,pos,0 days 01:07:19.398000,0 days 02:02:56.006000
2024-05-19 14:10:36.232,OnTrack,-8447,-7346,962,pos,0 days 01:07:19.638000,0 days 02:02:56.246000
2024-05-19 14:10:36.492,OnTrack,-8477,-7214,955,pos,0 days 01:07:19.898000,0 days 02:02:56.506000
2024-05-19 14:10:36.792,OnTrack,-8527,-6993,944,pos,0 days 01:07:20.198000,0 days 02:02:56.806000
2024-05-19 14:10:36.951,OnTrack,-8554,-6875,937,pos,0 days 01:07:20.357000,0 days 02:02:56.965000
2024-05-19 14:10:37.212,OnTrack,-8613,-6609,924,pos,0 days 01:07:20.618000,0 days 02:02:57.226000
2024-05-19 14:10:37.612,OnTrack,-8649,-6399,913,pos,0 days 01:07:21.018000,0 days 02:02:57.626000
2024-05-19 14:10:37.712,OnTrack,-8654,-6337,911,pos,0 days 01:07:21.118000,0 days 02:02:57.726000
2024-05-19 14:10:38.032,OnTrack,-8628,-6116,902,pos,0 days 01:07:21.438000,0 days 02:02:58.046000
2024-05-19 14:10:38.252,OnTrack,-8538,-5890,897,pos,0 days 01:07:21.658000,0 days 02:02:58.266000
2024-05-19 14:10:38.692,OnTrack,-8401,-5645,897,pos,0 days 01:07:22.098000,0 days 02:02:58.706000
2024-05-19 14:10:39.032,OnTrack,-8347,-5559,898,pos,0 days 01:07:22.438000,0 days 02:02:59.046000
2024-05-19 14:10:39.213,OnTrack,-8298,-5492,900,pos,0 days 01:07:22.619000,0 days 02:02:59.227000
2024-05-19 14:10:39.472,OnTrack,-8227,-5415,902,pos,0 days 01:07:22.878000,0 days 02:02:59.486000
2024-05-19 14:10:39.652,OnTrack,-8175,-5375,905,pos,0 days 01:07:23.058000,0 days 02:02:59.666000
2024-05-19 14:10:39.932,OnTrack,-8087,-5336,908,pos,0 days 01:07:23.338000,0 days 02:02:59.946000
2024-05-19 14:10:40.092,OnTrack,-8034,-5326,910,pos,0 days 01:07:23.498000,0 days 02:03:00.106000
2024-05-19 14:10:40.293,OnTrack,-7965,-5328,916,pos,0 days 01:07:23.699000,0 days 02:03:00.307000
2024-05-19 14:10:40.532,OnTrack,-7883,-5343,922,pos,0 days 01:07:23.938000,0 days 02:03:00.546000
2024-05-19 14:10:40.613,OnTrack,-7856,-5349,925,pos,0 days 01:07:24.019000,0 days 02:03:00.627000
2024-05-19 14:10:40.812,OnTrack,-7789,-5367,931,pos,0 days 01:07:24.218000,0 days 02:03:00.826000
2024-05-19 14:10:41.071,OnTrack,-7701,-5391,940,pos,0 days 01:07:24.477000,0 days 02:03:01.085000
2024-05-19 14:10:41.351,OnTrack,-7599,-5413,949,pos,0 days 01:07:24.757000,0 days 02:03:01.365000
2024-05-19 14:10:41.611,OnTrack,-7471,-5431,960,pos,0 days 01:07:25.017000,0 days 02:03:01.625000
2024-05-19 14:10:41.932,OnTrack,-7363,-5440,970,pos,0 days 01:07:25.338000,0 days 02:03:01.946000
2024-05-19 14:10:42.091,OnTrack,-7293,-5442,976,pos,0 days 01:07:25.497000,0 days 02:03:02.105000
2024-05-19 14:10:42.351,OnTrack,-7169,-5443,985,pos,0 days 01:07:25.757000,0 days 02:03:02.365000
2024-05-19 14:10:42.631,OnTrack,-6996,-5442,998,pos,0 days 01:07:26.037000,0 days 02:03:02.645000
2024-05-19 14:10:42.971,OnTrack,-6846,-5441,1007,pos,0 days 01:07:26.377000,0 days 02:03:02.985000
2024-05-19 14:10:43.191,OnTrack,-6723,-5439,1014,pos,0 days 01:07:26.597000,0 days 02:03:03.205000
2024-05-19 14:10:43.491,OnTrack,-6464,-5437,1025,pos,0 days 01:07:26.897000,0 days 02:03:03.505000
2024-05-19 14:10:43.771,OnTrack,-6379,-5437,1029,pos,0 days 01:07:27.177000,0 days 02:03:03.785000
2024-05-19 14:10:44.012,OnTrack,-6140,-5435,1035,pos,0 days 01:07:27.418000,0 days 02:03:04.026000
2024-05-19 14:10:44.331,OnTrack,-6024,-5434,1038,pos,0 days 01:07:27.737000,0 days 02:03:04.345000
2024-05-19 14:10:44.611,OnTrack,-5839,-5432,1044,pos,0 days 01:07:28.017000,0 days 02:03:04.625000
2024-05-19 14:10:44.911,OnTrack,-5636,-5430,1050,pos,0 days 01:07:28.317000,0 days 02:03:04.925000
2024-05-19 14:10:45.092,OnTrack,-5430,-5428,1055,pos,0 days 01:07:28.498000,0 days 02:03:05.106000
2024-05-19 14:10:45.532,OnTrack,-5146,-5419,1064,pos,0 days 01:07:28.938000,0 days 02:03:05.546000
2024-05-19 14:10:45.812,OnTrack,-5047,-5412,1067,pos,0 days 01:07:29.218000,0 days 02:03:05.826000
2024-05-19 14:10:45.992,OnTrack,-4918,-5401,1071,pos,0 days 01:07:29.398000,0 days 02:03:06.006000
2024-05-19 14:10:46.172,OnTrack,-4790,-5389,1074,pos,0 days 01:07:29.578000,0 days 02:03:06.186000
2024-05-19 14:10:46.392,OnTrack,-4633,-5375,1078,pos,0 days 01:07:29.798000,0 days 02:03:06.406000
2024-05-19 14:10:46.672,OnTrack,-4432,-5358,1081,pos,0 days 01:07:30.078000,0 days 02:03:06.686000
2024-05-19 14:10:46.873,OnTrack,-4288,-5346,1083,pos,0 days 01:07:30.279000,0 days 02:03:06.887000
2024-05-19 14:10:47.133,OnTrack,-4100,-5330,1084,pos,0 days 01:07:30.539000,0 days 02:03:07.147000
2024-05-19 14:10:47.292,OnTrack,-3902,-5314,1085,pos,0 days 01:07:30.698000,0 days 02:03:07.306000
2024-05-19 14:10:47.652,OnTrack,-3750,-5301,1087,pos,0 days 01:07:31.058000,0 days 02:03:07.666000
2024-05-19 14:10:47.891,OnTrack,-3616,-5291,1087,pos,0 days 01:07:31.297000,0 days 02:03:07.905000
2024-05-19 14:10:48.192,OnTrack,-3412,-5276,1088,pos,0 days 01:07:31.598000,0 days 02:03:08.206000
2024-05-19 14:10:48.631,OnTrack,-3244,-5275,1091,pos,0 days 01:07:32.037000,0 days 02:03:08.645000
2024-05-19 14:10:49.052,OnTrack,-3138,-5321,1094,pos,0 days 01:07:32.458000,0 days 02:03:09.066000
2024-05-19 14:10:49.112,OnTrack,-3122,-5334,1094,pos,0 days 01:07:32.518000,0 days 02:03:09.126000
2024-05-19 14:10:49.312,OnTrack,-3074,-5381,1096,pos,0 days 01:07:32.718000,0 days 02:03:09.326000
2024-05-19 14:10:49.552,OnTrack,-3021,-5439,1096,pos,0 days 01:07:32.958000,0 days 02:03:09.566000
2024-05-19 14:10:49.872,OnTrack,-2944,-5510,1096,pos,0 days 01:07:33.278000,0 days 02:03:09.886000
2024-05-19 14:10:50.252,OnTrack,-2861,-5551,1096,pos,0 days 01:07:33.658000,0 days 02:03:10.266000
2024-05-19 14:10:50.492,OnTrack,-2801,-5563,1095,pos,0 days 01:07:33.898000,0 days 02:03:10.506000
2024-05-19 14:10:50.692,OnTrack,-2728,-5555,1093,pos,0 days 01:07:34.098000,0 days 02:03:10.706000
2024-05-19 14:10:51.112,OnTrack,-2599,-5520,1090,pos,0 days 01:07:34.518000,0 days 02:03:11.126000
2024-05-19 14:10:51.412,OnTrack,-2555,-5505,1089,pos,0 days 01:07:34.818000,0 days 02:03:11.426000
2024-05-19 14:10:51.612,OnTrack,-2498,-5483,1088,pos,0 days 01:07:35.018000,0 days 02:03:11.626000
2024-05-19 14:10:51.812,OnTrack,-2438,-5458,1086,pos,0 days 01:07:35.218000,0 days 02:03:11.826000
2024-05-19 14:10:51.972,OnTrack,-2388,-5435,1085,pos,0 days 01:07:35.378000,0 days 02:03:11.986000
2024-05-19 14:10:52.212,OnTrack,-2308,-5397,1084,pos,0 days 01:07:35.618000,0 days 02:03:12.226000
2024-05-19 14:10:52.432,OnTrack,-2229,-5357,1082,pos,0 days 01:07:35.838000,0 days 02:03:12.446000
2024-05-19 14:10:52.652,OnTrack,-2146,-5313,1080,pos,0 days 01:07:36.058000,0 days 02:03:12.666000
2024-05-19 14:10:52.813,OnTrack,-2081,-5279,1078,pos,0 days 01:07:36.219000,0 days 02:03:12.827000
2024-05-19 14:10:53.212,OnTrack,-1881,-5173,1074,pos,0 days 01:07:36.618000,0 days 02:03:13.226000
2024-05-19 14:10:53.572,OnTrack,-1700,-5079,1070,pos,0 days 01:07:36.978000,0 days 02:03:13.586000
2024-05-19 14:10:53.872,OnTrack,-1581,-5021,1068,pos,0 days 01:07:37.278000,0 days 02:03:13.886000
2024-05-19 14:10:54.091,OnTrack,-1462,-4965,1066,pos,0 days 01:07:37.497000,0 days 02:03:14.105000
2024-05-19 14:10:54.452,OnTrack,-1266,-4876,1062,pos,0 days 01:07:37.858000,0 days 02:03:14.466000
2024-05-19 14:10:54.631,OnTrack,-1163,-4827,1060,pos,0 days 01:07:38.037000,0 days 02:03:14.645000
2024-05-19 14:10:54.792,OnTrack,-1071,-4780,1059,pos,0 days 01:07:38.198000,0 days 02:03:14.806000
2024-05-19 14:10:55.092,OnTrack,-900,-4682,1055,pos,0 days 01:07:38.498000,0 days 02:03:15.106000
2024-05-19 14:10:55.211,OnTrack,-832,-4640,1053,pos,0 days 01:07:38.617000,0 days 02:03:15.225000
2024-05-19 14:10:55.411,OnTrack,-662,-4525,1048,pos,0 days 01:07:38.817000,0 days 02:03:15.425000
2024-05-19 14:10:55.872,OnTrack,-377,-4317,1040,pos,0 days 01:07:39.278000,0 days 02:03:15.886000
2024-05-19 14:10:56.251,OnTrack,-239,-4210,1035,pos,0 days 01:07:39.657000,0 days 02:03:16.265000
2024-05-19 14:10:56.432,OnTrack,-137,-4126,1032,pos,0 days 01:07:39.838000,0 days 02:03:16.446000
2024-05-19 14:10:56.692,OnTrack,61,-3947,1027,pos,0 days 01:07:40.098000,0 days 02:03:16.706000
2024-05-19 14:10:57.131,OnTrack,242,-3764,1023,pos,0 days 01:07:40.537000,0 days 02:03:17.145000
2024-05-19 14:10:57.192,OnTrack,274,-3730,1021,pos,0 days 01:07:40.598000,0 days 02:03:17.206000
2024-05-19 14:10:57.552,OnTrack,482,-3501,1013,pos,0 days 01:07:40.958000,0 days 02:03:17.566000
2024-05-19 14:10:57.792,OnTrack,587,-3385,1008,pos,0 days 01:07:41.198000,0 days 02:03:17.806000
2024-05-19 14:10:58.132,OnTrack,766,-3186,997,pos,0 days 01:07:41.538000,0 days 02:03:18.146000
2024-05-19 14:10:58.352,OnTrack,926,-3009,985,pos,0 days 01:07:41.758000,0 days 02:03:18.366000
2024-05-19 14:10:58.712,OnTrack,1076,-2843,973,pos,0 days 01:07:42.118000,0 days 02:03:18.726000
2024-05-19 14:10:58.972,OnTrack,1239,-2664,958,pos,0 days 01:07:42.378000,0 days 02:03:18.986000
2024-05-19 14:10:59.392,OnTrack,1477,-2422,938,pos,0 days 01:07:42.798000,0 days 02:03:19.406000
2024-05-19 14:10:59.772,OnTrack,1837,-2168,908,pos,0 days 01:07:43.178000,0 days 02:03:19.786000
2024-05-19 14:11:00.152,OnTrack,2052,-2072,891,pos,0 days 01:07:43.558000,0 days 02:03:20.166000
2024-05-19 14:11:00.292,OnTrack,2161,-2029,883,pos,0 days 01:07:43.698000,0 days 02:03:20.306000
2024-05-19 14:11:00.493,OnTrack,2312,-1968,871,pos,0 days 01:07:43.899000,0 days 02:03:20.507000
2024-05-19 14:11:00.752,OnTrack,2560,-1868,853,pos,0 days 01:07:44.158000,0 days 02:03:20.766000
2024-05-19 14:11:01.171,OnTrack,2740,-1794,840,pos,0 days 01:07:44.577000,0 days 02:03:21.185000
2024-05-19 14:11:01.431,OnTrack,2865,-1742,830,pos,0 days 01:07:44.837000,0 days 02:03:21.445000
2024-05-19 14:11:01.612,OnTrack,2964,-1697,824,pos,0 days 01:07:45.018000,0 days 02:03:21.626000
2024-05-19 14:11:01.951,OnTrack,3065,-1632,818,pos,0 days 01:07:45.357000,0 days 02:03:21.965000
2024-05-19 14:11:02.211,OnTrack,3128,-1565,813,pos,0 days 01:07:45.617000,0 days 02:03:22.225000
2024-05-19 14:11:02.291,OnTrack,3143,-1542,811,pos,0 days 01:07:45.697000,0 days 02:03:22.305000
2024-05-19 14:11:02.472,OnTrack,3169,-1487,809,pos,0 days 01:07:45.878000,0 days 02:03:22.486000
2024-05-19 14:11:02.712,OnTrack,3187,-1410,806,pos,0 days 01:07:46.118000,0 days 02:03:22.726000
2024-05-19 14:11:02.892,OnTrack,3190,-1352,803,pos,0 days 01:07:46.298000,0 days 02:03:22.906000
2024-05-19 14:11:03.212,OnTrack,3178,-1251,800,pos,0 days 01:07:46.618000,0 days 02:03:23.226000
2024-05-19 14:11:03.432,OnTrack,3162,-1185,799,pos,0 days 01:07:46.838000,0 days 02:03:23.446000
2024-05-19 14:11:03.512,OnTrack,3156,-1160,798,pos,0 days 01:07:46.918000,0 days 02:03:23.526000
2024-05-19 14:11:03.772,OnTrack,3130,-1079,796,pos,0 days 01:07:47.178000,0 days 02:03:23.786000
2024-05-19 14:11:03.992,OnTrack,3091,-964,794,pos,0 days 01:07:47.398000,0 days 02:03:24.006000
2024-05-19 14:11:04.372,OnTrack,3060,-881,793,pos,0 days 01:07:47.778000,0 days 02:03:24.386000
2024-05-19 14:11:04.632,OnTrack,2991,-733,791,pos,0 days 01:07:48.038000,0 days 02:03:24.646000
2024-05-19 14:11:05.032,OnTrack,2936,-633,790,pos,0 days 01:07:48.438000,0 days 02:03:25.046000
2024-05-19 14:11:05.292,OnTrack,2844,-515,789,pos,0 days 01:07:48.698000,0 days 02:03:25.306000
2024-05-19 14:11:05.692,OnTrack,2727,-427,788,pos,0 days 01:07:49.098000,0 days 02:03:25.706000
2024-05-19 14:11:06.052,OnTrack,2630,-387,787,pos,0 days 01:07:49.458000,0 days 02:03:26.066000
2024-05-19 14:11:06.372,OnTrack,2480,-361,786,pos,0 days 01:07:49.778000,0 days 02:03:26.386000
2024-05-19 14:11:06.772,OnTrack,2371,-361,786,pos,0 days 01:07:50.178000,0 days 02:03:26.786000
2024-05-19 14:11:06.932,OnTrack,2311,-367,785,pos,0 days 01:07:50.338000,0 days 02:03:26.946000
2024-05-19 14:11:07.152,OnTrack,2228,-384,784,pos,0 days 01:07:50.558000,0 days 02:03:27.166000
2024-05-19 14:11:07.312,OnTrack,2168,-402,783,pos,0 days 01:07:50.718000,0 days 02:03:27.326000
2024-05-19 14:11:07.471,OnTrack,2105,-425,783,pos,0 days 01:07:50.877000,0 days 02:03:27.485000
2024-05-19 14:11:07.792,OnTrack,1951,-495,781,pos,0 days 01:07:51.198000,0 days 02:03:27.806000
2024-05-19 14:11:08.031,OnTrack,1873,-531,780,pos,0 days 01:07:51.437000,0 days 02:03:28.045000
2024-05-19 14:11:08.412,OnTrack,1698,-612,779,pos,0 days 01:07:51.818000,0 days 02:03:28.426000
2024-05-19 14:11:08.511,OnTrack,1650,-634,778,pos,0 days 01:07:51.917000,0 days 02:03:28.525000
2024-05-19 14:11:08.771,OnTrack,1521,-692,778,pos,0 days 01:07:52.177000,0 days 02:03:28.785000
2024-05-19 14:11:08.932,OnTrack,1374,-758,778,pos,0 days 01:07:52.338000,0 days 02:03:28.946000
2024-05-19 14:11:09.272,OnTrack,1255,-812,778,pos,0 days 01:07:52.678000,0 days 02:03:29.286000
2024-05-19 14:11:09.591,OnTrack,1075,-894,778,pos,0 days 01:07:52.997000,0 days 02:03:29.605000
2024-05-19 14:11:09.712,OnTrack,1006,-925,778,pos,0 days 01:07:53.118000,0 days 02:03:29.726000
2024-05-19 14:11:09.972,OnTrack,853,-993,779,pos,0 days 01:07:53.378000,0 days 02:03:29.986000
2024-05-19 14:11:10.171,OnTrack,732,-1044,779,pos,0 days 01:07:53.577000,0 days 02:03:30.185000
2024-05-19 14:11:10.451,OnTrack,581,-1107,780,pos,0 days 01:07:53.857000,0 days 02:03:30.465000
2024-05-19 14:11:10.552,OnTrack,518,-1134,780,pos,0 days 01:07:53.958000,0 days 02:03:30.566000
2024-05-19 14:11:10.751,OnTrack,389,-1187,780,pos,0 days 01:07:54.157000,0 days 02:03:30.765000
2024-05-19 14:11:10.972,OnTrack,154,-1287,781,pos,0 days 01:07:54.378000,0 days 02:03:30.986000
2024-05-19 14:11:11.452,OnTrack,-128,-1402,781,pos,0 days 01:07:54.858000,0 days 02:03:31.466000
2024-05-19 14:11:11.812,OnTrack,-322,-1471,782,pos,0 days 01:07:55.218000,0 days 02:03:31.826000
2024-05-19 14:11:11.972,OnTrack,-438,-1504,782,pos,0 days 01:07:55.378000,0 days 02:03:31.986000
2024-05-19 14:11:12.292,OnTrack,-674,-1556,783,pos,0 days 01:07:55.698000,0 days 02:03:32.306000
2024-05-19 14:11:12.452,OnTrack,-795,-1571,783,pos,0 days 01:07:55.858000,0 days 02:03:32.466000
2024-05-19 14:11:12.693,OnTrack,-1133,-1590,784,pos,0 days 01:07:56.099000,0 days 02:03:32.707000
2024-05-19 14:11:13.052,OnTrack,-1382,-1598,785,pos,0 days 01:07:56.458000,0 days 02:03:33.066000
2024-05-19 14:11:13.332,OnTrack,-1604,-1611,786,pos,0 days 01:07:56.738000,0 days 02:03:33.346000
2024-05-19 14:11:13.452,OnTrack,-1700,-1617,786,pos,0 days 01:07:56.858000,0 days 02:03:33.466000
2024-05-19 14:11:13.652,OnTrack,-1861,-1626,787,pos,0 days 01:07:57.058000,0 days 02:03:33.666000
2024-05-19 14:11:13.852,OnTrack,-2023,-1635,788,pos,0 days 01:07:57.258000,0 days 02:03:33.866000
2024-05-19 14:11:14.011,OnTrack,-2153,-1642,788,pos,0 days 01:07:57.417000,0 days 02:03:34.025000
2024-05-19 14:11:14.291,OnTrack,-2383,-1655,789,pos,0 days 01:07:57.697000,0 days 02:03:34.305000
2024-05-19 14:11:14.511,OnTrack,-2564,-1665,790,pos,0 days 01:07:57.917000,0 days 02:03:34.525000
2024-05-19 14:11:14.771,OnTrack,-2780,-1673,791,pos,0 days 01:07:58.177000,0 days 02:03:34.785000
2024-05-19 14:11:14.991,OnTrack,-2965,-1678,792,pos,0 days 01:07:58.397000,0 days 02:03:35.005000
2024-05-19 14:11:15.172,OnTrack,-3117,-1683,793,pos,0 days 01:07:58.578000,0 days 02:03:35.186000
2024-05-19 14:11:15.331,OnTrack,-3252,-1689,793,pos,0 days 01:07:58.737000,0 days 02:03:35.345000
2024-05-19 14:11:15.631,OnTrack,-3506,-1696,794,pos,0 days 01:07:59.037000,0 days 02:03:35.645000
2024-05-19 14:11:15.851,OnTrack,-3760,-1688,795,pos,0 days 01:07:59.257000,0 days 02:03:35.865000
2024-05-19 14:11:16.252,OnTrack,-4153,-1634,797,pos,0 days 01:07:59.658000,0 days 02:03:36.266000
2024-05-19 14:11:16.652,OnTrack,-4375,-1587,798,pos,0 days 01:08:00.058000,0 days 02:03:36.666000
2024-05-19 14:11:16.832,OnTrack,-4527,-1552,799,pos,0 days 01:08:00.238000,0 days 02:03:36.846000
2024-05-19 14:11:16.932,OnTrack,-4612,-1531,800,pos,0 days 01:08:00.338000,0 days 02:03:36.946000
2024-05-19 14:11:17.252,OnTrack,-4969,-1443,803,pos,0 days 01:08:00.658000,0 days 02:03:37.266000
2024-05-19 14:11:17.632,OnTrack,-5208,-1385,805,pos,0 days 01:08:01.038000,0 days 02:03:37.646000
2024-05-19 14:11:17.912,OnTrack,-5482,-1323,807,pos,0 days 01:08:01.318000,0 days 02:03:37.926000
2024-05-19 14:11:18.192,OnTrack,-5689,-1284,809,pos,0 days 01:08:01.598000,0 days 02:03:38.206000
2024-05-19 14:11:18.452,OnTrack,-5916,-1254,811,pos,0 days 01:08:01.858000,0 days 02:03:38.466000
2024-05-19 14:11:18.652,OnTrack,-6092,-1241,812,pos,0 days 01:08:02.058000,0 days 02:03:38.666000
2024-05-19 14:11:18.872,OnTrack,-6288,-1233,814,pos,0 days 01:08:02.278000,0 days 02:03:38.886000
2024-05-19 14:11:19.032,OnTrack,-6430,-1230,814,pos,0 days 01:08:02.438000,0 days 02:03:39.046000
2024-05-19 14:11:19.352,OnTrack,-6804,-1231,816,pos,0 days 01:08:02.758000,0 days 02:03:39.366000
2024-05-19 14:11:19.632,OnTrack,-6964,-1235,817,pos,0 days 01:08:03.038000,0 days 02:03:39.646000
2024-05-19 14:11:19.832,OnTrack,-7142,-1241,817,pos,0 days 01:08:03.238000,0 days 02:03:39.846000
2024-05-19 14:11:20.152,OnTrack,-7515,-1269,818,pos,0 days 01:08:03.558000,0 days 02:03:40.166000
2024-05-19 14:11:21.192,OnTrack,-8348,-1368,819,pos,0 days 01:08:04.598000,0 days 02:03:41.206000
2024-05-19 14:11:21.472,OnTrack,-8596,-1402,819,pos,0 days 01:08:04.878000,0 days 02:03:41.486000
2024-05-19 14:11:21.651,OnTrack,-8756,-1425,819,pos,0 days 01:08:05.057000,0 days 02:03:41.665000
2024-05-19 14:11:21.811,OnTrack,-8898,-1445,819,pos,0 days 01:08:05.217000,0 days 02:03:41.825000
2024-05-19 14:11:21.972,OnTrack,-9040,-1467,819,pos,0 days 01:08:05.378000,0 days 02:03:41.986000
2024-05-19 14:11:22.171,OnTrack,-9214,-1499,819,pos,0 days 01:08:05.577000,0 days 02:03:42.185000
2024-05-19 14:11:22.371,OnTrack,-9379,-1540,819,pos,0 days 01:08:05.777000,0 days 02:03:42.385000
2024-05-19 14:11:22.592,OnTrack,-9545,-1590,819,pos,0 days 01:08:05.998000,0 days 02:03:42.606000
2024-05-19 14:11:22.832,OnTrack,-9710,-1642,819,pos,0 days 01:08:06.238000,0 days 02:03:42.846000
2024-05-19 14:11:23.011,OnTrack,-9819,-1676,818,pos,0 days 01:08:06.417000,0 days 02:03:43.025000
2024-05-19 14:11:23.231,OnTrack,-9942,-1715,818,pos,0 days 01:08:06.637000,0 days 02:03:43.245000
2024-05-19 14:11:23.452,OnTrack,-10053,-1749,819,pos,0 days 01:08:06.858000,0 days 02:03:43.466000
2024-05-19 14:11:23.732,OnTrack,-10177,-1790,818,pos,0 days 01:08:07.138000,0 days 02:03:43.746000
2024-05-19 14:11:24.112,OnTrack,-10285,-1854,818,pos,0 days 01:08:07.518000,0 days 02:03:44.126000
2024-05-19 14:11:24.292,OnTrack,-10332,-1907,818,pos,0 days 01:08:07.698000,0 days 02:03:44.306000
2024-05-19 14:11:24.472,OnTrack,-10367,-1970,818,pos,0 days 01:08:07.878000,0 days 02:03:44.486000
2024-05-19 14:11:24.772,OnTrack,-10417,-2131,819,pos,0 days 01:08:08.178000,0 days 02:03:44.786000
2024-05-19 14:11:25.052,OnTrack,-10438,-2203,819,pos,0 days 01:08:08.458000,0 days 02:03:45.066000
2024-05-19 14:11:25.292,OnTrack,-10476,-2295,819,pos,0 days 01:08:08.698000,0 days 02:03:45.306000
2024-05-19 14:11:25.552,OnTrack,-10561,-2417,818,pos,0 days 01:08:08.958000,0 days 02:03:45.566000
2024-05-19 14:11:25.932,OnTrack,-10663,-2509,818,pos,0 days 01:08:09.338000,0 days 02:03:45.946000
2024-05-19 14:11:26.172,OnTrack,-10755,-2572,819,pos,0 days 01:08:09.578000,0 days 02:03:46.186000
2024-05-19 14:11:26.392,OnTrack,-10843,-2626,820,pos,0 days 01:08:09.798000,0 days 02:03:46.406000
2024-05-19 14:11:26.452,OnTrack,-10868,-2640,820,pos,0 days 01:08:09.858000,0 days 02:03:46.466000
2024-05-19 14:11:26.732,OnTrack,-10986,-2709,821,pos,0 days 01:08:10.138000,0 days 02:03:46.746000
2024-05-19 14:11:26.972,OnTrack,-11090,-2769,822,pos,0 days 01:08:10.378000,0 days 02:03:46.986000
2024-05-19 14:11:27.251,OnTrack,-11218,-2844,823,pos,0 days 01:08:10.657000,0 days 02:03:47.265000
2024-05-19 14:11:27.472,OnTrack,-11332,-2913,824,pos,0 days 01:08:10.878000,0 days 02:03:47.486000
2024-05-19 14:11:27.732,OnTrack,-11447,-2990,824,pos,0 days 01:08:11.138000,0 days 02:03:47.746000
2024-05-19 14:11:27.932,OnTrack,-11538,-3064,825,pos,0 days 01:08:11.338000,0 days 02:03:47.946000
2024-05-19 14:11:28.171,OnTrack,-11637,-3170,825,pos,0 days 01:08:11.577000,0 days 02:03:48.185000
2024-05-19 14:11:28.371,OnTrack,-11706,-3272,825,pos,0 days 01:08:11.777000,0 days 02:03:48.385000
2024-05-19 14:11:28.572,OnTrack,-11766,-3390,826,pos,0 days 01:08:11.978000,0 days 02:03:48.586000
2024-05-19 14:11:28.812,OnTrack,-11826,-3535,827,pos,0 days 01:08:12.218000,0 days 02:03:48.826000
2024-05-19 14:11:29.032,OnTrack,-11877,-3671,827,pos,0 days 01:08:12.438000,0 days 02:03:49.046000
2024-05-19 14:11:29.211,OnTrack,-11919,-3783,828,pos,0 days 01:08:12.617000,0 days 02:03:49.225000
2024-05-19 14:11:29.471,OnTrack,-12006,-4013,828,pos,0 days 01:08:12.877000,0 days 02:03:49.485000
2024-05-19 14:11:29.791,OnTrack,-12059,-4158,829,pos,0 days 01:08:13.197000,0 days 02:03:49.805000
2024-05-19 14:11:29.992,OnTrack,-12110,-4290,829,pos,0 days 01:08:13.398000,0 days 02:03:50.006000
2024-05-19 14:11:30.192,OnTrack,-12160,-4425,830,pos,0 days 01:08:13.598000,0 days 02:03:50.206000
2024-05-19 14:11:30.392,OnTrack,-12211,-4561,830,pos,0 days 01:08:13.798000,0 days 02:03:50.406000
2024-05-19 14:11:30.692,OnTrack,-12310,-4823,831,pos,0 days 01:08:14.098000,0 days 02:03:50.706000
2024-05-19 14:11:31.072,OnTrack,-12389,-5034,831,pos,0 days 01:08:14.478000,0 days 02:03:51.086000
2024-05-19 14:11:31.312,OnTrack,-12453,-5204,832,pos,0 days 01:08:14.718000,0 days 02:03:51.326000
2024-05-19 14:11:31.532,OnTrack,-12512,-5362,832,pos,0 days 01:08:14.938000,0 days 02:03:51.546000
2024-05-19 14:11:31.752,OnTrack,-12571,-5520,833,pos,0 days 01:08:15.158000,0 days 02:03:51.766000
2024-05-19 14:11:31.832,OnTrack,-12593,-5577,833,pos,0 days 01:08:15.238000,0 days 02:03:51.846000
2024-05-19 14:11:32.192,OnTrack,-12707,-5881,833,pos,0 days 01:08:15.598000,0 days 02:03:52.206000
2024-05-19 14:11:32.573,OnTrack,-12830,-6201,834,pos,0 days 01:08:15.979000,0 days 02:03:52.587000
2024-05-19 14:11:32.892,OnTrack,-12890,-6345,835,pos,0 days 01:08:16.298000,0 days 02:03:52.906000
2024-05-19 14:11:33.133,OnTrack,-12962,-6518,835,pos,0 days 01:08:16.539000,0 days 02:03:53.147000
2024-05-19 14:11:33.352,OnTrack,-13030,-6676,836,pos,0 days 01:08:16.758000,0 days 02:03:53.366000
2024-05-19 14:11:33.631,OnTrack,-13129,-6941,837,pos,0 days 01:08:17.037000,0 days 02:03:53.645000
2024-05-19 14:11:33.952,OnTrack,-13157,-7077,837,pos,0 days 01:08:17.358000,0 days 02:03:53.966000
2024-05-19 14:11:34.171,OnTrack,-13158,-7280,838,pos,0 days 01:08:17.577000,0 days 02:03:54.185000
2024-05-19 14:11:34.572,OnTrack,-13115,-7525,840,pos,0 days 01:08:17.978000,0 days 02:03:54.586000
2024-05-19 14:11:34.911,OnTrack,-13081,-7661,841,pos,0 days 01:08:18.317000,0 days 02:03:54.925000
2024-05-19 14:11:35.191,OnTrack,-13047,-7808,842,pos,0 days 01:08:18.597000,0 days 02:03:55.205000
2024-05-19 14:11:35.312,OnTrack,-13035,-7866,843,pos,0 days 01:08:18.718000,0 days 02:03:55.326000
2024-05-19 14:11:35.531,OnTrack,-13024,-7968,843,pos,0 days 01:08:18.937000,0 days 02:03:55.545000
2024-05-19 14:11:35.751,OnTrack,-13031,-8063,844,pos,0 days 01:08:19.157000,0 days 02:03:55.765000
2024-05-19 14:11:35.972,OnTrack,-13062,-8152,845,pos,0 days 01:08:19.378000,0 days 02:03:55.986000
2024-05-19 14:11:36.212,OnTrack,-13168,-8280,847,pos,0 days 01:08:19.618000,0 days 02:03:56.226000
2024-05-19 14:11:36.712,OnTrack,-13327,-8419,848,pos,0 days 01:08:20.118000,0 days 02:03:56.726000
2024-05-19 14:11:36.952,OnTrack,-13393,-8475,849,pos,0 days 01:08:20.358000,0 days 02:03:56.966000
2024-05-19 14:11:37.232,OnTrack,-13499,-8564,851,pos,0 days 01:08:20.638000,0 days 02:03:57.246000
2024-05-19 14:11:37.452,OnTrack,-13585,-8637,852,pos,0 days 01:08:20.858000,0 days 02:03:57.466000
2024-05-19 14:11:37.752,OnTrack,-13708,-8742,854,pos,0 days 01:08:21.158000,0 days 02:03:57.766000
2024-05-19 14:11:37.952,OnTrack,-13819,-8835,856,pos,0 days 01:08:21.358000,0 days 02:03:57.966000
2024-05-19 14:11:38.192,OnTrack,-13864,-8872,856,pos,0 days 01:08:21.598000,0 days 02:03:58.206000
2024-05-19 14:11:38.452,OnTrack,-13982,-8974,859,pos,0 days 01:08:21.858000,0 days 02:03:58.466000
2024-05-19 14:11:38.692,OnTrack,-14088,-9074,862,pos,0 days 01:08:22.098000,0 days 02:03:58.706000
2024-05-19 14:11:38.932,OnTrack,-14247,-9231,868,pos,0 days 01:08:22.338000,0 days 02:03:58.946000
2024-05-19 14:11:39.232,OnTrack,-14327,-9310,872,pos,0 days 01:08:22.638000,0 days 02:03:59.246000
2024-05-19 14:11:39.452,OnTrack,-14426,-9408,877,pos,0 days 01:08:22.858000,0 days 02:03:59.466000
2024-05-19 14:11:39.792,OnTrack,-14631,-9601,886,pos,0 days 01:08:23.198000,0 days 02:03:59.806000
2024-05-19 14:11:40.092,OnTrack,-14688,-9657,888,pos,0 days 01:08:23.498000,0 days 02:04:00.106000
2024-05-19 14:11:40.252,OnTrack,-14740,-9710,891,pos,0 days 01:08:23.658000,0 days 02:04:00.266000
2024-05-19 14:11:40.492,OnTrack,-14806,-9786,895,pos,0 days 01:08:23.898000,0 days 02:04:00.506000
2024-05-19 14:11:40.812,OnTrack,-14882,-9911,899,pos,0 days 01:08:24.218000,0 days 02:04:00.826000
2024-05-19 14:11:41.191,OnTrack,-14911,-10006,902,pos,0 days 01:08:24.597000,0 days 02:04:01.205000
2024-05-19 14:11:41.312,OnTrack,-14915,-10043,904,pos,0 days 01:08:24.718000,0 days 02:04:01.326000
2024-05-19 14:11:41.491,OnTrack,-14913,-10097,906,pos,0 days 01:08:24.897000,0 days 02:04:01.505000
2024-05-19 14:11:41.731,OnTrack,-14896,-10163,909,pos,0 days 01:08:25.137000,0 days 02:04:01.745000
2024-05-19 14:11:41.912,OnTrack,-14874,-10209,912,pos,0 days 01:08:25.318000,0 days 02:04:01.926000
2024-05-19 14:11:42.092,OnTrack,-14845,-10249,914,pos,0 days 01:08:25.498000,0 days 02:04:02.106000
2024-05-19 14:11:42.331,OnTrack,-14800,-10294,918,pos,0 days 01:08:25.737000,0 days 02:04:02.345000
2024-05-19 14:11:42.652,OnTrack,-14729,-10341,922,pos,0 days 01:08:26.058000,0 days 02:04:02.666000
2024-05-19 14:11:42.871,OnTrack,-14648,-10373,926,pos,0 days 01:08:26.277000,0 days 02:04:02.885000
2024-05-19 14:11:43.272,OnTrack,-14566,-10390,930,pos,0 days 01:08:26.678000,0 days 02:04:03.286000
2024-05-19 14:11:43.371,OnTrack,-14538,-10393,932,pos,0 days 01:08:26.777000,0 days 02:04:03.385000
2024-05-19 14:11:43.691,OnTrack,-14443,-10395,937,pos,0 days 01:08:27.097000,0 days 02:04:03.705000
2024-05-19 14:11:43.852,OnTrack,-14394,-10393,939,pos,0 days 01:08:27.258000,0 days 02:04:03.866000
2024-05-19 14:11:44.092,OnTrack,-14295,-10382,944,pos,0 days 01:08:27.498000,0 days 02:04:04.106000
2024-05-19 14:11:44.472,OnTrack,-14139,-10358,951,pos,0 days 01:08:27.878000,0 days 02:04:04.486000
2024-05-19 14:11:44.832,OnTrack,-14049,-10341,955,pos,0 days 01:08:28.238000,0 days 02:04:04.846000
2024-05-19 14:11:45.032,OnTrack,-13962,-10324,959,pos,0 days 01:08:28.438000,0 days 02:04:05.046000
2024-05-19 14:11:45.353,OnTrack,-13813,-10293,965,pos,0 days 01:08:28.759000,0 days 02:04:05.367000
2024-05-19 14:11:45.372,OnTrack,-13803,-10291,966,pos,0 days 01:08:28.778000,0 days 02:04:05.386000
2024-05-19 14:11:45.652,OnTrack,-13662,-10263,972,pos,0 days 01:08:29.058000,0 days 02:04:05.666000
2024-05-19 14:11:45.913,OnTrack,-13525,-10236,978,pos,0 days 01:08:29.319000,0 days 02:04:05.927000
2024-05-19 14:11:46.092,OnTrack,-13347,-10204,985,pos,0 days 01:08:29.498000,0 days 02:04:06.106000
2024-05-19 14:11:46.572,OnTrack,-13101,-10161,993,pos,0 days 01:08:29.978000,0 days 02:04:06.586000
2024-05-19 14:11:46.891,OnTrack,-12954,-10136,998,pos,0 days 01:08:30.297000,0 days 02:04:06.905000
2024-05-19 14:11:47.131,OnTrack,-12803,-10113,1003,pos,0 days 01:08:30.537000,0 days 02:04:07.145000
2024-05-19 14:11:47.351,OnTrack,-12662,-10091,1008,pos,0 days 01:08:30.757000,0 days 02:04:07.365000
2024-05-19 14:11:47.471,OnTrack,-12583,-10080,1010,pos,0 days 01:08:30.877000,0 days 02:04:07.485000
2024-05-19 14:11:47.651,OnTrack,-12464,-10063,1014,pos,0 days 01:08:31.057000,0 days 02:04:07.665000
2024-05-19 14:11:47.931,OnTrack,-12274,-10036,1023,pos,0 days 01:08:31.337000,0 days 02:04:07.945000
2024-05-19 14:11:48.132,OnTrack,-12039,-10004,1036,pos,0 days 01:08:31.538000,0 days 02:04:08.146000
2024-05-19 14:11:48.511,OnTrack,-11869,-9981,1047,pos,0 days 01:08:31.917000,0 days 02:04:08.525000
2024-05-19 14:11:48.771,OnTrack,-11683,-9960,1060,pos,0 days 01:08:32.177000,0 days 02:04:08.785000
2024-05-19 14:11:49.012,OnTrack,-11509,-9942,1071,pos,0 days 01:08:32.418000,0 days 02:04:09.026000
2024-05-19 14:11:49.232,OnTrack,-11348,-9929,1082,pos,0 days 01:08:32.638000,0 days 02:04:09.246000
2024-05-19 14:11:49.351,OnTrack,-11260,-9924,1087,pos,0 days 01:08:32.757000,0 days 02:04:09.365000
2024-05-19 14:11:49.712,OnTrack,-10993,-9918,1103,pos,0 days 01:08:33.118000,0 days 02:04:09.726000
2024-05-19 14:11:49.892,OnTrack,-10859,-9919,1110,pos,0 days 01:08:33.298000,0 days 02:04:09.906000
2024-05-19 14:11:50.052,OnTrack,-10740,-9923,1115,pos,0 days 01:08:33.458000,0 days 02:04:10.066000
2024-05-19 14:11:50.211,OnTrack,-10621,-9930,1119,pos,0 days 01:08:33.617000,0 days 02:04:10.225000
2024-05-19 14:11:50.432,OnTrack,-10456,-9944,1122,pos,0 days 01:08:33.838000,0 days 02:04:10.446000
2024-05-19 14:11:50.552,OnTrack,-10365,-9953,1122,pos,0 days 01:08:33.958000,0 days 02:04:10.566000
2024-05-19 14:11:50.872,OnTrack,-10035,-9991,1120,pos,0 days 01:08:34.278000,0 days 02:04:10.886000
2024-05-19 14:11:51.172,OnTrack,-9901,-10006,1119,pos,0 days 01:08:34.578000,0 days 02:04:11.186000
2024-05-19 14:11:51.412,OnTrack,-9721,-10027,1118,pos,0 days 01:08:34.818000,0 days 02:04:11.426000
2024-05-19 14:11:51.692,OnTrack,-9514,-10050,1116,pos,0 days 01:08:35.098000,0 days 02:04:11.706000
2024-05-19 14:11:51.932,OnTrack,-9350,-10065,1115,pos,0 days 01:08:35.338000,0 days 02:04:11.946000
2024-05-19 14:11:52.132,OnTrack,-9162,-10070,1114,pos,0 days 01:08:35.538000,0 days 02:04:12.146000
2024-05-19 14:11:52.532,OnTrack,-8945,-10032,1114,pos,0 days 01:08:35.938000,0 days 02:04:12.546000
2024-05-19 14:11:52.852,OnTrack,-8837,-9983,1114,pos,0 days 01:08:36.258000,0 days 02:04:12.866000
2024-05-19 14:11:53.132,OnTrack,-8668,-9842,1108,pos,0 days 01:08:36.538000,0 days 02:04:13.146000
2024-05-19 14:11:53.592,OnTrack,-8527,-9612,1101,pos,0 days 01:08:36.998000,0 days 02:04:13.606000
2024-05-19 14:11:54.011,OnTrack,-8437,-9430,1095,pos,0 days 01:08:37.417000,0 days 02:04:14.025000
2024-05-19 14:11:54.332,OnTrack,-8366,-9273,1089,pos,0 days 01:08:37.738000,0 days 02:04:14.346000
2024-05-19 14:11:54.451,OnTrack,-8339,-9202,1087,pos,0 days 01:08:37.857000,0 days 02:04:14.465000
2024-05-19 14:11:54.731,OnTrack,-8270,-8954,1078,pos,0 days 01:08:38.137000,0 days 02:04:14.745000
2024-05-19 14:11:55.232,OnTrack,-8239,-8702,1066,pos,0 days 01:08:38.638000,0 days 02:04:15.246000
2024-05-19 14:11:55.432,OnTrack,-8237,-8565,1058,pos,0 days 01:08:38.838000,0 days 02:04:15.446000
2024-05-19 14:11:55.532,OnTrack,-8240,-8495,1053,pos,0 days 01:08:38.938000,0 days 02:04:15.546000
2024-05-19 14:11:55.852,OnTrack,-8264,-8236,1033,pos,0 days 01:08:39.258000,0 days 02:04:15.866000
2024-05-19 14:11:56.232,OnTrack,-8316,-7925,1004,pos,0 days 01:08:39.638000,0 days 02:04:16.246000
2024-05-19 14:11:56.572,OnTrack,-8349,-7770,991,pos,0 days 01:08:39.978000,0 days 02:04:16.586000
2024-05-19 14:11:56.772,OnTrack,-8382,-7627,981,pos,0 days 01:08:40.178000,0 days 02:04:16.786000
2024-05-19 14:11:56.952,OnTrack,-8412,-7498,972,pos,0 days 01:08:40.358000,0 days 02:04:16.966000
2024-05-19 14:11:57.152,OnTrack,-8445,-7353,963,pos,0 days 01:08:40.558000,0 days 02:04:17.166000
2024-05-19 14:11:57.332,OnTrack,-8475,-7223,955,pos,0 days 01:08:40.738000,0 days 02:04:17.346000
2024-05-19 14:11:57.592,OnTrack,-8541,-6930,940,pos,0 days 01:08:40.998000,0 days 02:04:17.606000
2024-05-19 14:11:58.032,OnTrack,-8591,-6709,929,pos,0 days 01:08:41.438000,0 days 02:04:18.046000
2024-05-19 14:11:58.292,OnTrack,-8643,-6445,915,pos,0 days 01:08:41.698000,0 days 02:04:18.306000
2024-05-19 14:11:58.732,OnTrack,-8648,-6215,904,pos,0 days 01:08:42.138000,0 days 02:04:18.746000
2024-05-19 14:11:58.973,OnTrack,-8591,-6006,899,pos,0 days 01:08:42.379000,0 days 02:04:18.987000
2024-05-19 14:12:00.271,OnTrack,-8210,-5400,903,pos,0 days 01:08:43.677000,0 days 02:04:20.285000
2024-05-19 14:12:00.592,OnTrack,-8144,-5357,906,pos,0 days 01:08:43.998000,0 days 02:04:20.606000
2024-05-19 14:12:00.892,OnTrack,-8000,-5325,914,pos,0 days 01:08:44.298000,0 days 02:04:20.906000
2024-05-19 14:12:01.271,OnTrack,-7882,-5343,923,pos,0 days 01:08:44.677000,0 days 02:04:21.285000
2024-05-19 14:12:01.611,OnTrack,-7801,-5363,930,pos,0 days 01:08:45.017000,0 days 02:04:21.625000
2024-05-19 14:12:01.772,OnTrack,-7747,-5378,935,pos,0 days 01:08:45.178000,0 days 02:04:21.786000
2024-05-19 14:12:02.092,OnTrack,-7605,-5412,948,pos,0 days 01:08:45.498000,0 days 02:04:22.106000
2024-05-19 14:12:02.532,OnTrack,-7462,-5432,961,pos,0 days 01:08:45.938000,0 days 02:04:22.546000
2024-05-19 14:12:02.612,OnTrack,-7428,-5435,964,pos,0 days 01:08:46.018000,0 days 02:04:22.626000
2024-05-19 14:12:02.852,OnTrack,-7326,-5441,974,pos,0 days 01:08:46.258000,0 days 02:04:22.866000
2024-05-19 14:12:03.011,OnTrack,-7252,-5443,979,pos,0 days 01:08:46.417000,0 days 02:04:23.025000
2024-05-19 14:12:03.232,OnTrack,-7147,-5443,988,pos,0 days 01:08:46.638000,0 days 02:04:23.246000
2024-05-19 14:12:03.492,OnTrack,-7015,-5442,997,pos,0 days 01:08:46.898000,0 days 02:04:23.506000
2024-05-19 14:12:03.752,OnTrack,-6878,-5441,1006,pos,0 days 01:08:47.158000,0 days 02:04:23.766000
2024-05-19 14:12:03.932,OnTrack,-6779,-5440,1011,pos,0 days 01:08:47.338000,0 days 02:04:23.946000
2024-05-19 14:12:04.111,OnTrack,-6678,-5439,1016,pos,0 days 01:08:47.517000,0 days 02:04:24.125000
2024-05-19 14:12:04.352,OnTrack,-6537,-5438,1023,pos,0 days 01:08:47.758000,0 days 02:04:24.366000
2024-05-19 14:12:04.592,OnTrack,-6393,-5437,1028,pos,0 days 01:08:47.998000,0 days 02:04:24.606000
2024-05-19 14:12:04.692,OnTrack,-6331,-5436,1030,pos,0 days 01:08:48.098000,0 days 02:04:24.706000
2024-05-19 14:12:04.972,OnTrack,-6078,-5434,1037,pos,0 days 01:08:48.378000,0 days 02:04:24.986000
2024-05-19 14:12:05.292,OnTrack,-5948,-5433,1041,pos,0 days 01:08:48.698000,0 days 02:04:25.306000
2024-05-19 14:12:05.532,OnTrack,-5789,-5432,1045,pos,0 days 01:08:48.938000,0 days 02:04:25.546000
2024-05-19 14:12:05.672,OnTrack,-5695,-5431,1048,pos,0 days 01:08:49.078000,0 days 02:04:25.686000
2024-05-19 14:12:05.892,OnTrack,-5545,-5430,1052,pos,0 days 01:08:49.298000,0 days 02:04:25.906000
2024-05-19 14:12:06.172,OnTrack,-5351,-5427,1058,pos,0 days 01:08:49.578000,0 days 02:04:26.186000
2024-05-19 14:12:06.412,OnTrack,-5183,-5421,1063,pos,0 days 01:08:49.818000,0 days 02:04:26.426000
2024-05-19 14:12:06.612,OnTrack,-5040,-5411,1067,pos,0 days 01:08:50.018000,0 days 02:04:26.626000
2024-05-19 14:12:06.831,OnTrack,-4882,-5397,1072,pos,0 days 01:08:50.237000,0 days 02:04:26.845000
2024-05-19 14:12:07.051,OnTrack,-4726,-5383,1076,pos,0 days 01:08:50.457000,0 days 02:04:27.065000
2024-05-19 14:12:07.231,OnTrack,-4525,-5366,1080,pos,0 days 01:08:50.637000,0 days 02:04:27.245000
2024-05-19 14:12:07.551,OnTrack,-4368,-5352,1082,pos,0 days 01:08:50.957000,0 days 02:04:27.565000
2024-05-19 14:12:07.831,OnTrack,-4167,-5336,1083,pos,0 days 01:08:51.237000,0 days 02:04:27.845000
2024-05-19 14:12:08.052,OnTrack,-4009,-5323,1085,pos,0 days 01:08:51.458000,0 days 02:04:28.066000
2024-05-19 14:12:08.212,OnTrack,-3898,-5314,1085,pos,0 days 01:08:51.618000,0 days 02:04:28.226000
2024-05-19 14:12:08.512,OnTrack,-3709,-5298,1087,pos,0 days 01:08:51.918000,0 days 02:04:28.526000
2024-05-19 14:12:08.552,OnTrack,-3686,-5296,1087,pos,0 days 01:08:51.958000,0 days 02:04:28.566000
2024-05-19 14:12:08.792,OnTrack,-3557,-5286,1087,pos,0 days 01:08:52.198000,0 days 02:04:28.806000
2024-05-19 14:12:09.112,OnTrack,-3355,-5273,1089,pos,0 days 01:08:52.518000,0 days 02:04:29.126000
2024-05-19 14:12:09.392,OnTrack,-3293,-5273,1090,pos,0 days 01:08:52.798000,0 days 02:04:29.406000
2024-05-19 14:12:09.712,OnTrack,-3155,-5309,1093,pos,0 days 01:08:53.118000,0 days 02:04:29.726000
2024-05-19 14:12:10.112,OnTrack,-3087,-5367,1096,pos,0 days 01:08:53.518000,0 days 02:04:30.126000
2024-05-19 14:12:10.351,OnTrack,-3032,-5428,1096,pos,0 days 01:08:53.757000,0 days 02:04:30.365000
2024-05-19 14:12:10.572,OnTrack,-2956,-5501,1096,pos,0 days 01:08:53.978000,0 days 02:04:30.586000
2024-05-19 14:12:10.892,OnTrack,-2908,-5532,1096,pos,0 days 01:08:54.298000,0 days 02:04:30.906000
2024-05-19 14:12:11.191,OnTrack,-2831,-5559,1095,pos,0 days 01:08:54.597000,0 days 02:04:31.205000
2024-05-19 14:12:11.392,OnTrack,-2779,-5563,1094,pos,0 days 01:08:54.798000,0 days 02:04:31.406000
2024-05-19 14:12:11.632,OnTrack,-2701,-5550,1093,pos,0 days 01:08:55.038000,0 days 02:04:31.646000
2024-05-19 14:12:11.952,OnTrack,-2624,-5529,1091,pos,0 days 01:08:55.358000,0 days 02:04:31.966000
2024-05-19 14:12:12.132,OnTrack,-2574,-5512,1090,pos,0 days 01:08:55.538000,0 days 02:04:32.146000
2024-05-19 14:12:12.392,OnTrack,-2499,-5484,1088,pos,0 days 01:08:55.798000,0 days 02:04:32.406000
2024-05-19 14:12:12.573,OnTrack,-2444,-5461,1087,pos,0 days 01:08:55.979000,0 days 02:04:32.587000
2024-05-19 14:12:12.732,OnTrack,-2393,-5438,1085,pos,0 days 01:08:56.138000,0 days 02:04:32.746000
2024-05-19 14:12:13.032,OnTrack,-2256,-5370,1082,pos,0 days 01:08:56.438000,0 days 02:04:33.046000
2024-05-19 14:12:13.432,OnTrack,-2141,-5310,1080,pos,0 days 01:08:56.838000,0 days 02:04:33.446000
2024-05-19 14:12:13.611,OnTrack,-2067,-5271,1078,pos,0 days 01:08:57.017000,0 days 02:04:33.625000
2024-05-19 14:12:13.851,OnTrack,-1963,-5216,1076,pos,0 days 01:08:57.257000,0 days 02:04:33.865000
2024-05-19 14:12:14.091,OnTrack,-1825,-5144,1073,pos,0 days 01:08:57.497000,0 days 02:04:34.105000
2024-05-19 14:12:14.431,OnTrack,-1689,-5074,1070,pos,0 days 01:08:57.837000,0 days 02:04:34.445000
2024-05-19 14:12:14.611,OnTrack,-1589,-5025,1068,pos,0 days 01:08:58.017000,0 days 02:04:34.625000
2024-05-19 14:12:14.832,OnTrack,-1467,-4967,1066,pos,0 days 01:08:58.238000,0 days 02:04:34.846000
2024-05-19 14:12:15.072,OnTrack,-1335,-4908,1064,pos,0 days 01:08:58.478000,0 days 02:04:35.086000
2024-05-19 14:12:15.292,OnTrack,-1153,-4822,1060,pos,0 days 01:08:58.698000,0 days 02:04:35.306000
2024-05-19 14:12:15.791,OnTrack,-858,-4656,1054,pos,0 days 01:08:59.197000,0 days 02:04:35.805000
2024-05-19 14:12:16.152,OnTrack,-644,-4512,1048,pos,0 days 01:08:59.558000,0 days 02:04:36.166000
2024-05-19 14:12:16.492,OnTrack,-530,-4431,1044,pos,0 days 01:08:59.898000,0 days 02:04:36.506000
2024-05-19 14:12:16.772,OnTrack,-369,-4312,1039,pos,0 days 01:09:00.178000,0 days 02:04:36.786000
2024-05-19 14:12:16.972,OnTrack,-255,-4223,1036,pos,0 days 01:09:00.378000,0 days 02:04:36.986000
2024-05-19 14:12:17.132,OnTrack,-164,-4149,1033,pos,0 days 01:09:00.538000,0 days 02:04:37.146000
2024-05-19 14:12:17.312,OnTrack,-63,-4062,1030,pos,0 days 01:09:00.718000,0 days 02:04:37.326000
2024-05-19 14:12:17.492,OnTrack,35,-3972,1028,pos,0 days 01:09:00.898000,0 days 02:04:37.506000
2024-05-19 14:12:17.692,OnTrack,161,-3848,1024,pos,0 days 01:09:01.098000,0 days 02:04:37.706000
2024-05-19 14:12:18.032,OnTrack,418,-3572,1016,pos,0 days 01:09:01.438000,0 days 02:04:38.046000
2024-05-19 14:12:18.492,OnTrack,658,-3306,1004,pos,0 days 01:09:01.898000,0 days 02:04:38.506000
2024-05-19 14:12:18.912,OnTrack,816,-3130,994,pos,0 days 01:09:02.318000,0 days 02:04:38.926000
2024-05-19 14:12:19.093,OnTrack,976,-2953,982,pos,0 days 01:09:02.499000,0 days 02:04:39.107000
2024-05-19 14:12:19.433,OnTrack,1094,-2823,971,pos,0 days 01:09:02.839000,0 days 02:04:39.447000
2024-05-19 14:12:19.693,OnTrack,1269,-2632,956,pos,0 days 01:09:03.099000,0 days 02:04:39.707000
2024-05-19 14:12:20.071,OnTrack,1450,-2446,940,pos,0 days 01:09:03.477000,0 days 02:04:40.085000
2024-05-19 14:12:20.792,OnTrack,1958,-2112,899,pos,0 days 01:09:04.198000,0 days 02:04:40.806000
2024-05-19 14:12:20.951,OnTrack,2083,-2060,889,pos,0 days 01:09:04.357000,0 days 02:04:40.965000
2024-05-19 14:12:21.012,OnTrack,2130,-2041,886,pos,0 days 01:09:04.418000,0 days 02:04:41.026000
2024-05-19 14:12:21.211,OnTrack,2283,-1980,873,pos,0 days 01:09:04.617000,0 days 02:04:41.225000
2024-05-19 14:12:21.491,OnTrack,2479,-1901,858,pos,0 days 01:09:04.897000,0 days 02:04:41.505000
2024-05-19 14:12:21.751,OnTrack,2639,-1836,846,pos,0 days 01:09:05.157000,0 days 02:04:41.765000
2024-05-19 14:12:21.991,OnTrack,2768,-1783,837,pos,0 days 01:09:05.397000,0 days 02:04:42.005000
2024-05-19 14:12:22.071,OnTrack,2807,-1767,834,pos,0 days 01:09:05.477000,0 days 02:04:42.085000
2024-05-19 14:12:22.392,OnTrack,2950,-1704,825,pos,0 days 01:09:05.798000,0 days 02:04:42.406000
2024-05-19 14:12:22.611,OnTrack,3030,-1659,820,pos,0 days 01:09:06.017000,0 days 02:04:42.625000
2024-05-19 14:12:22.732,OnTrack,3101,-1597,815,pos,0 days 01:09:06.138000,0 days 02:04:42.746000
2024-05-19 14:12:23.192,OnTrack,3174,-1470,809,pos,0 days 01:09:06.598000,0 days 02:04:43.206000
2024-05-19 14:12:23.632,OnTrack,3189,-1335,803,pos,0 days 01:09:07.038000,0 days 02:04:43.646000
2024-05-19 14:12:23.912,OnTrack,3183,-1279,801,pos,0 days 01:09:07.318000,0 days 02:04:43.926000
2024-05-19 14:12:24.212,OnTrack,3163,-1187,799,pos,0 days 01:09:07.618000,0 days 02:04:44.226000
2024-05-19 14:12:24.392,OnTrack,3147,-1132,797,pos,0 days 01:09:07.798000,0 days 02:04:44.406000
2024-05-19 14:12:24.652,OnTrack,3106,-1005,795,pos,0 days 01:09:08.058000,0 days 02:04:44.666000
2024-05-19 14:12:24.972,OnTrack,3084,-945,794,pos,0 days 01:09:08.378000,0 days 02:04:44.986000
2024-05-19 14:12:25.152,OnTrack,3060,-882,793,pos,0 days 01:09:08.558000,0 days 02:04:45.166000
2024-05-19 14:12:25.472,OnTrack,2999,-747,792,pos,0 days 01:09:08.878000,0 days 02:04:45.486000
2024-05-19 14:12:25.732,OnTrack,2953,-663,791,pos,0 days 01:09:09.138000,0 days 02:04:45.746000
2024-05-19 14:12:26.012,OnTrack,2885,-562,789,pos,0 days 01:09:09.418000,0 days 02:04:46.026000
2024-05-19 14:12:26.292,OnTrack,2806,-480,788,pos,0 days 01:09:09.698000,0 days 02:04:46.306000
2024-05-19 14:12:26.472,OnTrack,2722,-424,788,pos,0 days 01:09:09.878000,0 days 02:04:46.486000
2024-05-19 14:12:26.851,OnTrack,2615,-383,787,pos,0 days 01:09:10.257000,0 days 02:04:46.865000
2024-05-19 14:12:27.012,OnTrack,2557,-370,786,pos,0 days 01:09:10.418000,0 days 02:04:47.026000
2024-05-19 14:12:27.332,OnTrack,2441,-360,786,pos,0 days 01:09:10.738000,0 days 02:04:47.346000
2024-05-19 14:12:27.532,OnTrack,2329,-365,786,pos,0 days 01:09:10.938000,0 days 02:04:47.546000
2024-05-19 14:12:27.812,OnTrack,2262,-376,785,pos,0 days 01:09:11.218000,0 days 02:04:47.826000
2024-05-19 14:12:28.051,OnTrack,2170,-401,783,pos,0 days 01:09:11.457000,0 days 02:04:48.065000
2024-05-19 14:12:28.311,OnTrack,2068,-441,782,pos,0 days 01:09:11.717000,0 days 02:04:48.325000
2024-05-19 14:12:28.492,OnTrack,1946,-498,781,pos,0 days 01:09:11.898000,0 days 02:04:48.506000
2024-05-19 14:12:28.952,OnTrack,1815,-558,780,pos,0 days 01:09:12.358000,0 days 02:04:48.966000
2024-05-19 14:12:29.172,OnTrack,1713,-605,779,pos,0 days 01:09:12.578000,0 days 02:04:49.186000
2024-05-19 14:12:29.352,OnTrack,1625,-645,778,pos,0 days 01:09:12.758000,0 days 02:04:49.366000
2024-05-19 14:12:29.552,OnTrack,1461,-719,778,pos,0 days 01:09:12.958000,0 days 02:04:49.566000
2024-05-19 14:12:29.832,OnTrack,1377,-757,778,pos,0 days 01:09:13.238000,0 days 02:04:49.846000
2024-05-19 14:12:30.052,OnTrack,1257,-811,778,pos,0 days 01:09:13.458000,0 days 02:04:50.066000
2024-05-19 14:12:30.372,OnTrack,1077,-893,778,pos,0 days 01:09:13.778000,0 days 02:04:50.386000
2024-05-19 14:12:30.632,OnTrack,890,-977,779,pos,0 days 01:09:14.038000,0 days 02:04:50.646000
2024-05-19 14:12:31.012,OnTrack,694,-1060,779,pos,0 days 01:09:14.418000,0 days 02:04:51.026000
2024-05-19 14:12:31.212,OnTrack,559,-1116,780,pos,0 days 01:09:14.618000,0 days 02:04:51.226000
2024-05-19 14:12:31.392,OnTrack,445,-1164,780,pos,0 days 01:09:14.798000,0 days 02:04:51.406000
2024-05-19 14:12:31.592,OnTrack,316,-1218,781,pos,0 days 01:09:14.998000,0 days 02:04:51.606000
2024-05-19 14:12:31.812,OnTrack,172,-1279,781,pos,0 days 01:09:15.218000,0 days 02:04:51.826000
2024-05-19 14:12:31.972,OnTrack,67,-1324,781,pos,0 days 01:09:15.378000,0 days 02:04:51.986000
2024-05-19 14:12:32.272,OnTrack,-134,-1405,781,pos,0 days 01:09:15.678000,0 days 02:04:52.286000
2024-05-19 14:12:32.493,OnTrack,-371,-1485,782,pos,0 days 01:09:15.899000,0 days 02:04:52.507000
2024-05-19 14:12:32.852,OnTrack,-546,-1531,783,pos,0 days 01:09:16.258000,0 days 02:04:52.866000
2024-05-19 14:12:33.032,OnTrack,-679,-1557,783,pos,0 days 01:09:16.438000,0 days 02:04:53.046000
2024-05-19 14:12:33.231,OnTrack,-832,-1575,783,pos,0 days 01:09:16.637000,0 days 02:04:53.245000
2024-05-19 14:12:33.431,OnTrack,-1026,-1586,784,pos,0 days 01:09:16.837000,0 days 02:04:53.445000
2024-05-19 14:12:33.671,OnTrack,-1259,-1593,785,pos,0 days 01:09:17.077000,0 days 02:04:53.685000
2024-05-19 14:12:33.971,OnTrack,-1433,-1601,785,pos,0 days 01:09:17.377000,0 days 02:04:53.985000
2024-05-19 14:12:34.311,OnTrack,-1720,-1618,787,pos,0 days 01:09:17.717000,0 days 02:04:54.325000
2024-05-19 14:12:34.612,OnTrack,-1946,-1630,788,pos,0 days 01:09:18.018000,0 days 02:04:54.626000
2024-05-19 14:12:34.912,OnTrack,-2190,-1644,788,pos,0 days 01:09:18.318000,0 days 02:04:54.926000
2024-05-19 14:12:35.111,OnTrack,-2419,-1657,790,pos,0 days 01:09:18.517000,0 days 02:04:55.125000
2024-05-19 14:12:35.552,OnTrack,-2766,-1672,791,pos,0 days 01:09:18.958000,0 days 02:04:55.566000
2024-05-19 14:12:35.951,OnTrack,-3135,-1684,793,pos,0 days 01:09:19.357000,0 days 02:04:55.965000
2024-05-19 14:12:36.252,OnTrack,-3303,-1691,793,pos,0 days 01:09:19.658000,0 days 02:04:56.266000
2024-05-19 14:12:36.412,OnTrack,-3438,-1695,794,pos,0 days 01:09:19.818000,0 days 02:04:56.426000
2024-05-19 14:12:36.672,OnTrack,-3658,-1694,795,pos,0 days 01:09:20.078000,0 days 02:04:56.686000
2024-05-19 14:12:36.992,OnTrack,-3996,-1661,797,pos,0 days 01:09:20.398000,0 days 02:04:57.006000
2024-05-19 14:12:37.412,OnTrack,-4286,-1607,798,pos,0 days 01:09:20.818000,0 days 02:04:57.426000
2024-05-19 14:12:37.512,OnTrack,-4371,-1588,798,pos,0 days 01:09:20.918000,0 days 02:04:57.526000
2024-05-19 14:12:37.672,OnTrack,-4506,-1557,799,pos,0 days 01:09:21.078000,0 days 02:04:57.686000
2024-05-19 14:12:37.852,OnTrack,-4658,-1520,800,pos,0 days 01:09:21.258000,0 days 02:04:57.866000
2024-05-19 14:12:38.112,OnTrack,-4878,-1466,802,pos,0 days 01:09:21.518000,0 days 02:04:58.126000
2024-05-19 14:12:38.292,OnTrack,-5030,-1428,803,pos,0 days 01:09:21.698000,0 days 02:04:58.306000
2024-05-19 14:12:38.572,OnTrack,-5268,-1371,805,pos,0 days 01:09:21.978000,0 days 02:04:58.586000
2024-05-19 14:12:38.752,OnTrack,-5541,-1311,807,pos,0 days 01:09:22.158000,0 days 02:04:58.766000
2024-05-19 14:12:39.092,OnTrack,-5685,-1285,809,pos,0 days 01:09:22.498000,0 days 02:04:59.106000
2024-05-19 14:12:39.332,OnTrack,-5865,-1260,810,pos,0 days 01:09:22.738000,0 days 02:04:59.346000
2024-05-19 14:12:39.512,OnTrack,-6022,-1245,811,pos,0 days 01:09:22.918000,0 days 02:04:59.526000
2024-05-19 14:12:39.852,OnTrack,-6392,-1231,814,pos,0 days 01:09:23.258000,0 days 02:04:59.866000
2024-05-19 14:12:40.291,OnTrack,-6816,-1231,816,pos,0 days 01:09:23.697000,0 days 02:05:00.305000
2024-05-19 14:12:40.712,OnTrack,-7082,-1239,817,pos,0 days 01:09:24.118000,0 days 02:05:00.726000
2024-05-19 14:12:40.912,OnTrack,-7365,-1256,818,pos,0 days 01:09:24.318000,0 days 02:05:00.926000
2024-05-19 14:12:41.252,OnTrack,-7559,-1273,818,pos,0 days 01:09:24.658000,0 days 02:05:01.266000
2024-05-19 14:12:41.452,OnTrack,-7735,-1291,818,pos,0 days 01:09:24.858000,0 days 02:05:01.466000
2024-05-19 14:12:41.752,OnTrack,-8156,-1342,818,pos,0 days 01:09:25.158000,0 days 02:05:01.766000
2024-05-19 14:12:41.992,OnTrack,-8332,-1366,819,pos,0 days 01:09:25.398000,0 days 02:05:02.006000
2024-05-19 14:12:42.372,OnTrack,-8666,-1412,819,pos,0 days 01:09:25.778000,0 days 02:05:02.386000
2024-05-19 14:12:42.572,OnTrack,-8843,-1437,819,pos,0 days 01:09:25.978000,0 days 02:05:02.586000
2024-05-19 14:12:42.692,OnTrack,-8949,-1452,819,pos,0 days 01:09:26.098000,0 days 02:05:02.706000
2024-05-19 14:12:42.972,OnTrack,-9245,-1506,819,pos,0 days 01:09:26.378000,0 days 02:05:02.986000
2024-05-19 14:12:43.252,OnTrack,-9427,-1553,819,pos,0 days 01:09:26.658000,0 days 02:05:03.266000
2024-05-19 14:12:43.472,OnTrack,-9593,-1605,819,pos,0 days 01:09:26.878000,0 days 02:05:03.486000
2024-05-19 14:12:43.692,OnTrack,-9740,-1651,818,pos,0 days 01:09:27.098000,0 days 02:05:03.706000
2024-05-19 14:12:43.932,OnTrack,-9883,-1696,818,pos,0 days 01:09:27.338000,0 days 02:05:03.946000
2024-05-19 14:12:44.133,OnTrack,-9990,-1730,818,pos,0 days 01:09:27.539000,0 days 02:05:04.147000
2024-05-19 14:12:44.312,OnTrack,-10082,-1758,818,pos,0 days 01:09:27.718000,0 days 02:05:04.326000
2024-05-19 14:12:44.532,OnTrack,-10186,-1794,818,pos,0 days 01:09:27.938000,0 days 02:05:04.546000
2024-05-19 14:12:44.712,OnTrack,-10250,-1827,818,pos,0 days 01:09:28.118000,0 days 02:05:04.726000
2024-05-19 14:12:45.052,OnTrack,-10342,-1922,818,pos,0 days 01:09:28.458000,0 days 02:05:05.066000
2024-05-19 14:12:45.272,OnTrack,-10380,-2003,818,pos,0 days 01:09:28.678000,0 days 02:05:05.286000
2024-05-19 14:12:45.513,OnTrack,-10408,-2100,819,pos,0 days 01:09:28.919000,0 days 02:05:05.527000
2024-05-19 14:12:45.632,OnTrack,-10438,-2203,819,pos,0 days 01:09:29.038000,0 days 02:05:05.646000
2024-05-19 14:12:46.033,OnTrack,-10506,-2347,819,pos,0 days 01:09:29.439000,0 days 02:05:06.047000
2024-05-19 14:12:46.411,OnTrack,-10580,-2438,818,pos,0 days 01:09:29.817000,0 days 02:05:06.425000
2024-05-19 14:12:46.691,OnTrack,-10711,-2543,819,pos,0 days 01:09:30.097000,0 days 02:05:06.705000
2024-05-19 14:12:47.011,OnTrack,-10806,-2604,820,pos,0 days 01:09:30.417000,0 days 02:05:07.025000
2024-05-19 14:12:47.311,OnTrack,-10965,-2697,821,pos,0 days 01:09:30.717000,0 days 02:05:07.325000
2024-05-19 14:12:47.672,OnTrack,-11088,-2768,822,pos,0 days 01:09:31.078000,0 days 02:05:07.686000
2024-05-19 14:12:47.952,OnTrack,-11217,-2844,823,pos,0 days 01:09:31.358000,0 days 02:05:07.966000
2024-05-19 14:12:48.111,OnTrack,-11361,-2932,824,pos,0 days 01:09:31.517000,0 days 02:05:08.125000
2024-05-19 14:12:48.592,OnTrack,-11522,-3049,825,pos,0 days 01:09:31.998000,0 days 02:05:08.606000
2024-05-19 14:12:48.671,OnTrack,-11557,-3082,825,pos,0 days 01:09:32.077000,0 days 02:05:08.685000
2024-05-19 14:12:48.852,OnTrack,-11630,-3162,825,pos,0 days 01:09:32.258000,0 days 02:05:08.866000
2024-05-19 14:12:49.212,OnTrack,-11748,-3354,826,pos,0 days 01:09:32.618000,0 days 02:05:09.226000
2024-05-19 14:12:49.432,OnTrack,-11807,-3486,826,pos,0 days 01:09:32.838000,0 days 02:05:09.446000
2024-05-19 14:12:49.512,OnTrack,-11826,-3536,827,pos,0 days 01:09:32.918000,0 days 02:05:09.526000
2024-05-19 14:12:49.692,OnTrack,-11868,-3646,827,pos,0 days 01:09:33.098000,0 days 02:05:09.706000
2024-05-19 14:12:49.912,OnTrack,-11919,-3784,828,pos,0 days 01:09:33.318000,0 days 02:05:09.926000
2024-05-19 14:12:50.272,OnTrack,-12011,-4026,828,pos,0 days 01:09:33.678000,0 days 02:05:10.286000
2024-05-19 14:12:50.572,OnTrack,-12079,-4210,829,pos,0 days 01:09:33.978000,0 days 02:05:10.586000
2024-05-19 14:12:50.812,OnTrack,-12140,-4371,830,pos,0 days 01:09:34.218000,0 days 02:05:10.826000
2024-05-19 14:12:50.972,OnTrack,-12180,-4479,830,pos,0 days 01:09:34.378000,0 days 02:05:10.986000
2024-05-19 14:12:51.272,OnTrack,-12258,-4685,830,pos,0 days 01:09:34.678000,0 days 02:05:11.286000
2024-05-19 14:12:52.293,OnTrack,-12562,-5495,833,pos,0 days 01:09:35.699000,0 days 02:05:12.307000
2024-05-19 14:12:52.532,OnTrack,-12595,-5582,833,pos,0 days 01:09:35.938000,0 days 02:05:12.546000
2024-05-19 14:12:52.791,OnTrack,-12666,-5772,833,pos,0 days 01:09:36.197000,0 days 02:05:12.805000
2024-05-19 14:12:53.031,OnTrack,-12732,-5947,834,pos,0 days 01:09:36.437000,0 days 02:05:13.045000
2024-05-19 14:12:53.331,OnTrack,-12817,-6166,834,pos,0 days 01:09:36.737000,0 days 02:05:13.345000
2024-05-19 14:12:53.531,OnTrack,-12875,-6311,835,pos,0 days 01:09:36.937000,0 days 02:05:13.545000
2024-05-19 14:12:53.752,OnTrack,-12943,-6470,835,pos,0 days 01:09:37.158000,0 days 02:05:13.766000
2024-05-19 14:12:53.952,OnTrack,-13046,-6716,836,pos,0 days 01:09:37.358000,0 days 02:05:13.966000
2024-05-19 14:12:54.272,OnTrack,-13097,-6843,836,pos,0 days 01:09:37.678000,0 days 02:05:14.286000
2024-05-19 14:12:54.472,OnTrack,-13156,-7067,837,pos,0 days 01:09:37.878000,0 days 02:05:14.486000
2024-05-19 14:12:54.832,OnTrack,-13163,-7209,838,pos,0 days 01:09:38.238000,0 days 02:05:14.846000
2024-05-19 14:12:55.132,OnTrack,-13141,-7398,839,pos,0 days 01:09:38.538000,0 days 02:05:15.146000
2024-05-19 14:12:55.332,OnTrack,-13115,-7522,840,pos,0 days 01:09:38.738000,0 days 02:05:15.346000
2024-05-19 14:12:55.511,OnTrack,-13090,-7627,841,pos,0 days 01:09:38.917000,0 days 02:05:15.525000
2024-05-19 14:12:55.771,OnTrack,-13056,-7767,842,pos,0 days 01:09:39.177000,0 days 02:05:15.785000
2024-05-19 14:12:55.912,OnTrack,-13042,-7836,843,pos,0 days 01:09:39.318000,0 days 02:05:15.926000
2024-05-19 14:12:56.112,OnTrack,-13027,-7928,843,pos,0 days 01:09:39.518000,0 days 02:05:16.126000
2024-05-19 14:12:56.312,OnTrack,-13024,-8016,844,pos,0 days 01:09:39.718000,0 days 02:05:16.326000
2024-05-19 14:12:56.652,OnTrack,-13062,-8151,845,pos,0 days 01:09:40.058000,0 days 02:05:16.666000
2024-05-19 14:12:56.732,OnTrack,-13079,-8180,845,pos,0 days 01:09:40.138000,0 days 02:05:16.746000
2024-05-19 14:12:57.072,OnTrack,-13219,-8325,847,pos,0 days 01:09:40.478000,0 days 02:05:17.086000
2024-05-19 14:12:57.492,OnTrack,-13354,-8442,849,pos,0 days 01:09:40.898000,0 days 02:05:17.506000
2024-05-19 14:12:57.892,OnTrack,-13480,-8548,850,pos,0 days 01:09:41.298000,0 days 02:05:17.906000
2024-05-19 14:12:58.112,OnTrack,-13619,-8666,852,pos,0 days 01:09:41.518000,0 days 02:05:18.126000
2024-05-19 14:12:58.512,OnTrack,-13785,-8807,855,pos,0 days 01:09:41.918000,0 days 02:05:18.526000
2024-05-19 14:12:58.952,OnTrack,-13917,-8917,857,pos,0 days 01:09:42.358000,0 days 02:05:18.966000
2024-05-19 14:12:59.133,OnTrack,-13997,-8987,859,pos,0 days 01:09:42.539000,0 days 02:05:19.147000
2024-05-19 14:12:59.372,OnTrack,-14137,-9122,864,pos,0 days 01:09:42.778000,0 days 02:05:19.386000
2024-05-19 14:12:59.611,OnTrack,-14207,-9191,866,pos,0 days 01:09:43.017000,0 days 02:05:19.625000
2024-05-19 14:12:59.871,OnTrack,-14385,-9368,875,pos,0 days 01:09:43.277000,0 days 02:05:19.885000
2024-05-19 14:13:00.292,OnTrack,-14512,-9490,880,pos,0 days 01:09:43.698000,0 days 02:05:20.306000
2024-05-19 14:13:00.451,OnTrack,-14583,-9555,884,pos,0 days 01:09:43.857000,0 days 02:05:20.465000
2024-05-19 14:13:00.792,OnTrack,-14734,-9703,891,pos,0 days 01:09:44.198000,0 days 02:05:20.806000
2024-05-19 14:13:01.072,OnTrack,-14798,-9776,894,pos,0 days 01:09:44.478000,0 days 02:05:21.086000
2024-05-19 14:13:01.312,OnTrack,-14852,-9852,897,pos,0 days 01:09:44.718000,0 days 02:05:21.326000
2024-05-19 14:13:01.572,OnTrack,-14892,-9934,900,pos,0 days 01:09:44.978000,0 days 02:05:21.586000
2024-05-19 14:13:01.852,OnTrack,-14913,-10021,903,pos,0 days 01:09:45.258000,0 days 02:05:21.866000
2024-05-19 14:13:01.932,OnTrack,-14915,-10046,904,pos,0 days 01:09:45.338000,0 days 02:05:21.946000
2024-05-19 14:13:02.112,OnTrack,-14913,-10098,906,pos,0 days 01:09:45.518000,0 days 02:05:22.126000
2024-05-19 14:13:02.412,OnTrack,-14890,-10179,910,pos,0 days 01:09:45.818000,0 days 02:05:22.426000
2024-05-19 14:13:02.632,OnTrack,-14860,-10229,913,pos,0 days 01:09:46.038000,0 days 02:05:22.646000
2024-05-19 14:13:02.732,OnTrack,-14844,-10250,914,pos,0 days 01:09:46.138000,0 days 02:05:22.746000
2024-05-19 14:13:02.912,OnTrack,-14812,-10283,917,pos,0 days 01:09:46.318000,0 days 02:05:22.926000
2024-05-19 14:13:03.112,OnTrack,-14773,-10314,920,pos,0 days 01:09:46.518000,0 days 02:05:23.126000
2024-05-19 14:13:03.332,OnTrack,-14726,-10342,922,pos,0 days 01:09:46.738000,0 days 02:05:23.346000
2024-05-19 14:13:03.672,OnTrack,-14630,-10378,926,pos,0 days 01:09:47.078000,0 days 02:05:23.686000
2024-05-19 14:13:03.972,OnTrack,-14573,-10388,929,pos,0 days 01:09:47.378000,0 days 02:05:23.986000
2024-05-19 14:13:04.352,OnTrack,-14456,-10395,936,pos,0 days 01:09:47.758000,0 days 02:05:24.366000
2024-05-19 14:13:04.732,OnTrack,-14331,-10387,942,pos,0 days 01:09:48.138000,0 days 02:05:24.746000
2024-05-19 14:13:05.052,OnTrack,-14313,-10384,943,pos,0 days 01:09:48.458000,0 days 02:05:25.066000
2024-05-19 14:13:05.373,OnTrack,-14164,-10362,950,pos,0 days 01:09:48.779000,0 days 02:05:25.387000
2024-05-19 14:13:05.653,OnTrack,-14082,-10347,953,pos,0 days 01:09:49.059000,0 days 02:05:25.667000
2024-05-19 14:13:05.932,OnTrack,-13958,-10323,959,pos,0 days 01:09:49.338000,0 days 02:05:25.946000
2024-05-19 14:13:06.051,OnTrack,-13902,-10312,962,pos,0 days 01:09:49.457000,0 days 02:05:26.065000
2024-05-19 14:13:06.311,OnTrack,-13776,-10286,967,pos,0 days 01:09:49.717000,0 days 02:05:26.325000
2024-05-19 14:13:06.472,OnTrack,-13695,-10269,971,pos,0 days 01:09:49.878000,0 days 02:05:26.486000
2024-05-19 14:13:06.772,OnTrack,-13469,-10226,980,pos,0 days 01:09:50.178000,0 days 02:05:26.786000
2024-05-19 14:13:07.131,OnTrack,-13333,-10202,985,pos,0 days 01:09:50.537000,0 days 02:05:27.145000
2024-05-19 14:13:07.292,OnTrack,-13239,-10185,988,pos,0 days 01:09:50.698000,0 days 02:05:27.306000
2024-05-19 14:13:07.471,OnTrack,-13131,-10166,992,pos,0 days 01:09:50.877000,0 days 02:05:27.485000
2024-05-19 14:13:07.672,OnTrack,-13009,-10145,996,pos,0 days 01:09:51.078000,0 days 02:05:27.686000
2024-05-19 14:13:07.872,OnTrack,-12884,-10125,1000,pos,0 days 01:09:51.278000,0 days 02:05:27.886000
2024-05-19 14:13:08.132,OnTrack,-12717,-10100,1006,pos,0 days 01:09:51.538000,0 days 02:05:28.146000
2024-05-19 14:13:08.392,OnTrack,-12548,-10075,1011,pos,0 days 01:09:51.798000,0 days 02:05:28.406000
2024-05-19 14:13:08.611,OnTrack,-12318,-10042,1020,pos,0 days 01:09:52.017000,0 days 02:05:28.625000
2024-05-19 14:13:08.972,OnTrack,-12153,-10019,1029,pos,0 days 01:09:52.378000,0 days 02:05:28.986000
2024-05-19 14:13:09.172,OnTrack,-12013,-10000,1038,pos,0 days 01:09:52.578000,0 days 02:05:29.186000
2024-05-19 14:13:09.352,OnTrack,-11859,-9980,1049,pos,0 days 01:09:52.758000,0 days 02:05:29.366000
2024-05-19 14:13:09.672,OnTrack,-11562,-9948,1068,pos,0 days 01:09:53.078000,0 days 02:05:29.686000
2024-05-19 14:13:10.012,OnTrack,-11372,-9931,1080,pos,0 days 01:09:53.418000,0 days 02:05:30.026000
2024-05-19 14:13:10.312,OnTrack,-11150,-9920,1093,pos,0 days 01:09:53.718000,0 days 02:05:30.326000
2024-05-19 14:13:10.572,OnTrack,-10896,-9918,1108,pos,0 days 01:09:53.978000,0 days 02:05:30.586000
2024-05-19 14:13:10.992,OnTrack,-10642,-9928,1119,pos,0 days 01:09:54.398000,0 days 02:05:31.006000
2024-05-19 14:13:11.192,OnTrack,-10492,-9940,1122,pos,0 days 01:09:54.598000,0 days 02:05:31.206000
2024-05-19 14:13:11.272,OnTrack,-10432,-9946,1122,pos,0 days 01:09:54.678000,0 days 02:05:31.286000
2024-05-19 14:13:11.552,OnTrack,-10222,-9969,1122,pos,0 days 01:09:54.958000,0 days 02:05:31.566000
2024-05-19 14:13:11.792,OnTrack,-9938,-10002,1120,pos,0 days 01:09:55.198000,0 days 02:05:31.806000
2024-05-19 14:13:12.152,OnTrack,-9668,-10033,1118,pos,0 days 01:09:55.558000,0 days 02:05:32.166000
2024-05-19 14:13:12.453,OnTrack,-9549,-10046,1117,pos,0 days 01:09:55.859000,0 days 02:05:32.467000
2024-05-19 14:13:12.811,OnTrack,-9300,-10068,1115,pos,0 days 01:09:56.217000,0 days 02:05:32.825000
2024-05-19 14:13:13.032,OnTrack,-9183,-10070,1114,pos,0 days 01:09:56.438000,0 days 02:05:33.046000
2024-05-19 14:13:13.231,OnTrack,-9057,-10060,1114,pos,0 days 01:09:56.637000,0 days 02:05:33.245000
2024-05-19 14:13:13.592,OnTrack,-8849,-9990,1113,pos,0 days 01:09:56.998000,0 days 02:05:33.606000
2024-05-19 14:13:13.971,OnTrack,-8733,-9909,1110,pos,0 days 01:09:57.377000,0 days 02:05:33.985000
2024-05-19 14:13:14.251,OnTrack,-8631,-9793,1107,pos,0 days 01:09:57.657000,0 days 02:05:34.265000
2024-05-19 14:13:14.472,OnTrack,-8532,-9621,1101,pos,0 days 01:09:57.878000,0 days 02:05:34.486000
2024-05-19 14:13:14.772,OnTrack,-8484,-9527,1098,pos,0 days 01:09:58.178000,0 days 02:05:34.786000
2024-05-19 14:13:15.052,OnTrack,-8411,-9376,1093,pos,0 days 01:09:58.458000,0 days 02:05:35.066000
2024-05-19 14:13:15.272,OnTrack,-8331,-9182,1086,pos,0 days 01:09:58.678000,0 days 02:05:35.286000
2024-05-19 14:13:15.691,OnTrack,-8269,-8948,1078,pos,0 days 01:09:59.097000,0 days 02:05:35.705000
2024-05-19 14:13:15.972,OnTrack,-8249,-8818,1072,pos,0 days 01:09:59.378000,0 days 02:05:35.986000
2024-05-19 14:13:16.312,OnTrack,-8237,-8588,1059,pos,0 days 01:09:59.718000,0 days 02:05:36.326000
2024-05-19 14:13:16.491,OnTrack,-8242,-8464,1051,pos,0 days 01:09:59.897000,0 days 02:05:36.505000
2024-05-19 14:13:16.712,OnTrack,-8255,-8316,1040,pos,0 days 01:10:00.118000,0 days 02:05:36.726000
2024-05-19 14:13:16.892,OnTrack,-8269,-8199,1030,pos,0 days 01:10:00.298000,0 days 02:05:36.906000
2024-05-19 14:13:17.112,OnTrack,-8294,-8043,1014,pos,0 days 01:10:00.518000,0 days 02:05:37.126000
2024-05-19 14:13:17.272,OnTrack,-8315,-7929,1005,pos,0 days 01:10:00.678000,0 days 02:05:37.286000
2024-05-19 14:13:17.613,OnTrack,-8378,-7643,982,pos,0 days 01:10:01.019000,0 days 02:05:37.627000
2024-05-19 14:13:18.012,OnTrack,-8435,-7397,965,pos,0 days 01:10:01.418000,0 days 02:05:38.026000
2024-05-19 14:13:18.153,OnTrack,-8458,-7295,959,pos,0 days 01:10:01.559000,0 days 02:05:38.167000
2024-05-19 14:13:18.332,OnTrack,-8488,-7163,952,pos,0 days 01:10:01.738000,0 days 02:05:38.346000
2024-05-19 14:13:18.492,OnTrack,-8515,-7045,946,pos,0 days 01:10:01.898000,0 days 02:05:38.506000
2024-05-19 14:13:18.792,OnTrack,-8589,-6720,930,pos,0 days 01:10:02.198000,0 days 02:05:38.806000
2024-05-19 14:13:19.171,OnTrack,-8626,-6542,920,pos,0 days 01:10:02.577000,0 days 02:05:39.185000
2024-05-19 14:13:19.312,OnTrack,-8644,-6440,915,pos,0 days 01:10:02.718000,0 days 02:05:39.326000
2024-05-19 14:13:19.631,OnTrack,-8638,-6156,903,pos,0 days 01:10:03.037000,0 days 02:05:39.645000
2024-05-19 14:13:20.052,OnTrack,-8561,-5938,898,pos,0 days 01:10:03.458000,0 days 02:05:40.066000
2024-05-19 14:13:20.311,OnTrack,-8481,-5783,896,pos,0 days 01:10:03.717000,0 days 02:05:40.325000
2024-05-19 14:13:20.511,OnTrack,-8411,-5663,897,pos,0 days 01:10:03.917000,0 days 02:05:40.525000
2024-05-19 14:13:20.851,OnTrack,-8332,-5537,898,pos,0 days 01:10:04.257000,0 days 02:05:40.865000
2024-05-19 14:13:21.051,OnTrack,-8278,-5467,901,pos,0 days 01:10:04.457000,0 days 02:05:41.065000
2024-05-19 14:13:21.232,OnTrack,-8227,-5415,902,pos,0 days 01:10:04.638000,0 days 02:05:41.246000
2024-05-19 14:13:21.432,OnTrack,-8168,-5370,904,pos,0 days 01:10:04.838000,0 days 02:05:41.446000
2024-05-19 14:13:21.752,OnTrack,-8062,-5330,909,pos,0 days 01:10:05.158000,0 days 02:05:41.766000
2024-05-19 14:13:21.931,OnTrack,-8001,-5325,914,pos,0 days 01:10:05.337000,0 days 02:05:41.945000
2024-05-19 14:13:22.171,OnTrack,-7887,-5342,922,pos,0 days 01:10:05.577000,0 days 02:05:42.185000
2024-05-19 14:13:22.471,OnTrack,-7812,-5360,929,pos,0 days 01:10:05.877000,0 days 02:05:42.485000
2024-05-19 14:13:22.812,OnTrack,-7680,-5396,941,pos,0 days 01:10:06.218000,0 days 02:05:42.826000
2024-05-19 14:13:23.172,OnTrack,-7560,-5420,952,pos,0 days 01:10:06.578000,0 days 02:05:43.186000
2024-05-19 14:13:23.392,OnTrack,-7411,-5437,966,pos,0 days 01:10:06.798000,0 days 02:05:43.406000
2024-05-19 14:13:23.712,OnTrack,-7343,-5440,972,pos,0 days 01:10:07.118000,0 days 02:05:43.726000
2024-05-19 14:13:23.912,OnTrack,-7250,-5443,979,pos,0 days 01:10:07.318000,0 days 02:05:43.926000
2024-05-19 14:13:24.092,OnTrack,-7162,-5443,986,pos,0 days 01:10:07.498000,0 days 02:05:44.106000
2024-05-19 14:13:24.352,OnTrack,-7029,-5442,996,pos,0 days 01:10:07.758000,0 days 02:05:44.366000
2024-05-19 14:13:24.532,OnTrack,-6933,-5441,1002,pos,0 days 01:10:07.938000,0 days 02:05:44.546000
2024-05-19 14:13:24.733,OnTrack,-6823,-5440,1009,pos,0 days 01:10:08.139000,0 days 02:05:44.747000
2024-05-19 14:13:24.912,OnTrack,-6723,-5439,1014,pos,0 days 01:10:08.318000,0 days 02:05:44.926000
2024-05-19 14:13:25.233,OnTrack,-6536,-5438,1023,pos,0 days 01:10:08.639000,0 days 02:05:45.247000
2024-05-19 14:13:25.472,OnTrack,-6391,-5437,1028,pos,0 days 01:10:08.878000,0 days 02:05:45.486000
2024-05-19 14:13:25.651,OnTrack,-6216,-5435,1033,pos,0 days 01:10:09.057000,0 days 02:05:45.665000
2024-05-19 14:13:25.951,OnTrack,-6087,-5434,1037,pos,0 days 01:10:09.357000,0 days 02:05:45.965000
2024-05-19 14:13:26.191,OnTrack,-5930,-5433,1041,pos,0 days 01:10:09.597000,0 days 02:05:46.205000
2024-05-19 14:13:26.531,OnTrack,-5702,-5431,1048,pos,0 days 01:10:09.937000,0 days 02:05:46.545000
2024-05-19 14:13:26.751,OnTrack,-5497,-5429,1053,pos,0 days 01:10:10.157000,0 days 02:05:46.765000
2024-05-19 14:13:27.011,OnTrack,-5371,-5427,1057,pos,0 days 01:10:10.417000,0 days 02:05:47.025000
2024-05-19 14:13:27.252,OnTrack,-5204,-5422,1062,pos,0 days 01:10:10.658000,0 days 02:05:47.266000
2024-05-19 14:13:27.391,OnTrack,-5104,-5416,1065,pos,0 days 01:10:10.797000,0 days 02:05:47.405000
2024-05-19 14:13:27.772,OnTrack,-4818,-5392,1073,pos,0 days 01:10:11.178000,0 days 02:05:47.786000
2024-05-19 14:13:27.952,OnTrack,-4604,-5372,1078,pos,0 days 01:10:11.358000,0 days 02:05:47.966000
2024-05-19 14:13:28.252,OnTrack,-4475,-5361,1081,pos,0 days 01:10:11.658000,0 days 02:05:48.266000
2024-05-19 14:13:28.451,OnTrack,-4331,-5349,1082,pos,0 days 01:10:11.857000,0 days 02:05:48.465000
2024-05-19 14:13:28.792,OnTrack,-4044,-5326,1084,pos,0 days 01:10:12.198000,0 days 02:05:48.806000
2024-05-19 14:13:29.132,OnTrack,-3848,-5309,1086,pos,0 days 01:10:12.538000,0 days 02:05:49.146000
2024-05-19 14:13:29.312,OnTrack,-3734,-5300,1087,pos,0 days 01:10:12.718000,0 days 02:05:49.326000
2024-05-19 14:13:29.472,OnTrack,-3639,-5292,1087,pos,0 days 01:10:12.878000,0 days 02:05:49.486000
2024-05-19 14:13:29.832,OnTrack,-3417,-5276,1088,pos,0 days 01:10:13.238000,0 days 02:05:49.846000
2024-05-19 14:13:30.152,OnTrack,-3318,-5273,1090,pos,0 days 01:10:13.558000,0 days 02:05:50.166000
2024-05-19 14:13:30.393,OnTrack,-3239,-5277,1091,pos,0 days 01:10:13.799000,0 days 02:05:50.407000
2024-05-19 14:13:30.572,OnTrack,-3187,-5291,1092,pos,0 days 01:10:13.978000,0 days 02:05:50.586000
2024-05-19 14:13:30.752,OnTrack,-3136,-5322,1094,pos,0 days 01:10:14.158000,0 days 02:05:50.766000
2024-05-19 14:13:30.953,OnTrack,-3085,-5369,1096,pos,0 days 01:10:14.359000,0 days 02:05:50.967000
2024-05-19 14:13:31.292,OnTrack,-3007,-5454,1096,pos,0 days 01:10:14.698000,0 days 02:05:51.306000
2024-05-19 14:13:31.452,OnTrack,-2971,-5488,1096,pos,0 days 01:10:14.858000,0 days 02:05:51.466000
2024-05-19 14:13:31.652,OnTrack,-2924,-5523,1096,pos,0 days 01:10:15.058000,0 days 02:05:51.666000
2024-05-19 14:13:31.852,OnTrack,-2841,-5557,1095,pos,0 days 01:10:15.258000,0 days 02:05:51.866000
2024-05-19 14:13:32.152,OnTrack,-2793,-5563,1094,pos,0 days 01:10:15.558000,0 days 02:05:52.166000
2024-05-19 14:13:32.372,OnTrack,-2734,-5557,1093,pos,0 days 01:10:15.778000,0 days 02:05:52.386000
2024-05-19 14:13:32.572,OnTrack,-2678,-5544,1092,pos,0 days 01:10:15.978000,0 days 02:05:52.586000
2024-05-19 14:13:32.872,OnTrack,-2594,-5519,1090,pos,0 days 01:10:16.278000,0 days 02:05:52.886000
2024-05-19 14:13:33.031,OnTrack,-2548,-5503,1089,pos,0 days 01:10:16.437000,0 days 02:05:53.045000
2024-05-19 14:13:33.212,OnTrack,-2497,-5483,1088,pos,0 days 01:10:16.618000,0 days 02:05:53.226000
2024-05-19 14:13:33.392,OnTrack,-2444,-5461,1087,pos,0 days 01:10:16.798000,0 days 02:05:53.406000
2024-05-19 14:13:33.611,OnTrack,-2373,-5428,1085,pos,0 days 01:10:17.017000,0 days 02:05:53.625000
2024-05-19 14:13:33.952,OnTrack,-2237,-5361,1082,pos,0 days 01:10:17.358000,0 days 02:05:53.966000
2024-05-19 14:13:34.332,OnTrack,-2102,-5290,1079,pos,0 days 01:10:17.738000,0 days 02:05:54.346000
2024-05-19 14:13:34.532,OnTrack,-2018,-5245,1077,pos,0 days 01:10:17.938000,0 days 02:05:54.546000
2024-05-19 14:13:34.752,OnTrack,-1920,-5193,1075,pos,0 days 01:10:18.158000,0 days 02:05:54.766000
2024-05-19 14:13:34.991,OnTrack,-1738,-5099,1071,pos,0 days 01:10:18.397000,0 days 02:05:55.005000
2024-05-19 14:13:35.271,OnTrack,-1668,-5063,1070,pos,0 days 01:10:18.677000,0 days 02:05:55.285000
2024-05-19 14:13:35.452,OnTrack,-1563,-5012,1068,pos,0 days 01:10:18.858000,0 days 02:05:55.466000
2024-05-19 14:13:35.811,OnTrack,-1367,-4922,1064,pos,0 days 01:10:19.217000,0 days 02:05:55.825000
2024-05-19 14:13:36.012,OnTrack,-1220,-4854,1062,pos,0 days 01:10:19.418000,0 days 02:05:56.026000
2024-05-19 14:13:36.272,OnTrack,-1105,-4798,1059,pos,0 days 01:10:19.678000,0 days 02:05:56.286000
2024-05-19 14:13:36.632,OnTrack,-899,-4681,1055,pos,0 days 01:10:20.038000,0 days 02:05:56.646000
2024-05-19 14:13:36.852,OnTrack,-772,-4601,1052,pos,0 days 01:10:20.258000,0 days 02:05:56.866000
2024-05-19 14:13:37.012,OnTrack,-681,-4538,1049,pos,0 days 01:10:20.418000,0 days 02:05:57.026000
2024-05-19 14:13:37.172,OnTrack,-589,-4474,1046,pos,0 days 01:10:20.578000,0 days 02:05:57.186000
2024-05-19 14:13:37.412,OnTrack,-451,-4373,1042,pos,0 days 01:10:20.818000,0 days 02:05:57.426000
2024-05-19 14:13:37.672,OnTrack,-301,-4259,1037,pos,0 days 01:10:21.078000,0 days 02:05:57.686000
2024-05-19 14:13:37.892,OnTrack,-176,-4159,1033,pos,0 days 01:10:21.298000,0 days 02:05:57.906000
2024-05-19 14:13:38.112,OnTrack,-52,-4052,1030,pos,0 days 01:10:21.518000,0 days 02:05:58.126000
2024-05-19 14:13:38.272,OnTrack,35,-3972,1028,pos,0 days 01:10:21.678000,0 days 02:05:58.286000
2024-05-19 14:13:38.512,OnTrack,191,-3818,1024,pos,0 days 01:10:21.918000,0 days 02:05:58.526000
2024-05-19 14:13:38.613,OnTrack,248,-3759,1022,pos,0 days 01:10:22.019000,0 days 02:05:58.627000
2024-05-19 14:13:38.812,OnTrack,352,-3646,1019,pos,0 days 01:10:22.218000,0 days 02:05:58.826000
2024-05-19 14:13:39.031,OnTrack,466,-3520,1014,pos,0 days 01:10:22.437000,0 days 02:05:59.045000
2024-05-19 14:13:39.211,OnTrack,559,-3415,1009,pos,0 days 01:10:22.617000,0 days 02:05:59.225000
2024-05-19 14:13:39.492,OnTrack,707,-3252,1001,pos,0 days 01:10:22.898000,0 days 02:05:59.506000
2024-05-19 14:13:39.611,OnTrack,770,-3182,997,pos,0 days 01:10:23.017000,0 days 02:05:59.625000
2024-05-19 14:13:39.871,OnTrack,908,-3029,987,pos,0 days 01:10:23.277000,0 days 02:05:59.885000
2024-05-19 14:13:40.151,OnTrack,1133,-2780,968,pos,0 days 01:10:23.557000,0 days 02:06:00.165000
2024-05-19 14:13:40.532,OnTrack,1263,-2638,957,pos,0 days 01:10:23.938000,0 days 02:06:00.546000
2024-05-19 14:13:40.691,OnTrack,1350,-2545,948,pos,0 days 01:10:24.097000,0 days 02:06:00.705000
2024-05-19 14:13:40.892,OnTrack,1466,-2432,939,pos,0 days 01:10:24.298000,0 days 02:06:00.906000
2024-05-19 14:13:41.052,OnTrack,1564,-2348,931,pos,0 days 01:10:24.458000,0 days 02:06:01.066000
2024-05-19 14:13:41.372,OnTrack,1819,-2178,909,pos,0 days 01:10:24.778000,0 days 02:06:01.386000
2024-05-19 14:13:41.612,OnTrack,1997,-2095,896,pos,0 days 01:10:25.018000,0 days 02:06:01.626000
2024-05-19 14:13:41.811,OnTrack,2155,-2031,884,pos,0 days 01:10:25.217000,0 days 02:06:01.825000
2024-05-19 14:13:42.032,OnTrack,2338,-1958,869,pos,0 days 01:10:25.438000,0 days 02:06:02.046000
2024-05-19 14:13:42.412,OnTrack,2621,-1843,848,pos,0 days 01:10:25.818000,0 days 02:06:02.426000
2024-05-19 14:13:42.832,OnTrack,2877,-1737,830,pos,0 days 01:10:26.238000,0 days 02:06:02.846000
2024-05-19 14:13:43.212,OnTrack,2987,-1684,823,pos,0 days 01:10:26.618000,0 days 02:06:03.226000
2024-05-19 14:13:43.452,OnTrack,3069,-1629,817,pos,0 days 01:10:26.858000,0 days 02:06:03.466000
2024-05-19 14:13:43.712,OnTrack,3123,-1572,813,pos,0 days 01:10:27.118000,0 days 02:06:03.726000
2024-05-19 14:13:43.972,OnTrack,3166,-1494,809,pos,0 days 01:10:27.378000,0 days 02:06:03.986000
2024-05-19 14:13:44.273,OnTrack,3190,-1377,805,pos,0 days 01:10:27.679000,0 days 02:06:04.287000
2024-05-19 14:13:44.632,OnTrack,3183,-1280,801,pos,0 days 01:10:28.038000,0 days 02:06:04.646000
2024-05-19 14:13:44.812,OnTrack,3172,-1224,800,pos,0 days 01:10:28.218000,0 days 02:06:04.826000
2024-05-19 14:13:44.992,OnTrack,3157,-1166,798,pos,0 days 01:10:28.398000,0 days 02:06:05.006000
2024-05-19 14:13:45.292,OnTrack,3127,-1069,796,pos,0 days 01:10:28.698000,0 days 02:06:05.306000
2024-05-19 14:13:45.491,OnTrack,3105,-1003,795,pos,0 days 01:10:28.897000,0 days 02:06:05.505000
2024-05-19 14:13:45.652,OnTrack,3085,-947,794,pos,0 days 01:10:29.058000,0 days 02:06:05.666000
2024-05-19 14:13:45.771,OnTrack,3069,-905,793,pos,0 days 01:10:29.177000,0 days 02:06:05.785000
2024-05-19 14:13:45.932,OnTrack,3045,-846,793,pos,0 days 01:10:29.338000,0 days 02:06:05.946000
2024-05-19 14:13:46.151,OnTrack,3007,-763,792,pos,0 days 01:10:29.557000,0 days 02:06:06.165000
2024-05-19 14:13:46.411,OnTrack,2918,-607,790,pos,0 days 01:10:29.817000,0 days 02:06:06.425000
2024-05-19 14:13:46.911,OnTrack,2819,-491,789,pos,0 days 01:10:30.317000,0 days 02:06:06.925000
2024-05-19 14:13:47.072,OnTrack,2734,-430,788,pos,0 days 01:10:30.478000,0 days 02:06:07.086000
2024-05-19 14:13:47.471,OnTrack,2624,-385,787,pos,0 days 01:10:30.877000,0 days 02:06:07.485000
2024-05-19 14:13:47.712,OnTrack,2496,-362,786,pos,0 days 01:10:31.118000,0 days 02:06:07.726000
2024-05-19 14:13:47.992,OnTrack,2428,-359,786,pos,0 days 01:10:31.398000,0 days 02:06:08.006000
2024-05-19 14:13:48.192,OnTrack,2351,-362,786,pos,0 days 01:10:31.598000,0 days 02:06:08.206000
2024-05-19 14:13:48.452,OnTrack,2249,-378,784,pos,0 days 01:10:31.858000,0 days 02:06:08.466000
2024-05-19 14:13:48.611,OnTrack,2186,-396,784,pos,0 days 01:10:32.017000,0 days 02:06:08.625000
2024-05-19 14:13:48.832,OnTrack,2098,-428,783,pos,0 days 01:10:32.238000,0 days 02:06:08.846000
2024-05-19 14:13:49.112,OnTrack,1982,-480,781,pos,0 days 01:10:32.518000,0 days 02:06:09.126000
2024-05-19 14:13:49.332,OnTrack,1887,-525,781,pos,0 days 01:10:32.738000,0 days 02:06:09.346000
2024-05-19 14:13:49.492,OnTrack,1814,-559,780,pos,0 days 01:10:32.898000,0 days 02:06:09.506000
2024-05-19 14:13:49.732,OnTrack,1631,-642,778,pos,0 days 01:10:33.138000,0 days 02:06:09.746000
2024-05-19 14:13:50.052,OnTrack,1540,-683,778,pos,0 days 01:10:33.458000,0 days 02:06:10.066000
2024-05-19 14:13:50.352,OnTrack,1383,-754,778,pos,0 days 01:10:33.758000,0 days 02:06:10.366000
2024-05-19 14:13:50.553,OnTrack,1274,-804,778,pos,0 days 01:10:33.959000,0 days 02:06:10.567000
2024-05-19 14:13:50.833,OnTrack,1116,-875,778,pos,0 days 01:10:34.239000,0 days 02:06:10.847000
2024-05-19 14:13:50.952,OnTrack,989,-933,778,pos,0 days 01:10:34.358000,0 days 02:06:10.966000
2024-05-19 14:13:51.332,OnTrack,822,-1006,779,pos,0 days 01:10:34.738000,0 days 02:06:11.346000
2024-05-19 14:13:51.633,OnTrack,642,-1082,779,pos,0 days 01:10:35.039000,0 days 02:06:11.647000
2024-05-19 14:13:51.812,OnTrack,538,-1125,780,pos,0 days 01:10:35.218000,0 days 02:06:11.826000
2024-05-19 14:13:51.953,OnTrack,448,-1163,780,pos,0 days 01:10:35.359000,0 days 02:06:11.967000
2024-05-19 14:13:52.232,OnTrack,240,-1250,781,pos,0 days 01:10:35.638000,0 days 02:06:12.246000
2024-05-19 14:13:52.571,OnTrack,42,-1334,781,pos,0 days 01:10:35.977000,0 days 02:06:12.585000
2024-05-19 14:13:52.812,OnTrack,-119,-1399,781,pos,0 days 01:10:36.218000,0 days 02:06:12.826000
2024-05-19 14:13:52.992,OnTrack,-243,-1445,782,pos,0 days 01:10:36.398000,0 days 02:06:13.006000
2024-05-19 14:13:53.151,OnTrack,-356,-1481,782,pos,0 days 01:10:36.557000,0 days 02:06:13.165000
2024-05-19 14:13:53.411,OnTrack,-545,-1531,783,pos,0 days 01:10:36.817000,0 days 02:06:13.425000
2024-05-19 14:13:53.592,OnTrack,-679,-1557,783,pos,0 days 01:10:36.998000,0 days 02:06:13.606000
2024-05-19 14:13:53.912,OnTrack,-949,-1583,784,pos,0 days 01:10:37.318000,0 days 02:06:13.926000
2024-05-19 14:13:54.112,OnTrack,-1152,-1591,784,pos,0 days 01:10:37.518000,0 days 02:06:14.126000
2024-05-19 14:13:54.352,OnTrack,-1290,-1594,785,pos,0 days 01:10:37.758000,0 days 02:06:14.366000
2024-05-19 14:13:54.692,OnTrack,-1559,-1609,786,pos,0 days 01:10:38.098000,0 days 02:06:14.706000
2024-05-19 14:13:54.792,OnTrack,-1639,-1613,786,pos,0 days 01:10:38.198000,0 days 02:06:14.806000
2024-05-19 14:13:55.131,OnTrack,-2025,-1635,788,pos,0 days 01:10:38.537000,0 days 02:06:15.145000
2024-05-19 14:13:55.391,OnTrack,-2122,-1640,788,pos,0 days 01:10:38.797000,0 days 02:06:15.405000
2024-05-19 14:13:55.592,OnTrack,-2285,-1649,789,pos,0 days 01:10:38.998000,0 days 02:06:15.606000
2024-05-19 14:13:55.832,OnTrack,-2481,-1661,790,pos,0 days 01:10:39.238000,0 days 02:06:15.846000
2024-05-19 14:13:56.192,OnTrack,-2827,-1674,791,pos,0 days 01:10:39.598000,0 days 02:06:16.206000
2024-05-19 14:13:56.632,OnTrack,-3145,-1684,793,pos,0 days 01:10:40.038000,0 days 02:06:16.646000
2024-05-19 14:13:56.813,OnTrack,-3379,-1693,794,pos,0 days 01:10:40.219000,0 days 02:06:16.827000
2024-05-19 14:13:57.112,OnTrack,-3547,-1696,794,pos,0 days 01:10:40.518000,0 days 02:06:17.126000
2024-05-19 14:13:57.312,OnTrack,-3716,-1691,795,pos,0 days 01:10:40.718000,0 days 02:06:17.326000
2024-05-19 14:13:57.633,OnTrack,-3985,-1663,797,pos,0 days 01:10:41.039000,0 days 02:06:17.647000
2024-05-19 14:13:57.792,OnTrack,-4121,-1640,797,pos,0 days 01:10:41.198000,0 days 02:06:17.806000
2024-05-19 14:13:58.032,OnTrack,-4324,-1598,798,pos,0 days 01:10:41.438000,0 days 02:06:18.046000
2024-05-19 14:13:58.193,OnTrack,-4458,-1568,799,pos,0 days 01:10:41.599000,0 days 02:06:18.207000
2024-05-19 14:13:58.372,OnTrack,-4609,-1532,800,pos,0 days 01:10:41.778000,0 days 02:06:18.386000
2024-05-19 14:13:58.552,OnTrack,-4760,-1495,801,pos,0 days 01:10:41.958000,0 days 02:06:18.566000
2024-05-19 14:13:58.792,OnTrack,-4961,-1445,803,pos,0 days 01:10:42.198000,0 days 02:06:18.806000
2024-05-19 14:13:59.111,OnTrack,-5230,-1379,805,pos,0 days 01:10:42.517000,0 days 02:06:19.125000
2024-05-19 14:13:59.272,OnTrack,-5365,-1348,806,pos,0 days 01:10:42.678000,0 days 02:06:19.286000
2024-05-19 14:13:59.512,OnTrack,-5636,-1293,808,pos,0 days 01:10:42.918000,0 days 02:06:19.526000
2024-05-19 14:13:59.872,OnTrack,-5876,-1259,810,pos,0 days 01:10:43.278000,0 days 02:06:19.886000
2024-05-19 14:14:00.072,OnTrack,-6049,-1243,812,pos,0 days 01:10:43.478000,0 days 02:06:20.086000
2024-05-19 14:14:00.231,OnTrack,-6189,-1236,813,pos,0 days 01:10:43.637000,0 days 02:06:20.245000
2024-05-19 14:14:00.412,OnTrack,-6346,-1231,814,pos,0 days 01:10:43.818000,0 days 02:06:20.426000
2024-05-19 14:14:00.772,OnTrack,-6714,-1230,816,pos,0 days 01:10:44.178000,0 days 02:06:20.786000
2024-05-19 14:14:01.111,OnTrack,-6960,-1235,817,pos,0 days 01:10:44.517000,0 days 02:06:21.125000
2024-05-19 14:14:01.292,OnTrack,-7117,-1240,817,pos,0 days 01:10:44.698000,0 days 02:06:21.306000
2024-05-19 14:14:01.492,OnTrack,-7293,-1250,817,pos,0 days 01:10:44.898000,0 days 02:06:21.506000
2024-05-19 14:14:01.792,OnTrack,-7555,-1273,818,pos,0 days 01:10:45.198000,0 days 02:06:21.806000
2024-05-19 14:14:02.032,OnTrack,-7800,-1299,818,pos,0 days 01:10:45.438000,0 days 02:06:22.046000
2024-05-19 14:14:02.352,OnTrack,-8045,-1328,818,pos,0 days 01:10:45.758000,0 days 02:06:22.366000
2024-05-19 14:14:02.612,OnTrack,-8342,-1368,819,pos,0 days 01:10:46.018000,0 days 02:06:22.626000
2024-05-19 14:14:02.972,OnTrack,-8587,-1401,819,pos,0 days 01:10:46.378000,0 days 02:06:22.986000
2024-05-19 14:14:03.252,OnTrack,-8867,-1440,819,pos,0 days 01:10:46.658000,0 days 02:06:23.266000
2024-05-19 14:14:03.572,OnTrack,-9112,-1479,819,pos,0 days 01:10:46.978000,0 days 02:06:23.586000
2024-05-19 14:14:03.812,OnTrack,-9316,-1523,819,pos,0 days 01:10:47.218000,0 days 02:06:23.826000
2024-05-19 14:14:04.032,OnTrack,-9489,-1572,819,pos,0 days 01:10:47.438000,0 days 02:06:24.046000
2024-05-19 14:14:04.272,OnTrack,-9699,-1638,818,pos,0 days 01:10:47.678000,0 days 02:06:24.286000
2024-05-19 14:14:04.532,OnTrack,-9819,-1676,818,pos,0 days 01:10:47.938000,0 days 02:06:24.546000
2024-05-19 14:14:04.753,OnTrack,-9937,-1713,818,pos,0 days 01:10:48.159000,0 days 02:06:24.767000
2024-05-19 14:14:04.973,OnTrack,-10068,-1754,818,pos,0 days 01:10:48.379000,0 days 02:06:24.987000
2024-05-19 14:14:05.152,OnTrack,-10172,-1788,818,pos,0 days 01:10:48.558000,0 days 02:06:25.166000
2024-05-19 14:14:05.451,OnTrack,-10279,-1848,818,pos,0 days 01:10:48.857000,0 days 02:06:25.465000
2024-05-19 14:14:05.691,OnTrack,-10361,-1956,818,pos,0 days 01:10:49.097000,0 days 02:06:25.705000
2024-05-19 14:14:05.951,OnTrack,-10386,-2019,818,pos,0 days 01:10:49.357000,0 days 02:06:25.965000
2024-05-19 14:14:06.332,OnTrack,-10431,-2180,819,pos,0 days 01:10:49.738000,0 days 02:06:26.346000
2024-05-19 14:14:06.531,OnTrack,-10470,-2284,819,pos,0 days 01:10:49.937000,0 days 02:06:26.545000
2024-05-19 14:14:06.831,OnTrack,-10526,-2376,818,pos,0 days 01:10:50.237000,0 days 02:06:26.845000
2024-05-19 14:14:07.091,OnTrack,-10608,-2465,818,pos,0 days 01:10:50.497000,0 days 02:06:27.105000
2024-05-19 14:14:07.292,OnTrack,-10740,-2563,819,pos,0 days 01:10:50.698000,0 days 02:06:27.306000
2024-05-19 14:14:07.752,OnTrack,-10877,-2646,820,pos,0 days 01:10:51.158000,0 days 02:06:27.766000
2024-05-19 14:14:07.972,OnTrack,-11030,-2735,821,pos,0 days 01:10:51.378000,0 days 02:06:27.986000
2024-05-19 14:14:08.312,OnTrack,-11133,-2794,822,pos,0 days 01:10:51.718000,0 days 02:06:28.326000
2024-05-19 14:14:08.592,OnTrack,-11329,-2911,824,pos,0 days 01:10:51.998000,0 days 02:06:28.606000
2024-05-19 14:14:08.912,OnTrack,-11429,-2977,824,pos,0 days 01:10:52.318000,0 days 02:06:28.926000
2024-05-19 14:14:09.112,OnTrack,-11524,-3051,825,pos,0 days 01:10:52.518000,0 days 02:06:29.126000
2024-05-19 14:14:09.352,OnTrack,-11626,-3157,825,pos,0 days 01:10:52.758000,0 days 02:06:29.366000
2024-05-19 14:14:09.572,OnTrack,-11705,-3271,825,pos,0 days 01:10:52.978000,0 days 02:06:29.586000
2024-05-19 14:14:09.752,OnTrack,-11760,-3378,826,pos,0 days 01:10:53.158000,0 days 02:06:29.766000
2024-05-19 14:14:09.992,OnTrack,-11823,-3526,827,pos,0 days 01:10:53.398000,0 days 02:06:30.006000
2024-05-19 14:14:10.212,OnTrack,-11875,-3664,827,pos,0 days 01:10:53.618000,0 days 02:06:30.226000
2024-05-19 14:14:10.413,OnTrack,-11946,-3855,828,pos,0 days 01:10:53.819000,0 days 02:06:30.427000
2024-05-19 14:14:10.732,OnTrack,-12000,-3997,828,pos,0 days 01:10:54.138000,0 days 02:06:30.746000
2024-05-19 14:14:10.892,OnTrack,-12039,-4103,829,pos,0 days 01:10:54.298000,0 days 02:06:30.906000
2024-05-19 14:14:11.172,OnTrack,-12140,-4371,830,pos,0 days 01:10:54.578000,0 days 02:06:31.186000
2024-05-19 14:14:11.592,OnTrack,-12217,-4575,830,pos,0 days 01:10:54.998000,0 days 02:06:31.606000
2024-05-19 14:14:11.832,OnTrack,-12310,-4826,831,pos,0 days 01:10:55.238000,0 days 02:06:31.846000
2024-05-19 14:14:12.151,OnTrack,-12364,-4967,831,pos,0 days 01:10:55.557000,0 days 02:06:32.165000
2024-05-19 14:14:12.312,OnTrack,-12406,-5080,832,pos,0 days 01:10:55.718000,0 days 02:06:32.326000
2024-05-19 14:14:12.672,OnTrack,-12503,-5338,832,pos,0 days 01:10:56.078000,0 days 02:06:32.686000
2024-05-19 14:14:12.872,OnTrack,-12584,-5553,833,pos,0 days 01:10:56.278000,0 days 02:06:32.886000
2024-05-19 14:14:13.192,OnTrack,-12644,-5712,833,pos,0 days 01:10:56.598000,0 days 02:06:33.206000
2024-05-19 14:14:13.371,OnTrack,-12692,-5843,833,pos,0 days 01:10:56.777000,0 days 02:06:33.385000
2024-05-19 14:14:13.712,OnTrack,-12787,-6091,834,pos,0 days 01:10:57.118000,0 days 02:06:33.726000
2024-05-19 14:14:13.891,OnTrack,-12838,-6221,835,pos,0 days 01:10:57.297000,0 days 02:06:33.905000
2024-05-19 14:14:14.052,OnTrack,-12886,-6336,835,pos,0 days 01:10:57.458000,0 days 02:06:34.066000
2024-05-19 14:14:14.232,OnTrack,-12940,-6465,835,pos,0 days 01:10:57.638000,0 days 02:06:34.246000
2024-05-19 14:14:14.532,OnTrack,-13061,-6752,836,pos,0 days 01:10:57.938000,0 days 02:06:34.546000
2024-05-19 14:14:14.832,OnTrack,-13114,-6893,837,pos,0 days 01:10:58.238000,0 days 02:06:34.846000
2024-05-19 14:14:15.132,OnTrack,-13159,-7090,837,pos,0 days 01:10:58.538000,0 days 02:06:35.146000
2024-05-19 14:14:15.271,OnTrack,-13163,-7181,838,pos,0 days 01:10:58.677000,0 days 02:06:35.285000
2024-05-19 14:14:15.592,OnTrack,-13143,-7386,839,pos,0 days 01:10:58.998000,0 days 02:06:35.606000
2024-05-19 14:14:15.792,OnTrack,-13104,-7567,840,pos,0 days 01:10:59.198000,0 days 02:06:35.806000
2024-05-19 14:14:16.132,OnTrack,-13071,-7704,842,pos,0 days 01:10:59.538000,0 days 02:06:36.146000
2024-05-19 14:14:16.272,OnTrack,-13054,-7776,842,pos,0 days 01:10:59.678000,0 days 02:06:36.286000
2024-05-19 14:14:16.632,OnTrack,-13025,-7948,843,pos,0 days 01:11:00.038000,0 days 02:06:36.646000
2024-05-19 14:14:16.812,OnTrack,-13025,-8026,844,pos,0 days 01:11:00.218000,0 days 02:06:36.826000
2024-05-19 14:14:17.012,OnTrack,-13043,-8108,844,pos,0 days 01:11:00.418000,0 days 02:06:37.026000
2024-05-19 14:14:17.172,OnTrack,-13072,-8169,845,pos,0 days 01:11:00.578000,0 days 02:06:37.186000
2024-05-19 14:14:17.452,OnTrack,-13153,-8266,846,pos,0 days 01:11:00.858000,0 days 02:06:37.466000
2024-05-19 14:14:17.632,OnTrack,-13217,-8323,847,pos,0 days 01:11:01.038000,0 days 02:06:37.646000
2024-05-19 14:14:17.813,OnTrack,-13281,-8379,848,pos,0 days 01:11:01.219000,0 days 02:06:37.827000
2024-05-19 14:14:18.073,OnTrack,-13419,-8497,850,pos,0 days 01:11:01.479000,0 days 02:06:38.087000
2024-05-19 14:14:18.333,OnTrack,-13472,-8542,850,pos,0 days 01:11:01.739000,0 days 02:06:38.347000
2024-05-19 14:14:18.632,OnTrack,-13648,-8691,853,pos,0 days 01:11:02.038000,0 days 02:06:38.646000
2024-05-19 14:14:19.011,OnTrack,-13748,-8776,854,pos,0 days 01:11:02.417000,0 days 02:06:39.025000
2024-05-19 14:14:19.331,OnTrack,-13866,-8874,856,pos,0 days 01:11:02.737000,0 days 02:06:39.345000
2024-05-19 14:14:19.392,OnTrack,-13893,-8897,857,pos,0 days 01:11:02.798000,0 days 02:06:39.406000
2024-05-19 14:14:19.692,OnTrack,-14027,-9015,860,pos,0 days 01:11:03.098000,0 days 02:06:39.706000
2024-05-19 14:14:19.871,OnTrack,-14167,-9151,865,pos,0 days 01:11:03.277000,0 days 02:06:39.885000
2024-05-19 14:14:20.312,OnTrack,-14299,-9282,871,pos,0 days 01:11:03.718000,0 days 02:06:40.326000
2024-05-19 14:14:20.472,OnTrack,-14370,-9353,874,pos,0 days 01:11:03.878000,0 days 02:06:40.486000
2024-05-19 14:14:20.752,OnTrack,-14496,-9475,880,pos,0 days 01:11:04.158000,0 days 02:06:40.766000
2024-05-19 14:14:20.912,OnTrack,-14567,-9540,883,pos,0 days 01:11:04.318000,0 days 02:06:40.926000
2024-05-19 14:14:21.072,OnTrack,-14631,-9600,886,pos,0 days 01:11:04.478000,0 days 02:06:41.086000
2024-05-19 14:14:21.372,OnTrack,-14734,-9703,891,pos,0 days 01:11:04.778000,0 days 02:06:41.386000
2024-05-19 14:14:21.551,OnTrack,-14786,-9761,893,pos,0 days 01:11:04.957000,0 days 02:06:41.565000
2024-05-19 14:14:21.752,OnTrack,-14834,-9825,897,pos,0 days 01:11:05.158000,0 days 02:06:41.766000
2024-05-19 14:14:21.972,OnTrack,-14883,-9912,899,pos,0 days 01:11:05.378000,0 days 02:06:41.986000
2024-05-19 14:14:22.392,OnTrack,-14914,-10024,903,pos,0 days 01:11:05.798000,0 days 02:06:42.406000
2024-05-19 14:14:22.492,OnTrack,-14915,-10054,904,pos,0 days 01:11:05.898000,0 days 02:06:42.506000
2024-05-19 14:14:22.772,OnTrack,-14906,-10136,908,pos,0 days 01:11:06.178000,0 days 02:06:42.786000
2024-05-19 14:14:22.992,OnTrack,-14883,-10194,910,pos,0 days 01:11:06.398000,0 days 02:06:43.006000
2024-05-19 14:14:23.232,OnTrack,-14824,-10272,916,pos,0 days 01:11:06.638000,0 days 02:06:43.246000
2024-05-19 14:14:23.452,OnTrack,-14804,-10290,918,pos,0 days 01:11:06.858000,0 days 02:06:43.466000
2024-05-19 14:14:23.792,OnTrack,-14701,-10354,923,pos,0 days 01:11:07.198000,0 days 02:06:43.806000
2024-05-19 14:14:24.192,OnTrack,-14638,-10376,926,pos,0 days 01:11:07.598000,0 days 02:06:44.206000
2024-05-19 14:14:24.353,OnTrack,-14598,-10384,929,pos,0 days 01:11:07.759000,0 days 02:06:44.367000
2024-05-19 14:14:24.633,OnTrack,-14483,-10395,935,pos,0 days 01:11:08.039000,0 days 02:06:44.647000
2024-05-19 14:14:25.071,OnTrack,-14369,-10391,940,pos,0 days 01:11:08.477000,0 days 02:06:45.085000
2024-05-19 14:14:25.452,OnTrack,-14302,-10383,944,pos,0 days 01:11:08.858000,0 days 02:06:45.466000
2024-05-19 14:14:25.652,OnTrack,-14230,-10373,947,pos,0 days 01:11:09.058000,0 days 02:06:45.666000
2024-05-19 14:14:25.831,OnTrack,-14121,-10355,951,pos,0 days 01:11:09.237000,0 days 02:06:45.845000
2024-05-19 14:14:26.111,OnTrack,-14045,-10341,955,pos,0 days 01:11:09.517000,0 days 02:06:46.125000
2024-05-19 14:14:26.472,OnTrack,-13883,-10308,963,pos,0 days 01:11:09.878000,0 days 02:06:46.486000
2024-05-19 14:14:26.671,OnTrack,-13786,-10288,967,pos,0 days 01:11:10.077000,0 days 02:06:46.685000
2024-05-19 14:14:26.931,OnTrack,-13623,-10254,973,pos,0 days 01:11:10.337000,0 days 02:06:46.945000
2024-05-19 14:14:27.271,OnTrack,-13472,-10226,980,pos,0 days 01:11:10.677000,0 days 02:06:47.285000
2024-05-19 14:14:27.432,OnTrack,-13382,-10211,983,pos,0 days 01:11:10.838000,0 days 02:06:47.446000
2024-05-19 14:14:27.632,OnTrack,-13267,-10190,987,pos,0 days 01:11:11.038000,0 days 02:06:47.646000
2024-05-19 14:14:27.952,OnTrack,-13052,-10152,995,pos,0 days 01:11:11.358000,0 days 02:06:47.966000
2024-05-19 14:14:28.351,OnTrack,-12751,-10105,1005,pos,0 days 01:11:11.757000,0 days 02:06:48.365000
2024-05-19 14:14:28.792,OnTrack,-12475,-10064,1014,pos,0 days 01:11:12.198000,0 days 02:06:48.806000
2024-05-19 14:14:29.192,OnTrack,-12271,-10036,1023,pos,0 days 01:11:12.598000,0 days 02:06:49.206000
2024-05-19 14:14:29.392,OnTrack,-12034,-10003,1037,pos,0 days 01:11:12.798000,0 days 02:06:49.406000
2024-05-19 14:14:29.692,OnTrack,-11922,-9988,1044,pos,0 days 01:11:13.098000,0 days 02:06:49.706000
2024-05-19 14:14:29.892,OnTrack,-11756,-9968,1055,pos,0 days 01:11:13.298000,0 days 02:06:49.906000
2024-05-19 14:14:30.072,OnTrack,-11627,-9954,1063,pos,0 days 01:11:13.478000,0 days 02:06:50.086000
2024-05-19 14:14:30.352,OnTrack,-11426,-9935,1077,pos,0 days 01:11:13.758000,0 days 02:06:50.366000
2024-05-19 14:14:30.652,OnTrack,-11150,-9920,1093,pos,0 days 01:11:14.058000,0 days 02:06:50.666000
2024-05-19 14:14:30.992,OnTrack,-10958,-9918,1104,pos,0 days 01:11:14.398000,0 days 02:06:51.006000
2024-05-19 14:14:31.212,OnTrack,-10796,-9921,1113,pos,0 days 01:11:14.618000,0 days 02:06:51.226000
2024-05-19 14:14:31.472,OnTrack,-10604,-9931,1120,pos,0 days 01:11:14.878000,0 days 02:06:51.486000
2024-05-19 14:14:31.692,OnTrack,-10336,-9956,1122,pos,0 days 01:11:15.098000,0 days 02:06:51.706000
2024-05-19 14:14:31.972,OnTrack,-10232,-9968,1122,pos,0 days 01:11:15.378000,0 days 02:06:51.986000
2024-05-19 14:14:32.212,OnTrack,-9964,-9999,1120,pos,0 days 01:11:15.618000,0 days 02:06:52.226000
2024-05-19 14:14:32.711,OnTrack,-9621,-10038,1117,pos,0 days 01:11:16.117000,0 days 02:06:52.725000
2024-05-19 14:14:33.012,OnTrack,-9460,-10055,1116,pos,0 days 01:11:16.418000,0 days 02:06:53.026000
2024-05-19 14:14:33.171,OnTrack,-9349,-10065,1115,pos,0 days 01:11:16.577000,0 days 02:06:53.185000
2024-05-19 14:14:33.332,OnTrack,-9244,-10070,1114,pos,0 days 01:11:16.738000,0 days 02:06:53.346000
2024-05-19 14:14:33.692,OnTrack,-9029,-10055,1114,pos,0 days 01:11:17.098000,0 days 02:06:53.706000
2024-05-19 14:14:33.812,OnTrack,-8964,-10039,1114,pos,0 days 01:11:17.218000,0 days 02:06:53.826000
2024-05-19 14:14:34.031,OnTrack,-8783,-9949,1112,pos,0 days 01:11:17.437000,0 days 02:06:54.045000
2024-05-19 14:14:34.452,OnTrack,-8670,-9844,1108,pos,0 days 01:11:17.858000,0 days 02:06:54.466000
2024-05-19 14:14:34.611,OnTrack,-8616,-9771,1106,pos,0 days 01:11:18.017000,0 days 02:06:54.625000
2024-05-19 14:14:34.772,OnTrack,-8568,-9690,1103,pos,0 days 01:11:18.178000,0 days 02:06:54.786000
2024-05-19 14:14:34.972,OnTrack,-8513,-9585,1100,pos,0 days 01:11:18.378000,0 days 02:06:54.986000
2024-05-19 14:14:35.192,OnTrack,-8455,-9468,1096,pos,0 days 01:11:18.598000,0 days 02:06:55.206000
2024-05-19 14:14:35.392,OnTrack,-8403,-9359,1092,pos,0 days 01:11:18.798000,0 days 02:06:55.406000
2024-05-19 14:14:35.692,OnTrack,-8333,-9186,1087,pos,0 days 01:11:19.098000,0 days 02:06:55.706000
2024-05-19 14:14:35.972,OnTrack,-8277,-8989,1080,pos,0 days 01:11:19.378000,0 days 02:06:55.986000
2024-05-19 14:14:36.273,OnTrack,-8249,-8820,1072,pos,0 days 01:11:19.679000,0 days 02:06:56.287000
2024-05-19 14:14:36.512,OnTrack,-8238,-8659,1064,pos,0 days 01:11:19.918000,0 days 02:06:56.526000
2024-05-19 14:14:36.632,OnTrack,-8237,-8577,1059,pos,0 days 01:11:20.038000,0 days 02:06:56.646000
2024-05-19 14:14:36.892,OnTrack,-8247,-8399,1047,pos,0 days 01:11:20.298000,0 days 02:06:56.906000
2024-05-19 14:14:37.093,OnTrack,-8258,-8290,1038,pos,0 days 01:11:20.499000,0 days 02:06:57.107000
2024-05-19 14:14:37.353,OnTrack,-8283,-8109,1020,pos,0 days 01:11:20.759000,0 days 02:06:57.367000
2024-05-19 14:14:37.592,OnTrack,-8313,-7941,1005,pos,0 days 01:11:20.998000,0 days 02:06:57.606000
2024-05-19 14:14:37.772,OnTrack,-8358,-7730,988,pos,0 days 01:11:21.178000,0 days 02:06:57.786000
2024-05-19 14:14:38.192,OnTrack,-8430,-7416,967,pos,0 days 01:11:21.598000,0 days 02:06:58.206000
2024-05-19 14:14:38.671,OnTrack,-8487,-7170,953,pos,0 days 01:11:22.077000,0 days 02:06:58.685000
2024-05-19 14:14:38.732,OnTrack,-8496,-7127,950,pos,0 days 01:11:22.138000,0 days 02:06:58.746000
2024-05-19 14:14:39.072,OnTrack,-8573,-6791,933,pos,0 days 01:11:22.478000,0 days 02:06:59.086000
2024-05-19 14:14:39.372,OnTrack,-8602,-6659,927,pos,0 days 01:11:22.778000,0 days 02:06:59.386000
2024-05-19 14:14:39.572,OnTrack,-8632,-6513,919,pos,0 days 01:11:22.978000,0 days 02:06:59.586000
2024-05-19 14:14:39.812,OnTrack,-8653,-6352,911,pos,0 days 01:11:23.218000,0 days 02:06:59.826000
2024-05-19 14:14:40.011,OnTrack,-8648,-6214,904,pos,0 days 01:11:23.417000,0 days 02:07:00.025000
2024-05-19 14:14:40.212,OnTrack,-8616,-6075,900,pos,0 days 01:11:23.618000,0 days 02:07:00.226000
2024-05-19 14:14:40.472,OnTrack,-8544,-5903,898,pos,0 days 01:11:23.878000,0 days 02:07:00.486000
2024-05-19 14:14:40.591,OnTrack,-8507,-5831,897,pos,0 days 01:11:23.997000,0 days 02:07:00.605000
2024-05-19 14:14:40.772,OnTrack,-8454,-5735,896,pos,0 days 01:11:24.178000,0 days 02:07:00.786000
2024-05-19 14:14:41.092,OnTrack,-8365,-5586,898,pos,0 days 01:11:24.498000,0 days 02:07:01.106000
2024-05-19 14:14:41.272,OnTrack,-8318,-5518,899,pos,0 days 01:11:24.678000,0 days 02:07:01.286000
2024-05-19 14:14:41.432,OnTrack,-8275,-5464,901,pos,0 days 01:11:24.838000,0 days 02:07:01.446000
2024-05-19 14:14:41.572,OnTrack,-8237,-5424,902,pos,0 days 01:11:24.978000,0 days 02:07:01.586000
2024-05-19 14:14:41.812,OnTrack,-8168,-5370,904,pos,0 days 01:11:25.218000,0 days 02:07:01.826000
2024-05-19 14:14:42.172,OnTrack,-8033,-5326,910,pos,0 days 01:11:25.578000,0 days 02:07:02.186000
2024-05-19 14:14:42.572,OnTrack,-7895,-5340,921,pos,0 days 01:11:25.978000,0 days 02:07:02.586000
2024-05-19 14:14:42.832,OnTrack,-7827,-5356,927,pos,0 days 01:11:26.238000,0 days 02:07:02.846000
2024-05-19 14:14:43.093,OnTrack,-7738,-5381,936,pos,0 days 01:11:26.499000,0 days 02:07:03.107000
2024-05-19 14:14:43.373,OnTrack,-7638,-5405,945,pos,0 days 01:11:26.779000,0 days 02:07:03.387000
2024-05-19 14:14:43.633,OnTrack,-7497,-5428,958,pos,0 days 01:11:27.039000,0 days 02:07:03.647000
2024-05-19 14:14:43.992,OnTrack,-7385,-5438,968,pos,0 days 01:11:27.398000,0 days 02:07:04.006000
2024-05-19 14:14:44.153,OnTrack,-7313,-5442,974,pos,0 days 01:11:27.559000,0 days 02:07:04.167000
2024-05-19 14:14:44.453,OnTrack,-7169,-5443,985,pos,0 days 01:11:27.859000,0 days 02:07:04.467000
2024-05-19 14:14:44.632,OnTrack,-7078,-5443,993,pos,0 days 01:11:28.038000,0 days 02:07:04.646000
2024-05-19 14:14:44.811,OnTrack,-6984,-5442,999,pos,0 days 01:11:28.217000,0 days 02:07:04.825000
2024-05-19 14:14:45.012,OnTrack,-6876,-5441,1006,pos,0 days 01:11:28.418000,0 days 02:07:05.026000
2024-05-19 14:14:45.191,OnTrack,-6708,-5439,1015,pos,0 days 01:11:28.597000,0 days 02:07:05.205000
2024-05-19 14:14:45.632,OnTrack,-6520,-5438,1024,pos,0 days 01:11:29.038000,0 days 02:07:05.646000
2024-05-19 14:14:45.852,OnTrack,-6386,-5437,1028,pos,0 days 01:11:29.258000,0 days 02:07:05.866000
2024-05-19 14:14:46.092,OnTrack,-6211,-5435,1034,pos,0 days 01:11:29.498000,0 days 02:07:06.106000
2024-05-19 14:14:46.372,OnTrack,-6057,-5434,1038,pos,0 days 01:11:29.778000,0 days 02:07:06.386000
2024-05-19 14:14:46.571,OnTrack,-5927,-5433,1041,pos,0 days 01:11:29.977000,0 days 02:07:06.585000
2024-05-19 14:14:46.831,OnTrack,-5754,-5431,1046,pos,0 days 01:11:30.237000,0 days 02:07:06.845000
2024-05-19 14:14:46.952,OnTrack,-5673,-5431,1049,pos,0 days 01:11:30.358000,0 days 02:07:06.966000
2024-05-19 14:14:47.252,OnTrack,-5468,-5429,1054,pos,0 days 01:11:30.658000,0 days 02:07:07.266000
2024-05-19 14:14:47.532,OnTrack,-5220,-5423,1062,pos,0 days 01:11:30.938000,0 days 02:07:07.546000
2024-05-19 14:14:47.852,OnTrack,-5050,-5412,1067,pos,0 days 01:11:31.258000,0 days 02:07:07.866000
2024-05-19 14:14:48.012,OnTrack,-4934,-5402,1071,pos,0 days 01:11:31.418000,0 days 02:07:08.026000
2024-05-19 14:14:48.272,OnTrack,-4750,-5385,1075,pos,0 days 01:11:31.678000,0 days 02:07:08.286000
2024-05-19 14:14:48.532,OnTrack,-4566,-5369,1079,pos,0 days 01:11:31.938000,0 days 02:07:08.546000
2024-05-19 14:14:48.812,OnTrack,-4368,-5352,1082,pos,0 days 01:11:32.218000,0 days 02:07:08.826000
2024-05-19 14:14:48.852,OnTrack,-4339,-5350,1082,pos,0 days 01:11:32.258000,0 days 02:07:08.866000
2024-05-19 14:14:49.192,OnTrack,-4097,-5330,1084,pos,0 days 01:11:32.598000,0 days 02:07:09.206000
2024-05-19 14:14:49.412,OnTrack,-3855,-5310,1086,pos,0 days 01:11:32.818000,0 days 02:07:09.426000
2024-05-19 14:14:49.812,OnTrack,-3681,-5296,1087,pos,0 days 01:11:33.218000,0 days 02:07:09.826000
2024-05-19 14:14:49.952,OnTrack,-3603,-5290,1087,pos,0 days 01:11:33.358000,0 days 02:07:09.966000
2024-05-19 14:14:50.132,OnTrack,-3510,-5283,1087,pos,0 days 01:11:33.538000,0 days 02:07:10.146000
2024-05-19 14:14:50.392,OnTrack,-3332,-5273,1090,pos,0 days 01:11:33.798000,0 days 02:07:10.406000
2024-05-19 14:14:50.832,OnTrack,-3224,-5279,1092,pos,0 days 01:11:34.238000,0 days 02:07:10.846000
2024-05-19 14:14:50.932,OnTrack,-3198,-5287,1092,pos,0 days 01:11:34.338000,0 days 02:07:10.946000
2024-05-19 14:14:51.172,OnTrack,-3128,-5328,1094,pos,0 days 01:11:34.578000,0 days 02:07:11.186000
2024-05-19 14:14:51.351,OnTrack,-3081,-5372,1096,pos,0 days 01:11:34.757000,0 days 02:07:11.365000
2024-05-19 14:14:51.572,OnTrack,-3030,-5429,1096,pos,0 days 01:11:34.978000,0 days 02:07:11.586000
2024-05-19 14:14:51.832,OnTrack,-2948,-5506,1096,pos,0 days 01:11:35.238000,0 days 02:07:11.846000
2024-05-19 14:14:52.231,OnTrack,-2872,-5548,1096,pos,0 days 01:11:35.637000,0 days 02:07:12.245000
2024-05-19 14:14:52.352,OnTrack,-2840,-5557,1095,pos,0 days 01:11:35.758000,0 days 02:07:12.366000
2024-05-19 14:14:52.571,OnTrack,-2781,-5563,1094,pos,0 days 01:11:35.977000,0 days 02:07:12.585000
2024-05-19 14:14:52.912,OnTrack,-2660,-5539,1092,pos,0 days 01:11:36.318000,0 days 02:07:12.926000
2024-05-19 14:14:53.152,OnTrack,-2622,-5528,1091,pos,0 days 01:11:36.558000,0 days 02:07:13.166000
2024-05-19 14:14:53.432,OnTrack,-2514,-5489,1088,pos,0 days 01:11:36.838000,0 days 02:07:13.446000
2024-05-19 14:14:53.911,OnTrack,-2390,-5436,1085,pos,0 days 01:11:37.317000,0 days 02:07:13.925000
2024-05-19 14:14:54.232,OnTrack,-2304,-5395,1084,pos,0 days 01:11:37.638000,0 days 02:07:14.246000
2024-05-19 14:14:54.512,OnTrack,-2173,-5327,1080,pos,0 days 01:11:37.918000,0 days 02:07:14.526000
2024-05-19 14:14:54.832,OnTrack,-2079,-5278,1078,pos,0 days 01:11:38.238000,0 days 02:07:14.846000
2024-05-19 14:14:55.031,OnTrack,-1995,-5233,1076,pos,0 days 01:11:38.437000,0 days 02:07:15.045000
2024-05-19 14:14:55.372,OnTrack,-1841,-5152,1073,pos,0 days 01:11:38.778000,0 days 02:07:15.386000
2024-05-19 14:14:55.532,OnTrack,-1726,-5092,1071,pos,0 days 01:11:38.938000,0 days 02:07:15.546000
2024-05-19 14:14:55.972,OnTrack,-1532,-4997,1067,pos,0 days 01:11:39.378000,0 days 02:07:15.986000
2024-05-19 14:14:56.172,OnTrack,-1359,-4918,1064,pos,0 days 01:11:39.578000,0 days 02:07:16.186000
2024-05-19 14:14:56.532,OnTrack,-1223,-4856,1062,pos,0 days 01:11:39.938000,0 days 02:07:16.546000
2024-05-19 14:14:56.752,OnTrack,-1098,-4794,1059,pos,0 days 01:11:40.158000,0 days 02:07:16.766000
2024-05-19 14:14:56.973,OnTrack,-972,-4725,1057,pos,0 days 01:11:40.379000,0 days 02:07:16.987000
2024-05-19 14:14:57.233,OnTrack,-790,-4612,1052,pos,0 days 01:11:40.639000,0 days 02:07:17.247000
2024-05-19 14:14:57.513,OnTrack,-665,-4527,1048,pos,0 days 01:11:40.919000,0 days 02:07:17.527000
2024-05-19 14:14:57.872,OnTrack,-437,-4363,1041,pos,0 days 01:11:41.278000,0 days 02:07:17.886000
2024-05-19 14:14:58.211,OnTrack,-266,-4231,1036,pos,0 days 01:11:41.617000,0 days 02:07:18.225000
2024-05-19 14:14:58.392,OnTrack,-86,-4082,1031,pos,0 days 01:11:41.798000,0 days 02:07:18.406000
2024-05-19 14:14:58.751,OnTrack,34,-3973,1028,pos,0 days 01:11:42.157000,0 days 02:07:18.765000
2024-05-19 14:14:59.031,OnTrack,184,-3825,1024,pos,0 days 01:11:42.437000,0 days 02:07:19.045000
2024-05-19 14:14:59.152,OnTrack,247,-3759,1022,pos,0 days 01:11:42.558000,0 days 02:07:19.166000
2024-05-19 14:14:59.432,OnTrack,454,-3533,1015,pos,0 days 01:11:42.838000,0 days 02:07:19.446000
2024-05-19 14:14:59.932,OnTrack,652,-3312,1004,pos,0 days 01:11:43.338000,0 days 02:07:19.946000
2024-05-19 14:15:00.112,OnTrack,747,-3207,999,pos,0 days 01:11:43.518000,0 days 02:07:20.126000
2024-05-19 14:15:00.171,OnTrack,779,-3172,996,pos,0 days 01:11:43.577000,0 days 02:07:20.185000
2024-05-19 14:15:00.552,OnTrack,1034,-2890,976,pos,0 days 01:11:43.958000,0 days 02:07:20.566000
2024-05-19 14:15:00.812,OnTrack,1120,-2795,970,pos,0 days 01:11:44.218000,0 days 02:07:20.826000
2024-05-19 14:15:01.132,OnTrack,1293,-2606,954,pos,0 days 01:11:44.538000,0 days 02:07:21.146000
2024-05-19 14:15:01.271,OnTrack,1370,-2525,946,pos,0 days 01:11:44.677000,0 days 02:07:21.285000
2024-05-19 14:15:01.432,OnTrack,1463,-2435,939,pos,0 days 01:11:44.838000,0 days 02:07:21.446000
2024-05-19 14:15:01.652,OnTrack,1639,-2292,923,pos,0 days 01:11:45.058000,0 days 02:07:21.666000
2024-05-19 14:15:01.972,OnTrack,1889,-2142,905,pos,0 days 01:11:45.378000,0 days 02:07:21.986000
2024-05-19 14:15:02.172,OnTrack,2045,-2075,892,pos,0 days 01:11:45.578000,0 days 02:07:22.186000
2024-05-19 14:15:02.352,OnTrack,2262,-1988,875,pos,0 days 01:11:45.758000,0 days 02:07:22.366000
2024-05-19 14:15:02.692,OnTrack,2438,-1917,862,pos,0 days 01:11:46.098000,0 days 02:07:22.706000
2024-05-19 14:15:02.933,OnTrack,2594,-1854,850,pos,0 days 01:11:46.339000,0 days 02:07:22.947000
2024-05-19 14:15:03.192,OnTrack,2742,-1794,839,pos,0 days 01:11:46.598000,0 days 02:07:23.206000
2024-05-19 14:15:03.372,OnTrack,2833,-1756,833,pos,0 days 01:11:46.778000,0 days 02:07:23.386000
2024-05-19 14:15:03.572,OnTrack,2981,-1688,823,pos,0 days 01:11:46.978000,0 days 02:07:23.586000
2024-05-19 14:15:03.912,OnTrack,3044,-1649,819,pos,0 days 01:11:47.318000,0 days 02:07:23.926000
2024-05-19 14:15:04.152,OnTrack,3109,-1588,815,pos,0 days 01:11:47.558000,0 days 02:07:24.166000
2024-05-19 14:15:04.313,OnTrack,3142,-1543,812,pos,0 days 01:11:47.719000,0 days 02:07:24.327000
2024-05-19 14:15:04.572,OnTrack,3187,-1413,806,pos,0 days 01:11:47.978000,0 days 02:07:24.586000
2024-05-19 14:15:05.051,OnTrack,3186,-1303,802,pos,0 days 01:11:48.457000,0 days 02:07:25.065000
2024-05-19 14:15:05.212,OnTrack,3170,-1216,799,pos,0 days 01:11:48.618000,0 days 02:07:25.226000
2024-05-19 14:15:05.591,OnTrack,3149,-1137,797,pos,0 days 01:11:48.997000,0 days 02:07:25.605000
2024-05-19 14:15:05.752,OnTrack,3133,-1088,796,pos,0 days 01:11:49.158000,0 days 02:07:25.766000
2024-05-19 14:15:06.032,OnTrack,3104,-1000,795,pos,0 days 01:11:49.438000,0 days 02:07:26.046000
2024-05-19 14:15:06.151,OnTrack,3090,-961,794,pos,0 days 01:11:49.557000,0 days 02:07:26.165000
2024-05-19 14:15:06.391,OnTrack,3059,-878,793,pos,0 days 01:11:49.797000,0 days 02:07:26.405000
2024-05-19 14:15:06.592,OnTrack,3027,-805,793,pos,0 days 01:11:49.998000,0 days 02:07:26.606000
2024-05-19 14:15:06.812,OnTrack,2985,-721,791,pos,0 days 01:11:50.218000,0 days 02:07:26.826000
2024-05-19 14:15:06.991,OnTrack,2946,-651,791,pos,0 days 01:11:50.397000,0 days 02:07:27.005000
2024-05-19 14:15:07.292,OnTrack,2870,-543,789,pos,0 days 01:11:50.698000,0 days 02:07:27.306000
2024-05-19 14:15:07.492,OnTrack,2811,-484,789,pos,0 days 01:11:50.898000,0 days 02:07:27.506000
2024-05-19 14:15:07.712,OnTrack,2739,-433,788,pos,0 days 01:11:51.118000,0 days 02:07:27.726000
2024-05-19 14:15:07.952,OnTrack,2614,-382,787,pos,0 days 01:11:51.358000,0 days 02:07:27.966000
2024-05-19 14:15:08.372,OnTrack,2490,-362,786,pos,0 days 01:11:51.778000,0 days 02:07:28.386000
2024-05-19 14:15:08.412,OnTrack,2475,-361,786,pos,0 days 01:11:51.818000,0 days 02:07:28.426000
2024-05-19 14:15:08.592,OnTrack,2409,-359,786,pos,0 days 01:11:51.998000,0 days 02:07:28.606000
2024-05-19 14:15:08.812,OnTrack,2327,-365,786,pos,0 days 01:11:52.218000,0 days 02:07:28.826000
2024-05-19 14:15:09.112,OnTrack,2213,-388,784,pos,0 days 01:11:52.518000,0 days 02:07:29.126000
2024-05-19 14:15:09.352,OnTrack,2120,-419,783,pos,0 days 01:11:52.758000,0 days 02:07:29.366000
2024-05-19 14:15:09.572,OnTrack,1983,-480,781,pos,0 days 01:11:52.978000,0 days 02:07:29.586000
2024-05-19 14:15:09.912,OnTrack,1889,-524,781,pos,0 days 01:11:53.318000,0 days 02:07:29.926000
2024-05-19 14:15:10.192,OnTrack,1742,-592,779,pos,0 days 01:11:53.598000,0 days 02:07:30.206000
2024-05-19 14:15:10.492,OnTrack,1654,-632,778,pos,0 days 01:11:53.898000,0 days 02:07:30.506000
2024-05-19 14:15:10.792,OnTrack,1459,-720,778,pos,0 days 01:11:54.198000,0 days 02:07:30.806000
2024-05-19 14:15:11.211,OnTrack,1275,-803,778,pos,0 days 01:11:54.617000,0 days 02:07:31.225000
2024-05-19 14:15:11.291,OnTrack,1230,-824,778,pos,0 days 01:11:54.697000,0 days 02:07:31.305000
2024-05-19 14:15:11.491,OnTrack,1118,-875,778,pos,0 days 01:11:54.897000,0 days 02:07:31.505000
2024-05-19 14:15:11.851,OnTrack,908,-969,779,pos,0 days 01:11:55.257000,0 days 02:07:31.865000
2024-05-19 14:15:12.012,OnTrack,811,-1011,779,pos,0 days 01:11:55.418000,0 days 02:07:32.026000
2024-05-19 14:15:12.232,OnTrack,675,-1068,779,pos,0 days 01:11:55.638000,0 days 02:07:32.246000
2024-05-19 14:15:12.452,OnTrack,533,-1127,780,pos,0 days 01:11:55.858000,0 days 02:07:32.466000
2024-05-19 14:15:12.472,OnTrack,520,-1133,780,pos,0 days 01:11:55.878000,0 days 02:07:32.486000
2024-05-19 14:15:12.852,OnTrack,235,-1252,781,pos,0 days 01:11:56.258000,0 days 02:07:32.866000
2024-05-19 14:15:13.112,OnTrack,104,-1308,781,pos,0 days 01:11:56.518000,0 days 02:07:33.126000
2024-05-19 14:15:13.412,OnTrack,-97,-1390,781,pos,0 days 01:11:56.818000,0 days 02:07:33.426000
2024-05-19 14:15:13.652,OnTrack,-362,-1483,782,pos,0 days 01:11:57.058000,0 days 02:07:33.666000
2024-05-19 14:15:14.012,OnTrack,-594,-1541,783,pos,0 days 01:11:57.418000,0 days 02:07:34.026000
2024-05-19 14:15:14.452,OnTrack,-851,-1576,783,pos,0 days 01:11:57.858000,0 days 02:07:34.466000
2024-05-19 14:15:14.572,OnTrack,-986,-1585,784,pos,0 days 01:11:57.978000,0 days 02:07:34.586000
2024-05-19 14:15:14.852,OnTrack,-1298,-1594,785,pos,0 days 01:11:58.258000,0 days 02:07:34.866000
2024-05-19 14:15:15.192,OnTrack,-1456,-1602,785,pos,0 days 01:11:58.598000,0 days 02:07:35.206000
2024-05-19 14:15:15.372,OnTrack,-1599,-1611,786,pos,0 days 01:11:58.778000,0 days 02:07:35.386000
2024-05-19 14:15:15.552,OnTrack,-1743,-1619,787,pos,0 days 01:11:58.958000,0 days 02:07:35.566000
2024-05-19 14:15:15.912,OnTrack,-2082,-1638,788,pos,0 days 01:11:59.318000,0 days 02:07:35.926000
2024-05-19 14:15:16.312,OnTrack,-2359,-1654,789,pos,0 days 01:11:59.718000,0 days 02:07:36.326000
2024-05-19 14:15:16.553,OnTrack,-2556,-1664,790,pos,0 days 01:11:59.959000,0 days 02:07:36.567000
2024-05-19 14:15:16.612,OnTrack,-2605,-1667,790,pos,0 days 01:12:00.018000,0 days 02:07:36.626000
2024-05-19 14:15:16.892,OnTrack,-2837,-1674,791,pos,0 days 01:12:00.298000,0 days 02:07:36.906000
2024-05-19 14:15:17.113,OnTrack,-3020,-1680,792,pos,0 days 01:12:00.519000,0 days 02:07:37.127000
2024-05-19 14:15:17.373,OnTrack,-3237,-1688,793,pos,0 days 01:12:00.779000,0 days 02:07:37.387000
2024-05-19 14:15:17.592,OnTrack,-3421,-1694,794,pos,0 days 01:12:00.998000,0 days 02:07:37.606000
2024-05-19 14:15:17.693,OnTrack,-3504,-1696,794,pos,0 days 01:12:01.099000,0 days 02:07:37.707000
2024-05-19 14:15:17.851,OnTrack,-3638,-1694,795,pos,0 days 01:12:01.257000,0 days 02:07:37.865000
2024-05-19 14:15:18.091,OnTrack,-3839,-1682,796,pos,0 days 01:12:01.497000,0 days 02:07:38.105000
2024-05-19 14:15:18.311,OnTrack,-4024,-1657,797,pos,0 days 01:12:01.717000,0 days 02:07:38.325000
2024-05-19 14:15:18.492,OnTrack,-4175,-1630,797,pos,0 days 01:12:01.898000,0 days 02:07:38.506000
2024-05-19 14:15:18.631,OnTrack,-4293,-1605,798,pos,0 days 01:12:02.037000,0 days 02:07:38.645000
2024-05-19 14:15:18.971,OnTrack,-4628,-1527,800,pos,0 days 01:12:02.377000,0 days 02:07:38.985000
2024-05-19 14:15:19.352,OnTrack,-4896,-1461,802,pos,0 days 01:12:02.758000,0 days 02:07:39.366000
2024-05-19 14:15:19.511,OnTrack,-5030,-1428,803,pos,0 days 01:12:02.917000,0 days 02:07:39.525000
2024-05-19 14:15:19.751,OnTrack,-5231,-1379,805,pos,0 days 01:12:03.157000,0 days 02:07:39.765000
2024-05-19 14:15:19.912,OnTrack,-5366,-1348,806,pos,0 days 01:12:03.318000,0 days 02:07:39.926000
2024-05-19 14:15:20.112,OnTrack,-5676,-1286,809,pos,0 days 01:12:03.518000,0 days 02:07:40.126000
2024-05-19 14:15:20.452,OnTrack,-5851,-1262,810,pos,0 days 01:12:03.858000,0 days 02:07:40.466000
2024-05-19 14:15:20.692,OnTrack,-6059,-1243,812,pos,0 days 01:12:04.098000,0 days 02:07:40.706000
2024-05-19 14:15:20.932,OnTrack,-6269,-1233,814,pos,0 days 01:12:04.338000,0 days 02:07:40.946000
2024-05-19 14:15:21.131,OnTrack,-6444,-1230,814,pos,0 days 01:12:04.537000,0 days 02:07:41.145000
2024-05-19 14:15:21.372,OnTrack,-6654,-1230,815,pos,0 days 01:12:04.778000,0 days 02:07:41.386000
2024-05-19 14:15:21.532,OnTrack,-6795,-1231,816,pos,0 days 01:12:04.938000,0 days 02:07:41.546000
2024-05-19 14:15:21.812,OnTrack,-7146,-1242,817,pos,0 days 01:12:05.218000,0 days 02:07:41.826000
2024-05-19 14:15:22.172,OnTrack,-7357,-1255,818,pos,0 days 01:12:05.578000,0 days 02:07:42.186000
2024-05-19 14:15:22.452,OnTrack,-7602,-1277,819,pos,0 days 01:12:05.858000,0 days 02:07:42.466000
2024-05-19 14:15:22.632,OnTrack,-7759,-1294,818,pos,0 days 01:12:06.038000,0 days 02:07:42.646000
2024-05-19 14:15:22.852,OnTrack,-7951,-1316,818,pos,0 days 01:12:06.258000,0 days 02:07:42.866000
2024-05-19 14:15:23.012,OnTrack,-8091,-1334,818,pos,0 days 01:12:06.418000,0 days 02:07:43.026000
2024-05-19 14:15:23.272,OnTrack,-8318,-1364,819,pos,0 days 01:12:06.678000,0 days 02:07:43.286000
2024-05-19 14:15:23.472,OnTrack,-8492,-1388,819,pos,0 days 01:12:06.878000,0 days 02:07:43.486000
2024-05-19 14:15:23.692,OnTrack,-8685,-1415,819,pos,0 days 01:12:07.098000,0 days 02:07:43.706000
2024-05-19 14:15:23.872,OnTrack,-8842,-1437,819,pos,0 days 01:12:07.278000,0 days 02:07:43.886000
2024-05-19 14:15:24.132,OnTrack,-9069,-1472,819,pos,0 days 01:12:07.538000,0 days 02:07:44.146000
2024-05-19 14:15:24.292,OnTrack,-9208,-1498,819,pos,0 days 01:12:07.698000,0 days 02:07:44.306000
2024-05-19 14:15:24.512,OnTrack,-9392,-1543,819,pos,0 days 01:12:07.918000,0 days 02:07:44.526000
2024-05-19 14:15:24.671,OnTrack,-9517,-1581,819,pos,0 days 01:12:08.077000,0 days 02:07:44.685000
2024-05-19 14:15:24.831,OnTrack,-9633,-1617,819,pos,0 days 01:12:08.237000,0 days 02:07:44.845000
2024-05-19 14:15:24.992,OnTrack,-9738,-1651,818,pos,0 days 01:12:08.398000,0 days 02:07:45.006000
2024-05-19 14:15:25.211,OnTrack,-9869,-1692,818,pos,0 days 01:12:08.617000,0 days 02:07:45.225000
2024-05-19 14:15:25.572,OnTrack,-10059,-1751,819,pos,0 days 01:12:08.978000,0 days 02:07:45.586000
2024-05-19 14:15:25.612,OnTrack,-10088,-1760,818,pos,0 days 01:12:09.018000,0 days 02:07:45.626000
2024-05-19 14:15:25.991,OnTrack,-10264,-1837,818,pos,0 days 01:12:09.397000,0 days 02:07:46.005000
2024-05-19 14:15:26.251,OnTrack,-10325,-1897,818,pos,0 days 01:12:09.657000,0 days 02:07:46.265000
2024-05-19 14:15:26.512,OnTrack,-10376,-1992,818,pos,0 days 01:12:09.918000,0 days 02:07:46.526000
2024-05-19 14:15:26.672,OnTrack,-10397,-2057,818,pos,0 days 01:12:10.078000,0 days 02:07:46.686000
2024-05-19 14:15:26.952,OnTrack,-10442,-2215,819,pos,0 days 01:12:10.358000,0 days 02:07:46.966000
2024-05-19 14:15:27.411,OnTrack,-10522,-2370,818,pos,0 days 01:12:10.817000,0 days 02:07:47.425000
2024-05-19 14:15:27.772,OnTrack,-10667,-2512,818,pos,0 days 01:12:11.178000,0 days 02:07:47.786000
2024-05-19 14:15:28.212,OnTrack,-10828,-2617,820,pos,0 days 01:12:11.618000,0 days 02:07:48.226000
2024-05-19 14:15:28.552,OnTrack,-10939,-2682,821,pos,0 days 01:12:11.958000,0 days 02:07:48.566000
2024-05-19 14:15:28.732,OnTrack,-11019,-2728,821,pos,0 days 01:12:12.138000,0 days 02:07:48.746000
2024-05-19 14:15:28.992,OnTrack,-11138,-2797,822,pos,0 days 01:12:12.398000,0 days 02:07:49.006000
2024-05-19 14:15:29.192,OnTrack,-11233,-2853,823,pos,0 days 01:12:12.598000,0 days 02:07:49.206000
2024-05-19 14:15:29.512,OnTrack,-11389,-2950,824,pos,0 days 01:12:12.918000,0 days 02:07:49.526000
2024-05-19 14:15:29.732,OnTrack,-11494,-3026,825,pos,0 days 01:12:13.138000,0 days 02:07:49.746000
2024-05-19 14:15:29.772,OnTrack,-11512,-3041,825,pos,0 days 01:12:13.178000,0 days 02:07:49.786000
2024-05-19 14:15:29.992,OnTrack,-11606,-3133,825,pos,0 days 01:12:13.398000,0 days 02:07:50.006000
2024-05-19 14:15:30.193,OnTrack,-11681,-3232,825,pos,0 days 01:12:13.599000,0 days 02:07:50.207000
2024-05-19 14:15:30.372,OnTrack,-11738,-3332,825,pos,0 days 01:12:13.778000,0 days 02:07:50.386000
2024-05-19 14:15:30.612,OnTrack,-11805,-3481,826,pos,0 days 01:12:14.018000,0 days 02:07:50.626000
2024-05-19 14:15:30.832,OnTrack,-11857,-3617,827,pos,0 days 01:12:14.238000,0 days 02:07:50.846000
2024-05-19 14:15:31.012,OnTrack,-11899,-3729,827,pos,0 days 01:12:14.418000,0 days 02:07:51.026000
2024-05-19 14:15:31.232,OnTrack,-11951,-3869,828,pos,0 days 01:12:14.638000,0 days 02:07:51.246000
2024-05-19 14:15:31.552,OnTrack,-12029,-4076,829,pos,0 days 01:12:14.958000,0 days 02:07:51.566000
2024-05-19 14:15:31.731,OnTrack,-12073,-4194,829,pos,0 days 01:12:15.137000,0 days 02:07:51.745000
2024-05-19 14:15:31.912,OnTrack,-12119,-4314,830,pos,0 days 01:12:15.318000,0 days 02:07:51.926000
2024-05-19 14:15:32.152,OnTrack,-12190,-4504,830,pos,0 days 01:12:15.558000,0 days 02:07:52.166000
2024-05-19 14:15:32.432,OnTrack,-12252,-4669,830,pos,0 days 01:12:15.838000,0 days 02:07:52.446000
2024-05-19 14:15:32.752,OnTrack,-12336,-4893,831,pos,0 days 01:12:16.158000,0 days 02:07:52.766000
2024-05-19 14:15:32.851,OnTrack,-12363,-4963,831,pos,0 days 01:12:16.257000,0 days 02:07:52.865000
2024-05-19 14:15:33.052,OnTrack,-12415,-5105,832,pos,0 days 01:12:16.458000,0 days 02:07:53.066000
2024-05-19 14:15:33.212,OnTrack,-12458,-5219,832,pos,0 days 01:12:16.618000,0 days 02:07:53.226000
2024-05-19 14:15:33.532,OnTrack,-12544,-5448,833,pos,0 days 01:12:16.938000,0 days 02:07:53.546000
2024-05-19 14:15:33.692,OnTrack,-12587,-5563,833,pos,0 days 01:12:17.098000,0 days 02:07:53.706000
2024-05-19 14:15:33.852,OnTrack,-12631,-5679,833,pos,0 days 01:12:17.258000,0 days 02:07:53.866000
2024-05-19 14:15:34.012,OnTrack,-12674,-5795,833,pos,0 days 01:12:17.418000,0 days 02:07:54.026000
2024-05-19 14:15:34.252,OnTrack,-12740,-5969,834,pos,0 days 01:12:17.658000,0 days 02:07:54.266000
2024-05-19 14:15:34.491,OnTrack,-12807,-6142,834,pos,0 days 01:12:17.897000,0 days 02:07:54.505000
2024-05-19 14:15:34.752,OnTrack,-12883,-6330,835,pos,0 days 01:12:18.158000,0 days 02:07:54.766000
2024-05-19 14:15:34.832,OnTrack,-12907,-6387,835,pos,0 days 01:12:18.238000,0 days 02:07:54.846000
2024-05-19 14:15:35.052,OnTrack,-12974,-6545,835,pos,0 days 01:12:18.458000,0 days 02:07:55.066000
2024-05-19 14:15:35.313,OnTrack,-13053,-6732,836,pos,0 days 01:12:18.719000,0 days 02:07:55.327000
2024-05-19 14:15:35.572,OnTrack,-13121,-6915,837,pos,0 days 01:12:18.978000,0 days 02:07:55.586000
2024-05-19 14:15:35.732,OnTrack,-13149,-7022,837,pos,0 days 01:12:19.138000,0 days 02:07:55.746000
2024-05-19 14:15:36.012,OnTrack,-13159,-7276,838,pos,0 days 01:12:19.418000,0 days 02:07:56.026000
2024-05-19 14:15:36.413,OnTrack,-13113,-7534,840,pos,0 days 01:12:19.819000,0 days 02:07:56.427000
2024-05-19 14:15:36.892,OnTrack,-13059,-7755,842,pos,0 days 01:12:20.298000,0 days 02:07:56.906000
2024-05-19 14:15:37.052,OnTrack,-13032,-7884,843,pos,0 days 01:12:20.458000,0 days 02:07:57.066000
2024-05-19 14:15:37.472,OnTrack,-13030,-8061,844,pos,0 days 01:12:20.878000,0 days 02:07:57.486000
2024-05-19 14:15:37.911,OnTrack,-13105,-8215,846,pos,0 days 01:12:21.317000,0 days 02:07:57.925000
2024-05-19 14:15:38.271,OnTrack,-13214,-8321,847,pos,0 days 01:12:21.677000,0 days 02:07:58.285000
2024-05-19 14:15:38.491,OnTrack,-13293,-8390,848,pos,0 days 01:12:21.897000,0 days 02:07:58.505000
2024-05-19 14:15:38.672,OnTrack,-13358,-8445,849,pos,0 days 01:12:22.078000,0 days 02:07:58.686000
2024-05-19 14:15:38.872,OnTrack,-13432,-8507,850,pos,0 days 01:12:22.278000,0 days 02:07:58.886000
2024-05-19 14:15:39.091,OnTrack,-13516,-8579,851,pos,0 days 01:12:22.497000,0 days 02:07:59.105000
2024-05-19 14:15:39.252,OnTrack,-13580,-8632,852,pos,0 days 01:12:22.658000,0 days 02:07:59.266000
2024-05-19 14:15:39.452,OnTrack,-13661,-8702,853,pos,0 days 01:12:22.858000,0 days 02:07:59.466000
2024-05-19 14:15:39.651,OnTrack,-13746,-8774,854,pos,0 days 01:12:23.057000,0 days 02:07:59.665000
2024-05-19 14:15:39.852,OnTrack,-13818,-8834,855,pos,0 days 01:12:23.258000,0 days 02:07:59.866000
2024-05-19 14:15:40.112,OnTrack,-13910,-8911,857,pos,0 days 01:12:23.518000,0 days 02:08:00.126000
2024-05-19 14:15:40.292,OnTrack,-14041,-9028,861,pos,0 days 01:12:23.698000,0 days 02:08:00.306000
2024-05-19 14:15:40.672,OnTrack,-14217,-9201,867,pos,0 days 01:12:24.078000,0 days 02:08:00.686000
2024-05-19 14:15:41.172,OnTrack,-14413,-9396,876,pos,0 days 01:12:24.578000,0 days 02:08:01.186000
2024-05-19 14:15:41.412,OnTrack,-14494,-9474,879,pos,0 days 01:12:24.818000,0 days 02:08:01.426000
2024-05-19 14:15:41.732,OnTrack,-14663,-9632,887,pos,0 days 01:12:25.138000,0 days 02:08:01.746000
2024-05-19 14:15:42.133,OnTrack,-14795,-9773,894,pos,0 days 01:12:25.539000,0 days 02:08:02.147000
2024-05-19 14:15:42.492,OnTrack,-14878,-9900,899,pos,0 days 01:12:25.898000,0 days 02:08:02.506000
2024-05-19 14:15:42.872,OnTrack,-14905,-9976,901,pos,0 days 01:12:26.278000,0 days 02:08:02.886000
2024-05-19 14:15:43.052,OnTrack,-14915,-10034,903,pos,0 days 01:12:26.458000,0 days 02:08:03.066000
2024-05-19 14:15:43.292,OnTrack,-14912,-10107,906,pos,0 days 01:12:26.698000,0 days 02:08:03.306000
2024-05-19 14:15:43.533,OnTrack,-14892,-10174,910,pos,0 days 01:12:26.939000,0 days 02:08:03.547000
2024-05-19 14:15:43.833,OnTrack,-14838,-10257,916,pos,0 days 01:12:27.239000,0 days 02:08:03.847000
2024-05-19 14:15:44.191,OnTrack,-14779,-10310,920,pos,0 days 01:12:27.597000,0 days 02:08:04.205000
2024-05-19 14:15:44.312,OnTrack,-14753,-10327,921,pos,0 days 01:12:27.718000,0 days 02:08:04.326000
2024-05-19 14:15:44.632,OnTrack,-14673,-10365,924,pos,0 days 01:12:28.038000,0 days 02:08:04.646000
2024-05-19 14:15:44.912,OnTrack,-14615,-10381,928,pos,0 days 01:12:28.318000,0 days 02:08:04.926000
2024-05-19 14:15:45.071,OnTrack,-14574,-10388,929,pos,0 days 01:12:28.477000,0 days 02:08:05.085000
2024-05-19 14:15:45.291,OnTrack,-14515,-10394,933,pos,0 days 01:12:28.697000,0 days 02:08:05.305000
2024-05-19 14:15:45.472,OnTrack,-14465,-10395,936,pos,0 days 01:12:28.878000,0 days 02:08:05.486000
2024-05-19 14:15:45.752,OnTrack,-14383,-10392,939,pos,0 days 01:12:29.158000,0 days 02:08:05.766000
2024-05-19 14:15:46.012,OnTrack,-14300,-10383,944,pos,0 days 01:12:29.418000,0 days 02:08:06.026000
2024-05-19 14:15:46.092,OnTrack,-14288,-10381,942,pos,0 days 01:12:29.498000,0 days 02:08:06.106000
2024-05-19 14:15:46.451,OnTrack,-14203,-10368,948,pos,0 days 01:12:29.857000,0 days 02:08:06.465000
2024-05-19 14:15:46.652,OnTrack,-14081,-10347,953,pos,0 days 01:12:30.058000,0 days 02:08:06.666000
2024-05-19 14:15:46.952,OnTrack,-13993,-10330,957,pos,0 days 01:12:30.358000,0 days 02:08:06.966000
2024-05-19 14:15:47.112,OnTrack,-13919,-10315,960,pos,0 days 01:12:30.518000,0 days 02:08:07.126000
2024-05-19 14:15:47.312,OnTrack,-13824,-10295,965,pos,0 days 01:12:30.718000,0 days 02:08:07.326000
2024-05-19 14:15:47.652,OnTrack,-13651,-10260,972,pos,0 days 01:12:31.058000,0 days 02:08:07.666000
2024-05-19 14:15:47.852,OnTrack,-13500,-10232,978,pos,0 days 01:12:31.258000,0 days 02:08:07.866000
2024-05-19 14:15:48.212,OnTrack,-13343,-10204,985,pos,0 days 01:12:31.618000,0 days 02:08:08.226000
2024-05-19 14:15:48.352,OnTrack,-13262,-10189,987,pos,0 days 01:12:31.758000,0 days 02:08:08.366000
2024-05-19 14:15:48.552,OnTrack,-13143,-10168,992,pos,0 days 01:12:31.958000,0 days 02:08:08.566000
2024-05-19 14:15:48.732,OnTrack,-13033,-10149,995,pos,0 days 01:12:32.138000,0 days 02:08:08.746000
2024-05-19 14:15:49.072,OnTrack,-12755,-10106,1004,pos,0 days 01:12:32.478000,0 days 02:08:09.086000
2024-05-19 14:15:49.392,OnTrack,-12612,-10084,1009,pos,0 days 01:12:32.798000,0 days 02:08:09.406000
2024-05-19 14:15:49.572,OnTrack,-12493,-10067,1013,pos,0 days 01:12:32.978000,0 days 02:08:09.586000
2024-05-19 14:15:49.952,OnTrack,-12178,-10023,1028,pos,0 days 01:12:33.358000,0 days 02:08:09.966000
2024-05-19 14:15:50.313,OnTrack,-11983,-9996,1040,pos,0 days 01:12:33.719000,0 days 02:08:10.327000
2024-05-19 14:15:50.532,OnTrack,-11748,-9967,1056,pos,0 days 01:12:33.938000,0 days 02:08:10.546000
2024-05-19 14:15:50.872,OnTrack,-11560,-9947,1068,pos,0 days 01:12:34.278000,0 days 02:08:10.886000
2024-05-19 14:15:51.091,OnTrack,-11400,-9933,1078,pos,0 days 01:12:34.497000,0 days 02:08:11.105000
2024-05-19 14:15:51.291,OnTrack,-11254,-9924,1087,pos,0 days 01:12:34.697000,0 days 02:08:11.305000
2024-05-19 14:15:51.452,OnTrack,-11136,-9920,1094,pos,0 days 01:12:34.858000,0 days 02:08:11.466000
2024-05-19 14:15:51.652,OnTrack,-10987,-9918,1103,pos,0 days 01:12:35.058000,0 days 02:08:11.666000
2024-05-19 14:15:51.831,OnTrack,-10853,-9919,1110,pos,0 days 01:12:35.237000,0 days 02:08:11.845000
2024-05-19 14:15:52.212,OnTrack,-10570,-9933,1121,pos,0 days 01:12:35.618000,0 days 02:08:12.226000
2024-05-19 14:15:52.431,OnTrack,-10405,-9949,1122,pos,0 days 01:12:35.837000,0 days 02:08:12.445000
2024-05-19 14:15:52.492,OnTrack,-10360,-9954,1122,pos,0 days 01:12:35.898000,0 days 02:08:12.506000
2024-05-19 14:15:52.772,OnTrack,-10150,-9977,1121,pos,0 days 01:12:36.178000,0 days 02:08:12.786000
2024-05-19 14:15:52.971,OnTrack,-10000,-9995,1120,pos,0 days 01:12:36.377000,0 days 02:08:12.985000
2024-05-19 14:15:53.132,OnTrack,-9880,-10009,1119,pos,0 days 01:12:36.538000,0 days 02:08:13.146000
2024-05-19 14:15:53.352,OnTrack,-9715,-10028,1118,pos,0 days 01:12:36.758000,0 days 02:08:13.366000
2024-05-19 14:15:53.652,OnTrack,-9491,-10052,1116,pos,0 days 01:12:37.058000,0 days 02:08:13.666000
2024-05-19 14:15:53.852,OnTrack,-9347,-10065,1115,pos,0 days 01:12:37.258000,0 days 02:08:13.866000
2024-05-19 14:15:54.032,OnTrack,-9228,-10071,1114,pos,0 days 01:12:37.438000,0 days 02:08:14.046000
2024-05-19 14:15:54.292,OnTrack,-9018,-10053,1114,pos,0 days 01:12:37.698000,0 days 02:08:14.306000
2024-05-19 14:15:54.612,OnTrack,-8850,-9990,1113,pos,0 days 01:12:38.018000,0 days 02:08:14.626000
2024-05-19 14:15:54.992,OnTrack,-8732,-9908,1110,pos,0 days 01:12:38.398000,0 days 02:08:15.006000
2024-05-19 14:15:55.232,OnTrack,-8644,-9811,1107,pos,0 days 01:12:38.638000,0 days 02:08:15.246000
2024-05-19 14:15:55.392,OnTrack,-8593,-9734,1105,pos,0 days 01:12:38.798000,0 days 02:08:15.406000
2024-05-19 14:15:55.672,OnTrack,-8516,-9589,1100,pos,0 days 01:12:39.078000,0 days 02:08:15.686000
2024-05-19 14:15:55.852,OnTrack,-8436,-9429,1095,pos,0 days 01:12:39.258000,0 days 02:08:15.866000
2024-05-19 14:15:56.333,OnTrack,-8348,-9227,1088,pos,0 days 01:12:39.739000,0 days 02:08:16.347000
2024-05-19 14:15:56.392,OnTrack,-8335,-9192,1087,pos,0 days 01:12:39.798000,0 days 02:08:16.406000
2024-05-19 14:15:56.692,OnTrack,-8282,-9010,1080,pos,0 days 01:12:40.098000,0 days 02:08:16.706000
2024-05-19 14:15:56.932,OnTrack,-8254,-8856,1074,pos,0 days 01:12:40.338000,0 days 02:08:16.946000
2024-05-19 14:15:57.113,OnTrack,-8237,-8642,1062,pos,0 days 01:12:40.519000,0 days 02:08:17.127000
2024-05-19 14:15:57.432,OnTrack,-8239,-8519,1055,pos,0 days 01:12:40.838000,0 days 02:08:17.446000
2024-05-19 14:15:57.611,OnTrack,-8247,-8393,1046,pos,0 days 01:12:41.017000,0 days 02:08:17.625000
2024-05-19 14:15:57.791,OnTrack,-8259,-8277,1037,pos,0 days 01:12:41.197000,0 days 02:08:17.805000
2024-05-19 14:15:58.131,OnTrack,-8295,-8037,1014,pos,0 days 01:12:41.537000,0 days 02:08:18.145000
2024-05-19 14:15:58.292,OnTrack,-8317,-7923,1004,pos,0 days 01:12:41.698000,0 days 02:08:18.306000
2024-05-19 14:15:58.532,OnTrack,-8373,-7667,983,pos,0 days 01:12:41.938000,0 days 02:08:18.546000
2024-05-19 14:15:58.832,OnTrack,-8403,-7537,974,pos,0 days 01:12:42.238000,0 days 02:08:18.846000
2024-05-19 14:15:59.191,OnTrack,-8476,-7217,955,pos,0 days 01:12:42.597000,0 days 02:08:19.205000
2024-05-19 14:15:59.471,OnTrack,-8509,-7070,948,pos,0 days 01:12:42.877000,0 days 02:08:19.485000
2024-05-19 14:15:59.652,OnTrack,-8539,-6937,940,pos,0 days 01:12:43.058000,0 days 02:08:19.666000
2024-05-19 14:15:59.852,OnTrack,-8573,-6790,933,pos,0 days 01:12:43.258000,0 days 02:08:19.866000
2024-05-19 14:16:00.051,OnTrack,-8606,-6642,925,pos,0 days 01:12:43.457000,0 days 02:08:20.065000
2024-05-19 14:16:00.392,OnTrack,-8649,-6399,913,pos,0 days 01:12:43.798000,0 days 02:08:20.406000
2024-05-19 14:16:00.611,OnTrack,-8652,-6250,906,pos,0 days 01:12:44.017000,0 days 02:08:20.625000
2024-05-19 14:16:00.832,OnTrack,-8623,-6097,901,pos,0 days 01:12:44.238000,0 days 02:08:20.846000
2024-05-19 14:16:00.992,OnTrack,-8584,-5989,899,pos,0 days 01:12:44.398000,0 days 02:08:21.006000
2024-05-19 14:16:01.172,OnTrack,-8530,-5875,897,pos,0 days 01:12:44.578000,0 days 02:08:21.186000
2024-05-19 14:16:01.392,OnTrack,-8464,-5753,896,pos,0 days 01:12:44.798000,0 days 02:08:21.406000
2024-05-19 14:16:01.652,OnTrack,-8392,-5630,897,pos,0 days 01:12:45.058000,0 days 02:08:21.666000
2024-05-19 14:16:01.832,OnTrack,-8313,-5512,899,pos,0 days 01:12:45.238000,0 days 02:08:21.846000
2024-05-19 14:16:02.192,OnTrack,-8249,-5436,902,pos,0 days 01:12:45.598000,0 days 02:08:22.206000
2024-05-19 14:16:02.392,OnTrack,-8192,-5386,904,pos,0 days 01:12:45.798000,0 days 02:08:22.406000
2024-05-19 14:16:02.492,OnTrack,-8162,-5367,905,pos,0 days 01:12:45.898000,0 days 02:08:22.506000
2024-05-19 14:16:02.872,OnTrack,-8002,-5325,914,pos,0 days 01:12:46.278000,0 days 02:08:22.886000
2024-05-19 14:16:03.252,OnTrack,-7903,-5338,921,pos,0 days 01:12:46.658000,0 days 02:08:23.266000
2024-05-19 14:16:03.472,OnTrack,-7827,-5356,927,pos,0 days 01:12:46.878000,0 days 02:08:23.486000
2024-05-19 14:16:03.572,OnTrack,-7745,-5379,935,pos,0 days 01:12:46.978000,0 days 02:08:23.586000
2024-05-19 14:16:03.932,OnTrack,-7666,-5399,942,pos,0 days 01:12:47.338000,0 days 02:08:23.946000
2024-05-19 14:16:04.151,OnTrack,-7582,-5416,951,pos,0 days 01:12:47.557000,0 days 02:08:24.165000
2024-05-19 14:16:04.472,OnTrack,-7406,-5437,967,pos,0 days 01:12:47.878000,0 days 02:08:24.486000
2024-05-19 14:16:04.871,OnTrack,-7200,-5443,983,pos,0 days 01:12:48.277000,0 days 02:08:24.885000
2024-05-19 14:16:05.272,OnTrack,-7068,-5443,993,pos,0 days 01:12:48.678000,0 days 02:08:25.286000
2024-05-19 14:16:05.471,OnTrack,-6963,-5442,1000,pos,0 days 01:12:48.877000,0 days 02:08:25.485000
2024-05-19 14:16:05.552,OnTrack,-6919,-5441,1003,pos,0 days 01:12:48.958000,0 days 02:08:25.566000
2024-05-19 14:16:05.751,OnTrack,-6808,-5440,1010,pos,0 days 01:12:49.157000,0 days 02:08:25.765000
2024-05-19 14:16:05.991,OnTrack,-6671,-5439,1016,pos,0 days 01:12:49.397000,0 days 02:08:26.005000
2024-05-19 14:16:06.232,OnTrack,-6530,-5438,1023,pos,0 days 01:12:49.638000,0 days 02:08:26.246000
2024-05-19 14:16:06.392,OnTrack,-6433,-5437,1027,pos,0 days 01:12:49.798000,0 days 02:08:26.406000
2024-05-19 14:16:06.672,OnTrack,-6258,-5436,1032,pos,0 days 01:12:50.078000,0 days 02:08:26.686000
2024-05-19 14:16:06.952,OnTrack,-5986,-5433,1040,pos,0 days 01:12:50.358000,0 days 02:08:26.966000
2024-05-19 14:16:07.232,OnTrack,-5893,-5433,1043,pos,0 days 01:12:50.638000,0 days 02:08:27.246000
2024-05-19 14:16:07.392,OnTrack,-5786,-5432,1045,pos,0 days 01:12:50.798000,0 days 02:08:27.406000
2024-05-19 14:16:07.732,OnTrack,-5554,-5430,1052,pos,0 days 01:12:51.138000,0 days 02:08:27.746000
2024-05-19 14:16:07.892,OnTrack,-5443,-5428,1055,pos,0 days 01:12:51.298000,0 days 02:08:27.906000
2024-05-19 14:16:08.052,OnTrack,-5332,-5426,1058,pos,0 days 01:12:51.458000,0 days 02:08:28.066000
2024-05-19 14:16:08.232,OnTrack,-5206,-5422,1062,pos,0 days 01:12:51.638000,0 days 02:08:28.246000
2024-05-19 14:16:08.412,OnTrack,-5080,-5414,1066,pos,0 days 01:12:51.818000,0 days 02:08:28.426000
2024-05-19 14:16:08.632,OnTrack,-4938,-5402,1070,pos,0 days 01:12:52.038000,0 days 02:08:28.646000
2024-05-19 14:16:08.852,OnTrack,-4782,-5388,1074,pos,0 days 01:12:52.258000,0 days 02:08:28.866000
2024-05-19 14:16:09.152,OnTrack,-4512,-5364,1080,pos,0 days 01:12:52.558000,0 days 02:08:29.166000
2024-05-19 14:16:09.613,OnTrack,-4240,-5342,1083,pos,0 days 01:12:53.019000,0 days 02:08:29.627000
2024-05-19 14:16:09.772,OnTrack,-4038,-5325,1084,pos,0 days 01:12:53.178000,0 days 02:08:29.786000
2024-05-19 14:16:10.132,OnTrack,-3868,-5311,1086,pos,0 days 01:12:53.538000,0 days 02:08:30.146000
2024-05-19 14:16:10.352,OnTrack,-3726,-5299,1087,pos,0 days 01:12:53.758000,0 days 02:08:30.366000
2024-05-19 14:16:10.631,OnTrack,-3567,-5287,1087,pos,0 days 01:12:54.037000,0 days 02:08:30.645000
2024-05-19 14:16:10.812,OnTrack,-3438,-5278,1088,pos,0 days 01:12:54.218000,0 days 02:08:30.826000
2024-05-19 14:16:11.052,OnTrack,-3367,-5274,1089,pos,0 days 01:12:54.458000,0 days 02:08:31.066000
2024-05-19 14:16:11.431,OnTrack,-3218,-5280,1092,pos,0 days 01:12:54.837000,0 days 02:08:31.445000
2024-05-19 14:16:11.552,OnTrack,-3184,-5292,1092,pos,0 days 01:12:54.958000,0 days 02:08:31.566000
2024-05-19 14:16:11.852,OnTrack,-3102,-5352,1095,pos,0 days 01:12:55.258000,0 days 02:08:31.866000
2024-05-19 14:16:12.051,OnTrack,-3051,-5406,1096,pos,0 days 01:12:55.457000,0 days 02:08:32.065000
2024-05-19 14:16:12.311,OnTrack,-3001,-5460,1096,pos,0 days 01:12:55.717000,0 days 02:08:32.325000
2024-05-19 14:16:12.512,OnTrack,-2959,-5498,1096,pos,0 days 01:12:55.918000,0 days 02:08:32.526000
2024-05-19 14:16:12.672,OnTrack,-2925,-5522,1096,pos,0 days 01:12:56.078000,0 days 02:08:32.686000
2024-05-19 14:16:13.052,OnTrack,-2828,-5559,1095,pos,0 days 01:12:56.458000,0 days 02:08:33.066000
2024-05-19 14:16:13.432,OnTrack,-2714,-5552,1093,pos,0 days 01:12:56.838000,0 days 02:08:33.446000
2024-05-19 14:16:13.712,OnTrack,-2680,-5544,1092,pos,0 days 01:12:57.118000,0 days 02:08:33.726000
2024-05-19 14:16:14.032,OnTrack,-2603,-5521,1090,pos,0 days 01:12:57.438000,0 days 02:08:34.046000
2024-05-19 14:16:14.292,OnTrack,-2536,-5498,1089,pos,0 days 01:12:57.698000,0 days 02:08:34.306000
2024-05-19 14:16:14.472,OnTrack,-2486,-5478,1087,pos,0 days 01:12:57.878000,0 days 02:08:34.486000
2024-05-19 14:16:14.532,OnTrack,-2469,-5471,1087,pos,0 days 01:12:57.938000,0 days 02:08:34.546000
2024-05-19 14:16:14.832,OnTrack,-2379,-5431,1085,pos,0 days 01:12:58.238000,0 days 02:08:34.846000
2024-05-19 14:16:15.032,OnTrack,-2314,-5400,1084,pos,0 days 01:12:58.438000,0 days 02:08:35.046000
2024-05-19 14:16:15.212,OnTrack,-2253,-5369,1082,pos,0 days 01:12:58.618000,0 days 02:08:35.226000
2024-05-19 14:16:15.353,OnTrack,-2202,-5342,1081,pos,0 days 01:12:58.759000,0 days 02:08:35.367000
2024-05-19 14:16:15.672,OnTrack,-2077,-5276,1078,pos,0 days 01:12:59.078000,0 days 02:08:35.686000
2024-05-19 14:16:15.913,OnTrack,-1976,-5223,1076,pos,0 days 01:12:59.319000,0 days 02:08:35.927000
2024-05-19 14:16:16.132,OnTrack,-1862,-5163,1074,pos,0 days 01:12:59.538000,0 days 02:08:36.146000
2024-05-19 14:16:16.453,OnTrack,-1729,-5094,1071,pos,0 days 01:12:59.859000,0 days 02:08:36.467000
2024-05-19 14:16:16.652,OnTrack,-1534,-4998,1067,pos,0 days 01:13:00.058000,0 days 02:08:36.666000
2024-05-19 14:16:17.191,OnTrack,-1321,-4901,1064,pos,0 days 01:13:00.597000,0 days 02:08:37.205000
2024-05-19 14:16:17.371,OnTrack,-1196,-4843,1061,pos,0 days 01:13:00.777000,0 days 02:08:37.385000
2024-05-19 14:16:17.691,OnTrack,-1036,-4761,1058,pos,0 days 01:13:01.097000,0 days 02:08:37.705000
2024-05-19 14:16:17.971,OnTrack,-831,-4639,1053,pos,0 days 01:13:01.377000,0 days 02:08:37.985000
2024-05-19 14:16:18.452,OnTrack,-549,-4445,1045,pos,0 days 01:13:01.858000,0 days 02:08:38.466000
2024-05-19 14:16:18.692,OnTrack,-469,-4386,1042,pos,0 days 01:13:02.098000,0 days 02:08:38.706000
2024-05-19 14:16:19.051,OnTrack,-183,-4165,1034,pos,0 days 01:13:02.457000,0 days 02:08:39.065000
2024-05-19 14:16:19.391,OnTrack,-71,-4069,1031,pos,0 days 01:13:02.797000,0 days 02:08:39.405000
2024-05-19 14:16:19.651,OnTrack,70,-3938,1027,pos,0 days 01:13:03.057000,0 days 02:08:39.665000
2024-05-19 14:16:19.772,OnTrack,247,-3759,1022,pos,0 days 01:13:03.178000,0 days 02:08:39.786000
2024-05-19 14:16:20.092,OnTrack,340,-3658,1019,pos,0 days 01:13:03.498000,0 days 02:08:40.106000
2024-05-19 14:16:20.372,OnTrack,485,-3498,1013,pos,0 days 01:13:03.778000,0 days 02:08:40.386000
2024-05-19 14:16:20.552,OnTrack,578,-3394,1008,pos,0 days 01:13:03.958000,0 days 02:08:40.566000
2024-05-19 14:16:20.692,OnTrack,651,-3313,1004,pos,0 days 01:13:04.098000,0 days 02:08:40.706000
2024-05-19 14:16:20.992,OnTrack,884,-3056,989,pos,0 days 01:13:04.398000,0 days 02:08:41.006000
2024-05-19 14:16:21.472,OnTrack,1066,-2854,974,pos,0 days 01:13:04.878000,0 days 02:08:41.486000
2024-05-19 14:16:21.672,OnTrack,1196,-2711,963,pos,0 days 01:13:05.078000,0 days 02:08:41.686000
2024-05-19 14:16:21.972,OnTrack,1338,-2558,951,pos,0 days 01:13:05.378000,0 days 02:08:41.986000
2024-05-19 14:16:22.173,OnTrack,1452,-2445,940,pos,0 days 01:13:05.579000,0 days 02:08:42.187000
2024-05-19 14:16:22.492,OnTrack,1720,-2236,918,pos,0 days 01:13:05.898000,0 days 02:08:42.506000
2024-05-19 14:16:22.733,OnTrack,1848,-2163,907,pos,0 days 01:13:06.139000,0 days 02:08:42.747000
2024-05-19 14:16:23.032,OnTrack,2157,-2030,884,pos,0 days 01:13:06.438000,0 days 02:08:43.046000
2024-05-19 14:16:23.493,OnTrack,2423,-1924,863,pos,0 days 01:13:06.899000,0 days 02:08:43.507000
2024-05-19 14:16:23.631,OnTrack,2517,-1886,855,pos,0 days 01:13:07.037000,0 days 02:08:43.645000
2024-05-19 14:16:23.911,OnTrack,2685,-1817,843,pos,0 days 01:13:07.317000,0 days 02:08:43.925000
2024-05-19 14:16:24.092,OnTrack,2782,-1777,836,pos,0 days 01:13:07.498000,0 days 02:08:44.106000
2024-05-19 14:16:24.332,OnTrack,2921,-1718,827,pos,0 days 01:13:07.738000,0 days 02:08:44.346000
2024-05-19 14:16:24.632,OnTrack,3015,-1668,821,pos,0 days 01:13:08.038000,0 days 02:08:44.646000
2024-05-19 14:16:24.831,OnTrack,3076,-1622,817,pos,0 days 01:13:08.237000,0 days 02:08:44.845000
2024-05-19 14:16:25.111,OnTrack,3139,-1548,812,pos,0 days 01:13:08.517000,0 days 02:08:45.125000
2024-05-19 14:16:25.311,OnTrack,3179,-1452,808,pos,0 days 01:13:08.717000,0 days 02:08:45.325000
2024-05-19 14:16:25.752,OnTrack,3190,-1351,803,pos,0 days 01:13:09.158000,0 days 02:08:45.766000
2024-05-19 14:16:25.911,OnTrack,3179,-1259,800,pos,0 days 01:13:09.317000,0 days 02:08:45.925000
2024-05-19 14:16:26.232,OnTrack,3168,-1205,799,pos,0 days 01:13:09.638000,0 days 02:08:46.246000
2024-05-19 14:16:26.512,OnTrack,3143,-1120,797,pos,0 days 01:13:09.918000,0 days 02:08:46.526000
2024-05-19 14:16:26.752,OnTrack,3119,-1045,795,pos,0 days 01:13:10.158000,0 days 02:08:46.766000
2024-05-19 14:16:26.892,OnTrack,3103,-999,795,pos,0 days 01:13:10.298000,0 days 02:08:46.906000
2024-05-19 14:16:27.052,OnTrack,3084,-945,794,pos,0 days 01:13:10.458000,0 days 02:08:47.066000
2024-05-19 14:16:27.252,OnTrack,3058,-876,793,pos,0 days 01:13:10.658000,0 days 02:08:47.266000
2024-05-19 14:16:27.512,OnTrack,3015,-781,792,pos,0 days 01:13:10.918000,0 days 02:08:47.526000
2024-05-19 14:16:27.792,OnTrack,2960,-674,791,pos,0 days 01:13:11.198000,0 days 02:08:47.806000
2024-05-19 14:16:27.912,OnTrack,2933,-629,790,pos,0 days 01:13:11.318000,0 days 02:08:47.926000
2024-05-19 14:16:28.072,OnTrack,2894,-572,790,pos,0 days 01:13:11.478000,0 days 02:08:48.086000
2024-05-19 14:16:28.393,OnTrack,2766,-450,788,pos,0 days 01:13:11.799000,0 days 02:08:48.407000
2024-05-19 14:16:28.712,OnTrack,2698,-413,787,pos,0 days 01:13:12.118000,0 days 02:08:48.726000
2024-05-19 14:16:29.012,OnTrack,2590,-377,786,pos,0 days 01:13:12.418000,0 days 02:08:49.026000
2024-05-19 14:16:29.233,OnTrack,2466,-360,786,pos,0 days 01:13:12.639000,0 days 02:08:49.247000
2024-05-19 14:16:29.473,OnTrack,2421,-359,786,pos,0 days 01:13:12.879000,0 days 02:08:49.487000
2024-05-19 14:16:29.712,OnTrack,2332,-364,786,pos,0 days 01:13:13.118000,0 days 02:08:49.726000
2024-05-19 14:16:29.992,OnTrack,2226,-384,784,pos,0 days 01:13:13.398000,0 days 02:08:50.006000
2024-05-19 14:16:30.251,OnTrack,2126,-417,783,pos,0 days 01:13:13.657000,0 days 02:08:50.265000
2024-05-19 14:16:30.431,OnTrack,2056,-447,782,pos,0 days 01:13:13.837000,0 days 02:08:50.445000
2024-05-19 14:16:30.632,OnTrack,1976,-483,781,pos,0 days 01:13:14.038000,0 days 02:08:50.646000
2024-05-19 14:16:30.751,OnTrack,1926,-507,781,pos,0 days 01:13:14.157000,0 days 02:08:50.765000
2024-05-19 14:16:30.912,OnTrack,1857,-539,780,pos,0 days 01:13:14.318000,0 days 02:08:50.926000
2024-05-19 14:16:31.212,OnTrack,1745,-590,779,pos,0 days 01:13:14.618000,0 days 02:08:51.226000
2024-05-19 14:16:31.371,OnTrack,1668,-625,779,pos,0 days 01:13:14.777000,0 days 02:08:51.385000
2024-05-19 14:16:31.571,OnTrack,1570,-670,778,pos,0 days 01:13:14.977000,0 days 02:08:51.585000
2024-05-19 14:16:31.812,OnTrack,1446,-726,778,pos,0 days 01:13:15.218000,0 days 02:08:51.826000
2024-05-19 14:16:31.992,OnTrack,1350,-769,778,pos,0 days 01:13:15.398000,0 days 02:08:52.006000
2024-05-19 14:16:32.232,OnTrack,1220,-828,778,pos,0 days 01:13:15.638000,0 days 02:08:52.246000
2024-05-19 14:16:32.512,OnTrack,981,-937,778,pos,0 days 01:13:15.918000,0 days 02:08:52.526000
2024-05-19 14:16:32.892,OnTrack,838,-999,779,pos,0 days 01:13:16.298000,0 days 02:08:52.906000
2024-05-19 14:16:32.991,OnTrack,778,-1025,779,pos,0 days 01:13:16.397000,0 days 02:08:53.005000
2024-05-19 14:16:33.251,OnTrack,609,-1095,780,pos,0 days 01:13:16.657000,0 days 02:08:53.265000
2024-05-19 14:16:33.472,OnTrack,470,-1154,780,pos,0 days 01:13:16.878000,0 days 02:08:53.486000
2024-05-19 14:16:33.672,OnTrack,342,-1207,781,pos,0 days 01:13:17.078000,0 days 02:08:53.686000
2024-05-19 14:16:33.852,OnTrack,225,-1257,781,pos,0 days 01:13:17.258000,0 days 02:08:53.866000
2024-05-19 14:16:34.112,OnTrack,-13,-1357,781,pos,0 days 01:13:17.518000,0 days 02:08:54.126000
2024-05-19 14:16:34.472,OnTrack,-191,-1426,782,pos,0 days 01:13:17.878000,0 days 02:08:54.486000
2024-05-19 14:16:34.692,OnTrack,-345,-1478,782,pos,0 days 01:13:18.098000,0 days 02:08:54.706000
2024-05-19 14:16:34.852,OnTrack,-460,-1510,783,pos,0 days 01:13:18.258000,0 days 02:08:54.866000
2024-05-19 14:16:35.193,OnTrack,-771,-1569,783,pos,0 days 01:13:18.599000,0 days 02:08:55.207000
2024-05-19 14:16:35.452,OnTrack,-933,-1582,784,pos,0 days 01:13:18.858000,0 days 02:08:55.466000
2024-05-19 14:16:35.773,OnTrack,-1255,-1593,785,pos,0 days 01:13:19.179000,0 days 02:08:55.787000
2024-05-19 14:16:36.232,OnTrack,-1637,-1613,786,pos,0 days 01:13:19.638000,0 days 02:08:56.246000
2024-05-19 14:16:36.573,OnTrack,-1845,-1625,787,pos,0 days 01:13:19.979000,0 days 02:08:56.587000
2024-05-19 14:16:36.772,OnTrack,-2007,-1634,788,pos,0 days 01:13:20.178000,0 days 02:08:56.786000
2024-05-19 14:16:36.991,OnTrack,-2186,-1644,788,pos,0 days 01:13:20.397000,0 days 02:08:57.005000
2024-05-19 14:16:37.152,OnTrack,-2317,-1651,789,pos,0 days 01:13:20.558000,0 days 02:08:57.166000
2024-05-19 14:16:37.331,OnTrack,-2464,-1660,790,pos,0 days 01:13:20.737000,0 days 02:08:57.345000
2024-05-19 14:16:37.692,OnTrack,-2795,-1673,791,pos,0 days 01:13:21.098000,0 days 02:08:57.706000
2024-05-19 14:16:37.972,OnTrack,-2996,-1679,792,pos,0 days 01:13:21.378000,0 days 02:08:57.986000
2024-05-19 14:16:38.212,OnTrack,-3197,-1687,793,pos,0 days 01:13:21.618000,0 days 02:08:58.226000
2024-05-19 14:16:38.472,OnTrack,-3450,-1695,794,pos,0 days 01:13:21.878000,0 days 02:08:58.486000
2024-05-19 14:16:38.892,OnTrack,-3770,-1688,795,pos,0 days 01:13:22.298000,0 days 02:08:58.906000
2024-05-19 14:16:39.112,OnTrack,-3955,-1668,796,pos,0 days 01:13:22.518000,0 days 02:08:59.126000
2024-05-19 14:16:39.231,OnTrack,-4057,-1652,797,pos,0 days 01:13:22.637000,0 days 02:08:59.245000
2024-05-19 14:16:39.472,OnTrack,-4260,-1612,798,pos,0 days 01:13:22.878000,0 days 02:08:59.486000
2024-05-19 14:16:39.672,OnTrack,-4428,-1575,799,pos,0 days 01:13:23.078000,0 days 02:08:59.686000
2024-05-19 14:16:39.832,OnTrack,-4563,-1543,800,pos,0 days 01:13:23.238000,0 days 02:08:59.846000
2024-05-19 14:16:40.012,OnTrack,-4714,-1506,801,pos,0 days 01:13:23.418000,0 days 02:09:00.026000
2024-05-19 14:16:40.292,OnTrack,-4948,-1448,803,pos,0 days 01:13:23.698000,0 days 02:09:00.306000
2024-05-19 14:16:40.532,OnTrack,-5150,-1399,804,pos,0 days 01:13:23.938000,0 days 02:09:00.546000
2024-05-19 14:16:40.732,OnTrack,-5318,-1359,806,pos,0 days 01:13:24.138000,0 days 02:09:00.746000
2024-05-19 14:16:40.932,OnTrack,-5522,-1315,807,pos,0 days 01:13:24.338000,0 days 02:09:00.946000
2024-05-19 14:16:41.352,OnTrack,-5847,-1262,810,pos,0 days 01:13:24.758000,0 days 02:09:01.366000
2024-05-19 14:16:41.552,OnTrack,-6142,-1238,812,pos,0 days 01:13:24.958000,0 days 02:09:01.566000
2024-05-19 14:16:41.932,OnTrack,-6422,-1230,814,pos,0 days 01:13:25.338000,0 days 02:09:01.946000
2024-05-19 14:16:42.192,OnTrack,-6579,-1230,815,pos,0 days 01:13:25.598000,0 days 02:09:02.206000
2024-05-19 14:16:42.412,OnTrack,-6772,-1231,816,pos,0 days 01:13:25.818000,0 days 02:09:02.426000
2024-05-19 14:16:42.613,OnTrack,-6947,-1234,817,pos,0 days 01:13:26.019000,0 days 02:09:02.627000
2024-05-19 14:16:42.853,OnTrack,-7158,-1242,817,pos,0 days 01:13:26.259000,0 days 02:09:02.867000
2024-05-19 14:16:43.072,OnTrack,-7351,-1255,818,pos,0 days 01:13:26.478000,0 days 02:09:03.086000
2024-05-19 14:16:43.332,OnTrack,-7579,-1275,818,pos,0 days 01:13:26.738000,0 days 02:09:03.346000
2024-05-19 14:16:43.551,OnTrack,-7772,-1295,818,pos,0 days 01:13:26.957000,0 days 02:09:03.565000
2024-05-19 14:16:43.851,OnTrack,-8123,-1338,818,pos,0 days 01:13:27.257000,0 days 02:09:03.865000
2024-05-19 14:16:44.111,OnTrack,-8316,-1364,819,pos,0 days 01:13:27.517000,0 days 02:09:04.125000
2024-05-19 14:16:44.371,OnTrack,-8544,-1395,819,pos,0 days 01:13:27.777000,0 days 02:09:04.385000
2024-05-19 14:16:44.552,OnTrack,-8702,-1417,819,pos,0 days 01:13:27.958000,0 days 02:09:04.566000
2024-05-19 14:16:44.832,OnTrack,-8983,-1458,819,pos,0 days 01:13:28.238000,0 days 02:09:04.846000
2024-05-19 14:16:45.132,OnTrack,-9209,-1498,819,pos,0 days 01:13:28.538000,0 days 02:09:05.146000
2024-05-19 14:16:45.432,OnTrack,-9541,-1588,819,pos,0 days 01:13:28.838000,0 days 02:09:05.446000
2024-05-19 14:16:45.832,OnTrack,-9780,-1664,819,pos,0 days 01:13:29.238000,0 days 02:09:05.846000
2024-05-19 14:16:46.272,OnTrack,-10032,-1743,819,pos,0 days 01:13:29.678000,0 days 02:09:06.286000
2024-05-19 14:16:46.672,OnTrack,-10219,-1809,818,pos,0 days 01:13:30.078000,0 days 02:09:06.686000
2024-05-19 14:16:47.032,OnTrack,-10289,-1857,818,pos,0 days 01:13:30.438000,0 days 02:09:07.046000
2024-05-19 14:16:47.332,OnTrack,-10379,-1999,818,pos,0 days 01:13:30.738000,0 days 02:09:07.346000
2024-05-19 14:16:47.692,OnTrack,-10408,-2097,819,pos,0 days 01:13:31.098000,0 days 02:09:07.706000
2024-05-19 14:16:47.952,OnTrack,-10453,-2243,819,pos,0 days 01:13:31.358000,0 days 02:09:07.966000
2024-05-19 14:16:48.212,OnTrack,-10480,-2304,819,pos,0 days 01:13:31.618000,0 days 02:09:08.226000
2024-05-19 14:16:48.452,OnTrack,-10582,-2439,818,pos,0 days 01:13:31.858000,0 days 02:09:08.466000
2024-05-19 14:16:48.872,OnTrack,-10727,-2554,819,pos,0 days 01:13:32.278000,0 days 02:09:08.886000
2024-05-19 14:16:49.212,OnTrack,-10813,-2608,820,pos,0 days 01:13:32.618000,0 days 02:09:09.226000
2024-05-19 14:16:49.552,OnTrack,-11009,-2722,821,pos,0 days 01:13:32.958000,0 days 02:09:09.566000
2024-05-19 14:16:49.812,OnTrack,-11061,-2752,822,pos,0 days 01:13:33.218000,0 days 02:09:09.826000
2024-05-19 14:16:50.111,OnTrack,-11194,-2830,823,pos,0 days 01:13:33.517000,0 days 02:09:10.125000
2024-05-19 14:16:50.371,OnTrack,-11313,-2902,824,pos,0 days 01:13:33.777000,0 days 02:09:10.385000
2024-05-19 14:16:50.532,OnTrack,-11386,-2948,824,pos,0 days 01:13:33.938000,0 days 02:09:10.546000
2024-05-19 14:16:50.792,OnTrack,-11516,-3044,825,pos,0 days 01:13:34.198000,0 days 02:09:10.806000
2024-05-19 14:16:51.032,OnTrack,-11608,-3135,825,pos,0 days 01:13:34.438000,0 days 02:09:11.046000
2024-05-19 14:16:51.312,OnTrack,-11707,-3274,825,pos,0 days 01:13:34.718000,0 days 02:09:11.326000
2024-05-19 14:16:51.612,OnTrack,-11801,-3473,826,pos,0 days 01:13:35.018000,0 days 02:09:11.626000
2024-05-19 14:16:51.932,OnTrack,-11867,-3644,827,pos,0 days 01:13:35.338000,0 days 02:09:11.946000
2024-05-19 14:16:52.192,OnTrack,-11927,-3805,828,pos,0 days 01:13:35.598000,0 days 02:09:12.206000
2024-05-19 14:16:52.352,OnTrack,-11965,-3906,828,pos,0 days 01:13:35.758000,0 days 02:09:12.366000
2024-05-19 14:16:52.652,OnTrack,-12047,-4126,829,pos,0 days 01:13:36.058000,0 days 02:09:12.666000
2024-05-19 14:16:52.972,OnTrack,-12117,-4310,830,pos,0 days 01:13:36.378000,0 days 02:09:12.986000
2024-05-19 14:16:53.272,OnTrack,-12214,-4567,830,pos,0 days 01:13:36.678000,0 days 02:09:13.286000
2024-05-19 14:16:53.512,OnTrack,-12255,-4677,830,pos,0 days 01:13:36.918000,0 days 02:09:13.526000
2024-05-19 14:16:53.691,OnTrack,-12301,-4801,831,pos,0 days 01:13:37.097000,0 days 02:09:13.705000
2024-05-19 14:16:53.992,OnTrack,-12380,-5010,831,pos,0 days 01:13:37.398000,0 days 02:09:14.006000
2024-05-19 14:16:54.172,OnTrack,-12427,-5137,832,pos,0 days 01:13:37.578000,0 days 02:09:14.186000
2024-05-19 14:16:54.392,OnTrack,-12486,-5293,832,pos,0 days 01:13:37.798000,0 days 02:09:14.406000
2024-05-19 14:16:54.632,OnTrack,-12576,-5535,833,pos,0 days 01:13:38.038000,0 days 02:09:14.646000
2024-05-19 14:16:55.032,OnTrack,-12658,-5750,833,pos,0 days 01:13:38.438000,0 days 02:09:15.046000
2024-05-19 14:16:55.312,OnTrack,-12734,-5953,834,pos,0 days 01:13:38.718000,0 days 02:09:15.326000
2024-05-19 14:16:55.333,OnTrack,-12740,-5967,834,pos,0 days 01:13:38.739000,0 days 02:09:15.347000
2024-05-19 14:16:55.692,OnTrack,-12864,-6284,835,pos,0 days 01:13:39.098000,0 days 02:09:15.706000
2024-05-19 14:16:56.092,OnTrack,-12960,-6513,835,pos,0 days 01:13:39.498000,0 days 02:09:16.106000
2024-05-19 14:16:56.272,OnTrack,-13015,-6642,836,pos,0 days 01:13:39.678000,0 days 02:09:16.286000
2024-05-19 14:16:56.412,OnTrack,-13057,-6741,836,pos,0 days 01:13:39.818000,0 days 02:09:16.426000
2024-05-19 14:16:56.671,OnTrack,-13144,-7000,837,pos,0 days 01:13:40.077000,0 days 02:09:16.685000
2024-05-19 14:16:57.032,OnTrack,-13163,-7156,838,pos,0 days 01:13:40.438000,0 days 02:09:17.046000
2024-05-19 14:16:57.252,OnTrack,-13156,-7295,839,pos,0 days 01:13:40.658000,0 days 02:09:17.266000
2024-05-19 14:16:57.471,OnTrack,-13117,-7515,840,pos,0 days 01:13:40.877000,0 days 02:09:17.485000
2024-05-19 14:16:57.951,OnTrack,-13063,-7739,842,pos,0 days 01:13:41.357000,0 days 02:09:17.965000
2024-05-19 14:16:58.251,OnTrack,-13037,-7858,843,pos,0 days 01:13:41.657000,0 days 02:09:18.265000
2024-05-19 14:16:58.551,OnTrack,-13024,-7993,843,pos,0 days 01:13:41.957000,0 days 02:09:18.565000
2024-05-19 14:16:58.732,OnTrack,-13032,-8069,844,pos,0 days 01:13:42.138000,0 days 02:09:18.746000
2024-05-19 14:16:58.892,OnTrack,-13053,-8132,845,pos,0 days 01:13:42.298000,0 days 02:09:18.906000
2024-05-19 14:16:59.131,OnTrack,-13109,-8219,846,pos,0 days 01:13:42.537000,0 days 02:09:19.145000
2024-05-19 14:16:59.391,OnTrack,-13196,-8305,847,pos,0 days 01:13:42.797000,0 days 02:09:19.405000
2024-05-19 14:16:59.592,OnTrack,-13304,-8399,848,pos,0 days 01:13:42.998000,0 days 02:09:19.606000
2024-05-19 14:16:59.892,OnTrack,-13377,-8461,849,pos,0 days 01:13:43.298000,0 days 02:09:19.906000
2024-05-19 14:17:00.112,OnTrack,-13461,-8532,850,pos,0 days 01:13:43.518000,0 days 02:09:20.126000
2024-05-19 14:17:00.352,OnTrack,-13555,-8611,851,pos,0 days 01:13:43.758000,0 days 02:09:20.366000
2024-05-19 14:17:00.472,OnTrack,-13603,-8653,852,pos,0 days 01:13:43.878000,0 days 02:09:20.486000
2024-05-19 14:17:00.732,OnTrack,-13711,-8745,854,pos,0 days 01:13:44.138000,0 days 02:09:20.746000
2024-05-19 14:17:00.992,OnTrack,-13876,-8883,857,pos,0 days 01:13:44.398000,0 days 02:09:21.006000
2024-05-19 14:17:01.372,OnTrack,-13992,-8983,859,pos,0 days 01:13:44.778000,0 days 02:09:21.386000
2024-05-19 14:17:01.652,OnTrack,-14146,-9130,864,pos,0 days 01:13:45.058000,0 days 02:09:21.666000
2024-05-19 14:17:01.992,OnTrack,-14260,-9243,869,pos,0 days 01:13:45.398000,0 days 02:09:22.006000
2024-05-19 14:17:02.133,OnTrack,-14321,-9305,872,pos,0 days 01:13:45.539000,0 days 02:09:22.147000
2024-05-19 14:17:02.433,OnTrack,-14455,-9437,878,pos,0 days 01:13:45.839000,0 days 02:09:22.447000
2024-05-19 14:17:02.652,OnTrack,-14554,-9528,883,pos,0 days 01:13:46.058000,0 days 02:09:22.666000
2024-05-19 14:17:02.852,OnTrack,-14665,-9633,887,pos,0 days 01:13:46.258000,0 days 02:09:22.866000
2024-05-19 14:17:03.292,OnTrack,-14781,-9755,893,pos,0 days 01:13:46.698000,0 days 02:09:23.306000
2024-05-19 14:17:03.512,OnTrack,-14835,-9825,897,pos,0 days 01:13:46.918000,0 days 02:09:23.526000
2024-05-19 14:17:03.612,OnTrack,-14855,-9857,898,pos,0 days 01:13:47.018000,0 days 02:09:23.626000
2024-05-19 14:17:03.832,OnTrack,-14902,-9965,901,pos,0 days 01:13:47.238000,0 days 02:09:23.846000
2024-05-19 14:17:04.152,OnTrack,-14914,-10028,903,pos,0 days 01:13:47.558000,0 days 02:09:24.166000
2024-05-19 14:17:04.511,OnTrack,-14906,-10137,908,pos,0 days 01:13:47.917000,0 days 02:09:24.525000
2024-05-19 14:17:04.612,OnTrack,-14896,-10164,910,pos,0 days 01:13:48.018000,0 days 02:09:24.626000
2024-05-19 14:17:04.831,OnTrack,-14867,-10220,913,pos,0 days 01:13:48.237000,0 days 02:09:24.845000
2024-05-19 14:17:05.051,OnTrack,-14829,-10267,916,pos,0 days 01:13:48.457000,0 days 02:09:25.065000
2024-05-19 14:17:05.351,OnTrack,-14755,-10326,921,pos,0 days 01:13:48.757000,0 days 02:09:25.365000
2024-05-19 14:17:05.752,OnTrack,-14677,-10364,924,pos,0 days 01:13:49.158000,0 days 02:09:25.766000
2024-05-19 14:17:05.952,OnTrack,-14623,-10379,927,pos,0 days 01:13:49.358000,0 days 02:09:25.966000
2024-05-19 14:17:06.252,OnTrack,-14549,-10391,931,pos,0 days 01:13:49.658000,0 days 02:09:26.266000
2024-05-19 14:17:06.432,OnTrack,-14500,-10395,934,pos,0 days 01:13:49.838000,0 days 02:09:26.446000
2024-05-19 14:17:06.612,OnTrack,-14449,-10395,937,pos,0 days 01:13:50.018000,0 days 02:09:26.626000
2024-05-19 14:17:06.972,OnTrack,-14297,-10382,944,pos,0 days 01:13:50.378000,0 days 02:09:26.986000
2024-05-19 14:17:07.352,OnTrack,-14242,-10375,947,pos,0 days 01:13:50.758000,0 days 02:09:27.366000
2024-05-19 14:17:07.752,OnTrack,-14112,-10353,952,pos,0 days 01:13:51.158000,0 days 02:09:27.766000
2024-05-19 14:17:07.932,OnTrack,-13977,-10327,958,pos,0 days 01:13:51.338000,0 days 02:09:27.946000
2024-05-19 14:17:08.252,OnTrack,-13895,-10310,962,pos,0 days 01:13:51.658000,0 days 02:09:28.266000
2024-05-19 14:17:08.472,OnTrack,-13790,-10288,966,pos,0 days 01:13:51.878000,0 days 02:09:28.486000
2024-05-19 14:17:08.733,OnTrack,-13585,-10247,975,pos,0 days 01:13:52.139000,0 days 02:09:28.747000
2024-05-19 14:17:09.152,OnTrack,-13388,-10212,983,pos,0 days 01:13:52.558000,0 days 02:09:29.166000
2024-05-19 14:17:09.452,OnTrack,-13262,-10189,987,pos,0 days 01:13:52.858000,0 days 02:09:29.466000
2024-05-19 14:17:09.792,OnTrack,-13059,-10153,995,pos,0 days 01:13:53.198000,0 days 02:09:29.806000
2024-05-19 14:17:10.011,OnTrack,-12885,-10126,1000,pos,0 days 01:13:53.417000,0 days 02:09:30.025000
2024-05-19 14:17:10.251,OnTrack,-12772,-10108,1004,pos,0 days 01:13:53.657000,0 days 02:09:30.265000
2024-05-19 14:17:10.491,OnTrack,-12617,-10085,1009,pos,0 days 01:13:53.897000,0 days 02:09:30.505000
2024-05-19 14:17:10.731,OnTrack,-12458,-10062,1014,pos,0 days 01:13:54.137000,0 days 02:09:30.745000
2024-05-19 14:17:11.051,OnTrack,-12213,-10028,1026,pos,0 days 01:13:54.457000,0 days 02:09:31.065000
2024-05-19 14:17:11.311,OnTrack,-12060,-10007,1035,pos,0 days 01:13:54.717000,0 days 02:09:31.325000
2024-05-19 14:17:11.552,OnTrack,-11878,-9982,1048,pos,0 days 01:13:54.958000,0 days 02:09:31.566000
2024-05-19 14:17:11.792,OnTrack,-11594,-9951,1066,pos,0 days 01:13:55.198000,0 days 02:09:31.806000
2024-05-19 14:17:12.132,OnTrack,-11451,-9937,1075,pos,0 days 01:13:55.538000,0 days 02:09:32.146000
2024-05-19 14:17:12.312,OnTrack,-11321,-9927,1083,pos,0 days 01:13:55.718000,0 days 02:09:32.326000
2024-05-19 14:17:12.632,OnTrack,-11088,-9919,1097,pos,0 days 01:13:56.038000,0 days 02:09:32.646000
2024-05-19 14:17:12.792,OnTrack,-10971,-9918,1104,pos,0 days 01:13:56.198000,0 days 02:09:32.806000
2024-05-19 14:17:13.052,OnTrack,-10721,-9924,1116,pos,0 days 01:13:56.458000,0 days 02:09:33.066000
2024-05-19 14:17:13.372,OnTrack,-10544,-9936,1121,pos,0 days 01:13:56.778000,0 days 02:09:33.386000
2024-05-19 14:17:13.592,OnTrack,-10381,-9951,1122,pos,0 days 01:13:56.998000,0 days 02:09:33.606000
2024-05-19 14:17:13.772,OnTrack,-10248,-9966,1122,pos,0 days 01:13:57.178000,0 days 02:09:33.786000
2024-05-19 14:17:13.972,OnTrack,-10101,-9983,1121,pos,0 days 01:13:57.378000,0 days 02:09:33.986000
2024-05-19 14:17:14.172,OnTrack,-9953,-10000,1120,pos,0 days 01:13:57.578000,0 days 02:09:34.186000
2024-05-19 14:17:14.532,OnTrack,-9583,-10042,1117,pos,0 days 01:13:57.938000,0 days 02:09:34.546000
2024-05-19 14:17:14.792,OnTrack,-9496,-10052,1116,pos,0 days 01:13:58.198000,0 days 02:09:34.806000
2024-05-19 14:17:15.052,OnTrack,-9321,-10067,1115,pos,0 days 01:13:58.458000,0 days 02:09:35.066000
2024-05-19 14:17:15.253,OnTrack,-9198,-10071,1114,pos,0 days 01:13:58.659000,0 days 02:09:35.267000
2024-05-19 14:17:15.493,OnTrack,-9103,-10066,1114,pos,0 days 01:13:58.899000,0 days 02:09:35.507000
2024-05-19 14:17:15.692,OnTrack,-8998,-10048,1114,pos,0 days 01:13:59.098000,0 days 02:09:35.706000
2024-05-19 14:17:15.872,OnTrack,-8909,-10018,1114,pos,0 days 01:13:59.278000,0 days 02:09:35.886000
2024-05-19 14:17:16.132,OnTrack,-8790,-9953,1113,pos,0 days 01:13:59.538000,0 days 02:09:36.146000
2024-05-19 14:17:16.293,OnTrack,-8725,-9901,1110,pos,0 days 01:13:59.699000,0 days 02:09:36.307000
2024-05-19 14:17:16.491,OnTrack,-8653,-9822,1107,pos,0 days 01:13:59.897000,0 days 02:09:36.505000
2024-05-19 14:17:16.711,OnTrack,-8585,-9719,1104,pos,0 days 01:14:00.117000,0 days 02:09:36.725000
2024-05-19 14:17:16.832,OnTrack,-8551,-9658,1102,pos,0 days 01:14:00.238000,0 days 02:09:36.846000
2024-05-19 14:17:17.091,OnTrack,-8482,-9523,1098,pos,0 days 01:14:00.497000,0 days 02:09:37.105000
2024-05-19 14:17:17.392,OnTrack,-8375,-9295,1091,pos,0 days 01:14:00.798000,0 days 02:09:37.406000
2024-05-19 14:17:17.652,OnTrack,-8343,-9215,1088,pos,0 days 01:14:01.058000,0 days 02:09:37.666000
2024-05-19 14:17:18.052,OnTrack,-8264,-8920,1077,pos,0 days 01:14:01.458000,0 days 02:09:38.066000
2024-05-19 14:17:18.372,OnTrack,-8243,-8763,1069,pos,0 days 01:14:01.778000,0 days 02:09:38.386000
2024-05-19 14:17:18.552,OnTrack,-8237,-8642,1062,pos,0 days 01:14:01.958000,0 days 02:09:38.566000
2024-05-19 14:17:18.752,OnTrack,-8239,-8504,1054,pos,0 days 01:14:02.158000,0 days 02:09:38.766000
2024-05-19 14:17:19.072,OnTrack,-8269,-8200,1030,pos,0 days 01:14:02.478000,0 days 02:09:39.086000
2024-05-19 14:17:19.412,OnTrack,-8291,-8060,1016,pos,0 days 01:14:02.818000,0 days 02:09:39.426000
2024-05-19 14:17:19.572,OnTrack,-8312,-7947,1006,pos,0 days 01:14:02.978000,0 days 02:09:39.586000
2024-05-19 14:17:19.792,OnTrack,-8344,-7792,993,pos,0 days 01:14:03.198000,0 days 02:09:39.806000
2024-05-19 14:17:20.012,OnTrack,-8380,-7636,981,pos,0 days 01:14:03.418000,0 days 02:09:40.026000
2024-05-19 14:17:20.192,OnTrack,-8409,-7508,973,pos,0 days 01:14:03.598000,0 days 02:09:40.206000
2024-05-19 14:17:20.452,OnTrack,-8452,-7321,961,pos,0 days 01:14:03.858000,0 days 02:09:40.466000
2024-05-19 14:17:20.712,OnTrack,-8498,-7119,950,pos,0 days 01:14:04.118000,0 days 02:09:40.726000
2024-05-19 14:17:20.952,OnTrack,-8535,-6959,942,pos,0 days 01:14:04.358000,0 days 02:09:40.966000
2024-05-19 14:17:21.272,OnTrack,-8607,-6638,925,pos,0 days 01:14:04.678000,0 days 02:09:41.286000
2024-05-19 14:17:21.612,OnTrack,-8638,-6477,917,pos,0 days 01:14:05.018000,0 days 02:09:41.626000
2024-05-19 14:17:21.932,OnTrack,-8648,-6211,904,pos,0 days 01:14:05.338000,0 days 02:09:41.946000
2024-05-19 14:17:22.353,OnTrack,-8573,-5963,898,pos,0 days 01:14:05.759000,0 days 02:09:42.367000
2024-05-19 14:17:22.512,OnTrack,-8524,-5862,897,pos,0 days 01:14:05.918000,0 days 02:09:42.526000
2024-05-19 14:17:22.752,OnTrack,-8417,-5672,897,pos,0 days 01:14:06.158000,0 days 02:09:42.766000
2024-05-19 14:17:23.031,OnTrack,-8374,-5601,897,pos,0 days 01:14:06.437000,0 days 02:09:43.045000
2024-05-19 14:17:23.192,OnTrack,-8333,-5539,898,pos,0 days 01:14:06.598000,0 days 02:09:43.206000
2024-05-19 14:17:23.452,OnTrack,-8263,-5450,902,pos,0 days 01:14:06.858000,0 days 02:09:43.466000
2024-05-19 14:17:23.732,OnTrack,-8183,-5380,904,pos,0 days 01:14:07.138000,0 days 02:09:43.746000
2024-05-19 14:17:23.891,OnTrack,-8133,-5351,906,pos,0 days 01:14:07.297000,0 days 02:09:43.905000
2024-05-19 14:17:24.171,OnTrack,-8012,-5325,912,pos,0 days 01:14:07.577000,0 days 02:09:44.185000
2024-05-19 14:17:24.572,OnTrack,-7897,-5340,921,pos,0 days 01:14:07.978000,0 days 02:09:44.586000
2024-05-19 14:17:24.812,OnTrack,-7812,-5360,929,pos,0 days 01:14:08.218000,0 days 02:09:44.826000
2024-05-19 14:17:25.012,OnTrack,-7741,-5380,936,pos,0 days 01:14:08.418000,0 days 02:09:45.026000
2024-05-19 14:17:25.092,OnTrack,-7713,-5388,939,pos,0 days 01:14:08.498000,0 days 02:09:45.106000
2024-05-19 14:17:25.251,OnTrack,-7653,-5402,943,pos,0 days 01:14:08.657000,0 days 02:09:45.265000
2024-05-19 14:17:25.511,OnTrack,-7553,-5421,954,pos,0 days 01:14:08.917000,0 days 02:09:45.525000
2024-05-19 14:17:25.672,OnTrack,-7487,-5430,959,pos,0 days 01:14:09.078000,0 days 02:09:45.686000
2024-05-19 14:17:25.932,OnTrack,-7373,-5439,969,pos,0 days 01:14:09.338000,0 days 02:09:45.946000
2024-05-19 14:17:26.192,OnTrack,-7183,-5443,985,pos,0 days 01:14:09.598000,0 days 02:09:46.206000
2024-05-19 14:17:26.692,OnTrack,-6967,-5442,1000,pos,0 days 01:14:10.098000,0 days 02:09:46.706000
2024-05-19 14:17:26.992,OnTrack,-6836,-5440,1008,pos,0 days 01:14:10.398000,0 days 02:09:47.006000
2024-05-19 14:17:27.132,OnTrack,-6758,-5440,1012,pos,0 days 01:14:10.538000,0 days 02:09:47.146000
2024-05-19 14:17:27.372,OnTrack,-6621,-5438,1019,pos,0 days 01:14:10.778000,0 days 02:09:47.386000
2024-05-19 14:17:27.632,OnTrack,-6466,-5437,1025,pos,0 days 01:14:11.038000,0 days 02:09:47.646000
2024-05-19 14:17:27.872,OnTrack,-6318,-5436,1030,pos,0 days 01:14:11.278000,0 days 02:09:47.886000
2024-05-19 14:17:28.152,OnTrack,-6141,-5435,1035,pos,0 days 01:14:11.558000,0 days 02:09:48.166000
2024-05-19 14:17:28.232,OnTrack,-6090,-5434,1037,pos,0 days 01:14:11.638000,0 days 02:09:48.246000
2024-05-19 14:17:28.432,OnTrack,-5867,-5432,1043,pos,0 days 01:14:11.838000,0 days 02:09:48.446000
2024-05-19 14:17:28.952,OnTrack,-5569,-5430,1052,pos,0 days 01:14:12.358000,0 days 02:09:48.966000
2024-05-19 14:17:29.252,OnTrack,-5404,-5428,1056,pos,0 days 01:14:12.658000,0 days 02:09:49.266000
2024-05-19 14:17:29.512,OnTrack,-5167,-5420,1063,pos,0 days 01:14:12.918000,0 days 02:09:49.526000
2024-05-19 14:17:29.972,OnTrack,-4848,-5394,1073,pos,0 days 01:14:13.378000,0 days 02:09:49.986000
2024-05-19 14:17:30.371,OnTrack,-4550,-5368,1079,pos,0 days 01:14:13.777000,0 days 02:09:50.385000
2024-05-19 14:17:30.611,OnTrack,-4451,-5359,1081,pos,0 days 01:14:14.017000,0 days 02:09:50.625000
2024-05-19 14:17:30.872,OnTrack,-4266,-5344,1083,pos,0 days 01:14:14.278000,0 days 02:09:50.886000
2024-05-19 14:17:31.211,OnTrack,-4023,-5324,1085,pos,0 days 01:14:14.617000,0 days 02:09:51.225000
2024-05-19 14:17:31.352,OnTrack,-3828,-5308,1086,pos,0 days 01:14:14.758000,0 days 02:09:51.366000
2024-05-19 14:17:31.692,OnTrack,-3706,-5298,1087,pos,0 days 01:14:15.098000,0 days 02:09:51.706000
2024-05-19 14:17:31.872,OnTrack,-3606,-5290,1087,pos,0 days 01:14:15.278000,0 days 02:09:51.886000
2024-05-19 14:17:32.112,OnTrack,-3484,-5281,1087,pos,0 days 01:14:15.518000,0 days 02:09:52.126000
2024-05-19 14:17:32.352,OnTrack,-3376,-5274,1089,pos,0 days 01:14:15.758000,0 days 02:09:52.366000
2024-05-19 14:17:32.532,OnTrack,-3305,-5273,1090,pos,0 days 01:14:15.938000,0 days 02:09:52.546000
2024-05-19 14:17:32.792,OnTrack,-3222,-5279,1092,pos,0 days 01:14:16.198000,0 days 02:09:52.806000
2024-05-19 14:17:32.972,OnTrack,-3172,-5298,1093,pos,0 days 01:14:16.378000,0 days 02:09:52.986000
2024-05-19 14:17:33.232,OnTrack,-3103,-5351,1095,pos,0 days 01:14:16.638000,0 days 02:09:53.246000
2024-05-19 14:17:33.312,OnTrack,-3084,-5370,1096,pos,0 days 01:14:16.718000,0 days 02:09:53.326000
2024-05-19 14:17:33.532,OnTrack,-3034,-5426,1096,pos,0 days 01:14:16.938000,0 days 02:09:53.546000
2024-05-19 14:17:33.752,OnTrack,-2985,-5476,1096,pos,0 days 01:14:17.158000,0 days 02:09:53.766000
2024-05-19 14:17:33.993,OnTrack,-2930,-5519,1096,pos,0 days 01:14:17.399000,0 days 02:09:54.007000
2024-05-19 14:17:34.232,OnTrack,-2871,-5548,1096,pos,0 days 01:14:17.638000,0 days 02:09:54.246000
2024-05-19 14:17:34.472,OnTrack,-2798,-5563,1094,pos,0 days 01:14:17.878000,0 days 02:09:54.486000
2024-05-19 14:17:34.712,OnTrack,-2745,-5559,1093,pos,0 days 01:14:18.118000,0 days 02:09:54.726000
2024-05-19 14:17:35.012,OnTrack,-2664,-5540,1092,pos,0 days 01:14:18.418000,0 days 02:09:55.026000
2024-05-19 14:17:35.232,OnTrack,-2604,-5522,1090,pos,0 days 01:14:18.638000,0 days 02:09:55.246000
2024-05-19 14:17:35.413,OnTrack,-2554,-5505,1089,pos,0 days 01:14:18.819000,0 days 02:09:55.427000
2024-05-19 14:17:35.592,OnTrack,-2503,-5485,1088,pos,0 days 01:14:18.998000,0 days 02:09:55.606000
2024-05-19 14:17:35.913,OnTrack,-2405,-5443,1086,pos,0 days 01:14:19.319000,0 days 02:09:55.927000
2024-05-19 14:17:36.092,OnTrack,-2325,-5405,1084,pos,0 days 01:14:19.498000,0 days 02:09:56.106000
2024-05-19 14:17:36.532,OnTrack,-2153,-5317,1080,pos,0 days 01:14:19.938000,0 days 02:09:56.546000
2024-05-19 14:17:36.812,OnTrack,-2072,-5274,1078,pos,0 days 01:14:20.218000,0 days 02:09:56.826000
2024-05-19 14:17:37.092,OnTrack,-1886,-5175,1074,pos,0 days 01:14:20.498000,0 days 02:09:57.106000
2024-05-19 14:17:37.431,OnTrack,-1791,-5126,1072,pos,0 days 01:14:20.837000,0 days 02:09:57.445000
2024-05-19 14:17:37.731,OnTrack,-1644,-5051,1069,pos,0 days 01:14:21.137000,0 days 02:09:57.745000
2024-05-19 14:17:37.971,OnTrack,-1477,-4972,1066,pos,0 days 01:14:21.377000,0 days 02:09:57.985000
2024-05-19 14:17:38.392,OnTrack,-1276,-4880,1063,pos,0 days 01:14:21.798000,0 days 02:09:58.406000
2024-05-19 14:17:38.492,OnTrack,-1218,-4854,1062,pos,0 days 01:14:21.898000,0 days 02:09:58.506000
2024-05-19 14:17:38.831,OnTrack,-978,-4729,1057,pos,0 days 01:14:22.237000,0 days 02:09:58.845000
2024-05-19 14:17:39.172,OnTrack,-830,-4639,1053,pos,0 days 01:14:22.578000,0 days 02:09:59.186000
2024-05-19 14:17:39.432,OnTrack,-682,-4539,1049,pos,0 days 01:14:22.838000,0 days 02:09:59.446000
2024-05-19 14:17:39.632,OnTrack,-534,-4434,1044,pos,0 days 01:14:23.038000,0 days 02:09:59.646000
2024-05-19 14:17:39.932,OnTrack,-397,-4333,1040,pos,0 days 01:14:23.338000,0 days 02:09:59.946000
2024-05-19 14:17:40.132,OnTrack,-283,-4245,1037,pos,0 days 01:14:23.538000,0 days 02:10:00.146000
2024-05-19 14:17:40.312,OnTrack,-181,-4163,1034,pos,0 days 01:14:23.718000,0 days 02:10:00.326000
2024-05-19 14:17:40.472,OnTrack,-91,-4087,1031,pos,0 days 01:14:23.878000,0 days 02:10:00.486000
2024-05-19 14:17:40.832,OnTrack,170,-3839,1024,pos,0 days 01:14:24.238000,0 days 02:10:00.846000
2024-05-19 14:17:41.152,OnTrack,309,-3692,1020,pos,0 days 01:14:24.558000,0 days 02:10:01.166000
2024-05-19 14:17:41.412,OnTrack,443,-3545,1015,pos,0 days 01:14:24.818000,0 days 02:10:01.426000
2024-05-19 14:17:41.613,OnTrack,608,-3361,1007,pos,0 days 01:14:25.019000,0 days 02:10:01.627000
2024-05-19 14:17:41.992,OnTrack,745,-3210,999,pos,0 days 01:14:25.398000,0 days 02:10:02.006000
2024-05-19 14:17:42.153,OnTrack,829,-3116,993,pos,0 days 01:14:25.559000,0 days 02:10:02.167000
2024-05-19 14:17:42.493,OnTrack,1011,-2916,979,pos,0 days 01:14:25.899000,0 days 02:10:02.507000
2024-05-19 14:17:42.672,OnTrack,1107,-2809,971,pos,0 days 01:14:26.078000,0 days 02:10:02.686000
2024-05-19 14:17:42.851,OnTrack,1204,-2702,962,pos,0 days 01:14:26.257000,0 days 02:10:02.865000
2024-05-19 14:17:43.052,OnTrack,1314,-2583,952,pos,0 days 01:14:26.458000,0 days 02:10:03.066000
2024-05-19 14:17:43.292,OnTrack,1450,-2446,940,pos,0 days 01:14:26.698000,0 days 02:10:03.306000
2024-05-19 14:17:43.572,OnTrack,1623,-2302,925,pos,0 days 01:14:26.978000,0 days 02:10:03.586000
2024-05-19 14:17:43.751,OnTrack,1744,-2222,916,pos,0 days 01:14:27.157000,0 days 02:10:03.765000
2024-05-19 14:17:43.951,OnTrack,1993,-2097,896,pos,0 days 01:14:27.357000,0 days 02:10:03.965000
2024-05-19 14:17:44.311,OnTrack,2179,-2022,882,pos,0 days 01:14:27.717000,0 days 02:10:04.325000
2024-05-19 14:17:44.592,OnTrack,2458,-1910,860,pos,0 days 01:14:27.998000,0 days 02:10:04.606000
2024-05-19 14:17:44.892,OnTrack,2587,-1857,850,pos,0 days 01:14:28.298000,0 days 02:10:04.906000
2024-05-19 14:17:45.232,OnTrack,2777,-1779,836,pos,0 days 01:14:28.638000,0 days 02:10:05.246000
2024-05-19 14:17:45.412,OnTrack,2863,-1743,830,pos,0 days 01:14:28.818000,0 days 02:10:05.426000
2024-05-19 14:17:45.671,OnTrack,2973,-1692,824,pos,0 days 01:14:29.077000,0 days 02:10:05.685000
2024-05-19 14:17:45.712,OnTrack,2988,-1684,823,pos,0 days 01:14:29.118000,0 days 02:10:05.726000
2024-05-19 14:17:45.992,OnTrack,3114,-1582,814,pos,0 days 01:14:29.398000,0 days 02:10:06.006000
2024-05-19 14:17:46.372,OnTrack,3158,-1513,810,pos,0 days 01:14:29.778000,0 days 02:10:06.386000
2024-05-19 14:17:46.572,OnTrack,3180,-1449,808,pos,0 days 01:14:29.978000,0 days 02:10:06.586000
2024-05-19 14:17:46.832,OnTrack,3190,-1363,804,pos,0 days 01:14:30.238000,0 days 02:10:06.846000
2024-05-19 14:17:47.112,OnTrack,3182,-1272,801,pos,0 days 01:14:30.518000,0 days 02:10:07.126000
2024-05-19 14:17:47.272,OnTrack,3172,-1223,799,pos,0 days 01:14:30.678000,0 days 02:10:07.286000
2024-05-19 14:17:47.452,OnTrack,3158,-1168,798,pos,0 days 01:14:30.858000,0 days 02:10:07.466000
2024-05-19 14:17:47.652,OnTrack,3139,-1107,797,pos,0 days 01:14:31.058000,0 days 02:10:07.666000
2024-05-19 14:17:47.832,OnTrack,3106,-1007,795,pos,0 days 01:14:31.238000,0 days 02:10:07.846000
2024-05-19 14:17:48.232,OnTrack,3075,-921,794,pos,0 days 01:14:31.638000,0 days 02:10:08.246000
2024-05-19 14:17:48.532,OnTrack,3009,-768,792,pos,0 days 01:14:31.938000,0 days 02:10:08.546000
2024-05-19 14:17:48.852,OnTrack,2969,-691,791,pos,0 days 01:14:32.258000,0 days 02:10:08.866000
2024-05-19 14:17:49.092,OnTrack,2913,-599,790,pos,0 days 01:14:32.498000,0 days 02:10:09.106000
2024-05-19 14:17:49.331,OnTrack,2848,-519,789,pos,0 days 01:14:32.737000,0 days 02:10:09.345000
2024-05-19 14:17:49.552,OnTrack,2780,-460,788,pos,0 days 01:14:32.958000,0 days 02:10:09.566000
2024-05-19 14:17:49.792,OnTrack,2682,-406,787,pos,0 days 01:14:33.198000,0 days 02:10:09.806000
2024-05-19 14:17:50.052,OnTrack,2600,-379,787,pos,0 days 01:14:33.458000,0 days 02:10:10.066000
2024-05-19 14:17:50.352,OnTrack,2447,-359,786,pos,0 days 01:14:33.758000,0 days 02:10:10.366000
2024-05-19 14:17:50.692,OnTrack,2355,-362,786,pos,0 days 01:14:34.098000,0 days 02:10:10.706000
2024-05-19 14:17:50.912,OnTrack,2222,-385,784,pos,0 days 01:14:34.318000,0 days 02:10:10.926000
2024-05-19 14:17:51.232,OnTrack,2143,-411,783,pos,0 days 01:14:34.638000,0 days 02:10:11.246000
2024-05-19 14:17:51.492,OnTrack,2037,-455,782,pos,0 days 01:14:34.898000,0 days 02:10:11.506000
2024-05-19 14:17:51.812,OnTrack,1858,-539,780,pos,0 days 01:14:35.218000,0 days 02:10:11.826000
2024-05-19 14:17:52.112,OnTrack,1787,-571,780,pos,0 days 01:14:35.518000,0 days 02:10:12.126000
2024-05-19 14:17:52.392,OnTrack,1651,-633,778,pos,0 days 01:14:35.798000,0 days 02:10:12.406000
2024-05-19 14:17:52.612,OnTrack,1540,-683,778,pos,0 days 01:14:36.018000,0 days 02:10:12.626000
2024-05-19 14:17:52.812,OnTrack,1434,-731,778,pos,0 days 01:14:36.218000,0 days 02:10:12.826000
2024-05-19 14:17:52.992,OnTrack,1260,-810,778,pos,0 days 01:14:36.398000,0 days 02:10:13.006000
2024-05-19 14:17:53.432,OnTrack,1090,-887,778,pos,0 days 01:14:36.838000,0 days 02:10:13.446000
2024-05-19 14:17:53.512,OnTrack,1044,-908,778,pos,0 days 01:14:36.918000,0 days 02:10:13.526000
2024-05-19 14:17:53.732,OnTrack,916,-966,779,pos,0 days 01:14:37.138000,0 days 02:10:13.746000
2024-05-19 14:17:54.072,OnTrack,708,-1054,779,pos,0 days 01:14:37.478000,0 days 02:10:14.086000
2024-05-19 14:17:54.292,OnTrack,570,-1112,780,pos,0 days 01:14:37.698000,0 days 02:10:14.306000
2024-05-19 14:17:54.472,OnTrack,456,-1160,780,pos,0 days 01:14:37.878000,0 days 02:10:14.486000
2024-05-19 14:17:54.552,OnTrack,404,-1181,780,pos,0 days 01:14:37.958000,0 days 02:10:14.566000
2024-05-19 14:17:54.792,OnTrack,247,-1247,781,pos,0 days 01:14:38.198000,0 days 02:10:14.806000
2024-05-19 14:17:55.012,OnTrack,102,-1309,781,pos,0 days 01:14:38.418000,0 days 02:10:15.026000
2024-05-19 14:17:55.273,OnTrack,-72,-1380,781,pos,0 days 01:14:38.679000,0 days 02:10:15.287000
2024-05-19 14:17:55.452,OnTrack,-196,-1428,782,pos,0 days 01:14:38.858000,0 days 02:10:15.466000
2024-05-19 14:17:55.712,OnTrack,-379,-1488,782,pos,0 days 01:14:39.118000,0 days 02:10:15.726000
2024-05-19 14:17:55.833,OnTrack,-466,-1512,783,pos,0 days 01:14:39.239000,0 days 02:10:15.847000
2024-05-19 14:17:56.052,OnTrack,-629,-1548,783,pos,0 days 01:14:39.458000,0 days 02:10:16.066000
2024-05-19 14:17:56.312,OnTrack,-826,-1574,783,pos,0 days 01:14:39.718000,0 days 02:10:16.326000
2024-05-19 14:17:56.471,OnTrack,-1001,-1585,784,pos,0 days 01:14:39.877000,0 days 02:10:16.485000
2024-05-19 14:17:56.731,OnTrack,-1207,-1592,785,pos,0 days 01:14:40.137000,0 days 02:10:16.745000
2024-05-19 14:17:56.831,OnTrack,-1274,-1594,785,pos,0 days 01:14:40.237000,0 days 02:10:16.845000
2024-05-19 14:17:57.091,OnTrack,-1473,-1603,786,pos,0 days 01:14:40.497000,0 days 02:10:17.105000
2024-05-19 14:17:57.272,OnTrack,-1616,-1612,786,pos,0 days 01:14:40.678000,0 days 02:10:17.286000
2024-05-19 14:17:57.571,OnTrack,-1857,-1625,787,pos,0 days 01:14:40.977000,0 days 02:10:17.585000
2024-05-19 14:17:57.732,OnTrack,-1986,-1633,788,pos,0 days 01:14:41.138000,0 days 02:10:17.746000
2024-05-19 14:17:57.812,OnTrack,-2051,-1636,788,pos,0 days 01:14:41.218000,0 days 02:10:17.826000
2024-05-19 14:17:58.171,OnTrack,-2345,-1653,789,pos,0 days 01:14:41.577000,0 days 02:10:18.185000
2024-05-19 14:17:58.411,OnTrack,-2624,-1668,791,pos,0 days 01:14:41.817000,0 days 02:10:18.425000
2024-05-19 14:17:58.711,OnTrack,-2789,-1673,791,pos,0 days 01:14:42.117000,0 days 02:10:18.725000
2024-05-19 14:17:58.991,OnTrack,-3022,-1680,792,pos,0 days 01:14:42.397000,0 days 02:10:19.005000
2024-05-19 14:17:59.192,OnTrack,-3190,-1686,793,pos,0 days 01:14:42.598000,0 days 02:10:19.206000
2024-05-19 14:17:59.392,OnTrack,-3458,-1695,794,pos,0 days 01:14:42.798000,0 days 02:10:19.406000
2024-05-19 14:17:59.852,OnTrack,-3843,-1681,796,pos,0 days 01:14:43.258000,0 days 02:10:19.866000
2024-05-19 14:18:00.232,OnTrack,-4063,-1650,797,pos,0 days 01:14:43.638000,0 days 02:10:20.246000
2024-05-19 14:18:00.492,OnTrack,-4283,-1607,798,pos,0 days 01:14:43.898000,0 days 02:10:20.506000
2024-05-19 14:18:00.552,OnTrack,-4333,-1596,798,pos,0 days 01:14:43.958000,0 days 02:10:20.566000
2024-05-19 14:18:00.912,OnTrack,-4652,-1522,800,pos,0 days 01:14:44.318000,0 days 02:10:20.926000
2024-05-19 14:18:01.193,OnTrack,-4986,-1439,803,pos,0 days 01:14:44.599000,0 days 02:10:21.207000
2024-05-19 14:18:01.712,OnTrack,-5405,-1339,806,pos,0 days 01:14:45.118000,0 days 02:10:21.726000
2024-05-19 14:18:01.972,OnTrack,-5523,-1314,807,pos,0 days 01:14:45.378000,0 days 02:10:21.986000
2024-05-19 14:18:02.293,OnTrack,-5898,-1256,811,pos,0 days 01:14:45.699000,0 days 02:10:22.307000
2024-05-19 14:18:02.731,OnTrack,-6280,-1233,814,pos,0 days 01:14:46.137000,0 days 02:10:22.745000
2024-05-19 14:18:02.991,OnTrack,-6401,-1230,814,pos,0 days 01:14:46.397000,0 days 02:10:23.005000
2024-05-19 14:18:03.212,OnTrack,-6593,-1230,815,pos,0 days 01:14:46.618000,0 days 02:10:23.226000
2024-05-19 14:18:03.412,OnTrack,-6767,-1231,816,pos,0 days 01:14:46.818000,0 days 02:10:23.426000
2024-05-19 14:18:03.672,OnTrack,-6993,-1236,817,pos,0 days 01:14:47.078000,0 days 02:10:23.686000
2024-05-19 14:18:03.851,OnTrack,-7149,-1242,817,pos,0 days 01:14:47.257000,0 days 02:10:23.865000
2024-05-19 14:18:04.032,OnTrack,-7306,-1251,818,pos,0 days 01:14:47.438000,0 days 02:10:24.046000
2024-05-19 14:18:04.272,OnTrack,-7515,-1269,818,pos,0 days 01:14:47.678000,0 days 02:10:24.286000
2024-05-19 14:18:04.532,OnTrack,-7827,-1302,818,pos,0 days 01:14:47.938000,0 days 02:10:24.546000
2024-05-19 14:18:04.832,OnTrack,-8061,-1330,818,pos,0 days 01:14:48.238000,0 days 02:10:24.846000
2024-05-19 14:18:05.112,OnTrack,-8304,-1362,819,pos,0 days 01:14:48.518000,0 days 02:10:25.126000
2024-05-19 14:18:05.352,OnTrack,-8513,-1391,819,pos,0 days 01:14:48.758000,0 days 02:10:25.366000
2024-05-19 14:18:05.552,OnTrack,-8686,-1415,819,pos,0 days 01:14:48.958000,0 days 02:10:25.566000
2024-05-19 14:18:05.712,OnTrack,-8826,-1434,819,pos,0 days 01:14:49.118000,0 days 02:10:25.726000
2024-05-19 14:18:06.032,OnTrack,-9103,-1478,819,pos,0 days 01:14:49.438000,0 days 02:10:26.046000
2024-05-19 14:18:06.152,OnTrack,-9206,-1497,819,pos,0 days 01:14:49.558000,0 days 02:10:26.166000
2024-05-19 14:18:06.352,OnTrack,-9375,-1538,819,pos,0 days 01:14:49.758000,0 days 02:10:26.366000
2024-05-19 14:18:06.512,OnTrack,-9504,-1577,819,pos,0 days 01:14:49.918000,0 days 02:10:26.526000
2024-05-19 14:18:06.672,OnTrack,-9622,-1614,819,pos,0 days 01:14:50.078000,0 days 02:10:26.686000
2024-05-19 14:18:06.992,OnTrack,-9827,-1679,818,pos,0 days 01:14:50.398000,0 days 02:10:27.006000
2024-05-19 14:18:07.152,OnTrack,-9994,-1731,819,pos,0 days 01:14:50.558000,0 days 02:10:27.166000
2024-05-19 14:18:07.552,OnTrack,-10152,-1781,818,pos,0 days 01:14:50.958000,0 days 02:10:27.566000
2024-05-19 14:18:07.972,OnTrack,-10261,-1835,818,pos,0 days 01:14:51.378000,0 days 02:10:27.986000
2024-05-19 14:18:08.252,OnTrack,-10337,-1914,818,pos,0 days 01:14:51.658000,0 days 02:10:28.266000
2024-05-19 14:18:08.472,OnTrack,-10382,-2009,818,pos,0 days 01:14:51.878000,0 days 02:10:28.486000
2024-05-19 14:18:08.692,OnTrack,-10404,-2084,819,pos,0 days 01:14:52.098000,0 days 02:10:28.706000
2024-05-19 14:18:08.913,OnTrack,-10429,-2176,819,pos,0 days 01:14:52.319000,0 days 02:10:28.927000
2024-05-19 14:18:09.211,OnTrack,-10476,-2295,819,pos,0 days 01:14:52.617000,0 days 02:10:29.225000
2024-05-19 14:18:09.452,OnTrack,-10576,-2434,818,pos,0 days 01:14:52.858000,0 days 02:10:29.466000
2024-05-19 14:18:09.791,OnTrack,-10647,-2497,818,pos,0 days 01:14:53.197000,0 days 02:10:29.805000
2024-05-19 14:18:09.952,OnTrack,-10709,-2542,819,pos,0 days 01:14:53.358000,0 days 02:10:29.966000
2024-05-19 14:18:10.212,OnTrack,-10815,-2609,820,pos,0 days 01:14:53.618000,0 days 02:10:30.226000
2024-05-19 14:18:10.512,OnTrack,-11005,-2720,821,pos,0 days 01:14:53.918000,0 days 02:10:30.526000
2024-05-19 14:18:10.772,OnTrack,-11059,-2751,822,pos,0 days 01:14:54.178000,0 days 02:10:30.786000
2024-05-19 14:18:11.072,OnTrack,-11199,-2833,823,pos,0 days 01:14:54.478000,0 days 02:10:31.086000
2024-05-19 14:18:11.231,OnTrack,-11277,-2879,824,pos,0 days 01:14:54.637000,0 days 02:10:31.245000
2024-05-19 14:18:11.412,OnTrack,-11365,-2934,824,pos,0 days 01:14:54.818000,0 days 02:10:31.426000
2024-05-19 14:18:11.752,OnTrack,-11563,-3087,825,pos,0 days 01:14:55.158000,0 days 02:10:31.766000
2024-05-19 14:18:12.092,OnTrack,-11666,-3209,825,pos,0 days 01:14:55.498000,0 days 02:10:32.106000
2024-05-19 14:18:12.232,OnTrack,-11712,-3284,825,pos,0 days 01:14:55.638000,0 days 02:10:32.246000
2024-05-19 14:18:12.492,OnTrack,-11787,-3437,826,pos,0 days 01:14:55.898000,0 days 02:10:32.506000
2024-05-19 14:18:12.692,OnTrack,-11836,-3560,827,pos,0 days 01:14:56.098000,0 days 02:10:32.706000
2024-05-19 14:18:12.852,OnTrack,-11873,-3660,827,pos,0 days 01:14:56.258000,0 days 02:10:32.866000
2024-05-19 14:18:13.173,OnTrack,-11949,-3864,828,pos,0 days 01:14:56.579000,0 days 02:10:33.187000
2024-05-19 14:18:13.432,OnTrack,-12032,-4084,829,pos,0 days 01:14:56.838000,0 days 02:10:33.446000
2024-05-19 14:18:13.733,OnTrack,-12087,-4230,829,pos,0 days 01:14:57.139000,0 days 02:10:33.747000
2024-05-19 14:18:13.892,OnTrack,-12127,-4337,830,pos,0 days 01:14:57.298000,0 days 02:10:33.906000
2024-05-19 14:18:14.212,OnTrack,-12209,-4555,830,pos,0 days 01:14:57.618000,0 days 02:10:34.226000
2024-05-19 14:18:14.392,OnTrack,-12256,-4679,830,pos,0 days 01:14:57.798000,0 days 02:10:34.406000
2024-05-19 14:18:14.553,OnTrack,-12297,-4791,831,pos,0 days 01:14:57.959000,0 days 02:10:34.567000
2024-05-19 14:18:14.813,OnTrack,-12366,-4974,831,pos,0 days 01:14:58.219000,0 days 02:10:34.827000
2024-05-19 14:18:15.032,OnTrack,-12425,-5131,832,pos,0 days 01:14:58.438000,0 days 02:10:35.046000
2024-05-19 14:18:15.212,OnTrack,-12474,-5260,832,pos,0 days 01:14:58.618000,0 days 02:10:35.226000
2024-05-19 14:18:15.433,OnTrack,-12533,-5418,832,pos,0 days 01:14:58.839000,0 days 02:10:35.447000
2024-05-19 14:18:15.592,OnTrack,-12615,-5635,833,pos,0 days 01:14:58.998000,0 days 02:10:35.606000
2024-05-19 14:18:16.031,OnTrack,-12696,-5853,833,pos,0 days 01:14:59.437000,0 days 02:10:36.045000
2024-05-19 14:18:16.272,OnTrack,-12763,-6027,834,pos,0 days 01:14:59.678000,0 days 02:10:36.286000
2024-05-19 14:18:16.512,OnTrack,-12831,-6201,834,pos,0 days 01:14:59.918000,0 days 02:10:36.526000
2024-05-19 14:18:16.671,OnTrack,-12878,-6316,835,pos,0 days 01:15:00.077000,0 days 02:10:36.685000
2024-05-19 14:18:16.931,OnTrack,-12992,-6589,835,pos,0 days 01:15:00.337000,0 days 02:10:36.945000
2024-05-19 14:18:17.231,OnTrack,-13047,-6718,836,pos,0 days 01:15:00.637000,0 days 02:10:37.245000
2024-05-19 14:18:17.412,OnTrack,-13097,-6845,836,pos,0 days 01:15:00.818000,0 days 02:10:37.426000
2024-05-19 14:18:17.771,OnTrack,-13157,-7078,837,pos,0 days 01:15:01.177000,0 days 02:10:37.785000
2024-05-19 14:18:17.952,OnTrack,-13160,-7259,838,pos,0 days 01:15:01.358000,0 days 02:10:37.966000
2024-05-19 14:18:18.232,OnTrack,-13145,-7374,839,pos,0 days 01:15:01.638000,0 days 02:10:38.246000
2024-05-19 14:18:18.472,OnTrack,-13116,-7520,840,pos,0 days 01:15:01.878000,0 days 02:10:38.486000
2024-05-19 14:18:18.632,OnTrack,-13093,-7614,841,pos,0 days 01:15:02.038000,0 days 02:10:38.646000
2024-05-19 14:18:19.012,OnTrack,-13045,-7821,842,pos,0 days 01:15:02.418000,0 days 02:10:39.026000
2024-05-19 14:18:19.232,OnTrack,-13027,-7925,843,pos,0 days 01:15:02.638000,0 days 02:10:39.246000
2024-05-19 14:18:19.332,OnTrack,-13024,-7971,843,pos,0 days 01:15:02.738000,0 days 02:10:39.346000
2024-05-19 14:18:19.552,OnTrack,-13031,-8066,844,pos,0 days 01:15:02.958000,0 days 02:10:39.566000
2024-05-19 14:18:19.752,OnTrack,-13060,-8147,845,pos,0 days 01:15:03.158000,0 days 02:10:39.766000
2024-05-19 14:18:20.052,OnTrack,-13156,-8269,846,pos,0 days 01:15:03.458000,0 days 02:10:40.066000
2024-05-19 14:18:20.412,OnTrack,-13274,-8373,848,pos,0 days 01:15:03.818000,0 days 02:10:40.426000
2024-05-19 14:18:20.652,OnTrack,-13418,-8495,850,pos,0 days 01:15:04.058000,0 days 02:10:40.666000
2024-05-19 14:18:21.052,OnTrack,-13570,-8624,852,pos,0 days 01:15:04.458000,0 days 02:10:41.066000
2024-05-19 14:18:21.432,OnTrack,-13678,-8717,853,pos,0 days 01:15:04.838000,0 days 02:10:41.446000
2024-05-19 14:18:21.673,OnTrack,-13847,-8858,856,pos,0 days 01:15:05.079000,0 days 02:10:41.687000
2024-05-19 14:18:22.052,OnTrack,-13956,-8951,858,pos,0 days 01:15:05.458000,0 days 02:10:42.066000
2024-05-19 14:18:22.311,OnTrack,-14072,-9058,862,pos,0 days 01:15:05.717000,0 days 02:10:42.325000
2024-05-19 14:18:22.512,OnTrack,-14160,-9145,865,pos,0 days 01:15:05.918000,0 days 02:10:42.526000
2024-05-19 14:18:22.671,OnTrack,-14275,-9259,870,pos,0 days 01:15:06.077000,0 days 02:10:42.685000
2024-05-19 14:18:23.112,OnTrack,-14491,-9471,879,pos,0 days 01:15:06.518000,0 days 02:10:43.126000
2024-05-19 14:18:23.392,OnTrack,-14552,-9527,883,pos,0 days 01:15:06.798000,0 days 02:10:43.406000
2024-05-19 14:18:23.592,OnTrack,-14632,-9602,886,pos,0 days 01:15:06.998000,0 days 02:10:43.606000
2024-05-19 14:18:23.832,OnTrack,-14716,-9684,890,pos,0 days 01:15:07.238000,0 days 02:10:43.846000
2024-05-19 14:18:24.092,OnTrack,-14826,-9813,896,pos,0 days 01:15:07.498000,0 days 02:10:44.106000
2024-05-19 14:18:24.412,OnTrack,-14862,-9869,898,pos,0 days 01:15:07.818000,0 days 02:10:44.426000
2024-05-19 14:18:24.712,OnTrack,-14901,-9963,901,pos,0 days 01:15:08.118000,0 days 02:10:44.726000
2024-05-19 14:18:25.012,OnTrack,-14913,-10100,906,pos,0 days 01:15:08.418000,0 days 02:10:45.026000
2024-05-19 14:18:25.432,OnTrack,-14890,-10179,910,pos,0 days 01:15:08.838000,0 days 02:10:45.446000
2024-05-19 14:18:25.512,OnTrack,-14880,-10200,911,pos,0 days 01:15:08.918000,0 days 02:10:45.526000
2024-05-19 14:18:25.792,OnTrack,-14805,-10290,918,pos,0 days 01:15:09.198000,0 days 02:10:45.806000
2024-05-19 14:18:26.112,OnTrack,-14767,-10319,921,pos,0 days 01:15:09.518000,0 days 02:10:46.126000
2024-05-19 14:18:26.392,OnTrack,-14700,-10355,923,pos,0 days 01:15:09.798000,0 days 02:10:46.406000
2024-05-19 14:18:26.532,OnTrack,-14665,-10368,925,pos,0 days 01:15:09.938000,0 days 02:10:46.546000
2024-05-19 14:18:27.172,OnTrack,-14493,-10395,934,pos,0 days 01:15:10.578000,0 days 02:10:47.186000
2024-05-19 14:18:27.492,OnTrack,-14385,-10392,939,pos,0 days 01:15:10.898000,0 days 02:10:47.506000
2024-05-19 14:18:27.732,OnTrack,-14331,-10386,942,pos,0 days 01:15:11.138000,0 days 02:10:47.746000
2024-05-19 14:18:27.992,OnTrack,-14299,-10382,944,pos,0 days 01:15:11.398000,0 days 02:10:48.006000
2024-05-19 14:18:28.272,OnTrack,-14200,-10368,948,pos,0 days 01:15:11.678000,0 days 02:10:48.286000
2024-05-19 14:18:28.512,OnTrack,-14082,-10348,953,pos,0 days 01:15:11.918000,0 days 02:10:48.526000
2024-05-19 14:18:28.852,OnTrack,-13966,-10325,959,pos,0 days 01:15:12.258000,0 days 02:10:48.866000
2024-05-19 14:18:29.091,OnTrack,-13857,-10302,964,pos,0 days 01:15:12.497000,0 days 02:10:49.105000
2024-05-19 14:18:29.312,OnTrack,-13751,-10280,968,pos,0 days 01:15:12.718000,0 days 02:10:49.326000
2024-05-19 14:18:29.512,OnTrack,-13650,-10260,972,pos,0 days 01:15:12.918000,0 days 02:10:49.526000
2024-05-19 14:18:29.671,OnTrack,-13567,-10244,976,pos,0 days 01:15:13.077000,0 days 02:10:49.685000
2024-05-19 14:18:29.892,OnTrack,-13369,-10208,984,pos,0 days 01:15:13.298000,0 days 02:10:49.906000
2024-05-19 14:18:30.332,OnTrack,-13196,-10178,990,pos,0 days 01:15:13.738000,0 days 02:10:50.346000
2024-05-19 14:18:30.492,OnTrack,-13101,-10161,993,pos,0 days 01:15:13.898000,0 days 02:10:50.506000
2024-05-19 14:18:30.672,OnTrack,-12992,-10142,997,pos,0 days 01:15:14.078000,0 days 02:10:50.686000
2024-05-19 14:18:31.012,OnTrack,-12739,-10103,1005,pos,0 days 01:15:14.418000,0 days 02:10:51.026000
2024-05-19 14:18:31.252,OnTrack,-12622,-10085,1009,pos,0 days 01:15:14.658000,0 days 02:10:51.266000
2024-05-19 14:18:31.472,OnTrack,-12477,-10064,1014,pos,0 days 01:15:14.878000,0 days 02:10:51.486000
2024-05-19 14:18:31.672,OnTrack,-12343,-10046,1020,pos,0 days 01:15:15.078000,0 days 02:10:51.686000
2024-05-19 14:18:31.911,OnTrack,-12180,-10023,1028,pos,0 days 01:15:15.317000,0 days 02:10:51.925000
2024-05-19 14:18:32.232,OnTrack,-11957,-9993,1041,pos,0 days 01:15:15.638000,0 days 02:10:52.246000
2024-05-19 14:18:32.472,OnTrack,-11763,-9969,1055,pos,0 days 01:15:15.878000,0 days 02:10:52.486000
2024-05-19 14:18:32.612,OnTrack,-11662,-9958,1061,pos,0 days 01:15:16.018000,0 days 02:10:52.626000
2024-05-19 14:18:32.872,OnTrack,-11417,-9934,1077,pos,0 days 01:15:16.278000,0 days 02:10:52.886000
2024-05-19 14:18:33.272,OnTrack,-11124,-9919,1095,pos,0 days 01:15:16.678000,0 days 02:10:53.286000
2024-05-19 14:18:33.552,OnTrack,-10977,-9918,1104,pos,0 days 01:15:16.958000,0 days 02:10:53.566000
2024-05-19 14:18:33.853,OnTrack,-10755,-9922,1115,pos,0 days 01:15:17.259000,0 days 02:10:53.867000
2024-05-19 14:18:34.072,OnTrack,-10591,-9932,1120,pos,0 days 01:15:17.478000,0 days 02:10:54.086000
2024-05-19 14:18:34.252,OnTrack,-10457,-9944,1122,pos,0 days 01:15:17.658000,0 days 02:10:54.266000
2024-05-19 14:18:34.492,OnTrack,-10279,-9963,1122,pos,0 days 01:15:17.898000,0 days 02:10:54.506000
2024-05-19 14:18:34.552,OnTrack,-10234,-9968,1122,pos,0 days 01:15:17.958000,0 days 02:10:54.566000
2024-05-19 14:18:34.932,OnTrack,-9907,-10006,1120,pos,0 days 01:15:18.338000,0 days 02:10:54.946000
2024-05-19 14:18:35.192,OnTrack,-9759,-10023,1118,pos,0 days 01:15:18.598000,0 days 02:10:55.206000
2024-05-19 14:18:35.532,OnTrack,-9507,-10051,1116,pos,0 days 01:15:18.938000,0 days 02:10:55.546000
2024-05-19 14:18:35.671,OnTrack,-9407,-10060,1115,pos,0 days 01:15:19.077000,0 days 02:10:55.685000
2024-05-19 14:18:35.931,OnTrack,-9233,-10071,1114,pos,0 days 01:15:19.337000,0 days 02:10:55.945000
2024-05-19 14:18:36.112,OnTrack,-9135,-10069,1114,pos,0 days 01:15:19.518000,0 days 02:10:56.126000
2024-05-19 14:18:36.412,OnTrack,-8968,-10040,1114,pos,0 days 01:15:19.818000,0 days 02:10:56.426000
2024-05-19 14:18:36.511,OnTrack,-8855,-9993,1114,pos,0 days 01:15:19.917000,0 days 02:10:56.525000
2024-05-19 14:18:36.892,OnTrack,-8735,-9911,1110,pos,0 days 01:15:20.298000,0 days 02:10:56.906000
2024-05-19 14:18:37.192,OnTrack,-8625,-9784,1106,pos,0 days 01:15:20.598000,0 days 02:10:57.206000
2024-05-19 14:18:37.371,OnTrack,-8530,-9619,1101,pos,0 days 01:15:20.777000,0 days 02:10:57.385000
2024-05-19 14:18:37.692,OnTrack,-8482,-9523,1098,pos,0 days 01:15:21.098000,0 days 02:10:57.706000
2024-05-19 14:18:38.032,OnTrack,-8370,-9282,1089,pos,0 days 01:15:21.438000,0 days 02:10:58.046000
2024-05-19 14:18:38.451,OnTrack,-8280,-9004,1080,pos,0 days 01:15:21.857000,0 days 02:10:58.465000
2024-05-19 14:18:38.772,OnTrack,-8258,-8887,1075,pos,0 days 01:15:22.178000,0 days 02:10:58.786000
2024-05-19 14:18:38.992,OnTrack,-8242,-8741,1068,pos,0 days 01:15:22.398000,0 days 02:10:59.006000
2024-05-19 14:18:39.172,OnTrack,-8237,-8618,1061,pos,0 days 01:15:22.578000,0 days 02:10:59.186000
2024-05-19 14:18:39.372,OnTrack,-8241,-8480,1052,pos,0 days 01:15:22.778000,0 days 02:10:59.386000
2024-05-19 14:18:39.552,OnTrack,-8251,-8354,1043,pos,0 days 01:15:22.958000,0 days 02:10:59.566000
2024-05-19 14:18:39.772,OnTrack,-8267,-8213,1031,pos,0 days 01:15:23.178000,0 days 02:10:59.786000
2024-05-19 14:18:39.972,OnTrack,-8289,-8070,1017,pos,0 days 01:15:23.378000,0 days 02:10:59.986000
2024-05-19 14:18:40.232,OnTrack,-8325,-7884,1001,pos,0 days 01:15:23.638000,0 days 02:11:00.246000
2024-05-19 14:18:40.512,OnTrack,-8383,-7625,981,pos,0 days 01:15:23.918000,0 days 02:11:00.526000
2024-05-19 14:18:40.792,OnTrack,-8416,-7480,971,pos,0 days 01:15:24.198000,0 days 02:11:00.806000
2024-05-19 14:18:40.973,OnTrack,-8446,-7348,963,pos,0 days 01:15:24.379000,0 days 02:11:00.987000
2024-05-19 14:18:41.273,OnTrack,-8496,-7128,950,pos,0 days 01:15:24.679000,0 days 02:11:01.287000
2024-05-19 14:18:41.432,OnTrack,-8523,-7010,945,pos,0 days 01:15:24.838000,0 days 02:11:01.446000
2024-05-19 14:18:41.632,OnTrack,-8557,-6862,937,pos,0 days 01:15:25.038000,0 days 02:11:01.646000
2024-05-19 14:18:41.853,OnTrack,-8593,-6699,929,pos,0 days 01:15:25.259000,0 days 02:11:01.867000
2024-05-19 14:18:42.092,OnTrack,-8630,-6522,919,pos,0 days 01:15:25.498000,0 days 02:11:02.106000
2024-05-19 14:18:42.251,OnTrack,-8648,-6405,913,pos,0 days 01:15:25.657000,0 days 02:11:02.265000
2024-05-19 14:18:42.531,OnTrack,-8648,-6210,904,pos,0 days 01:15:25.937000,0 days 02:11:02.545000
2024-05-19 14:18:42.652,OnTrack,-8631,-6124,902,pos,0 days 01:15:26.058000,0 days 02:11:02.666000
2024-05-19 14:18:42.892,OnTrack,-8571,-5960,898,pos,0 days 01:15:26.298000,0 days 02:11:02.906000
2024-05-19 14:18:43.132,OnTrack,-8498,-5813,897,pos,0 days 01:15:26.538000,0 days 02:11:03.146000
2024-05-19 14:18:43.311,OnTrack,-8444,-5719,897,pos,0 days 01:15:26.717000,0 days 02:11:03.325000
2024-05-19 14:18:43.492,OnTrack,-8394,-5634,897,pos,0 days 01:15:26.898000,0 days 02:11:03.506000
2024-05-19 14:18:43.792,OnTrack,-8315,-5515,899,pos,0 days 01:15:27.198000,0 days 02:11:03.806000
2024-05-19 14:18:43.932,OnTrack,-8277,-5466,901,pos,0 days 01:15:27.338000,0 days 02:11:03.946000
2024-05-19 14:18:44.092,OnTrack,-8232,-5420,903,pos,0 days 01:15:27.498000,0 days 02:11:04.106000
2024-05-19 14:18:44.292,OnTrack,-8173,-5373,905,pos,0 days 01:15:27.698000,0 days 02:11:04.306000
2024-05-19 14:18:44.552,OnTrack,-8088,-5336,908,pos,0 days 01:15:27.958000,0 days 02:11:04.566000
2024-05-19 14:18:44.772,OnTrack,-8012,-5325,912,pos,0 days 01:15:28.178000,0 days 02:11:04.786000
2024-05-19 14:18:44.932,OnTrack,-7953,-5329,918,pos,0 days 01:15:28.338000,0 days 02:11:04.946000
2024-05-19 14:18:45.232,OnTrack,-7831,-5355,927,pos,0 days 01:15:28.638000,0 days 02:11:05.246000
2024-05-19 14:18:45.512,OnTrack,-7748,-5378,935,pos,0 days 01:15:28.918000,0 days 02:11:05.526000
2024-05-19 14:18:45.732,OnTrack,-7670,-5398,942,pos,0 days 01:15:29.138000,0 days 02:11:05.746000
2024-05-19 14:18:46.012,OnTrack,-7509,-5427,957,pos,0 days 01:15:29.418000,0 days 02:11:06.026000
2024-05-19 14:18:46.352,OnTrack,-7425,-5436,965,pos,0 days 01:15:29.758000,0 days 02:11:06.366000
2024-05-19 14:18:46.653,OnTrack,-7235,-5443,981,pos,0 days 01:15:30.059000,0 days 02:11:06.667000
2024-05-19 14:18:46.992,OnTrack,-7058,-5443,994,pos,0 days 01:15:30.398000,0 days 02:11:07.006000
2024-05-19 14:18:47.513,OnTrack,-6824,-5440,1009,pos,0 days 01:15:30.919000,0 days 02:11:07.527000
2024-05-19 14:18:47.912,OnTrack,-6632,-5439,1019,pos,0 days 01:15:31.318000,0 days 02:11:07.926000
2024-05-19 14:18:48.112,OnTrack,-6513,-5438,1024,pos,0 days 01:15:31.518000,0 days 02:11:08.126000
2024-05-19 14:18:48.293,OnTrack,-6405,-5437,1028,pos,0 days 01:15:31.699000,0 days 02:11:08.307000
2024-05-19 14:18:48.512,OnTrack,-6181,-5435,1035,pos,0 days 01:15:31.918000,0 days 02:11:08.526000
2024-05-19 14:18:48.852,OnTrack,-6052,-5434,1038,pos,0 days 01:15:32.258000,0 days 02:11:08.866000
2024-05-19 14:18:49.092,OnTrack,-5895,-5433,1042,pos,0 days 01:15:32.498000,0 days 02:11:09.106000
2024-05-19 14:18:49.251,OnTrack,-5788,-5432,1045,pos,0 days 01:15:32.657000,0 days 02:11:09.265000
2024-05-19 14:18:49.492,OnTrack,-5626,-5430,1050,pos,0 days 01:15:32.898000,0 days 02:11:09.506000
2024-05-19 14:18:49.732,OnTrack,-5461,-5429,1054,pos,0 days 01:15:33.138000,0 days 02:11:09.746000
2024-05-19 14:18:49.972,OnTrack,-5251,-5424,1061,pos,0 days 01:15:33.378000,0 days 02:11:09.986000
2024-05-19 14:18:50.292,OnTrack,-5110,-5417,1065,pos,0 days 01:15:33.698000,0 days 02:11:10.306000
2024-05-19 14:18:50.472,OnTrack,-4968,-5405,1069,pos,0 days 01:15:33.878000,0 days 02:11:10.486000
2024-05-19 14:18:50.792,OnTrack,-4741,-5384,1075,pos,0 days 01:15:34.198000,0 days 02:11:10.806000
2024-05-19 14:18:50.991,OnTrack,-4512,-5364,1080,pos,0 days 01:15:34.397000,0 days 02:11:11.005000
2024-05-19 14:18:51.412,OnTrack,-4297,-5346,1083,pos,0 days 01:15:34.818000,0 days 02:11:11.426000
2024-05-19 14:18:51.592,OnTrack,-4168,-5336,1083,pos,0 days 01:15:34.998000,0 days 02:11:11.606000
2024-05-19 14:18:51.752,OnTrack,-4052,-5326,1084,pos,0 days 01:15:35.158000,0 days 02:11:11.766000
2024-05-19 14:18:51.952,OnTrack,-3913,-5315,1085,pos,0 days 01:15:35.358000,0 days 02:11:11.966000
2024-05-19 14:18:52.312,OnTrack,-3693,-5297,1087,pos,0 days 01:15:35.718000,0 days 02:11:12.326000
2024-05-19 14:18:52.492,OnTrack,-3598,-5289,1087,pos,0 days 01:15:35.898000,0 days 02:11:12.506000
2024-05-19 14:18:52.732,OnTrack,-3457,-5279,1088,pos,0 days 01:15:36.138000,0 days 02:11:12.746000
2024-05-19 14:18:53.052,OnTrack,-3349,-5273,1089,pos,0 days 01:15:36.458000,0 days 02:11:13.066000
2024-05-19 14:18:53.332,OnTrack,-3208,-5283,1092,pos,0 days 01:15:36.738000,0 days 02:11:13.346000
2024-05-19 14:18:53.712,OnTrack,-3134,-5324,1094,pos,0 days 01:15:37.118000,0 days 02:11:13.726000
2024-05-19 14:18:53.812,OnTrack,-3108,-5346,1095,pos,0 days 01:15:37.218000,0 days 02:11:13.826000
2024-05-19 14:18:54.172,OnTrack,-3025,-5435,1096,pos,0 days 01:15:37.578000,0 days 02:11:14.186000
2024-05-19 14:18:54.372,OnTrack,-2980,-5480,1096,pos,0 days 01:15:37.778000,0 days 02:11:14.386000
2024-05-19 14:18:54.532,OnTrack,-2943,-5510,1096,pos,0 days 01:15:37.938000,0 days 02:11:14.546000
2024-05-19 14:18:54.692,OnTrack,-2904,-5534,1096,pos,0 days 01:15:38.098000,0 days 02:11:14.706000
2024-05-19 14:18:54.893,OnTrack,-2852,-5554,1095,pos,0 days 01:15:38.299000,0 days 02:11:14.907000
2024-05-19 14:18:55.093,OnTrack,-2799,-5563,1094,pos,0 days 01:15:38.499000,0 days 02:11:15.107000
2024-05-19 14:18:55.311,OnTrack,-2740,-5558,1093,pos,0 days 01:15:38.717000,0 days 02:11:15.325000
2024-05-19 14:18:55.591,OnTrack,-2639,-5533,1091,pos,0 days 01:15:38.997000,0 days 02:11:15.605000
2024-05-19 14:18:56.051,OnTrack,-2531,-5496,1088,pos,0 days 01:15:39.457000,0 days 02:11:16.065000
2024-05-19 14:18:56.272,OnTrack,-2429,-5454,1086,pos,0 days 01:15:39.678000,0 days 02:11:16.286000
2024-05-19 14:18:56.512,OnTrack,-2391,-5437,1085,pos,0 days 01:15:39.918000,0 days 02:11:16.526000
2024-05-19 14:18:56.732,OnTrack,-2317,-5401,1084,pos,0 days 01:15:40.138000,0 days 02:11:16.746000
2024-05-19 14:18:56.931,OnTrack,-2244,-5364,1082,pos,0 days 01:15:40.337000,0 days 02:11:16.945000
2024-05-19 14:18:57.211,OnTrack,-2078,-5277,1078,pos,0 days 01:15:40.617000,0 days 02:11:17.225000
2024-05-19 14:18:57.552,OnTrack,-1991,-5231,1076,pos,0 days 01:15:40.958000,0 days 02:11:17.566000
2024-05-19 14:18:57.872,OnTrack,-1845,-5154,1073,pos,0 days 01:15:41.278000,0 days 02:11:17.886000
2024-05-19 14:18:58.132,OnTrack,-1668,-5063,1070,pos,0 days 01:15:41.538000,0 days 02:11:18.146000
2024-05-19 14:18:58.392,OnTrack,-1575,-5018,1068,pos,0 days 01:15:41.798000,0 days 02:11:18.406000
2024-05-19 14:18:58.752,OnTrack,-1378,-4927,1064,pos,0 days 01:15:42.158000,0 days 02:11:18.766000
2024-05-19 14:18:58.912,OnTrack,-1288,-4886,1063,pos,0 days 01:15:42.318000,0 days 02:11:18.926000
2024-05-19 14:18:59.152,OnTrack,-1104,-4797,1059,pos,0 days 01:15:42.558000,0 days 02:11:19.166000
2024-05-19 14:18:59.512,OnTrack,-944,-4708,1056,pos,0 days 01:15:42.918000,0 days 02:11:19.526000
2024-05-19 14:18:59.752,OnTrack,-807,-4623,1052,pos,0 days 01:15:43.158000,0 days 02:11:19.766000
2024-05-19 14:18:59.912,OnTrack,-715,-4562,1050,pos,0 days 01:15:43.318000,0 days 02:11:19.926000
2024-05-19 14:19:00.192,OnTrack,-556,-4450,1045,pos,0 days 01:15:43.598000,0 days 02:11:20.206000
2024-05-19 14:19:00.392,OnTrack,-407,-4340,1040,pos,0 days 01:15:43.798000,0 days 02:11:20.406000
2024-05-19 14:19:00.672,OnTrack,-282,-4244,1037,pos,0 days 01:15:44.078000,0 days 02:11:20.686000
2024-05-19 14:19:01.012,OnTrack,-91,-4086,1031,pos,0 days 01:15:44.418000,0 days 02:11:21.026000
2024-05-19 14:19:01.093,OnTrack,-46,-4047,1030,pos,0 days 01:15:44.499000,0 days 02:11:21.107000
2024-05-19 14:19:01.312,OnTrack,73,-3936,1027,pos,0 days 01:15:44.718000,0 days 02:11:21.326000
2024-05-19 14:19:01.592,OnTrack,257,-3749,1022,pos,0 days 01:15:44.998000,0 days 02:11:21.606000
2024-05-19 14:19:01.831,OnTrack,381,-3614,1018,pos,0 days 01:15:45.237000,0 days 02:11:21.845000
2024-05-19 14:19:02.011,OnTrack,473,-3511,1014,pos,0 days 01:15:45.417000,0 days 02:11:22.025000
2024-05-19 14:19:02.131,OnTrack,535,-3442,1010,pos,0 days 01:15:45.537000,0 days 02:11:22.145000
2024-05-19 14:19:02.452,OnTrack,702,-3257,1002,pos,0 days 01:15:45.858000,0 days 02:11:22.466000
2024-05-19 14:19:02.651,OnTrack,808,-3140,994,pos,0 days 01:15:46.057000,0 days 02:11:22.665000
2024-05-19 14:19:02.832,OnTrack,903,-3035,988,pos,0 days 01:15:46.238000,0 days 02:11:22.846000
2024-05-19 14:19:03.032,OnTrack,1009,-2917,979,pos,0 days 01:15:46.438000,0 days 02:11:23.046000
2024-05-19 14:19:03.272,OnTrack,1170,-2739,965,pos,0 days 01:15:46.678000,0 days 02:11:23.286000
2024-05-19 14:19:03.711,OnTrack,1413,-2482,943,pos,0 days 01:15:47.117000,0 days 02:11:23.725000
2024-05-19 14:19:03.972,OnTrack,1532,-2374,933,pos,0 days 01:15:47.378000,0 days 02:11:23.986000
2024-05-19 14:19:04.272,OnTrack,1727,-2232,917,pos,0 days 01:15:47.678000,0 days 02:11:24.286000
2024-05-19 14:19:04.492,OnTrack,1887,-2145,904,pos,0 days 01:15:47.898000,0 days 02:11:24.506000
2024-05-19 14:19:04.732,OnTrack,2086,-2058,889,pos,0 days 01:15:48.138000,0 days 02:11:24.746000
2024-05-19 14:19:04.892,OnTrack,2301,-1973,872,pos,0 days 01:15:48.298000,0 days 02:11:24.906000
2024-05-19 14:19:05.172,OnTrack,2415,-1927,863,pos,0 days 01:15:48.578000,0 days 02:11:25.186000
2024-05-19 14:19:05.472,OnTrack,2665,-1825,844,pos,0 days 01:15:48.878000,0 days 02:11:25.486000
2024-05-19 14:19:05.952,OnTrack,2858,-1745,831,pos,0 days 01:15:49.358000,0 days 02:11:25.966000
2024-05-19 14:19:06.112,OnTrack,2927,-1715,827,pos,0 days 01:15:49.518000,0 days 02:11:26.126000
2024-05-19 14:19:06.352,OnTrack,3022,-1664,821,pos,0 days 01:15:49.758000,0 days 02:11:26.366000
2024-05-19 14:19:06.533,OnTrack,3075,-1624,817,pos,0 days 01:15:49.939000,0 days 02:11:26.547000
2024-05-19 14:19:06.692,OnTrack,3113,-1583,814,pos,0 days 01:15:50.098000,0 days 02:11:26.706000
2024-05-19 14:19:06.852,OnTrack,3144,-1539,811,pos,0 days 01:15:50.258000,0 days 02:11:26.866000
2024-05-19 14:19:07.113,OnTrack,3177,-1460,808,pos,0 days 01:15:50.519000,0 days 02:11:27.127000
2024-05-19 14:19:07.272,OnTrack,3187,-1409,806,pos,0 days 01:15:50.678000,0 days 02:11:27.286000
2024-05-19 14:19:07.512,OnTrack,3189,-1333,803,pos,0 days 01:15:50.918000,0 days 02:11:27.526000
2024-05-19 14:19:07.692,OnTrack,3183,-1277,801,pos,0 days 01:15:51.098000,0 days 02:11:27.706000
2024-05-19 14:19:08.012,OnTrack,3149,-1138,797,pos,0 days 01:15:51.418000,0 days 02:11:28.026000
2024-05-19 14:19:08.253,OnTrack,3137,-1099,796,pos,0 days 01:15:51.659000,0 days 02:11:28.267000
2024-05-19 14:19:08.591,OnTrack,3084,-944,794,pos,0 days 01:15:51.997000,0 days 02:11:28.605000
2024-05-19 14:19:09.032,OnTrack,3036,-826,793,pos,0 days 01:15:52.438000,0 days 02:11:29.046000
2024-05-19 14:19:09.272,OnTrack,2978,-708,791,pos,0 days 01:15:52.678000,0 days 02:11:29.286000
2024-05-19 14:19:09.672,OnTrack,2899,-579,790,pos,0 days 01:15:53.078000,0 days 02:11:29.686000
2024-05-19 14:19:10.772,OnTrack,2482,-361,786,pos,0 days 01:15:54.178000,0 days 02:11:30.786000
2024-05-19 14:19:11.091,OnTrack,2359,-362,786,pos,0 days 01:15:54.497000,0 days 02:11:31.105000
2024-05-19 14:19:11.572,OnTrack,2160,-404,783,pos,0 days 01:15:54.978000,0 days 02:11:31.586000
2024-05-19 14:19:11.932,OnTrack,2020,-462,782,pos,0 days 01:15:55.338000,0 days 02:11:31.946000
2024-05-19 14:19:12.292,OnTrack,1917,-511,781,pos,0 days 01:15:55.698000,0 days 02:11:32.306000
2024-05-19 14:19:12.592,OnTrack,1796,-567,780,pos,0 days 01:15:55.998000,0 days 02:11:32.606000
2024-05-19 14:19:12.832,OnTrack,1611,-651,778,pos,0 days 01:15:56.238000,0 days 02:11:32.846000
2024-05-19 14:19:13.232,OnTrack,1477,-712,778,pos,0 days 01:15:56.638000,0 days 02:11:33.246000
2024-05-19 14:19:13.432,OnTrack,1315,-785,778,pos,0 days 01:15:56.838000,0 days 02:11:33.446000
2024-05-19 14:19:13.873,OnTrack,1065,-898,778,pos,0 days 01:15:57.279000,0 days 02:11:33.887000
2024-05-19 14:19:14.292,OnTrack,876,-983,779,pos,0 days 01:15:57.698000,0 days 02:11:34.306000
2024-05-19 14:19:14.433,OnTrack,791,-1020,779,pos,0 days 01:15:57.839000,0 days 02:11:34.447000
2024-05-19 14:19:14.592,OnTrack,691,-1061,779,pos,0 days 01:15:57.998000,0 days 02:11:34.606000
2024-05-19 14:19:14.812,OnTrack,469,-1154,780,pos,0 days 01:15:58.218000,0 days 02:11:34.826000
2024-05-19 14:19:15.252,OnTrack,260,-1242,781,pos,0 days 01:15:58.658000,0 days 02:11:35.266000
2024-05-19 14:19:15.371,OnTrack,181,-1275,781,pos,0 days 01:15:58.777000,0 days 02:11:35.385000
2024-05-19 14:19:15.592,OnTrack,35,-1337,781,pos,0 days 01:15:58.998000,0 days 02:11:35.606000
2024-05-19 14:19:15.751,OnTrack,-72,-1381,781,pos,0 days 01:15:59.157000,0 days 02:11:35.765000
2024-05-19 14:19:16.031,OnTrack,-266,-1452,782,pos,0 days 01:15:59.437000,0 days 02:11:36.045000
2024-05-19 14:19:16.192,OnTrack,-380,-1488,782,pos,0 days 01:15:59.598000,0 days 02:11:36.206000
2024-05-19 14:19:16.432,OnTrack,-556,-1533,783,pos,0 days 01:15:59.838000,0 days 02:11:36.446000
2024-05-19 14:19:16.672,OnTrack,-734,-1565,783,pos,0 days 01:16:00.078000,0 days 02:11:36.686000
2024-05-19 14:19:16.932,OnTrack,-985,-1585,784,pos,0 days 01:16:00.338000,0 days 02:11:36.946000
2024-05-19 14:19:17.091,OnTrack,-1113,-1590,784,pos,0 days 01:16:00.497000,0 days 02:11:37.105000
2024-05-19 14:19:17.312,OnTrack,-1287,-1594,785,pos,0 days 01:16:00.718000,0 days 02:11:37.326000
2024-05-19 14:19:17.572,OnTrack,-1574,-1610,786,pos,0 days 01:16:00.978000,0 days 02:11:37.586000
2024-05-19 14:19:17.892,OnTrack,-1862,-1626,787,pos,0 days 01:16:01.298000,0 days 02:11:37.906000
2024-05-19 14:19:18.332,OnTrack,-2105,-1639,788,pos,0 days 01:16:01.738000,0 days 02:11:38.346000
2024-05-19 14:19:18.592,OnTrack,-2317,-1651,789,pos,0 days 01:16:01.998000,0 days 02:11:38.606000
2024-05-19 14:19:18.652,OnTrack,-2366,-1654,789,pos,0 days 01:16:02.058000,0 days 02:11:38.666000
2024-05-19 14:19:18.992,OnTrack,-2729,-1671,791,pos,0 days 01:16:02.398000,0 days 02:11:39.006000
2024-05-19 14:19:19.292,OnTrack,-2895,-1676,792,pos,0 days 01:16:02.698000,0 days 02:11:39.306000
2024-05-19 14:19:19.452,OnTrack,-3029,-1680,792,pos,0 days 01:16:02.858000,0 days 02:11:39.466000
2024-05-19 14:19:19.772,OnTrack,-3397,-1694,794,pos,0 days 01:16:03.178000,0 days 02:11:39.786000
2024-05-19 14:19:20.212,OnTrack,-3749,-1689,795,pos,0 days 01:16:03.618000,0 days 02:11:40.226000
2024-05-19 14:19:20.652,OnTrack,-4068,-1650,797,pos,0 days 01:16:04.058000,0 days 02:11:40.666000
2024-05-19 14:19:20.932,OnTrack,-4271,-1610,798,pos,0 days 01:16:04.338000,0 days 02:11:40.946000
2024-05-19 14:19:21.152,OnTrack,-4572,-1541,800,pos,0 days 01:16:04.558000,0 days 02:11:41.166000
2024-05-19 14:19:21.651,OnTrack,-4873,-1467,802,pos,0 days 01:16:05.057000,0 days 02:11:41.665000
2024-05-19 14:19:21.832,OnTrack,-5090,-1414,804,pos,0 days 01:16:05.238000,0 days 02:11:41.846000
2024-05-19 14:19:22.291,OnTrack,-5459,-1328,807,pos,0 days 01:16:05.697000,0 days 02:11:42.305000
2024-05-19 14:19:22.531,OnTrack,-5611,-1298,808,pos,0 days 01:16:05.937000,0 days 02:11:42.545000
2024-05-19 14:19:22.811,OnTrack,-5786,-1270,810,pos,0 days 01:16:06.217000,0 days 02:11:42.825000
2024-05-19 14:19:23.112,OnTrack,-6114,-1239,812,pos,0 days 01:16:06.518000,0 days 02:11:43.126000
2024-05-19 14:19:23.452,OnTrack,-6340,-1231,814,pos,0 days 01:16:06.858000,0 days 02:11:43.466000
2024-05-19 14:19:23.692,OnTrack,-6549,-1230,815,pos,0 days 01:16:07.098000,0 days 02:11:43.706000
2024-05-19 14:19:23.911,OnTrack,-6793,-1231,816,pos,0 days 01:16:07.317000,0 days 02:11:43.925000
2024-05-19 14:19:24.352,OnTrack,-7247,-1247,817,pos,0 days 01:16:07.758000,0 days 02:11:44.366000
2024-05-19 14:19:24.592,OnTrack,-7334,-1253,818,pos,0 days 01:16:07.998000,0 days 02:11:44.606000
2024-05-19 14:19:24.872,OnTrack,-7578,-1275,818,pos,0 days 01:16:08.278000,0 days 02:11:44.886000
2024-05-19 14:19:25.692,OnTrack,-8390,-1374,819,pos,0 days 01:16:09.098000,0 days 02:11:45.706000
2024-05-19 14:19:25.932,OnTrack,-8599,-1403,819,pos,0 days 01:16:09.338000,0 days 02:11:45.946000
2024-05-19 14:19:26.113,OnTrack,-8756,-1425,819,pos,0 days 01:16:09.519000,0 days 02:11:46.127000
2024-05-19 14:19:26.312,OnTrack,-8930,-1450,819,pos,0 days 01:16:09.718000,0 days 02:11:46.326000
2024-05-19 14:19:26.492,OnTrack,-9086,-1475,819,pos,0 days 01:16:09.898000,0 days 02:11:46.506000
2024-05-19 14:19:26.673,OnTrack,-9241,-1505,819,pos,0 days 01:16:10.079000,0 days 02:11:46.687000
2024-05-19 14:19:26.993,OnTrack,-9578,-1600,819,pos,0 days 01:16:10.399000,0 days 02:11:47.007000
2024-05-19 14:19:27.253,OnTrack,-9691,-1636,818,pos,0 days 01:16:10.659000,0 days 02:11:47.267000
2024-05-19 14:19:27.493,OnTrack,-9840,-1683,818,pos,0 days 01:16:10.899000,0 days 02:11:47.507000
2024-05-19 14:19:27.813,OnTrack,-10043,-1746,819,pos,0 days 01:16:11.219000,0 days 02:11:47.827000
2024-05-19 14:19:28.073,OnTrack,-10116,-1769,818,pos,0 days 01:16:11.479000,0 days 02:11:48.087000
2024-05-19 14:19:28.352,OnTrack,-10230,-1815,818,pos,0 days 01:16:11.758000,0 days 02:11:48.366000
2024-05-19 14:19:28.511,OnTrack,-10281,-1850,818,pos,0 days 01:16:11.917000,0 days 02:11:48.525000
2024-05-19 14:19:28.832,OnTrack,-10359,-1952,818,pos,0 days 01:16:12.238000,0 days 02:11:48.846000
2024-05-19 14:19:28.991,OnTrack,-10399,-2063,818,pos,0 days 01:16:12.397000,0 days 02:11:49.005000
2024-05-19 14:19:29.392,OnTrack,-10449,-2234,819,pos,0 days 01:16:12.798000,0 days 02:11:49.406000
2024-05-19 14:19:29.812,OnTrack,-10502,-2341,819,pos,0 days 01:16:13.218000,0 days 02:11:49.826000
2024-05-19 14:19:29.992,OnTrack,-10550,-2405,818,pos,0 days 01:16:13.398000,0 days 02:11:50.006000
2024-05-19 14:19:30.232,OnTrack,-10629,-2482,818,pos,0 days 01:16:13.638000,0 days 02:11:50.246000
2024-05-19 14:19:30.492,OnTrack,-10729,-2555,819,pos,0 days 01:16:13.898000,0 days 02:11:50.506000
2024-05-19 14:19:30.632,OnTrack,-10785,-2591,819,pos,0 days 01:16:14.038000,0 days 02:11:50.646000
2024-05-19 14:19:30.812,OnTrack,-10861,-2636,820,pos,0 days 01:16:14.218000,0 days 02:11:50.826000
2024-05-19 14:19:31.072,OnTrack,-11016,-2727,821,pos,0 days 01:16:14.478000,0 days 02:11:51.086000
2024-05-19 14:19:31.432,OnTrack,-11136,-2796,822,pos,0 days 01:16:14.838000,0 days 02:11:51.446000
2024-05-19 14:19:31.592,OnTrack,-11211,-2840,823,pos,0 days 01:16:14.998000,0 days 02:11:51.606000
2024-05-19 14:19:31.752,OnTrack,-11289,-2887,824,pos,0 days 01:16:15.158000,0 days 02:11:51.766000
2024-05-19 14:19:31.932,OnTrack,-11378,-2942,824,pos,0 days 01:16:15.338000,0 days 02:11:51.946000
2024-05-19 14:19:32.272,OnTrack,-11599,-3125,825,pos,0 days 01:16:15.678000,0 days 02:11:52.286000
2024-05-19 14:19:32.632,OnTrack,-11681,-3232,825,pos,0 days 01:16:16.038000,0 days 02:11:52.646000
2024-05-19 14:19:32.852,OnTrack,-11751,-3359,826,pos,0 days 01:16:16.258000,0 days 02:11:52.866000
2024-05-19 14:19:33.012,OnTrack,-11795,-3457,826,pos,0 days 01:16:16.418000,0 days 02:11:53.026000
2024-05-19 14:19:33.312,OnTrack,-11867,-3642,827,pos,0 days 01:16:16.718000,0 days 02:11:53.326000
2024-05-19 14:19:33.493,OnTrack,-11937,-3832,828,pos,0 days 01:16:16.899000,0 days 02:11:53.507000
2024-05-19 14:19:33.932,OnTrack,-12025,-4065,829,pos,0 days 01:16:17.338000,0 days 02:11:53.946000
2024-05-19 14:19:34.273,OnTrack,-12100,-4263,829,pos,0 days 01:16:17.679000,0 days 02:11:54.287000
2024-05-19 14:19:34.573,OnTrack,-12186,-4493,830,pos,0 days 01:16:17.979000,0 days 02:11:54.587000
2024-05-19 14:19:34.892,OnTrack,-12258,-4685,830,pos,0 days 01:16:18.298000,0 days 02:11:54.906000
2024-05-19 14:19:35.152,OnTrack,-12363,-4965,831,pos,0 days 01:16:18.558000,0 days 02:11:55.166000
2024-05-19 14:19:35.511,OnTrack,-12421,-5120,832,pos,0 days 01:16:18.917000,0 days 02:11:55.525000
2024-05-19 14:19:35.772,OnTrack,-12506,-5346,832,pos,0 days 01:16:19.178000,0 days 02:11:55.786000
2024-05-19 14:19:36.151,OnTrack,-12592,-5575,833,pos,0 days 01:16:19.557000,0 days 02:11:56.165000
2024-05-19 14:19:36.312,OnTrack,-12667,-5776,833,pos,0 days 01:16:19.718000,0 days 02:11:56.326000
2024-05-19 14:19:36.651,OnTrack,-12727,-5934,833,pos,0 days 01:16:20.057000,0 days 02:11:56.665000
2024-05-19 14:19:36.872,OnTrack,-12787,-6092,834,pos,0 days 01:16:20.278000,0 days 02:11:56.886000
2024-05-19 14:19:37.112,OnTrack,-12856,-6263,835,pos,0 days 01:16:20.518000,0 days 02:11:57.126000
2024-05-19 14:19:37.352,OnTrack,-12927,-6434,835,pos,0 days 01:16:20.758000,0 days 02:11:57.366000
2024-05-19 14:19:37.552,OnTrack,-12987,-6576,835,pos,0 days 01:16:20.958000,0 days 02:11:57.566000
2024-05-19 14:19:37.752,OnTrack,-13047,-6718,836,pos,0 days 01:16:21.158000,0 days 02:11:57.766000
2024-05-19 14:19:37.872,OnTrack,-13081,-6803,836,pos,0 days 01:16:21.278000,0 days 02:11:57.886000
2024-05-19 14:19:38.192,OnTrack,-13147,-7014,837,pos,0 days 01:16:21.598000,0 days 02:11:58.206000
2024-05-19 14:19:38.392,OnTrack,-13163,-7197,838,pos,0 days 01:16:21.798000,0 days 02:11:58.406000
2024-05-19 14:19:38.732,OnTrack,-13147,-7364,839,pos,0 days 01:16:22.138000,0 days 02:11:58.746000
2024-05-19 14:19:39.012,OnTrack,-13112,-7537,840,pos,0 days 01:16:22.418000,0 days 02:11:59.026000
2024-05-19 14:19:39.272,OnTrack,-13068,-7719,842,pos,0 days 01:16:22.678000,0 days 02:11:59.286000
2024-05-19 14:19:39.612,OnTrack,-13036,-7862,843,pos,0 days 01:16:23.018000,0 days 02:11:59.626000
2024-05-19 14:19:39.792,OnTrack,-13025,-7945,843,pos,0 days 01:16:23.198000,0 days 02:11:59.806000
2024-05-19 14:19:40.112,OnTrack,-13049,-8122,845,pos,0 days 01:16:23.518000,0 days 02:12:00.126000
2024-05-19 14:19:40.472,OnTrack,-13108,-8219,846,pos,0 days 01:16:23.878000,0 days 02:12:00.486000
2024-05-19 14:19:40.632,OnTrack,-13161,-8274,847,pos,0 days 01:16:24.038000,0 days 02:12:00.646000
2024-05-19 14:19:40.873,OnTrack,-13250,-8352,848,pos,0 days 01:16:24.279000,0 days 02:12:00.887000
2024-05-19 14:19:41.032,OnTrack,-13308,-8403,848,pos,0 days 01:16:24.438000,0 days 02:12:01.046000
2024-05-19 14:19:41.192,OnTrack,-13368,-8454,849,pos,0 days 01:16:24.598000,0 days 02:12:01.206000
2024-05-19 14:19:41.472,OnTrack,-13477,-8545,850,pos,0 days 01:16:24.878000,0 days 02:12:01.486000
2024-05-19 14:19:41.632,OnTrack,-13541,-8600,851,pos,0 days 01:16:25.038000,0 days 02:12:01.646000
2024-05-19 14:19:41.912,OnTrack,-13657,-8699,853,pos,0 days 01:16:25.318000,0 days 02:12:01.926000
2024-05-19 14:19:42.131,OnTrack,-13752,-8779,854,pos,0 days 01:16:25.537000,0 days 02:12:02.145000
2024-05-19 14:19:42.371,OnTrack,-13828,-8842,856,pos,0 days 01:16:25.777000,0 days 02:12:02.385000
2024-05-19 14:19:42.592,OnTrack,-13928,-8926,858,pos,0 days 01:16:25.998000,0 days 02:12:02.606000
2024-05-19 14:19:42.752,OnTrack,-14009,-8998,860,pos,0 days 01:16:26.158000,0 days 02:12:02.766000
2024-05-19 14:19:42.911,OnTrack,-14088,-9073,862,pos,0 days 01:16:26.317000,0 days 02:12:02.925000
2024-05-19 14:19:43.172,OnTrack,-14202,-9186,866,pos,0 days 01:16:26.578000,0 days 02:12:03.186000
2024-05-19 14:19:43.392,OnTrack,-14335,-9318,872,pos,0 days 01:16:26.798000,0 days 02:12:03.406000
2024-05-19 14:19:43.672,OnTrack,-14424,-9407,876,pos,0 days 01:16:27.078000,0 days 02:12:03.686000
2024-05-19 14:19:43.892,OnTrack,-14524,-9501,881,pos,0 days 01:16:27.298000,0 days 02:12:03.906000
2024-05-19 14:19:44.092,OnTrack,-14610,-9581,885,pos,0 days 01:16:27.498000,0 days 02:12:04.106000
2024-05-19 14:19:44.311,OnTrack,-14693,-9661,889,pos,0 days 01:16:27.717000,0 days 02:12:04.325000
2024-05-19 14:19:44.512,OnTrack,-14757,-9728,892,pos,0 days 01:16:27.918000,0 days 02:12:04.526000
2024-05-19 14:19:44.832,OnTrack,-14838,-9830,897,pos,0 days 01:16:28.238000,0 days 02:12:04.846000
2024-05-19 14:19:44.872,OnTrack,-14846,-9843,897,pos,0 days 01:16:28.278000,0 days 02:12:04.886000
2024-05-19 14:19:45.092,OnTrack,-14884,-9913,899,pos,0 days 01:16:28.498000,0 days 02:12:05.106000
2024-05-19 14:19:45.412,OnTrack,-14915,-10040,903,pos,0 days 01:16:28.818000,0 days 02:12:05.426000
2024-05-19 14:19:45.872,OnTrack,-14884,-10191,910,pos,0 days 01:16:29.278000,0 days 02:12:05.886000
2024-05-19 14:19:46.273,OnTrack,-14843,-10251,914,pos,0 days 01:16:29.679000,0 days 02:12:06.287000
2024-05-19 14:19:46.452,OnTrack,-14780,-10309,920,pos,0 days 01:16:29.858000,0 days 02:12:06.466000
2024-05-19 14:19:46.752,OnTrack,-14746,-10332,921,pos,0 days 01:16:30.158000,0 days 02:12:06.766000
2024-05-19 14:19:47.093,OnTrack,-14667,-10367,925,pos,0 days 01:16:30.499000,0 days 02:12:07.107000
2024-05-19 14:19:47.212,OnTrack,-14638,-10376,926,pos,0 days 01:16:30.618000,0 days 02:12:07.226000
2024-05-19 14:19:47.373,OnTrack,-14597,-10385,929,pos,0 days 01:16:30.779000,0 days 02:12:07.387000
2024-05-19 14:19:47.572,OnTrack,-14543,-10392,932,pos,0 days 01:16:30.978000,0 days 02:12:07.586000
2024-05-19 14:19:47.792,OnTrack,-14480,-10395,935,pos,0 days 01:16:31.198000,0 days 02:12:07.806000
2024-05-19 14:19:47.992,OnTrack,-14421,-10394,938,pos,0 days 01:16:31.398000,0 days 02:12:08.006000
2024-05-19 14:19:48.311,OnTrack,-14315,-10385,942,pos,0 days 01:16:31.717000,0 days 02:12:08.325000
2024-05-19 14:19:48.732,OnTrack,-14160,-10361,950,pos,0 days 01:16:32.138000,0 days 02:12:08.746000
2024-05-19 14:19:49.151,OnTrack,-14034,-10338,955,pos,0 days 01:16:32.557000,0 days 02:12:09.165000
2024-05-19 14:19:49.372,OnTrack,-13925,-10316,960,pos,0 days 01:16:32.778000,0 days 02:12:09.386000
2024-05-19 14:19:49.632,OnTrack,-13809,-10292,965,pos,0 days 01:16:33.038000,0 days 02:12:09.646000
2024-05-19 14:19:49.832,OnTrack,-13708,-10272,970,pos,0 days 01:16:33.238000,0 days 02:12:09.846000
2024-05-19 14:19:50.092,OnTrack,-13572,-10245,975,pos,0 days 01:16:33.498000,0 days 02:12:10.106000
2024-05-19 14:19:50.352,OnTrack,-13349,-10205,985,pos,0 days 01:16:33.758000,0 days 02:12:10.366000
2024-05-19 14:19:50.692,OnTrack,-13232,-10184,988,pos,0 days 01:16:34.098000,0 days 02:12:10.706000
2024-05-19 14:19:50.912,OnTrack,-13100,-10161,993,pos,0 days 01:16:34.318000,0 days 02:12:10.926000
2024-05-19 14:19:51.172,OnTrack,-12939,-10134,999,pos,0 days 01:16:34.578000,0 days 02:12:11.186000
2024-05-19 14:19:51.332,OnTrack,-12837,-10118,1002,pos,0 days 01:16:34.738000,0 days 02:12:11.346000
2024-05-19 14:19:51.652,OnTrack,-12603,-10082,1009,pos,0 days 01:16:35.058000,0 days 02:12:11.666000
2024-05-19 14:19:52.052,OnTrack,-12361,-10048,1019,pos,0 days 01:16:35.458000,0 days 02:12:12.066000
2024-05-19 14:19:52.132,OnTrack,-12306,-10041,1021,pos,0 days 01:16:35.538000,0 days 02:12:12.146000
2024-05-19 14:19:52.352,OnTrack,-12154,-10019,1029,pos,0 days 01:16:35.758000,0 days 02:12:12.366000
2024-05-19 14:19:52.533,OnTrack,-12027,-10002,1037,pos,0 days 01:16:35.939000,0 days 02:12:12.547000
2024-05-19 14:19:52.852,OnTrack,-11755,-9968,1056,pos,0 days 01:16:36.258000,0 days 02:12:12.866000
2024-05-19 14:19:53.132,OnTrack,-11581,-9949,1066,pos,0 days 01:16:36.538000,0 days 02:12:13.146000
2024-05-19 14:19:53.393,OnTrack,-11392,-9932,1079,pos,0 days 01:16:36.799000,0 days 02:12:13.407000
2024-05-19 14:19:53.613,OnTrack,-11231,-9923,1088,pos,0 days 01:16:37.019000,0 days 02:12:13.627000
2024-05-19 14:19:53.772,OnTrack,-11113,-9919,1095,pos,0 days 01:16:37.178000,0 days 02:12:13.786000
2024-05-19 14:19:53.953,OnTrack,-10980,-9918,1103,pos,0 days 01:16:37.359000,0 days 02:12:13.967000
2024-05-19 14:19:54.292,OnTrack,-10727,-9923,1116,pos,0 days 01:16:37.698000,0 days 02:12:14.306000
2024-05-19 14:19:54.533,OnTrack,-10458,-9943,1122,pos,0 days 01:16:37.939000,0 days 02:12:14.547000
2024-05-19 14:19:54.792,OnTrack,-10354,-9954,1122,pos,0 days 01:16:38.198000,0 days 02:12:14.806000
2024-05-19 14:19:55.052,OnTrack,-10159,-9976,1122,pos,0 days 01:16:38.458000,0 days 02:12:15.066000
2024-05-19 14:19:55.272,OnTrack,-9995,-9995,1120,pos,0 days 01:16:38.678000,0 days 02:12:15.286000
2024-05-19 14:19:55.431,OnTrack,-9875,-10009,1119,pos,0 days 01:16:38.837000,0 days 02:12:15.445000
2024-05-19 14:19:55.652,OnTrack,-9710,-10028,1118,pos,0 days 01:16:39.058000,0 days 02:12:15.666000
2024-05-19 14:19:55.832,OnTrack,-9576,-10043,1117,pos,0 days 01:16:39.238000,0 days 02:12:15.846000
2024-05-19 14:19:56.011,OnTrack,-9445,-10057,1116,pos,0 days 01:16:39.417000,0 days 02:12:16.025000
2024-05-19 14:19:56.251,OnTrack,-9281,-10069,1115,pos,0 days 01:16:39.657000,0 days 02:12:16.265000
2024-05-19 14:19:56.571,OnTrack,-9078,-10063,1114,pos,0 days 01:16:39.977000,0 days 02:12:16.585000
2024-05-19 14:19:56.851,OnTrack,-8948,-10033,1114,pos,0 days 01:16:40.257000,0 days 02:12:16.865000
2024-05-19 14:19:57.091,OnTrack,-8829,-9978,1113,pos,0 days 01:16:40.497000,0 days 02:12:17.105000
2024-05-19 14:19:57.272,OnTrack,-8748,-9921,1111,pos,0 days 01:16:40.678000,0 days 02:12:17.286000
2024-05-19 14:19:57.592,OnTrack,-8629,-9790,1107,pos,0 days 01:16:40.998000,0 days 02:12:17.606000
2024-05-19 14:19:57.792,OnTrack,-8551,-9658,1102,pos,0 days 01:16:41.198000,0 days 02:12:17.806000
2024-05-19 14:19:58.032,OnTrack,-8502,-9562,1100,pos,0 days 01:16:41.438000,0 days 02:12:18.046000
2024-05-19 14:19:58.252,OnTrack,-8443,-9444,1096,pos,0 days 01:16:41.658000,0 days 02:12:18.266000
2024-05-19 14:19:58.513,OnTrack,-8377,-9298,1091,pos,0 days 01:16:41.919000,0 days 02:12:18.527000
2024-05-19 14:19:58.773,OnTrack,-8319,-9145,1085,pos,0 days 01:16:42.179000,0 days 02:12:18.787000
2024-05-19 14:19:59.032,OnTrack,-8268,-8944,1078,pos,0 days 01:16:42.438000,0 days 02:12:19.046000
2024-05-19 14:19:59.313,OnTrack,-8247,-8800,1071,pos,0 days 01:16:42.719000,0 days 02:12:19.327000
2024-05-19 14:19:59.512,OnTrack,-8238,-8665,1064,pos,0 days 01:16:42.918000,0 days 02:12:19.526000
2024-05-19 14:19:59.792,OnTrack,-8241,-8471,1052,pos,0 days 01:16:43.198000,0 days 02:12:19.806000
2024-05-19 14:19:59.972,OnTrack,-8251,-8345,1042,pos,0 days 01:16:43.378000,0 days 02:12:19.986000
2024-05-19 14:20:00.272,OnTrack,-8277,-8148,1024,pos,0 days 01:16:43.678000,0 days 02:12:20.286000
2024-05-19 14:20:00.473,OnTrack,-8301,-8006,1011,pos,0 days 01:16:43.879000,0 days 02:12:20.487000
2024-05-19 14:20:00.673,OnTrack,-8329,-7863,999,pos,0 days 01:16:44.079000,0 days 02:12:20.687000
2024-05-19 14:20:00.912,OnTrack,-8367,-7691,985,pos,0 days 01:16:44.318000,0 days 02:12:20.926000
2024-05-19 14:20:01.092,OnTrack,-8414,-7489,971,pos,0 days 01:16:44.498000,0 days 02:12:21.106000
2024-05-19 14:20:01.411,OnTrack,-8450,-7329,962,pos,0 days 01:16:44.817000,0 days 02:12:21.425000
2024-05-19 14:20:01.772,OnTrack,-8524,-7006,944,pos,0 days 01:16:45.178000,0 days 02:12:21.786000
2024-05-19 14:20:02.172,OnTrack,-8584,-6741,931,pos,0 days 01:16:45.578000,0 days 02:12:22.186000
2024-05-19 14:20:02.612,OnTrack,-8651,-6373,912,pos,0 days 01:16:46.018000,0 days 02:12:22.626000
2024-05-19 14:20:02.892,OnTrack,-8653,-6262,907,pos,0 days 01:16:46.298000,0 days 02:12:22.906000
2024-05-19 14:20:03.132,OnTrack,-8622,-6093,901,pos,0 days 01:16:46.538000,0 days 02:12:23.146000
2024-05-19 14:20:03.412,OnTrack,-8546,-5906,897,pos,0 days 01:16:46.818000,0 days 02:12:23.426000
2024-05-19 14:20:03.612,OnTrack,-8484,-5788,897,pos,0 days 01:16:47.018000,0 days 02:12:23.626000
2024-05-19 14:20:03.792,OnTrack,-8430,-5695,896,pos,0 days 01:16:47.198000,0 days 02:12:23.806000
2024-05-19 14:20:04.032,OnTrack,-8365,-5587,898,pos,0 days 01:16:47.438000,0 days 02:12:24.046000
2024-05-19 14:20:04.191,OnTrack,-8324,-5526,899,pos,0 days 01:16:47.597000,0 days 02:12:24.205000
2024-05-19 14:20:04.272,OnTrack,-8302,-5498,900,pos,0 days 01:16:47.678000,0 days 02:12:24.286000
2024-05-19 14:20:04.652,OnTrack,-8185,-5381,904,pos,0 days 01:16:48.058000,0 days 02:12:24.666000
2024-05-19 14:20:04.992,OnTrack,-8091,-5337,908,pos,0 days 01:16:48.398000,0 days 02:12:25.006000
2024-05-19 14:20:05.272,OnTrack,-7997,-5326,914,pos,0 days 01:16:48.678000,0 days 02:12:25.286000
2024-05-19 14:20:05.392,OnTrack,-7954,-5330,917,pos,0 days 01:16:48.798000,0 days 02:12:25.406000
2024-05-19 14:20:05.552,OnTrack,-7898,-5339,921,pos,0 days 01:16:48.958000,0 days 02:12:25.566000
2024-05-19 14:20:05.772,OnTrack,-7823,-5357,927,pos,0 days 01:16:49.178000,0 days 02:12:25.786000
2024-05-19 14:20:06.072,OnTrack,-7698,-5391,940,pos,0 days 01:16:49.478000,0 days 02:12:26.086000
2024-05-19 14:20:06.413,OnTrack,-7593,-5414,950,pos,0 days 01:16:49.819000,0 days 02:12:26.427000
2024-05-19 14:20:06.632,OnTrack,-7445,-5434,962,pos,0 days 01:16:50.038000,0 days 02:12:26.646000
2024-05-19 14:20:07.112,OnTrack,-7257,-5443,979,pos,0 days 01:16:50.518000,0 days 02:12:27.126000
2024-05-19 14:20:07.372,OnTrack,-7158,-5443,987,pos,0 days 01:16:50.778000,0 days 02:12:27.386000
2024-05-19 14:20:07.612,OnTrack,-7035,-5442,995,pos,0 days 01:16:51.018000,0 days 02:12:27.626000
2024-05-19 14:20:07.852,OnTrack,-6831,-5440,1008,pos,0 days 01:16:51.258000,0 days 02:12:27.866000
2024-05-19 14:20:08.231,OnTrack,-6695,-5439,1015,pos,0 days 01:16:51.637000,0 days 02:12:28.245000
2024-05-19 14:20:08.551,OnTrack,-6482,-5437,1025,pos,0 days 01:16:51.957000,0 days 02:12:28.565000
2024-05-19 14:20:08.892,OnTrack,-6297,-5436,1031,pos,0 days 01:16:52.298000,0 days 02:12:28.906000
2024-05-19 14:20:09.051,OnTrack,-6195,-5435,1034,pos,0 days 01:16:52.457000,0 days 02:12:29.065000
2024-05-19 14:20:09.252,OnTrack,-6067,-5434,1037,pos,0 days 01:16:52.658000,0 days 02:12:29.266000
2024-05-19 14:20:09.552,OnTrack,-5869,-5432,1043,pos,0 days 01:16:52.958000,0 days 02:12:29.566000
2024-05-19 14:20:09.732,OnTrack,-5748,-5431,1046,pos,0 days 01:16:53.138000,0 days 02:12:29.746000
2024-05-19 14:20:10.012,OnTrack,-5558,-5430,1052,pos,0 days 01:16:53.418000,0 days 02:12:30.026000
2024-05-19 14:20:10.171,OnTrack,-5378,-5427,1057,pos,0 days 01:16:53.577000,0 days 02:12:30.185000
2024-05-19 14:20:10.532,OnTrack,-5192,-5422,1063,pos,0 days 01:16:53.938000,0 days 02:12:30.546000
2024-05-19 14:20:10.731,OnTrack,-5051,-5412,1067,pos,0 days 01:16:54.137000,0 days 02:12:30.745000
2024-05-19 14:20:10.912,OnTrack,-4924,-5401,1071,pos,0 days 01:16:54.318000,0 days 02:12:30.926000
2024-05-19 14:20:11.192,OnTrack,-4726,-5383,1075,pos,0 days 01:16:54.598000,0 days 02:12:31.206000
2024-05-19 14:20:11.372,OnTrack,-4598,-5372,1078,pos,0 days 01:16:54.778000,0 days 02:12:31.386000
2024-05-19 14:20:12.113,OnTrack,-4069,-5328,1084,pos,0 days 01:16:55.519000,0 days 02:12:32.127000
2024-05-19 14:20:12.393,OnTrack,-3873,-5311,1086,pos,0 days 01:16:55.799000,0 days 02:12:32.407000
2024-05-19 14:20:12.572,OnTrack,-3760,-5302,1087,pos,0 days 01:16:55.978000,0 days 02:12:32.586000
2024-05-19 14:20:12.832,OnTrack,-3610,-5290,1087,pos,0 days 01:16:56.238000,0 days 02:12:32.846000
2024-05-19 14:20:13.052,OnTrack,-3445,-5278,1088,pos,0 days 01:16:56.458000,0 days 02:12:33.066000
2024-05-19 14:20:13.513,OnTrack,-3292,-5273,1090,pos,0 days 01:16:56.919000,0 days 02:12:33.527000
2024-05-19 14:20:13.912,OnTrack,-3166,-5302,1093,pos,0 days 01:16:57.318000,0 days 02:12:33.926000
2024-05-19 14:20:14.252,OnTrack,-3098,-5356,1096,pos,0 days 01:16:57.658000,0 days 02:12:34.266000
2024-05-19 14:20:14.451,OnTrack,-3027,-5433,1096,pos,0 days 01:16:57.857000,0 days 02:12:34.465000
2024-05-19 14:20:14.852,OnTrack,-2941,-5512,1096,pos,0 days 01:16:58.258000,0 days 02:12:34.866000
2024-05-19 14:20:15.291,OnTrack,-2863,-5551,1096,pos,0 days 01:16:58.697000,0 days 02:12:35.305000
2024-05-19 14:20:15.452,OnTrack,-2821,-5561,1095,pos,0 days 01:16:58.858000,0 days 02:12:35.466000
2024-05-19 14:20:15.792,OnTrack,-2709,-5551,1093,pos,0 days 01:16:59.198000,0 days 02:12:35.806000
2024-05-19 14:20:16.032,OnTrack,-2666,-5541,1092,pos,0 days 01:16:59.438000,0 days 02:12:36.046000
2024-05-19 14:20:16.232,OnTrack,-2611,-5524,1091,pos,0 days 01:16:59.638000,0 days 02:12:36.246000
2024-05-19 14:20:16.512,OnTrack,-2533,-5497,1089,pos,0 days 01:16:59.918000,0 days 02:12:36.526000
2024-05-19 14:20:16.632,OnTrack,-2498,-5483,1088,pos,0 days 01:17:00.038000,0 days 02:12:36.646000
2024-05-19 14:20:16.892,OnTrack,-2417,-5449,1086,pos,0 days 01:17:00.298000,0 days 02:12:36.906000
2024-05-19 14:20:17.092,OnTrack,-2351,-5418,1085,pos,0 days 01:17:00.498000,0 days 02:12:37.106000
2024-05-19 14:20:17.392,OnTrack,-2244,-5364,1082,pos,0 days 01:17:00.798000,0 days 02:12:37.406000
2024-05-19 14:20:17.452,OnTrack,-2221,-5352,1081,pos,0 days 01:17:00.858000,0 days 02:12:37.466000
2024-05-19 14:20:17.792,OnTrack,-2085,-5281,1078,pos,0 days 01:17:01.198000,0 days 02:12:37.806000
2024-05-19 14:20:18.012,OnTrack,-1991,-5231,1076,pos,0 days 01:17:01.418000,0 days 02:12:38.026000
2024-05-19 14:20:18.212,OnTrack,-1901,-5183,1074,pos,0 days 01:17:01.618000,0 days 02:12:38.226000
2024-05-19 14:20:18.452,OnTrack,-1787,-5124,1072,pos,0 days 01:17:01.858000,0 days 02:12:38.466000
2024-05-19 14:20:18.512,OnTrack,-1758,-5109,1072,pos,0 days 01:17:01.918000,0 days 02:12:38.526000
2024-05-19 14:20:18.852,OnTrack,-1542,-5002,1068,pos,0 days 01:17:02.258000,0 days 02:12:38.866000
2024-05-19 14:20:19.112,OnTrack,-1434,-4952,1066,pos,0 days 01:17:02.518000,0 days 02:12:39.126000
2024-05-19 14:20:19.432,OnTrack,-1257,-4872,1062,pos,0 days 01:17:02.838000,0 days 02:12:39.446000
2024-05-19 14:20:19.592,OnTrack,-1166,-4828,1060,pos,0 days 01:17:02.998000,0 days 02:12:39.606000
2024-05-19 14:20:19.812,OnTrack,-1039,-4763,1058,pos,0 days 01:17:03.218000,0 days 02:12:39.826000
2024-05-19 14:20:20.013,OnTrack,-845,-4648,1053,pos,0 days 01:17:03.419000,0 days 02:12:40.027000
2024-05-19 14:20:20.412,OnTrack,-697,-4550,1049,pos,0 days 01:17:03.818000,0 days 02:12:40.426000
2024-05-19 14:20:20.633,OnTrack,-572,-4461,1045,pos,0 days 01:17:04.039000,0 days 02:12:40.647000
2024-05-19 14:20:20.853,OnTrack,-446,-4370,1042,pos,0 days 01:17:04.259000,0 days 02:12:40.867000
2024-05-19 14:20:21.112,OnTrack,-298,-4256,1037,pos,0 days 01:17:04.518000,0 days 02:12:41.126000
2024-05-19 14:20:21.271,OnTrack,-207,-4184,1034,pos,0 days 01:17:04.677000,0 days 02:12:41.285000
2024-05-19 14:20:21.571,OnTrack,-39,-4041,1030,pos,0 days 01:17:04.977000,0 days 02:12:41.585000
2024-05-19 14:20:21.772,OnTrack,69,-3940,1027,pos,0 days 01:17:05.178000,0 days 02:12:41.786000
2024-05-19 14:20:21.992,OnTrack,221,-3787,1023,pos,0 days 01:17:05.398000,0 days 02:12:42.006000
2024-05-19 14:20:22.151,OnTrack,345,-3653,1019,pos,0 days 01:17:05.557000,0 days 02:12:42.165000
2024-05-19 14:20:22.512,OnTrack,489,-3493,1013,pos,0 days 01:17:05.918000,0 days 02:12:42.526000
2024-05-19 14:20:22.671,OnTrack,572,-3401,1008,pos,0 days 01:17:06.077000,0 days 02:12:42.685000
2024-05-19 14:20:22.892,OnTrack,687,-3274,1003,pos,0 days 01:17:06.298000,0 days 02:12:42.906000
2024-05-19 14:20:23.211,OnTrack,888,-3051,988,pos,0 days 01:17:06.617000,0 days 02:12:43.225000
2024-05-19 14:20:23.592,OnTrack,1059,-2862,975,pos,0 days 01:17:06.998000,0 days 02:12:43.606000
2024-05-19 14:20:23.832,OnTrack,1265,-2636,957,pos,0 days 01:17:07.238000,0 days 02:12:43.846000
2024-05-19 14:20:24.252,OnTrack,1505,-2397,935,pos,0 days 01:17:07.658000,0 days 02:12:44.266000
2024-05-19 14:20:24.612,OnTrack,1763,-2210,914,pos,0 days 01:17:08.018000,0 days 02:12:44.626000
2024-05-19 14:20:25.072,OnTrack,2004,-2092,895,pos,0 days 01:17:08.478000,0 days 02:12:45.086000
2024-05-19 14:20:25.312,OnTrack,2253,-1992,876,pos,0 days 01:17:08.718000,0 days 02:12:45.326000
2024-05-19 14:20:25.692,OnTrack,2523,-1883,855,pos,0 days 01:17:09.098000,0 days 02:12:45.706000
2024-05-19 14:20:26.112,OnTrack,2725,-1801,840,pos,0 days 01:17:09.518000,0 days 02:12:46.126000
2024-05-19 14:20:26.352,OnTrack,2847,-1750,832,pos,0 days 01:17:09.758000,0 days 02:12:46.366000
2024-05-19 14:20:26.512,OnTrack,2919,-1718,827,pos,0 days 01:17:09.918000,0 days 02:12:46.526000
2024-05-19 14:20:26.732,OnTrack,3005,-1674,822,pos,0 days 01:17:10.138000,0 days 02:12:46.746000
2024-05-19 14:20:26.952,OnTrack,3081,-1618,816,pos,0 days 01:17:10.358000,0 days 02:12:46.966000
2024-05-19 14:20:27.353,OnTrack,3152,-1525,811,pos,0 days 01:17:10.759000,0 days 02:12:47.367000
2024-05-19 14:20:27.551,OnTrack,3183,-1437,807,pos,0 days 01:17:10.957000,0 days 02:12:47.565000
2024-05-19 14:20:27.831,OnTrack,3190,-1372,804,pos,0 days 01:17:11.237000,0 days 02:12:47.845000
2024-05-19 14:20:28.071,OnTrack,3185,-1294,802,pos,0 days 01:17:11.477000,0 days 02:12:48.085000
2024-05-19 14:20:28.411,OnTrack,3163,-1188,799,pos,0 days 01:17:11.817000,0 days 02:12:48.425000
2024-05-19 14:20:28.631,OnTrack,3143,-1119,797,pos,0 days 01:17:12.037000,0 days 02:12:48.645000
2024-05-19 14:20:28.832,OnTrack,3123,-1056,796,pos,0 days 01:17:12.238000,0 days 02:12:48.846000
2024-05-19 14:20:29.032,OnTrack,3096,-977,794,pos,0 days 01:17:12.438000,0 days 02:12:49.046000
2024-05-19 14:20:29.372,OnTrack,3056,-871,793,pos,0 days 01:17:12.778000,0 days 02:12:49.386000
2024-05-19 14:20:29.652,OnTrack,3010,-769,792,pos,0 days 01:17:13.058000,0 days 02:12:49.666000
2024-05-19 14:20:29.751,OnTrack,2990,-730,791,pos,0 days 01:17:13.157000,0 days 02:12:49.765000
2024-05-19 14:20:29.992,OnTrack,2937,-635,791,pos,0 days 01:17:13.398000,0 days 02:12:50.006000
2024-05-19 14:20:30.152,OnTrack,2897,-576,790,pos,0 days 01:17:13.558000,0 days 02:12:50.166000
2024-05-19 14:20:30.412,OnTrack,2823,-495,789,pos,0 days 01:17:13.818000,0 days 02:12:50.426000
2024-05-19 14:20:30.632,OnTrack,2753,-442,788,pos,0 days 01:17:14.038000,0 days 02:12:50.646000
2024-05-19 14:20:30.892,OnTrack,2661,-397,787,pos,0 days 01:17:14.298000,0 days 02:12:50.906000
2024-05-19 14:20:31.153,OnTrack,2558,-370,786,pos,0 days 01:17:14.559000,0 days 02:12:51.167000
2024-05-19 14:20:31.452,OnTrack,2452,-360,786,pos,0 days 01:17:14.858000,0 days 02:12:51.466000
2024-05-19 14:20:31.692,OnTrack,2359,-362,786,pos,0 days 01:17:15.098000,0 days 02:12:51.706000
2024-05-19 14:20:31.872,OnTrack,2288,-371,785,pos,0 days 01:17:15.278000,0 days 02:12:51.886000
2024-05-19 14:20:32.172,OnTrack,2169,-401,783,pos,0 days 01:17:15.578000,0 days 02:12:52.186000
2024-05-19 14:20:32.392,OnTrack,2080,-436,783,pos,0 days 01:17:15.798000,0 days 02:12:52.406000
2024-05-19 14:20:32.553,OnTrack,1965,-489,781,pos,0 days 01:17:15.959000,0 days 02:12:52.567000
2024-05-19 14:20:32.932,OnTrack,1850,-542,780,pos,0 days 01:17:16.338000,0 days 02:12:52.946000
2024-05-19 14:20:33.152,OnTrack,1768,-580,779,pos,0 days 01:17:16.558000,0 days 02:12:53.166000
2024-05-19 14:20:33.432,OnTrack,1600,-656,778,pos,0 days 01:17:16.838000,0 days 02:12:53.446000
2024-05-19 14:20:33.713,OnTrack,1487,-708,778,pos,0 days 01:17:17.119000,0 days 02:12:53.727000
2024-05-19 14:20:33.893,OnTrack,1391,-751,778,pos,0 days 01:17:17.299000,0 days 02:12:53.907000
2024-05-19 14:20:34.212,OnTrack,1215,-831,778,pos,0 days 01:17:17.618000,0 days 02:12:54.226000
2024-05-19 14:20:34.432,OnTrack,1089,-888,778,pos,0 days 01:17:17.838000,0 days 02:12:54.446000
2024-05-19 14:20:34.591,OnTrack,996,-930,778,pos,0 days 01:17:17.997000,0 days 02:12:54.605000
2024-05-19 14:20:34.812,OnTrack,865,-988,779,pos,0 days 01:17:18.218000,0 days 02:12:54.826000
2024-05-19 14:20:34.972,OnTrack,767,-1029,779,pos,0 days 01:17:18.378000,0 days 02:12:54.986000
2024-05-19 14:20:35.151,OnTrack,651,-1078,779,pos,0 days 01:17:18.557000,0 days 02:12:55.165000
2024-05-19 14:20:35.431,OnTrack,469,-1154,780,pos,0 days 01:17:18.837000,0 days 02:12:55.445000
2024-05-19 14:20:35.672,OnTrack,275,-1236,781,pos,0 days 01:17:19.078000,0 days 02:12:55.686000
2024-05-19 14:20:36.112,OnTrack,-29,-1363,781,pos,0 days 01:17:19.518000,0 days 02:12:56.126000
2024-05-19 14:20:36.492,OnTrack,-333,-1474,782,pos,0 days 01:17:19.898000,0 days 02:12:56.506000
2024-05-19 14:20:36.831,OnTrack,-477,-1514,783,pos,0 days 01:17:20.237000,0 days 02:12:56.845000
2024-05-19 14:20:37.152,OnTrack,-728,-1564,783,pos,0 days 01:17:20.558000,0 days 02:12:57.166000
2024-05-19 14:20:37.492,OnTrack,-1106,-1589,784,pos,0 days 01:17:20.898000,0 days 02:12:57.506000
2024-05-19 14:20:37.812,OnTrack,-1263,-1593,785,pos,0 days 01:17:21.218000,0 days 02:12:57.826000
2024-05-19 14:20:38.012,OnTrack,-1422,-1600,785,pos,0 days 01:17:21.418000,0 days 02:12:58.026000
2024-05-19 14:20:38.272,OnTrack,-1627,-1613,786,pos,0 days 01:17:21.678000,0 days 02:12:58.286000
2024-05-19 14:20:38.452,OnTrack,-1771,-1621,787,pos,0 days 01:17:21.858000,0 days 02:12:58.466000
2024-05-19 14:20:38.793,OnTrack,-2094,-1638,788,pos,0 days 01:17:22.199000,0 days 02:12:58.807000
2024-05-19 14:20:39.132,OnTrack,-2436,-1658,790,pos,0 days 01:17:22.538000,0 days 02:12:59.146000
2024-05-19 14:20:39.492,OnTrack,-2617,-1667,791,pos,0 days 01:17:22.898000,0 days 02:12:59.506000
2024-05-19 14:20:39.812,OnTrack,-2882,-1676,792,pos,0 days 01:17:23.218000,0 days 02:12:59.826000
2024-05-19 14:20:39.933,OnTrack,-2982,-1679,792,pos,0 days 01:17:23.339000,0 days 02:12:59.947000
2024-05-19 14:20:40.173,OnTrack,-3266,-1689,793,pos,0 days 01:17:23.579000,0 days 02:13:00.187000
2024-05-19 14:20:40.572,OnTrack,-3518,-1696,794,pos,0 days 01:17:23.978000,0 days 02:13:00.586000
2024-05-19 14:20:40.732,OnTrack,-3652,-1694,795,pos,0 days 01:17:24.138000,0 days 02:13:00.746000
2024-05-19 14:20:40.911,OnTrack,-3802,-1685,796,pos,0 days 01:17:24.317000,0 days 02:13:00.925000
2024-05-19 14:20:41.211,OnTrack,-4055,-1652,797,pos,0 days 01:17:24.617000,0 days 02:13:01.225000
2024-05-19 14:20:41.411,OnTrack,-4224,-1620,798,pos,0 days 01:17:24.817000,0 days 02:13:01.425000
2024-05-19 14:20:41.652,OnTrack,-4426,-1575,799,pos,0 days 01:17:25.058000,0 days 02:13:01.666000
2024-05-19 14:20:42.632,OnTrack,-5246,-1376,805,pos,0 days 01:17:26.038000,0 days 02:13:02.646000
2024-05-19 14:20:42.952,OnTrack,-5516,-1316,807,pos,0 days 01:17:26.358000,0 days 02:13:02.966000
2024-05-19 14:20:43.052,OnTrack,-5610,-1298,808,pos,0 days 01:17:26.458000,0 days 02:13:03.066000
2024-05-19 14:20:43.272,OnTrack,-5823,-1265,810,pos,0 days 01:17:26.678000,0 days 02:13:03.286000
2024-05-19 14:20:43.552,OnTrack,-6065,-1242,812,pos,0 days 01:17:26.958000,0 days 02:13:03.566000
2024-05-19 14:20:43.712,OnTrack,-6204,-1235,814,pos,0 days 01:17:27.118000,0 days 02:13:03.726000
2024-05-19 14:20:43.892,OnTrack,-6361,-1231,814,pos,0 days 01:17:27.298000,0 days 02:13:03.906000
2024-05-19 14:20:44.152,OnTrack,-6588,-1230,815,pos,0 days 01:17:27.558000,0 days 02:13:04.166000
2024-05-19 14:20:44.352,OnTrack,-6763,-1231,816,pos,0 days 01:17:27.758000,0 days 02:13:04.366000
2024-05-19 14:20:44.572,OnTrack,-7060,-1238,817,pos,0 days 01:17:27.978000,0 days 02:13:04.586000
2024-05-19 14:20:44.912,OnTrack,-7252,-1248,818,pos,0 days 01:17:28.318000,0 days 02:13:04.926000
2024-05-19 14:20:45.272,OnTrack,-7654,-1283,818,pos,0 days 01:17:28.678000,0 days 02:13:05.286000
2024-05-19 14:20:45.572,OnTrack,-7828,-1302,818,pos,0 days 01:17:28.978000,0 days 02:13:05.586000
2024-05-19 14:20:45.853,OnTrack,-8193,-1347,819,pos,0 days 01:17:29.259000,0 days 02:13:05.867000
2024-05-19 14:20:46.112,OnTrack,-8298,-1361,819,pos,0 days 01:17:29.518000,0 days 02:13:06.126000
2024-05-19 14:20:46.453,OnTrack,-8698,-1417,819,pos,0 days 01:17:29.859000,0 days 02:13:06.467000
2024-05-19 14:20:46.872,OnTrack,-9047,-1468,819,pos,0 days 01:17:30.278000,0 days 02:13:06.886000
2024-05-19 14:20:47.253,OnTrack,-9287,-1516,819,pos,0 days 01:17:30.659000,0 days 02:13:07.267000
2024-05-19 14:20:47.451,OnTrack,-9451,-1560,819,pos,0 days 01:17:30.857000,0 days 02:13:07.465000
2024-05-19 14:20:47.691,OnTrack,-9630,-1616,819,pos,0 days 01:17:31.097000,0 days 02:13:07.705000
2024-05-19 14:20:47.852,OnTrack,-9738,-1651,818,pos,0 days 01:17:31.258000,0 days 02:13:07.866000
2024-05-19 14:20:48.072,OnTrack,-9873,-1693,818,pos,0 days 01:17:31.478000,0 days 02:13:08.086000
2024-05-19 14:20:48.231,OnTrack,-9960,-1721,818,pos,0 days 01:17:31.637000,0 days 02:13:08.245000
2024-05-19 14:20:48.452,OnTrack,-10070,-1754,819,pos,0 days 01:17:31.858000,0 days 02:13:08.466000
2024-05-19 14:20:48.692,OnTrack,-10173,-1789,818,pos,0 days 01:17:32.098000,0 days 02:13:08.706000
2024-05-19 14:20:49.012,OnTrack,-10284,-1852,818,pos,0 days 01:17:32.418000,0 days 02:13:09.026000
2024-05-19 14:20:49.071,OnTrack,-10300,-1868,818,pos,0 days 01:17:32.477000,0 days 02:13:09.085000
2024-05-19 14:20:49.312,OnTrack,-10356,-1946,818,pos,0 days 01:17:32.718000,0 days 02:13:09.326000
2024-05-19 14:20:49.472,OnTrack,-10382,-2008,818,pos,0 days 01:17:32.878000,0 days 02:13:09.486000
2024-05-19 14:20:49.712,OnTrack,-10410,-2107,819,pos,0 days 01:17:33.118000,0 days 02:13:09.726000
2024-05-19 14:20:50.012,OnTrack,-10463,-2268,819,pos,0 days 01:17:33.418000,0 days 02:13:10.026000
2024-05-19 14:20:50.471,OnTrack,-10571,-2428,818,pos,0 days 01:17:33.877000,0 days 02:13:10.485000
2024-05-19 14:20:50.872,OnTrack,-10732,-2557,819,pos,0 days 01:17:34.278000,0 days 02:13:10.886000
2024-05-19 14:20:51.112,OnTrack,-10780,-2588,819,pos,0 days 01:17:34.518000,0 days 02:13:11.126000
2024-05-19 14:20:51.472,OnTrack,-10934,-2679,821,pos,0 days 01:17:34.878000,0 days 02:13:11.486000
2024-05-19 14:20:51.672,OnTrack,-11088,-2768,822,pos,0 days 01:17:35.078000,0 days 02:13:11.686000
2024-05-19 14:20:52.052,OnTrack,-11201,-2834,823,pos,0 days 01:17:35.458000,0 days 02:13:12.066000
2024-05-19 14:20:52.272,OnTrack,-11369,-2936,824,pos,0 days 01:17:35.678000,0 days 02:13:12.286000
2024-05-19 14:20:52.592,OnTrack,-11466,-3004,824,pos,0 days 01:17:35.998000,0 days 02:13:12.606000
2024-05-19 14:20:52.852,OnTrack,-11632,-3164,825,pos,0 days 01:17:36.258000,0 days 02:13:12.866000
2024-05-19 14:20:53.253,OnTrack,-11728,-3313,825,pos,0 days 01:17:36.659000,0 days 02:13:13.267000
2024-05-19 14:20:53.412,OnTrack,-11774,-3409,826,pos,0 days 01:17:36.818000,0 days 02:13:13.426000
2024-05-19 14:20:53.672,OnTrack,-11839,-3570,827,pos,0 days 01:17:37.078000,0 days 02:13:13.686000
2024-05-19 14:20:53.853,OnTrack,-11882,-3683,827,pos,0 days 01:17:37.259000,0 days 02:13:13.867000
2024-05-19 14:20:54.092,OnTrack,-11939,-3835,828,pos,0 days 01:17:37.498000,0 days 02:13:14.106000
2024-05-19 14:20:54.211,OnTrack,-11967,-3912,828,pos,0 days 01:17:37.617000,0 days 02:13:14.225000
2024-05-19 14:20:54.412,OnTrack,-12017,-4043,828,pos,0 days 01:17:37.818000,0 days 02:13:14.426000
2024-05-19 14:20:54.592,OnTrack,-12061,-4162,829,pos,0 days 01:17:37.998000,0 days 02:13:14.606000
2024-05-19 14:20:54.972,OnTrack,-12157,-4418,830,pos,0 days 01:17:38.378000,0 days 02:13:14.986000
2024-05-19 14:20:55.132,OnTrack,-12199,-4527,830,pos,0 days 01:17:38.538000,0 days 02:13:15.146000
2024-05-19 14:20:55.272,OnTrack,-12235,-4624,830,pos,0 days 01:17:38.678000,0 days 02:13:15.286000
2024-05-19 14:20:55.552,OnTrack,-12324,-4861,831,pos,0 days 01:17:38.958000,0 days 02:13:15.566000
2024-05-19 14:20:55.972,OnTrack,-12419,-5116,832,pos,0 days 01:17:39.378000,0 days 02:13:15.986000
2024-05-19 14:20:56.132,OnTrack,-12462,-5230,832,pos,0 days 01:17:39.538000,0 days 02:13:16.146000
2024-05-19 14:20:56.352,OnTrack,-12521,-5387,832,pos,0 days 01:17:39.758000,0 days 02:13:16.366000
2024-05-19 14:20:56.572,OnTrack,-12580,-5545,833,pos,0 days 01:17:39.978000,0 days 02:13:16.586000
2024-05-19 14:20:56.731,OnTrack,-12662,-5761,833,pos,0 days 01:17:40.137000,0 days 02:13:16.745000
2024-05-19 14:20:57.072,OnTrack,-12716,-5905,833,pos,0 days 01:17:40.478000,0 days 02:13:17.086000
2024-05-19 14:20:57.312,OnTrack,-12782,-6079,834,pos,0 days 01:17:40.718000,0 days 02:13:17.326000
2024-05-19 14:20:57.492,OnTrack,-12833,-6208,834,pos,0 days 01:17:40.898000,0 days 02:13:17.506000
2024-05-19 14:20:57.712,OnTrack,-12898,-6365,835,pos,0 days 01:17:41.118000,0 days 02:13:17.726000
2024-05-19 14:20:57.892,OnTrack,-12952,-6493,835,pos,0 days 01:17:41.298000,0 days 02:13:17.906000
2024-05-19 14:20:58.133,OnTrack,-13024,-6664,836,pos,0 days 01:17:41.539000,0 days 02:13:18.147000
2024-05-19 14:20:58.393,OnTrack,-13098,-6848,836,pos,0 days 01:17:41.799000,0 days 02:13:18.407000
2024-05-19 14:20:58.572,OnTrack,-13137,-6969,837,pos,0 days 01:17:41.978000,0 days 02:13:18.586000
2024-05-19 14:20:58.812,OnTrack,-13163,-7205,838,pos,0 days 01:17:42.218000,0 days 02:13:18.826000
2024-05-19 14:20:59.233,OnTrack,-13141,-7400,839,pos,0 days 01:17:42.639000,0 days 02:13:19.247000
2024-05-19 14:20:59.332,OnTrack,-13129,-7463,840,pos,0 days 01:17:42.738000,0 days 02:13:19.346000
2024-05-19 14:20:59.533,OnTrack,-13101,-7582,841,pos,0 days 01:17:42.939000,0 days 02:13:19.547000
2024-05-19 14:20:59.813,OnTrack,-13063,-7738,842,pos,0 days 01:17:43.219000,0 days 02:13:19.827000
2024-05-19 14:21:00.033,OnTrack,-13029,-7907,843,pos,0 days 01:17:43.439000,0 days 02:13:20.047000
2024-05-19 14:21:00.353,OnTrack,-13024,-7998,843,pos,0 days 01:17:43.759000,0 days 02:13:20.367000
2024-05-19 14:21:00.711,OnTrack,-13086,-8190,846,pos,0 days 01:17:44.117000,0 days 02:13:20.725000
2024-05-19 14:21:01.112,OnTrack,-13175,-8287,847,pos,0 days 01:17:44.518000,0 days 02:13:21.126000
2024-05-19 14:21:01.271,OnTrack,-13235,-8339,847,pos,0 days 01:17:44.677000,0 days 02:13:21.285000
2024-05-19 14:21:01.532,OnTrack,-13329,-8421,849,pos,0 days 01:17:44.938000,0 days 02:13:21.546000
2024-05-19 14:21:01.772,OnTrack,-13458,-8530,850,pos,0 days 01:17:45.178000,0 days 02:13:21.786000
2024-05-19 14:21:02.171,OnTrack,-13578,-8631,852,pos,0 days 01:17:45.577000,0 days 02:13:22.185000
2024-05-19 14:21:02.372,OnTrack,-13694,-8730,854,pos,0 days 01:17:45.778000,0 days 02:13:22.386000
2024-05-19 14:21:02.632,OnTrack,-13772,-8796,855,pos,0 days 01:17:46.038000,0 days 02:13:22.646000
2024-05-19 14:21:02.832,OnTrack,-13828,-8842,856,pos,0 days 01:17:46.238000,0 days 02:13:22.846000
2024-05-19 14:21:03.052,OnTrack,-13928,-8926,858,pos,0 days 01:17:46.458000,0 days 02:13:23.066000
2024-05-19 14:21:03.312,OnTrack,-14057,-9044,861,pos,0 days 01:17:46.718000,0 days 02:13:23.326000
2024-05-19 14:21:03.492,OnTrack,-14137,-9121,864,pos,0 days 01:17:46.898000,0 days 02:13:23.506000
2024-05-19 14:21:03.813,OnTrack,-14278,-9262,870,pos,0 days 01:17:47.219000,0 days 02:13:23.827000
2024-05-19 14:21:03.972,OnTrack,-14412,-9395,876,pos,0 days 01:17:47.378000,0 days 02:13:23.986000
2024-05-19 14:21:04.332,OnTrack,-14510,-9489,880,pos,0 days 01:17:47.738000,0 days 02:13:24.346000
2024-05-19 14:21:04.572,OnTrack,-14610,-9581,885,pos,0 days 01:17:47.978000,0 days 02:13:24.586000
2024-05-19 14:21:04.892,OnTrack,-14756,-9728,892,pos,0 days 01:17:48.298000,0 days 02:13:24.906000
2024-05-19 14:21:05.112,OnTrack,-14784,-9759,894,pos,0 days 01:17:48.518000,0 days 02:13:25.126000
2024-05-19 14:21:05.473,OnTrack,-14861,-9869,898,pos,0 days 01:17:48.879000,0 days 02:13:25.487000
2024-05-19 14:21:05.692,OnTrack,-14893,-9936,900,pos,0 days 01:17:49.098000,0 days 02:13:25.706000
2024-05-19 14:21:05.872,OnTrack,-14915,-10035,903,pos,0 days 01:17:49.278000,0 days 02:13:25.886000
2024-05-19 14:21:06.192,OnTrack,-14914,-10089,906,pos,0 days 01:17:49.598000,0 days 02:13:26.206000
2024-05-19 14:21:06.353,OnTrack,-14906,-10136,908,pos,0 days 01:17:49.759000,0 days 02:13:26.367000
2024-05-19 14:21:06.553,OnTrack,-14885,-10190,910,pos,0 days 01:17:49.959000,0 days 02:13:26.567000
2024-05-19 14:21:06.932,OnTrack,-14818,-10278,917,pos,0 days 01:17:50.338000,0 days 02:13:26.946000
2024-05-19 14:21:07.212,OnTrack,-14764,-10320,921,pos,0 days 01:17:50.618000,0 days 02:13:27.226000
2024-05-19 14:21:07.392,OnTrack,-14723,-10344,922,pos,0 days 01:17:50.798000,0 days 02:13:27.406000
2024-05-19 14:21:07.571,OnTrack,-14679,-10363,924,pos,0 days 01:17:50.977000,0 days 02:13:27.585000
2024-05-19 14:21:07.851,OnTrack,-14605,-10383,928,pos,0 days 01:17:51.257000,0 days 02:13:27.865000
2024-05-19 14:21:08.012,OnTrack,-14560,-10390,930,pos,0 days 01:17:51.418000,0 days 02:13:28.026000
2024-05-19 14:21:08.292,OnTrack,-14479,-10395,935,pos,0 days 01:17:51.698000,0 days 02:13:28.306000
2024-05-19 14:21:08.472,OnTrack,-14425,-10394,938,pos,0 days 01:17:51.878000,0 days 02:13:28.486000
2024-05-19 14:21:08.631,OnTrack,-14375,-10391,940,pos,0 days 01:17:52.037000,0 days 02:13:28.645000
2024-05-19 14:21:08.872,OnTrack,-14308,-10384,943,pos,0 days 01:17:52.278000,0 days 02:13:28.886000
2024-05-19 14:21:09.172,OnTrack,-14204,-10369,948,pos,0 days 01:17:52.578000,0 days 02:13:29.186000
2024-05-19 14:21:09.392,OnTrack,-14066,-10344,954,pos,0 days 01:17:52.798000,0 days 02:13:29.406000
2024-05-19 14:21:09.612,OnTrack,-14033,-10338,955,pos,0 days 01:17:53.018000,0 days 02:13:29.626000
2024-05-19 14:21:09.952,OnTrack,-13836,-10298,965,pos,0 days 01:17:53.358000,0 days 02:13:29.966000
2024-05-19 14:21:10.352,OnTrack,-13690,-10268,971,pos,0 days 01:17:53.758000,0 days 02:13:30.366000
2024-05-19 14:21:10.572,OnTrack,-13522,-10236,978,pos,0 days 01:17:53.978000,0 days 02:13:30.586000
2024-05-19 14:21:10.992,OnTrack,-13264,-10190,987,pos,0 days 01:17:54.398000,0 days 02:13:31.006000
2024-05-19 14:21:11.352,OnTrack,-13051,-10152,995,pos,0 days 01:17:54.758000,0 days 02:13:31.366000
2024-05-19 14:21:11.733,OnTrack,-12903,-10128,1000,pos,0 days 01:17:55.139000,0 days 02:13:31.747000
2024-05-19 14:21:11.972,OnTrack,-12751,-10105,1005,pos,0 days 01:17:55.378000,0 days 02:13:31.986000
2024-05-19 14:21:12.132,OnTrack,-12647,-10089,1008,pos,0 days 01:17:55.538000,0 days 02:13:32.146000
2024-05-19 14:21:12.472,OnTrack,-12329,-10044,1020,pos,0 days 01:17:55.878000,0 days 02:13:32.486000
2024-05-19 14:21:12.712,OnTrack,-12260,-10034,1023,pos,0 days 01:17:56.118000,0 days 02:13:32.726000
2024-05-19 14:21:13.073,OnTrack,-11983,-9996,1040,pos,0 days 01:17:56.479000,0 days 02:13:33.087000
2024-05-19 14:21:13.453,OnTrack,-11677,-9960,1060,pos,0 days 01:17:56.859000,0 days 02:13:33.467000
2024-05-19 14:21:13.871,OnTrack,-11329,-9928,1083,pos,0 days 01:17:57.277000,0 days 02:13:33.885000
2024-05-19 14:21:14.172,OnTrack,-11197,-9922,1090,pos,0 days 01:17:57.578000,0 days 02:13:34.186000
2024-05-19 14:21:14.351,OnTrack,-11064,-9918,1099,pos,0 days 01:17:57.757000,0 days 02:13:34.365000
2024-05-19 14:21:14.631,OnTrack,-10856,-9919,1110,pos,0 days 01:17:58.037000,0 days 02:13:34.645000
2024-05-19 14:21:14.812,OnTrack,-10722,-9924,1116,pos,0 days 01:17:58.218000,0 days 02:13:34.826000
2024-05-19 14:21:15.032,OnTrack,-10558,-9934,1121,pos,0 days 01:17:58.438000,0 days 02:13:35.046000
2024-05-19 14:21:15.332,OnTrack,-10319,-9958,1122,pos,0 days 01:17:58.738000,0 days 02:13:35.346000
2024-05-19 14:21:15.592,OnTrack,-10140,-9979,1121,pos,0 days 01:17:58.998000,0 days 02:13:35.606000
2024-05-19 14:21:15.812,OnTrack,-9976,-9998,1120,pos,0 days 01:17:59.218000,0 days 02:13:35.826000
2024-05-19 14:21:16.092,OnTrack,-9767,-10022,1118,pos,0 days 01:17:59.498000,0 days 02:13:36.106000
2024-05-19 14:21:16.332,OnTrack,-9513,-10050,1116,pos,0 days 01:17:59.738000,0 days 02:13:36.346000
2024-05-19 14:21:16.672,OnTrack,-9343,-10065,1115,pos,0 days 01:18:00.078000,0 days 02:13:36.686000
2024-05-19 14:21:16.912,OnTrack,-9188,-10071,1114,pos,0 days 01:18:00.318000,0 days 02:13:36.926000
2024-05-19 14:21:17.072,OnTrack,-9016,-10052,1114,pos,0 days 01:18:00.478000,0 days 02:13:37.086000
2024-05-19 14:21:17.532,OnTrack,-8849,-9990,1113,pos,0 days 01:18:00.938000,0 days 02:13:37.546000
2024-05-19 14:21:17.732,OnTrack,-8758,-9930,1111,pos,0 days 01:18:01.138000,0 days 02:13:37.746000
2024-05-19 14:21:17.872,OnTrack,-8702,-9879,1110,pos,0 days 01:18:01.278000,0 days 02:13:37.886000
2024-05-19 14:21:18.072,OnTrack,-8632,-9794,1107,pos,0 days 01:18:01.478000,0 days 02:13:38.086000
2024-05-19 14:21:18.392,OnTrack,-8511,-9581,1100,pos,0 days 01:18:01.798000,0 days 02:13:38.406000
2024-05-19 14:21:18.833,OnTrack,-8422,-9400,1094,pos,0 days 01:18:02.239000,0 days 02:13:38.847000
2024-05-19 14:21:18.952,OnTrack,-8392,-9334,1092,pos,0 days 01:18:02.358000,0 days 02:13:38.966000
2024-05-19 14:21:19.133,OnTrack,-8350,-9232,1088,pos,0 days 01:18:02.539000,0 days 02:13:39.147000
2024-05-19 14:21:19.333,OnTrack,-8309,-9113,1084,pos,0 days 01:18:02.739000,0 days 02:13:39.347000
2024-05-19 14:21:19.492,OnTrack,-8283,-9014,1081,pos,0 days 01:18:02.898000,0 days 02:13:39.506000
2024-05-19 14:21:19.693,OnTrack,-8258,-8887,1075,pos,0 days 01:18:03.099000,0 days 02:13:39.707000
2024-05-19 14:21:19.893,OnTrack,-8243,-8755,1069,pos,0 days 01:18:03.299000,0 days 02:13:39.907000
2024-05-19 14:21:20.092,OnTrack,-8237,-8620,1061,pos,0 days 01:18:03.498000,0 days 02:13:40.106000
2024-05-19 14:21:20.371,OnTrack,-8244,-8426,1048,pos,0 days 01:18:03.777000,0 days 02:13:40.385000
2024-05-19 14:21:20.532,OnTrack,-8254,-8317,1042,pos,0 days 01:18:03.938000,0 days 02:13:40.546000
2024-05-19 14:21:20.772,OnTrack,-8274,-8169,1027,pos,0 days 01:18:04.178000,0 days 02:13:40.786000
2024-05-19 14:21:21.131,OnTrack,-8340,-7813,994,pos,0 days 01:18:04.537000,0 days 02:13:41.145000
2024-05-19 14:21:21.392,OnTrack,-8359,-7727,988,pos,0 days 01:18:04.798000,0 days 02:13:41.406000
2024-05-19 14:21:21.632,OnTrack,-8399,-7555,975,pos,0 days 01:18:05.038000,0 days 02:13:41.646000
2024-05-19 14:21:21.812,OnTrack,-8428,-7425,967,pos,0 days 01:18:05.218000,0 days 02:13:41.826000
2024-05-19 14:21:22.092,OnTrack,-8475,-7220,955,pos,0 days 01:18:05.498000,0 days 02:13:42.106000
2024-05-19 14:21:22.332,OnTrack,-8529,-6985,943,pos,0 days 01:18:05.738000,0 days 02:13:42.346000
2024-05-19 14:21:22.632,OnTrack,-8565,-6823,935,pos,0 days 01:18:06.038000,0 days 02:13:42.646000
2024-05-19 14:21:23.712,OnTrack,-8611,-6059,900,pos,0 days 01:18:07.118000,0 days 02:13:43.726000
2024-05-19 14:21:23.992,OnTrack,-8530,-5875,897,pos,0 days 01:18:07.398000,0 days 02:13:44.006000
2024-05-19 14:21:24.192,OnTrack,-8451,-5731,896,pos,0 days 01:18:07.598000,0 days 02:13:44.206000
2024-05-19 14:21:24.513,OnTrack,-8377,-5605,897,pos,0 days 01:18:07.919000,0 days 02:13:44.527000
2024-05-19 14:21:24.773,OnTrack,-8307,-5504,900,pos,0 days 01:18:08.179000,0 days 02:13:44.787000
2024-05-19 14:21:24.972,OnTrack,-8252,-5439,902,pos,0 days 01:18:08.378000,0 days 02:13:44.986000
2024-05-19 14:21:25.152,OnTrack,-8199,-5391,903,pos,0 days 01:18:08.558000,0 days 02:13:45.166000
2024-05-19 14:21:25.452,OnTrack,-8106,-5341,907,pos,0 days 01:18:08.858000,0 days 02:13:45.466000
2024-05-19 14:21:25.613,OnTrack,-8051,-5328,909,pos,0 days 01:18:09.019000,0 days 02:13:45.627000
2024-05-19 14:21:25.792,OnTrack,-7989,-5326,915,pos,0 days 01:18:09.198000,0 days 02:13:45.806000
2024-05-19 14:21:25.992,OnTrack,-7917,-5335,920,pos,0 days 01:18:09.398000,0 days 02:13:46.006000
2024-05-19 14:21:26.133,OnTrack,-7870,-5346,924,pos,0 days 01:18:09.539000,0 days 02:13:46.147000
2024-05-19 14:21:26.433,OnTrack,-7736,-5381,936,pos,0 days 01:18:09.839000,0 days 02:13:46.447000
2024-05-19 14:21:26.793,OnTrack,-7646,-5404,943,pos,0 days 01:18:10.199000,0 days 02:13:46.807000
2024-05-19 14:21:27.111,OnTrack,-7525,-5425,956,pos,0 days 01:18:10.517000,0 days 02:13:47.125000
2024-05-19 14:21:27.151,OnTrack,-7509,-5427,957,pos,0 days 01:18:10.557000,0 days 02:13:47.165000
2024-05-19 14:21:27.451,OnTrack,-7382,-5438,968,pos,0 days 01:18:10.857000,0 days 02:13:47.465000
2024-05-19 14:21:27.751,OnTrack,-7199,-5443,983,pos,0 days 01:18:11.157000,0 days 02:13:47.765000
2024-05-19 14:21:27.991,OnTrack,-7140,-5443,988,pos,0 days 01:18:11.397000,0 days 02:13:48.005000
2024-05-19 14:21:28.251,OnTrack,-7008,-5442,998,pos,0 days 01:18:11.657000,0 days 02:13:48.265000
2024-05-19 14:21:28.452,OnTrack,-6901,-5441,1004,pos,0 days 01:18:11.858000,0 days 02:13:48.466000
2024-05-19 14:21:28.632,OnTrack,-6803,-5440,1010,pos,0 days 01:18:12.038000,0 days 02:13:48.646000
2024-05-19 14:21:28.952,OnTrack,-6620,-5438,1019,pos,0 days 01:18:12.358000,0 days 02:13:48.966000
2024-05-19 14:21:29.091,OnTrack,-6538,-5438,1023,pos,0 days 01:18:12.497000,0 days 02:13:49.105000
2024-05-19 14:21:29.252,OnTrack,-6441,-5437,1027,pos,0 days 01:18:12.658000,0 days 02:13:49.266000
2024-05-19 14:21:29.552,OnTrack,-6255,-5436,1032,pos,0 days 01:18:12.958000,0 days 02:13:49.566000
2024-05-19 14:21:29.792,OnTrack,-6103,-5434,1036,pos,0 days 01:18:13.198000,0 days 02:13:49.806000
2024-05-19 14:21:30.032,OnTrack,-5946,-5433,1041,pos,0 days 01:18:13.438000,0 days 02:13:50.046000
2024-05-19 14:21:30.232,OnTrack,-5746,-5431,1046,pos,0 days 01:18:13.638000,0 days 02:13:50.246000
2024-05-19 14:21:30.532,OnTrack,-5611,-5430,1050,pos,0 days 01:18:13.938000,0 days 02:13:50.546000
2024-05-19 14:21:30.692,OnTrack,-5502,-5429,1053,pos,0 days 01:18:14.098000,0 days 02:13:50.706000
2024-05-19 14:21:30.952,OnTrack,-5324,-5426,1059,pos,0 days 01:18:14.358000,0 days 02:13:50.966000
2024-05-19 14:21:31.212,OnTrack,-5087,-5415,1066,pos,0 days 01:18:14.618000,0 days 02:13:51.226000
2024-05-19 14:21:31.672,OnTrack,-4827,-5392,1073,pos,0 days 01:18:15.078000,0 days 02:13:51.686000
2024-05-19 14:21:31.832,OnTrack,-4714,-5382,1076,pos,0 days 01:18:15.238000,0 days 02:13:51.846000
2024-05-19 14:21:31.992,OnTrack,-4601,-5372,1078,pos,0 days 01:18:15.398000,0 days 02:13:52.006000
2024-05-19 14:21:32.112,OnTrack,-4516,-5365,1080,pos,0 days 01:18:15.518000,0 days 02:13:52.126000
2024-05-19 14:21:32.372,OnTrack,-4331,-5349,1082,pos,0 days 01:18:15.778000,0 days 02:13:52.386000
2024-05-19 14:21:32.693,OnTrack,-4103,-5331,1084,pos,0 days 01:18:16.099000,0 days 02:13:52.707000
2024-05-19 14:21:32.912,OnTrack,-3865,-5311,1086,pos,0 days 01:18:16.318000,0 days 02:13:52.926000
2024-05-19 14:21:33.293,OnTrack,-3635,-5292,1087,pos,0 days 01:18:16.699000,0 days 02:13:53.307000
2024-05-19 14:21:33.711,OnTrack,-3415,-5276,1088,pos,0 days 01:18:17.117000,0 days 02:13:53.725000
2024-05-19 14:21:34.011,OnTrack,-3347,-5273,1089,pos,0 days 01:18:17.417000,0 days 02:13:54.025000
2024-05-19 14:21:34.211,OnTrack,-3266,-5274,1091,pos,0 days 01:18:17.617000,0 days 02:13:54.225000
2024-05-19 14:21:34.452,OnTrack,-3192,-5289,1092,pos,0 days 01:18:17.858000,0 days 02:13:54.466000
2024-05-19 14:21:34.672,OnTrack,-3102,-5351,1095,pos,0 days 01:18:18.078000,0 days 02:13:54.686000
2024-05-19 14:21:35.051,OnTrack,-3036,-5423,1096,pos,0 days 01:18:18.457000,0 days 02:13:55.065000
2024-05-19 14:21:35.312,OnTrack,-2953,-5503,1096,pos,0 days 01:18:18.718000,0 days 02:13:55.326000
2024-05-19 14:21:35.631,OnTrack,-2905,-5534,1096,pos,0 days 01:18:19.037000,0 days 02:13:55.645000
2024-05-19 14:21:35.852,OnTrack,-2848,-5555,1095,pos,0 days 01:18:19.258000,0 days 02:13:55.866000
2024-05-19 14:21:36.092,OnTrack,-2786,-5563,1094,pos,0 days 01:18:19.498000,0 days 02:13:56.106000
2024-05-19 14:21:36.272,OnTrack,-2737,-5557,1093,pos,0 days 01:18:19.678000,0 days 02:13:56.286000
2024-05-19 14:21:37.112,OnTrack,-2500,-5484,1088,pos,0 days 01:18:20.518000,0 days 02:13:57.126000
2024-05-19 14:21:37.472,OnTrack,-2347,-5416,1085,pos,0 days 01:18:20.878000,0 days 02:13:57.486000
2024-05-19 14:21:37.752,OnTrack,-2291,-5388,1083,pos,0 days 01:18:21.158000,0 days 02:13:57.766000
2024-05-19 14:21:38.072,OnTrack,-2169,-5325,1080,pos,0 days 01:18:21.478000,0 days 02:13:58.086000
2024-05-19 14:21:38.172,OnTrack,-2129,-5304,1079,pos,0 days 01:18:21.578000,0 days 02:13:58.186000
2024-05-19 14:21:38.472,OnTrack,-2004,-5238,1077,pos,0 days 01:18:21.878000,0 days 02:13:58.486000
2024-05-19 14:21:38.752,OnTrack,-1867,-5166,1074,pos,0 days 01:18:22.158000,0 days 02:13:58.766000
2024-05-19 14:21:38.973,OnTrack,-1774,-5117,1072,pos,0 days 01:18:22.379000,0 days 02:13:58.987000
2024-05-19 14:21:39.332,OnTrack,-1517,-4991,1067,pos,0 days 01:18:22.738000,0 days 02:13:59.346000
2024-05-19 14:21:39.652,OnTrack,-1397,-4935,1065,pos,0 days 01:18:23.058000,0 days 02:13:59.666000
2024-05-19 14:21:39.952,OnTrack,-1187,-4839,1061,pos,0 days 01:18:23.358000,0 days 02:13:59.966000
2024-05-19 14:21:40.352,OnTrack,-1003,-4743,1057,pos,0 days 01:18:23.758000,0 days 02:14:00.366000
2024-05-19 14:21:40.592,OnTrack,-809,-4625,1052,pos,0 days 01:18:23.998000,0 days 02:14:00.606000
2024-05-19 14:21:40.892,OnTrack,-694,-4548,1049,pos,0 days 01:18:24.298000,0 days 02:14:00.906000
2024-05-19 14:21:41.172,OnTrack,-534,-4434,1044,pos,0 days 01:18:24.578000,0 days 02:14:01.186000
2024-05-19 14:21:41.351,OnTrack,-431,-4358,1041,pos,0 days 01:18:24.757000,0 days 02:14:01.365000
2024-05-19 14:21:41.591,OnTrack,-293,-4253,1037,pos,0 days 01:18:24.997000,0 days 02:14:01.605000
2024-05-19 14:21:41.752,OnTrack,-203,-4181,1034,pos,0 days 01:18:25.158000,0 days 02:14:01.766000
2024-05-19 14:21:41.932,OnTrack,-101,-4096,1031,pos,0 days 01:18:25.338000,0 days 02:14:01.946000
2024-05-19 14:21:42.151,OnTrack,20,-3986,1028,pos,0 days 01:18:25.557000,0 days 02:14:02.165000
2024-05-19 14:21:42.372,OnTrack,152,-3858,1025,pos,0 days 01:18:25.778000,0 days 02:14:02.386000
2024-05-19 14:21:42.492,OnTrack,237,-3770,1022,pos,0 days 01:18:25.898000,0 days 02:14:02.506000
2024-05-19 14:21:42.812,OnTrack,403,-3589,1017,pos,0 days 01:18:26.218000,0 days 02:14:02.826000
2024-05-19 14:21:43.012,OnTrack,506,-3474,1012,pos,0 days 01:18:26.418000,0 days 02:14:03.026000
2024-05-19 14:21:43.192,OnTrack,673,-3289,1003,pos,0 days 01:18:26.598000,0 days 02:14:03.206000
2024-05-19 14:21:43.532,OnTrack,779,-3172,996,pos,0 days 01:18:26.938000,0 days 02:14:03.546000
2024-05-19 14:21:43.812,OnTrack,1003,-2924,980,pos,0 days 01:18:27.218000,0 days 02:14:03.826000
2024-05-19 14:21:44.232,OnTrack,1154,-2757,967,pos,0 days 01:18:27.638000,0 days 02:14:04.246000
2024-05-19 14:21:44.412,OnTrack,1252,-2650,958,pos,0 days 01:18:27.818000,0 days 02:14:04.426000
2024-05-19 14:21:44.673,OnTrack,1397,-2497,945,pos,0 days 01:18:28.079000,0 days 02:14:04.687000
2024-05-19 14:21:44.872,OnTrack,1604,-2316,927,pos,0 days 01:18:28.278000,0 days 02:14:04.886000
2024-05-19 14:21:45.112,OnTrack,1670,-2269,921,pos,0 days 01:18:28.518000,0 days 02:14:05.126000
2024-05-19 14:21:45.352,OnTrack,1839,-2168,908,pos,0 days 01:18:28.758000,0 days 02:14:05.366000
2024-05-19 14:21:45.652,OnTrack,2179,-2022,882,pos,0 days 01:18:29.058000,0 days 02:14:05.666000
2024-05-19 14:21:46.093,OnTrack,2492,-1896,858,pos,0 days 01:18:29.499000,0 days 02:14:06.107000
2024-05-19 14:21:46.432,OnTrack,2613,-1846,848,pos,0 days 01:18:29.838000,0 days 02:14:06.446000
2024-05-19 14:21:46.573,OnTrack,2690,-1815,842,pos,0 days 01:18:29.979000,0 days 02:14:06.587000
2024-05-19 14:21:46.791,OnTrack,2800,-1770,835,pos,0 days 01:18:30.197000,0 days 02:14:06.805000
2024-05-19 14:21:47.071,OnTrack,2968,-1694,824,pos,0 days 01:18:30.477000,0 days 02:14:07.085000
2024-05-19 14:21:47.512,OnTrack,3091,-1608,816,pos,0 days 01:18:30.918000,0 days 02:14:07.526000
2024-05-19 14:21:47.851,OnTrack,3148,-1532,811,pos,0 days 01:18:31.257000,0 days 02:14:07.865000
2024-05-19 14:21:48.012,OnTrack,3170,-1482,809,pos,0 days 01:18:31.418000,0 days 02:14:08.026000
2024-05-19 14:21:48.352,OnTrack,3190,-1371,804,pos,0 days 01:18:31.758000,0 days 02:14:08.366000
2024-05-19 14:21:48.492,OnTrack,3189,-1326,803,pos,0 days 01:18:31.898000,0 days 02:14:08.506000
2024-05-19 14:21:48.652,OnTrack,3182,-1274,801,pos,0 days 01:18:32.058000,0 days 02:14:08.666000
2024-05-19 14:21:48.992,OnTrack,3154,-1155,798,pos,0 days 01:18:32.398000,0 days 02:14:09.006000
2024-05-19 14:21:49.251,OnTrack,3132,-1085,796,pos,0 days 01:18:32.657000,0 days 02:14:09.265000
2024-05-19 14:21:49.511,OnTrack,3089,-959,794,pos,0 days 01:18:32.917000,0 days 02:14:09.525000
2024-05-19 14:21:49.952,OnTrack,3020,-792,792,pos,0 days 01:18:33.358000,0 days 02:14:09.966000
2024-05-19 14:21:50.252,OnTrack,2990,-730,791,pos,0 days 01:18:33.658000,0 days 02:14:10.266000
2024-05-19 14:21:50.432,OnTrack,2951,-659,791,pos,0 days 01:18:33.838000,0 days 02:14:10.446000
2024-05-19 14:21:50.633,OnTrack,2903,-585,790,pos,0 days 01:18:34.039000,0 days 02:14:10.647000
2024-05-19 14:21:50.832,OnTrack,2849,-520,789,pos,0 days 01:18:34.238000,0 days 02:14:10.846000
2024-05-19 14:21:51.072,OnTrack,2777,-458,788,pos,0 days 01:18:34.478000,0 days 02:14:11.086000
2024-05-19 14:21:51.232,OnTrack,2723,-425,788,pos,0 days 01:18:34.638000,0 days 02:14:11.246000
2024-05-19 14:21:51.432,OnTrack,2651,-394,787,pos,0 days 01:18:34.838000,0 days 02:14:11.446000
2024-05-19 14:21:51.713,OnTrack,2548,-369,786,pos,0 days 01:18:35.119000,0 days 02:14:11.727000
2024-05-19 14:21:51.932,OnTrack,2466,-360,786,pos,0 days 01:18:35.338000,0 days 02:14:11.946000
2024-05-19 14:21:52.152,OnTrack,2338,-364,786,pos,0 days 01:18:35.558000,0 days 02:14:12.166000
2024-05-19 14:21:52.573,OnTrack,2221,-385,784,pos,0 days 01:18:35.979000,0 days 02:14:12.587000
2024-05-19 14:21:52.732,OnTrack,2158,-405,783,pos,0 days 01:18:36.138000,0 days 02:14:12.746000
2024-05-19 14:21:52.932,OnTrack,2078,-437,782,pos,0 days 01:18:36.338000,0 days 02:14:12.946000
2024-05-19 14:21:53.093,OnTrack,2013,-466,782,pos,0 days 01:18:36.499000,0 days 02:14:13.107000
2024-05-19 14:21:53.311,OnTrack,1919,-510,781,pos,0 days 01:18:36.717000,0 days 02:14:13.325000
2024-05-19 14:21:53.472,OnTrack,1852,-542,780,pos,0 days 01:18:36.878000,0 days 02:14:13.486000
2024-05-19 14:21:53.692,OnTrack,1755,-586,779,pos,0 days 01:18:37.098000,0 days 02:14:13.706000
2024-05-19 14:21:54.032,OnTrack,1586,-662,778,pos,0 days 01:18:37.438000,0 days 02:14:14.046000
2024-05-19 14:21:54.212,OnTrack,1442,-728,778,pos,0 days 01:18:37.618000,0 days 02:14:14.226000
2024-05-19 14:21:54.552,OnTrack,1313,-786,778,pos,0 days 01:18:37.958000,0 days 02:14:14.566000
2024-05-19 14:21:54.752,OnTrack,1201,-837,778,pos,0 days 01:18:38.158000,0 days 02:14:14.766000
2024-05-19 14:21:54.911,OnTrack,1110,-878,778,pos,0 days 01:18:38.317000,0 days 02:14:14.925000
2024-05-19 14:21:55.191,OnTrack,887,-978,779,pos,0 days 01:18:38.597000,0 days 02:14:15.205000
2024-05-19 14:21:55.692,OnTrack,630,-1087,780,pos,0 days 01:18:39.098000,0 days 02:14:15.706000
2024-05-19 14:21:55.872,OnTrack,514,-1135,780,pos,0 days 01:18:39.278000,0 days 02:14:15.886000
2024-05-19 14:21:56.112,OnTrack,334,-1211,781,pos,0 days 01:18:39.518000,0 days 02:14:16.126000
2024-05-19 14:21:56.472,OnTrack,124,-1300,781,pos,0 days 01:18:39.878000,0 days 02:14:16.486000
2024-05-19 14:21:56.652,OnTrack,3,-1350,781,pos,0 days 01:18:40.058000,0 days 02:14:16.666000
2024-05-19 14:21:56.772,OnTrack,-77,-1382,781,pos,0 days 01:18:40.178000,0 days 02:14:16.786000
2024-05-19 14:21:57.052,OnTrack,-270,-1454,782,pos,0 days 01:18:40.458000,0 days 02:14:17.066000
2024-05-19 14:21:57.312,OnTrack,-455,-1509,783,pos,0 days 01:18:40.718000,0 days 02:14:17.326000
2024-05-19 14:21:57.532,OnTrack,-647,-1551,783,pos,0 days 01:18:40.938000,0 days 02:14:17.546000
2024-05-19 14:21:57.952,OnTrack,-973,-1584,784,pos,0 days 01:18:41.358000,0 days 02:14:17.966000
2024-05-19 14:21:58.132,OnTrack,-1120,-1590,784,pos,0 days 01:18:41.538000,0 days 02:14:18.146000
2024-05-19 14:21:58.313,OnTrack,-1284,-1594,785,pos,0 days 01:18:41.719000,0 days 02:14:18.327000
2024-05-19 14:21:58.712,OnTrack,-1544,-1608,786,pos,0 days 01:18:42.118000,0 days 02:14:18.726000
2024-05-19 14:21:58.912,OnTrack,-1799,-1622,787,pos,0 days 01:18:42.318000,0 days 02:14:18.926000
2024-05-19 14:21:59.232,OnTrack,-1959,-1631,788,pos,0 days 01:18:42.638000,0 days 02:14:19.246000
2024-05-19 14:21:59.453,OnTrack,-2137,-1641,788,pos,0 days 01:18:42.859000,0 days 02:14:19.467000
2024-05-19 14:21:59.772,OnTrack,-2397,-1656,790,pos,0 days 01:18:43.178000,0 days 02:14:19.786000
2024-05-19 14:21:59.831,OnTrack,-2446,-1659,790,pos,0 days 01:18:43.237000,0 days 02:14:19.845000
2024-05-19 14:22:00.212,OnTrack,-2757,-1672,791,pos,0 days 01:18:43.618000,0 days 02:14:20.226000
2024-05-19 14:22:00.411,OnTrack,-3022,-1680,792,pos,0 days 01:18:43.817000,0 days 02:14:20.425000
2024-05-19 14:22:00.651,OnTrack,-3122,-1684,793,pos,0 days 01:18:44.057000,0 days 02:14:20.665000
2024-05-19 14:22:00.951,OnTrack,-3489,-1695,794,pos,0 days 01:18:44.357000,0 days 02:14:20.965000
2024-05-19 14:22:01.412,OnTrack,-3857,-1680,796,pos,0 days 01:18:44.818000,0 days 02:14:21.426000
2024-05-19 14:22:01.892,OnTrack,-4160,-1633,797,pos,0 days 01:18:45.298000,0 days 02:14:21.906000
2024-05-19 14:22:02.092,OnTrack,-4328,-1597,798,pos,0 days 01:18:45.498000,0 days 02:14:22.106000
2024-05-19 14:22:02.291,OnTrack,-4546,-1547,799,pos,0 days 01:18:45.697000,0 days 02:14:22.305000
2024-05-19 14:22:02.672,OnTrack,-4814,-1482,802,pos,0 days 01:18:46.078000,0 days 02:14:22.686000
2024-05-19 14:22:02.932,OnTrack,-5131,-1403,804,pos,0 days 01:18:46.338000,0 days 02:14:22.946000
2024-05-19 14:22:03.192,OnTrack,-5249,-1375,805,pos,0 days 01:18:46.598000,0 days 02:14:23.206000
2024-05-19 14:22:03.413,OnTrack,-5434,-1333,807,pos,0 days 01:18:46.819000,0 days 02:14:23.427000
2024-05-19 14:22:04.112,OnTrack,-6008,-1246,811,pos,0 days 01:18:47.518000,0 days 02:14:24.126000
2024-05-19 14:22:04.352,OnTrack,-6217,-1235,814,pos,0 days 01:18:47.758000,0 days 02:14:24.366000
2024-05-19 14:22:04.652,OnTrack,-6600,-1230,815,pos,0 days 01:18:48.058000,0 days 02:14:24.666000
2024-05-19 14:22:05.073,OnTrack,-6915,-1233,816,pos,0 days 01:18:48.479000,0 days 02:14:25.087000
2024-05-19 14:22:05.512,OnTrack,-7281,-1250,818,pos,0 days 01:18:48.918000,0 days 02:14:25.526000
2024-05-19 14:22:05.933,OnTrack,-7595,-1277,819,pos,0 days 01:18:49.339000,0 days 02:14:25.947000
2024-05-19 14:22:06.153,OnTrack,-7857,-1305,818,pos,0 days 01:18:49.559000,0 days 02:14:26.167000
2024-05-19 14:22:06.512,OnTrack,-8199,-1348,819,pos,0 days 01:18:49.918000,0 days 02:14:26.526000
2024-05-19 14:22:06.712,OnTrack,-8373,-1372,819,pos,0 days 01:18:50.118000,0 days 02:14:26.726000
2024-05-19 14:22:06.792,OnTrack,-8443,-1381,819,pos,0 days 01:18:50.198000,0 days 02:14:26.806000
2024-05-19 14:22:07.032,OnTrack,-8652,-1410,819,pos,0 days 01:18:50.438000,0 days 02:14:27.046000
2024-05-19 14:22:07.392,OnTrack,-8966,-1455,819,pos,0 days 01:18:50.798000,0 days 02:14:27.406000
2024-05-19 14:22:07.592,OnTrack,-9225,-1502,819,pos,0 days 01:18:50.998000,0 days 02:14:27.606000
2024-05-19 14:22:07.952,OnTrack,-9441,-1557,819,pos,0 days 01:18:51.358000,0 days 02:14:27.966000
2024-05-19 14:22:08.092,OnTrack,-9550,-1591,819,pos,0 days 01:18:51.498000,0 days 02:14:28.106000
2024-05-19 14:22:08.291,OnTrack,-9691,-1636,818,pos,0 days 01:18:51.697000,0 days 02:14:28.305000
2024-05-19 14:22:08.532,OnTrack,-9841,-1683,818,pos,0 days 01:18:51.938000,0 days 02:14:28.546000
2024-05-19 14:22:08.672,OnTrack,-9921,-1708,818,pos,0 days 01:18:52.078000,0 days 02:14:28.686000
2024-05-19 14:22:09.052,OnTrack,-10115,-1768,818,pos,0 days 01:18:52.458000,0 days 02:14:29.066000
2024-05-19 14:22:09.252,OnTrack,-10231,-1815,818,pos,0 days 01:18:52.658000,0 days 02:14:29.266000
2024-05-19 14:22:09.532,OnTrack,-10294,-1862,818,pos,0 days 01:18:52.938000,0 days 02:14:29.546000
2024-05-19 14:22:09.792,OnTrack,-10357,-1947,818,pos,0 days 01:18:53.198000,0 days 02:14:29.806000
2024-05-19 14:22:10.012,OnTrack,-10391,-2035,818,pos,0 days 01:18:53.418000,0 days 02:14:30.026000
2024-05-19 14:22:10.172,OnTrack,-10425,-2161,819,pos,0 days 01:18:53.578000,0 days 02:14:30.186000
2024-05-19 14:22:10.652,OnTrack,-10476,-2295,819,pos,0 days 01:18:54.058000,0 days 02:14:30.666000
2024-05-19 14:22:10.832,OnTrack,-10516,-2363,819,pos,0 days 01:18:54.238000,0 days 02:14:30.846000
2024-05-19 14:22:10.932,OnTrack,-10544,-2399,818,pos,0 days 01:18:54.338000,0 days 02:14:30.946000
2024-05-19 14:22:11.132,OnTrack,-10608,-2464,818,pos,0 days 01:18:54.538000,0 days 02:14:31.146000
2024-05-19 14:22:11.313,OnTrack,-10674,-2517,818,pos,0 days 01:18:54.719000,0 days 02:14:31.327000
2024-05-19 14:22:11.572,OnTrack,-10777,-2586,819,pos,0 days 01:18:54.978000,0 days 02:14:31.586000
2024-05-19 14:22:11.792,OnTrack,-10869,-2641,820,pos,0 days 01:18:55.198000,0 days 02:14:31.806000
2024-05-19 14:22:12.032,OnTrack,-11032,-2736,821,pos,0 days 01:18:55.438000,0 days 02:14:32.046000
2024-05-19 14:22:12.392,OnTrack,-11131,-2793,822,pos,0 days 01:18:55.798000,0 days 02:14:32.406000
2024-05-19 14:22:12.552,OnTrack,-11205,-2837,823,pos,0 days 01:18:55.958000,0 days 02:14:32.566000
2024-05-19 14:22:12.812,OnTrack,-11330,-2912,824,pos,0 days 01:18:56.218000,0 days 02:14:32.826000
2024-05-19 14:22:13.131,OnTrack,-11485,-3019,825,pos,0 days 01:18:56.537000,0 days 02:14:33.145000
2024-05-19 14:22:13.312,OnTrack,-11566,-3091,825,pos,0 days 01:18:56.718000,0 days 02:14:33.326000
2024-05-19 14:22:13.512,OnTrack,-11646,-3182,825,pos,0 days 01:18:56.918000,0 days 02:14:33.526000
2024-05-19 14:22:13.731,OnTrack,-11720,-3298,825,pos,0 days 01:18:57.137000,0 days 02:14:33.745000
2024-05-19 14:22:13.951,OnTrack,-11777,-3417,826,pos,0 days 01:18:57.357000,0 days 02:14:33.965000
2024-05-19 14:22:14.052,OnTrack,-11803,-3477,826,pos,0 days 01:18:57.458000,0 days 02:14:34.066000
2024-05-19 14:22:14.312,OnTrack,-11865,-3638,827,pos,0 days 01:18:57.718000,0 days 02:14:34.326000
2024-05-19 14:22:14.511,OnTrack,-11926,-3801,828,pos,0 days 01:18:57.917000,0 days 02:14:34.525000
2024-05-19 14:22:14.932,OnTrack,-12013,-4033,828,pos,0 days 01:18:58.338000,0 days 02:14:34.946000
2024-05-19 14:22:15.012,OnTrack,-12033,-4086,829,pos,0 days 01:18:58.418000,0 days 02:14:35.026000
2024-05-19 14:22:15.312,OnTrack,-12108,-4285,829,pos,0 days 01:18:58.718000,0 days 02:14:35.326000
2024-05-19 14:22:15.492,OnTrack,-12153,-4406,830,pos,0 days 01:18:58.898000,0 days 02:14:35.506000
2024-05-19 14:22:15.732,OnTrack,-12235,-4625,830,pos,0 days 01:18:59.138000,0 days 02:14:35.746000
2024-05-19 14:22:16.152,OnTrack,-12361,-4960,831,pos,0 days 01:18:59.558000,0 days 02:14:36.166000
2024-05-19 14:22:16.572,OnTrack,-12435,-5158,832,pos,0 days 01:18:59.978000,0 days 02:14:36.586000
2024-05-19 14:22:16.652,OnTrack,-12456,-5214,832,pos,0 days 01:19:00.058000,0 days 02:14:36.666000
2024-05-19 14:22:16.892,OnTrack,-12521,-5386,832,pos,0 days 01:19:00.298000,0 days 02:14:36.906000
2024-05-19 14:22:17.092,OnTrack,-12574,-5529,833,pos,0 days 01:19:00.498000,0 days 02:14:37.106000
2024-05-19 14:22:17.333,OnTrack,-12640,-5702,833,pos,0 days 01:19:00.739000,0 days 02:14:37.347000
2024-05-19 14:22:17.613,OnTrack,-12716,-5904,833,pos,0 days 01:19:01.019000,0 days 02:14:37.627000
2024-05-19 14:22:17.792,OnTrack,-12793,-6105,834,pos,0 days 01:19:01.198000,0 days 02:14:37.806000
2024-05-19 14:22:18.113,OnTrack,-12855,-6263,835,pos,0 days 01:19:01.519000,0 days 02:14:38.127000
2024-05-19 14:22:18.312,OnTrack,-12915,-6405,835,pos,0 days 01:19:01.718000,0 days 02:14:38.326000
2024-05-19 14:22:18.492,OnTrack,-12969,-6534,835,pos,0 days 01:19:01.898000,0 days 02:14:38.506000
2024-05-19 14:22:18.812,OnTrack,-13065,-6762,836,pos,0 days 01:19:02.218000,0 days 02:14:38.826000
2024-05-19 14:22:18.973,OnTrack,-13108,-6876,836,pos,0 days 01:19:02.379000,0 days 02:14:38.987000
2024-05-19 14:22:19.293,OnTrack,-13162,-7138,838,pos,0 days 01:19:02.699000,0 days 02:14:39.307000
2024-05-19 14:22:19.592,OnTrack,-13158,-7283,838,pos,0 days 01:19:02.998000,0 days 02:14:39.606000
2024-05-19 14:22:19.852,OnTrack,-13131,-7452,840,pos,0 days 01:19:03.258000,0 days 02:14:39.866000
2024-05-19 14:22:20.032,OnTrack,-13106,-7561,840,pos,0 days 01:19:03.438000,0 days 02:14:40.046000
2024-05-19 14:22:20.251,OnTrack,-13075,-7688,841,pos,0 days 01:19:03.657000,0 days 02:14:40.265000
2024-05-19 14:22:20.432,OnTrack,-13052,-7788,842,pos,0 days 01:19:03.838000,0 days 02:14:40.446000
2024-05-19 14:22:20.592,OnTrack,-13035,-7869,843,pos,0 days 01:19:03.998000,0 days 02:14:40.606000
2024-05-19 14:22:20.872,OnTrack,-13024,-7996,843,pos,0 days 01:19:04.278000,0 days 02:14:40.886000
2024-05-19 14:22:21.051,OnTrack,-13033,-8071,844,pos,0 days 01:19:04.457000,0 days 02:14:41.065000
2024-05-19 14:22:21.331,OnTrack,-13079,-8180,845,pos,0 days 01:19:04.737000,0 days 02:14:41.345000
2024-05-19 14:22:21.532,OnTrack,-13157,-8270,846,pos,0 days 01:19:04.938000,0 days 02:14:41.546000
2024-05-19 14:22:21.911,OnTrack,-13317,-8410,848,pos,0 days 01:19:05.317000,0 days 02:14:41.925000
2024-05-19 14:22:22.192,OnTrack,-13376,-8461,849,pos,0 days 01:19:05.598000,0 days 02:14:42.206000
2024-05-19 14:22:22.432,OnTrack,-13468,-8538,850,pos,0 days 01:19:05.838000,0 days 02:14:42.446000
2024-05-19 14:22:22.652,OnTrack,-13555,-8612,851,pos,0 days 01:19:06.058000,0 days 02:14:42.666000
2024-05-19 14:22:22.972,OnTrack,-13688,-8725,853,pos,0 days 01:19:06.378000,0 days 02:14:42.986000
2024-05-19 14:22:23.032,OnTrack,-13713,-8747,854,pos,0 days 01:19:06.438000,0 days 02:14:43.046000
2024-05-19 14:22:23.332,OnTrack,-13815,-8831,855,pos,0 days 01:19:06.738000,0 days 02:14:43.346000
2024-05-19 14:22:23.592,OnTrack,-13947,-8943,858,pos,0 days 01:19:06.998000,0 days 02:14:43.606000
2024-05-19 14:22:23.853,OnTrack,-14058,-9044,861,pos,0 days 01:19:07.259000,0 days 02:14:43.867000
2024-05-19 14:22:24.153,OnTrack,-14235,-9218,868,pos,0 days 01:19:07.559000,0 days 02:14:44.167000
2024-05-19 14:22:24.472,OnTrack,-14332,-9316,872,pos,0 days 01:19:07.878000,0 days 02:14:44.486000
2024-05-19 14:22:24.752,OnTrack,-14458,-9440,878,pos,0 days 01:19:08.158000,0 days 02:14:44.766000
2024-05-19 14:22:24.913,OnTrack,-14532,-9508,882,pos,0 days 01:19:08.319000,0 days 02:14:44.927000
2024-05-19 14:22:25.213,OnTrack,-14655,-9624,887,pos,0 days 01:19:08.619000,0 days 02:14:45.227000
2024-05-19 14:22:25.432,OnTrack,-14762,-9734,892,pos,0 days 01:19:08.838000,0 days 02:14:45.446000
2024-05-19 14:22:25.793,OnTrack,-14828,-9816,896,pos,0 days 01:19:09.199000,0 days 02:14:45.807000
2024-05-19 14:22:25.972,OnTrack,-14882,-9910,899,pos,0 days 01:19:09.378000,0 days 02:14:45.986000
2024-05-19 14:22:26.471,OnTrack,-14916,-10054,904,pos,0 days 01:19:09.877000,0 days 02:14:46.485000
2024-05-19 14:22:26.852,OnTrack,-14904,-10143,908,pos,0 days 01:19:10.258000,0 days 02:14:46.866000
2024-05-19 14:22:27.051,OnTrack,-14872,-10212,912,pos,0 days 01:19:10.457000,0 days 02:14:47.065000
2024-05-19 14:22:27.432,OnTrack,-14815,-10280,917,pos,0 days 01:19:10.838000,0 days 02:14:47.446000
2024-05-19 14:22:27.672,OnTrack,-14732,-10339,922,pos,0 days 01:19:11.078000,0 days 02:14:47.686000
2024-05-19 14:22:28.012,OnTrack,-14683,-10362,924,pos,0 days 01:19:11.418000,0 days 02:14:48.026000
2024-05-19 14:22:28.212,OnTrack,-14631,-10378,926,pos,0 days 01:19:11.618000,0 days 02:14:48.226000
2024-05-19 14:22:28.452,OnTrack,-14566,-10390,930,pos,0 days 01:19:11.858000,0 days 02:14:48.466000
2024-05-19 14:22:28.652,OnTrack,-14469,-10395,936,pos,0 days 01:19:12.058000,0 days 02:14:48.666000
2024-05-19 14:22:29.132,OnTrack,-14365,-10390,940,pos,0 days 01:19:12.538000,0 days 02:14:49.146000
2024-05-19 14:22:29.292,OnTrack,-14318,-10385,941,pos,0 days 01:19:12.698000,0 days 02:14:49.306000
2024-05-19 14:22:29.392,OnTrack,-14310,-10384,943,pos,0 days 01:19:12.798000,0 days 02:14:49.406000
2024-05-19 14:22:29.712,OnTrack,-14196,-10367,948,pos,0 days 01:19:13.118000,0 days 02:14:49.726000
2024-05-19 14:22:29.972,OnTrack,-14068,-10345,954,pos,0 days 01:19:13.378000,0 days 02:14:49.986000
2024-05-19 14:22:30.393,OnTrack,-13864,-10304,963,pos,0 days 01:19:13.799000,0 days 02:14:50.407000
2024-05-19 14:22:30.772,OnTrack,-13676,-10265,971,pos,0 days 01:19:14.178000,0 days 02:14:50.786000
2024-05-19 14:22:31.052,OnTrack,-13581,-10247,975,pos,0 days 01:19:14.458000,0 days 02:14:51.066000
2024-05-19 14:22:31.292,OnTrack,-13450,-10223,981,pos,0 days 01:19:14.698000,0 days 02:14:51.306000
2024-05-19 14:22:31.473,OnTrack,-13349,-10205,985,pos,0 days 01:19:14.879000,0 days 02:14:51.487000
2024-05-19 14:22:31.712,OnTrack,-13210,-10180,990,pos,0 days 01:19:15.118000,0 days 02:14:51.726000
2024-05-19 14:22:31.912,OnTrack,-13090,-10159,994,pos,0 days 01:19:15.318000,0 days 02:14:51.926000
2024-05-19 14:22:32.212,OnTrack,-12905,-10129,1000,pos,0 days 01:19:15.618000,0 days 02:14:52.226000
2024-05-19 14:22:32.273,OnTrack,-12867,-10123,1001,pos,0 days 01:19:15.679000,0 days 02:14:52.287000
2024-05-19 14:22:32.553,OnTrack,-12687,-10095,1007,pos,0 days 01:19:15.959000,0 days 02:14:52.567000
2024-05-19 14:22:32.751,OnTrack,-12556,-10076,1011,pos,0 days 01:19:16.157000,0 days 02:14:52.765000
2024-05-19 14:22:33.071,OnTrack,-12300,-10040,1021,pos,0 days 01:19:16.477000,0 days 02:14:53.085000
2024-05-19 14:22:33.311,OnTrack,-12176,-10023,1028,pos,0 days 01:19:16.717000,0 days 02:14:53.325000
2024-05-19 14:22:33.531,OnTrack,-12023,-10002,1038,pos,0 days 01:19:16.937000,0 days 02:14:53.545000
2024-05-19 14:22:33.712,OnTrack,-11896,-9985,1045,pos,0 days 01:19:17.118000,0 days 02:14:53.726000
2024-05-19 14:22:33.932,OnTrack,-11739,-9966,1056,pos,0 days 01:19:17.338000,0 days 02:14:53.946000
2024-05-19 14:22:34.172,OnTrack,-11566,-9948,1068,pos,0 days 01:19:17.578000,0 days 02:14:54.186000
2024-05-19 14:22:34.391,OnTrack,-11407,-9933,1078,pos,0 days 01:19:17.797000,0 days 02:14:54.405000
2024-05-19 14:22:34.712,OnTrack,-11173,-9921,1092,pos,0 days 01:19:18.118000,0 days 02:14:54.726000
2024-05-19 14:22:34.932,OnTrack,-10967,-9918,1104,pos,0 days 01:19:18.338000,0 days 02:14:54.946000
2024-05-19 14:22:35.332,OnTrack,-10715,-9924,1117,pos,0 days 01:19:18.738000,0 days 02:14:55.346000
2024-05-19 14:22:35.412,OnTrack,-10656,-9927,1119,pos,0 days 01:19:18.818000,0 days 02:14:55.426000
2024-05-19 14:22:35.672,OnTrack,-10463,-9943,1122,pos,0 days 01:19:19.078000,0 days 02:14:55.686000
2024-05-19 14:22:35.852,OnTrack,-10224,-9969,1122,pos,0 days 01:19:19.258000,0 days 02:14:55.866000
2024-05-19 14:22:36.292,OnTrack,-10001,-9995,1120,pos,0 days 01:19:19.698000,0 days 02:14:56.306000
2024-05-19 14:22:36.432,OnTrack,-9896,-10007,1119,pos,0 days 01:19:19.838000,0 days 02:14:56.446000
2024-05-19 14:22:36.792,OnTrack,-9583,-10042,1117,pos,0 days 01:19:20.198000,0 days 02:14:56.806000
2024-05-19 14:22:37.193,OnTrack,-9310,-10068,1115,pos,0 days 01:19:20.599000,0 days 02:14:57.207000
2024-05-19 14:22:37.453,OnTrack,-9170,-10070,1114,pos,0 days 01:19:20.859000,0 days 02:14:57.467000
2024-05-19 14:22:37.832,OnTrack,-8955,-10036,1114,pos,0 days 01:19:21.238000,0 days 02:14:57.846000
2024-05-19 14:22:38.033,OnTrack,-8823,-9975,1113,pos,0 days 01:19:21.439000,0 days 02:14:58.047000
2024-05-19 14:22:38.313,OnTrack,-8725,-9902,1110,pos,0 days 01:19:21.719000,0 days 02:14:58.327000
2024-05-19 14:22:38.553,OnTrack,-8637,-9801,1107,pos,0 days 01:19:21.959000,0 days 02:14:58.567000
2024-05-19 14:22:38.792,OnTrack,-8563,-9680,1103,pos,0 days 01:19:22.198000,0 days 02:14:58.806000
2024-05-19 14:22:38.992,OnTrack,-8507,-9573,1100,pos,0 days 01:19:22.398000,0 days 02:14:59.006000
2024-05-19 14:22:39.193,OnTrack,-8454,-9465,1096,pos,0 days 01:19:22.599000,0 days 02:14:59.207000
2024-05-19 14:22:39.472,OnTrack,-8381,-9309,1091,pos,0 days 01:19:22.878000,0 days 02:14:59.486000
2024-05-19 14:22:39.531,OnTrack,-8367,-9274,1090,pos,0 days 01:19:22.937000,0 days 02:14:59.545000
2024-05-19 14:22:39.831,OnTrack,-8304,-9094,1083,pos,0 days 01:19:23.237000,0 days 02:14:59.845000
2024-05-19 14:22:40.012,OnTrack,-8275,-8980,1080,pos,0 days 01:19:23.418000,0 days 02:15:00.026000
2024-05-19 14:22:40.172,OnTrack,-8256,-8875,1074,pos,0 days 01:19:23.578000,0 days 02:15:00.186000
2024-05-19 14:22:40.411,OnTrack,-8240,-8714,1066,pos,0 days 01:19:23.817000,0 days 02:15:00.425000
2024-05-19 14:22:40.592,OnTrack,-8237,-8591,1059,pos,0 days 01:19:23.998000,0 days 02:15:00.606000
2024-05-19 14:22:40.872,OnTrack,-8252,-8338,1042,pos,0 days 01:19:24.278000,0 days 02:15:00.886000
2024-05-19 14:22:41.211,OnTrack,-8275,-8162,1026,pos,0 days 01:19:24.617000,0 days 02:15:01.225000
2024-05-19 14:22:41.511,OnTrack,-8315,-7934,1005,pos,0 days 01:19:24.917000,0 days 02:15:01.525000
2024-05-19 14:22:41.912,OnTrack,-8381,-7632,981,pos,0 days 01:19:25.318000,0 days 02:15:01.926000
2024-05-19 14:22:42.232,OnTrack,-8428,-7428,968,pos,0 days 01:19:25.638000,0 days 02:15:02.246000
2024-05-19 14:22:42.452,OnTrack,-8464,-7268,958,pos,0 days 01:19:25.858000,0 days 02:15:02.466000
2024-05-19 14:22:42.632,OnTrack,-8494,-7135,951,pos,0 days 01:19:26.038000,0 days 02:15:02.646000
2024-05-19 14:22:42.872,OnTrack,-8555,-6870,937,pos,0 days 01:19:26.278000,0 days 02:15:02.886000
2024-05-19 14:22:43.352,OnTrack,-8617,-6588,922,pos,0 days 01:19:26.758000,0 days 02:15:03.366000
2024-05-19 14:22:43.592,OnTrack,-8646,-6427,914,pos,0 days 01:19:26.998000,0 days 02:15:03.606000
2024-05-19 14:22:43.932,OnTrack,-8637,-6149,903,pos,0 days 01:19:27.338000,0 days 02:15:03.946000
2024-05-19 14:22:44.352,OnTrack,-8514,-5845,897,pos,0 days 01:19:27.758000,0 days 02:15:04.366000
2024-05-19 14:22:44.593,OnTrack,-8472,-5767,897,pos,0 days 01:19:27.999000,0 days 02:15:04.607000
2024-05-19 14:22:44.932,OnTrack,-8372,-5598,897,pos,0 days 01:19:28.338000,0 days 02:15:04.946000
2024-05-19 14:22:45.133,OnTrack,-8319,-5519,899,pos,0 days 01:19:28.539000,0 days 02:15:05.147000
2024-05-19 14:22:45.353,OnTrack,-8258,-5446,902,pos,0 days 01:19:28.759000,0 days 02:15:05.367000
2024-05-19 14:22:45.592,OnTrack,-8189,-5384,904,pos,0 days 01:19:28.998000,0 days 02:15:05.606000
2024-05-19 14:22:45.673,OnTrack,-8165,-5368,905,pos,0 days 01:19:29.079000,0 days 02:15:05.687000
2024-05-19 14:22:45.952,OnTrack,-8044,-5327,909,pos,0 days 01:19:29.358000,0 days 02:15:05.966000
2024-05-19 14:22:46.311,OnTrack,-7945,-5331,917,pos,0 days 01:19:29.717000,0 days 02:15:06.325000
2024-05-19 14:22:46.572,OnTrack,-7853,-5350,925,pos,0 days 01:19:29.978000,0 days 02:15:06.586000
2024-05-19 14:22:46.792,OnTrack,-7778,-5370,932,pos,0 days 01:19:30.198000,0 days 02:15:06.806000
2024-05-19 14:22:47.012,OnTrack,-7680,-5396,941,pos,0 days 01:19:30.418000,0 days 02:15:07.026000
2024-05-19 14:22:47.352,OnTrack,-7576,-5417,951,pos,0 days 01:19:30.758000,0 days 02:15:07.366000
2024-05-19 14:22:47.512,OnTrack,-7513,-5427,957,pos,0 days 01:19:30.918000,0 days 02:15:07.526000
2024-05-19 14:22:47.672,OnTrack,-7445,-5434,962,pos,0 days 01:19:31.078000,0 days 02:15:07.686000
2024-05-19 14:22:47.992,OnTrack,-7307,-5442,975,pos,0 days 01:19:31.398000,0 days 02:15:08.006000
2024-05-19 14:22:48.152,OnTrack,-7230,-5443,981,pos,0 days 01:19:31.558000,0 days 02:15:08.166000
2024-05-19 14:22:48.332,OnTrack,-7141,-5443,988,pos,0 days 01:19:31.738000,0 days 02:15:08.346000
2024-05-19 14:22:48.532,OnTrack,-7038,-5442,995,pos,0 days 01:19:31.938000,0 days 02:15:08.546000
2024-05-19 14:22:48.812,OnTrack,-6888,-5441,1005,pos,0 days 01:19:32.218000,0 days 02:15:08.826000
2024-05-19 14:22:49.012,OnTrack,-6776,-5440,1011,pos,0 days 01:19:32.418000,0 days 02:15:09.026000
2024-05-19 14:22:49.272,OnTrack,-6626,-5439,1019,pos,0 days 01:19:32.678000,0 days 02:15:09.286000
2024-05-19 14:22:49.472,OnTrack,-6506,-5438,1024,pos,0 days 01:19:32.878000,0 days 02:15:09.486000
2024-05-19 14:22:49.652,OnTrack,-6397,-5437,1028,pos,0 days 01:19:33.058000,0 days 02:15:09.666000
2024-05-19 14:22:49.892,OnTrack,-6157,-5435,1035,pos,0 days 01:19:33.298000,0 days 02:15:09.906000
2024-05-19 14:22:50.332,OnTrack,-5962,-5433,1040,pos,0 days 01:19:33.738000,0 days 02:15:10.346000
2024-05-19 14:22:50.513,OnTrack,-5842,-5432,1044,pos,0 days 01:19:33.919000,0 days 02:15:10.527000
2024-05-19 14:22:50.652,OnTrack,-5747,-5431,1046,pos,0 days 01:19:34.058000,0 days 02:15:10.666000
2024-05-19 14:22:50.872,OnTrack,-5596,-5430,1051,pos,0 days 01:19:34.278000,0 days 02:15:10.886000
2024-05-19 14:22:51.032,OnTrack,-5485,-5429,1054,pos,0 days 01:19:34.438000,0 days 02:15:11.046000
2024-05-19 14:22:51.313,OnTrack,-5248,-5424,1061,pos,0 days 01:19:34.719000,0 days 02:15:11.327000
2024-05-19 14:22:51.613,OnTrack,-5079,-5414,1066,pos,0 days 01:19:35.019000,0 days 02:15:11.627000
2024-05-19 14:22:51.812,OnTrack,-4939,-5402,1070,pos,0 days 01:19:35.218000,0 days 02:15:11.826000
2024-05-19 14:22:52.112,OnTrack,-4627,-5374,1078,pos,0 days 01:19:35.518000,0 days 02:15:12.126000
2024-05-19 14:22:52.453,OnTrack,-4484,-5362,1081,pos,0 days 01:19:35.859000,0 days 02:15:12.467000
2024-05-19 14:22:52.752,OnTrack,-4270,-5344,1083,pos,0 days 01:19:36.158000,0 days 02:15:12.766000
2024-05-19 14:22:52.931,OnTrack,-4098,-5330,1084,pos,0 days 01:19:36.337000,0 days 02:15:12.945000
2024-05-19 14:22:53.352,OnTrack,-3849,-5309,1086,pos,0 days 01:19:36.758000,0 days 02:15:13.366000
2024-05-19 14:22:53.572,OnTrack,-3715,-5299,1087,pos,0 days 01:19:36.978000,0 days 02:15:13.586000
2024-05-19 14:22:53.612,OnTrack,-3693,-5297,1087,pos,0 days 01:19:37.018000,0 days 02:15:13.626000
2024-05-19 14:22:53.971,OnTrack,-3442,-5278,1088,pos,0 days 01:19:37.377000,0 days 02:15:13.985000
2024-05-19 14:22:54.392,OnTrack,-3326,-5273,1090,pos,0 days 01:19:37.798000,0 days 02:15:14.406000
2024-05-19 14:22:54.551,OnTrack,-3269,-5274,1091,pos,0 days 01:19:37.957000,0 days 02:15:14.565000
2024-05-19 14:22:54.732,OnTrack,-3212,-5282,1092,pos,0 days 01:19:38.138000,0 days 02:15:14.746000
2024-05-19 14:22:54.892,OnTrack,-3166,-5302,1093,pos,0 days 01:19:38.298000,0 days 02:15:14.906000
2024-05-19 14:22:55.172,OnTrack,-3065,-5390,1096,pos,0 days 01:19:38.578000,0 days 02:15:15.186000
2024-05-19 14:22:55.612,OnTrack,-2987,-5474,1096,pos,0 days 01:19:39.018000,0 days 02:15:15.626000
2024-05-19 14:22:55.672,OnTrack,-2974,-5486,1096,pos,0 days 01:19:39.078000,0 days 02:15:15.686000
2024-05-19 14:22:55.953,OnTrack,-2875,-5547,1096,pos,0 days 01:19:39.359000,0 days 02:15:15.967000
2024-05-19 14:22:56.312,OnTrack,-2810,-5563,1095,pos,0 days 01:19:39.718000,0 days 02:15:16.326000
2024-05-19 14:22:56.652,OnTrack,-2716,-5553,1093,pos,0 days 01:19:40.058000,0 days 02:15:16.666000
2024-05-19 14:22:56.692,OnTrack,-2705,-5551,1093,pos,0 days 01:19:40.098000,0 days 02:15:16.706000
2024-05-19 14:22:56.912,OnTrack,-2644,-5535,1091,pos,0 days 01:19:40.318000,0 days 02:15:16.926000
2024-05-19 14:22:57.132,OnTrack,-2584,-5515,1090,pos,0 days 01:19:40.538000,0 days 02:15:17.146000
2024-05-19 14:22:57.292,OnTrack,-2539,-5499,1089,pos,0 days 01:19:40.698000,0 days 02:15:17.306000
2024-05-19 14:22:57.593,OnTrack,-2450,-5463,1087,pos,0 days 01:19:40.999000,0 days 02:15:17.607000
2024-05-19 14:22:57.712,OnTrack,-2413,-5447,1086,pos,0 days 01:19:41.118000,0 days 02:15:17.726000
2024-05-19 14:22:58.092,OnTrack,-2285,-5385,1083,pos,0 days 01:19:41.498000,0 days 02:15:18.106000
2024-05-19 14:22:58.272,OnTrack,-2173,-5327,1080,pos,0 days 01:19:41.678000,0 days 02:15:18.286000
2024-05-19 14:22:58.652,OnTrack,-2068,-5272,1078,pos,0 days 01:19:42.058000,0 days 02:15:18.666000
2024-05-19 14:22:58.792,OnTrack,-2008,-5240,1077,pos,0 days 01:19:42.198000,0 days 02:15:18.806000
2024-05-19 14:22:59.072,OnTrack,-1816,-5139,1073,pos,0 days 01:19:42.478000,0 days 02:15:19.086000
2024-05-19 14:22:59.411,OnTrack,-1718,-5088,1071,pos,0 days 01:19:42.817000,0 days 02:15:19.425000
2024-05-19 14:22:59.711,OnTrack,-1548,-5005,1068,pos,0 days 01:19:43.117000,0 days 02:15:19.725000
2024-05-19 14:22:59.832,OnTrack,-1483,-4975,1067,pos,0 days 01:19:43.238000,0 days 02:15:19.846000
2024-05-19 14:23:00.152,OnTrack,-1305,-4894,1063,pos,0 days 01:19:43.558000,0 days 02:15:20.166000
2024-05-19 14:23:00.332,OnTrack,-1168,-4829,1060,pos,0 days 01:19:43.738000,0 days 02:15:20.346000
2024-05-19 14:23:00.672,OnTrack,-1007,-4745,1057,pos,0 days 01:19:44.078000,0 days 02:15:20.686000
2024-05-19 14:23:00.831,OnTrack,-916,-4692,1055,pos,0 days 01:19:44.237000,0 days 02:15:20.845000
2024-05-19 14:23:01.152,OnTrack,-733,-4574,1050,pos,0 days 01:19:44.558000,0 days 02:15:21.166000
2024-05-19 14:23:01.351,OnTrack,-550,-4446,1045,pos,0 days 01:19:44.757000,0 days 02:15:21.365000
2024-05-19 14:23:01.651,OnTrack,-447,-4370,1042,pos,0 days 01:19:45.057000,0 days 02:15:21.665000
2024-05-19 14:23:01.832,OnTrack,-344,-4292,1039,pos,0 days 01:19:45.238000,0 days 02:15:21.846000
2024-05-19 14:23:02.072,OnTrack,-207,-4184,1034,pos,0 days 01:19:45.478000,0 days 02:15:22.086000
2024-05-19 14:23:02.332,OnTrack,4,-4001,1029,pos,0 days 01:19:45.738000,0 days 02:15:22.346000
2024-05-19 14:23:02.753,OnTrack,192,-3817,1024,pos,0 days 01:19:46.159000,0 days 02:15:22.767000
2024-05-19 14:23:02.992,OnTrack,320,-3680,1020,pos,0 days 01:19:46.398000,0 days 02:15:23.006000
2024-05-19 14:23:03.192,OnTrack,475,-3509,1014,pos,0 days 01:19:46.598000,0 days 02:15:23.206000
2024-05-19 14:23:03.613,OnTrack,673,-3289,1003,pos,0 days 01:19:47.019000,0 days 02:15:23.627000
2024-05-19 14:23:04.012,OnTrack,895,-3043,988,pos,0 days 01:19:47.418000,0 days 02:15:24.026000
2024-05-19 14:23:04.332,OnTrack,1024,-2901,978,pos,0 days 01:19:47.738000,0 days 02:15:24.346000
2024-05-19 14:23:04.552,OnTrack,1142,-2770,968,pos,0 days 01:19:47.958000,0 days 02:15:24.566000
2024-05-19 14:23:04.733,OnTrack,1240,-2663,958,pos,0 days 01:19:48.139000,0 days 02:15:24.747000
2024-05-19 14:23:05.052,OnTrack,1419,-2476,942,pos,0 days 01:19:48.458000,0 days 02:15:25.066000
2024-05-19 14:23:05.273,OnTrack,1588,-2328,928,pos,0 days 01:19:48.679000,0 days 02:15:25.287000
2024-05-19 14:23:05.672,OnTrack,1842,-2166,907,pos,0 days 01:19:49.078000,0 days 02:15:25.686000
2024-05-19 14:23:05.872,OnTrack,1988,-2099,897,pos,0 days 01:19:49.278000,0 days 02:15:25.886000
2024-05-19 14:23:05.931,OnTrack,2035,-2079,893,pos,0 days 01:19:49.337000,0 days 02:15:25.945000
2024-05-19 14:23:06.191,OnTrack,2236,-1999,877,pos,0 days 01:19:49.597000,0 days 02:15:26.205000
2024-05-19 14:23:06.432,OnTrack,2412,-1928,864,pos,0 days 01:19:49.838000,0 days 02:15:26.446000
2024-05-19 14:23:06.612,OnTrack,2532,-1879,855,pos,0 days 01:19:50.018000,0 days 02:15:26.626000
2024-05-19 14:23:06.811,OnTrack,2652,-1830,846,pos,0 days 01:19:50.217000,0 days 02:15:26.825000
2024-05-19 14:23:06.992,OnTrack,2751,-1790,838,pos,0 days 01:19:50.398000,0 days 02:15:27.006000
2024-05-19 14:23:07.212,OnTrack,2859,-1745,831,pos,0 days 01:19:50.618000,0 days 02:15:27.226000
2024-05-19 14:23:07.412,OnTrack,2947,-1705,825,pos,0 days 01:19:50.818000,0 days 02:15:27.426000
2024-05-19 14:23:07.692,OnTrack,3046,-1647,819,pos,0 days 01:19:51.098000,0 days 02:15:27.706000
2024-05-19 14:23:07.911,OnTrack,3104,-1594,815,pos,0 days 01:19:51.317000,0 days 02:15:27.925000
2024-05-19 14:23:08.112,OnTrack,3144,-1540,811,pos,0 days 01:19:51.518000,0 days 02:15:28.126000
2024-05-19 14:23:08.292,OnTrack,3169,-1486,809,pos,0 days 01:19:51.698000,0 days 02:15:28.306000
2024-05-19 14:23:08.512,OnTrack,3186,-1416,806,pos,0 days 01:19:51.918000,0 days 02:15:28.526000
2024-05-19 14:23:08.692,OnTrack,3190,-1358,804,pos,0 days 01:19:52.098000,0 days 02:15:28.706000
2024-05-19 14:23:08.872,OnTrack,3186,-1300,802,pos,0 days 01:19:52.278000,0 days 02:15:28.886000
2024-05-19 14:23:09.032,OnTrack,3178,-1250,800,pos,0 days 01:19:52.438000,0 days 02:15:29.046000
2024-05-19 14:23:09.272,OnTrack,3160,-1177,798,pos,0 days 01:19:52.678000,0 days 02:15:29.286000
2024-05-19 14:23:09.452,OnTrack,3144,-1121,797,pos,0 days 01:19:52.858000,0 days 02:15:29.466000
2024-05-19 14:23:09.792,OnTrack,3108,-1012,795,pos,0 days 01:19:53.198000,0 days 02:15:29.806000
2024-05-19 14:23:09.972,OnTrack,3087,-952,794,pos,0 days 01:19:53.378000,0 days 02:15:29.986000
2024-05-19 14:23:10.133,OnTrack,3065,-895,793,pos,0 days 01:19:53.539000,0 days 02:15:30.147000
2024-05-19 14:23:10.393,OnTrack,3024,-799,792,pos,0 days 01:19:53.799000,0 days 02:15:30.407000
2024-05-19 14:23:10.673,OnTrack,2955,-665,791,pos,0 days 01:19:54.079000,0 days 02:15:30.687000
2024-05-19 14:23:10.933,OnTrack,2906,-589,790,pos,0 days 01:19:54.339000,0 days 02:15:30.947000
2024-05-19 14:23:11.193,OnTrack,2832,-503,789,pos,0 days 01:19:54.599000,0 days 02:15:31.207000
2024-05-19 14:23:11.412,OnTrack,2762,-447,788,pos,0 days 01:19:54.818000,0 days 02:15:31.426000
2024-05-19 14:23:11.672,OnTrack,2668,-400,787,pos,0 days 01:19:55.078000,0 days 02:15:31.686000
2024-05-19 14:23:11.833,OnTrack,2608,-381,787,pos,0 days 01:19:55.239000,0 days 02:15:31.847000
2024-05-19 14:23:11.952,OnTrack,2563,-371,786,pos,0 days 01:19:55.358000,0 days 02:15:31.966000
2024-05-19 14:23:12.292,OnTrack,2433,-359,786,pos,0 days 01:19:55.698000,0 days 02:15:32.306000
2024-05-19 14:23:12.451,OnTrack,2373,-361,786,pos,0 days 01:19:55.857000,0 days 02:15:32.465000
2024-05-19 14:23:12.692,OnTrack,2281,-372,785,pos,0 days 01:19:56.098000,0 days 02:15:32.706000
2024-05-19 14:23:12.892,OnTrack,2204,-390,784,pos,0 days 01:19:56.298000,0 days 02:15:32.906000
2024-05-19 14:23:13.011,OnTrack,2158,-405,783,pos,0 days 01:19:56.417000,0 days 02:15:33.025000
2024-05-19 14:23:13.192,OnTrack,2088,-432,783,pos,0 days 01:19:56.598000,0 days 02:15:33.206000
2024-05-19 14:23:13.492,OnTrack,1968,-487,781,pos,0 days 01:19:56.898000,0 days 02:15:33.506000
2024-05-19 14:23:13.732,OnTrack,1838,-548,780,pos,0 days 01:19:57.138000,0 days 02:15:33.746000
2024-05-19 14:23:14.131,OnTrack,1644,-636,778,pos,0 days 01:19:57.537000,0 days 02:15:34.145000
2024-05-19 14:23:14.552,OnTrack,1419,-738,778,pos,0 days 01:19:57.958000,0 days 02:15:34.566000
2024-05-19 14:23:15.012,OnTrack,1245,-817,778,pos,0 days 01:19:58.418000,0 days 02:15:35.026000
2024-05-19 14:23:15.052,OnTrack,1223,-827,778,pos,0 days 01:19:58.458000,0 days 02:15:35.066000
2024-05-19 14:23:15.312,OnTrack,1076,-894,778,pos,0 days 01:19:58.718000,0 days 02:15:35.326000
2024-05-19 14:23:15.531,OnTrack,950,-951,778,pos,0 days 01:19:58.937000,0 days 02:15:35.545000
2024-05-19 14:23:15.813,OnTrack,782,-1023,779,pos,0 days 01:19:59.219000,0 days 02:15:35.827000
2024-05-19 14:23:16.012,OnTrack,656,-1076,779,pos,0 days 01:19:59.418000,0 days 02:15:36.026000
2024-05-19 14:23:16.192,OnTrack,540,-1124,780,pos,0 days 01:19:59.598000,0 days 02:15:36.206000
2024-05-19 14:23:16.353,OnTrack,438,-1167,780,pos,0 days 01:19:59.759000,0 days 02:15:36.367000
2024-05-19 14:23:16.653,OnTrack,205,-1265,781,pos,0 days 01:20:00.059000,0 days 02:15:36.667000
2024-05-19 14:23:16.992,OnTrack,19,-1343,781,pos,0 days 01:20:00.398000,0 days 02:15:37.006000
2024-05-19 14:23:17.132,OnTrack,-74,-1381,781,pos,0 days 01:20:00.538000,0 days 02:15:37.146000
2024-05-19 14:23:17.412,OnTrack,-266,-1452,782,pos,0 days 01:20:00.818000,0 days 02:15:37.426000
2024-05-19 14:23:17.592,OnTrack,-394,-1492,782,pos,0 days 01:20:00.998000,0 days 02:15:37.606000
2024-05-19 14:23:17.773,OnTrack,-525,-1526,783,pos,0 days 01:20:01.179000,0 days 02:15:37.787000
2024-05-19 14:23:18.073,OnTrack,-747,-1566,783,pos,0 days 01:20:01.479000,0 days 02:15:38.087000
2024-05-19 14:23:18.333,OnTrack,-975,-1584,784,pos,0 days 01:20:01.739000,0 days 02:15:38.347000
2024-05-19 14:23:18.512,OnTrack,-1183,-1591,784,pos,0 days 01:20:01.918000,0 days 02:15:38.526000
2024-05-19 14:23:18.912,OnTrack,-1436,-1601,785,pos,0 days 01:20:02.318000,0 days 02:15:38.926000
2024-05-19 14:23:19.112,OnTrack,-1594,-1611,786,pos,0 days 01:20:02.518000,0 days 02:15:39.126000
2024-05-19 14:23:19.331,OnTrack,-1769,-1621,787,pos,0 days 01:20:02.737000,0 days 02:15:39.345000
2024-05-19 14:23:19.551,OnTrack,-1946,-1630,788,pos,0 days 01:20:02.957000,0 days 02:15:39.565000
2024-05-19 14:23:19.811,OnTrack,-2156,-1642,788,pos,0 days 01:20:03.217000,0 days 02:15:39.825000
2024-05-19 14:23:20.032,OnTrack,-2335,-1652,789,pos,0 days 01:20:03.438000,0 days 02:15:40.046000
2024-05-19 14:23:20.232,OnTrack,-2497,-1661,790,pos,0 days 01:20:03.638000,0 days 02:15:40.246000
2024-05-19 14:23:20.431,OnTrack,-2694,-1670,791,pos,0 days 01:20:03.837000,0 days 02:15:40.445000
2024-05-19 14:23:20.832,OnTrack,-3092,-1682,792,pos,0 days 01:20:04.238000,0 days 02:15:40.846000
2024-05-19 14:23:21.112,OnTrack,-3225,-1688,793,pos,0 days 01:20:04.518000,0 days 02:15:41.126000
2024-05-19 14:23:21.392,OnTrack,-3575,-1696,794,pos,0 days 01:20:04.798000,0 days 02:15:41.406000
2024-05-19 14:23:21.812,OnTrack,-3808,-1684,796,pos,0 days 01:20:05.218000,0 days 02:15:41.826000
2024-05-19 14:23:21.992,OnTrack,-3959,-1667,796,pos,0 days 01:20:05.398000,0 days 02:15:42.006000
2024-05-19 14:23:22.132,OnTrack,-4077,-1648,797,pos,0 days 01:20:05.538000,0 days 02:15:42.146000
2024-05-19 14:23:22.452,OnTrack,-4346,-1593,798,pos,0 days 01:20:05.858000,0 days 02:15:42.466000
2024-05-19 14:23:22.633,OnTrack,-4597,-1535,800,pos,0 days 01:20:06.039000,0 days 02:15:42.647000
2024-05-19 14:23:23.112,OnTrack,-5015,-1432,803,pos,0 days 01:20:06.518000,0 days 02:15:43.126000
2024-05-19 14:23:23.332,OnTrack,-5081,-1416,804,pos,0 days 01:20:06.738000,0 days 02:15:43.346000
2024-05-19 14:23:23.612,OnTrack,-5316,-1359,805,pos,0 days 01:20:07.018000,0 days 02:15:43.626000
2024-05-19 14:23:23.892,OnTrack,-5646,-1291,809,pos,0 days 01:20:07.298000,0 days 02:15:43.906000
2024-05-19 14:23:24.253,OnTrack,-5900,-1256,811,pos,0 days 01:20:07.659000,0 days 02:15:44.267000
2024-05-19 14:23:24.452,OnTrack,-6178,-1236,813,pos,0 days 01:20:07.858000,0 days 02:15:44.466000
2024-05-19 14:23:24.813,OnTrack,-6387,-1231,814,pos,0 days 01:20:08.219000,0 days 02:15:44.827000
2024-05-19 14:23:25.012,OnTrack,-6562,-1229,815,pos,0 days 01:20:08.418000,0 days 02:15:45.026000
2024-05-19 14:23:25.192,OnTrack,-6719,-1230,816,pos,0 days 01:20:08.598000,0 days 02:15:45.206000
2024-05-19 14:23:25.591,OnTrack,-7121,-1240,817,pos,0 days 01:20:08.997000,0 days 02:15:45.605000
2024-05-19 14:23:25.831,OnTrack,-7278,-1249,818,pos,0 days 01:20:09.237000,0 days 02:15:45.845000
2024-05-19 14:23:26.131,OnTrack,-7540,-1271,818,pos,0 days 01:20:09.537000,0 days 02:15:46.145000
2024-05-19 14:23:26.312,OnTrack,-7697,-1287,818,pos,0 days 01:20:09.718000,0 days 02:15:46.326000
2024-05-19 14:23:26.532,OnTrack,-7889,-1309,818,pos,0 days 01:20:09.938000,0 days 02:15:46.546000
2024-05-19 14:23:26.772,OnTrack,-8186,-1346,819,pos,0 days 01:20:10.178000,0 days 02:15:46.786000
2024-05-19 14:23:27.231,OnTrack,-8517,-1392,819,pos,0 days 01:20:10.637000,0 days 02:15:47.245000
2024-05-19 14:23:27.292,OnTrack,-8569,-1399,819,pos,0 days 01:20:10.698000,0 days 02:15:47.306000
2024-05-19 14:23:27.572,OnTrack,-8936,-1451,819,pos,0 days 01:20:10.978000,0 days 02:15:47.586000
2024-05-19 14:23:28.051,OnTrack,-9315,-1523,819,pos,0 days 01:20:11.457000,0 days 02:15:48.065000
2024-05-19 14:23:28.372,OnTrack,-9494,-1573,819,pos,0 days 01:20:11.778000,0 days 02:15:48.386000
2024-05-19 14:23:28.572,OnTrack,-9641,-1620,819,pos,0 days 01:20:11.978000,0 days 02:15:48.586000
2024-05-19 14:23:28.812,OnTrack,-9886,-1697,818,pos,0 days 01:20:12.218000,0 days 02:15:48.826000
2024-05-19 14:23:29.153,OnTrack,-9998,-1732,819,pos,0 days 01:20:12.559000,0 days 02:15:49.167000
2024-05-19 14:23:29.472,OnTrack,-10113,-1768,818,pos,0 days 01:20:12.878000,0 days 02:15:49.486000
2024-05-19 14:23:29.752,OnTrack,-10264,-1837,818,pos,0 days 01:20:13.158000,0 days 02:15:49.766000
2024-05-19 14:23:30.132,OnTrack,-10341,-1919,818,pos,0 days 01:20:13.538000,0 days 02:15:50.146000
2024-05-19 14:23:30.352,OnTrack,-10379,-2001,818,pos,0 days 01:20:13.758000,0 days 02:15:50.366000
2024-05-19 14:23:30.492,OnTrack,-10397,-2058,818,pos,0 days 01:20:13.898000,0 days 02:15:50.506000
2024-05-19 14:23:30.793,OnTrack,-10439,-2206,819,pos,0 days 01:20:14.199000,0 days 02:15:50.807000
2024-05-19 14:23:31.073,OnTrack,-10474,-2291,819,pos,0 days 01:20:14.479000,0 days 02:15:51.087000
2024-05-19 14:23:31.272,OnTrack,-10519,-2366,819,pos,0 days 01:20:14.678000,0 days 02:15:51.286000
2024-05-19 14:23:31.572,OnTrack,-10610,-2466,818,pos,0 days 01:20:14.978000,0 days 02:15:51.586000
2024-05-19 14:23:31.772,OnTrack,-10682,-2523,819,pos,0 days 01:20:15.178000,0 days 02:15:51.786000
2024-05-19 14:23:31.933,OnTrack,-10793,-2596,819,pos,0 days 01:20:15.339000,0 days 02:15:51.947000
2024-05-19 14:23:32.432,OnTrack,-10951,-2689,821,pos,0 days 01:20:15.838000,0 days 02:15:52.446000
2024-05-19 14:23:32.492,OnTrack,-10977,-2704,821,pos,0 days 01:20:15.898000,0 days 02:15:52.506000
2024-05-19 14:23:32.692,OnTrack,-11064,-2754,822,pos,0 days 01:20:16.098000,0 days 02:15:52.706000
2024-05-19 14:23:32.911,OnTrack,-11165,-2813,823,pos,0 days 01:20:16.317000,0 days 02:15:52.925000
2024-05-19 14:23:33.112,OnTrack,-11260,-2869,823,pos,0 days 01:20:16.518000,0 days 02:15:53.126000
2024-05-19 14:23:33.431,OnTrack,-11414,-2967,824,pos,0 days 01:20:16.837000,0 days 02:15:53.445000
2024-05-19 14:23:33.672,OnTrack,-11552,-3077,825,pos,0 days 01:20:17.078000,0 days 02:15:53.686000
2024-05-19 14:23:33.912,OnTrack,-11626,-3157,825,pos,0 days 01:20:17.318000,0 days 02:15:53.926000
2024-05-19 14:23:34.132,OnTrack,-11704,-3269,825,pos,0 days 01:20:17.538000,0 days 02:15:54.146000
2024-05-19 14:23:34.332,OnTrack,-11761,-3380,826,pos,0 days 01:20:17.738000,0 days 02:15:54.346000
2024-05-19 14:23:34.632,OnTrack,-11855,-3611,827,pos,0 days 01:20:18.038000,0 days 02:15:54.646000
2024-05-19 14:23:35.012,OnTrack,-11925,-3798,828,pos,0 days 01:20:18.418000,0 days 02:15:55.026000
2024-05-19 14:23:35.172,OnTrack,-11963,-3900,828,pos,0 days 01:20:18.578000,0 days 02:15:55.186000
2024-05-19 14:23:35.352,OnTrack,-12007,-4016,828,pos,0 days 01:20:18.758000,0 days 02:15:55.366000
2024-05-19 14:23:35.612,OnTrack,-12070,-4187,829,pos,0 days 01:20:19.018000,0 days 02:15:55.626000
2024-05-19 14:23:35.812,OnTrack,-12121,-4320,830,pos,0 days 01:20:19.218000,0 days 02:15:55.826000
2024-05-19 14:23:36.052,OnTrack,-12182,-4482,830,pos,0 days 01:20:19.458000,0 days 02:15:56.066000
2024-05-19 14:23:36.272,OnTrack,-12238,-4633,830,pos,0 days 01:20:19.678000,0 days 02:15:56.286000
2024-05-19 14:23:36.432,OnTrack,-12279,-4743,831,pos,0 days 01:20:19.838000,0 days 02:15:56.446000
2024-05-19 14:23:36.692,OnTrack,-12379,-5008,831,pos,0 days 01:20:20.098000,0 days 02:15:56.706000
2024-05-19 14:23:36.992,OnTrack,-12426,-5135,832,pos,0 days 01:20:20.398000,0 days 02:15:57.006000
2024-05-19 14:23:37.192,OnTrack,-12480,-5276,832,pos,0 days 01:20:20.598000,0 days 02:15:57.206000
2024-05-19 14:23:37.512,OnTrack,-12565,-5504,833,pos,0 days 01:20:20.918000,0 days 02:15:57.526000
2024-05-19 14:23:37.772,OnTrack,-12635,-5690,833,pos,0 days 01:20:21.178000,0 days 02:15:57.786000
2024-05-19 14:23:37.992,OnTrack,-12705,-5877,833,pos,0 days 01:20:21.398000,0 days 02:15:58.006000
2024-05-19 14:23:38.292,OnTrack,-12777,-6065,834,pos,0 days 01:20:21.698000,0 days 02:15:58.306000
2024-05-19 14:23:38.473,OnTrack,-12828,-6194,834,pos,0 days 01:20:21.879000,0 days 02:15:58.487000
2024-05-19 14:23:38.752,OnTrack,-12910,-6394,835,pos,0 days 01:20:22.158000,0 days 02:15:58.766000
2024-05-19 14:23:38.972,OnTrack,-12976,-6550,835,pos,0 days 01:20:22.378000,0 days 02:15:58.986000
2024-05-19 14:23:39.171,OnTrack,-13072,-6778,836,pos,0 days 01:20:22.577000,0 days 02:15:59.185000
2024-05-19 14:23:39.671,OnTrack,-13151,-7035,837,pos,0 days 01:20:23.077000,0 days 02:15:59.685000
2024-05-19 14:23:39.792,OnTrack,-13161,-7114,838,pos,0 days 01:20:23.198000,0 days 02:15:59.806000
2024-05-19 14:23:39.971,OnTrack,-13162,-7234,838,pos,0 days 01:20:23.377000,0 days 02:15:59.985000
2024-05-19 14:23:40.251,OnTrack,-13138,-7416,840,pos,0 days 01:20:23.657000,0 days 02:16:00.265000
2024-05-19 14:23:40.432,OnTrack,-13114,-7528,840,pos,0 days 01:20:23.838000,0 days 02:16:00.446000
2024-05-19 14:23:40.692,OnTrack,-13077,-7680,841,pos,0 days 01:20:24.098000,0 days 02:16:00.706000
2024-05-19 14:23:40.872,OnTrack,-13042,-7836,843,pos,0 days 01:20:24.278000,0 days 02:16:00.886000
2024-05-19 14:23:41.212,OnTrack,-13026,-7939,843,pos,0 days 01:20:24.618000,0 days 02:16:01.226000
2024-05-19 14:23:41.472,OnTrack,-13032,-8068,844,pos,0 days 01:20:24.878000,0 days 02:16:01.486000
2024-05-19 14:23:41.912,OnTrack,-13109,-8220,846,pos,0 days 01:20:25.318000,0 days 02:16:01.926000
2024-05-19 14:23:42.112,OnTrack,-13198,-8306,847,pos,0 days 01:20:25.518000,0 days 02:16:02.126000
2024-05-19 14:23:42.392,OnTrack,-13278,-8377,848,pos,0 days 01:20:25.798000,0 days 02:16:02.406000
2024-05-19 14:23:42.592,OnTrack,-13351,-8440,849,pos,0 days 01:20:25.998000,0 days 02:16:02.606000
2024-05-19 14:23:42.812,OnTrack,-13435,-8510,850,pos,0 days 01:20:26.218000,0 days 02:16:02.826000
2024-05-19 14:23:43.073,OnTrack,-13537,-8597,851,pos,0 days 01:20:26.479000,0 days 02:16:03.087000
2024-05-19 14:23:43.313,OnTrack,-13669,-8709,853,pos,0 days 01:20:26.719000,0 days 02:16:03.327000
2024-05-19 14:23:43.712,OnTrack,-13809,-8827,855,pos,0 days 01:20:27.118000,0 days 02:16:03.726000
2024-05-19 14:23:43.853,OnTrack,-13926,-8925,858,pos,0 days 01:20:27.259000,0 days 02:16:03.867000
2024-05-19 14:23:44.252,OnTrack,-14038,-9026,861,pos,0 days 01:20:27.658000,0 days 02:16:04.266000
2024-05-19 14:23:44.453,OnTrack,-14127,-9111,863,pos,0 days 01:20:27.859000,0 days 02:16:04.467000
2024-05-19 14:23:44.572,OnTrack,-14179,-9163,865,pos,0 days 01:20:27.978000,0 days 02:16:04.586000
2024-05-19 14:23:44.933,OnTrack,-14339,-9322,872,pos,0 days 01:20:28.339000,0 days 02:16:04.947000
2024-05-19 14:23:45.092,OnTrack,-14410,-9393,876,pos,0 days 01:20:28.498000,0 days 02:16:05.106000
2024-05-19 14:23:45.272,OnTrack,-14491,-9471,879,pos,0 days 01:20:28.678000,0 days 02:16:05.286000
2024-05-19 14:23:45.472,OnTrack,-14577,-9550,884,pos,0 days 01:20:28.878000,0 days 02:16:05.486000
2024-05-19 14:23:45.671,OnTrack,-14654,-9623,887,pos,0 days 01:20:29.077000,0 days 02:16:05.685000
2024-05-19 14:23:45.951,OnTrack,-14771,-9744,893,pos,0 days 01:20:29.357000,0 days 02:16:05.965000
2024-05-19 14:23:46.332,OnTrack,-14844,-9840,897,pos,0 days 01:20:29.738000,0 days 02:16:06.346000
2024-05-19 14:23:46.531,OnTrack,-14879,-9902,899,pos,0 days 01:20:29.937000,0 days 02:16:06.545000
2024-05-19 14:23:46.692,OnTrack,-14898,-9953,901,pos,0 days 01:20:30.098000,0 days 02:16:06.706000
2024-05-19 14:23:46.972,OnTrack,-14915,-10071,905,pos,0 days 01:20:30.378000,0 days 02:16:06.986000
2024-05-19 14:23:47.252,OnTrack,-14908,-10125,908,pos,0 days 01:20:30.658000,0 days 02:16:07.266000
2024-05-19 14:23:47.612,OnTrack,-14845,-10250,914,pos,0 days 01:20:31.018000,0 days 02:16:07.626000
2024-05-19 14:23:47.932,OnTrack,-14810,-10285,917,pos,0 days 01:20:31.338000,0 days 02:16:07.946000
2024-05-19 14:23:48.152,OnTrack,-14765,-10319,921,pos,0 days 01:20:31.558000,0 days 02:16:08.166000
2024-05-19 14:23:48.312,OnTrack,-14729,-10341,922,pos,0 days 01:20:31.718000,0 days 02:16:08.326000
2024-05-19 14:23:48.572,OnTrack,-14666,-10368,925,pos,0 days 01:20:31.978000,0 days 02:16:08.586000
2024-05-19 14:23:48.832,OnTrack,-14598,-10385,929,pos,0 days 01:20:32.238000,0 days 02:16:08.846000
2024-05-19 14:23:49.052,OnTrack,-14537,-10393,932,pos,0 days 01:20:32.458000,0 days 02:16:09.066000
2024-05-19 14:23:49.232,OnTrack,-14485,-10395,935,pos,0 days 01:20:32.638000,0 days 02:16:09.246000
2024-05-19 14:23:49.492,OnTrack,-14395,-10393,939,pos,0 days 01:20:32.898000,0 days 02:16:09.506000
2024-05-19 14:23:49.893,OnTrack,-14268,-10379,945,pos,0 days 01:20:33.299000,0 days 02:16:09.907000
2024-05-19 14:23:50.332,OnTrack,-14147,-10359,950,pos,0 days 01:20:33.738000,0 days 02:16:10.346000
2024-05-19 14:23:50.532,OnTrack,-14064,-10344,954,pos,0 days 01:20:33.938000,0 days 02:16:10.546000
2024-05-19 14:23:50.733,OnTrack,-13977,-10327,958,pos,0 days 01:20:34.139000,0 days 02:16:10.747000
2024-05-19 14:23:50.752,OnTrack,-13968,-10325,958,pos,0 days 01:20:34.158000,0 days 02:16:10.766000
2024-05-19 14:23:50.993,OnTrack,-13858,-10302,963,pos,0 days 01:20:34.399000,0 days 02:16:11.007000
2024-05-19 14:23:51.213,OnTrack,-13750,-10280,968,pos,0 days 01:20:34.619000,0 days 02:16:11.227000
2024-05-19 14:23:51.513,OnTrack,-13595,-10249,975,pos,0 days 01:20:34.919000,0 days 02:16:11.527000
2024-05-19 14:23:51.753,OnTrack,-13409,-10215,982,pos,0 days 01:20:35.159000,0 days 02:16:11.767000
2024-05-19 14:23:52.132,OnTrack,-13248,-10187,988,pos,0 days 01:20:35.538000,0 days 02:16:12.146000
2024-05-19 14:23:52.332,OnTrack,-13130,-10166,992,pos,0 days 01:20:35.738000,0 days 02:16:12.346000
2024-05-19 14:23:52.572,OnTrack,-12945,-10135,998,pos,0 days 01:20:35.978000,0 days 02:16:12.586000
2024-05-19 14:23:52.932,OnTrack,-12754,-10106,1004,pos,0 days 01:20:36.338000,0 days 02:16:12.946000
2024-05-19 14:23:53.112,OnTrack,-12637,-10088,1008,pos,0 days 01:20:36.518000,0 days 02:16:13.126000
2024-05-19 14:23:53.331,OnTrack,-12425,-10057,1016,pos,0 days 01:20:36.737000,0 days 02:16:13.345000
2024-05-19 14:23:53.772,OnTrack,-12193,-10025,1027,pos,0 days 01:20:37.178000,0 days 02:16:13.786000
2024-05-19 14:23:53.912,OnTrack,-12095,-10011,1033,pos,0 days 01:20:37.318000,0 days 02:16:13.926000
2024-05-19 14:23:54.112,OnTrack,-11955,-9992,1042,pos,0 days 01:20:37.518000,0 days 02:16:14.126000
2024-05-19 14:23:54.392,OnTrack,-11740,-9966,1056,pos,0 days 01:20:37.798000,0 days 02:16:14.406000
2024-05-19 14:23:54.552,OnTrack,-11625,-9954,1064,pos,0 days 01:20:37.958000,0 days 02:16:14.566000
2024-05-19 14:23:54.832,OnTrack,-11393,-9932,1079,pos,0 days 01:20:38.238000,0 days 02:16:14.846000
2024-05-19 14:23:55.252,OnTrack,-11086,-9919,1097,pos,0 days 01:20:38.658000,0 days 02:16:15.266000
2024-05-19 14:23:55.592,OnTrack,-10863,-9919,1110,pos,0 days 01:20:38.998000,0 days 02:16:15.606000
2024-05-19 14:23:55.812,OnTrack,-10700,-9925,1117,pos,0 days 01:20:39.218000,0 days 02:16:15.826000
2024-05-19 14:23:55.912,OnTrack,-10626,-9929,1119,pos,0 days 01:20:39.318000,0 days 02:16:15.926000
2024-05-19 14:23:56.133,OnTrack,-10462,-9943,1122,pos,0 days 01:20:39.539000,0 days 02:16:16.147000
2024-05-19 14:23:56.393,OnTrack,-10179,-9974,1122,pos,0 days 01:20:39.799000,0 days 02:16:16.407000
2024-05-19 14:23:56.872,OnTrack,-9911,-10005,1120,pos,0 days 01:20:40.278000,0 days 02:16:16.886000
2024-05-19 14:23:57.072,OnTrack,-9702,-10029,1118,pos,0 days 01:20:40.478000,0 days 02:16:17.086000
2024-05-19 14:23:57.473,OnTrack,-9465,-10055,1116,pos,0 days 01:20:40.879000,0 days 02:16:17.487000
2024-05-19 14:23:57.652,OnTrack,-9274,-10070,1115,pos,0 days 01:20:41.058000,0 days 02:16:17.666000
2024-05-19 14:23:57.952,OnTrack,-9151,-10070,1114,pos,0 days 01:20:41.358000,0 days 02:16:17.966000
2024-05-19 14:23:58.293,OnTrack,-8963,-10038,1114,pos,0 days 01:20:41.699000,0 days 02:16:18.307000
2024-05-19 14:23:58.531,OnTrack,-8805,-9963,1113,pos,0 days 01:20:41.937000,0 days 02:16:18.545000
2024-05-19 14:23:58.932,OnTrack,-8672,-9847,1108,pos,0 days 01:20:42.338000,0 days 02:16:18.946000
2024-05-19 14:23:59.112,OnTrack,-8611,-9763,1106,pos,0 days 01:20:42.518000,0 days 02:16:19.126000
2024-05-19 14:23:59.271,OnTrack,-8563,-9681,1103,pos,0 days 01:20:42.677000,0 days 02:16:19.285000
2024-05-19 14:23:59.452,OnTrack,-8514,-9585,1100,pos,0 days 01:20:42.858000,0 days 02:16:19.466000
2024-05-19 14:23:59.611,OnTrack,-8471,-9500,1097,pos,0 days 01:20:43.017000,0 days 02:16:19.625000
2024-05-19 14:23:59.851,OnTrack,-8408,-9370,1093,pos,0 days 01:20:43.257000,0 days 02:16:19.865000
2024-05-19 14:24:00.012,OnTrack,-8369,-9279,1090,pos,0 days 01:20:43.418000,0 days 02:16:20.026000
2024-05-19 14:24:00.212,OnTrack,-8325,-9162,1086,pos,0 days 01:20:43.618000,0 days 02:16:20.226000
2024-05-19 14:24:00.472,OnTrack,-8280,-9001,1080,pos,0 days 01:20:43.878000,0 days 02:16:20.486000
2024-05-19 14:24:00.752,OnTrack,-8249,-8819,1072,pos,0 days 01:20:44.158000,0 days 02:16:20.766000
2024-05-19 14:24:00.971,OnTrack,-8238,-8670,1064,pos,0 days 01:20:44.377000,0 days 02:16:20.985000
2024-05-19 14:24:01.032,OnTrack,-8237,-8629,1062,pos,0 days 01:20:44.438000,0 days 02:16:21.046000
2024-05-19 14:24:01.251,OnTrack,-8241,-8476,1052,pos,0 days 01:20:44.657000,0 days 02:16:21.265000
2024-05-19 14:24:01.472,OnTrack,-8254,-8321,1040,pos,0 days 01:20:44.878000,0 days 02:16:21.486000
2024-05-19 14:24:01.712,OnTrack,-8273,-8175,1027,pos,0 days 01:20:45.118000,0 days 02:16:21.726000
2024-05-19 14:24:01.892,OnTrack,-8293,-8047,1014,pos,0 days 01:20:45.298000,0 days 02:16:21.906000
2024-05-19 14:24:02.052,OnTrack,-8315,-7931,1005,pos,0 days 01:20:45.458000,0 days 02:16:22.066000
2024-05-19 14:24:02.332,OnTrack,-8358,-7730,988,pos,0 days 01:20:45.738000,0 days 02:16:22.346000
2024-05-19 14:24:02.653,OnTrack,-8422,-7453,969,pos,0 days 01:20:46.059000,0 days 02:16:22.667000
2024-05-19 14:24:03.052,OnTrack,-8492,-7144,951,pos,0 days 01:20:46.458000,0 days 02:16:23.066000
2024-05-19 14:24:03.312,OnTrack,-8523,-7011,945,pos,0 days 01:20:46.718000,0 days 02:16:23.326000
2024-05-19 14:24:03.513,OnTrack,-8556,-6863,937,pos,0 days 01:20:46.919000,0 days 02:16:23.527000
2024-05-19 14:24:03.832,OnTrack,-8622,-6567,921,pos,0 days 01:20:47.238000,0 days 02:16:23.846000
2024-05-19 14:24:04.152,OnTrack,-8650,-6391,913,pos,0 days 01:20:47.558000,0 days 02:16:24.166000
2024-05-19 14:24:04.452,OnTrack,-8643,-6181,903,pos,0 days 01:20:47.858000,0 days 02:16:24.466000
2024-05-19 14:24:04.633,OnTrack,-8610,-6055,900,pos,0 days 01:20:48.039000,0 days 02:16:24.647000
2024-05-19 14:24:04.893,OnTrack,-8492,-5803,897,pos,0 days 01:20:48.299000,0 days 02:16:24.907000
2024-05-19 14:24:05.212,OnTrack,-8398,-5640,897,pos,0 days 01:20:48.618000,0 days 02:16:25.226000
2024-05-19 14:24:05.591,OnTrack,-8334,-5541,898,pos,0 days 01:20:48.997000,0 days 02:16:25.605000
2024-05-19 14:24:05.811,OnTrack,-8275,-5464,901,pos,0 days 01:20:49.217000,0 days 02:16:25.825000
2024-05-19 14:24:06.071,OnTrack,-8202,-5393,903,pos,0 days 01:20:49.477000,0 days 02:16:26.085000
2024-05-19 14:24:06.352,OnTrack,-8095,-5338,908,pos,0 days 01:20:49.758000,0 days 02:16:26.366000
2024-05-19 14:24:06.651,OnTrack,-7963,-5328,917,pos,0 days 01:20:50.057000,0 days 02:16:26.665000
2024-05-19 14:24:07.112,OnTrack,-7852,-5350,926,pos,0 days 01:20:50.518000,0 days 02:16:27.126000
2024-05-19 14:24:07.332,OnTrack,-7777,-5370,932,pos,0 days 01:20:50.738000,0 days 02:16:27.346000
2024-05-19 14:24:07.511,OnTrack,-7716,-5387,938,pos,0 days 01:20:50.917000,0 days 02:16:27.525000
2024-05-19 14:24:07.692,OnTrack,-7652,-5402,943,pos,0 days 01:20:51.098000,0 days 02:16:27.706000
2024-05-19 14:24:07.912,OnTrack,-7569,-5418,951,pos,0 days 01:20:51.318000,0 days 02:16:27.926000
2024-05-19 14:24:08.072,OnTrack,-7506,-5427,957,pos,0 days 01:20:51.478000,0 days 02:16:28.086000
2024-05-19 14:24:08.272,OnTrack,-7422,-5436,965,pos,0 days 01:20:51.678000,0 days 02:16:28.286000
2024-05-19 14:24:08.492,OnTrack,-7334,-5441,973,pos,0 days 01:20:51.898000,0 days 02:16:28.506000
2024-05-19 14:24:08.712,OnTrack,-7230,-5443,981,pos,0 days 01:20:52.118000,0 days 02:16:28.726000
2024-05-19 14:24:08.952,OnTrack,-7110,-5443,990,pos,0 days 01:20:52.358000,0 days 02:16:28.966000
2024-05-19 14:24:09.112,OnTrack,-7027,-5442,996,pos,0 days 01:20:52.518000,0 days 02:16:29.126000
2024-05-19 14:24:09.332,OnTrack,-6909,-5441,1004,pos,0 days 01:20:52.738000,0 days 02:16:29.346000
2024-05-19 14:24:09.612,OnTrack,-6685,-5439,1016,pos,0 days 01:20:53.018000,0 days 02:16:29.626000
2024-05-19 14:24:09.932,OnTrack,-6567,-5438,1022,pos,0 days 01:20:53.338000,0 days 02:16:29.946000
2024-05-19 14:24:10.192,OnTrack,-6335,-5436,1030,pos,0 days 01:20:53.598000,0 days 02:16:30.206000
2024-05-19 14:24:10.513,OnTrack,-6209,-5435,1034,pos,0 days 01:20:53.919000,0 days 02:16:30.527000
2024-05-19 14:24:10.853,OnTrack,-5897,-5433,1042,pos,0 days 01:20:54.259000,0 days 02:16:30.867000
2024-05-19 14:24:11.192,OnTrack,-5681,-5431,1048,pos,0 days 01:20:54.598000,0 days 02:16:31.206000
2024-05-19 14:24:11.652,OnTrack,-5448,-5428,1055,pos,0 days 01:20:55.058000,0 days 02:16:31.666000
2024-05-19 14:24:11.851,OnTrack,-5310,-5426,1059,pos,0 days 01:20:55.257000,0 days 02:16:31.865000
2024-05-19 14:24:12.091,OnTrack,-5142,-5419,1064,pos,0 days 01:20:55.497000,0 days 02:16:32.105000
2024-05-19 14:24:12.152,OnTrack,-5100,-5416,1065,pos,0 days 01:20:55.558000,0 days 02:16:32.166000
2024-05-19 14:24:12.452,OnTrack,-4891,-5398,1072,pos,0 days 01:20:55.858000,0 days 02:16:32.466000
2024-05-19 14:24:12.671,OnTrack,-4735,-5384,1075,pos,0 days 01:20:56.077000,0 days 02:16:32.685000
2024-05-19 14:24:12.911,OnTrack,-4509,-5364,1080,pos,0 days 01:20:56.317000,0 days 02:16:32.925000
2024-05-19 14:24:13.272,OnTrack,-4309,-5348,1083,pos,0 days 01:20:56.678000,0 days 02:16:33.286000
2024-05-19 14:24:13.471,OnTrack,-4167,-5336,1083,pos,0 days 01:20:56.877000,0 days 02:16:33.485000
2024-05-19 14:24:13.652,OnTrack,-3953,-5318,1085,pos,0 days 01:20:57.058000,0 days 02:16:33.666000
2024-05-19 14:24:14.132,OnTrack,-3718,-5299,1087,pos,0 days 01:20:57.538000,0 days 02:16:34.146000
2024-05-19 14:24:14.272,OnTrack,-3639,-5292,1087,pos,0 days 01:20:57.678000,0 days 02:16:34.286000
2024-05-19 14:24:14.512,OnTrack,-3516,-5283,1087,pos,0 days 01:20:57.918000,0 days 02:16:34.526000
2024-05-19 14:24:14.752,OnTrack,-3408,-5276,1088,pos,0 days 01:20:58.158000,0 days 02:16:34.766000
2024-05-19 14:24:14.912,OnTrack,-3289,-5273,1090,pos,0 days 01:20:58.318000,0 days 02:16:34.926000
2024-05-19 14:24:15.292,OnTrack,-3210,-5282,1092,pos,0 days 01:20:58.698000,0 days 02:16:35.306000
2024-05-19 14:24:15.512,OnTrack,-3147,-5314,1093,pos,0 days 01:20:58.918000,0 days 02:16:35.526000
2024-05-19 14:24:15.672,OnTrack,-3103,-5350,1095,pos,0 days 01:20:59.078000,0 days 02:16:35.686000
2024-05-19 14:24:15.852,OnTrack,-3060,-5396,1096,pos,0 days 01:20:59.258000,0 days 02:16:35.866000
2024-05-19 14:24:16.092,OnTrack,-3007,-5454,1096,pos,0 days 01:20:59.498000,0 days 02:16:36.106000
2024-05-19 14:24:16.372,OnTrack,-2943,-5510,1096,pos,0 days 01:20:59.778000,0 days 02:16:36.386000
2024-05-19 14:24:16.592,OnTrack,-2889,-5541,1096,pos,0 days 01:20:59.998000,0 days 02:16:36.606000
2024-05-19 14:24:16.773,OnTrack,-2843,-5557,1095,pos,0 days 01:21:00.179000,0 days 02:16:36.787000
2024-05-19 14:24:16.972,OnTrack,-2770,-5562,1094,pos,0 days 01:21:00.378000,0 days 02:16:36.986000
2024-05-19 14:24:17.333,OnTrack,-2693,-5548,1092,pos,0 days 01:21:00.739000,0 days 02:16:37.347000
2024-05-19 14:24:17.512,OnTrack,-2643,-5534,1091,pos,0 days 01:21:00.918000,0 days 02:16:37.526000
2024-05-19 14:24:17.673,OnTrack,-2599,-5520,1090,pos,0 days 01:21:01.079000,0 days 02:16:37.687000
2024-05-19 14:24:17.993,OnTrack,-2466,-5470,1087,pos,0 days 01:21:01.399000,0 days 02:16:38.007000
2024-05-19 14:24:18.432,OnTrack,-2372,-5428,1085,pos,0 days 01:21:01.838000,0 days 02:16:38.446000
2024-05-19 14:24:18.631,OnTrack,-2275,-5380,1083,pos,0 days 01:21:02.037000,0 days 02:16:38.645000
2024-05-19 14:24:18.952,OnTrack,-2184,-5333,1080,pos,0 days 01:21:02.358000,0 days 02:16:38.966000
2024-05-19 14:24:19.211,OnTrack,-2079,-5278,1078,pos,0 days 01:21:02.617000,0 days 02:16:39.225000
2024-05-19 14:24:19.312,OnTrack,-2037,-5255,1077,pos,0 days 01:21:02.718000,0 days 02:16:39.326000
2024-05-19 14:24:19.532,OnTrack,-1939,-5204,1075,pos,0 days 01:21:02.938000,0 days 02:16:39.546000
2024-05-19 14:24:19.892,OnTrack,-1711,-5085,1071,pos,0 days 01:21:03.298000,0 days 02:16:39.906000
2024-05-19 14:24:20.252,OnTrack,-1585,-5023,1068,pos,0 days 01:21:03.658000,0 days 02:16:40.266000
2024-05-19 14:24:20.512,OnTrack,-1443,-4956,1066,pos,0 days 01:21:03.918000,0 days 02:16:40.526000
2024-05-19 14:24:20.712,OnTrack,-1308,-4895,1063,pos,0 days 01:21:04.118000,0 days 02:16:40.726000
2024-05-19 14:24:21.112,OnTrack,-1022,-4753,1058,pos,0 days 01:21:04.518000,0 days 02:16:41.126000
2024-05-19 14:24:21.512,OnTrack,-872,-4665,1054,pos,0 days 01:21:04.918000,0 days 02:16:41.526000
2024-05-19 14:24:21.572,OnTrack,-838,-4643,1053,pos,0 days 01:21:04.978000,0 days 02:16:41.586000
2024-05-19 14:24:21.872,OnTrack,-666,-4528,1048,pos,0 days 01:21:05.278000,0 days 02:16:41.886000
2024-05-19 14:24:22.072,OnTrack,-552,-4447,1045,pos,0 days 01:21:05.478000,0 days 02:16:42.086000
2024-05-19 14:24:22.372,OnTrack,-380,-4320,1040,pos,0 days 01:21:05.778000,0 days 02:16:42.386000
2024-05-19 14:24:22.452,OnTrack,-334,-4285,1038,pos,0 days 01:21:05.858000,0 days 02:16:42.466000
2024-05-19 14:24:22.773,OnTrack,-152,-4139,1033,pos,0 days 01:21:06.179000,0 days 02:16:42.787000
2024-05-19 14:24:22.992,OnTrack,35,-3972,1028,pos,0 days 01:21:06.398000,0 days 02:16:43.006000
2024-05-19 14:24:23.252,OnTrack,111,-3899,1026,pos,0 days 01:21:06.658000,0 days 02:16:43.266000
2024-05-19 14:24:23.512,OnTrack,279,-3725,1021,pos,0 days 01:21:06.918000,0 days 02:16:43.526000
2024-05-19 14:24:23.732,OnTrack,392,-3601,1017,pos,0 days 01:21:07.138000,0 days 02:16:43.746000
2024-05-19 14:24:23.893,OnTrack,475,-3509,1014,pos,0 days 01:21:07.299000,0 days 02:16:43.907000
2024-05-19 14:24:24.173,OnTrack,621,-3347,1006,pos,0 days 01:21:07.579000,0 days 02:16:44.187000
2024-05-19 14:24:24.332,OnTrack,705,-3254,1002,pos,0 days 01:21:07.738000,0 days 02:16:44.346000
2024-05-19 14:24:24.453,OnTrack,768,-3184,997,pos,0 days 01:21:07.859000,0 days 02:16:44.467000
2024-05-19 14:24:24.753,OnTrack,928,-3007,985,pos,0 days 01:21:08.159000,0 days 02:16:44.767000
2024-05-19 14:24:24.931,OnTrack,1024,-2900,978,pos,0 days 01:21:08.337000,0 days 02:16:44.945000
2024-05-19 14:24:25.092,OnTrack,1110,-2805,970,pos,0 days 01:21:08.498000,0 days 02:16:45.106000
2024-05-19 14:24:25.372,OnTrack,1262,-2639,957,pos,0 days 01:21:08.778000,0 days 02:16:45.386000
2024-05-19 14:24:25.532,OnTrack,1350,-2545,948,pos,0 days 01:21:08.938000,0 days 02:16:45.546000
2024-05-19 14:24:25.852,OnTrack,1588,-2329,928,pos,0 days 01:21:09.258000,0 days 02:16:45.866000
2024-05-19 14:24:26.152,OnTrack,1762,-2210,914,pos,0 days 01:21:09.558000,0 days 02:16:46.166000
2024-05-19 14:24:26.372,OnTrack,1925,-2126,901,pos,0 days 01:21:09.778000,0 days 02:16:46.386000
2024-05-19 14:24:26.632,OnTrack,2222,-2005,878,pos,0 days 01:21:10.038000,0 days 02:16:46.646000
2024-05-19 14:24:26.952,OnTrack,2370,-1945,867,pos,0 days 01:21:10.358000,0 days 02:16:46.966000
2024-05-19 14:24:27.212,OnTrack,2618,-1844,848,pos,0 days 01:21:10.618000,0 days 02:16:47.226000
2024-05-19 14:24:27.712,OnTrack,2882,-1735,830,pos,0 days 01:21:11.118000,0 days 02:16:47.726000
2024-05-19 14:24:27.992,OnTrack,2940,-1708,826,pos,0 days 01:21:11.398000,0 days 02:16:48.006000
2024-05-19 14:24:28.252,OnTrack,3027,-1660,820,pos,0 days 01:21:11.658000,0 days 02:16:48.266000
2024-05-19 14:24:28.532,OnTrack,3103,-1595,815,pos,0 days 01:21:11.938000,0 days 02:16:48.546000
2024-05-19 14:24:28.753,OnTrack,3156,-1517,810,pos,0 days 01:21:12.159000,0 days 02:16:48.767000
2024-05-19 14:24:29.132,OnTrack,3188,-1405,806,pos,0 days 01:21:12.538000,0 days 02:16:49.146000
2024-05-19 14:24:29.392,OnTrack,3189,-1336,803,pos,0 days 01:21:12.798000,0 days 02:16:49.406000
2024-05-19 14:24:29.712,OnTrack,3175,-1237,800,pos,0 days 01:21:13.118000,0 days 02:16:49.726000
2024-05-19 14:24:29.952,OnTrack,3157,-1164,798,pos,0 days 01:21:13.358000,0 days 02:16:49.966000
2024-05-19 14:24:30.133,OnTrack,3134,-1090,796,pos,0 days 01:21:13.539000,0 days 02:16:50.147000
2024-05-19 14:24:30.492,OnTrack,3101,-993,794,pos,0 days 01:21:13.898000,0 days 02:16:50.506000
2024-05-19 14:24:30.713,OnTrack,3055,-869,793,pos,0 days 01:21:14.119000,0 days 02:16:50.727000
2024-05-19 14:24:31.072,OnTrack,3019,-788,792,pos,0 days 01:21:14.478000,0 days 02:16:51.086000
2024-05-19 14:24:31.233,OnTrack,2988,-726,791,pos,0 days 01:21:14.639000,0 days 02:16:51.247000
2024-05-19 14:24:31.411,OnTrack,2949,-656,791,pos,0 days 01:21:14.817000,0 days 02:16:51.425000
2024-05-19 14:24:31.711,OnTrack,2874,-548,789,pos,0 days 01:21:15.117000,0 days 02:16:51.725000
2024-05-19 14:24:31.872,OnTrack,2829,-500,789,pos,0 days 01:21:15.278000,0 days 02:16:51.886000
2024-05-19 14:24:32.191,OnTrack,2713,-420,787,pos,0 days 01:21:15.597000,0 days 02:16:52.205000
2024-05-19 14:24:32.612,OnTrack,2577,-374,786,pos,0 days 01:21:16.018000,0 days 02:16:52.626000
2024-05-19 14:24:32.791,OnTrack,2511,-364,786,pos,0 days 01:21:16.197000,0 days 02:16:52.805000
2024-05-19 14:24:33.012,OnTrack,2407,-359,786,pos,0 days 01:21:16.418000,0 days 02:16:53.026000
2024-05-19 14:24:33.312,OnTrack,2315,-366,785,pos,0 days 01:21:16.718000,0 days 02:16:53.326000
2024-05-19 14:24:33.472,OnTrack,2253,-378,784,pos,0 days 01:21:16.878000,0 days 02:16:53.486000
2024-05-19 14:24:33.672,OnTrack,2175,-399,783,pos,0 days 01:21:17.078000,0 days 02:16:53.686000
2024-05-19 14:24:34.032,OnTrack,1987,-478,781,pos,0 days 01:21:17.438000,0 days 02:16:54.046000
2024-05-19 14:24:34.412,OnTrack,1865,-535,781,pos,0 days 01:21:17.818000,0 days 02:16:54.426000
2024-05-19 14:24:34.592,OnTrack,1782,-573,780,pos,0 days 01:21:17.998000,0 days 02:16:54.606000
2024-05-19 14:24:34.753,OnTrack,1706,-608,779,pos,0 days 01:21:18.159000,0 days 02:16:54.767000
2024-05-19 14:24:34.912,OnTrack,1627,-644,778,pos,0 days 01:21:18.318000,0 days 02:16:54.926000
2024-05-19 14:24:35.212,OnTrack,1473,-714,778,pos,0 days 01:21:18.618000,0 days 02:16:55.226000
2024-05-19 14:24:35.432,OnTrack,1313,-786,778,pos,0 days 01:21:18.838000,0 days 02:16:55.446000
2024-05-19 14:24:35.752,OnTrack,1179,-847,778,pos,0 days 01:21:19.158000,0 days 02:16:55.766000
2024-05-19 14:24:35.952,OnTrack,1064,-899,778,pos,0 days 01:21:19.358000,0 days 02:16:55.966000
2024-05-19 14:24:36.192,OnTrack,840,-999,779,pos,0 days 01:21:19.598000,0 days 02:16:56.206000
2024-05-19 14:24:36.673,OnTrack,630,-1087,780,pos,0 days 01:21:20.079000,0 days 02:16:56.687000
2024-05-19 14:24:36.933,OnTrack,466,-1156,780,pos,0 days 01:21:20.339000,0 days 02:16:56.947000
2024-05-19 14:24:37.132,OnTrack,337,-1210,781,pos,0 days 01:21:20.538000,0 days 02:16:57.146000
2024-05-19 14:24:37.293,OnTrack,141,-1293,781,pos,0 days 01:21:20.699000,0 days 02:16:57.307000
2024-05-19 14:24:37.652,OnTrack,-5,-1354,781,pos,0 days 01:21:21.058000,0 days 02:16:57.666000
2024-05-19 14:24:37.952,OnTrack,-278,-1456,782,pos,0 days 01:21:21.358000,0 days 02:16:57.966000
2024-05-19 14:24:38.352,OnTrack,-552,-1532,783,pos,0 days 01:21:21.758000,0 days 02:16:58.366000
2024-05-19 14:24:38.731,OnTrack,-776,-1569,783,pos,0 days 01:21:22.137000,0 days 02:16:58.745000
2024-05-19 14:24:38.972,OnTrack,-1074,-1588,784,pos,0 days 01:21:22.378000,0 days 02:16:58.986000
2024-05-19 14:24:39.232,OnTrack,-1168,-1591,784,pos,0 days 01:21:22.638000,0 days 02:16:59.246000
2024-05-19 14:24:39.472,OnTrack,-1360,-1596,785,pos,0 days 01:21:22.878000,0 days 02:16:59.486000
2024-05-19 14:24:39.752,OnTrack,-1583,-1610,786,pos,0 days 01:21:23.158000,0 days 02:16:59.766000
2024-05-19 14:24:40.012,OnTrack,-1839,-1624,787,pos,0 days 01:21:23.418000,0 days 02:17:00.026000
2024-05-19 14:24:40.392,OnTrack,-2179,-1643,788,pos,0 days 01:21:23.798000,0 days 02:17:00.406000
2024-05-19 14:24:40.832,OnTrack,-2457,-1659,790,pos,0 days 01:21:24.238000,0 days 02:17:00.846000
2024-05-19 14:24:41.052,OnTrack,-2753,-1672,791,pos,0 days 01:21:24.458000,0 days 02:17:01.066000
2024-05-19 14:24:41.312,OnTrack,-2853,-1675,791,pos,0 days 01:21:24.718000,0 days 02:17:01.326000
2024-05-19 14:24:41.512,OnTrack,-3019,-1680,792,pos,0 days 01:21:24.918000,0 days 02:17:01.526000
2024-05-19 14:24:41.712,OnTrack,-3186,-1686,793,pos,0 days 01:21:25.118000,0 days 02:17:01.726000
2024-05-19 14:24:41.932,OnTrack,-3370,-1693,793,pos,0 days 01:21:25.338000,0 days 02:17:01.946000
2024-05-19 14:24:42.133,OnTrack,-3538,-1696,794,pos,0 days 01:21:25.539000,0 days 02:17:02.147000
2024-05-19 14:24:42.452,OnTrack,-3805,-1685,796,pos,0 days 01:21:25.858000,0 days 02:17:02.466000
2024-05-19 14:24:42.693,OnTrack,-4126,-1639,797,pos,0 days 01:21:26.099000,0 days 02:17:02.707000
2024-05-19 14:24:42.992,OnTrack,-4378,-1586,798,pos,0 days 01:21:26.398000,0 days 02:17:03.006000
2024-05-19 14:24:43.513,OnTrack,-4813,-1482,802,pos,0 days 01:21:26.919000,0 days 02:17:03.527000
2024-05-19 14:24:43.852,OnTrack,-4980,-1441,803,pos,0 days 01:21:27.258000,0 days 02:17:03.866000
2024-05-19 14:24:43.972,OnTrack,-5080,-1416,804,pos,0 days 01:21:27.378000,0 days 02:17:03.986000
2024-05-19 14:24:44.192,OnTrack,-5265,-1371,805,pos,0 days 01:21:27.598000,0 days 02:17:04.206000
2024-05-19 14:24:44.393,OnTrack,-5433,-1333,807,pos,0 days 01:21:27.799000,0 days 02:17:04.407000
2024-05-19 14:24:44.731,OnTrack,-5806,-1267,810,pos,0 days 01:21:28.137000,0 days 02:17:04.745000
2024-05-19 14:24:44.971,OnTrack,-5926,-1254,811,pos,0 days 01:21:28.377000,0 days 02:17:04.985000
2024-05-19 14:24:45.192,OnTrack,-6117,-1239,812,pos,0 days 01:21:28.598000,0 days 02:17:05.206000
2024-05-19 14:24:45.452,OnTrack,-6343,-1231,814,pos,0 days 01:21:28.858000,0 days 02:17:05.466000
2024-05-19 14:24:45.632,OnTrack,-6500,-1230,814,pos,0 days 01:21:29.038000,0 days 02:17:05.646000
2024-05-19 14:24:45.932,OnTrack,-6761,-1231,816,pos,0 days 01:21:29.338000,0 days 02:17:05.946000
2024-05-19 14:24:46.111,OnTrack,-6919,-1233,816,pos,0 days 01:21:29.517000,0 days 02:17:06.125000
2024-05-19 14:24:46.292,OnTrack,-7076,-1239,817,pos,0 days 01:21:29.698000,0 days 02:17:06.306000
2024-05-19 14:24:46.512,OnTrack,-7268,-1249,818,pos,0 days 01:21:29.918000,0 days 02:17:06.526000
2024-05-19 14:24:46.732,OnTrack,-7460,-1264,818,pos,0 days 01:21:30.138000,0 days 02:17:06.746000
2024-05-19 14:24:46.971,OnTrack,-7670,-1284,818,pos,0 days 01:21:30.377000,0 days 02:17:06.985000
2024-05-19 14:24:47.192,OnTrack,-7914,-1312,818,pos,0 days 01:21:30.598000,0 days 02:17:07.206000
2024-05-19 14:24:47.492,OnTrack,-8192,-1347,819,pos,0 days 01:21:30.898000,0 days 02:17:07.506000
2024-05-19 14:24:47.752,OnTrack,-8418,-1378,819,pos,0 days 01:21:31.158000,0 days 02:17:07.766000
2024-05-19 14:24:47.972,OnTrack,-8610,-1404,819,pos,0 days 01:21:31.378000,0 days 02:17:07.986000
2024-05-19 14:24:48.152,OnTrack,-8767,-1426,819,pos,0 days 01:21:31.558000,0 days 02:17:08.166000
2024-05-19 14:24:48.332,OnTrack,-8925,-1449,819,pos,0 days 01:21:31.738000,0 days 02:17:08.346000
2024-05-19 14:24:48.532,OnTrack,-9099,-1477,819,pos,0 days 01:21:31.938000,0 days 02:17:08.546000
2024-05-19 14:24:48.772,OnTrack,-9306,-1520,819,pos,0 days 01:21:32.178000,0 days 02:17:08.786000
2024-05-19 14:24:48.992,OnTrack,-9487,-1571,819,pos,0 days 01:21:32.398000,0 days 02:17:09.006000
2024-05-19 14:24:49.072,OnTrack,-9549,-1591,819,pos,0 days 01:21:32.478000,0 days 02:17:09.086000
2024-05-19 14:24:49.332,OnTrack,-9732,-1649,818,pos,0 days 01:21:32.738000,0 days 02:17:09.346000
2024-05-19 14:24:49.532,OnTrack,-9856,-1688,818,pos,0 days 01:21:32.938000,0 days 02:17:09.546000
2024-05-19 14:24:49.812,OnTrack,-10009,-1736,819,pos,0 days 01:21:33.218000,0 days 02:17:09.826000
2024-05-19 14:24:49.993,OnTrack,-10100,-1763,818,pos,0 days 01:21:33.399000,0 days 02:17:10.007000
2024-05-19 14:24:50.152,OnTrack,-10174,-1789,818,pos,0 days 01:21:33.558000,0 days 02:17:10.166000
2024-05-19 14:24:50.432,OnTrack,-10274,-1844,818,pos,0 days 01:21:33.838000,0 days 02:17:10.446000
2024-05-19 14:24:50.593,OnTrack,-10318,-1889,818,pos,0 days 01:21:33.999000,0 days 02:17:10.607000
2024-05-19 14:24:50.873,OnTrack,-10375,-1989,818,pos,0 days 01:21:34.279000,0 days 02:17:10.887000
2024-05-19 14:24:51.032,OnTrack,-10396,-2055,818,pos,0 days 01:21:34.438000,0 days 02:17:11.046000
2024-05-19 14:24:51.311,OnTrack,-10428,-2171,819,pos,0 days 01:21:34.717000,0 days 02:17:11.325000
2024-05-19 14:24:51.511,OnTrack,-10473,-2290,819,pos,0 days 01:21:34.917000,0 days 02:17:11.525000
2024-05-19 14:24:51.831,OnTrack,-10524,-2373,818,pos,0 days 01:21:35.237000,0 days 02:17:11.845000
2024-05-19 14:24:52.111,OnTrack,-10651,-2500,818,pos,0 days 01:21:35.517000,0 days 02:17:12.125000
2024-05-19 14:24:52.492,OnTrack,-10764,-2578,819,pos,0 days 01:21:35.898000,0 days 02:17:12.506000
2024-05-19 14:24:52.732,OnTrack,-10865,-2639,820,pos,0 days 01:21:36.138000,0 days 02:17:12.746000
2024-05-19 14:24:52.972,OnTrack,-10969,-2699,821,pos,0 days 01:21:36.378000,0 days 02:17:12.986000
2024-05-19 14:24:53.072,OnTrack,-11013,-2725,821,pos,0 days 01:21:36.478000,0 days 02:17:13.086000
2024-05-19 14:24:53.312,OnTrack,-11178,-2821,823,pos,0 days 01:21:36.718000,0 days 02:17:13.326000
2024-05-19 14:24:53.812,OnTrack,-11391,-2951,824,pos,0 days 01:21:37.218000,0 days 02:17:13.826000
2024-05-19 14:24:54.132,OnTrack,-11514,-3043,825,pos,0 days 01:21:37.538000,0 days 02:17:14.146000
2024-05-19 14:24:54.372,OnTrack,-11617,-3146,825,pos,0 days 01:21:37.778000,0 days 02:17:14.386000
2024-05-19 14:24:54.552,OnTrack,-11683,-3236,825,pos,0 days 01:21:37.958000,0 days 02:17:14.566000
2024-05-19 14:24:54.792,OnTrack,-11755,-3367,826,pos,0 days 01:21:38.198000,0 days 02:17:14.806000
2024-05-19 14:24:54.952,OnTrack,-11791,-3449,826,pos,0 days 01:21:38.358000,0 days 02:17:14.966000
2024-05-19 14:24:55.173,OnTrack,-11845,-3584,827,pos,0 days 01:21:38.579000,0 days 02:17:15.187000
2024-05-19 14:24:55.392,OnTrack,-11896,-3722,827,pos,0 days 01:21:38.798000,0 days 02:17:15.406000
2024-05-19 14:24:55.632,OnTrack,-11953,-3875,828,pos,0 days 01:21:39.038000,0 days 02:17:15.646000
2024-05-19 14:24:55.892,OnTrack,-12027,-4070,829,pos,0 days 01:21:39.298000,0 days 02:17:15.906000
2024-05-19 14:24:56.273,OnTrack,-12112,-4296,829,pos,0 days 01:21:39.679000,0 days 02:17:16.287000
2024-05-19 14:24:56.432,OnTrack,-12183,-4486,830,pos,0 days 01:21:39.838000,0 days 02:17:16.446000
2024-05-19 14:24:56.833,OnTrack,-12255,-4679,830,pos,0 days 01:21:40.239000,0 days 02:17:16.847000
2024-05-19 14:24:57.053,OnTrack,-12340,-4902,831,pos,0 days 01:21:40.459000,0 days 02:17:17.067000
2024-05-19 14:24:57.472,OnTrack,-12425,-5130,832,pos,0 days 01:21:40.878000,0 days 02:17:17.486000
2024-05-19 14:24:57.733,OnTrack,-12511,-5360,832,pos,0 days 01:21:41.139000,0 days 02:17:17.747000
2024-05-19 14:24:58.012,OnTrack,-12570,-5519,833,pos,0 days 01:21:41.418000,0 days 02:17:18.026000
2024-05-19 14:24:58.371,OnTrack,-12701,-5867,833,pos,0 days 01:21:41.777000,0 days 02:17:18.385000
2024-05-19 14:24:58.772,OnTrack,-12790,-6099,834,pos,0 days 01:21:42.178000,0 days 02:17:18.786000
2024-05-19 14:24:59.012,OnTrack,-12848,-6244,835,pos,0 days 01:21:42.418000,0 days 02:17:19.026000
2024-05-19 14:24:59.332,OnTrack,-12944,-6474,835,pos,0 days 01:21:42.738000,0 days 02:17:19.346000
2024-05-19 14:24:59.552,OnTrack,-13029,-6675,836,pos,0 days 01:21:42.958000,0 days 02:17:19.566000
2024-05-19 14:24:59.892,OnTrack,-13108,-6875,836,pos,0 days 01:21:43.298000,0 days 02:17:19.906000
2024-05-19 14:25:00.192,OnTrack,-13157,-7074,837,pos,0 days 01:21:43.598000,0 days 02:17:20.206000
2024-05-19 14:25:00.232,OnTrack,-13160,-7101,838,pos,0 days 01:21:43.638000,0 days 02:17:20.246000
2024-05-19 14:25:00.472,OnTrack,-13160,-7261,838,pos,0 days 01:21:43.878000,0 days 02:17:20.486000
2024-05-19 14:25:00.632,OnTrack,-13147,-7365,839,pos,0 days 01:21:44.038000,0 days 02:17:20.646000
2024-05-19 14:25:00.873,OnTrack,-13117,-7516,840,pos,0 days 01:21:44.279000,0 days 02:17:20.887000
2024-05-19 14:25:01.192,OnTrack,-13072,-7702,841,pos,0 days 01:21:44.598000,0 days 02:17:21.206000
2024-05-19 14:25:01.292,OnTrack,-13059,-7755,842,pos,0 days 01:21:44.698000,0 days 02:17:21.306000
2024-05-19 14:25:01.572,OnTrack,-13025,-7954,843,pos,0 days 01:21:44.978000,0 days 02:17:21.586000
2024-05-19 14:25:02.052,OnTrack,-13039,-8096,844,pos,0 days 01:21:45.458000,0 days 02:17:22.066000
2024-05-19 14:25:02.092,OnTrack,-13045,-8111,844,pos,0 days 01:21:45.498000,0 days 02:17:22.106000
2024-05-19 14:25:02.412,OnTrack,-13142,-8255,846,pos,0 days 01:21:45.818000,0 days 02:17:22.426000
2024-05-19 14:25:02.793,OnTrack,-13288,-8385,848,pos,0 days 01:21:46.199000,0 days 02:17:22.807000
2024-05-19 14:25:03.272,OnTrack,-13433,-8508,850,pos,0 days 01:21:46.678000,0 days 02:17:23.286000
2024-05-19 14:25:03.572,OnTrack,-13533,-8593,851,pos,0 days 01:21:46.978000,0 days 02:17:23.586000
2024-05-19 14:25:03.913,OnTrack,-13670,-8710,853,pos,0 days 01:21:47.319000,0 days 02:17:23.927000
2024-05-19 14:25:04.133,OnTrack,-13763,-8788,854,pos,0 days 01:21:47.539000,0 days 02:17:24.147000
2024-05-19 14:25:04.452,OnTrack,-13916,-8916,857,pos,0 days 01:21:47.858000,0 days 02:17:24.466000
2024-05-19 14:25:04.911,OnTrack,-14079,-9065,862,pos,0 days 01:21:48.317000,0 days 02:17:24.925000
2024-05-19 14:25:05.072,OnTrack,-14149,-9133,864,pos,0 days 01:21:48.478000,0 days 02:17:25.086000
2024-05-19 14:25:05.352,OnTrack,-14271,-9254,869,pos,0 days 01:21:48.758000,0 days 02:17:25.366000
2024-05-19 14:25:05.451,OnTrack,-14315,-9298,871,pos,0 days 01:21:48.857000,0 days 02:17:25.465000
2024-05-19 14:25:05.632,OnTrack,-14394,-9377,875,pos,0 days 01:21:49.038000,0 days 02:17:25.646000
2024-05-19 14:25:05.812,OnTrack,-14475,-9456,879,pos,0 days 01:21:49.218000,0 days 02:17:25.826000
2024-05-19 14:25:06.052,OnTrack,-14582,-9555,884,pos,0 days 01:21:49.458000,0 days 02:17:26.066000
2024-05-19 14:25:06.192,OnTrack,-14637,-9607,886,pos,0 days 01:21:49.598000,0 days 02:17:26.206000
2024-05-19 14:25:06.532,OnTrack,-14751,-9722,892,pos,0 days 01:21:49.938000,0 days 02:17:26.546000
2024-05-19 14:25:06.752,OnTrack,-14841,-9835,896,pos,0 days 01:21:50.158000,0 days 02:17:26.766000
2024-05-19 14:25:07.012,OnTrack,-14864,-9872,898,pos,0 days 01:21:50.418000,0 days 02:17:27.026000
2024-05-19 14:25:07.292,OnTrack,-14901,-9961,901,pos,0 days 01:21:50.698000,0 days 02:17:27.306000
2024-05-19 14:25:07.452,OnTrack,-14912,-10011,902,pos,0 days 01:21:50.858000,0 days 02:17:27.466000
2024-05-19 14:25:07.792,OnTrack,-14905,-10139,908,pos,0 days 01:21:51.198000,0 days 02:17:27.806000
2024-05-19 14:25:08.112,OnTrack,-14878,-10203,911,pos,0 days 01:21:51.518000,0 days 02:17:28.126000
2024-05-19 14:25:08.292,OnTrack,-14849,-10244,914,pos,0 days 01:21:51.698000,0 days 02:17:28.306000
2024-05-19 14:25:08.493,OnTrack,-14812,-10283,917,pos,0 days 01:21:51.899000,0 days 02:17:28.507000
2024-05-19 14:25:08.793,OnTrack,-14751,-10329,921,pos,0 days 01:21:52.199000,0 days 02:17:28.807000
2024-05-19 14:25:08.992,OnTrack,-14674,-10365,924,pos,0 days 01:21:52.398000,0 days 02:17:29.006000
2024-05-19 14:25:09.272,OnTrack,-14641,-10375,926,pos,0 days 01:21:52.678000,0 days 02:17:29.286000
2024-05-19 14:25:09.573,OnTrack,-14533,-10393,932,pos,0 days 01:21:52.979000,0 days 02:17:29.587000
2024-05-19 14:25:09.913,OnTrack,-14473,-10395,935,pos,0 days 01:21:53.319000,0 days 02:17:29.927000
2024-05-19 14:25:10.233,OnTrack,-14356,-10389,941,pos,0 days 01:21:53.639000,0 days 02:17:30.247000
2024-05-19 14:25:10.552,OnTrack,-14310,-10384,943,pos,0 days 01:21:53.958000,0 days 02:17:30.566000
2024-05-19 14:25:10.872,OnTrack,-14197,-10368,948,pos,0 days 01:21:54.278000,0 days 02:17:30.886000
2024-05-19 14:25:11.032,OnTrack,-14137,-10358,951,pos,0 days 01:21:54.438000,0 days 02:17:31.046000
2024-05-19 14:25:11.212,OnTrack,-14068,-10345,954,pos,0 days 01:21:54.618000,0 days 02:17:31.226000
2024-05-19 14:25:11.471,OnTrack,-13956,-10323,959,pos,0 days 01:21:54.877000,0 days 02:17:31.485000
2024-05-19 14:25:11.652,OnTrack,-13808,-10292,966,pos,0 days 01:21:55.058000,0 days 02:17:31.666000
2024-05-19 14:25:12.032,OnTrack,-13689,-10268,971,pos,0 days 01:21:55.438000,0 days 02:17:32.046000
2024-05-19 14:25:12.231,OnTrack,-13585,-10247,975,pos,0 days 01:21:55.637000,0 days 02:17:32.245000
2024-05-19 14:25:12.511,OnTrack,-13399,-10214,983,pos,0 days 01:21:55.917000,0 days 02:17:32.525000
2024-05-19 14:25:12.892,OnTrack,-13156,-10170,992,pos,0 days 01:21:56.298000,0 days 02:17:32.906000
2024-05-19 14:25:13.312,OnTrack,-12961,-10137,998,pos,0 days 01:21:56.718000,0 days 02:17:33.326000
2024-05-19 14:25:13.572,OnTrack,-12785,-10110,1003,pos,0 days 01:21:56.978000,0 days 02:17:33.586000
2024-05-19 14:25:13.892,OnTrack,-12590,-10081,1010,pos,0 days 01:21:57.298000,0 days 02:17:33.906000
2024-05-19 14:25:14.072,OnTrack,-12471,-10063,1014,pos,0 days 01:21:57.478000,0 days 02:17:34.086000
2024-05-19 14:25:14.312,OnTrack,-12309,-10041,1021,pos,0 days 01:21:57.718000,0 days 02:17:34.326000
2024-05-19 14:25:14.473,OnTrack,-12199,-10026,1027,pos,0 days 01:21:57.879000,0 days 02:17:34.487000
2024-05-19 14:25:14.712,OnTrack,-12032,-10003,1037,pos,0 days 01:21:58.118000,0 days 02:17:34.726000
2024-05-19 14:25:14.912,OnTrack,-11877,-9982,1048,pos,0 days 01:21:58.318000,0 days 02:17:34.926000
2024-05-19 14:25:15.092,OnTrack,-11735,-9966,1057,pos,0 days 01:21:58.498000,0 days 02:17:35.106000
2024-05-19 14:25:15.432,OnTrack,-11461,-9938,1074,pos,0 days 01:21:58.838000,0 days 02:17:35.446000
2024-05-19 14:25:15.833,OnTrack,-11109,-9919,1095,pos,0 days 01:21:59.239000,0 days 02:17:35.847000
2024-05-19 14:25:16.072,OnTrack,-11021,-9918,1101,pos,0 days 01:21:59.478000,0 days 02:17:36.086000
2024-05-19 14:25:16.372,OnTrack,-10798,-9921,1113,pos,0 days 01:21:59.778000,0 days 02:17:36.386000
2024-05-19 14:25:16.572,OnTrack,-10545,-9935,1121,pos,0 days 01:21:59.978000,0 days 02:17:36.586000
2024-05-19 14:25:16.973,OnTrack,-10352,-9954,1122,pos,0 days 01:22:00.379000,0 days 02:17:36.987000
2024-05-19 14:25:17.213,OnTrack,-10099,-9983,1121,pos,0 days 01:22:00.619000,0 days 02:17:37.227000
2024-05-19 14:25:17.651,OnTrack,-9756,-10023,1118,pos,0 days 01:22:01.057000,0 days 02:17:37.665000
2024-05-19 14:25:18.072,OnTrack,-9503,-10051,1116,pos,0 days 01:22:01.478000,0 days 02:17:38.086000
2024-05-19 14:25:18.332,OnTrack,-9350,-10065,1115,pos,0 days 01:22:01.738000,0 days 02:17:38.346000
2024-05-19 14:25:18.712,OnTrack,-9135,-10069,1114,pos,0 days 01:22:02.118000,0 days 02:17:38.726000
2024-05-19 14:25:18.912,OnTrack,-8990,-10046,1114,pos,0 days 01:22:02.318000,0 days 02:17:38.926000
2024-05-19 14:25:19.192,OnTrack,-8877,-10004,1114,pos,0 days 01:22:02.598000,0 days 02:17:39.206000
2024-05-19 14:25:19.392,OnTrack,-8783,-9949,1112,pos,0 days 01:22:02.798000,0 days 02:17:39.406000
2024-05-19 14:25:19.572,OnTrack,-8709,-9886,1109,pos,0 days 01:22:02.978000,0 days 02:17:39.586000
2024-05-19 14:25:19.852,OnTrack,-8611,-9763,1106,pos,0 days 01:22:03.258000,0 days 02:17:39.866000
2024-05-19 14:25:20.112,OnTrack,-8536,-9629,1101,pos,0 days 01:22:03.518000,0 days 02:17:40.126000
2024-05-19 14:25:20.312,OnTrack,-8483,-9523,1098,pos,0 days 01:22:03.718000,0 days 02:17:40.326000
2024-05-19 14:25:20.572,OnTrack,-8414,-9383,1094,pos,0 days 01:22:03.978000,0 days 02:17:40.586000
2024-05-19 14:25:20.692,OnTrack,-8384,-9315,1091,pos,0 days 01:22:04.098000,0 days 02:17:40.706000
2024-05-19 14:25:20.992,OnTrack,-8299,-9078,1083,pos,0 days 01:22:04.398000,0 days 02:17:41.006000
2024-05-19 14:25:21.352,OnTrack,-8252,-8846,1074,pos,0 days 01:22:04.758000,0 days 02:17:41.366000
2024-05-19 14:25:21.672,OnTrack,-8239,-8699,1066,pos,0 days 01:22:05.078000,0 days 02:17:41.686000
2024-05-19 14:25:22.032,OnTrack,-8248,-8380,1045,pos,0 days 01:22:05.438000,0 days 02:17:42.046000
2024-05-19 14:25:22.452,OnTrack,-8274,-8164,1026,pos,0 days 01:22:05.858000,0 days 02:17:42.466000
2024-05-19 14:25:22.492,OnTrack,-8279,-8135,1022,pos,0 days 01:22:05.898000,0 days 02:17:42.506000
2024-05-19 14:25:22.732,OnTrack,-8309,-7964,1007,pos,0 days 01:22:06.138000,0 days 02:17:42.746000
2024-05-19 14:25:22.993,OnTrack,-8367,-7692,985,pos,0 days 01:22:06.399000,0 days 02:17:43.007000
2024-05-19 14:25:23.473,OnTrack,-8451,-7328,961,pos,0 days 01:22:06.879000,0 days 02:17:43.487000
2024-05-19 14:25:23.813,OnTrack,-8484,-7180,953,pos,0 days 01:22:07.219000,0 days 02:17:43.827000
2024-05-19 14:25:24.093,OnTrack,-8542,-6925,940,pos,0 days 01:22:07.499000,0 days 02:17:44.107000
2024-05-19 14:25:24.471,OnTrack,-8616,-6593,923,pos,0 days 01:22:07.877000,0 days 02:17:44.485000
2024-05-19 14:25:24.791,OnTrack,-8643,-6443,915,pos,0 days 01:22:08.197000,0 days 02:17:44.805000
2024-05-19 14:25:25.071,OnTrack,-8653,-6255,906,pos,0 days 01:22:08.477000,0 days 02:17:45.085000
2024-05-19 14:25:25.232,OnTrack,-8635,-6143,903,pos,0 days 01:22:08.638000,0 days 02:17:45.246000
2024-05-19 14:25:25.412,OnTrack,-8597,-6021,899,pos,0 days 01:22:08.818000,0 days 02:17:45.426000
2024-05-19 14:25:25.752,OnTrack,-8497,-5812,897,pos,0 days 01:22:09.158000,0 days 02:17:45.766000
2024-05-19 14:25:25.871,OnTrack,-8461,-5748,897,pos,0 days 01:22:09.277000,0 days 02:17:45.885000
2024-05-19 14:25:26.172,OnTrack,-8346,-5558,898,pos,0 days 01:22:09.578000,0 days 02:17:46.186000
2024-05-19 14:25:26.492,OnTrack,-8293,-5486,900,pos,0 days 01:22:09.898000,0 days 02:17:46.506000
2024-05-19 14:25:26.672,OnTrack,-8244,-5431,902,pos,0 days 01:22:10.078000,0 days 02:17:46.686000
2024-05-19 14:25:26.852,OnTrack,-8192,-5386,904,pos,0 days 01:22:10.258000,0 days 02:17:46.866000
2024-05-19 14:25:27.172,OnTrack,-8089,-5336,908,pos,0 days 01:22:10.578000,0 days 02:17:47.186000
2024-05-19 14:25:27.412,OnTrack,-7955,-5329,917,pos,0 days 01:22:10.818000,0 days 02:17:47.426000
2024-05-19 14:25:27.852,OnTrack,-7849,-5351,926,pos,0 days 01:22:11.258000,0 days 02:17:47.866000
2024-05-19 14:25:27.872,OnTrack,-7842,-5352,927,pos,0 days 01:22:11.278000,0 days 02:17:47.886000
2024-05-19 14:25:28.252,OnTrack,-7680,-5396,941,pos,0 days 01:22:11.658000,0 days 02:17:48.266000
2024-05-19 14:25:28.572,OnTrack,-7590,-5415,950,pos,0 days 01:22:11.978000,0 days 02:17:48.586000
2024-05-19 14:25:28.752,OnTrack,-7518,-5426,956,pos,0 days 01:22:12.158000,0 days 02:17:48.766000
2024-05-19 14:25:28.953,OnTrack,-7432,-5435,964,pos,0 days 01:22:12.359000,0 days 02:17:48.967000
2024-05-19 14:25:29.253,OnTrack,-7261,-5443,978,pos,0 days 01:22:12.659000,0 days 02:17:49.267000
2024-05-19 14:25:29.513,OnTrack,-7174,-5443,985,pos,0 days 01:22:12.919000,0 days 02:17:49.527000
2024-05-19 14:25:29.753,OnTrack,-7053,-5443,994,pos,0 days 01:22:13.159000,0 days 02:17:49.767000
2024-05-19 14:25:30.013,OnTrack,-6871,-5441,1006,pos,0 days 01:22:13.419000,0 days 02:17:50.027000
2024-05-19 14:25:30.313,OnTrack,-6749,-5440,1013,pos,0 days 01:22:13.719000,0 days 02:17:50.327000
2024-05-19 14:25:30.533,OnTrack,-6622,-5438,1019,pos,0 days 01:22:13.939000,0 days 02:17:50.547000
2024-05-19 14:25:30.791,OnTrack,-6466,-5437,1025,pos,0 days 01:22:14.197000,0 days 02:17:50.805000
2024-05-19 14:25:31.031,OnTrack,-6318,-5436,1030,pos,0 days 01:22:14.437000,0 days 02:17:51.045000
2024-05-19 14:25:31.251,OnTrack,-6101,-5434,1036,pos,0 days 01:22:14.657000,0 days 02:17:51.265000
2024-05-19 14:25:31.652,OnTrack,-5917,-5433,1042,pos,0 days 01:22:15.058000,0 days 02:17:51.666000
2024-05-19 14:25:31.892,OnTrack,-5757,-5431,1046,pos,0 days 01:22:15.298000,0 days 02:17:51.906000
2024-05-19 14:25:31.992,OnTrack,-5689,-5431,1048,pos,0 days 01:22:15.398000,0 days 02:17:52.006000
2024-05-19 14:25:32.172,OnTrack,-5566,-5430,1052,pos,0 days 01:22:15.578000,0 days 02:17:52.186000
2024-05-19 14:25:32.492,OnTrack,-5345,-5426,1058,pos,0 days 01:22:15.898000,0 days 02:17:52.506000
2024-05-19 14:25:32.772,OnTrack,-5054,-5412,1067,pos,0 days 01:22:16.178000,0 days 02:17:52.786000
2024-05-19 14:25:33.172,OnTrack,-4796,-5389,1074,pos,0 days 01:22:16.578000,0 days 02:17:53.186000
2024-05-19 14:25:33.592,OnTrack,-4566,-5369,1079,pos,0 days 01:22:16.998000,0 days 02:17:53.606000
2024-05-19 14:25:33.812,OnTrack,-4365,-5352,1082,pos,0 days 01:22:17.218000,0 days 02:17:53.826000
2024-05-19 14:25:34.092,OnTrack,-4206,-5339,1083,pos,0 days 01:22:17.498000,0 days 02:17:54.106000
2024-05-19 14:25:34.392,OnTrack,-3990,-5321,1085,pos,0 days 01:22:17.798000,0 days 02:17:54.406000
2024-05-19 14:25:34.572,OnTrack,-3777,-5304,1086,pos,0 days 01:22:17.978000,0 days 02:17:54.586000
2024-05-19 14:25:35.032,OnTrack,-3545,-5285,1087,pos,0 days 01:22:18.438000,0 days 02:17:55.046000
2024-05-19 14:25:35.453,OnTrack,-3400,-5275,1089,pos,0 days 01:22:18.859000,0 days 02:17:55.467000
2024-05-19 14:25:35.713,OnTrack,-3268,-5274,1091,pos,0 days 01:22:19.119000,0 days 02:17:55.727000
2024-05-19 14:25:36.013,OnTrack,-3201,-5285,1092,pos,0 days 01:22:19.419000,0 days 02:17:56.027000
2024-05-19 14:25:36.212,OnTrack,-3145,-5316,1094,pos,0 days 01:22:19.618000,0 days 02:17:56.226000
2024-05-19 14:25:36.533,OnTrack,-3065,-5391,1096,pos,0 days 01:22:19.939000,0 days 02:17:56.547000
2024-05-19 14:25:36.692,OnTrack,-3029,-5431,1096,pos,0 days 01:22:20.098000,0 days 02:17:56.706000
2024-05-19 14:25:36.952,OnTrack,-2971,-5488,1096,pos,0 days 01:22:20.358000,0 days 02:17:56.966000
2024-05-19 14:25:37.073,OnTrack,-2944,-5509,1096,pos,0 days 01:22:20.479000,0 days 02:17:57.087000
2024-05-19 14:25:37.332,OnTrack,-2864,-5551,1096,pos,0 days 01:22:20.738000,0 days 02:17:57.346000
2024-05-19 14:25:37.591,OnTrack,-2811,-5562,1095,pos,0 days 01:22:20.997000,0 days 02:17:57.605000
2024-05-19 14:25:37.972,OnTrack,-2709,-5551,1093,pos,0 days 01:22:21.378000,0 days 02:17:57.986000
2024-05-19 14:25:38.091,OnTrack,-2676,-5543,1092,pos,0 days 01:22:21.497000,0 days 02:17:58.105000
2024-05-19 14:25:38.351,OnTrack,-2605,-5522,1090,pos,0 days 01:22:21.757000,0 days 02:17:58.365000
2024-05-19 14:25:38.592,OnTrack,-2510,-5488,1088,pos,0 days 01:22:21.998000,0 days 02:17:58.606000
2024-05-19 14:25:38.832,OnTrack,-2468,-5471,1087,pos,0 days 01:22:22.238000,0 days 02:17:58.846000
2024-05-19 14:25:39.072,OnTrack,-2394,-5438,1085,pos,0 days 01:22:22.478000,0 days 02:17:59.086000
2024-05-19 14:25:39.352,OnTrack,-2299,-5392,1083,pos,0 days 01:22:22.758000,0 days 02:17:59.366000
2024-05-19 14:25:39.632,OnTrack,-2172,-5327,1080,pos,0 days 01:22:23.038000,0 days 02:17:59.646000
2024-05-19 14:25:40.053,OnTrack,-2022,-5247,1077,pos,0 days 01:22:23.459000,0 days 02:18:00.067000
2024-05-19 14:25:40.132,OnTrack,-1987,-5229,1076,pos,0 days 01:22:23.538000,0 days 02:18:00.146000
2024-05-19 14:25:40.352,OnTrack,-1886,-5176,1074,pos,0 days 01:22:23.758000,0 days 02:18:00.366000
2024-05-19 14:25:40.552,OnTrack,-1791,-5126,1072,pos,0 days 01:22:23.958000,0 days 02:18:00.566000
2024-05-19 14:25:40.852,OnTrack,-1640,-5049,1069,pos,0 days 01:22:24.258000,0 days 02:18:00.866000
2024-05-19 14:25:41.072,OnTrack,-1515,-4989,1067,pos,0 days 01:22:24.478000,0 days 02:18:01.086000
2024-05-19 14:25:41.132,OnTrack,-1482,-4974,1067,pos,0 days 01:22:24.538000,0 days 02:18:01.146000
2024-05-19 14:25:41.453,OnTrack,-1303,-4893,1063,pos,0 days 01:22:24.859000,0 days 02:18:01.467000
2024-05-19 14:25:41.652,OnTrack,-1142,-4817,1060,pos,0 days 01:22:25.058000,0 days 02:18:01.666000
2024-05-19 14:25:42.052,OnTrack,-959,-4718,1056,pos,0 days 01:22:25.458000,0 days 02:18:02.066000
2024-05-19 14:25:42.192,OnTrack,-879,-4669,1054,pos,0 days 01:22:25.598000,0 days 02:18:02.206000
2024-05-19 14:25:42.392,OnTrack,-764,-4595,1051,pos,0 days 01:22:25.798000,0 days 02:18:02.406000
2024-05-19 14:25:42.593,OnTrack,-650,-4517,1048,pos,0 days 01:22:25.999000,0 days 02:18:02.607000
2024-05-19 14:25:42.833,OnTrack,-513,-4419,1044,pos,0 days 01:22:26.239000,0 days 02:18:02.847000
2024-05-19 14:25:43.133,OnTrack,-307,-4263,1037,pos,0 days 01:22:26.539000,0 days 02:18:03.147000
2024-05-19 14:25:43.532,OnTrack,-114,-4106,1032,pos,0 days 01:22:26.938000,0 days 02:18:03.546000
2024-05-19 14:25:43.693,OnTrack,-25,-4028,1030,pos,0 days 01:22:27.099000,0 days 02:18:03.707000
2024-05-19 14:25:43.892,OnTrack,84,-3925,1027,pos,0 days 01:22:27.298000,0 days 02:18:03.906000
2024-05-19 14:25:44.091,OnTrack,226,-3781,1023,pos,0 days 01:22:27.497000,0 days 02:18:04.105000
2024-05-19 14:25:44.272,OnTrack,320,-3681,1020,pos,0 days 01:22:27.678000,0 days 02:18:04.286000
2024-05-19 14:25:44.552,OnTrack,517,-3463,1012,pos,0 days 01:22:27.958000,0 days 02:18:04.566000
2024-05-19 14:25:44.931,OnTrack,663,-3300,1003,pos,0 days 01:22:28.337000,0 days 02:18:04.945000
2024-05-19 14:25:45.171,OnTrack,843,-3101,992,pos,0 days 01:22:28.577000,0 days 02:18:05.185000
2024-05-19 14:25:45.432,OnTrack,928,-3006,985,pos,0 days 01:22:28.838000,0 days 02:18:05.446000
2024-05-19 14:25:45.672,OnTrack,1057,-2864,975,pos,0 days 01:22:29.078000,0 days 02:18:05.686000
2024-05-19 14:25:46.031,OnTrack,1252,-2650,958,pos,0 days 01:22:29.437000,0 days 02:18:06.045000
2024-05-19 14:25:46.212,OnTrack,1384,-2511,946,pos,0 days 01:22:29.618000,0 days 02:18:06.226000
2024-05-19 14:25:46.571,OnTrack,1560,-2351,930,pos,0 days 01:22:29.977000,0 days 02:18:06.585000
2024-05-19 14:25:46.752,OnTrack,1782,-2199,913,pos,0 days 01:22:30.158000,0 days 02:18:06.766000
2024-05-19 14:25:47.232,OnTrack,2147,-2034,884,pos,0 days 01:22:30.638000,0 days 02:18:07.246000
2024-05-19 14:25:47.652,OnTrack,2423,-1924,863,pos,0 days 01:22:31.058000,0 days 02:18:07.666000
2024-05-19 14:25:47.993,OnTrack,2575,-1862,851,pos,0 days 01:22:31.399000,0 days 02:18:08.007000
2024-05-19 14:25:48.132,OnTrack,2655,-1829,846,pos,0 days 01:22:31.538000,0 days 02:18:08.146000
2024-05-19 14:25:48.392,OnTrack,2790,-1774,836,pos,0 days 01:22:31.798000,0 days 02:18:08.406000
2024-05-19 14:25:48.592,OnTrack,2883,-1735,830,pos,0 days 01:22:31.998000,0 days 02:18:08.606000
2024-05-19 14:25:48.892,OnTrack,3029,-1659,820,pos,0 days 01:22:32.298000,0 days 02:18:08.906000
2024-05-19 14:25:49.152,OnTrack,3081,-1618,816,pos,0 days 01:22:32.558000,0 days 02:18:09.166000
2024-05-19 14:25:49.393,OnTrack,3135,-1554,812,pos,0 days 01:22:32.799000,0 days 02:18:09.407000
2024-05-19 14:25:49.593,OnTrack,3166,-1494,809,pos,0 days 01:22:32.999000,0 days 02:18:09.607000
2024-05-19 14:25:49.812,OnTrack,3185,-1424,806,pos,0 days 01:22:33.218000,0 days 02:18:09.826000
2024-05-19 14:25:49.992,OnTrack,3190,-1366,804,pos,0 days 01:22:33.398000,0 days 02:18:10.006000
2024-05-19 14:25:50.272,OnTrack,3177,-1245,800,pos,0 days 01:22:33.678000,0 days 02:18:10.286000
2024-05-19 14:25:50.571,OnTrack,3162,-1183,799,pos,0 days 01:22:33.977000,0 days 02:18:10.585000
2024-05-19 14:25:50.851,OnTrack,3136,-1096,796,pos,0 days 01:22:34.257000,0 days 02:18:10.865000
2024-05-19 14:25:51.032,OnTrack,3117,-1040,795,pos,0 days 01:22:34.438000,0 days 02:18:11.046000
2024-05-19 14:25:51.352,OnTrack,3078,-928,794,pos,0 days 01:22:34.758000,0 days 02:18:11.366000
2024-05-19 14:25:51.711,OnTrack,3006,-761,792,pos,0 days 01:22:35.117000,0 days 02:18:11.725000
2024-05-19 14:25:52.072,OnTrack,2957,-669,791,pos,0 days 01:22:35.478000,0 days 02:18:12.086000
2024-05-19 14:25:52.312,OnTrack,2862,-534,789,pos,0 days 01:22:35.718000,0 days 02:18:12.326000
2024-05-19 14:25:52.652,OnTrack,2804,-478,788,pos,0 days 01:22:36.058000,0 days 02:18:12.666000
2024-05-19 14:25:52.852,OnTrack,2739,-433,788,pos,0 days 01:22:36.258000,0 days 02:18:12.866000
2024-05-19 14:25:53.111,OnTrack,2646,-392,787,pos,0 days 01:22:36.517000,0 days 02:18:13.125000
2024-05-19 14:25:53.412,OnTrack,2526,-366,786,pos,0 days 01:22:36.818000,0 days 02:18:13.426000
2024-05-19 14:25:53.752,OnTrack,2351,-362,786,pos,0 days 01:22:37.158000,0 days 02:18:13.766000
2024-05-19 14:25:54.132,OnTrack,2258,-376,784,pos,0 days 01:22:37.538000,0 days 02:18:14.146000
2024-05-19 14:25:54.292,OnTrack,2196,-393,784,pos,0 days 01:22:37.698000,0 days 02:18:14.306000
2024-05-19 14:25:54.472,OnTrack,2124,-418,783,pos,0 days 01:22:37.878000,0 days 02:18:14.486000
2024-05-19 14:25:54.793,OnTrack,1994,-475,782,pos,0 days 01:22:38.199000,0 days 02:18:14.807000
2024-05-19 14:25:55.073,OnTrack,1873,-531,780,pos,0 days 01:22:38.479000,0 days 02:18:15.087000
2024-05-19 14:25:55.112,OnTrack,1855,-540,780,pos,0 days 01:22:38.518000,0 days 02:18:15.126000
2024-05-19 14:25:55.333,OnTrack,1781,-574,780,pos,0 days 01:22:38.739000,0 days 02:18:15.347000
2024-05-19 14:25:55.532,OnTrack,1685,-618,779,pos,0 days 01:22:38.938000,0 days 02:18:15.546000
2024-05-19 14:25:55.873,OnTrack,1451,-724,778,pos,0 days 01:22:39.279000,0 days 02:18:15.887000
2024-05-19 14:25:56.213,OnTrack,1332,-777,778,pos,0 days 01:22:39.619000,0 days 02:18:16.227000
2024-05-19 14:25:56.513,OnTrack,1164,-854,778,pos,0 days 01:22:39.919000,0 days 02:18:16.527000
2024-05-19 14:25:56.693,OnTrack,991,-932,778,pos,0 days 01:22:40.099000,0 days 02:18:16.707000
2024-05-19 14:25:57.053,OnTrack,762,-1032,779,pos,0 days 01:22:40.459000,0 days 02:18:17.067000
2024-05-19 14:25:57.492,OnTrack,571,-1112,780,pos,0 days 01:22:40.898000,0 days 02:18:17.506000
2024-05-19 14:25:57.711,OnTrack,430,-1170,780,pos,0 days 01:22:41.117000,0 days 02:18:17.725000
2024-05-19 14:25:57.872,OnTrack,326,-1214,781,pos,0 days 01:22:41.278000,0 days 02:18:17.886000
2024-05-19 14:25:58.112,OnTrack,169,-1280,781,pos,0 days 01:22:41.518000,0 days 02:18:18.126000
2024-05-19 14:25:58.352,OnTrack,9,-1347,781,pos,0 days 01:22:41.758000,0 days 02:18:18.366000
2024-05-19 14:25:58.572,OnTrack,-208,-1432,782,pos,0 days 01:22:41.978000,0 days 02:18:18.586000
2024-05-19 14:25:58.811,OnTrack,-305,-1465,782,pos,0 days 01:22:42.217000,0 days 02:18:18.825000
2024-05-19 14:25:59.071,OnTrack,-493,-1519,783,pos,0 days 01:22:42.477000,0 days 02:18:19.085000
2024-05-19 14:25:59.252,OnTrack,-626,-1547,783,pos,0 days 01:22:42.658000,0 days 02:18:19.266000
2024-05-19 14:25:59.472,OnTrack,-792,-1571,783,pos,0 days 01:22:42.878000,0 days 02:18:19.486000
2024-05-19 14:25:59.692,OnTrack,-1113,-1590,784,pos,0 days 01:22:43.098000,0 days 02:18:19.706000
2024-05-19 14:26:00.193,OnTrack,-1378,-1597,785,pos,0 days 01:22:43.599000,0 days 02:18:20.207000
2024-05-19 14:26:00.272,OnTrack,-1441,-1601,785,pos,0 days 01:22:43.678000,0 days 02:18:20.286000
2024-05-19 14:26:00.432,OnTrack,-1568,-1609,786,pos,0 days 01:22:43.838000,0 days 02:18:20.446000
2024-05-19 14:26:00.732,OnTrack,-1808,-1623,787,pos,0 days 01:22:44.138000,0 days 02:18:20.746000
2024-05-19 14:26:01.033,OnTrack,-2099,-1639,788,pos,0 days 01:22:44.439000,0 days 02:18:21.047000
2024-05-19 14:26:01.272,OnTrack,-2245,-1647,789,pos,0 days 01:22:44.678000,0 days 02:18:21.286000
2024-05-19 14:26:01.613,OnTrack,-2523,-1663,790,pos,0 days 01:22:45.019000,0 days 02:18:21.627000
2024-05-19 14:26:01.812,OnTrack,-2687,-1670,791,pos,0 days 01:22:45.218000,0 days 02:18:21.826000
2024-05-19 14:26:02.032,OnTrack,-2903,-1676,792,pos,0 days 01:22:45.438000,0 days 02:18:22.046000
2024-05-19 14:26:02.393,OnTrack,-3169,-1685,793,pos,0 days 01:22:45.799000,0 days 02:18:22.407000
2024-05-19 14:26:02.653,OnTrack,-3420,-1694,794,pos,0 days 01:22:46.059000,0 days 02:18:22.667000
2024-05-19 14:26:02.933,OnTrack,-3620,-1695,795,pos,0 days 01:22:46.339000,0 days 02:18:22.947000
2024-05-19 14:26:03.293,OnTrack,-3922,-1672,796,pos,0 days 01:22:46.699000,0 days 02:18:23.307000
2024-05-19 14:26:03.412,OnTrack,-4022,-1657,797,pos,0 days 01:22:46.818000,0 days 02:18:23.426000
2024-05-19 14:26:03.671,OnTrack,-4241,-1616,798,pos,0 days 01:22:47.077000,0 days 02:18:23.685000
2024-05-19 14:26:03.911,OnTrack,-4509,-1556,799,pos,0 days 01:22:47.317000,0 days 02:18:23.925000
2024-05-19 14:26:04.231,OnTrack,-4710,-1507,801,pos,0 days 01:22:47.637000,0 days 02:18:24.245000
2024-05-19 14:26:04.352,OnTrack,-4809,-1483,801,pos,0 days 01:22:47.758000,0 days 02:18:24.366000
2024-05-19 14:26:04.632,OnTrack,-5160,-1396,804,pos,0 days 01:22:48.038000,0 days 02:18:24.646000
2024-05-19 14:26:05.172,OnTrack,-5615,-1297,808,pos,0 days 01:22:48.578000,0 days 02:18:25.186000
2024-05-19 14:26:05.472,OnTrack,-5700,-1283,809,pos,0 days 01:22:48.878000,0 days 02:18:25.486000
2024-05-19 14:26:05.672,OnTrack,-5871,-1259,810,pos,0 days 01:22:49.078000,0 days 02:18:25.686000
2024-05-19 14:26:05.952,OnTrack,-6218,-1235,814,pos,0 days 01:22:49.358000,0 days 02:18:25.966000
2024-05-19 14:26:06.252,OnTrack,-6375,-1231,814,pos,0 days 01:22:49.658000,0 days 02:18:26.266000
2024-05-19 14:26:06.552,OnTrack,-6636,-1230,815,pos,0 days 01:22:49.958000,0 days 02:18:26.566000
2024-05-19 14:26:06.752,OnTrack,-6809,-1231,816,pos,0 days 01:22:50.158000,0 days 02:18:26.766000
2024-05-19 14:26:07.032,OnTrack,-7050,-1238,817,pos,0 days 01:22:50.438000,0 days 02:18:27.046000
2024-05-19 14:26:07.192,OnTrack,-7188,-1244,817,pos,0 days 01:22:50.598000,0 days 02:18:27.206000
2024-05-19 14:26:07.472,OnTrack,-7428,-1261,818,pos,0 days 01:22:50.878000,0 days 02:18:27.486000
2024-05-19 14:26:07.553,OnTrack,-7496,-1267,818,pos,0 days 01:22:50.959000,0 days 02:18:27.567000
2024-05-19 14:26:07.813,OnTrack,-7718,-1289,818,pos,0 days 01:22:51.219000,0 days 02:18:27.827000
2024-05-19 14:26:07.992,OnTrack,-7886,-1309,818,pos,0 days 01:22:51.398000,0 days 02:18:28.006000
2024-05-19 14:26:08.192,OnTrack,-8159,-1343,818,pos,0 days 01:22:51.598000,0 days 02:18:28.206000
2024-05-19 14:26:08.332,OnTrack,-8278,-1359,819,pos,0 days 01:22:51.738000,0 days 02:18:28.346000
2024-05-19 14:26:08.552,OnTrack,-8462,-1384,819,pos,0 days 01:22:51.958000,0 days 02:18:28.566000
2024-05-19 14:26:08.752,OnTrack,-8630,-1407,819,pos,0 days 01:22:52.158000,0 days 02:18:28.766000
2024-05-19 14:26:09.052,OnTrack,-8880,-1442,819,pos,0 days 01:22:52.458000,0 days 02:18:29.066000
2024-05-19 14:26:09.332,OnTrack,-9113,-1479,819,pos,0 days 01:22:52.738000,0 days 02:18:29.346000
2024-05-19 14:26:09.392,OnTrack,-9162,-1489,819,pos,0 days 01:22:52.798000,0 days 02:18:29.406000
2024-05-19 14:26:09.652,OnTrack,-9371,-1538,819,pos,0 days 01:22:53.058000,0 days 02:18:29.666000
2024-05-19 14:26:09.853,OnTrack,-9523,-1583,819,pos,0 days 01:22:53.259000,0 days 02:18:29.867000
2024-05-19 14:26:10.133,OnTrack,-9710,-1642,819,pos,0 days 01:22:53.539000,0 days 02:18:30.147000
2024-05-19 14:26:10.312,OnTrack,-9817,-1676,819,pos,0 days 01:22:53.718000,0 days 02:18:30.326000
2024-05-19 14:26:10.572,OnTrack,-9970,-1723,819,pos,0 days 01:22:53.978000,0 days 02:18:30.586000
2024-05-19 14:26:10.872,OnTrack,-10104,-1765,818,pos,0 days 01:22:54.278000,0 days 02:18:30.886000
2024-05-19 14:26:11.132,OnTrack,-10211,-1805,818,pos,0 days 01:22:54.538000,0 days 02:18:31.146000
2024-05-19 14:26:11.372,OnTrack,-10310,-1879,818,pos,0 days 01:22:54.778000,0 days 02:18:31.386000
2024-05-19 14:26:11.752,OnTrack,-10373,-1983,818,pos,0 days 01:22:55.158000,0 days 02:18:31.766000
2024-05-19 14:26:11.992,OnTrack,-10407,-2095,819,pos,0 days 01:22:55.398000,0 days 02:18:32.006000
2024-05-19 14:26:12.332,OnTrack,-10442,-2214,819,pos,0 days 01:22:55.738000,0 days 02:18:32.346000
2024-05-19 14:26:12.552,OnTrack,-10477,-2298,819,pos,0 days 01:22:55.958000,0 days 02:18:32.566000
2024-05-19 14:26:12.732,OnTrack,-10517,-2363,819,pos,0 days 01:22:56.138000,0 days 02:18:32.746000
2024-05-19 14:26:13.052,OnTrack,-10666,-2511,818,pos,0 days 01:22:56.458000,0 days 02:18:33.066000
2024-05-19 14:26:13.332,OnTrack,-10720,-2549,819,pos,0 days 01:22:56.738000,0 days 02:18:33.346000
2024-05-19 14:26:13.572,OnTrack,-10818,-2611,820,pos,0 days 01:22:56.978000,0 days 02:18:33.586000
2024-05-19 14:26:13.772,OnTrack,-10902,-2661,820,pos,0 days 01:22:57.178000,0 days 02:18:33.786000
2024-05-19 14:26:14.012,OnTrack,-11069,-2757,822,pos,0 days 01:22:57.418000,0 days 02:18:34.026000
2024-05-19 14:26:14.412,OnTrack,-11190,-2827,823,pos,0 days 01:22:57.818000,0 days 02:18:34.426000
2024-05-19 14:26:14.532,OnTrack,-11247,-2861,823,pos,0 days 01:22:57.938000,0 days 02:18:34.546000
2024-05-19 14:26:14.852,OnTrack,-11440,-2986,824,pos,0 days 01:22:58.258000,0 days 02:18:34.866000
2024-05-19 14:26:15.132,OnTrack,-11534,-3060,825,pos,0 days 01:22:58.538000,0 days 02:18:35.146000
2024-05-19 14:26:15.513,OnTrack,-11684,-3237,825,pos,0 days 01:22:58.919000,0 days 02:18:35.527000
2024-05-19 14:26:15.572,OnTrack,-11704,-3270,825,pos,0 days 01:22:58.978000,0 days 02:18:35.586000
2024-05-19 14:26:15.932,OnTrack,-11798,-3466,826,pos,0 days 01:22:59.338000,0 days 02:18:35.946000
2024-05-19 14:26:16.112,OnTrack,-11875,-3664,827,pos,0 days 01:22:59.518000,0 days 02:18:36.126000
2024-05-19 14:26:16.432,OnTrack,-11917,-3777,828,pos,0 days 01:22:59.838000,0 days 02:18:36.446000
2024-05-19 14:26:16.633,OnTrack,-11965,-3905,828,pos,0 days 01:23:00.039000,0 days 02:18:36.647000
2024-05-19 14:26:16.852,OnTrack,-12019,-4048,828,pos,0 days 01:23:00.258000,0 days 02:18:36.866000
2024-05-19 14:26:17.092,OnTrack,-12114,-4301,829,pos,0 days 01:23:00.498000,0 days 02:18:37.106000
2024-05-19 14:26:17.591,OnTrack,-12206,-4546,830,pos,0 days 01:23:00.997000,0 days 02:18:37.605000
2024-05-19 14:26:17.672,OnTrack,-12227,-4601,830,pos,0 days 01:23:01.078000,0 days 02:18:37.686000
2024-05-19 14:26:18.012,OnTrack,-12347,-4923,831,pos,0 days 01:23:01.418000,0 days 02:18:38.026000
2024-05-19 14:26:18.272,OnTrack,-12385,-5022,831,pos,0 days 01:23:01.678000,0 days 02:18:38.286000
2024-05-19 14:26:18.592,OnTrack,-12471,-5252,832,pos,0 days 01:23:01.998000,0 days 02:18:38.606000
2024-05-19 14:26:18.732,OnTrack,-12509,-5353,832,pos,0 days 01:23:02.138000,0 days 02:18:38.746000
2024-05-19 14:26:19.012,OnTrack,-12624,-5659,833,pos,0 days 01:23:02.418000,0 days 02:18:39.026000
2024-05-19 14:26:19.312,OnTrack,-12668,-5777,833,pos,0 days 01:23:02.718000,0 days 02:18:39.326000
2024-05-19 14:26:19.472,OnTrack,-12712,-5894,833,pos,0 days 01:23:02.878000,0 days 02:18:39.486000
2024-05-19 14:26:19.752,OnTrack,-12791,-6100,834,pos,0 days 01:23:03.158000,0 days 02:18:39.766000
2024-05-19 14:26:19.932,OnTrack,-12843,-6232,835,pos,0 days 01:23:03.338000,0 days 02:18:39.946000
2024-05-19 14:26:20.252,OnTrack,-12940,-6464,835,pos,0 days 01:23:03.658000,0 days 02:18:40.266000
2024-05-19 14:26:20.432,OnTrack,-12995,-6595,835,pos,0 days 01:23:03.838000,0 days 02:18:40.446000
2024-05-19 14:26:20.592,OnTrack,-13044,-6711,836,pos,0 days 01:23:03.998000,0 days 02:18:40.606000
2024-05-19 14:26:20.852,OnTrack,-13136,-6964,837,pos,0 days 01:23:04.258000,0 days 02:18:40.866000
2024-05-19 14:26:21.292,OnTrack,-13161,-7249,838,pos,0 days 01:23:04.698000,0 days 02:18:41.306000
2024-05-19 14:26:21.713,OnTrack,-13130,-7456,840,pos,0 days 01:23:05.119000,0 days 02:18:41.727000
2024-05-19 14:26:21.812,OnTrack,-13116,-7518,840,pos,0 days 01:23:05.218000,0 days 02:18:41.826000
2024-05-19 14:26:21.973,OnTrack,-13093,-7613,841,pos,0 days 01:23:05.379000,0 days 02:18:41.987000
2024-05-19 14:26:22.293,OnTrack,-13052,-7787,842,pos,0 days 01:23:05.699000,0 days 02:18:42.307000
2024-05-19 14:26:22.492,OnTrack,-13032,-7885,843,pos,0 days 01:23:05.898000,0 days 02:18:42.506000
2024-05-19 14:26:22.652,OnTrack,-13024,-7959,843,pos,0 days 01:23:06.058000,0 days 02:18:42.666000
2024-05-19 14:26:22.932,OnTrack,-13044,-8112,844,pos,0 days 01:23:06.338000,0 days 02:18:42.946000
2024-05-19 14:26:23.212,OnTrack,-13085,-8189,845,pos,0 days 01:23:06.618000,0 days 02:18:43.226000
2024-05-19 14:26:23.452,OnTrack,-13159,-8272,847,pos,0 days 01:23:06.858000,0 days 02:18:43.466000
2024-05-19 14:26:23.652,OnTrack,-13233,-8337,847,pos,0 days 01:23:07.058000,0 days 02:18:43.666000
2024-05-19 14:26:23.872,OnTrack,-13312,-8407,848,pos,0 days 01:23:07.278000,0 days 02:18:43.886000
2024-05-19 14:26:24.152,OnTrack,-13415,-8493,850,pos,0 days 01:23:07.558000,0 days 02:18:44.166000
2024-05-19 14:26:24.371,OnTrack,-13515,-8578,851,pos,0 days 01:23:07.777000,0 days 02:18:44.385000
2024-05-19 14:26:24.651,OnTrack,-13610,-8659,852,pos,0 days 01:23:08.057000,0 days 02:18:44.665000
2024-05-19 14:26:24.911,OnTrack,-13779,-8802,855,pos,0 days 01:23:08.317000,0 days 02:18:44.925000
2024-05-19 14:26:25.232,OnTrack,-13827,-8842,856,pos,0 days 01:23:08.638000,0 days 02:18:45.246000
2024-05-19 14:26:25.452,OnTrack,-13927,-8926,858,pos,0 days 01:23:08.858000,0 days 02:18:45.466000
2024-05-19 14:26:25.652,OnTrack,-14025,-9013,860,pos,0 days 01:23:09.058000,0 days 02:18:45.666000
2024-05-19 14:26:25.852,OnTrack,-14117,-9102,863,pos,0 days 01:23:09.258000,0 days 02:18:45.866000
2024-05-19 14:26:26.172,OnTrack,-14260,-9244,869,pos,0 days 01:23:09.578000,0 days 02:18:46.186000
2024-05-19 14:26:26.412,OnTrack,-14432,-9415,877,pos,0 days 01:23:09.818000,0 days 02:18:46.426000
2024-05-19 14:26:26.832,OnTrack,-14559,-9533,883,pos,0 days 01:23:10.238000,0 days 02:18:46.846000
2024-05-19 14:26:26.932,OnTrack,-14600,-9572,885,pos,0 days 01:23:10.338000,0 days 02:18:46.946000
2024-05-19 14:26:27.232,OnTrack,-14753,-9724,892,pos,0 days 01:23:10.638000,0 days 02:18:47.246000
2024-05-19 14:26:27.512,OnTrack,-14792,-9769,894,pos,0 days 01:23:10.918000,0 days 02:18:47.526000
2024-05-19 14:26:27.772,OnTrack,-14852,-9851,897,pos,0 days 01:23:11.178000,0 days 02:18:47.786000
2024-05-19 14:26:27.932,OnTrack,-14879,-9902,899,pos,0 days 01:23:11.338000,0 days 02:18:47.946000
2024-05-19 14:26:28.092,OnTrack,-14899,-9953,901,pos,0 days 01:23:11.498000,0 days 02:18:48.106000
2024-05-19 14:26:28.452,OnTrack,-14913,-10101,906,pos,0 days 01:23:11.858000,0 days 02:18:48.466000
2024-05-19 14:26:28.853,OnTrack,-14874,-10210,912,pos,0 days 01:23:12.259000,0 days 02:18:48.867000
2024-05-19 14:26:29.133,OnTrack,-14848,-10246,915,pos,0 days 01:23:12.539000,0 days 02:18:49.147000
2024-05-19 14:26:29.313,OnTrack,-14814,-10281,917,pos,0 days 01:23:12.719000,0 days 02:18:49.327000
2024-05-19 14:26:29.633,OnTrack,-14748,-10330,921,pos,0 days 01:23:13.039000,0 days 02:18:49.647000
2024-05-19 14:26:29.832,OnTrack,-14704,-10353,923,pos,0 days 01:23:13.238000,0 days 02:18:49.846000
2024-05-19 14:26:30.031,OnTrack,-14656,-10371,925,pos,0 days 01:23:13.437000,0 days 02:18:50.045000
2024-05-19 14:26:30.292,OnTrack,-14591,-10386,929,pos,0 days 01:23:13.698000,0 days 02:18:50.306000
2024-05-19 14:26:30.492,OnTrack,-14503,-10395,934,pos,0 days 01:23:13.898000,0 days 02:18:50.506000
2024-05-19 14:26:30.832,OnTrack,-14438,-10395,937,pos,0 days 01:23:14.238000,0 days 02:18:50.846000
2024-05-19 14:26:31.112,OnTrack,-14320,-10385,943,pos,0 days 01:23:14.518000,0 days 02:18:51.126000
2024-05-19 14:26:31.492,OnTrack,-14186,-10366,949,pos,0 days 01:23:14.898000,0 days 02:18:51.506000
2024-05-19 14:26:31.772,OnTrack,-14119,-10354,951,pos,0 days 01:23:15.178000,0 days 02:18:51.786000
2024-05-19 14:26:32.152,OnTrack,-13942,-10320,960,pos,0 days 01:23:15.558000,0 days 02:18:52.166000
2024-05-19 14:26:32.552,OnTrack,-13774,-10285,967,pos,0 days 01:23:15.958000,0 days 02:18:52.566000
2024-05-19 14:26:32.792,OnTrack,-13612,-10252,974,pos,0 days 01:23:16.198000,0 days 02:18:52.806000
2024-05-19 14:26:33.212,OnTrack,-13417,-10217,982,pos,0 days 01:23:16.618000,0 days 02:18:53.226000
2024-05-19 14:26:33.452,OnTrack,-13292,-10195,986,pos,0 days 01:23:16.858000,0 days 02:18:53.466000
2024-05-19 14:26:33.673,OnTrack,-13163,-10172,991,pos,0 days 01:23:17.079000,0 days 02:18:53.687000
2024-05-19 14:26:34.032,OnTrack,-12944,-10135,998,pos,0 days 01:23:17.438000,0 days 02:18:54.046000
2024-05-19 14:26:34.072,OnTrack,-12920,-10131,999,pos,0 days 01:23:17.478000,0 days 02:18:54.086000
2024-05-19 14:26:34.412,OnTrack,-12651,-10090,1008,pos,0 days 01:23:17.818000,0 days 02:18:54.426000
2024-05-19 14:26:34.752,OnTrack,-12480,-10065,1014,pos,0 days 01:23:18.158000,0 days 02:18:54.766000
2024-05-19 14:26:34.972,OnTrack,-12331,-10044,1020,pos,0 days 01:23:18.378000,0 days 02:18:54.986000
2024-05-19 14:26:35.272,OnTrack,-12125,-10016,1031,pos,0 days 01:23:18.678000,0 days 02:18:55.286000
2024-05-19 14:26:35.472,OnTrack,-11900,-9985,1045,pos,0 days 01:23:18.878000,0 days 02:18:55.486000
2024-05-19 14:26:35.712,OnTrack,-11831,-9977,1050,pos,0 days 01:23:19.118000,0 days 02:18:55.726000
2024-05-19 14:26:35.953,OnTrack,-11659,-9958,1061,pos,0 days 01:23:19.359000,0 days 02:18:55.967000
2024-05-19 14:26:36.253,OnTrack,-11440,-9936,1075,pos,0 days 01:23:19.659000,0 days 02:18:56.267000
2024-05-19 14:26:36.493,OnTrack,-11174,-9921,1092,pos,0 days 01:23:19.899000,0 days 02:18:56.507000
2024-05-19 14:26:36.871,OnTrack,-10887,-9918,1109,pos,0 days 01:23:20.277000,0 days 02:18:56.885000
2024-05-19 14:26:37.272,OnTrack,-10674,-9926,1118,pos,0 days 01:23:20.678000,0 days 02:18:57.286000
2024-05-19 14:26:37.592,OnTrack,-10370,-9953,1122,pos,0 days 01:23:20.998000,0 days 02:18:57.606000
2024-05-19 14:26:37.952,OnTrack,-10156,-9977,1121,pos,0 days 01:23:21.358000,0 days 02:18:57.966000
2024-05-19 14:26:38.152,OnTrack,-10003,-9994,1120,pos,0 days 01:23:21.558000,0 days 02:18:58.166000
2024-05-19 14:26:38.392,OnTrack,-9821,-10016,1119,pos,0 days 01:23:21.798000,0 days 02:18:58.406000
2024-05-19 14:26:38.551,OnTrack,-9593,-10041,1117,pos,0 days 01:23:21.957000,0 days 02:18:58.565000
2024-05-19 14:26:38.872,OnTrack,-9460,-10055,1116,pos,0 days 01:23:22.278000,0 days 02:18:58.886000
2024-05-19 14:26:39.112,OnTrack,-9295,-10069,1115,pos,0 days 01:23:22.518000,0 days 02:18:59.126000
2024-05-19 14:26:39.352,OnTrack,-9157,-10070,1114,pos,0 days 01:23:22.758000,0 days 02:18:59.366000
2024-05-19 14:26:39.512,OnTrack,-9064,-10062,1114,pos,0 days 01:23:22.918000,0 days 02:18:59.526000
2024-05-19 14:26:39.673,OnTrack,-8977,-10042,1114,pos,0 days 01:23:23.079000,0 days 02:18:59.687000
2024-05-19 14:26:40.032,OnTrack,-8795,-9957,1113,pos,0 days 01:23:23.438000,0 days 02:19:00.046000
2024-05-19 14:26:40.213,OnTrack,-8687,-9863,1109,pos,0 days 01:23:23.619000,0 days 02:19:00.227000
2024-05-19 14:26:40.532,OnTrack,-8604,-9753,1106,pos,0 days 01:23:23.938000,0 days 02:19:00.546000
2024-05-19 14:26:40.852,OnTrack,-8513,-9584,1100,pos,0 days 01:23:24.258000,0 days 02:19:00.866000
2024-05-19 14:26:41.012,OnTrack,-8470,-9499,1097,pos,0 days 01:23:24.418000,0 days 02:19:01.026000
2024-05-19 14:26:41.252,OnTrack,-8407,-9367,1093,pos,0 days 01:23:24.658000,0 days 02:19:01.266000
2024-05-19 14:26:41.452,OnTrack,-8358,-9253,1089,pos,0 days 01:23:24.858000,0 days 02:19:01.466000
2024-05-19 14:26:41.633,OnTrack,-8298,-9073,1083,pos,0 days 01:23:25.039000,0 days 02:19:01.647000
2024-05-19 14:26:41.933,OnTrack,-8271,-8958,1079,pos,0 days 01:23:25.339000,0 days 02:19:01.947000
2024-05-19 14:26:42.153,OnTrack,-8248,-8814,1071,pos,0 days 01:23:25.559000,0 days 02:19:02.167000
2024-05-19 14:26:42.493,OnTrack,-8237,-8584,1059,pos,0 days 01:23:25.899000,0 days 02:19:02.507000
2024-05-19 14:26:42.733,OnTrack,-8245,-8417,1048,pos,0 days 01:23:26.139000,0 days 02:19:02.747000
2024-05-19 14:26:42.892,OnTrack,-8259,-8283,1037,pos,0 days 01:23:26.298000,0 days 02:19:02.906000
2024-05-19 14:26:43.212,OnTrack,-8285,-8098,1020,pos,0 days 01:23:26.618000,0 days 02:19:03.226000
2024-05-19 14:26:43.451,OnTrack,-8316,-7925,1004,pos,0 days 01:23:26.857000,0 days 02:19:03.465000
2024-05-19 14:26:43.691,OnTrack,-8373,-7664,983,pos,0 days 01:23:27.097000,0 days 02:19:03.705000
2024-05-19 14:26:44.132,OnTrack,-8428,-7429,968,pos,0 days 01:23:27.538000,0 days 02:19:04.146000
2024-05-19 14:26:44.372,OnTrack,-8478,-7206,954,pos,0 days 01:23:27.778000,0 days 02:19:04.386000
2024-05-19 14:26:44.752,OnTrack,-8557,-6861,937,pos,0 days 01:23:28.158000,0 days 02:19:04.766000
2024-05-19 14:26:45.112,OnTrack,-8594,-6696,928,pos,0 days 01:23:28.518000,0 days 02:19:05.126000
2024-05-19 14:26:45.392,OnTrack,-8637,-6486,917,pos,0 days 01:23:28.798000,0 days 02:19:05.406000
2024-05-19 14:26:45.452,OnTrack,-8644,-6441,915,pos,0 days 01:23:28.858000,0 days 02:19:05.466000
2024-05-19 14:26:45.772,OnTrack,-8640,-6162,903,pos,0 days 01:23:29.178000,0 days 02:19:05.786000
2024-05-19 14:26:46.112,OnTrack,-8580,-5980,899,pos,0 days 01:23:29.518000,0 days 02:19:06.126000
2024-05-19 14:26:46.312,OnTrack,-8518,-5852,897,pos,0 days 01:23:29.718000,0 days 02:19:06.326000
2024-05-19 14:26:46.632,OnTrack,-8411,-5661,897,pos,0 days 01:23:30.038000,0 days 02:19:06.646000
2024-05-19 14:26:46.952,OnTrack,-8336,-5543,898,pos,0 days 01:23:30.358000,0 days 02:19:06.966000
2024-05-19 14:26:47.112,OnTrack,-8293,-5486,900,pos,0 days 01:23:30.518000,0 days 02:19:07.126000
2024-05-19 14:26:47.333,OnTrack,-8231,-5419,903,pos,0 days 01:23:30.739000,0 days 02:19:07.347000
2024-05-19 14:26:47.573,OnTrack,-8159,-5365,905,pos,0 days 01:23:30.979000,0 days 02:19:07.587000
2024-05-19 14:26:47.792,OnTrack,-8088,-5336,908,pos,0 days 01:23:31.198000,0 days 02:19:07.806000
2024-05-19 14:26:47.952,OnTrack,-8034,-5326,910,pos,0 days 01:23:31.358000,0 days 02:19:07.966000
2024-05-19 14:26:48.272,OnTrack,-7923,-5335,920,pos,0 days 01:23:31.678000,0 days 02:19:08.286000
2024-05-19 14:26:48.492,OnTrack,-7801,-5363,930,pos,0 days 01:23:31.898000,0 days 02:19:08.506000
2024-05-19 14:26:48.733,OnTrack,-7767,-5373,933,pos,0 days 01:23:32.139000,0 days 02:19:08.747000
2024-05-19 14:26:48.933,OnTrack,-7699,-5391,940,pos,0 days 01:23:32.339000,0 days 02:19:08.947000
2024-05-19 14:26:49.273,OnTrack,-7575,-5417,951,pos,0 days 01:23:32.679000,0 days 02:19:09.287000
2024-05-19 14:26:49.493,OnTrack,-7487,-5430,959,pos,0 days 01:23:32.899000,0 days 02:19:09.507000
2024-05-19 14:26:49.672,OnTrack,-7411,-5437,966,pos,0 days 01:23:33.078000,0 days 02:19:09.686000
2024-05-19 14:26:49.911,OnTrack,-7312,-5442,974,pos,0 days 01:23:33.317000,0 days 02:19:09.925000
2024-05-19 14:26:50.132,OnTrack,-7208,-5443,982,pos,0 days 01:23:33.538000,0 days 02:19:10.146000
2024-05-19 14:26:50.292,OnTrack,-7070,-5443,993,pos,0 days 01:23:33.698000,0 days 02:19:10.306000
2024-05-19 14:26:50.612,OnTrack,-6967,-5442,1000,pos,0 days 01:23:34.018000,0 days 02:19:10.626000
2024-05-19 14:26:50.812,OnTrack,-6859,-5441,1007,pos,0 days 01:23:34.218000,0 days 02:19:10.826000
2024-05-19 14:26:51.152,OnTrack,-6600,-5438,1020,pos,0 days 01:23:34.558000,0 days 02:19:11.166000
2024-05-19 14:26:51.432,OnTrack,-6504,-5438,1024,pos,0 days 01:23:34.838000,0 days 02:19:11.446000
2024-05-19 14:26:51.752,OnTrack,-6308,-5436,1031,pos,0 days 01:23:35.158000,0 days 02:19:11.766000
2024-05-19 14:26:51.952,OnTrack,-6181,-5435,1035,pos,0 days 01:23:35.358000,0 days 02:19:11.966000
2024-05-19 14:26:52.152,OnTrack,-6052,-5434,1038,pos,0 days 01:23:35.558000,0 days 02:19:12.166000
2024-05-19 14:26:52.392,OnTrack,-5894,-5432,1043,pos,0 days 01:23:35.798000,0 days 02:19:12.406000
2024-05-19 14:26:52.532,OnTrack,-5800,-5432,1045,pos,0 days 01:23:35.938000,0 days 02:19:12.546000
2024-05-19 14:26:52.772,OnTrack,-5637,-5430,1050,pos,0 days 01:23:36.178000,0 days 02:19:12.786000
2024-05-19 14:26:53.013,OnTrack,-5416,-5428,1056,pos,0 days 01:23:36.419000,0 days 02:19:13.027000
2024-05-19 14:26:53.432,OnTrack,-5176,-5421,1063,pos,0 days 01:23:36.838000,0 days 02:19:13.446000
2024-05-19 14:26:53.532,OnTrack,-5106,-5416,1065,pos,0 days 01:23:36.938000,0 days 02:19:13.546000
2024-05-19 14:26:53.813,OnTrack,-4832,-5393,1073,pos,0 days 01:23:37.219000,0 days 02:19:13.827000
2024-05-19 14:26:54.093,OnTrack,-4704,-5381,1076,pos,0 days 01:23:37.499000,0 days 02:19:14.107000
2024-05-19 14:26:54.452,OnTrack,-4374,-5353,1082,pos,0 days 01:23:37.858000,0 days 02:19:14.466000
2024-05-19 14:26:54.792,OnTrack,-4202,-5339,1083,pos,0 days 01:23:38.198000,0 days 02:19:14.806000
2024-05-19 14:26:54.993,OnTrack,-4057,-5327,1084,pos,0 days 01:23:38.399000,0 days 02:19:15.007000
2024-05-19 14:26:55.152,OnTrack,-3943,-5317,1085,pos,0 days 01:23:38.558000,0 days 02:19:15.166000
2024-05-19 14:26:55.332,OnTrack,-3821,-5307,1086,pos,0 days 01:23:38.738000,0 days 02:19:15.346000
2024-05-19 14:26:55.652,OnTrack,-3629,-5292,1087,pos,0 days 01:23:39.058000,0 days 02:19:15.666000
2024-05-19 14:26:55.852,OnTrack,-3467,-5280,1088,pos,0 days 01:23:39.258000,0 days 02:19:15.866000
2024-05-19 14:26:56.252,OnTrack,-3344,-5273,1090,pos,0 days 01:23:39.658000,0 days 02:19:16.266000
2024-05-19 14:26:56.511,OnTrack,-3254,-5275,1091,pos,0 days 01:23:39.917000,0 days 02:19:16.525000
2024-05-19 14:26:56.731,OnTrack,-3164,-5303,1093,pos,0 days 01:23:40.137000,0 days 02:19:16.745000
2024-05-19 14:26:57.112,OnTrack,-3085,-5369,1096,pos,0 days 01:23:40.518000,0 days 02:19:17.126000
2024-05-19 14:26:57.271,OnTrack,-3046,-5412,1096,pos,0 days 01:23:40.677000,0 days 02:19:17.285000
2024-05-19 14:26:57.452,OnTrack,-3004,-5457,1096,pos,0 days 01:23:40.858000,0 days 02:19:17.466000
2024-05-19 14:26:57.632,OnTrack,-2963,-5495,1096,pos,0 days 01:23:41.038000,0 days 02:19:17.646000
2024-05-19 14:26:57.892,OnTrack,-2866,-5550,1096,pos,0 days 01:23:41.298000,0 days 02:19:17.906000
2024-05-19 14:26:58.352,OnTrack,-2779,-5563,1094,pos,0 days 01:23:41.758000,0 days 02:19:18.366000
2024-05-19 14:26:58.572,OnTrack,-2718,-5554,1093,pos,0 days 01:23:41.978000,0 days 02:19:18.586000
2024-05-19 14:26:58.772,OnTrack,-2640,-5534,1091,pos,0 days 01:23:42.178000,0 days 02:19:18.786000
2024-05-19 14:26:59.112,OnTrack,-2569,-5510,1089,pos,0 days 01:23:42.518000,0 days 02:19:19.126000
2024-05-19 14:26:59.372,OnTrack,-2495,-5482,1088,pos,0 days 01:23:42.778000,0 days 02:19:19.386000
2024-05-19 14:26:59.592,OnTrack,-2430,-5454,1086,pos,0 days 01:23:42.998000,0 days 02:19:19.606000
2024-05-19 14:26:59.872,OnTrack,-2307,-5396,1084,pos,0 days 01:23:43.278000,0 days 02:19:19.886000
2024-05-19 14:27:00.252,OnTrack,-2206,-5345,1081,pos,0 days 01:23:43.658000,0 days 02:19:20.266000
2024-05-19 14:27:00.472,OnTrack,-2121,-5300,1079,pos,0 days 01:23:43.878000,0 days 02:19:20.486000
2024-05-19 14:27:00.633,OnTrack,-2055,-5265,1078,pos,0 days 01:23:44.039000,0 days 02:19:20.647000
2024-05-19 14:27:00.852,OnTrack,-1959,-5214,1076,pos,0 days 01:23:44.258000,0 days 02:19:20.866000
2024-05-19 14:27:01.072,OnTrack,-1858,-5161,1074,pos,0 days 01:23:44.478000,0 days 02:19:21.086000
2024-05-19 14:27:01.272,OnTrack,-1763,-5112,1072,pos,0 days 01:23:44.678000,0 days 02:19:21.286000
2024-05-19 14:27:01.433,OnTrack,-1684,-5071,1070,pos,0 days 01:23:44.839000,0 days 02:19:21.447000
2024-05-19 14:27:01.612,OnTrack,-1592,-5026,1068,pos,0 days 01:23:45.018000,0 days 02:19:21.626000
2024-05-19 14:27:01.952,OnTrack,-1354,-4916,1064,pos,0 days 01:23:45.358000,0 days 02:19:21.966000
2024-05-19 14:27:02.253,OnTrack,-1240,-4864,1062,pos,0 days 01:23:45.659000,0 days 02:19:22.267000
2024-05-19 14:27:02.533,OnTrack,-1080,-4784,1059,pos,0 days 01:23:45.939000,0 days 02:19:22.547000
2024-05-19 14:27:02.633,OnTrack,-1022,-4753,1058,pos,0 days 01:23:46.039000,0 days 02:19:22.647000
2024-05-19 14:27:02.952,OnTrack,-759,-4591,1051,pos,0 days 01:23:46.358000,0 days 02:19:22.966000
2024-05-19 14:27:03.372,OnTrack,-531,-4432,1044,pos,0 days 01:23:46.778000,0 days 02:19:23.386000
2024-05-19 14:27:04.212,OnTrack,-74,-4072,1031,pos,0 days 01:23:47.618000,0 days 02:19:24.226000
2024-05-19 14:27:04.651,OnTrack,133,-3877,1025,pos,0 days 01:23:48.057000,0 days 02:19:24.665000
2024-05-19 14:27:04.892,OnTrack,293,-3710,1020,pos,0 days 01:23:48.298000,0 days 02:19:24.906000
2024-05-19 14:27:05.052,OnTrack,376,-3619,1018,pos,0 days 01:23:48.458000,0 days 02:19:25.066000
2024-05-19 14:27:05.292,OnTrack,542,-3435,1010,pos,0 days 01:23:48.698000,0 days 02:19:25.306000
2024-05-19 14:27:05.572,OnTrack,647,-3318,1004,pos,0 days 01:23:48.978000,0 days 02:19:25.586000
2024-05-19 14:27:05.872,OnTrack,848,-3095,992,pos,0 days 01:23:49.278000,0 days 02:19:25.886000
2024-05-19 14:27:06.212,OnTrack,987,-2941,980,pos,0 days 01:23:49.618000,0 days 02:19:26.226000
2024-05-19 14:27:06.472,OnTrack,1128,-2786,969,pos,0 days 01:23:49.878000,0 days 02:19:26.486000
2024-05-19 14:27:06.633,OnTrack,1215,-2690,962,pos,0 days 01:23:50.039000,0 days 02:19:26.647000
2024-05-19 14:27:06.752,OnTrack,1281,-2618,955,pos,0 days 01:23:50.158000,0 days 02:19:26.766000
2024-05-19 14:27:07.032,OnTrack,1523,-2381,934,pos,0 days 01:23:50.438000,0 days 02:19:27.046000
2024-05-19 14:27:07.453,OnTrack,1733,-2228,917,pos,0 days 01:23:50.859000,0 days 02:19:27.467000
2024-05-19 14:27:07.652,OnTrack,1876,-2149,905,pos,0 days 01:23:51.058000,0 days 02:19:27.666000
2024-05-19 14:27:07.812,OnTrack,1988,-2099,897,pos,0 days 01:23:51.218000,0 days 02:19:27.826000
2024-05-19 14:27:08.152,OnTrack,2336,-1959,869,pos,0 days 01:23:51.558000,0 days 02:19:28.166000
2024-05-19 14:27:08.472,OnTrack,2477,-1902,858,pos,0 days 01:23:51.878000,0 days 02:19:28.486000
2024-05-19 14:27:08.712,OnTrack,2626,-1841,848,pos,0 days 01:23:52.118000,0 days 02:19:28.726000
2024-05-19 14:27:09.012,OnTrack,2805,-1768,834,pos,0 days 01:23:52.418000,0 days 02:19:29.026000
2024-05-19 14:27:09.353,OnTrack,2938,-1709,826,pos,0 days 01:23:52.759000,0 days 02:19:29.367000
2024-05-19 14:27:09.632,OnTrack,3026,-1660,821,pos,0 days 01:23:53.038000,0 days 02:19:29.646000
2024-05-19 14:27:09.672,OnTrack,3038,-1653,819,pos,0 days 01:23:53.078000,0 days 02:19:29.686000
2024-05-19 14:27:09.872,OnTrack,3093,-1606,816,pos,0 days 01:23:53.278000,0 days 02:19:29.886000
2024-05-19 14:27:10.232,OnTrack,3160,-1507,810,pos,0 days 01:23:53.638000,0 days 02:19:30.246000
2024-05-19 14:27:10.412,OnTrack,3179,-1452,808,pos,0 days 01:23:53.818000,0 days 02:19:30.426000
2024-05-19 14:27:10.611,OnTrack,3189,-1389,805,pos,0 days 01:23:54.017000,0 days 02:19:30.625000
2024-05-19 14:27:10.712,OnTrack,3190,-1357,804,pos,0 days 01:23:54.118000,0 days 02:19:30.726000
2024-05-19 14:27:10.972,OnTrack,3182,-1276,801,pos,0 days 01:23:54.378000,0 days 02:19:30.986000
2024-05-19 14:27:11.211,OnTrack,3167,-1203,799,pos,0 days 01:23:54.617000,0 days 02:19:31.225000
2024-05-19 14:27:11.372,OnTrack,3154,-1154,798,pos,0 days 01:23:54.778000,0 days 02:19:31.386000
2024-05-19 14:27:11.632,OnTrack,3128,-1073,796,pos,0 days 01:23:55.038000,0 days 02:19:31.646000
2024-05-19 14:27:11.712,OnTrack,3120,-1047,795,pos,0 days 01:23:55.118000,0 days 02:19:31.726000
2024-05-19 14:27:12.031,OnTrack,3083,-941,794,pos,0 days 01:23:55.437000,0 days 02:19:32.045000
2024-05-19 14:27:12.272,OnTrack,3029,-810,793,pos,0 days 01:23:55.678000,0 days 02:19:32.286000
2024-05-19 14:27:12.593,OnTrack,2991,-733,791,pos,0 days 01:23:55.999000,0 days 02:19:32.607000
2024-05-19 14:27:12.792,OnTrack,2948,-654,791,pos,0 days 01:23:56.198000,0 days 02:19:32.806000
2024-05-19 14:27:13.052,OnTrack,2843,-514,789,pos,0 days 01:23:56.458000,0 days 02:19:33.066000
2024-05-19 14:27:13.392,OnTrack,2784,-463,788,pos,0 days 01:23:56.798000,0 days 02:19:33.406000
2024-05-19 14:27:13.733,OnTrack,2670,-401,787,pos,0 days 01:23:57.139000,0 days 02:19:33.747000
2024-05-19 14:27:13.792,OnTrack,2649,-393,787,pos,0 days 01:23:57.198000,0 days 02:19:33.806000
2024-05-19 14:27:14.072,OnTrack,2511,-364,786,pos,0 days 01:23:57.478000,0 days 02:19:34.086000
2024-05-19 14:27:14.513,OnTrack,2385,-360,786,pos,0 days 01:23:57.919000,0 days 02:19:34.527000
2024-05-19 14:27:14.632,OnTrack,2340,-363,786,pos,0 days 01:23:58.038000,0 days 02:19:34.646000
2024-05-19 14:27:14.833,OnTrack,2264,-375,785,pos,0 days 01:23:58.239000,0 days 02:19:34.847000
2024-05-19 14:27:15.153,OnTrack,2093,-430,783,pos,0 days 01:23:58.559000,0 days 02:19:35.167000
2024-05-19 14:27:15.472,OnTrack,2013,-466,782,pos,0 days 01:23:58.878000,0 days 02:19:35.486000
2024-05-19 14:27:15.653,OnTrack,1938,-501,781,pos,0 days 01:23:59.059000,0 days 02:19:35.667000
2024-05-19 14:27:15.953,OnTrack,1787,-571,780,pos,0 days 01:23:59.359000,0 days 02:19:35.967000
2024-05-19 14:27:16.291,OnTrack,1603,-655,778,pos,0 days 01:23:59.697000,0 days 02:19:36.305000
2024-05-19 14:27:16.772,OnTrack,1428,-734,778,pos,0 days 01:24:00.178000,0 days 02:19:36.786000
2024-05-19 14:27:16.871,OnTrack,1374,-758,778,pos,0 days 01:24:00.277000,0 days 02:19:36.885000
2024-05-19 14:27:17.032,OnTrack,1287,-798,778,pos,0 days 01:24:00.438000,0 days 02:19:37.046000
2024-05-19 14:27:17.252,OnTrack,1164,-854,778,pos,0 days 01:24:00.658000,0 days 02:19:37.266000
2024-05-19 14:27:17.612,OnTrack,935,-957,778,pos,0 days 01:24:01.018000,0 days 02:19:37.626000
2024-05-19 14:27:17.972,OnTrack,742,-1040,779,pos,0 days 01:24:01.378000,0 days 02:19:37.986000
2024-05-19 14:27:18.252,OnTrack,527,-1130,780,pos,0 days 01:24:01.658000,0 days 02:19:38.266000
2024-05-19 14:27:18.652,OnTrack,308,-1222,781,pos,0 days 01:24:02.058000,0 days 02:19:38.666000
2024-05-19 14:27:18.812,OnTrack,151,-1288,781,pos,0 days 01:24:02.218000,0 days 02:19:38.826000
2024-05-19 14:27:19.133,OnTrack,-8,-1355,781,pos,0 days 01:24:02.539000,0 days 02:19:39.147000
2024-05-19 14:27:19.452,OnTrack,-226,-1439,782,pos,0 days 01:24:02.858000,0 days 02:19:39.466000
2024-05-19 14:27:19.632,OnTrack,-352,-1480,782,pos,0 days 01:24:03.038000,0 days 02:19:39.646000
2024-05-19 14:27:19.812,OnTrack,-482,-1516,783,pos,0 days 01:24:03.218000,0 days 02:19:39.826000
2024-05-19 14:27:20.012,OnTrack,-718,-1563,783,pos,0 days 01:24:03.418000,0 days 02:19:40.026000
2024-05-19 14:27:20.392,OnTrack,-946,-1582,784,pos,0 days 01:24:03.798000,0 days 02:19:40.406000
2024-05-19 14:27:20.672,OnTrack,-1184,-1591,784,pos,0 days 01:24:04.078000,0 days 02:19:40.686000
2024-05-19 14:27:20.892,OnTrack,-1331,-1595,785,pos,0 days 01:24:04.298000,0 days 02:19:40.906000
2024-05-19 14:27:21.053,OnTrack,-1457,-1602,785,pos,0 days 01:24:04.459000,0 days 02:19:41.067000
2024-05-19 14:27:21.212,OnTrack,-1584,-1610,786,pos,0 days 01:24:04.618000,0 days 02:19:41.226000
2024-05-19 14:27:21.393,OnTrack,-1727,-1618,787,pos,0 days 01:24:04.799000,0 days 02:19:41.407000
2024-05-19 14:27:21.573,OnTrack,-1872,-1626,787,pos,0 days 01:24:04.979000,0 days 02:19:41.587000
2024-05-19 14:27:21.772,OnTrack,-2033,-1635,788,pos,0 days 01:24:05.178000,0 days 02:19:41.786000
2024-05-19 14:27:22.012,OnTrack,-2228,-1646,789,pos,0 days 01:24:05.418000,0 days 02:19:42.026000
2024-05-19 14:27:22.332,OnTrack,-2587,-1666,790,pos,0 days 01:24:05.738000,0 days 02:19:42.346000
2024-05-19 14:27:22.572,OnTrack,-2685,-1670,791,pos,0 days 01:24:05.978000,0 days 02:19:42.586000
2024-05-19 14:27:22.911,OnTrack,-2967,-1678,792,pos,0 days 01:24:06.317000,0 days 02:19:42.925000
2024-05-19 14:27:23.151,OnTrack,-3167,-1685,793,pos,0 days 01:24:06.557000,0 days 02:19:43.165000
2024-05-19 14:27:23.352,OnTrack,-3334,-1692,793,pos,0 days 01:24:06.758000,0 days 02:19:43.366000
2024-05-19 14:27:23.552,OnTrack,-3501,-1696,794,pos,0 days 01:24:06.958000,0 days 02:19:43.566000
2024-05-19 14:27:23.711,OnTrack,-3635,-1694,795,pos,0 days 01:24:07.117000,0 days 02:19:43.725000
2024-05-19 14:27:23.991,OnTrack,-3869,-1678,796,pos,0 days 01:24:07.397000,0 days 02:19:44.005000
2024-05-19 14:27:24.011,OnTrack,-3886,-1676,796,pos,0 days 01:24:07.417000,0 days 02:19:44.025000
2024-05-19 14:27:24.372,OnTrack,-4223,-1620,798,pos,0 days 01:24:07.778000,0 days 02:19:44.386000
2024-05-19 14:27:24.652,OnTrack,-4424,-1576,799,pos,0 days 01:24:08.058000,0 days 02:19:44.666000
2024-05-19 14:27:24.912,OnTrack,-4642,-1524,800,pos,0 days 01:24:08.318000,0 days 02:19:44.926000
2024-05-19 14:27:25.152,OnTrack,-4843,-1475,802,pos,0 days 01:24:08.558000,0 days 02:19:45.166000
2024-05-19 14:27:25.332,OnTrack,-4993,-1437,803,pos,0 days 01:24:08.738000,0 days 02:19:45.346000
2024-05-19 14:27:25.492,OnTrack,-5127,-1405,804,pos,0 days 01:24:08.898000,0 days 02:19:45.506000
2024-05-19 14:27:25.672,OnTrack,-5277,-1368,805,pos,0 days 01:24:09.078000,0 days 02:19:45.686000
2024-05-19 14:27:26.012,OnTrack,-5665,-1288,809,pos,0 days 01:24:09.418000,0 days 02:19:46.026000
2024-05-19 14:27:26.432,OnTrack,-5923,-1254,811,pos,0 days 01:24:09.838000,0 days 02:19:46.446000
2024-05-19 14:27:26.652,OnTrack,-6114,-1239,812,pos,0 days 01:24:10.058000,0 days 02:19:46.666000
2024-05-19 14:27:26.832,OnTrack,-6271,-1233,814,pos,0 days 01:24:10.238000,0 days 02:19:46.846000
2024-05-19 14:27:27.073,OnTrack,-6515,-1230,814,pos,0 days 01:24:10.479000,0 days 02:19:47.087000
2024-05-19 14:27:27.452,OnTrack,-6931,-1234,816,pos,0 days 01:24:10.858000,0 days 02:19:47.466000
2024-05-19 14:27:27.853,OnTrack,-7225,-1246,817,pos,0 days 01:24:11.259000,0 days 02:19:47.867000
2024-05-19 14:27:28.252,OnTrack,-7500,-1267,818,pos,0 days 01:24:11.658000,0 days 02:19:48.266000
2024-05-19 14:27:28.512,OnTrack,-7807,-1299,818,pos,0 days 01:24:11.918000,0 days 02:19:48.526000
2024-05-19 14:27:28.792,OnTrack,-8016,-1324,818,pos,0 days 01:24:12.198000,0 days 02:19:48.806000
2024-05-19 14:27:29.112,OnTrack,-8306,-1363,819,pos,0 days 01:24:12.518000,0 days 02:19:49.126000
2024-05-19 14:27:29.233,OnTrack,-8407,-1376,819,pos,0 days 01:24:12.639000,0 days 02:19:49.247000
2024-05-19 14:27:29.492,OnTrack,-8626,-1407,819,pos,0 days 01:24:12.898000,0 days 02:19:49.506000
2024-05-19 14:27:29.732,OnTrack,-8928,-1449,819,pos,0 days 01:24:13.138000,0 days 02:19:49.746000
2024-05-19 14:27:30.112,OnTrack,-9144,-1485,819,pos,0 days 01:24:13.518000,0 days 02:19:50.126000
2024-05-19 14:27:30.332,OnTrack,-9323,-1525,819,pos,0 days 01:24:13.738000,0 days 02:19:50.346000
2024-05-19 14:27:30.572,OnTrack,-9513,-1579,819,pos,0 days 01:24:13.978000,0 days 02:19:50.586000
2024-05-19 14:27:30.791,OnTrack,-9750,-1654,819,pos,0 days 01:24:14.197000,0 days 02:19:50.805000
2024-05-19 14:27:31.071,OnTrack,-9847,-1685,818,pos,0 days 01:24:14.477000,0 days 02:19:51.085000
2024-05-19 14:27:31.332,OnTrack,-9990,-1730,818,pos,0 days 01:24:14.738000,0 days 02:19:51.346000
2024-05-19 14:27:31.492,OnTrack,-10070,-1754,819,pos,0 days 01:24:14.898000,0 days 02:19:51.506000
2024-05-19 14:27:31.712,OnTrack,-10189,-1795,818,pos,0 days 01:24:15.118000,0 days 02:19:51.726000
2024-05-19 14:27:32.232,OnTrack,-10315,-1885,818,pos,0 days 01:24:15.638000,0 days 02:19:52.246000
2024-05-19 14:27:32.412,OnTrack,-10371,-1981,818,pos,0 days 01:24:15.818000,0 days 02:19:52.426000
2024-05-19 14:27:32.733,OnTrack,-10399,-2067,818,pos,0 days 01:24:16.139000,0 days 02:19:52.747000
2024-05-19 14:27:32.872,OnTrack,-10414,-2123,819,pos,0 days 01:24:16.278000,0 days 02:19:52.886000
2024-05-19 14:27:33.252,OnTrack,-10478,-2300,819,pos,0 days 01:24:16.658000,0 days 02:19:53.266000
2024-05-19 14:27:33.492,OnTrack,-10514,-2359,818,pos,0 days 01:24:16.898000,0 days 02:19:53.506000
2024-05-19 14:27:33.812,OnTrack,-10646,-2495,818,pos,0 days 01:24:17.218000,0 days 02:19:53.826000
2024-05-19 14:27:34.232,OnTrack,-10817,-2610,820,pos,0 days 01:24:17.638000,0 days 02:19:54.246000
2024-05-19 14:27:34.673,OnTrack,-10994,-2714,821,pos,0 days 01:24:18.079000,0 days 02:19:54.687000
2024-05-19 14:27:35.072,OnTrack,-11129,-2792,822,pos,0 days 01:24:18.478000,0 days 02:19:55.086000
2024-05-19 14:27:35.293,OnTrack,-11290,-2887,824,pos,0 days 01:24:18.699000,0 days 02:19:55.307000
2024-05-19 14:27:35.652,OnTrack,-11407,-2962,824,pos,0 days 01:24:19.058000,0 days 02:19:55.666000
2024-05-19 14:27:35.951,OnTrack,-11547,-3072,825,pos,0 days 01:24:19.357000,0 days 02:19:55.965000
2024-05-19 14:27:36.092,OnTrack,-11606,-3133,825,pos,0 days 01:24:19.498000,0 days 02:19:56.106000
2024-05-19 14:27:36.292,OnTrack,-11681,-3232,825,pos,0 days 01:24:19.698000,0 days 02:19:56.306000
2024-05-19 14:27:36.572,OnTrack,-11788,-3440,826,pos,0 days 01:24:19.978000,0 days 02:19:56.586000
2024-05-19 14:27:36.872,OnTrack,-11841,-3575,827,pos,0 days 01:24:20.278000,0 days 02:19:56.886000
2024-05-19 14:27:37.172,OnTrack,-11912,-3764,828,pos,0 days 01:24:20.578000,0 days 02:19:57.186000
2024-05-19 14:27:37.232,OnTrack,-11926,-3802,828,pos,0 days 01:24:20.638000,0 days 02:19:57.246000
2024-05-19 14:27:37.611,OnTrack,-12048,-4127,829,pos,0 days 01:24:21.017000,0 days 02:19:57.625000
2024-05-19 14:27:37.832,OnTrack,-12073,-4193,829,pos,0 days 01:24:21.238000,0 days 02:19:57.846000
2024-05-19 14:27:38.072,OnTrack,-12134,-4355,830,pos,0 days 01:24:21.478000,0 days 02:19:58.086000
2024-05-19 14:27:38.272,OnTrack,-12185,-4492,830,pos,0 days 01:24:21.678000,0 days 02:19:58.286000
2024-05-19 14:27:38.572,OnTrack,-12263,-4700,830,pos,0 days 01:24:21.978000,0 days 02:19:58.586000
2024-05-19 14:27:38.852,OnTrack,-12359,-4953,831,pos,0 days 01:24:22.258000,0 days 02:19:58.866000
2024-05-19 14:27:39.112,OnTrack,-12406,-5081,832,pos,0 days 01:24:22.518000,0 days 02:19:59.126000
2024-05-19 14:27:39.352,OnTrack,-12472,-5254,832,pos,0 days 01:24:22.758000,0 days 02:19:59.366000
2024-05-19 14:27:39.553,OnTrack,-12526,-5400,832,pos,0 days 01:24:22.959000,0 days 02:19:59.567000
2024-05-19 14:27:39.712,OnTrack,-12569,-5516,833,pos,0 days 01:24:23.118000,0 days 02:19:59.726000
2024-05-19 14:27:39.912,OnTrack,-12625,-5662,833,pos,0 days 01:24:23.318000,0 days 02:19:59.926000
2024-05-19 14:27:40.252,OnTrack,-12719,-5912,833,pos,0 days 01:24:23.658000,0 days 02:20:00.266000
2024-05-19 14:27:40.472,OnTrack,-12780,-6073,834,pos,0 days 01:24:23.878000,0 days 02:20:00.486000
2024-05-19 14:27:40.693,OnTrack,-12874,-6308,835,pos,0 days 01:24:24.099000,0 days 02:20:00.707000
2024-05-19 14:27:40.933,OnTrack,-12917,-6409,835,pos,0 days 01:24:24.339000,0 days 02:20:00.947000
2024-05-19 14:27:41.173,OnTrack,-12990,-6584,835,pos,0 days 01:24:24.579000,0 days 02:20:01.187000
2024-05-19 14:27:41.473,OnTrack,-13080,-6800,836,pos,0 days 01:24:24.879000,0 days 02:20:01.487000
2024-05-19 14:27:41.652,OnTrack,-13124,-6924,837,pos,0 days 01:24:25.058000,0 days 02:20:01.666000
2024-05-19 14:27:41.813,OnTrack,-13149,-7026,837,pos,0 days 01:24:25.219000,0 days 02:20:01.827000
2024-05-19 14:27:42.073,OnTrack,-13163,-7192,838,pos,0 days 01:24:25.479000,0 days 02:20:02.087000
2024-05-19 14:27:42.232,OnTrack,-13157,-7293,839,pos,0 days 01:24:25.638000,0 days 02:20:02.246000
2024-05-19 14:27:42.393,OnTrack,-13142,-7394,839,pos,0 days 01:24:25.799000,0 days 02:20:02.407000
2024-05-19 14:27:42.731,OnTrack,-13097,-7596,841,pos,0 days 01:24:26.137000,0 days 02:20:02.745000
2024-05-19 14:27:42.952,OnTrack,-13068,-7717,842,pos,0 days 01:24:26.358000,0 days 02:20:02.966000
2024-05-19 14:27:43.112,OnTrack,-13050,-7798,842,pos,0 days 01:24:26.518000,0 days 02:20:03.126000
2024-05-19 14:27:43.271,OnTrack,-13034,-7875,843,pos,0 days 01:24:26.677000,0 days 02:20:03.285000
2024-05-19 14:27:43.472,OnTrack,-13024,-7967,843,pos,0 days 01:24:26.878000,0 days 02:20:03.486000
2024-05-19 14:27:43.752,OnTrack,-13057,-8142,845,pos,0 days 01:24:27.158000,0 days 02:20:03.766000
2024-05-19 14:27:44.012,OnTrack,-13084,-8187,845,pos,0 days 01:24:27.418000,0 days 02:20:04.026000
2024-05-19 14:27:44.252,OnTrack,-13157,-8270,846,pos,0 days 01:24:27.658000,0 days 02:20:04.266000
2024-05-19 14:27:44.532,OnTrack,-13259,-8359,847,pos,0 days 01:24:27.938000,0 days 02:20:04.546000
2024-05-19 14:27:44.732,OnTrack,-13330,-8422,849,pos,0 days 01:24:28.138000,0 days 02:20:04.746000
2024-05-19 14:27:44.992,OnTrack,-13459,-8531,850,pos,0 days 01:24:28.398000,0 days 02:20:05.006000
2024-05-19 14:27:45.332,OnTrack,-13563,-8618,851,pos,0 days 01:24:28.738000,0 days 02:20:05.346000
2024-05-19 14:27:45.592,OnTrack,-13730,-8761,854,pos,0 days 01:24:28.998000,0 days 02:20:05.606000
2024-05-19 14:27:46.012,OnTrack,-13855,-8865,856,pos,0 days 01:24:29.418000,0 days 02:20:06.026000
2024-05-19 14:27:46.172,OnTrack,-13927,-8925,858,pos,0 days 01:24:29.578000,0 days 02:20:06.186000
2024-05-19 14:27:46.432,OnTrack,-14035,-9023,861,pos,0 days 01:24:29.838000,0 days 02:20:06.446000
2024-05-19 14:27:46.472,OnTrack,-14052,-9039,861,pos,0 days 01:24:29.878000,0 days 02:20:06.486000
2024-05-19 14:27:46.712,OnTrack,-14160,-9144,865,pos,0 days 01:24:30.118000,0 days 02:20:06.726000
2024-05-19 14:27:47.012,OnTrack,-14294,-9278,871,pos,0 days 01:24:30.418000,0 days 02:20:07.026000
2024-05-19 14:27:47.233,OnTrack,-14439,-9422,877,pos,0 days 01:24:30.639000,0 days 02:20:07.247000
2024-05-19 14:27:47.672,OnTrack,-14588,-9560,884,pos,0 days 01:24:31.078000,0 days 02:20:07.686000
2024-05-19 14:27:47.872,OnTrack,-14663,-9632,887,pos,0 days 01:24:31.278000,0 days 02:20:07.886000
2024-05-19 14:27:48.073,OnTrack,-14732,-9701,891,pos,0 days 01:24:31.479000,0 days 02:20:08.087000
2024-05-19 14:27:48.232,OnTrack,-14778,-9752,893,pos,0 days 01:24:31.638000,0 days 02:20:08.246000
2024-05-19 14:27:48.333,OnTrack,-14804,-9783,895,pos,0 days 01:24:31.739000,0 days 02:20:08.347000
2024-05-19 14:27:48.573,OnTrack,-14855,-9858,898,pos,0 days 01:24:31.979000,0 days 02:20:08.587000
2024-05-19 14:27:48.732,OnTrack,-14881,-9908,899,pos,0 days 01:24:32.138000,0 days 02:20:08.746000
2024-05-19 14:27:48.952,OnTrack,-14905,-9977,901,pos,0 days 01:24:32.358000,0 days 02:20:08.966000
2024-05-19 14:27:49.251,OnTrack,-14915,-10071,905,pos,0 days 01:24:32.657000,0 days 02:20:09.265000
2024-05-19 14:27:49.531,OnTrack,-14896,-10164,910,pos,0 days 01:24:32.937000,0 days 02:20:09.545000
2024-05-19 14:27:49.932,OnTrack,-14841,-10255,914,pos,0 days 01:24:33.338000,0 days 02:20:09.946000
2024-05-19 14:27:50.131,OnTrack,-14771,-10316,920,pos,0 days 01:24:33.537000,0 days 02:20:10.145000
2024-05-19 14:27:50.452,OnTrack,-14730,-10341,922,pos,0 days 01:24:33.858000,0 days 02:20:10.466000
2024-05-19 14:27:50.712,OnTrack,-14669,-10367,925,pos,0 days 01:24:34.118000,0 days 02:20:10.726000
2024-05-19 14:27:50.872,OnTrack,-14629,-10378,927,pos,0 days 01:24:34.278000,0 days 02:20:10.886000
2024-05-19 14:27:51.052,OnTrack,-14583,-10387,929,pos,0 days 01:24:34.458000,0 days 02:20:11.066000
2024-05-19 14:27:51.412,OnTrack,-14485,-10395,935,pos,0 days 01:24:34.818000,0 days 02:20:11.426000
2024-05-19 14:27:51.652,OnTrack,-14392,-10392,939,pos,0 days 01:24:35.058000,0 days 02:20:11.666000
2024-05-19 14:27:52.053,OnTrack,-14311,-10384,943,pos,0 days 01:24:35.459000,0 days 02:20:12.067000
2024-05-19 14:27:52.353,OnTrack,-14237,-10374,946,pos,0 days 01:24:35.759000,0 days 02:20:12.367000
2024-05-19 14:27:52.552,OnTrack,-14162,-10362,950,pos,0 days 01:24:35.958000,0 days 02:20:12.566000
2024-05-19 14:27:52.832,OnTrack,-14004,-10332,957,pos,0 days 01:24:36.238000,0 days 02:20:12.846000
2024-05-19 14:27:53.232,OnTrack,-13869,-10305,963,pos,0 days 01:24:36.638000,0 days 02:20:13.246000
2024-05-19 14:27:53.492,OnTrack,-13743,-10279,968,pos,0 days 01:24:36.898000,0 days 02:20:13.506000
2024-05-19 14:27:53.532,OnTrack,-13723,-10275,969,pos,0 days 01:24:36.938000,0 days 02:20:13.546000
2024-05-19 14:27:53.792,OnTrack,-13588,-10248,975,pos,0 days 01:24:37.198000,0 days 02:20:13.806000
2024-05-19 14:27:53.993,OnTrack,-13480,-10228,980,pos,0 days 01:24:37.399000,0 days 02:20:14.007000
2024-05-19 14:27:54.273,OnTrack,-13322,-10200,986,pos,0 days 01:24:37.679000,0 days 02:20:14.287000
2024-05-19 14:27:54.492,OnTrack,-13194,-10177,990,pos,0 days 01:24:37.898000,0 days 02:20:14.506000
2024-05-19 14:27:54.613,OnTrack,-13122,-10164,992,pos,0 days 01:24:38.019000,0 days 02:20:14.627000
2024-05-19 14:27:54.773,OnTrack,-13025,-10148,996,pos,0 days 01:24:38.179000,0 days 02:20:14.787000
2024-05-19 14:27:55.053,OnTrack,-12761,-10107,1004,pos,0 days 01:24:38.459000,0 days 02:20:15.067000
2024-05-19 14:27:55.512,OnTrack,-12551,-10075,1011,pos,0 days 01:24:38.918000,0 days 02:20:15.526000
2024-05-19 14:27:55.673,OnTrack,-12444,-10060,1015,pos,0 days 01:24:39.079000,0 days 02:20:15.687000
2024-05-19 14:27:55.831,OnTrack,-12335,-10045,1019,pos,0 days 01:24:39.237000,0 days 02:20:15.845000
2024-05-19 14:27:56.071,OnTrack,-12086,-10010,1033,pos,0 days 01:24:39.477000,0 days 02:20:16.085000
2024-05-19 14:27:56.592,OnTrack,-11727,-9965,1057,pos,0 days 01:24:39.998000,0 days 02:20:16.606000
2024-05-19 14:27:56.952,OnTrack,-11451,-9937,1075,pos,0 days 01:24:40.358000,0 days 02:20:16.966000
2024-05-19 14:27:57.332,OnTrack,-11245,-9923,1088,pos,0 days 01:24:40.738000,0 days 02:20:17.346000
2024-05-19 14:27:57.572,OnTrack,-11066,-9918,1099,pos,0 days 01:24:40.978000,0 days 02:20:17.586000
2024-05-19 14:27:57.832,OnTrack,-10810,-9920,1112,pos,0 days 01:24:41.238000,0 days 02:20:17.846000
2024-05-19 14:27:58.252,OnTrack,-10554,-9935,1121,pos,0 days 01:24:41.658000,0 days 02:20:18.266000
2024-05-19 14:27:58.452,OnTrack,-10403,-9949,1122,pos,0 days 01:24:41.858000,0 days 02:20:18.466000
2024-05-19 14:27:58.492,OnTrack,-10373,-9952,1122,pos,0 days 01:24:41.898000,0 days 02:20:18.506000
2024-05-19 14:27:58.832,OnTrack,-10010,-9994,1120,pos,0 days 01:24:42.238000,0 days 02:20:18.846000
2024-05-19 14:27:59.153,OnTrack,-9874,-10009,1119,pos,0 days 01:24:42.559000,0 days 02:20:19.167000
2024-05-19 14:27:59.372,OnTrack,-9708,-10029,1118,pos,0 days 01:24:42.778000,0 days 02:20:19.386000
2024-05-19 14:27:59.572,OnTrack,-9557,-10045,1117,pos,0 days 01:24:42.978000,0 days 02:20:19.586000
2024-05-19 14:27:59.792,OnTrack,-9397,-10061,1115,pos,0 days 01:24:43.198000,0 days 02:20:19.806000
2024-05-19 14:28:00.013,OnTrack,-9171,-10070,1114,pos,0 days 01:24:43.419000,0 days 02:20:20.027000
2024-05-19 14:28:00.432,OnTrack,-9011,-10051,1114,pos,0 days 01:24:43.838000,0 days 02:20:20.446000
2024-05-19 14:28:00.612,OnTrack,-8915,-10021,1114,pos,0 days 01:24:44.018000,0 days 02:20:20.626000
2024-05-19 14:28:00.773,OnTrack,-8835,-9982,1114,pos,0 days 01:24:44.179000,0 days 02:20:20.787000
2024-05-19 14:28:01.053,OnTrack,-8713,-9890,1110,pos,0 days 01:24:44.459000,0 days 02:20:21.067000
2024-05-19 14:28:01.272,OnTrack,-8634,-9797,1107,pos,0 days 01:24:44.678000,0 days 02:20:21.286000
2024-05-19 14:28:01.512,OnTrack,-8561,-9676,1103,pos,0 days 01:24:44.918000,0 days 02:20:21.526000
2024-05-19 14:28:01.732,OnTrack,-8474,-9507,1097,pos,0 days 01:24:45.138000,0 days 02:20:21.746000
2024-05-19 14:28:02.173,OnTrack,-8353,-9240,1088,pos,0 days 01:24:45.579000,0 days 02:20:22.187000
2024-05-19 14:28:02.452,OnTrack,-8323,-9157,1086,pos,0 days 01:24:45.858000,0 days 02:20:22.466000
2024-05-19 14:28:02.772,OnTrack,-8255,-8866,1074,pos,0 days 01:24:46.178000,0 days 02:20:22.786000
2024-05-19 14:28:03.151,OnTrack,-8237,-8610,1060,pos,0 days 01:24:46.557000,0 days 02:20:23.165000
2024-05-19 14:28:03.592,OnTrack,-8246,-8401,1047,pos,0 days 01:24:46.998000,0 days 02:20:23.606000
2024-05-19 14:28:03.731,OnTrack,-8269,-8202,1030,pos,0 days 01:24:47.137000,0 days 02:20:23.745000
2024-05-19 14:28:04.052,OnTrack,-8289,-8074,1017,pos,0 days 01:24:47.458000,0 days 02:20:24.066000
2024-05-19 14:28:04.332,OnTrack,-8327,-7872,999,pos,0 days 01:24:47.738000,0 days 02:20:24.346000
2024-05-19 14:28:04.652,OnTrack,-8379,-7640,982,pos,0 days 01:24:48.058000,0 days 02:20:24.666000
2024-05-19 14:28:04.712,OnTrack,-8389,-7596,978,pos,0 days 01:24:48.118000,0 days 02:20:24.726000
2024-05-19 14:28:04.892,OnTrack,-8420,-7463,969,pos,0 days 01:24:48.298000,0 days 02:20:24.906000
2024-05-19 14:28:05.172,OnTrack,-8467,-7256,957,pos,0 days 01:24:48.578000,0 days 02:20:25.186000
2024-05-19 14:28:05.352,OnTrack,-8498,-7121,950,pos,0 days 01:24:48.758000,0 days 02:20:25.366000
2024-05-19 14:28:05.673,OnTrack,-8569,-6807,934,pos,0 days 01:24:49.079000,0 days 02:20:25.687000
2024-05-19 14:28:06.092,OnTrack,-8630,-6522,919,pos,0 days 01:24:49.498000,0 days 02:20:26.106000
2024-05-19 14:28:06.352,OnTrack,-8649,-6391,913,pos,0 days 01:24:49.758000,0 days 02:20:26.366000
2024-05-19 14:28:06.652,OnTrack,-8645,-6191,904,pos,0 days 01:24:50.058000,0 days 02:20:26.666000
2024-05-19 14:28:06.852,OnTrack,-8609,-6054,900,pos,0 days 01:24:50.258000,0 days 02:20:26.866000
2024-05-19 14:28:07.112,OnTrack,-8511,-5837,897,pos,0 days 01:24:50.518000,0 days 02:20:27.126000
2024-05-19 14:28:07.512,OnTrack,-8387,-5622,897,pos,0 days 01:24:50.918000,0 days 02:20:27.526000
2024-05-19 14:28:07.913,OnTrack,-8309,-5506,899,pos,0 days 01:24:51.319000,0 days 02:20:27.927000
2024-05-19 14:28:08.153,OnTrack,-8232,-5419,903,pos,0 days 01:24:51.559000,0 days 02:20:28.167000
2024-05-19 14:28:08.413,OnTrack,-8168,-5370,904,pos,0 days 01:24:51.819000,0 days 02:20:28.427000
2024-05-19 14:28:08.653,OnTrack,-8092,-5337,908,pos,0 days 01:24:52.059000,0 days 02:20:28.667000
2024-05-19 14:28:08.852,OnTrack,-8025,-5325,911,pos,0 days 01:24:52.258000,0 days 02:20:28.866000
2024-05-19 14:28:09.111,OnTrack,-7894,-5340,921,pos,0 days 01:24:52.517000,0 days 02:20:29.125000
2024-05-19 14:28:09.552,OnTrack,-7788,-5367,931,pos,0 days 01:24:52.958000,0 days 02:20:29.566000
2024-05-19 14:28:09.792,OnTrack,-7707,-5389,939,pos,0 days 01:24:53.198000,0 days 02:20:29.806000
2024-05-19 14:28:09.991,OnTrack,-7621,-5409,947,pos,0 days 01:24:53.397000,0 days 02:20:30.005000
2024-05-19 14:28:10.372,OnTrack,-7490,-5429,959,pos,0 days 01:24:53.778000,0 days 02:20:30.386000
2024-05-19 14:28:10.531,OnTrack,-7423,-5436,965,pos,0 days 01:24:53.937000,0 days 02:20:30.545000
2024-05-19 14:28:10.772,OnTrack,-7318,-5441,974,pos,0 days 01:24:54.178000,0 days 02:20:30.786000
2024-05-19 14:28:10.932,OnTrack,-7177,-5443,985,pos,0 days 01:24:54.338000,0 days 02:20:30.946000
2024-05-19 14:28:11.272,OnTrack,-7078,-5443,993,pos,0 days 01:24:54.678000,0 days 02:20:31.286000
2024-05-19 14:28:11.572,OnTrack,-6924,-5441,1003,pos,0 days 01:24:54.978000,0 days 02:20:31.586000
2024-05-19 14:28:11.732,OnTrack,-6838,-5440,1008,pos,0 days 01:24:55.138000,0 days 02:20:31.746000
2024-05-19 14:28:12.012,OnTrack,-6602,-5438,1020,pos,0 days 01:24:55.418000,0 days 02:20:32.026000
2024-05-19 14:28:12.312,OnTrack,-6507,-5438,1024,pos,0 days 01:24:55.718000,0 days 02:20:32.326000
2024-05-19 14:28:12.512,OnTrack,-6387,-5437,1028,pos,0 days 01:24:55.918000,0 days 02:20:32.526000
2024-05-19 14:28:12.733,OnTrack,-6250,-5435,1033,pos,0 days 01:24:56.139000,0 days 02:20:32.747000
2024-05-19 14:28:13.073,OnTrack,-5968,-5433,1040,pos,0 days 01:24:56.479000,0 days 02:20:33.087000
2024-05-19 14:28:13.472,OnTrack,-5768,-5432,1046,pos,0 days 01:24:56.878000,0 days 02:20:33.486000
2024-05-19 14:28:13.752,OnTrack,-5577,-5430,1051,pos,0 days 01:24:57.158000,0 days 02:20:33.766000
2024-05-19 14:28:13.833,OnTrack,-5522,-5429,1053,pos,0 days 01:24:57.239000,0 days 02:20:33.847000
2024-05-19 14:28:14.173,OnTrack,-5211,-5422,1062,pos,0 days 01:24:57.579000,0 days 02:20:34.187000
2024-05-19 14:28:14.492,OnTrack,-5054,-5412,1067,pos,0 days 01:24:57.898000,0 days 02:20:34.506000
2024-05-19 14:28:14.773,OnTrack,-4857,-5395,1072,pos,0 days 01:24:58.179000,0 days 02:20:34.787000
2024-05-19 14:28:14.953,OnTrack,-4726,-5383,1076,pos,0 days 01:24:58.359000,0 days 02:20:34.967000
2024-05-19 14:28:15.112,OnTrack,-4519,-5365,1080,pos,0 days 01:24:58.518000,0 days 02:20:35.126000
2024-05-19 14:28:15.592,OnTrack,-4203,-5339,1083,pos,0 days 01:24:58.998000,0 days 02:20:35.606000
2024-05-19 14:28:15.931,OnTrack,-3998,-5322,1085,pos,0 days 01:24:59.337000,0 days 02:20:35.945000
2024-05-19 14:28:16.211,OnTrack,-3745,-5301,1087,pos,0 days 01:24:59.617000,0 days 02:20:36.225000
2024-05-19 14:28:16.452,OnTrack,-3678,-5296,1087,pos,0 days 01:24:59.858000,0 days 02:20:36.466000
2024-05-19 14:28:16.692,OnTrack,-3557,-5286,1087,pos,0 days 01:25:00.098000,0 days 02:20:36.706000
2024-05-19 14:28:16.872,OnTrack,-3475,-5280,1087,pos,0 days 01:25:00.278000,0 days 02:20:36.886000
2024-05-19 14:28:17.112,OnTrack,-3374,-5274,1089,pos,0 days 01:25:00.518000,0 days 02:20:37.126000
2024-05-19 14:28:17.432,OnTrack,-3235,-5277,1091,pos,0 days 01:25:00.838000,0 days 02:20:37.446000
2024-05-19 14:28:17.832,OnTrack,-3128,-5329,1094,pos,0 days 01:25:01.238000,0 days 02:20:37.846000
2024-05-19 14:28:18.192,OnTrack,-3035,-5425,1096,pos,0 days 01:25:01.598000,0 days 02:20:38.206000
2024-05-19 14:28:18.532,OnTrack,-2983,-5478,1096,pos,0 days 01:25:01.938000,0 days 02:20:38.546000
2024-05-19 14:28:18.712,OnTrack,-2942,-5511,1096,pos,0 days 01:25:02.118000,0 days 02:20:38.726000
2024-05-19 14:28:18.993,OnTrack,-2837,-5558,1095,pos,0 days 01:25:02.399000,0 days 02:20:39.007000
2024-05-19 14:28:19.492,OnTrack,-2742,-5558,1093,pos,0 days 01:25:02.898000,0 days 02:20:39.506000
2024-05-19 14:28:19.672,OnTrack,-2692,-5548,1092,pos,0 days 01:25:03.078000,0 days 02:20:39.686000
2024-05-19 14:28:19.853,OnTrack,-2643,-5534,1091,pos,0 days 01:25:03.259000,0 days 02:20:39.867000
2024-05-19 14:28:20.093,OnTrack,-2577,-5513,1090,pos,0 days 01:25:03.499000,0 days 02:20:40.107000
2024-05-19 14:28:20.252,OnTrack,-2492,-5481,1088,pos,0 days 01:25:03.658000,0 days 02:20:40.266000
2024-05-19 14:28:20.673,OnTrack,-2406,-5444,1086,pos,0 days 01:25:04.079000,0 days 02:20:40.687000
2024-05-19 14:28:20.913,OnTrack,-2328,-5407,1084,pos,0 days 01:25:04.319000,0 days 02:20:40.927000
2024-05-19 14:28:21.132,OnTrack,-2252,-5368,1082,pos,0 days 01:25:04.538000,0 days 02:20:41.146000
2024-05-19 14:28:21.372,OnTrack,-2121,-5300,1079,pos,0 days 01:25:04.778000,0 days 02:20:41.386000
2024-05-19 14:28:21.733,OnTrack,-1981,-5226,1076,pos,0 days 01:25:05.139000,0 days 02:20:41.747000
2024-05-19 14:28:22.013,OnTrack,-1890,-5178,1074,pos,0 days 01:25:05.419000,0 days 02:20:42.027000
2024-05-19 14:28:22.272,OnTrack,-1767,-5114,1072,pos,0 days 01:25:05.678000,0 days 02:20:42.286000
2024-05-19 14:28:22.532,OnTrack,-1637,-5048,1069,pos,0 days 01:25:05.938000,0 days 02:20:42.546000
2024-05-19 14:28:22.771,OnTrack,-1427,-4949,1065,pos,0 days 01:25:06.177000,0 days 02:20:42.785000
2024-05-19 14:28:23.112,OnTrack,-1316,-4899,1063,pos,0 days 01:25:06.518000,0 days 02:20:43.126000
2024-05-19 14:28:23.311,OnTrack,-1201,-4846,1061,pos,0 days 01:25:06.717000,0 days 02:20:43.325000
2024-05-19 14:28:23.492,OnTrack,-1098,-4794,1059,pos,0 days 01:25:06.898000,0 days 02:20:43.506000
2024-05-19 14:28:23.812,OnTrack,-914,-4691,1055,pos,0 days 01:25:07.218000,0 days 02:20:43.826000
2024-05-19 14:28:24.052,OnTrack,-778,-4604,1052,pos,0 days 01:25:07.458000,0 days 02:20:44.066000
2024-05-19 14:28:24.192,OnTrack,-629,-4502,1047,pos,0 days 01:25:07.598000,0 days 02:20:44.206000
2024-05-19 14:28:24.532,OnTrack,-504,-4412,1043,pos,0 days 01:25:07.938000,0 days 02:20:44.546000
2024-05-19 14:28:24.732,OnTrack,-389,-4327,1040,pos,0 days 01:25:08.138000,0 days 02:20:44.746000
2024-05-19 14:28:24.932,OnTrack,-274,-4238,1036,pos,0 days 01:25:08.338000,0 days 02:20:44.946000
2024-05-19 14:28:25.192,OnTrack,-49,-4049,1030,pos,0 days 01:25:08.598000,0 days 02:20:45.206000
2024-05-19 14:28:25.672,OnTrack,232,-3776,1023,pos,0 days 01:25:09.078000,0 days 02:20:45.686000
2024-05-19 14:28:26.012,OnTrack,346,-3652,1019,pos,0 days 01:25:09.418000,0 days 02:20:46.026000
2024-05-19 14:28:26.332,OnTrack,574,-3399,1008,pos,0 days 01:25:09.738000,0 days 02:20:46.346000
2024-05-19 14:28:26.732,OnTrack,721,-3236,1000,pos,0 days 01:25:10.138000,0 days 02:20:46.746000
2024-05-19 14:28:26.933,OnTrack,827,-3118,993,pos,0 days 01:25:10.339000,0 days 02:20:46.947000
2024-05-19 14:28:27.012,OnTrack,870,-3071,990,pos,0 days 01:25:10.418000,0 days 02:20:47.026000
2024-05-19 14:28:27.233,OnTrack,988,-2941,980,pos,0 days 01:25:10.639000,0 days 02:20:47.247000
2024-05-19 14:28:27.612,OnTrack,1193,-2714,963,pos,0 days 01:25:11.018000,0 days 02:20:47.626000
2024-05-19 14:28:27.773,OnTrack,1349,-2547,948,pos,0 days 01:25:11.179000,0 days 02:20:47.787000
2024-05-19 14:28:28.053,OnTrack,1440,-2456,941,pos,0 days 01:25:11.459000,0 days 02:20:48.067000
2024-05-19 14:28:28.373,OnTrack,1742,-2222,916,pos,0 days 01:25:11.779000,0 days 02:20:48.387000
2024-05-19 14:28:28.711,OnTrack,2005,-2092,895,pos,0 days 01:25:12.117000,0 days 02:20:48.725000
2024-05-19 14:28:29.092,OnTrack,2194,-2016,880,pos,0 days 01:25:12.498000,0 days 02:20:49.106000
2024-05-19 14:28:29.432,OnTrack,2502,-1892,857,pos,0 days 01:25:12.838000,0 days 02:20:49.446000
2024-05-19 14:28:29.831,OnTrack,2748,-1791,839,pos,0 days 01:25:13.237000,0 days 02:20:49.845000
2024-05-19 14:28:30.131,OnTrack,2827,-1759,833,pos,0 days 01:25:13.537000,0 days 02:20:50.145000
2024-05-19 14:28:30.391,OnTrack,2975,-1691,824,pos,0 days 01:25:13.797000,0 days 02:20:50.405000
2024-05-19 14:28:30.712,OnTrack,3047,-1646,819,pos,0 days 01:25:14.118000,0 days 02:20:50.726000
2024-05-19 14:28:31.092,OnTrack,3136,-1552,812,pos,0 days 01:25:14.498000,0 days 02:20:51.106000
2024-05-19 14:28:31.232,OnTrack,3174,-1469,809,pos,0 days 01:25:14.638000,0 days 02:20:51.246000
2024-05-19 14:28:31.652,OnTrack,3190,-1349,803,pos,0 days 01:25:15.058000,0 days 02:20:51.666000
2024-05-19 14:28:32.132,OnTrack,3171,-1220,799,pos,0 days 01:25:15.538000,0 days 02:20:52.146000
2024-05-19 14:28:32.472,OnTrack,3136,-1097,796,pos,0 days 01:25:15.878000,0 days 02:20:52.486000
2024-05-19 14:28:32.952,OnTrack,3089,-960,794,pos,0 days 01:25:16.358000,0 days 02:20:52.966000
2024-05-19 14:28:33.232,OnTrack,3057,-875,793,pos,0 days 01:25:16.638000,0 days 02:20:53.246000
2024-05-19 14:28:33.493,OnTrack,2991,-732,791,pos,0 days 01:25:16.899000,0 days 02:20:53.507000
2024-05-19 14:28:33.892,OnTrack,2930,-624,790,pos,0 days 01:25:17.298000,0 days 02:20:53.906000
2024-05-19 14:28:34.152,OnTrack,2864,-537,789,pos,0 days 01:25:17.558000,0 days 02:20:54.166000
2024-05-19 14:28:34.253,OnTrack,2836,-507,789,pos,0 days 01:25:17.659000,0 days 02:20:54.267000
2024-05-19 14:28:34.492,OnTrack,2763,-448,788,pos,0 days 01:25:17.898000,0 days 02:20:54.506000
2024-05-19 14:28:34.772,OnTrack,2624,-385,787,pos,0 days 01:25:18.178000,0 days 02:20:54.786000
2024-05-19 14:28:35.053,OnTrack,2567,-372,786,pos,0 days 01:25:18.459000,0 days 02:20:55.067000
2024-05-19 14:28:35.332,OnTrack,2464,-360,786,pos,0 days 01:25:18.738000,0 days 02:20:55.346000
2024-05-19 14:28:35.571,OnTrack,2376,-361,786,pos,0 days 01:25:18.977000,0 days 02:20:55.585000
2024-05-19 14:28:35.732,OnTrack,2316,-366,785,pos,0 days 01:25:19.138000,0 days 02:20:55.746000
2024-05-19 14:28:36.032,OnTrack,2164,-403,783,pos,0 days 01:25:19.438000,0 days 02:20:56.046000
2024-05-19 14:28:36.292,OnTrack,2102,-427,783,pos,0 days 01:25:19.698000,0 days 02:20:56.306000
2024-05-19 14:28:36.572,OnTrack,1991,-476,781,pos,0 days 01:25:19.978000,0 days 02:20:56.586000
2024-05-19 14:28:36.732,OnTrack,1925,-507,781,pos,0 days 01:25:20.138000,0 days 02:20:56.746000
2024-05-19 14:28:37.032,OnTrack,1808,-562,780,pos,0 days 01:25:20.438000,0 days 02:20:57.046000
2024-05-19 14:28:37.272,OnTrack,1695,-613,779,pos,0 days 01:25:20.678000,0 days 02:20:57.286000
2024-05-19 14:28:37.432,OnTrack,1546,-681,778,pos,0 days 01:25:20.838000,0 days 02:20:57.446000
2024-05-19 14:28:37.852,OnTrack,1348,-770,778,pos,0 days 01:25:21.258000,0 days 02:20:57.866000
2024-05-19 14:28:38.192,OnTrack,1216,-830,778,pos,0 days 01:25:21.598000,0 days 02:20:58.206000
2024-05-19 14:28:38.472,OnTrack,1056,-902,778,pos,0 days 01:25:21.878000,0 days 02:20:58.486000
2024-05-19 14:28:38.692,OnTrack,928,-960,778,pos,0 days 01:25:22.098000,0 days 02:20:58.706000
2024-05-19 14:28:38.912,OnTrack,722,-1048,779,pos,0 days 01:25:22.318000,0 days 02:20:58.926000
2024-05-19 14:28:39.272,OnTrack,571,-1112,780,pos,0 days 01:25:22.678000,0 days 02:20:59.286000
2024-05-19 14:28:39.532,OnTrack,405,-1181,780,pos,0 days 01:25:22.938000,0 days 02:20:59.546000
2024-05-19 14:28:39.753,OnTrack,261,-1241,781,pos,0 days 01:25:23.159000,0 days 02:20:59.767000
2024-05-19 14:28:39.932,OnTrack,76,-1320,781,pos,0 days 01:25:23.338000,0 days 02:20:59.946000
2024-05-19 14:28:40.352,OnTrack,-139,-1406,781,pos,0 days 01:25:23.758000,0 days 02:21:00.366000
2024-05-19 14:28:40.533,OnTrack,-262,-1451,782,pos,0 days 01:25:23.939000,0 days 02:21:00.547000
2024-05-19 14:28:40.712,OnTrack,-390,-1491,782,pos,0 days 01:25:24.118000,0 days 02:21:00.726000
2024-05-19 14:28:40.952,OnTrack,-649,-1552,783,pos,0 days 01:25:24.358000,0 days 02:21:00.966000
2024-05-19 14:28:41.393,OnTrack,-898,-1580,783,pos,0 days 01:25:24.799000,0 days 02:21:01.407000
2024-05-19 14:28:41.492,OnTrack,-1010,-1586,784,pos,0 days 01:25:24.898000,0 days 02:21:01.506000
2024-05-19 14:28:41.693,OnTrack,-1168,-1591,784,pos,0 days 01:25:25.099000,0 days 02:21:01.707000
2024-05-19 14:28:41.912,OnTrack,-1440,-1601,785,pos,0 days 01:25:25.318000,0 days 02:21:01.926000
